8 1100
1 4 38 58 30 1 1 8 
9 2 49 53 58 0 4 9 
6 6 35 39 64 8 9 1 
0 3 26 38 80 3 3 6 
2 3 48 73 41 4 0 2 
3 9 28 80 72 1 4 8 
1 7 20 47 28 7 8 2 
5 3 18 38 16 5 5 7 
9 8 42 32 30 3 8 9 
3 8 50 43 18 1 3 9 
9 8 50 22 75 1 5 1 
0 0 0 25 33 5 4 5 
6 5 31 80 64 4 3 3 
0 0 26 29 58 0 1 8 
7 9 19 47 89 8 3 9 
6 4 9 84 31 3 1 1 
9 0 34 41 30 2 7 7 
0 4 18 54 39 0 4 7 
3 1 16 31 27 4 8 6 
8 8 21 77 34 8 3 9 
5 3 39 28 59 0 1 5 
9 2 47 58 31 2 7 4 
3 7 44 88 20 9 7 4 
9 9 12 34 77 3 1 1 
7 9 32 55 45 4 6 1 
4 0 41 60 19 8 6 4 
8 9 38 50 60 4 4 7 
3 5 33 61 24 1 7 3 
3 8 3 55 48 7 7 3 
6 3 24 46 18 2 4 4 
9 2 0 47 22 2 7 7 
1 8 34 52 68 0 0 2 
8 8 17 15 64 2 2 7 
4 2 57 49 32 3 8 4 
5 0 56 36 58 2 7 6 
1 6 41 57 87 0 6 9 
4 7 0 54 30 0 1 6 
9 8 38 24 28 1 6 3 
0 1 44 37 82 4 3 8 
9 0 66 45 47 1 3 6 
0 9 26 39 51 0 4 7 
7 6 45 36 50 4 1 1 
8 4 14 58 44 9 0 8 
4 8 55 49 73 9 9 4 
0 3 57 66 53 0 5 4 
8 6 43 49 33 7 8 8 
6 9 66 91 35 9 6 1 
8 3 0 35 64 4 3 0 
1 4 42 45 40 6 6 6 
4 9 65 52 36 2 9 5 
3 3 35 46 87 7 4 1 
4 5 25 35 12 1 5 8 
5 4 22 25 52 0 1 2 
6 8 53 65 12 8 9 2 
8 4 20 71 24 6 3 7 
1 5 0 60 21 4 2 0 
5 7 19 72 91 7 7 6 
2 5 7 66 20 1 5 9 
8 9 46 62 76 3 0 3 
7 0 12 46 65 0 7 3 
5 6 62 2 55 0 9 3 
6 1 14 86 82 3 4 9 
7 0 3 53 66 0 5 3 
3 2 17 21 40 0 5 7 
8 5 43 54 44 5 6 7 
0 5 61 31 41 5 7 0 
2 3 17 38 34 2 2 1 
6 7 37 51 57 5 2 1 
2 8 8 38 51 3 4 1 
6 4 47 73 78 6 4 3 
9 4 41 46 45 1 4 2 
8 3 0 100 26 8 9 9 
0 5 51 49 37 8 7 6 
5 9 29 69 27 4 4 0 
9 4 41 49 28 4 9 6 
4 4 6 49 45 0 2 4 
0 7 61 74 56 8 5 2 
8 6 35 66 65 0 4 5 
0 9 35 46 51 3 9 7 
6 7 3 60 36 0 6 2 
0 9 18 46 62 6 7 0 
6 1 0 63 31 9 6 4 
4 4 58 97 29 6 1 4 
5 5 47 25 41 0 1 2 
1 7 29 31 8 8 6 3 
8 1 81 41 66 1 4 9 
3 8 38 34 18 5 3 5 
8 5 38 80 60 3 1 2 
0 4 47 16 65 4 3 0 
7 5 53 78 83 4 6 9 
7 9 33 52 44 4 5 3 
6 5 53 17 47 4 7 0 
0 0 25 71 75 1 7 2 
0 5 55 43 34 2 1 7 
8 4 27 100 39 6 7 3 
2 4 0 47 31 7 4 9 
7 7 44 65 75 1 8 3 
6 0 34 36 54 8 5 8 
7 0 25 38 32 1 9 3 
3 7 0 89 46 8 4 6 
4 0 21 45 45 7 6 1 
9 6 42 55 69 9 1 2 
8 9 28 74 49 7 0 7 
7 9 36 37 54 3 0 6 
1 8 37 61 7 1 9 6 
3 3 20 37 46 4 7 6 
9 8 41 42 85 8 7 7 
2 3 6 43 47 4 2 4 
7 1 30 61 41 6 3 7 
5 4 22 3 36 0 4 0 
6 7 29 71 31 8 2 8 
8 1 15 33 20 0 3 8 
5 7 36 48 34 5 9 6 
2 3 33 57 39 7 5 9 
4 9 21 78 21 2 1 8 
0 4 37 40 68 4 9 7 
5 9 34 53 66 7 4 4 
6 6 31 41 19 1 7 2 
5 5 38 70 22 0 2 0 
4 1 0 42 40 5 8 4 
7 3 0 60 70 6 6 3 
7 6 34 77 56 0 4 9 
9 6 3 48 28 5 1 2 
7 9 30 6 39 3 0 7 
8 3 58 56 51 7 5 3 
7 8 34 53 61 5 8 2 
1 5 9 56 32 0 2 5 
2 3 0 44 40 8 4 7 
4 3 4 57 20 5 9 3 
8 9 28 67 38 7 7 9 
9 1 22 47 30 4 9 0 
9 9 1 28 47 2 6 6 
1 0 29 37 48 9 6 4 
5 5 0 79 43 1 6 4 
4 1 45 63 58 0 6 3 
1 0 52 48 65 2 5 7 
1 1 50 51 52 5 6 5 
9 8 13 72 24 4 0 7 
3 5 0 29 56 8 1 1 
9 1 19 64 11 6 9 1 
1 7 23 76 35 1 3 1 
9 3 25 66 51 9 4 5 
1 1 22 44 54 3 7 3 
8 9 39 73 46 2 4 8 
0 5 13 60 45 7 3 9 
7 7 42 118 67 9 9 0 
2 0 43 22 72 4 8 5 
0 0 66 53 51 8 9 9 
6 2 26 61 89 0 3 5 
3 7 9 71 60 6 9 5 
4 1 12 86 43 3 9 8 
8 2 0 35 37 4 3 7 
0 9 29 64 37 8 7 8 
4 4 12 16 54 1 2 6 
7 9 40 54 37 3 2 3 
0 4 21 73 86 1 4 5 
4 5 38 48 62 7 2 2 
6 9 23 40 72 8 1 2 
3 5 14 43 47 8 8 8 
8 1 38 71 54 9 9 0 
8 1 25 0 23 7 2 5 
5 0 51 74 23 2 7 5 
5 7 29 39 13 1 1 1 
5 3 23 30 53 5 5 9 
5 8 47 41 52 3 3 5 
5 5 9 47 70 0 2 7 
7 2 25 20 45 2 7 7 
3 7 17 69 29 4 5 9 
9 5 44 51 63 6 0 5 
9 0 37 93 57 7 0 9 
7 7 6 60 48 8 7 8 
8 9 46 62 44 0 8 1 
8 3 37 41 49 4 5 7 
9 4 20 50 71 7 4 2 
5 5 46 56 51 1 7 0 
6 2 6 42 3 1 5 5 
8 2 19 85 43 2 9 8 
7 6 0 34 70 8 0 3 
7 7 0 23 57 1 4 1 
4 0 44 28 32 6 1 9 
7 9 11 30 52 8 1 4 
7 7 25 86 69 3 5 3 
1 4 29 67 68 2 7 0 
2 8 43 49 54 1 4 5 
8 7 24 57 59 1 3 4 
6 5 15 50 41 1 5 6 
4 9 56 40 64 7 9 1 
2 0 30 51 103 6 9 3 
1 2 19 46 79 9 4 2 
4 9 16 41 83 3 1 1 
8 7 43 38 44 8 1 6 
1 5 39 31 62 4 8 7 
3 7 13 49 28 4 9 3 
2 6 43 36 70 6 3 6 
1 2 30 21 67 4 7 6 
6 5 0 47 54 6 9 6 
7 0 23 51 56 8 2 0 
2 4 15 42 39 0 2 8 
8 5 57 24 79 1 6 3 
2 3 30 46 59 9 8 8 
6 2 39 34 55 0 3 9 
6 6 31 47 74 3 4 1 
7 2 44 74 51 1 3 7 
0 1 58 42 44 2 4 3 
7 2 18 66 24 3 1 0 
5 1 41 25 56 4 6 0 
3 0 28 44 67 8 6 1 
8 4 32 43 35 6 1 4 
3 5 31 23 72 0 4 2 
1 6 40 61 40 6 9 0 
0 9 30 23 83 9 8 1 
9 0 0 85 51 2 5 9 
3 2 14 28 50 4 2 0 
1 6 36 67 42 9 7 7 
5 8 51 67 69 5 5 2 
4 2 0 57 67 5 2 3 
3 5 0 65 44 0 8 8 
0 3 57 44 70 8 5 0 
0 2 23 23 57 0 1 3 
8 6 30 84 15 8 8 5 
8 1 55 44 5 2 1 2 
9 1 51 68 28 4 8 1 
5 0 42 56 96 5 5 0 
0 3 26 37 15 4 0 0 
0 3 7 95 57 9 4 4 
5 6 0 48 43 7 5 1 
7 7 42 42 81 9 9 5 
4 9 7 23 52 6 0 1 
8 0 47 55 13 8 3 2 
1 3 19 63 54 3 4 0 
7 8 43 83 45 5 9 6 
2 0 15 68 50 6 6 4 
9 7 1 42 82 5 4 8 
6 1 35 42 40 4 7 6 
5 7 20 51 20 7 6 3 
0 5 10 78 30 9 3 8 
9 4 41 60 71 4 7 9 
7 9 14 38 44 5 5 4 
4 3 0 49 62 8 7 6 
1 5 25 70 45 9 2 6 
7 5 0 45 80 4 0 1 
3 9 5 47 50 7 4 1 
9 4 80 33 65 2 8 9 
6 4 3 41 37 9 9 3 
1 8 38 35 38 3 3 1 
2 3 22 61 36 9 9 8 
4 6 27 56 74 9 1 6 
5 6 0 0 85 7 7 2 
6 7 23 43 18 0 9 5 
5 1 43 31 56 8 8 1 
1 7 18 72 81 7 4 3 
0 0 43 29 62 4 7 9 
5 8 58 70 29 1 7 3 
2 2 2 72 40 8 7 1 
3 9 8 41 55 7 1 3 
5 3 7 39 7 0 9 0 
9 7 36 61 44 0 7 1 
0 7 46 28 51 5 2 7 
6 5 18 65 61 6 3 1 
4 9 9 47 67 1 7 9 
0 0 24 69 41 6 4 6 
0 9 3 65 23 9 7 7 
6 8 0 71 0 9 9 9 
1 2 21 32 45 7 5 2 
0 8 32 79 21 1 1 4 
5 2 0 51 30 8 3 3 
0 3 62 16 47 2 4 7 
9 3 31 50 37 9 4 3 
8 4 27 35 0 2 5 4 
8 5 7 29 18 3 7 0 
1 5 40 60 8 5 5 6 
9 4 31 42 14 9 6 2 
2 6 35 40 55 5 3 0 
2 8 24 58 10 4 3 8 
9 1 6 3 69 0 2 3 
0 2 34 57 54 4 8 7 
4 2 15 46 35 2 0 0 
4 9 0 14 57 0 1 5 
5 5 72 21 16 6 3 1 
4 6 48 63 62 2 4 1 
9 0 3 29 36 8 9 2 
5 5 12 71 58 6 9 4 
9 6 0 32 10 8 9 1 
9 4 11 58 62 8 2 6 
5 4 34 58 83 7 3 1 
7 7 32 74 40 0 5 5 
7 1 24 40 43 9 8 9 
5 7 18 53 30 4 9 4 
5 1 47 65 20 5 6 3 
2 3 77 77 20 3 4 0 
9 6 18 46 52 4 2 9 
6 5 31 66 15 4 6 0 
9 8 41 91 94 5 7 0 
5 5 43 63 44 7 2 4 
1 7 38 51 33 5 7 8 
3 5 6 87 51 5 5 2 
9 9 0 74 42 6 3 7 
7 3 29 74 47 0 1 0 
1 8 33 68 36 5 6 5 
6 6 60 49 65 1 6 1 
9 5 42 65 51 6 6 2 
0 7 36 64 70 0 2 7 
3 6 31 76 69 1 3 3 
9 3 41 54 48 0 8 8 
9 7 30 41 60 9 9 0 
8 8 45 75 80 9 6 4 
2 2 42 50 40 3 5 5 
9 7 7 32 49 8 9 6 
3 6 45 53 46 4 9 1 
7 3 8 19 92 7 3 6 
6 1 27 74 0 9 1 5 
3 0 44 58 53 8 7 7 
2 3 39 61 74 2 6 6 
1 9 24 59 46 8 2 4 
3 3 63 39 61 7 4 0 
1 5 37 19 53 8 1 2 
9 3 18 39 78 6 2 8 
5 3 11 20 71 0 0 1 
2 8 23 54 73 4 0 2 
6 7 6 54 31 1 1 6 
7 5 18 42 45 7 6 7 
2 6 26 72 76 2 6 1 
7 6 14 26 46 6 2 8 
3 2 15 53 39 3 2 9 
0 1 18 65 13 7 2 4 
9 0 15 28 79 3 2 5 
5 4 0 38 66 1 0 1 
2 4 11 61 55 3 3 8 
7 1 0 76 43 3 1 4 
0 8 28 47 45 5 1 4 
8 0 26 42 22 0 8 3 
9 0 23 58 41 9 6 2 
2 0 21 46 17 7 6 4 
7 1 62 32 55 2 3 7 
7 6 45 65 70 6 2 7 
1 3 50 31 92 8 1 3 
4 3 67 52 84 5 0 3 
8 3 0 111 67 1 6 8 
4 7 83 70 33 3 5 7 
8 4 40 26 24 0 8 6 
0 4 43 37 61 8 9 0 
3 9 0 38 33 4 1 1 
9 3 24 57 86 6 1 8 
0 5 21 49 54 4 2 3 
7 9 40 47 0 5 0 7 
4 0 5 52 76 7 5 8 
3 6 52 16 8 9 2 2 
1 7 29 44 74 5 5 8 
3 8 31 19 44 2 9 0 
6 8 21 44 53 3 4 6 
8 4 46 57 55 1 2 2 
6 9 2 17 33 8 6 8 
6 7 19 30 22 8 2 4 
7 7 47 0 40 1 5 0 
5 2 38 13 64 3 4 7 
3 2 13 17 53 7 6 7 
4 0 48 53 33 3 4 1 
9 0 13 44 58 2 5 1 
6 4 32 54 94 2 4 4 
6 8 34 61 15 9 5 5 
4 2 43 66 54 9 8 9 
4 5 48 71 37 2 2 1 
5 2 30 51 19 7 5 3 
1 1 46 42 90 5 0 1 
9 1 1 27 71 9 4 7 
9 9 5 71 28 2 9 7 
1 4 0 42 74 2 8 1 
6 2 42 50 45 8 3 0 
8 4 42 44 54 0 3 1 
8 6 35 31 73 5 2 6 
9 7 16 51 33 7 7 2 
7 4 44 33 54 3 7 7 
5 1 43 35 44 3 1 1 
1 6 16 27 57 5 7 9 
4 9 73 44 48 5 3 8 
7 8 43 28 38 4 3 4 
3 1 23 59 52 4 2 5 
5 0 10 55 23 7 5 2 
9 5 14 57 41 0 6 8 
3 1 67 25 41 0 5 2 
1 8 61 67 55 3 2 1 
9 8 39 54 72 5 2 5 
0 0 48 49 30 0 1 2 
4 3 34 58 40 3 9 2 
5 6 25 48 34 5 5 3 
5 5 0 62 53 6 1 1 
8 7 48 37 35 4 8 4 
0 0 62 53 24 5 8 3 
3 4 11 34 63 8 0 0 
6 2 52 47 45 1 2 2 
2 1 0 87 66 4 0 9 
0 1 33 65 25 9 5 4 
8 5 12 39 34 3 5 1 
8 0 24 47 20 3 1 1 
3 8 20 64 24 2 3 3 
2 7 49 33 57 0 0 0 
9 6 11 29 59 3 8 8 
0 9 22 41 111 3 8 9 
4 5 60 20 76 8 2 9 
3 3 38 69 76 8 0 7 
5 0 35 41 53 1 1 7 
9 1 13 67 42 8 8 6 
7 0 0 31 45 6 1 9 
2 3 0 49 46 8 0 9 
0 7 9 13 72 1 7 5 
5 8 25 86 46 4 9 0 
0 7 19 58 53 0 6 2 
6 9 8 50 30 0 4 8 
9 9 22 78 52 0 9 7 
7 9 15 59 25 9 3 8 
6 5 38 60 75 5 1 9 
7 9 18 58 51 7 0 2 
9 0 9 45 24 2 0 8 
5 9 51 62 50 1 1 7 
4 0 22 46 41 6 1 4 
5 7 23 45 84 3 1 6 
9 7 44 29 42 8 3 2 
0 9 0 34 62 3 0 3 
9 0 35 67 62 5 7 5 
7 8 41 60 41 3 3 0 
8 2 46 65 57 9 6 7 
2 5 28 41 46 6 0 9 
7 3 39 72 24 3 1 7 
3 4 16 60 51 4 7 0 
8 7 29 51 40 8 3 0 
9 7 41 65 64 7 8 3 
3 1 15 41 46 3 1 0 
3 3 17 91 85 8 7 2 
2 8 14 38 61 8 4 3 
7 0 11 49 28 8 6 7 
6 1 57 15 27 0 7 6 
5 2 5 35 83 8 5 6 
3 0 40 50 64 8 0 7 
1 5 13 57 34 0 5 0 
2 6 51 34 42 3 9 8 
7 0 60 47 31 0 6 3 
1 9 29 61 56 0 8 6 
1 3 67 44 66 1 6 7 
6 0 29 61 20 4 7 2 
1 3 17 35 37 2 1 1 
3 5 36 74 43 8 8 2 
6 0 38 29 57 3 4 0 
4 5 24 17 71 6 8 3 
7 3 26 61 58 0 2 6 
1 9 47 21 64 3 7 6 
7 9 18 47 103 3 8 6 
1 7 22 73 48 2 1 1 
3 4 18 19 0 9 6 6 
1 0 14 38 36 0 3 9 
3 9 34 27 41 4 7 7 
5 9 67 68 70 6 9 2 
2 9 36 66 58 7 9 4 
5 6 34 46 44 4 5 4 
9 9 15 40 62 0 5 9 
9 4 25 104 24 2 1 6 
9 5 18 49 95 1 0 0 
0 5 25 27 70 3 0 7 
7 3 43 48 58 4 5 0 
7 1 7 60 53 7 0 1 
9 0 0 46 27 0 0 4 
0 3 11 35 75 5 5 5 
7 3 0 41 59 0 6 1 
9 1 45 31 47 0 4 8 
9 4 35 58 55 3 1 5 
5 2 40 39 67 5 2 5 
1 3 27 25 17 4 5 3 
9 2 8 11 42 8 4 4 
3 9 36 49 47 3 4 8 
2 4 10 31 57 8 2 3 
7 2 0 64 78 0 1 5 
4 2 53 57 37 4 6 1 
5 2 10 57 44 2 3 5 
7 0 28 7 57 5 6 7 
9 3 36 19 34 9 4 2 
0 5 54 72 27 1 4 9 
5 1 72 29 68 3 4 6 
4 3 0 18 39 5 2 1 
2 0 18 58 12 7 7 5 
3 6 6 52 38 4 8 8 
2 0 26 33 60 1 3 6 
9 1 41 43 44 0 1 7 
7 4 33 49 41 1 2 7 
3 4 12 20 55 2 0 4 
7 3 28 58 38 8 0 6 
6 3 0 57 66 2 9 1 
6 0 71 73 23 4 1 6 
7 9 62 69 75 7 5 8 
4 5 61 28 42 4 4 6 
2 7 19 63 32 1 8 8 
7 0 35 76 45 5 2 9 
6 1 35 46 35 7 1 9 
1 1 0 29 56 8 8 1 
9 9 7 19 36 0 9 3 
5 2 4 79 63 9 9 6 
0 3 13 121 40 4 6 0 
8 3 17 82 64 3 6 0 
5 7 15 57 56 2 7 0 
2 0 27 31 34 4 5 5 
0 5 31 10 46 5 2 8 
3 2 32 54 33 0 9 5 
1 9 10 18 55 5 2 8 
2 1 38 82 50 6 9 9 
9 5 50 59 39 9 5 5 
8 9 24 10 50 5 9 8 
2 3 36 38 24 0 6 0 
7 2 36 42 63 5 9 0 
7 4 42 91 72 1 2 2 
9 1 66 50 60 7 9 8 
6 5 42 57 39 2 4 7 
7 8 64 6 74 1 2 1 
1 2 52 79 11 6 8 3 
3 1 13 29 82 2 1 0 
4 3 0 85 26 1 4 6 
6 3 59 19 71 1 2 0 
0 1 42 20 34 5 7 5 
0 3 25 12 73 6 9 7 
3 1 5 21 31 7 3 3 
7 8 46 55 44 8 7 0 
7 8 35 30 66 4 0 1 
0 5 21 42 53 9 2 6 
0 2 25 28 59 7 7 4 
6 1 17 23 45 4 1 6 
8 3 13 64 47 4 5 8 
7 4 38 66 27 5 8 8 
3 4 7 23 54 4 3 4 
3 9 38 29 45 0 2 7 
8 6 41 68 51 4 9 0 
2 0 23 14 1 7 8 2 
2 2 68 50 65 8 3 0 
4 3 46 65 25 4 1 5 
3 0 23 59 54 9 4 2 
4 3 18 47 33 9 7 8 
5 4 20 61 37 1 7 1 
5 2 28 81 50 0 3 7 
0 1 12 29 39 9 1 5 
5 0 14 60 34 8 9 6 
2 9 35 55 64 1 2 9 
8 9 35 76 46 3 7 7 
1 8 12 24 58 1 7 7 
6 5 0 19 25 0 3 3 
7 9 1 65 35 8 9 9 
5 0 42 70 41 0 1 0 
8 4 26 57 27 7 1 9 
2 7 51 49 74 0 1 1 
0 3 31 38 46 4 3 4 
6 6 34 92 35 0 1 0 
0 3 17 21 111 5 3 2 
8 0 1 42 51 8 0 7 
0 3 0 32 44 9 7 3 
6 9 14 44 44 8 6 9 
3 2 87 26 51 0 5 4 
4 9 34 36 78 8 2 7 
6 4 53 77 29 5 5 9 
6 6 34 30 46 5 3 6 
4 6 44 69 0 8 9 9 
9 0 13 76 53 8 1 2 
7 6 28 68 55 6 5 5 
2 5 56 91 8 3 3 0 
8 3 12 2 60 9 3 0 
5 0 16 38 69 3 2 0 
6 6 33 52 33 3 7 2 
2 7 39 28 56 2 7 9 
4 4 42 10 53 3 3 2 
1 5 34 47 46 4 1 5 
7 2 74 48 16 2 6 5 
8 5 36 72 35 0 2 2 
5 7 28 46 28 2 9 7 
5 1 36 49 41 3 4 8 
1 3 43 42 63 1 2 2 
7 6 80 46 25 9 4 1 
8 0 24 78 54 7 7 2 
1 7 28 18 34 6 8 4 
5 7 35 69 61 7 6 6 
8 3 46 56 73 0 1 1 
9 4 8 25 32 7 4 9 
7 1 37 64 39 6 2 6 
7 2 0 32 43 0 4 3 
4 5 49 53 33 5 8 7 
0 0 33 72 60 6 4 6 
2 2 46 78 64 3 3 3 
9 8 36 79 53 3 2 9 
5 3 16 86 58 1 0 9 
5 0 26 10 47 3 0 1 
7 3 54 92 74 5 4 7 
1 2 11 75 72 4 5 5 
1 7 45 45 75 1 9 1 
5 2 27 51 64 2 9 8 
3 0 23 64 71 1 5 2 
4 9 31 58 46 7 8 9 
5 8 20 81 73 5 7 6 
1 8 28 52 44 7 5 3 
1 3 46 63 77 6 1 2 
7 1 0 30 39 8 8 9 
4 7 7 46 40 0 7 5 
9 9 48 43 52 1 3 4 
5 6 26 75 48 4 3 8 
3 1 28 30 30 7 1 3 
6 8 42 65 33 8 6 6 
5 0 7 43 55 9 6 1 
1 5 14 14 73 3 5 4 
9 6 50 81 40 6 2 4 
4 3 40 52 61 0 5 4 
0 9 25 45 75 5 7 4 
3 1 12 39 54 8 8 5 
4 7 52 55 39 2 9 2 
7 2 5 47 57 7 5 7 
0 1 10 30 27 3 0 0 
7 3 57 24 78 2 9 1 
5 4 29 85 70 9 6 0 
0 6 29 9 65 0 9 8 
5 7 66 62 29 9 7 6 
9 3 44 52 86 4 5 4 
7 4 61 42 60 5 2 3 
2 9 46 42 46 2 5 3 
4 0 41 52 59 4 5 0 
0 3 11 33 31 4 5 9 
4 6 35 35 80 8 7 2 
5 6 0 81 40 9 6 9 
7 0 63 37 25 8 0 7 
9 2 61 51 40 2 2 4 
4 6 3 63 80 4 8 7 
8 7 47 30 46 8 7 3 
9 8 25 16 31 8 4 6 
1 3 45 19 49 7 7 8 
3 4 9 75 31 1 5 2 
9 4 36 63 19 7 2 3 
4 0 33 56 39 2 2 2 
4 0 21 65 18 5 3 6 
0 3 0 60 25 6 9 8 
9 1 7 31 65 1 7 6 
1 3 33 43 23 9 9 8 
1 0 15 34 58 4 2 2 
4 3 1 53 64 5 6 0 
4 5 81 77 41 4 2 7 
3 0 26 74 54 0 0 2 
9 8 38 58 67 6 3 6 
7 7 38 82 45 0 7 7 
7 7 39 51 69 6 4 5 
7 1 50 48 38 4 7 4 
4 0 29 91 49 8 3 0 
7 8 22 61 69 3 6 3 
3 5 25 31 63 2 7 0 
6 9 43 51 45 1 5 6 
0 8 4 51 70 2 9 5 
9 0 0 68 29 0 0 3 
1 6 58 24 37 7 2 7 
3 8 0 50 78 6 6 3 
8 2 54 45 54 8 3 8 
6 3 43 30 36 1 4 6 
3 1 31 64 49 8 2 5 
4 4 21 13 22 5 4 6 
4 1 39 57 64 9 5 8 
8 0 46 68 47 8 3 8 
2 4 0 58 31 5 9 0 
0 0 75 82 28 0 0 6 
5 0 16 59 48 8 6 0 
0 0 0 74 25 3 5 7 
4 1 57 53 49 6 4 1 
4 8 19 34 54 7 9 4 
7 9 29 59 76 6 1 0 
9 0 0 82 29 2 4 3 
6 2 10 78 47 3 6 0 
2 0 33 54 78 4 7 6 
9 4 34 74 45 6 4 9 
6 4 29 76 54 7 0 1 
8 4 25 50 56 5 4 7 
5 9 0 39 47 1 5 1 
4 9 39 31 48 5 3 8 
2 3 40 64 62 5 5 4 
4 8 41 66 38 1 4 1 
5 9 3 52 19 4 6 6 
6 0 19 24 40 1 4 1 
6 8 41 38 61 7 8 4 
2 5 57 40 56 9 8 3 
3 5 9 50 54 0 5 6 
8 5 5 71 26 4 3 6 
8 2 1 47 46 1 7 5 
1 5 15 61 49 2 4 8 
2 4 31 58 60 7 4 6 
4 9 0 34 53 0 2 0 
9 7 39 19 55 8 7 2 
3 7 14 60 53 5 1 7 
6 5 33 27 44 4 2 0 
7 0 35 48 42 2 5 7 
3 9 60 0 8 8 7 5 
2 8 28 82 67 3 8 9 
3 1 56 75 53 8 7 9 
6 4 47 58 46 1 0 9 
3 6 50 59 43 8 9 4 
7 8 29 32 51 3 7 7 
6 3 16 31 66 0 6 2 
2 1 24 44 67 6 3 4 
3 7 49 29 68 7 0 5 
1 9 42 67 26 4 3 4 
7 1 0 39 15 6 6 8 
2 6 0 52 58 6 2 9 
1 0 35 53 84 8 5 4 
9 8 33 81 0 2 2 1 
0 2 26 53 42 0 0 5 
2 1 65 80 34 6 2 6 
7 6 19 42 83 9 6 0 
1 0 38 46 107 6 9 8 
4 1 49 56 74 8 3 8 
1 6 46 29 44 7 5 0 
8 3 46 36 58 2 1 5 
4 4 51 34 22 4 0 0 
9 2 53 19 60 4 1 1 
3 3 41 61 41 5 1 5 
8 1 49 63 38 0 8 3 
5 6 25 58 68 8 7 7 
0 3 77 58 51 4 3 8 
8 8 65 67 55 5 8 9 
8 9 23 94 27 3 4 1 
9 7 10 93 50 9 8 4 
6 7 30 71 43 2 3 6 
0 2 40 66 41 6 3 0 
9 5 16 60 58 0 6 4 
1 0 35 55 71 2 2 0 
1 4 28 54 35 4 4 8 
6 2 31 86 3 2 2 9 
3 7 9 80 77 7 8 3 
0 2 60 33 75 9 4 0 
0 1 31 31 62 9 5 6 
0 1 50 56 40 0 9 1 
4 9 33 59 48 0 6 9 
3 3 21 52 46 2 0 2 
6 4 33 53 79 4 0 4 
5 4 25 41 43 4 1 4 
0 4 31 58 20 1 5 7 
1 0 19 31 64 6 5 3 
2 1 0 22 71 7 3 6 
7 8 34 22 59 8 1 1 
7 6 38 32 61 3 4 1 
6 8 41 68 33 6 6 3 
3 3 12 57 69 2 4 9 
7 2 0 42 66 2 0 3 
8 7 46 106 29 9 9 2 
7 0 48 47 56 6 0 9 
3 4 59 2 84 4 7 8 
8 1 39 51 37 2 1 5 
2 5 49 43 85 8 1 7 
9 4 33 30 16 8 7 1 
5 4 23 36 65 8 7 7 
5 2 26 18 13 4 9 6 
6 6 45 15 78 0 0 9 
1 2 56 60 75 7 2 0 
0 0 9 59 105 8 5 5 
8 3 44 43 89 3 5 4 
3 1 9 37 50 1 8 8 
8 5 35 93 49 2 8 4 
7 6 32 50 57 4 2 4 
8 5 48 93 42 5 0 0 
5 0 23 57 54 5 2 3 
4 6 42 17 71 0 5 1 
0 9 35 44 42 9 2 8 
1 9 3 0 59 6 6 8 
3 1 25 59 31 3 4 6 
8 9 8 79 59 9 5 2 
0 5 17 40 59 7 7 9 
5 3 11 87 61 5 4 8 
5 1 10 53 5 8 5 9 
3 5 54 54 43 4 7 3 
3 2 27 31 68 7 0 9 
2 7 37 46 41 1 2 0 
6 1 33 50 69 7 1 7 
6 5 46 38 92 0 8 7 
7 7 15 38 71 5 1 0 
6 9 16 28 73 5 5 4 
6 6 31 38 51 5 8 7 
7 9 30 69 12 7 6 2 
5 5 18 52 31 6 3 4 
4 0 41 56 66 9 3 9 
0 6 43 70 83 6 3 5 
1 4 15 69 61 9 2 5 
3 9 58 54 98 8 7 8 
9 6 5 18 46 3 7 4 
2 1 28 66 51 9 0 1 
8 9 11 98 83 6 1 9 
1 0 64 29 69 1 0 2 
4 8 32 79 71 0 2 0 
8 5 11 52 56 7 4 1 
0 9 27 46 32 4 3 7 
8 2 4 45 46 9 7 8 
3 1 16 61 63 5 1 0 
4 7 60 37 48 1 5 2 
9 1 40 63 56 0 0 4 
6 8 59 20 39 5 1 1 
4 1 26 42 36 9 9 0 
0 1 24 56 74 8 2 7 
6 5 17 7 67 0 3 3 
9 8 9 77 63 1 5 0 
6 9 11 76 27 4 6 9 
9 0 39 36 34 1 1 9 
4 9 0 41 9 1 3 6 
5 9 44 0 13 2 2 5 
8 6 19 50 69 9 1 8 
7 2 20 52 25 0 0 5 
2 8 26 42 37 6 9 3 
3 9 28 89 44 9 5 9 
1 2 40 69 44 6 6 4 
6 0 47 43 59 1 8 1 
7 9 34 48 79 3 6 9 
6 7 22 47 66 3 9 4 
1 2 39 29 23 4 1 1 
3 5 35 21 36 5 7 0 
3 2 28 65 24 4 1 8 
1 1 40 30 44 0 2 6 
2 1 24 96 15 1 0 7 
3 4 45 34 60 9 4 1 
1 4 64 37 37 1 3 8 
9 4 1 59 47 1 0 6 
3 7 27 35 77 2 9 3 
4 0 64 36 38 5 2 2 
6 9 41 31 28 6 2 1 
3 0 50 79 60 0 0 5 
2 2 39 5 72 7 4 8 
9 0 48 73 50 9 5 3 
3 1 49 56 71 8 9 7 
7 2 30 56 41 8 6 8 
6 1 5 27 19 8 8 7 
0 8 32 59 36 2 6 1 
5 0 36 27 63 4 9 9 
2 9 33 80 44 5 5 6 
5 0 49 7 37 2 5 9 
6 9 14 48 41 8 2 9 
3 7 8 80 91 6 0 5 
7 8 40 58 50 3 5 4 
1 0 13 34 85 4 5 6 
5 7 70 19 49 3 6 6 
2 5 14 54 54 8 0 3 
8 4 3 38 34 8 5 6 
8 3 42 57 103 6 1 1 
7 0 12 34 78 6 3 0 
4 1 53 27 25 7 1 2 
0 3 51 67 71 7 1 5 
4 0 18 94 83 2 3 1 
4 7 28 28 50 6 0 8 
3 4 17 32 13 2 0 4 
2 3 44 65 64 4 1 9 
0 4 5 52 57 1 6 6 
2 6 3 21 51 7 9 9 
9 9 27 55 9 1 2 4 
4 0 24 65 39 8 9 1 
7 3 12 63 59 6 8 5 
0 9 4 63 10 6 4 8 
4 5 15 33 77 0 1 7 
3 7 75 7 47 9 4 1 
4 5 38 67 24 7 9 3 
8 0 34 28 95 7 8 1 
4 1 20 62 10 0 6 4 
0 0 3 22 72 0 3 5 
7 3 44 75 56 2 1 5 
7 5 23 18 18 9 8 3 
4 4 29 73 43 0 7 7 
6 8 0 43 54 0 7 5 
1 0 10 40 39 2 5 2 
8 9 51 28 62 4 4 4 
0 6 18 32 76 3 2 9 
2 6 59 54 86 7 1 9 
9 4 43 33 32 9 6 7 
9 9 37 87 37 7 1 9 
4 3 67 51 15 1 1 9 
3 4 31 39 37 5 2 5 
4 6 0 63 62 1 6 2 
5 4 25 59 68 6 2 4 
4 1 23 62 76 8 5 3 
1 9 44 36 60 8 4 9 
7 7 23 64 29 4 6 7 
7 8 31 73 71 5 0 6 
8 4 13 19 81 7 8 0 
6 9 8 46 39 0 2 4 
3 6 12 25 50 1 0 1 
6 5 61 39 55 3 0 8 
6 8 70 47 69 9 9 8 
4 2 43 59 90 8 0 0 
8 4 0 21 64 2 3 0 
0 3 8 27 77 7 9 1 
0 9 27 70 24 7 5 0 
0 0 30 54 57 4 4 0 
2 8 33 35 45 7 3 1 
0 5 35 64 46 0 2 9 
0 7 14 66 35 1 4 0 
1 9 2 53 34 4 1 4 
9 3 43 89 41 9 4 8 
5 5 16 35 42 2 0 9 
7 6 7 44 64 1 6 6 
8 3 56 20 54 2 3 5 
6 7 0 52 78 1 6 7 
9 6 50 20 64 7 6 2 
1 6 53 93 55 6 1 7 
4 2 31 60 20 8 6 0 
5 9 16 91 87 2 2 7 
8 1 44 27 40 6 3 9 
1 4 62 39 40 1 1 6 
9 1 29 14 63 6 2 1 
0 4 28 17 54 5 0 0 
3 6 38 101 58 0 9 6 
2 6 13 51 70 7 4 3 
6 2 0 37 34 2 0 0 
2 1 20 56 20 7 7 7 
6 2 6 66 45 7 1 5 
7 1 53 64 28 6 5 5 
7 3 19 58 62 0 9 9 
9 1 35 79 10 8 8 2 
8 2 24 24 52 0 2 5 
8 7 24 56 45 1 1 0 
4 1 41 33 56 1 0 7 
1 1 36 39 81 3 3 0 
3 6 35 49 37 5 1 9 
6 4 30 84 90 4 5 5 
5 1 0 50 42 2 8 6 
8 5 48 33 27 9 8 6 
1 3 48 29 10 5 1 6 
5 2 25 80 80 5 1 1 
6 0 28 41 25 5 2 5 
4 7 44 46 60 1 2 6 
5 3 14 18 76 5 5 3 
6 1 27 45 41 2 9 6 
1 5 38 66 45 7 9 3 
4 5 38 35 29 8 1 2 
8 8 48 38 57 5 7 4 
5 5 63 38 46 5 2 3 
2 5 38 68 34 0 6 8 
0 7 39 89 44 4 0 3 
8 0 31 40 19 0 8 1 
9 9 31 64 66 7 6 9 
3 5 64 59 21 6 0 4 
7 1 62 54 26 8 8 6 
8 0 59 45 32 5 2 5 
9 5 53 48 54 7 2 1 
7 5 32 101 78 7 5 5 
8 0 43 42 42 9 1 2 
2 9 40 52 32 1 7 8 
3 3 42 32 60 6 1 3 
9 7 26 4 67 8 0 5 
3 4 38 26 59 2 9 0 
0 1 17 68 60 6 2 2 
0 1 38 34 67 6 1 4 
5 7 21 62 73 8 8 9 
4 5 11 47 53 1 9 1 
2 1 35 25 28 0 6 4 
8 5 8 82 69 3 5 0 
7 5 21 43 54 8 4 8 
7 4 47 40 58 6 6 3 
9 2 14 18 84 5 6 8 
4 7 30 41 65 4 9 2 
9 0 43 45 8 6 8 4 
2 9 46 73 52 9 1 6 
6 7 0 63 39 6 4 0 
0 0 18 45 60 7 2 6 
9 2 30 48 35 4 9 0 
7 6 43 76 67 5 5 1 
9 2 50 34 38 8 0 3 
0 3 53 91 58 0 4 7 
4 3 17 49 56 0 8 9 
0 4 6 33 28 2 4 1 
8 8 0 87 25 5 0 4 
0 4 14 58 50 6 0 9 
4 1 19 50 49 0 4 7 
3 4 22 53 36 0 7 6 
6 6 38 31 77 7 5 3 
3 0 31 40 83 2 3 7 
0 9 50 83 42 3 3 5 
8 0 1 33 45 9 0 6 
6 3 73 38 23 5 3 5 
2 1 55 67 94 1 9 4 
1 0 30 44 29 7 9 8 
6 2 51 67 55 6 3 4 
4 4 9 39 53 8 4 8 
1 8 3 51 87 0 7 0 
7 8 10 28 71 9 1 5 
1 8 16 60 42 9 9 5 
4 8 0 58 56 5 1 1 
8 0 48 56 42 9 3 8 
2 6 40 79 66 5 1 5 
5 8 4 49 63 6 9 0 
8 5 1 67 69 7 4 3 
8 6 7 67 51 6 9 5 
4 2 26 0 25 0 7 9 
5 8 19 22 29 3 3 6 
6 6 45 52 40 8 8 9 
6 5 45 65 54 4 9 6 
9 9 17 92 45 9 0 0 
6 5 8 27 35 2 0 5 
1 6 38 25 48 0 1 0 
1 7 19 66 88 9 6 3 
9 9 32 42 55 3 6 5 
9 6 29 70 52 5 0 7 
6 1 0 62 50 0 7 9 
6 3 30 12 0 8 3 6 
9 9 52 83 73 4 7 7 
7 8 67 59 4 8 5 6 
9 1 35 64 44 8 6 3 
1 7 35 32 49 4 4 8 
1 6 12 4 53 7 3 4 
0 1 27 78 72 2 6 9 
3 1 29 32 63 0 6 0 
8 0 11 59 48 8 3 4 
5 3 23 19 40 8 7 8 
0 6 38 24 46 4 8 9 
3 8 35 53 30 5 0 2 
3 5 48 48 60 7 3 9 
0 6 21 33 50 6 6 9 
0 1 18 59 46 1 2 3 
6 5 35 51 51 7 6 9 
9 8 22 91 22 0 0 9 
4 9 47 63 29 7 8 8 
1 3 64 67 63 0 8 0 
0 7 11 31 35 1 1 5 
2 8 51 90 59 5 3 2 
4 6 61 66 61 7 3 5 
7 8 32 66 62 9 7 2 
0 6 2 56 77 5 2 9 
2 8 1 55 38 4 1 6 
1 8 21 52 41 3 6 8 
3 6 6 64 27 3 3 1 
8 3 42 50 46 0 2 6 
1 1 45 15 56 3 4 0 
4 6 47 55 58 1 9 5 
0 4 41 69 37 5 9 1 
5 6 30 58 77 0 1 2 
5 1 22 31 87 6 3 3 
8 9 20 62 56 9 3 9 
2 6 13 47 33 6 1 3 
9 4 31 18 13 9 8 6 
7 4 32 20 18 6 8 3 
9 3 0 44 54 8 2 5 
3 8 27 36 70 8 4 9 
5 1 43 74 75 8 0 0 
4 1 57 54 90 6 9 5 
4 9 24 39 82 2 7 5 
4 4 25 57 48 3 9 5 
1 4 67 51 55 8 8 7 
2 6 30 59 21 3 2 3 
8 2 33 62 24 8 4 3 
8 7 44 66 64 9 8 3 
1 8 33 7 34 0 4 5 
6 3 52 62 80 8 2 6 
5 4 17 22 78 4 9 2 
3 2 30 67 73 2 0 8 
5 8 33 18 64 6 3 4 
0 2 16 74 46 8 4 4 
1 2 91 72 30 7 6 5 
4 5 41 34 57 7 0 5 
8 6 37 22 65 9 2 8 
0 7 58 46 39 5 1 1 
4 8 43 37 53 2 1 2 
6 0 14 54 58 3 4 2 
7 2 25 10 45 9 6 9 
5 3 23 62 45 5 6 8 
0 7 31 76 21 6 0 1 
8 9 32 40 41 1 5 9 
5 1 50 34 64 0 7 5 
9 8 32 69 49 5 8 1 
0 3 47 33 0 4 9 0 
9 7 49 78 32 3 7 1 
4 9 25 18 76 3 2 4 
6 1 57 44 56 8 5 6 
0 0 35 35 71 8 6 7 
5 1 31 43 66 8 4 3 
7 9 42 32 55 6 8 3 
8 1 25 38 47 4 2 5 
0 9 16 10 25 5 5 4 
2 9 57 14 89 1 7 0 
5 6 25 60 54 3 0 1 
5 5 18 60 66 6 8 2 
8 4 39 81 46 1 7 3 
7 2 8 44 37 7 3 1 
6 0 43 80 84 7 4 3 
3 7 6 63 50 1 1 9 
0 3 15 100 90 6 5 6 
9 8 22 44 71 2 7 7 
7 9 12 57 14 7 8 6 
8 4 35 44 51 2 3 7 
6 6 28 63 39 4 7 1 
0 9 19 31 56 0 7 8 
2 0 57 38 24 6 0 5 
4 2 23 21 28 0 9 1 
9 2 28 51 44 4 1 2 
3 9 16 15 51 8 5 0 
7 9 50 37 64 6 8 3 
7 3 36 46 47 1 2 0 
7 6 60 55 71 9 0 5 
8 6 0 62 76 3 9 9 
1 5 33 48 40 8 7 7 
3 5 66 50 58 7 3 4 
9 5 49 69 61 4 2 0 
1 8 69 52 40 8 1 9 
9 0 14 53 85 4 1 3 
8 0 43 61 67 8 4 2 
1 5 24 32 69 6 9 5 
0 3 2 40 66 9 7 8 
1 6 21 57 16 4 4 1 
8 9 28 53 49 0 2 3 
5 0 6 78 73 9 4 6 
1 0 45 50 70 1 6 3 
2 1 37 41 54 0 2 2 
1 9 36 79 0 9 7 3 
4 5 62 58 14 3 7 8 
4 1 9 47 64 8 9 7 
