8 1350
1 0 38 53 34 4 8 1 
9 2 18 36 27 3 4 3 
5 3 26 62 38 5 7 3 
4 7 34 57 20 3 4 7 
7 4 12 73 81 4 1 8 
4 7 0 44 55 0 2 4 
8 0 47 40 38 0 0 4 
9 0 38 49 42 0 3 1 
2 3 38 97 4 2 2 3 
2 0 68 59 60 9 0 7 
3 8 25 34 49 6 0 9 
5 6 45 52 79 1 6 4 
0 6 41 37 46 7 4 9 
9 0 0 47 42 8 8 8 
4 8 0 35 62 1 5 3 
2 4 32 60 47 5 7 7 
5 3 16 69 27 2 8 4 
7 1 29 23 62 6 9 6 
6 1 27 29 46 1 4 1 
1 3 70 45 30 7 9 1 
8 4 30 47 63 8 8 4 
9 3 0 33 39 3 1 5 
4 3 29 41 28 1 3 5 
7 3 13 56 66 2 1 8 
8 6 28 18 71 6 2 5 
4 3 35 61 64 5 1 6 
5 9 37 51 59 9 1 1 
2 6 40 75 25 7 9 6 
2 6 20 41 61 1 9 3 
3 4 15 29 54 8 7 5 
6 0 32 50 73 7 1 9 
3 4 40 48 61 6 4 8 
4 2 39 77 29 1 3 8 
1 8 52 45 68 6 0 1 
1 8 6 70 57 7 2 9 
7 9 44 57 40 3 1 5 
2 4 7 62 32 1 3 2 
9 5 43 40 32 4 2 1 
2 5 16 56 33 6 7 7 
8 4 56 44 53 2 0 2 
6 3 71 28 51 6 1 7 
0 5 46 65 80 4 7 1 
3 3 2 87 32 2 2 6 
1 5 53 48 67 1 5 8 
1 6 32 31 47 8 0 7 
8 1 34 39 90 1 4 2 
6 6 56 61 44 7 0 4 
5 8 30 66 37 9 5 8 
2 4 48 46 58 0 6 1 
2 9 24 51 43 5 3 1 
8 8 3 63 29 0 6 1 
2 2 43 31 45 5 8 2 
3 8 8 51 52 7 7 6 
4 3 35 11 61 8 6 3 
4 9 37 54 2 3 9 1 
0 4 1 45 53 3 6 6 
0 1 33 61 29 7 6 4 
7 8 36 50 18 0 6 1 
4 1 0 46 47 0 2 4 
7 9 32 58 41 6 1 4 
1 8 43 58 43 9 4 5 
3 6 14 86 46 1 1 6 
0 9 12 70 58 3 5 1 
2 6 24 44 68 3 9 8 
8 2 98 26 96 6 6 1 
1 3 35 93 47 5 6 6 
9 4 21 81 78 7 2 3 
6 6 34 18 45 3 5 1 
4 9 55 76 42 9 4 0 
9 8 19 53 38 6 0 9 
1 6 35 33 56 0 1 0 
2 0 84 28 60 2 2 4 
9 4 50 69 35 9 4 5 
6 9 53 114 21 2 3 0 
3 1 32 58 19 7 7 6 
8 2 0 73 56 4 0 1 
5 0 41 40 66 2 5 6 
2 7 0 21 69 7 3 1 
2 2 37 61 102 5 7 6 
2 4 3 47 81 5 0 8 
4 9 49 86 11 4 5 8 
7 5 26 80 9 4 0 2 
7 4 28 68 56 1 9 7 
9 9 45 59 25 8 0 3 
8 4 64 32 27 8 1 3 
1 4 18 65 81 2 7 7 
4 5 7 50 31 4 9 1 
5 5 57 60 31 7 2 2 
6 5 14 47 18 4 8 1 
5 0 53 45 84 2 7 4 
7 4 0 64 29 0 2 2 
6 6 41 38 50 8 7 7 
7 0 32 65 63 7 5 0 
3 0 34 72 76 1 2 5 
6 0 82 55 68 1 5 0 
7 8 45 65 40 9 3 6 
1 4 22 95 61 9 8 8 
8 2 39 39 53 8 6 5 
8 8 59 30 80 6 7 0 
2 4 23 0 56 1 6 0 
7 7 41 18 30 3 2 5 
5 3 9 58 42 5 5 6 
1 9 50 64 35 1 2 9 
7 5 21 69 51 4 8 9 
8 9 35 75 73 7 7 0 
0 3 46 58 43 6 0 3 
5 0 18 61 26 1 7 6 
8 3 27 32 40 4 2 3 
9 8 37 56 42 1 5 2 
4 6 6 68 44 5 7 0 
1 2 17 56 33 3 2 8 
9 7 50 35 38 0 3 7 
5 5 51 41 58 6 5 3 
9 1 21 39 64 3 6 1 
7 2 8 40 14 1 7 3 
7 5 44 25 27 4 4 8 
0 3 9 43 44 4 1 3 
9 8 45 56 114 5 7 8 
1 9 32 28 55 0 4 5 
2 5 5 47 69 6 2 5 
4 4 4 60 60 2 4 2 
5 6 0 83 42 4 0 0 
3 2 24 67 79 6 7 1 
6 7 26 54 89 3 1 9 
1 8 25 53 99 5 6 8 
4 0 38 113 84 3 9 5 
0 0 38 28 69 6 7 0 
6 5 29 46 25 8 0 1 
9 3 6 54 67 3 9 3 
6 0 7 40 57 4 0 8 
2 2 43 70 32 2 9 0 
8 0 47 72 22 2 0 1 
8 8 40 19 29 1 2 7 
5 2 6 102 31 9 0 2 
7 3 30 41 67 9 4 3 
1 2 20 46 53 6 4 2 
4 3 39 24 53 3 5 2 
3 0 19 58 48 2 0 6 
0 1 67 47 61 3 8 5 
0 1 13 25 79 3 1 5 
8 1 26 30 78 5 4 6 
9 2 68 60 14 4 2 5 
4 7 23 35 61 8 4 0 
7 5 35 0 33 2 6 2 
0 2 19 54 56 6 7 4 
2 8 23 44 78 2 0 3 
1 5 26 28 6 0 0 1 
7 2 10 56 11 0 3 0 
1 3 31 50 44 0 6 7 
1 1 21 31 56 9 3 6 
9 3 30 47 12 6 7 3 
5 3 38 44 19 1 2 3 
7 1 0 61 92 3 2 2 
6 3 39 57 65 3 0 4 
4 7 51 62 34 4 3 2 
4 0 70 47 59 1 3 7 
5 2 13 44 55 8 8 8 
2 1 44 56 62 0 5 9 
0 8 38 55 76 6 0 3 
2 3 35 76 40 6 4 1 
4 3 35 41 46 2 7 9 
3 7 17 32 44 3 4 3 
7 6 22 45 43 1 4 9 
7 2 11 55 17 6 6 2 
2 5 48 29 39 5 4 1 
0 7 14 84 53 7 9 2 
8 3 28 47 50 1 5 1 
3 1 20 78 43 5 5 1 
7 5 32 54 39 6 3 4 
9 8 15 50 56 3 3 2 
1 5 42 70 69 1 2 8 
3 7 1 35 39 6 5 3 
8 1 42 48 57 9 6 8 
6 4 21 56 72 6 6 7 
9 9 27 50 44 8 0 6 
0 7 25 46 37 8 6 7 
9 4 25 40 39 5 7 1 
7 9 18 72 72 1 9 7 
1 8 15 70 45 9 0 7 
1 3 48 78 64 6 5 0 
7 8 30 23 43 9 8 0 
1 8 21 12 64 6 1 2 
1 0 3 55 23 9 1 5 
1 3 74 28 70 6 7 9 
6 6 2 21 59 4 4 7 
9 5 20 39 17 8 1 9 
7 3 18 43 50 8 6 1 
2 5 57 73 71 2 0 5 
7 0 7 64 65 8 4 9 
1 5 34 103 38 1 2 2 
9 6 46 56 15 7 1 3 
1 5 15 66 67 9 1 8 
1 0 52 36 47 2 5 1 
6 6 36 58 67 0 1 7 
9 8 28 40 56 4 8 5 
8 3 8 30 45 1 9 9 
0 4 10 60 65 8 6 0 
7 6 50 4 34 5 2 9 
9 5 19 35 18 4 9 0 
8 0 37 58 63 9 9 8 
2 7 39 40 57 0 6 4 
7 9 38 51 50 8 1 8 
5 9 0 81 53 4 3 5 
2 0 10 23 65 4 2 9 
8 4 34 6 34 2 5 8 
9 5 33 22 41 5 4 8 
6 6 38 44 46 9 3 4 
3 2 25 70 51 8 8 4 
6 5 35 62 39 3 4 2 
4 0 38 67 32 2 5 0 
5 2 20 62 34 2 0 2 
6 6 58 95 11 8 0 8 
6 4 34 52 19 6 7 1 
4 6 74 54 66 2 2 4 
5 4 13 58 68 8 5 2 
6 4 27 54 0 5 6 6 
9 8 17 46 42 3 8 4 
0 8 45 65 43 6 3 7 
3 2 4 67 42 9 8 7 
7 9 23 54 60 8 2 1 
7 4 16 41 62 0 3 7 
1 0 17 54 49 0 7 5 
4 2 43 70 39 9 1 5 
3 4 34 65 61 0 9 5 
9 8 34 52 49 5 1 9 
9 8 49 82 29 7 5 4 
8 5 19 126 42 7 9 1 
9 0 43 72 28 4 6 5 
0 1 33 39 30 0 0 8 
7 0 62 43 22 4 1 2 
0 9 5 35 46 5 3 1 
8 8 0 21 46 4 3 5 
0 9 40 36 73 0 9 7 
8 2 24 72 38 3 9 1 
5 9 63 50 48 2 6 8 
1 8 50 67 27 1 4 3 
4 5 60 46 39 5 3 3 
4 5 76 77 38 3 4 6 
9 5 5 52 33 9 1 9 
4 5 32 47 45 1 6 3 
3 1 11 57 62 6 6 1 
3 0 24 73 25 1 3 2 
9 1 42 50 27 2 8 0 
8 6 63 55 59 0 2 7 
8 2 22 66 20 3 0 6 
3 8 39 47 105 3 0 9 
9 5 38 35 46 5 9 5 
7 1 3 68 79 0 5 6 
3 2 6 48 60 7 5 8 
5 9 8 56 50 8 0 9 
4 6 0 52 33 3 9 4 
7 5 21 49 28 2 3 8 
2 2 23 82 64 1 3 9 
4 1 16 0 40 9 4 1 
7 9 60 43 39 7 4 3 
0 2 0 80 77 3 7 4 
6 0 44 53 47 7 2 5 
0 6 34 40 78 5 3 2 
6 4 0 55 37 2 3 4 
9 2 64 22 72 3 1 1 
5 8 43 49 43 4 6 9 
0 1 45 66 56 9 8 9 
5 4 35 75 69 6 2 6 
0 1 42 53 36 9 9 8 
7 6 15 77 71 7 4 5 
5 3 49 7 65 7 6 4 
5 0 32 67 57 1 5 2 
9 6 25 32 43 1 4 5 
2 7 59 65 14 7 7 6 
3 7 32 44 53 2 8 6 
5 0 61 32 76 4 8 0 
0 0 49 63 65 5 5 6 
3 9 0 36 46 8 3 5 
3 4 46 67 72 2 4 2 
1 1 24 59 59 2 2 9 
0 0 38 80 46 8 6 9 
2 8 41 68 57 3 3 8 
6 8 0 69 67 8 0 8 
0 1 0 67 60 8 7 2 
9 0 1 54 38 2 3 3 
1 6 70 39 42 6 3 7 
9 7 0 57 55 9 0 4 
8 5 15 39 60 2 2 4 
2 6 57 33 90 7 4 4 
2 1 25 50 51 7 1 5 
9 4 46 64 58 5 2 3 
4 2 26 72 71 5 0 8 
0 8 50 60 94 0 0 7 
0 2 40 71 52 4 6 6 
5 4 8 39 62 0 2 4 
5 8 12 88 49 8 5 3 
5 0 20 49 87 8 9 3 
1 4 0 40 23 3 0 2 
4 5 52 64 48 2 3 0 
7 8 47 27 57 4 7 3 
7 3 40 75 33 0 5 7 
8 7 30 52 44 8 4 4 
9 6 35 12 45 3 6 3 
4 2 46 51 72 7 2 3 
8 5 16 76 19 6 4 2 
9 1 34 96 68 1 0 7 
7 9 43 45 57 9 8 6 
1 9 8 51 26 9 9 5 
4 7 48 53 48 5 9 4 
7 4 0 57 53 3 9 6 
0 2 9 77 53 5 8 4 
4 6 14 76 3 1 5 4 
5 3 36 48 41 4 0 6 
5 8 8 44 55 3 4 6 
1 2 27 18 25 9 7 9 
5 6 8 49 91 7 7 9 
3 8 60 50 47 3 8 8 
3 8 25 7 18 8 9 2 
5 3 42 59 47 4 6 6 
9 9 0 43 14 9 8 7 
6 6 43 39 86 6 0 6 
4 2 46 112 48 5 8 0 
7 7 29 51 58 3 4 0 
6 4 13 55 49 9 0 5 
6 8 53 52 32 5 3 5 
9 5 14 67 31 2 5 3 
0 0 12 75 75 8 8 0 
3 6 48 65 85 3 7 0 
2 7 39 73 47 7 6 9 
6 6 13 23 84 3 7 1 
6 0 41 73 63 4 5 1 
9 8 43 49 36 7 4 7 
5 5 32 39 67 9 9 2 
7 1 0 74 44 9 6 8 
1 0 43 34 42 0 6 4 
0 6 10 24 42 8 3 4 
8 0 37 75 22 2 4 4 
0 0 48 39 86 5 6 1 
2 0 37 61 50 4 5 9 
6 6 10 59 47 6 6 0 
8 1 19 50 30 5 0 8 
8 9 8 78 44 9 3 6 
1 2 0 81 45 3 0 2 
2 6 40 73 64 3 0 9 
2 3 25 39 42 5 6 0 
2 2 18 67 89 1 6 0 
5 7 72 56 62 1 3 5 
3 0 31 59 68 0 5 3 
2 3 22 74 27 0 0 9 
4 9 34 70 66 7 2 9 
0 1 6 55 44 3 3 1 
2 5 23 42 51 1 6 1 
3 7 0 30 22 9 2 0 
3 4 11 24 54 6 7 3 
0 5 22 44 47 3 5 4 
7 8 32 130 53 0 9 4 
6 4 59 58 76 3 7 4 
7 5 21 38 37 3 5 6 
2 4 65 9 27 3 9 6 
5 5 16 49 75 3 1 5 
6 6 38 62 54 4 7 6 
3 9 50 55 68 2 1 8 
8 9 5 53 51 5 9 8 
1 0 39 50 80 9 1 3 
3 0 45 93 74 4 9 6 
3 0 12 108 70 0 9 9 
1 8 0 65 34 0 8 4 
7 7 58 79 57 1 1 3 
3 3 21 18 89 4 7 2 
5 2 26 57 57 4 7 9 
9 1 11 73 70 1 0 2 
2 8 19 73 30 9 7 9 
8 1 53 46 84 6 7 9 
3 5 31 30 67 6 4 0 
2 3 0 62 75 1 2 2 
0 3 64 64 57 2 5 3 
4 8 54 51 32 4 0 0 
8 0 49 71 26 1 4 7 
5 9 61 70 67 3 5 8 
0 0 27 38 59 3 8 0 
4 5 56 40 48 3 9 7 
9 7 9 71 0 2 0 6 
6 3 5 78 61 4 7 2 
4 1 22 47 55 2 6 7 
5 6 10 20 51 5 3 9 
2 4 15 30 70 0 3 4 
3 3 30 41 26 2 9 4 
7 2 48 33 52 3 6 4 
3 5 0 56 76 9 9 3 
8 5 61 22 18 6 7 8 
7 0 0 94 45 7 5 2 
5 3 31 47 10 0 0 4 
8 9 22 42 13 5 2 6 
4 0 19 70 18 6 4 4 
0 3 37 32 69 4 9 5 
9 0 54 83 47 1 2 0 
8 2 0 63 85 1 1 6 
1 4 29 20 69 2 9 4 
9 7 32 83 62 7 7 0 
0 3 0 50 56 9 0 3 
4 2 29 18 36 5 7 8 
1 7 50 66 29 7 4 3 
9 6 43 32 32 7 8 5 
2 3 45 75 62 6 0 8 
6 3 15 44 56 1 6 4 
1 9 17 41 55 4 7 8 
1 3 6 24 59 5 6 2 
7 6 40 42 77 4 5 6 
6 9 36 34 71 1 8 3 
2 0 42 11 27 6 1 3 
4 4 20 57 33 7 8 4 
7 7 2 100 26 5 5 5 
3 9 46 35 26 3 6 1 
7 2 11 48 58 5 6 9 
6 1 32 29 22 1 1 7 
9 1 0 31 79 6 3 5 
0 2 16 35 44 0 1 8 
8 4 1 82 26 5 3 8 
4 6 57 47 55 6 9 4 
3 6 37 33 40 8 8 3 
9 5 16 21 58 0 3 0 
7 6 35 62 0 4 7 0 
2 8 18 62 86 5 3 4 
4 8 11 17 76 5 6 3 
4 8 25 47 44 6 3 4 
1 6 22 42 49 0 8 0 
6 6 0 58 61 6 6 4 
3 3 6 62 68 0 7 0 
6 9 36 55 63 5 0 8 
9 1 48 37 49 0 1 9 
0 4 66 42 35 6 2 4 
5 7 6 33 0 0 0 9 
1 4 24 62 84 7 2 7 
0 4 52 52 34 2 7 9 
4 0 68 78 54 9 2 4 
3 5 5 60 89 0 1 1 
9 5 11 90 63 6 1 2 
8 7 4 51 73 8 6 5 
3 6 0 50 63 3 6 5 
5 1 13 53 38 4 5 9 
9 4 30 79 66 1 5 8 
4 1 20 46 49 6 7 1 
8 9 38 60 32 2 7 2 
8 1 26 20 55 2 9 4 
1 8 6 55 58 9 5 5 
6 6 0 49 23 7 1 7 
6 1 23 52 63 8 9 5 
3 8 41 61 31 9 0 6 
7 1 35 50 60 8 4 8 
2 0 42 34 73 8 0 5 
6 8 0 61 74 6 7 5 
5 9 24 41 52 2 7 9 
5 4 62 34 42 6 6 1 
1 2 21 76 21 2 1 0 
4 8 64 37 17 4 2 4 
8 2 17 52 45 9 0 0 
0 1 29 39 58 4 0 5 
8 9 23 60 47 1 5 2 
8 2 56 90 73 9 8 8 
2 9 1 58 88 5 2 8 
0 7 13 38 75 9 9 0 
5 3 44 56 36 7 9 3 
1 3 14 54 62 5 7 5 
0 4 62 52 24 7 9 9 
6 5 37 67 15 6 5 5 
8 5 32 52 71 3 6 5 
5 1 41 56 46 2 8 7 
3 5 22 36 49 8 5 3 
3 7 32 51 57 3 4 9 
4 5 0 24 60 6 1 5 
0 2 40 60 66 4 2 6 
9 7 32 68 39 0 0 4 
6 1 9 42 22 7 8 8 
4 1 26 55 49 1 2 7 
2 4 34 71 36 2 9 9 
6 0 54 9 44 3 9 1 
9 6 51 11 27 9 4 5 
0 4 62 47 29 1 2 7 
1 3 44 22 66 6 3 3 
4 5 25 68 38 9 5 4 
6 2 29 66 47 1 1 8 
7 0 20 66 43 1 6 0 
5 5 56 0 29 1 2 0 
0 0 43 20 47 0 4 1 
6 1 27 52 47 6 0 2 
3 2 61 25 21 1 7 1 
3 2 32 79 70 1 7 7 
5 9 44 43 44 0 3 2 
8 4 44 41 2 3 2 0 
9 5 7 65 73 2 7 6 
5 8 60 19 63 0 7 8 
5 0 0 22 50 2 0 0 
1 6 9 64 88 5 2 7 
7 1 10 47 28 1 8 7 
4 0 45 39 65 0 8 0 
7 3 34 23 56 3 6 8 
7 2 0 60 63 6 8 2 
1 8 55 76 45 9 3 9 
7 0 31 50 52 5 0 2 
1 0 26 40 76 8 1 8 
6 0 0 66 57 1 8 8 
9 3 32 52 50 6 0 6 
2 4 45 51 56 4 2 1 
5 3 53 26 46 7 8 2 
3 4 48 38 57 8 9 9 
3 9 54 44 59 0 2 0 
6 5 16 51 59 0 2 3 
5 8 28 50 38 8 8 2 
9 4 11 6 76 6 5 1 
6 3 25 79 16 9 5 9 
5 6 9 91 28 0 4 1 
6 0 30 77 52 5 0 2 
8 7 8 51 36 2 0 7 
8 9 68 79 59 8 2 5 
7 3 30 51 22 4 5 7 
1 1 57 18 29 6 5 0 
2 3 8 66 39 2 4 3 
0 0 4 55 52 4 8 4 
1 6 15 67 71 6 0 4 
1 6 30 44 47 2 6 9 
0 2 44 27 46 8 7 1 
5 4 24 36 32 5 0 4 
8 5 30 50 13 2 4 9 
6 7 0 55 61 1 8 3 
9 6 37 50 59 6 7 0 
0 3 54 40 30 1 1 8 
1 8 30 49 41 8 4 5 
3 4 0 70 29 2 7 1 
5 4 49 75 28 2 1 6 
3 2 67 61 47 8 0 3 
9 9 43 13 71 2 7 2 
6 6 86 81 64 4 4 3 
8 7 34 83 39 9 4 4 
7 6 38 40 29 4 0 7 
5 1 10 69 75 2 6 1 
7 1 66 60 47 5 8 0 
2 8 30 50 66 5 7 7 
6 6 15 36 39 9 5 2 
8 4 16 48 50 6 1 3 
5 6 22 83 0 5 0 3 
5 1 8 44 46 2 2 7 
5 3 54 75 66 3 0 5 
2 6 35 41 37 9 9 7 
8 5 31 73 64 5 8 4 
1 1 58 50 57 0 0 9 
9 7 23 30 59 9 2 0 
4 8 4 48 44 7 9 9 
4 0 37 46 63 7 6 7 
9 0 48 35 10 1 0 9 
2 4 36 48 16 2 5 5 
3 9 50 86 41 1 5 6 
9 9 44 34 37 1 7 6 
7 9 42 23 48 1 0 5 
7 7 18 39 54 5 4 0 
4 7 43 24 56 7 2 5 
4 9 81 71 46 5 1 2 
4 3 10 22 103 8 5 8 
1 5 28 26 44 1 8 7 
8 3 23 50 34 1 8 3 
1 1 4 28 18 4 1 5 
9 4 57 61 67 8 1 1 
5 6 68 20 33 1 6 3 
1 4 51 57 51 2 7 8 
0 9 38 71 23 7 9 1 
9 1 17 39 32 6 6 2 
5 9 18 17 58 7 3 8 
3 6 48 82 53 2 5 8 
9 9 14 74 2 4 8 1 
2 9 24 38 61 0 3 1 
8 2 15 52 84 7 1 1 
3 9 24 26 55 5 5 5 
4 7 14 62 80 1 4 0 
4 6 31 20 46 3 1 7 
0 6 27 35 57 9 9 9 
7 9 0 33 50 7 5 6 
2 9 25 14 65 6 2 7 
5 5 49 24 36 1 2 0 
2 7 39 3 63 4 3 7 
0 2 0 59 37 3 7 8 
6 7 40 63 42 8 7 4 
4 6 21 34 92 1 5 9 
9 2 23 36 41 4 5 7 
8 1 54 63 26 6 7 9 
7 5 33 12 19 8 9 8 
1 6 3 62 24 5 8 4 
4 5 26 13 57 2 2 7 
7 5 22 2 51 4 3 4 
5 3 0 62 25 0 5 9 
7 2 31 73 12 3 5 3 
0 5 60 50 25 7 9 5 
2 8 17 53 73 1 3 1 
1 8 17 60 46 1 5 7 
1 7 0 29 22 9 4 7 
7 8 19 56 0 4 5 4 
6 9 23 72 72 5 4 0 
8 1 8 85 70 5 5 5 
3 9 34 55 24 3 3 5 
5 5 15 24 66 9 8 2 
1 8 36 50 43 3 4 6 
5 0 24 60 47 9 2 3 
8 1 32 72 95 7 1 0 
0 0 30 44 59 2 0 1 
5 7 47 96 65 9 2 3 
3 2 38 38 47 4 1 1 
0 4 13 33 58 0 4 8 
4 8 36 69 56 0 2 8 
6 5 24 3 28 7 8 0 
0 5 0 51 81 8 3 7 
5 7 22 20 66 2 7 5 
5 6 3 28 75 3 2 9 
4 0 30 49 58 9 0 1 
2 6 12 32 67 0 4 6 
2 2 1 36 58 9 1 7 
6 8 0 47 31 2 3 3 
6 5 36 41 23 6 6 1 
7 8 45 22 46 5 1 2 
7 9 27 56 48 6 4 4 
9 5 26 46 42 5 0 1 
0 6 27 39 72 7 3 5 
7 0 30 57 30 7 6 2 
2 9 0 53 47 3 8 8 
1 4 49 84 76 1 6 6 
1 2 18 66 49 2 7 4 
1 0 46 39 40 6 4 8 
3 0 54 27 80 7 0 8 
1 3 15 73 75 2 1 3 
8 3 0 69 58 8 7 9 
9 3 43 49 71 3 6 7 
2 9 85 75 58 1 7 1 
3 1 37 48 80 7 9 1 
9 5 20 40 71 3 6 8 
3 2 0 83 35 3 6 3 
9 4 41 58 52 1 9 4 
4 2 1 34 50 3 5 6 
5 5 13 59 43 9 9 7 
7 2 68 32 87 6 4 6 
4 1 36 64 45 0 5 1 
8 8 20 76 36 8 5 8 
5 3 26 68 86 0 8 3 
1 9 63 12 32 3 8 3 
1 1 6 29 68 2 5 5 
4 4 70 80 69 9 0 4 
2 2 40 59 26 4 4 6 
0 8 57 79 64 1 8 0 
0 7 24 77 82 5 0 6 
9 4 16 43 63 3 5 5 
2 7 40 64 58 4 1 5 
4 7 34 50 59 6 7 0 
7 8 0 53 79 5 7 2 
6 2 13 63 29 8 2 0 
0 4 16 53 56 8 7 9 
6 6 58 47 77 9 9 7 
8 5 10 73 53 0 9 7 
8 2 12 61 45 2 3 4 
0 5 22 93 69 5 3 2 
9 0 22 56 49 5 0 8 
1 0 59 65 12 2 5 8 
1 9 50 38 52 9 7 2 
0 6 26 83 67 7 7 3 
0 6 32 23 52 1 8 7 
3 7 12 62 57 9 8 3 
4 0 63 65 32 8 3 8 
9 4 20 54 38 5 0 6 
5 9 17 98 17 7 7 2 
1 9 45 35 23 9 2 8 
3 4 16 58 6 4 2 0 
9 7 19 43 72 3 1 6 
1 7 38 42 85 5 6 1 
7 0 21 43 46 0 9 2 
2 2 5 65 56 5 4 6 
5 5 81 36 61 1 0 6 
2 7 3 20 38 3 8 0 
6 6 30 76 48 9 6 9 
7 2 22 25 37 4 3 6 
1 1 7 67 70 0 1 7 
2 6 45 45 75 2 2 5 
9 8 36 11 78 5 0 7 
8 1 18 53 42 8 2 5 
0 7 34 56 31 2 7 1 
5 1 34 32 16 5 5 8 
3 4 27 38 22 2 4 0 
8 6 42 46 72 0 6 5 
6 4 0 34 68 2 6 3 
4 4 16 11 51 7 6 5 
5 1 36 56 73 8 0 1 
1 3 47 31 20 1 2 9 
1 7 71 62 56 4 3 2 
7 6 41 37 43 6 9 2 
1 9 22 44 35 7 0 8 
4 6 51 49 38 5 5 7 
5 2 5 31 32 6 3 9 
1 9 18 13 38 0 8 2 
9 7 5 35 21 1 7 0 
3 5 30 56 52 8 7 7 
8 1 46 24 75 2 4 9 
9 9 42 60 60 1 1 8 
2 0 8 87 62 1 1 1 
1 9 39 54 66 4 5 1 
9 3 39 37 46 7 0 8 
3 2 16 28 22 4 8 9 
7 1 0 26 30 1 6 8 
7 6 0 79 36 8 0 1 
8 3 1 65 54 3 3 8 
3 2 29 63 30 5 1 3 
1 8 54 21 30 3 0 3 
9 2 30 45 73 4 7 5 
8 8 20 15 50 5 0 5 
2 3 4 48 58 3 1 0 
8 8 53 96 29 8 4 9 
4 1 43 74 46 9 8 2 
0 6 14 85 14 4 6 5 
9 2 43 13 40 2 3 8 
6 4 20 44 38 0 3 5 
1 0 0 28 61 9 3 9 
9 7 62 0 39 0 5 6 
4 1 24 27 61 7 0 7 
5 6 37 55 63 9 2 7 
4 5 54 22 31 1 8 1 
3 1 0 36 72 8 5 3 
4 1 24 57 0 1 8 2 
7 8 37 62 48 0 2 2 
9 1 20 54 34 1 7 3 
0 5 33 73 14 9 0 3 
6 5 69 38 60 1 7 8 
6 2 0 15 40 5 4 0 
6 3 25 34 43 6 1 6 
4 4 38 42 67 4 4 3 
4 5 27 60 53 9 4 7 
7 0 32 54 46 3 1 3 
6 7 17 58 58 1 2 9 
3 0 44 56 37 5 8 0 
3 6 0 51 55 9 6 1 
7 0 22 44 12 3 9 7 
6 3 38 86 69 7 1 9 
6 4 21 74 38 2 6 1 
2 6 45 58 44 7 9 2 
2 1 45 50 24 2 9 9 
1 1 25 54 42 2 1 7 
2 8 3 68 31 6 7 7 
1 7 26 77 62 4 1 9 
3 3 0 28 76 1 4 2 
5 1 20 60 67 0 9 6 
2 4 42 52 28 2 5 6 
1 3 23 71 24 4 6 4 
7 5 57 85 56 7 2 1 
8 1 39 56 52 2 0 7 
1 7 47 6 7 2 5 4 
3 0 43 48 84 8 0 8 
1 6 9 62 14 7 6 0 
2 1 73 63 58 9 0 8 
9 0 37 72 34 4 8 0 
9 6 10 57 4 1 7 0 
6 4 0 63 9 8 5 2 
2 2 60 35 60 1 6 5 
4 4 44 61 19 7 5 6 
4 2 37 42 51 8 0 7 
6 1 18 29 60 2 7 8 
1 8 10 60 72 4 9 6 
5 1 43 39 57 9 0 3 
1 5 24 35 60 2 4 9 
5 3 7 26 26 9 1 2 
4 2 38 38 56 3 4 1 
1 9 27 88 62 2 5 7 
8 3 30 39 31 7 8 3 
9 4 52 31 37 0 7 6 
3 5 17 82 72 9 4 9 
2 0 29 32 55 4 7 8 
3 5 25 49 43 9 3 6 
6 1 15 52 60 2 3 6 
8 6 0 21 67 3 9 1 
2 5 11 53 62 1 7 1 
4 4 12 80 44 7 5 6 
6 2 67 72 19 2 8 7 
4 3 5 35 59 1 2 0 
1 0 13 61 19 3 6 0 
6 6 13 21 43 1 9 2 
3 7 42 27 54 0 0 4 
4 2 10 45 23 1 4 5 
4 1 50 29 82 1 8 4 
8 2 16 31 44 4 6 9 
7 4 6 43 52 9 7 8 
8 1 31 46 23 5 9 1 
9 7 35 46 47 7 9 0 
7 7 55 40 32 1 0 8 
3 2 0 71 21 6 2 5 
0 8 62 27 20 0 6 4 
3 0 37 39 39 1 6 3 
4 1 56 75 37 1 3 5 
6 6 25 49 50 3 5 8 
9 1 27 13 40 8 7 7 
5 0 11 71 44 2 7 3 
7 0 28 42 40 5 0 0 
3 3 32 55 47 5 6 4 
6 1 50 34 57 1 3 1 
2 2 19 61 52 5 2 7 
3 7 43 36 45 5 5 3 
1 6 4 56 40 7 7 4 
6 5 16 55 30 1 7 2 
3 8 34 36 37 0 1 5 
3 6 70 51 25 3 7 9 
2 7 17 69 14 7 3 3 
3 9 49 48 52 4 5 8 
4 9 46 56 46 9 4 5 
1 7 33 58 55 1 9 7 
1 0 23 43 51 1 9 0 
1 3 4 75 43 9 0 9 
0 3 15 63 79 2 2 7 
6 2 8 57 27 1 1 7 
3 7 45 18 65 3 4 3 
1 5 74 48 87 2 8 0 
3 6 58 64 61 0 8 1 
3 3 11 39 22 0 9 0 
9 4 47 41 84 3 3 5 
2 9 54 20 31 6 0 6 
2 1 26 51 10 0 1 3 
1 0 24 43 22 2 6 7 
8 4 47 44 59 4 7 6 
2 9 16 54 61 2 3 5 
7 9 44 71 38 0 2 6 
0 8 24 30 51 7 5 3 
8 0 29 44 49 8 1 3 
2 9 38 38 30 8 6 2 
0 2 47 45 22 2 9 5 
5 8 0 52 56 5 6 9 
9 4 24 53 38 5 9 2 
0 3 53 59 54 5 3 5 
7 9 41 70 33 2 0 1 
1 1 16 47 40 8 5 6 
7 2 22 72 65 3 5 6 
1 3 24 59 70 5 2 1 
1 4 38 71 81 4 5 4 
1 7 27 16 70 5 4 6 
4 1 39 90 31 3 5 7 
5 3 42 56 44 3 5 2 
4 3 12 75 29 6 6 6 
4 6 33 33 3 0 8 3 
8 6 0 52 50 5 3 9 
7 9 54 56 52 7 8 1 
2 9 28 40 50 5 4 7 
0 5 19 36 29 7 6 6 
0 5 59 73 52 2 4 1 
1 9 44 53 74 4 1 6 
0 8 0 37 66 6 9 6 
8 2 0 52 59 8 9 9 
4 8 7 22 0 3 2 8 
2 1 24 34 42 6 6 5 
8 1 4 6 52 6 2 3 
1 9 31 27 16 0 5 6 
9 8 9 60 33 5 8 8 
6 3 47 35 48 1 4 2 
5 3 58 70 60 1 6 1 
1 3 37 29 93 8 9 0 
2 4 54 61 45 8 1 4 
3 8 51 26 44 9 9 7 
9 3 0 50 16 2 3 7 
3 4 73 35 35 7 8 3 
6 4 49 60 52 2 8 1 
9 5 57 46 75 0 0 4 
4 8 15 46 32 2 9 2 
8 6 23 30 73 0 4 9 
2 9 51 91 54 3 7 3 
8 5 3 65 92 1 4 9 
8 3 50 48 60 6 2 6 
4 1 36 54 75 4 9 3 
0 4 8 56 53 0 4 8 
3 0 17 90 51 6 6 7 
8 2 14 48 99 9 2 6 
4 6 23 27 65 8 7 5 
0 8 32 38 51 8 8 1 
3 0 52 20 26 9 2 2 
1 1 28 54 29 7 4 6 
8 3 47 76 65 7 4 8 
4 6 21 21 48 4 3 4 
0 1 43 92 74 3 8 7 
8 7 0 63 44 6 5 2 
4 2 8 48 47 8 0 3 
8 1 55 13 38 4 3 2 
7 6 1 41 52 3 3 8 
1 4 21 43 50 3 8 8 
9 8 0 38 91 5 8 8 
0 7 33 48 48 1 7 9 
6 6 24 37 59 7 8 9 
5 2 11 63 57 4 9 1 
3 5 43 59 23 3 4 5 
9 5 39 59 59 3 6 9 
1 9 51 57 50 8 3 2 
8 0 42 37 75 2 4 0 
5 9 41 24 28 6 1 8 
3 7 54 48 56 9 4 7 
6 0 24 36 35 1 7 2 
8 0 13 26 30 4 7 8 
9 6 0 52 63 4 4 0 
3 6 72 70 76 6 8 4 
3 8 16 57 49 9 7 2 
7 9 32 61 27 1 4 8 
5 1 38 37 66 7 5 2 
5 6 3 47 36 4 9 4 
7 8 38 48 38 4 7 2 
0 9 30 84 67 2 3 9 
9 6 9 49 72 4 9 1 
4 1 24 53 81 8 9 6 
5 6 0 34 45 4 0 9 
0 9 51 39 26 7 6 3 
7 2 21 58 41 1 0 1 
7 2 16 37 59 2 1 8 
6 6 34 110 60 4 6 3 
2 8 15 74 49 9 1 8 
3 0 53 54 49 3 2 5 
5 6 52 12 68 1 1 3 
6 6 5 86 0 7 2 4 
8 3 10 35 13 1 0 1 
8 3 60 51 55 6 8 1 
4 3 31 52 46 8 5 4 
3 3 2 27 33 0 5 0 
1 0 31 35 45 1 2 6 
0 9 4 52 28 0 4 4 
0 0 0 0 59 3 2 2 
9 6 45 37 48 7 6 5 
5 6 58 87 42 1 7 1 
8 5 15 61 72 0 3 7 
6 2 0 52 49 1 8 2 
6 1 31 49 48 6 8 2 
9 2 36 9 49 7 5 4 
2 2 23 64 46 9 9 4 
3 4 22 51 33 4 2 8 
4 6 25 27 64 4 2 9 
5 7 33 41 72 6 9 5 
8 8 33 54 37 2 0 7 
9 9 50 71 53 5 0 4 
6 4 3 67 38 7 9 0 
3 4 0 57 57 3 5 7 
8 4 13 65 60 5 2 2 
0 1 60 69 11 1 7 6 
7 4 51 77 68 6 0 6 
8 4 34 28 24 6 6 2 
3 3 42 46 44 0 4 8 
9 3 25 62 44 7 4 3 
5 3 35 27 62 7 2 7 
3 4 9 45 80 0 0 1 
2 4 40 90 80 2 7 8 
6 4 62 74 39 5 3 3 
4 4 39 15 58 7 9 7 
3 0 0 15 51 5 9 0 
7 7 0 65 85 6 0 0 
6 7 0 26 35 1 4 3 
7 7 24 27 55 0 3 5 
5 0 0 45 53 1 0 4 
6 4 26 65 88 5 6 2 
8 0 31 48 60 5 8 2 
4 5 15 92 54 1 7 1 
1 7 33 62 66 9 8 4 
7 1 23 60 33 6 8 6 
8 2 48 77 78 6 4 7 
0 8 25 54 45 5 7 2 
9 9 31 32 78 5 0 0 
3 7 9 32 68 3 1 3 
2 7 2 44 7 6 2 0 
4 4 56 61 30 1 1 0 
9 3 80 54 74 1 7 4 
8 7 6 38 65 5 7 7 
6 5 31 87 53 9 0 5 
8 1 0 85 49 2 1 0 
0 1 20 70 55 2 6 5 
8 8 41 38 38 6 2 5 
1 0 38 49 24 4 8 0 
6 6 60 73 63 2 9 7 
5 0 58 56 44 0 7 3 
1 0 29 57 25 9 5 5 
4 8 0 33 41 4 4 4 
8 6 40 41 73 4 0 6 
2 2 44 34 47 2 6 7 
2 2 0 72 28 3 3 4 
7 9 50 83 91 9 9 8 
4 0 52 49 65 0 4 8 
0 7 30 35 16 3 9 6 
0 3 0 55 53 6 4 7 
8 6 19 19 47 6 0 8 
0 0 11 75 53 7 3 0 
7 1 18 45 23 7 8 1 
6 4 6 76 50 9 9 4 
7 5 56 61 47 1 7 4 
9 5 10 63 36 6 0 9 
0 0 14 59 56 4 8 0 
6 7 29 14 77 5 6 5 
0 4 48 65 45 0 4 2 
8 8 17 27 38 5 4 4 
0 6 10 38 49 2 5 8 
8 8 51 58 66 8 7 3 
6 8 24 21 75 4 8 6 
1 7 49 55 37 8 9 4 
6 3 48 46 51 5 4 6 
8 6 33 46 50 9 7 7 
8 0 55 0 85 1 0 8 
3 2 50 68 26 8 0 3 
3 2 18 26 42 8 1 8 
7 1 15 73 36 6 6 8 
6 3 48 46 43 5 8 5 
4 3 17 43 82 5 0 7 
4 4 31 18 62 0 8 6 
6 1 2 24 56 7 9 0 
8 1 33 34 56 7 7 8 
1 7 0 42 33 4 9 5 
0 5 0 55 64 1 5 3 
0 1 18 39 54 5 9 6 
6 4 0 55 56 2 9 7 
7 2 31 44 17 3 8 9 
8 1 0 33 75 8 6 1 
6 4 7 55 49 3 2 0 
2 0 35 63 27 1 6 7 
8 9 0 13 34 6 7 1 
7 6 56 45 55 2 4 4 
9 2 33 28 50 0 8 8 
8 8 0 47 92 9 3 7 
8 6 36 45 79 2 6 9 
9 4 60 6 34 7 4 1 
9 5 0 71 51 8 2 1 
5 5 71 40 27 5 6 1 
2 8 56 69 55 7 3 2 
3 6 53 62 79 5 2 7 
7 0 33 49 102 3 9 2 
8 0 14 50 33 1 4 4 
3 6 1 65 59 9 8 3 
3 0 43 47 23 0 5 6 
3 3 40 64 26 8 5 0 
6 4 10 77 55 7 9 3 
3 5 53 86 91 8 1 6 
5 6 36 57 29 6 4 2 
2 6 81 26 91 0 7 7 
5 4 42 72 40 2 6 3 
5 5 5 57 18 8 7 2 
8 6 28 86 66 2 0 6 
5 0 11 50 53 5 6 0 
5 0 13 73 51 7 3 2 
5 0 12 31 31 5 8 0 
1 4 45 44 42 4 6 4 
1 4 22 72 45 9 0 8 
8 4 26 68 73 6 2 7 
6 2 51 42 24 4 0 4 
4 6 47 8 54 5 6 8 
0 7 28 56 59 2 1 0 
2 9 16 43 55 2 0 0 
1 6 40 73 32 5 6 6 
0 6 7 65 45 9 1 2 
4 4 41 44 23 7 0 4 
7 4 32 29 41 4 3 5 
4 7 0 101 47 5 9 7 
3 0 41 11 28 5 7 0 
3 9 13 74 41 1 0 0 
0 3 52 42 20 0 3 2 
4 9 28 24 58 4 6 1 
5 1 35 38 34 0 0 5 
3 5 3 64 35 4 9 7 
1 7 78 31 51 1 2 8 
8 1 35 19 61 9 4 3 
7 1 50 35 49 9 3 8 
3 6 55 54 68 6 0 2 
1 1 37 66 44 3 4 9 
9 8 17 30 45 7 1 3 
6 8 31 27 59 2 7 9 
2 9 23 61 69 5 4 3 
7 0 6 62 47 6 2 9 
8 7 16 66 43 5 7 3 
5 4 13 47 78 8 2 6 
0 8 77 74 76 5 3 9 
1 9 13 54 2 5 5 6 
4 0 0 41 38 2 2 4 
2 6 16 74 54 0 8 9 
7 9 61 53 73 5 7 1 
4 5 24 39 59 7 2 9 
2 8 40 52 50 1 5 3 
4 0 6 34 43 5 4 3 
7 9 26 51 42 6 8 6 
9 0 2 80 67 5 6 1 
7 7 29 47 62 3 7 6 
2 4 17 120 86 7 5 6 
3 0 34 26 17 4 8 2 
2 2 48 52 73 2 8 4 
9 4 24 43 57 8 1 7 
2 8 49 63 19 0 0 4 
1 0 0 64 18 5 2 4 
7 2 17 18 0 6 8 6 
6 5 14 34 20 9 1 5 
4 9 0 31 49 6 9 7 
9 0 28 42 61 5 9 4 
3 2 68 76 33 3 1 2 
0 5 18 31 58 0 0 1 
8 8 31 73 41 7 5 9 
4 9 30 5 32 4 9 6 
7 3 0 41 35 9 5 1 
7 1 47 50 68 0 4 9 
0 4 55 53 28 5 7 3 
6 9 40 71 74 1 5 5 
7 8 0 66 58 1 1 8 
9 3 25 40 57 4 2 4 
4 1 6 32 44 1 0 2 
6 1 30 16 45 4 7 2 
3 2 37 31 65 1 6 0 
0 1 40 67 61 0 9 2 
3 9 26 58 30 1 9 5 
1 5 60 82 40 0 1 0 
2 5 12 102 90 9 1 9 
2 5 14 58 62 8 5 4 
6 2 34 79 59 1 9 1 
6 7 33 27 9 6 5 7 
6 9 16 33 96 8 3 7 
8 3 29 41 28 4 5 8 
7 4 5 73 48 1 0 5 
3 1 14 39 33 2 3 3 
3 6 10 31 33 6 8 5 
9 2 25 23 37 2 4 1 
8 0 52 33 60 8 8 8 
2 9 37 26 76 3 1 8 
1 5 0 92 59 5 9 0 
8 6 43 48 22 4 9 6 
3 7 47 9 39 3 0 7 
1 8 0 39 32 4 6 1 
8 0 29 40 20 3 9 4 
1 3 17 69 43 2 5 6 
5 4 46 35 61 0 7 0 
0 7 6 3 67 0 7 4 
7 2 0 43 39 8 5 2 
4 1 59 57 47 8 2 8 
3 3 2 42 82 8 8 2 
1 2 36 73 58 9 9 5 
2 6 22 0 70 4 8 7 
5 7 18 37 62 8 0 6 
0 9 62 26 37 0 0 8 
2 4 24 48 40 6 8 7 
7 8 7 38 47 5 1 0 
3 9 37 31 32 4 4 1 
4 9 25 65 46 4 1 8 
0 4 31 38 84 7 4 8 
3 2 33 36 66 7 2 6 
3 9 0 28 53 4 8 8 
3 0 85 68 62 4 1 8 
5 8 47 30 61 4 1 0 
6 0 0 19 31 6 1 9 
8 3 29 19 41 3 4 8 
2 7 8 41 65 5 4 7 
0 2 0 45 64 9 4 5 
4 2 21 72 65 4 1 4 
3 4 27 87 43 9 3 5 
7 9 8 87 60 1 0 3 
5 0 11 85 42 9 5 2 
3 5 58 70 40 6 6 9 
5 3 13 44 65 9 5 2 
5 1 22 34 46 0 3 0 
5 8 0 68 62 8 1 7 
8 2 19 46 33 1 8 5 
3 7 14 40 65 7 8 0 
2 4 76 37 34 0 3 4 
8 6 6 71 54 4 7 3 
2 0 42 50 29 1 3 9 
4 2 42 33 34 0 4 2 
0 4 32 76 67 9 8 0 
4 5 21 46 45 5 2 9 
3 7 80 56 78 0 9 0 
7 0 38 66 30 4 1 6 
5 1 0 47 70 1 9 0 
6 2 45 25 25 5 2 2 
8 4 2 53 62 1 3 4 
9 1 25 53 81 7 9 4 
1 3 19 66 32 3 8 7 
4 2 36 39 25 6 4 8 
9 7 35 54 72 9 0 7 
5 9 0 57 38 4 7 8 
1 4 31 80 60 3 2 2 
6 7 14 78 39 5 9 2 
9 2 33 0 44 9 5 3 
2 8 11 72 51 7 9 0 
9 9 48 43 66 3 7 0 
3 8 28 69 49 5 7 3 
2 1 22 35 58 8 1 1 
7 2 29 78 39 1 5 6 
4 5 46 37 55 5 5 8 
1 7 11 43 22 5 3 0 
5 0 30 71 53 8 5 8 
8 8 17 72 61 7 9 5 
9 8 53 83 25 9 4 9 
8 8 49 49 50 9 2 1 
9 6 48 37 69 4 7 5 
0 3 29 27 69 0 5 2 
0 7 17 54 72 7 2 8 
0 7 25 32 49 9 8 0 
3 0 11 46 61 6 3 2 
5 6 62 58 51 7 7 6 
6 1 47 49 73 0 9 0 
4 3 0 43 12 2 4 9 
2 5 31 12 11 2 8 0 
6 9 40 57 39 4 4 9 
1 8 67 23 45 6 8 4 
8 4 42 51 31 0 1 8 
1 8 54 95 47 3 4 9 
5 8 12 30 43 4 6 7 
9 6 36 60 45 8 8 3 
7 1 21 42 40 4 6 8 
8 9 46 86 83 6 3 3 
1 4 21 27 33 0 1 5 
0 9 29 32 50 8 6 3 
0 7 50 113 67 8 4 0 
4 0 23 45 53 0 4 7 
5 6 0 13 60 7 7 6 
1 5 15 43 73 4 2 8 
6 6 46 35 40 6 7 0 
0 0 17 18 88 7 4 3 
4 6 19 22 49 1 6 3 
3 4 37 52 33 8 9 5 
2 6 0 2 71 8 3 1 
7 9 0 85 76 5 5 2 
0 7 18 81 74 8 2 0 
0 6 29 52 82 9 6 2 
4 7 65 65 34 4 9 8 
3 5 5 70 73 1 1 3 
1 1 37 69 50 1 8 3 
5 7 9 33 52 7 4 2 
4 2 32 78 3 6 5 8 
6 7 42 70 35 9 9 6 
9 8 12 73 37 3 3 5 
0 2 53 74 31 2 9 2 
5 7 59 58 57 3 7 3 
8 5 61 54 37 2 0 9 
4 1 46 33 66 0 0 3 
1 8 29 25 40 6 6 9 
7 6 44 85 50 8 6 7 
0 4 38 18 49 9 0 0 
4 3 92 62 29 8 5 4 
8 3 33 5 91 0 7 7 
5 2 18 47 43 1 3 6 
0 1 50 25 53 4 6 5 
9 9 22 29 54 8 6 9 
1 2 37 12 48 4 2 1 
0 1 20 48 45 7 5 2 
2 0 6 40 50 9 6 7 
4 7 5 16 84 3 2 8 
4 5 38 35 44 1 2 4 
0 5 11 31 74 3 0 2 
4 4 66 43 42 9 8 7 
6 2 0 53 49 2 4 6 
0 9 19 46 71 9 5 4 
2 5 55 61 40 9 6 1 
2 2 10 55 45 9 3 7 
0 9 55 97 48 6 4 8 
1 9 49 77 53 3 5 6 
5 9 32 38 66 4 9 4 
7 8 15 41 47 2 6 0 
4 4 26 47 46 3 6 6 
2 5 35 43 50 1 8 3 
0 5 48 29 35 9 8 2 
7 9 11 38 56 1 0 8 
6 8 30 39 30 4 9 1 
3 9 16 17 78 6 2 9 
4 1 15 36 42 0 9 5 
0 0 28 22 13 5 2 2 
1 8 23 67 12 2 8 7 
0 0 23 39 34 0 4 7 
8 0 23 63 34 8 8 7 
8 7 23 50 78 8 9 4 
6 8 29 45 48 7 7 3 
3 3 22 43 59 1 6 0 
2 6 53 14 69 7 2 1 
7 8 23 73 81 2 1 5 
9 5 14 70 20 1 1 8 
9 5 69 44 72 1 4 6 
0 5 33 79 12 2 2 7 
6 3 22 52 55 7 7 7 
8 4 25 31 59 0 0 2 
1 7 64 37 64 3 7 6 
5 7 28 31 39 4 0 7 
8 8 36 84 52 3 5 8 
2 3 31 27 47 4 8 7 
3 9 62 61 54 5 8 9 
4 3 22 53 50 7 6 8 
4 1 37 107 38 6 4 9 
0 5 34 41 83 1 4 6 
9 8 50 78 49 2 5 1 
9 2 25 80 37 7 6 7 
1 1 12 19 104 4 9 2 
9 5 61 39 57 7 0 1 
0 1 7 41 37 3 8 0 
0 3 72 11 38 8 2 4 
7 7 70 20 16 4 6 2 
7 3 35 91 47 7 4 3 
6 4 18 37 39 8 1 2 
5 5 29 63 96 0 8 4 
5 3 18 87 68 7 3 1 
3 2 62 47 104 5 9 0 
8 1 53 73 44 0 3 7 
3 3 38 59 34 6 7 0 
0 8 8 28 60 8 2 8 
7 2 44 61 81 3 1 8 
2 5 48 73 31 8 4 6 
0 7 23 70 55 3 2 3 
4 6 44 27 56 3 5 4 
8 9 47 56 61 5 9 6 
2 7 39 36 59 8 5 0 
7 7 17 38 65 0 3 3 
6 5 8 53 15 8 9 5 
1 1 31 30 35 2 0 9 
0 9 52 51 55 9 7 5 
6 2 29 67 40 4 6 4 
4 6 11 70 28 6 9 4 
7 9 35 36 76 5 0 5 
3 7 66 26 24 2 9 2 
6 5 9 67 66 3 2 8 
5 1 19 49 58 0 1 4 
8 7 35 40 67 1 5 5 
6 5 33 63 35 5 3 5 
0 7 49 47 36 1 6 5 
2 7 27 24 27 4 7 9 
2 4 26 38 34 1 2 3 
7 3 26 70 84 9 8 8 
4 2 22 55 30 1 8 6 
6 1 18 45 52 8 2 9 
3 9 15 64 32 2 3 3 
3 0 11 53 70 2 1 0 
5 4 13 69 40 2 1 1 
7 2 21 39 39 1 1 7 
8 6 22 87 39 4 2 2 
0 8 34 15 41 6 4 8 
4 3 0 26 16 3 8 4 
0 0 27 83 41 4 2 6 
0 2 3 31 44 9 0 5 
8 5 19 62 25 4 1 4 
5 5 53 57 16 6 6 4 
0 7 28 66 59 6 4 0 
4 1 9 33 56 7 4 1 
1 3 18 50 30 6 1 6 
7 7 43 30 67 2 5 9 
7 9 33 77 60 1 0 1 
8 3 27 49 55 7 9 5 
4 7 40 62 30 5 1 9 
4 0 15 22 77 3 7 9 
8 8 4 61 73 7 2 6 
8 8 7 83 30 1 6 5 
4 6 23 77 52 2 7 9 
1 6 11 70 77 9 1 3 
1 8 19 70 30 9 9 2 
0 1 1 78 67 2 3 1 
6 0 30 30 23 2 9 1 
5 6 0 74 34 5 3 8 
5 1 25 60 69 6 4 4 
2 9 16 39 43 2 1 2 
4 1 12 43 43 5 1 4 
6 0 6 43 62 1 6 6 
9 0 23 77 51 2 7 8 
9 5 38 61 52 8 5 7 
9 8 3 69 43 8 2 2 
5 9 31 47 28 5 5 5 
3 4 28 11 65 7 1 8 
5 3 30 42 48 8 7 9 
9 4 30 69 25 6 6 0 
5 1 15 0 28 3 3 3 
7 9 3 45 84 5 5 3 
3 7 31 47 24 5 7 0 
3 5 31 33 37 4 6 3 
