8 1300
1 9 36 82 31 3 2 5 
9 8 69 30 70 2 0 6 
9 3 37 50 66 8 6 6 
5 5 0 60 24 8 6 2 
4 1 29 55 44 5 4 9 
6 9 6 65 35 7 5 4 
2 5 1 25 41 7 3 2 
8 7 11 53 65 5 8 1 
6 2 47 60 29 1 7 2 
4 6 39 50 49 3 2 0 
3 8 0 41 40 7 1 1 
1 1 14 42 19 9 3 7 
0 1 8 59 14 7 5 6 
3 0 16 7 32 5 6 5 
7 8 0 64 51 1 3 8 
7 8 16 50 85 9 0 0 
6 5 50 67 68 7 8 6 
0 5 63 49 47 9 0 6 
6 4 57 56 49 5 7 9 
5 5 30 24 28 2 1 1 
5 6 48 65 115 1 2 3 
6 8 0 35 42 1 6 2 
6 6 0 30 51 0 6 5 
9 6 59 35 53 4 3 1 
9 7 27 25 53 4 9 3 
6 1 47 63 41 3 7 8 
6 2 26 8 80 5 7 9 
6 8 15 29 50 1 0 7 
5 2 53 31 8 3 6 0 
2 7 47 55 57 1 5 1 
8 1 0 44 41 9 9 9 
5 1 31 58 64 0 8 7 
0 6 45 67 64 6 3 1 
6 9 0 56 58 4 1 7 
6 8 56 27 16 1 4 2 
2 7 76 65 73 1 0 5 
6 7 51 85 34 6 2 3 
8 7 0 46 27 5 9 6 
3 7 49 46 29 8 9 0 
0 4 0 22 46 5 1 1 
8 8 36 63 64 1 1 3 
4 7 28 78 63 4 2 1 
8 0 0 33 57 0 8 8 
2 2 71 54 42 8 7 2 
5 8 30 35 60 3 5 7 
3 4 30 48 76 9 1 1 
3 3 69 47 17 5 4 7 
9 5 25 58 48 0 3 7 
1 8 30 97 58 9 6 2 
8 2 52 56 76 4 3 8 
1 7 35 70 48 6 8 8 
2 7 30 71 62 4 9 0 
7 9 25 19 63 5 5 0 
4 9 21 51 76 7 2 3 
1 5 51 74 38 3 4 4 
3 3 44 47 57 0 0 9 
3 5 66 39 22 2 3 7 
3 8 21 72 55 6 4 8 
4 7 41 69 28 8 8 0 
7 8 38 78 30 4 2 5 
8 9 20 20 25 0 1 6 
9 7 27 32 41 0 2 8 
5 1 33 58 30 9 2 4 
8 0 54 25 80 6 3 2 
2 9 30 61 22 9 4 4 
2 8 24 44 62 7 4 9 
5 2 37 54 61 1 5 4 
2 8 53 32 39 5 1 0 
9 4 0 65 44 3 3 6 
3 6 27 30 69 5 9 5 
1 1 44 40 45 6 8 3 
0 7 27 6 35 5 3 1 
8 8 18 67 33 4 1 4 
7 9 39 26 23 6 0 3 
5 9 36 47 35 7 2 9 
8 7 26 66 38 1 2 3 
6 5 29 0 78 1 7 3 
5 3 10 36 38 9 3 5 
1 9 75 25 51 0 4 1 
7 5 40 67 54 3 1 6 
6 6 0 61 58 7 3 8 
0 9 60 31 78 9 5 1 
4 6 49 36 69 9 3 9 
4 9 52 78 72 2 7 2 
8 9 34 65 85 5 7 9 
2 1 51 32 55 0 0 0 
2 7 57 16 69 6 9 4 
9 3 31 78 54 3 5 6 
7 5 28 42 71 1 5 8 
1 8 45 51 19 3 9 8 
1 1 23 24 40 2 8 4 
8 7 0 90 39 6 3 8 
4 6 45 81 54 7 5 4 
2 0 24 35 77 9 8 3 
8 4 23 42 85 3 5 0 
6 0 22 88 46 8 5 3 
7 8 23 89 70 2 4 2 
6 8 55 34 23 3 1 2 
1 4 25 54 45 3 4 1 
2 1 33 58 64 8 9 9 
3 8 3 55 66 3 3 0 
0 9 20 57 77 5 8 3 
7 6 0 44 33 0 9 2 
6 0 31 76 20 7 3 5 
9 5 36 39 74 0 4 4 
8 8 36 0 102 4 3 2 
5 7 29 72 61 3 9 6 
6 6 51 50 54 1 6 2 
1 3 40 112 61 4 9 3 
8 6 36 49 62 4 2 9 
1 6 5 60 31 2 5 2 
0 3 46 40 74 9 1 4 
6 9 43 55 56 0 3 5 
9 5 23 57 49 5 8 1 
6 7 29 50 37 0 6 0 
1 5 13 112 27 2 3 8 
1 4 39 54 36 9 8 5 
0 8 17 66 71 2 2 0 
3 7 48 44 62 2 4 0 
1 9 19 39 84 2 4 0 
5 3 33 51 41 9 2 8 
8 3 13 33 28 4 0 9 
0 2 36 76 50 8 0 9 
6 5 13 84 48 0 8 1 
1 0 59 46 66 0 9 3 
9 5 19 80 61 8 0 7 
0 4 73 29 84 2 3 6 
1 3 53 69 54 5 2 4 
9 5 52 49 41 3 9 3 
6 2 55 64 37 4 0 4 
2 6 30 57 29 6 4 8 
3 3 49 58 63 1 7 9 
9 2 28 30 75 6 5 0 
5 4 36 51 25 1 5 9 
9 0 24 30 0 5 1 0 
6 1 41 67 77 4 7 6 
0 6 39 66 22 3 9 5 
8 7 36 50 16 8 4 9 
2 7 44 66 64 5 8 3 
0 1 16 51 27 3 6 4 
7 0 53 38 50 2 1 5 
5 4 0 30 43 4 7 7 
4 2 16 85 35 8 4 9 
3 8 51 38 39 7 5 9 
0 9 28 38 64 9 8 1 
1 4 14 49 41 8 4 0 
7 3 57 106 88 4 6 4 
2 2 6 79 0 1 4 0 
2 8 13 48 28 8 4 7 
3 0 44 34 20 9 4 7 
5 9 15 42 49 0 2 0 
2 7 25 31 51 2 8 6 
1 5 69 68 48 3 4 3 
9 0 8 48 18 9 7 7 
6 5 57 36 44 1 4 3 
6 3 46 61 19 8 2 1 
4 5 1 54 30 2 9 6 
9 2 38 43 59 8 8 4 
6 7 33 37 63 7 5 5 
3 9 32 29 44 9 6 9 
3 6 28 50 67 8 6 5 
7 1 35 45 35 1 6 6 
2 2 30 41 70 6 7 9 
0 3 22 8 67 2 9 0 
7 2 31 51 49 1 6 7 
9 9 69 32 57 5 0 4 
0 2 48 62 60 8 7 8 
2 5 50 21 58 7 4 6 
4 4 25 77 48 8 3 4 
3 9 49 80 65 0 4 9 
6 4 77 83 63 9 9 9 
7 8 67 60 64 6 7 8 
0 4 30 58 50 5 6 6 
3 4 63 55 32 7 6 1 
2 4 36 37 20 4 5 2 
7 1 48 89 43 4 2 3 
3 2 32 27 73 4 5 1 
9 1 59 68 48 4 1 1 
3 6 0 53 72 2 1 0 
2 2 0 68 66 4 7 1 
8 6 40 47 62 4 2 7 
9 9 40 40 50 3 5 2 
1 9 35 61 44 8 9 0 
6 8 33 60 15 1 1 4 
5 3 56 68 75 9 0 2 
5 1 50 24 49 8 2 8 
0 5 61 45 49 4 3 7 
0 4 22 40 71 7 3 8 
1 1 4 37 56 5 8 4 
7 6 11 47 41 6 5 5 
3 2 24 60 46 1 8 6 
1 0 4 42 64 6 7 2 
1 3 29 63 86 3 2 1 
2 4 46 74 45 2 1 5 
6 6 34 22 27 8 5 7 
0 5 46 33 36 3 7 0 
4 9 40 38 46 3 1 4 
2 9 27 59 11 9 7 1 
6 0 30 22 57 1 5 0 
1 5 46 54 70 0 2 7 
4 6 0 21 49 5 3 7 
1 5 44 79 62 7 3 7 
6 3 36 45 19 8 4 6 
6 8 55 82 69 2 3 5 
2 3 7 59 20 6 2 0 
4 6 29 49 65 6 4 7 
0 7 42 63 43 8 7 2 
2 3 18 38 48 3 2 2 
0 0 37 42 34 5 4 2 
8 1 35 54 47 4 7 7 
1 1 15 82 60 2 3 3 
3 3 23 40 108 8 6 0 
1 7 42 64 88 8 1 5 
9 9 25 26 58 7 7 4 
9 8 19 33 59 9 0 4 
7 2 50 55 74 3 0 2 
9 6 64 36 48 6 0 2 
9 4 25 33 66 3 9 8 
3 5 75 15 35 4 5 7 
6 7 38 32 46 6 6 0 
2 9 21 63 36 9 0 3 
2 1 3 77 42 1 0 8 
1 3 38 82 31 5 2 0 
2 8 10 48 86 6 3 5 
4 5 40 41 38 6 4 4 
9 8 3 64 43 5 8 9 
2 5 43 30 53 5 1 6 
7 7 36 62 63 7 4 4 
7 2 49 59 25 1 2 7 
9 3 25 36 8 2 4 9 
5 0 7 56 32 5 1 2 
6 2 61 88 38 6 2 1 
3 5 41 24 48 2 7 6 
6 6 59 47 52 1 1 4 
9 9 43 82 45 1 6 5 
9 7 18 77 29 8 0 4 
5 1 21 41 61 3 6 7 
7 3 62 25 58 6 5 7 
5 0 36 60 35 4 8 6 
3 5 35 59 30 1 8 6 
4 8 0 58 59 2 4 5 
1 1 13 11 83 6 7 9 
4 8 38 27 38 3 9 7 
7 8 58 30 33 8 4 5 
8 7 31 78 50 8 4 6 
6 5 42 31 58 3 4 2 
7 6 30 40 93 2 4 0 
1 0 23 69 59 7 6 3 
0 0 53 22 50 7 7 9 
1 9 2 45 36 5 8 0 
9 7 56 42 75 2 9 3 
4 0 6 32 27 3 8 8 
8 4 23 65 32 6 7 9 
6 3 29 72 66 8 0 1 
2 0 4 37 61 1 0 9 
1 7 37 41 41 7 6 6 
8 4 6 76 58 6 5 4 
5 1 0 25 52 3 8 9 
9 9 22 41 69 8 3 5 
5 6 32 32 68 9 3 9 
9 9 15 44 41 9 9 2 
8 9 47 87 63 5 3 8 
7 0 25 67 49 1 3 8 
9 6 29 70 54 8 0 2 
2 3 54 50 57 9 0 7 
5 9 63 47 2 1 6 3 
0 6 62 48 79 7 5 9 
4 0 52 51 67 1 3 2 
9 7 21 82 45 5 4 7 
1 2 52 48 54 1 6 8 
2 6 24 63 81 5 1 1 
0 3 41 49 26 1 6 3 
3 6 3 67 61 5 4 8 
3 1 32 38 70 2 2 9 
3 4 43 38 34 1 8 1 
9 7 0 63 39 4 6 5 
0 8 13 15 30 0 3 9 
3 5 27 55 12 4 1 3 
6 6 43 45 56 4 9 0 
3 0 19 56 55 3 4 1 
9 7 35 45 55 7 5 4 
1 0 31 57 39 7 3 5 
3 7 0 32 56 2 8 3 
9 5 39 56 39 9 5 3 
3 9 20 74 43 5 5 4 
8 2 43 43 41 0 2 5 
9 8 0 64 42 3 6 4 
1 4 22 72 61 8 8 5 
1 7 13 60 0 9 4 3 
1 9 9 4 62 5 3 9 
4 0 39 71 20 1 9 3 
5 8 19 80 102 6 2 6 
6 0 1 42 53 7 5 8 
7 5 53 50 49 4 8 8 
2 8 35 49 59 7 0 7 
9 3 21 8 48 1 7 6 
8 3 4 37 10 3 9 9 
4 4 50 80 20 5 0 0 
9 1 70 52 26 6 4 2 
5 7 31 53 67 7 6 4 
7 5 33 51 50 1 2 2 
4 4 63 49 43 7 7 5 
8 2 13 66 35 3 8 5 
8 0 7 19 35 3 4 6 
0 6 41 46 47 3 5 3 
2 3 53 35 63 1 8 9 
0 2 40 47 47 8 8 5 
6 6 38 75 0 6 9 6 
2 6 26 53 70 7 9 6 
3 5 0 64 25 6 7 8 
9 6 50 62 88 2 3 9 
1 0 27 38 63 8 4 8 
6 8 31 32 6 2 8 8 
9 8 4 68 46 1 0 9 
0 8 56 54 47 4 2 5 
3 4 83 31 33 7 2 2 
7 0 78 65 37 7 0 8 
2 1 17 28 76 3 9 8 
9 0 42 9 67 5 7 4 
5 9 52 47 37 2 4 6 
3 7 23 51 45 8 6 0 
3 6 15 35 56 9 0 0 
3 3 49 74 36 1 5 3 
2 2 20 22 44 7 3 4 
1 8 30 69 20 4 1 4 
7 2 30 54 43 1 4 7 
7 3 14 34 50 7 3 2 
0 7 28 47 38 1 3 1 
9 7 31 53 57 7 1 1 
5 7 9 72 87 9 6 4 
4 1 28 0 25 0 1 9 
5 3 18 54 83 2 0 6 
4 4 28 49 37 6 3 8 
7 3 32 63 34 8 0 5 
7 0 0 54 27 6 3 8 
7 9 34 32 58 3 4 6 
5 2 0 45 5 8 8 7 
9 3 14 61 40 0 8 5 
8 0 23 85 62 6 4 3 
0 5 29 58 14 8 4 9 
8 1 13 76 19 9 1 0 
3 0 17 31 45 5 6 9 
5 2 8 47 37 5 4 0 
5 5 0 92 61 3 7 6 
7 2 11 50 48 1 2 2 
4 7 13 40 43 0 7 5 
8 4 5 72 22 2 2 7 
6 6 0 61 69 3 7 7 
4 0 10 34 27 6 1 6 
6 9 10 55 6 9 6 4 
1 9 26 30 93 0 0 4 
5 2 38 50 53 0 3 8 
8 0 19 60 41 0 1 8 
3 8 0 8 45 3 0 8 
9 5 40 68 42 0 5 2 
6 9 0 67 91 1 3 0 
2 1 26 48 35 5 9 1 
8 2 42 52 40 7 8 0 
0 9 28 62 37 4 6 7 
9 3 3 33 74 8 7 9 
3 9 7 44 41 8 4 0 
9 5 31 40 63 5 6 5 
5 9 0 46 31 8 7 8 
4 6 20 52 52 3 3 4 
5 2 29 91 26 0 5 7 
0 1 31 58 65 8 4 9 
1 8 0 67 51 5 5 8 
9 2 61 54 59 2 2 0 
3 9 24 39 22 3 4 0 
5 4 4 51 75 8 6 6 
2 5 7 51 28 0 5 9 
9 7 25 20 61 0 5 0 
7 2 53 21 34 4 3 3 
5 4 30 32 31 8 3 4 
4 2 46 42 51 5 6 5 
2 7 19 29 67 3 9 2 
1 0 48 12 50 8 3 9 
9 5 37 27 72 6 7 5 
0 0 21 21 46 8 7 2 
4 3 0 82 70 0 7 9 
6 2 54 53 56 9 3 0 
5 0 32 43 75 3 5 8 
1 8 0 64 49 7 1 5 
5 6 46 38 46 8 6 8 
7 3 67 41 30 2 9 5 
7 9 11 45 19 6 9 5 
6 3 38 40 58 0 7 4 
6 7 29 53 75 1 0 9 
2 8 57 58 49 8 5 8 
6 4 25 14 57 6 2 8 
9 2 36 68 58 1 0 1 
8 3 51 56 52 3 3 2 
7 7 57 66 40 0 1 0 
7 0 29 66 14 9 4 1 
1 4 61 45 35 6 6 3 
8 9 24 41 52 7 9 5 
4 9 33 50 51 2 0 4 
1 1 30 69 54 4 4 0 
3 7 7 14 53 0 8 1 
2 7 39 52 9 5 7 7 
2 9 39 28 41 9 5 6 
5 9 0 23 16 2 1 5 
0 4 27 18 25 8 9 9 
4 8 25 36 60 9 3 3 
8 2 11 22 54 2 7 5 
9 1 24 20 27 0 1 3 
3 2 32 59 76 0 4 0 
7 2 55 39 46 5 1 8 
1 7 42 48 105 8 2 0 
2 8 41 91 56 6 2 6 
7 2 33 46 33 6 7 6 
4 9 67 46 57 2 6 9 
0 6 47 77 48 0 8 3 
2 8 36 44 74 2 7 3 
1 2 34 55 56 2 5 2 
4 8 72 59 45 7 3 1 
2 5 0 39 45 2 0 5 
3 0 38 63 42 7 2 3 
3 5 16 63 56 5 2 9 
3 4 24 53 48 5 3 8 
6 1 46 20 47 5 6 1 
9 5 0 42 33 1 3 3 
3 1 32 103 42 3 5 3 
7 1 31 82 54 1 4 8 
9 8 52 25 45 3 6 1 
6 2 33 102 50 4 5 1 
1 0 21 52 36 9 5 4 
8 1 58 83 59 2 1 4 
0 5 48 21 80 6 4 5 
3 5 0 56 14 8 6 7 
7 3 55 51 75 4 3 4 
3 1 8 54 44 3 7 1 
4 2 45 108 31 4 6 1 
4 5 42 68 46 3 6 1 
9 2 11 55 51 2 9 7 
8 3 27 59 50 9 6 5 
2 1 21 71 30 3 2 7 
6 8 27 56 19 7 0 4 
2 5 42 69 12 7 9 0 
3 9 0 81 59 1 3 0 
0 1 7 57 50 5 8 0 
1 4 15 78 50 0 2 4 
0 4 0 46 39 0 1 6 
2 4 1 12 16 6 9 8 
6 0 8 40 78 5 2 5 
1 9 60 47 63 2 4 5 
4 8 22 60 79 8 9 0 
4 9 56 30 71 2 0 7 
3 3 64 28 40 9 4 0 
3 4 42 66 35 4 6 9 
7 4 21 63 39 5 9 1 
5 0 34 75 34 3 5 0 
7 3 30 48 46 0 1 2 
5 3 35 91 37 1 3 5 
9 5 50 18 56 8 6 6 
2 3 47 61 39 1 9 5 
6 4 50 45 16 4 4 7 
7 3 55 55 69 8 5 1 
2 6 5 44 43 5 6 4 
5 5 31 32 73 1 6 2 
5 1 48 16 77 2 3 0 
7 8 42 31 47 5 7 0 
2 1 4 50 52 1 4 1 
9 7 14 65 35 5 7 4 
2 2 31 29 19 3 7 4 
3 9 0 9 16 1 7 8 
0 4 24 58 41 7 5 2 
6 8 39 43 78 5 4 9 
5 7 16 52 44 4 0 8 
9 4 45 7 80 6 5 1 
4 8 46 60 24 5 6 7 
7 9 44 76 62 2 2 2 
9 8 65 74 47 9 0 8 
6 1 33 76 42 2 4 4 
1 7 34 46 17 2 8 1 
1 0 31 51 20 3 7 7 
7 3 29 42 48 1 1 6 
1 0 13 62 79 1 1 6 
4 1 67 74 45 1 8 5 
1 4 82 45 55 5 6 3 
0 4 0 49 44 4 0 1 
7 0 57 8 43 2 4 5 
1 2 1 17 80 4 2 2 
7 5 27 36 51 3 5 0 
6 0 38 77 46 6 2 8 
6 4 39 82 50 1 6 2 
1 0 24 31 39 8 8 6 
8 9 24 64 37 1 0 7 
4 3 20 84 68 0 8 0 
7 9 28 35 42 8 5 4 
3 9 19 39 30 8 6 1 
3 8 59 51 69 8 8 5 
7 2 49 71 56 6 3 8 
2 7 21 36 25 0 3 1 
3 5 40 51 59 5 5 4 
4 7 39 62 68 1 7 3 
4 0 6 48 34 2 6 2 
9 7 29 42 41 5 5 8 
6 7 5 53 51 8 6 1 
7 0 21 74 52 4 3 6 
3 4 38 78 64 0 9 8 
7 1 20 62 42 0 3 3 
6 5 73 21 29 4 2 3 
7 8 43 55 58 0 7 0 
0 9 10 62 41 5 1 9 
8 8 37 30 74 1 5 8 
5 8 23 70 63 9 6 6 
1 4 40 29 31 7 0 6 
4 4 40 17 69 1 4 0 
6 7 77 49 80 9 6 4 
2 7 2 37 53 9 3 7 
5 9 63 61 28 9 0 6 
3 2 33 75 33 7 1 3 
3 9 31 66 57 2 1 0 
9 8 15 42 58 9 4 8 
7 8 53 57 67 8 9 3 
4 1 0 64 79 1 2 5 
6 5 2 70 41 5 6 1 
4 4 51 70 35 9 0 8 
8 3 11 41 38 7 4 3 
1 7 12 33 58 7 6 0 
8 4 34 85 33 6 2 5 
5 3 29 48 37 5 2 8 
3 9 51 31 32 0 0 3 
4 8 28 57 25 4 1 0 
3 9 32 17 84 7 3 9 
6 0 45 38 43 0 0 6 
1 1 33 49 71 4 2 2 
9 5 61 82 56 8 7 4 
2 8 54 57 73 3 5 9 
0 4 34 25 54 5 5 5 
4 5 64 81 65 2 9 6 
6 6 44 43 15 8 7 4 
2 3 43 49 41 3 3 5 
2 2 12 57 17 9 7 9 
2 5 78 77 16 7 7 3 
9 9 10 72 83 5 3 5 
1 9 10 107 58 1 7 1 
4 8 46 45 39 1 0 2 
0 7 3 19 32 0 8 0 
3 1 2 39 60 4 1 0 
9 8 29 50 92 3 3 2 
6 7 63 65 52 0 3 0 
3 2 29 47 74 3 4 1 
4 5 19 33 58 1 5 8 
6 9 41 30 26 4 2 7 
8 2 33 27 42 9 7 5 
0 5 23 48 33 6 8 2 
5 6 26 66 41 1 1 6 
7 3 32 73 76 4 8 8 
9 7 61 46 16 4 8 9 
2 3 18 57 10 5 3 1 
4 8 34 68 38 8 6 2 
8 2 61 62 100 8 2 6 
3 7 32 75 58 3 2 0 
7 0 26 0 10 2 7 2 
8 3 52 20 56 6 9 5 
6 2 50 47 55 2 8 2 
6 5 8 46 54 1 4 2 
8 4 13 71 44 6 8 7 
4 4 35 29 64 7 7 2 
2 1 5 53 72 7 0 2 
0 7 10 42 63 8 0 7 
0 3 8 23 48 2 7 1 
7 4 18 50 40 5 3 6 
4 1 0 10 51 5 7 3 
4 5 0 18 10 8 2 3 
8 8 37 23 61 7 4 2 
5 7 26 92 90 8 7 6 
4 4 15 52 64 7 7 2 
8 5 45 81 74 0 3 5 
8 1 37 38 80 5 4 1 
5 5 65 51 48 3 5 6 
2 9 42 39 35 6 1 2 
7 6 43 38 27 1 5 5 
3 3 43 65 50 2 4 2 
3 7 19 34 30 5 8 9 
8 3 29 82 66 3 8 0 
7 0 7 55 72 2 4 5 
6 6 27 29 56 1 9 9 
1 0 35 47 71 9 4 0 
3 9 55 51 56 9 7 3 
4 9 27 68 56 4 0 9 
3 7 66 33 75 3 7 7 
3 3 16 40 52 6 5 5 
0 3 0 64 63 0 3 4 
1 4 4 42 33 6 1 1 
5 9 27 52 74 8 1 3 
0 5 71 43 16 4 5 8 
2 3 3 51 45 4 0 9 
5 8 32 45 51 9 5 8 
8 0 27 43 34 4 9 3 
5 0 0 11 23 3 7 7 
5 8 31 27 67 5 5 1 
0 2 16 39 50 4 6 8 
5 0 11 57 29 9 2 6 
0 8 50 52 67 1 0 5 
8 7 52 76 58 2 6 3 
8 3 37 7 48 0 7 1 
1 4 46 57 28 7 4 1 
3 9 34 82 55 0 9 9 
7 1 29 46 73 2 9 6 
1 2 36 46 50 3 1 8 
9 5 15 70 63 9 1 7 
1 2 31 96 60 4 5 1 
8 8 52 30 63 0 0 6 
8 5 31 64 63 7 2 5 
0 1 0 69 39 0 2 8 
1 0 7 90 39 0 3 0 
2 6 30 36 37 9 4 0 
7 7 50 47 39 6 4 9 
3 9 27 46 77 8 3 6 
1 4 43 42 68 1 1 5 
3 8 40 38 57 7 1 4 
2 9 53 32 23 9 3 3 
3 0 35 31 74 4 2 8 
1 3 5 27 47 7 7 7 
0 6 40 23 43 7 5 2 
8 1 20 57 78 7 5 9 
6 9 30 28 30 7 7 2 
6 9 11 25 48 7 7 7 
1 4 15 59 49 4 3 2 
5 1 57 76 8 9 0 1 
9 6 49 32 67 0 7 6 
4 8 31 51 28 0 0 2 
8 4 32 39 64 7 3 5 
7 0 35 44 49 6 4 9 
5 1 56 28 34 4 8 0 
0 4 17 29 41 2 5 0 
3 3 27 46 31 8 1 1 
5 2 28 14 35 1 2 6 
4 1 40 46 43 1 4 1 
3 2 30 49 42 1 2 6 
3 3 17 48 2 8 4 1 
7 3 54 69 17 0 2 4 
7 4 12 62 43 9 4 0 
6 2 26 25 68 9 4 5 
3 0 0 27 52 9 8 0 
5 3 37 98 44 1 9 4 
7 8 34 34 51 2 2 5 
5 6 26 50 26 3 4 3 
0 8 11 49 76 6 5 2 
0 4 18 63 58 8 9 5 
6 3 38 54 29 9 3 2 
3 6 35 36 23 4 9 1 
3 9 42 60 31 5 0 8 
4 7 22 76 88 5 2 1 
0 8 11 0 73 6 4 6 
8 2 18 35 47 5 7 7 
9 9 48 52 59 0 0 4 
7 8 0 27 26 9 2 2 
7 0 21 74 69 2 4 8 
0 2 55 93 60 4 0 1 
7 1 74 33 21 2 1 6 
2 3 27 4 78 4 7 4 
8 5 23 28 20 6 0 0 
3 3 36 32 64 6 9 4 
7 1 45 55 0 0 5 3 
2 3 48 57 36 4 1 4 
3 9 22 57 42 7 5 7 
2 8 37 60 41 5 5 5 
3 7 33 48 41 6 0 5 
7 4 0 64 50 6 8 6 
1 2 0 37 63 3 0 3 
7 2 4 93 20 6 7 3 
1 3 29 46 21 7 8 3 
6 8 26 44 19 9 2 7 
4 5 11 60 53 2 5 5 
1 0 2 46 57 5 2 1 
6 1 38 26 74 4 7 6 
0 0 2 26 40 5 3 2 
6 2 24 37 83 7 2 7 
8 2 38 25 90 4 2 9 
9 7 26 33 54 7 0 7 
8 3 40 45 53 9 3 5 
7 7 0 62 78 1 3 4 
7 5 44 53 43 2 6 6 
5 1 29 45 61 5 1 1 
8 8 22 42 72 8 0 8 
2 7 27 66 42 4 8 9 
7 2 38 17 50 0 1 9 
0 6 17 53 67 5 8 0 
9 6 22 34 68 5 4 5 
9 9 7 51 55 4 3 1 
2 6 0 36 52 8 7 2 
2 2 44 53 49 9 6 1 
1 0 43 27 67 1 8 4 
0 8 43 50 35 4 7 1 
6 2 25 52 50 9 6 4 
3 4 0 3 27 0 0 8 
1 9 37 48 31 6 0 7 
0 8 43 41 0 2 6 6 
8 6 20 57 0 9 5 7 
1 3 22 22 69 3 7 2 
6 9 42 71 41 7 1 4 
1 4 43 50 51 6 7 0 
1 2 24 61 37 4 9 4 
7 6 2 74 78 4 9 8 
3 0 0 81 34 9 8 7 
1 8 9 33 49 1 5 1 
7 2 34 44 61 9 1 1 
2 7 67 70 67 6 3 7 
8 0 16 26 44 5 5 6 
0 8 52 43 41 8 4 6 
1 8 36 52 35 0 5 8 
6 4 0 29 62 5 1 8 
3 6 46 40 80 9 8 8 
5 8 21 50 68 8 0 8 
2 3 29 106 75 5 2 6 
3 6 46 0 63 3 3 8 
3 8 6 63 23 4 5 5 
5 8 39 20 61 8 2 4 
3 2 13 48 67 3 9 9 
5 2 24 22 74 0 6 4 
5 4 23 54 56 9 5 0 
1 2 45 57 19 6 6 3 
6 6 70 72 71 2 5 5 
5 6 45 37 70 8 2 3 
5 4 28 45 45 9 2 8 
5 7 67 31 24 5 5 6 
4 6 79 52 93 0 8 7 
9 0 10 58 48 0 7 0 
1 1 29 51 59 7 0 4 
5 7 15 34 66 1 0 3 
5 0 64 63 34 7 6 5 
5 2 55 37 53 6 4 6 
3 4 20 80 65 3 8 7 
2 9 27 27 30 1 1 6 
8 2 18 59 57 0 3 5 
2 2 35 55 82 6 9 1 
6 2 17 56 41 6 5 4 
8 2 22 69 24 8 9 4 
1 6 49 29 61 8 8 1 
7 1 27 30 60 4 9 3 
4 5 1 63 32 2 9 6 
6 6 28 34 78 1 2 7 
9 7 63 0 53 2 1 5 
0 5 51 52 75 3 6 1 
3 6 50 108 34 6 3 0 
2 1 39 57 56 8 7 7 
6 0 10 43 45 7 9 7 
6 5 28 36 62 0 5 2 
0 2 18 45 28 9 1 8 
7 1 40 82 71 2 8 3 
8 3 68 47 59 4 6 4 
3 4 9 43 33 3 4 3 
7 9 48 96 47 2 8 9 
5 2 15 88 68 2 3 6 
6 6 58 55 56 4 8 2 
9 5 18 63 64 0 0 6 
2 0 54 17 58 5 6 1 
7 7 33 43 67 3 3 5 
5 2 32 55 58 7 7 0 
9 3 32 19 60 0 9 0 
6 9 14 52 60 9 5 8 
7 2 49 51 62 2 5 9 
6 2 26 69 70 7 2 4 
2 1 44 49 52 7 1 2 
7 3 51 13 56 1 7 6 
3 6 11 52 71 9 5 1 
6 4 6 75 32 4 1 6 
3 1 0 48 5 8 7 2 
9 0 69 26 74 7 2 9 
6 6 44 22 24 3 5 4 
8 4 15 39 55 6 5 9 
4 8 22 32 29 2 9 1 
3 3 10 45 64 2 3 9 
6 2 31 75 54 2 9 9 
9 1 14 25 74 6 5 7 
4 7 36 58 34 9 9 3 
3 2 42 16 83 7 7 6 
5 3 34 57 71 7 0 3 
0 8 25 59 15 6 5 1 
4 6 39 66 49 0 7 2 
8 7 40 47 35 1 3 2 
0 5 1 39 57 5 4 3 
4 5 0 64 68 8 6 8 
6 2 46 55 68 5 0 4 
5 5 30 47 22 1 4 4 
3 4 16 61 17 6 3 1 
6 3 48 56 55 0 8 0 
4 9 0 12 93 3 3 4 
6 1 24 62 84 4 4 6 
8 0 26 45 64 2 5 0 
1 4 2 45 27 1 8 0 
1 1 21 83 33 4 3 4 
3 3 6 57 13 5 6 8 
3 4 36 42 45 7 8 0 
9 7 0 67 17 3 4 0 
3 0 26 42 75 5 4 8 
4 3 58 70 59 1 5 6 
3 0 25 53 24 1 7 6 
2 2 14 66 54 7 3 1 
5 3 25 0 58 5 3 9 
5 1 38 53 88 1 8 2 
8 7 45 67 56 2 3 4 
2 2 45 6 40 5 7 6 
5 3 0 38 28 0 4 1 
9 4 5 45 73 3 7 8 
4 6 46 43 27 2 9 8 
1 0 38 45 54 1 2 4 
1 6 70 44 47 2 0 4 
1 5 82 39 32 4 0 0 
6 5 18 32 39 6 2 5 
9 7 18 77 75 9 6 6 
5 8 26 63 27 8 9 7 
3 5 25 36 41 0 3 3 
2 6 66 63 54 0 8 8 
6 9 15 57 58 0 6 9 
7 8 53 32 46 7 1 1 
7 9 23 50 64 7 8 1 
0 8 31 85 80 5 5 8 
2 6 25 69 48 2 3 6 
4 5 19 75 39 3 8 4 
7 2 27 29 45 1 0 7 
4 2 3 46 60 4 9 9 
4 1 28 40 46 1 5 4 
6 9 19 49 41 2 6 2 
0 8 21 47 62 6 4 1 
0 7 32 14 85 5 0 4 
0 9 29 44 68 4 3 3 
1 7 32 14 65 5 9 2 
7 9 51 27 24 1 6 9 
7 3 46 35 63 4 8 4 
1 8 16 34 88 0 4 1 
9 2 28 54 78 1 2 2 
0 8 10 78 48 9 0 6 
5 2 14 1 62 0 8 4 
2 1 40 24 60 8 0 7 
9 5 45 68 34 9 3 7 
2 0 6 37 50 9 0 0 
8 1 15 71 69 5 8 3 
1 6 39 19 22 8 8 4 
5 6 26 33 67 2 1 7 
4 1 0 49 19 0 9 0 
2 9 42 34 61 7 9 1 
3 9 41 33 52 1 7 6 
0 2 31 44 58 0 2 0 
6 9 12 100 9 2 4 3 
8 2 0 47 60 0 5 0 
4 6 34 59 66 8 9 8 
4 3 36 65 38 2 7 5 
1 7 32 78 70 8 4 8 
6 0 10 48 36 0 3 7 
8 2 32 73 37 7 3 1 
5 6 32 35 30 8 6 2 
6 8 18 30 49 3 6 5 
5 6 11 61 63 2 4 2 
3 0 40 66 40 6 2 1 
8 4 35 67 47 1 3 3 
8 7 13 16 22 3 3 6 
2 5 7 21 40 0 3 2 
3 5 41 50 37 1 2 7 
7 7 38 70 40 6 8 1 
0 0 0 44 35 0 3 5 
9 1 14 93 91 9 4 1 
4 5 21 45 58 7 1 1 
6 7 29 39 37 9 6 7 
0 1 38 20 47 0 2 3 
0 0 13 63 84 0 9 6 
3 7 58 46 61 8 9 4 
6 0 18 79 55 0 6 4 
9 9 38 56 68 7 1 2 
8 7 11 39 32 8 6 9 
2 7 7 72 75 3 4 7 
1 8 53 52 6 8 7 2 
9 1 53 42 58 2 8 9 
5 6 47 32 35 5 2 3 
9 4 28 44 77 1 2 8 
6 5 44 31 24 3 5 1 
9 0 30 53 37 3 4 5 
9 2 6 34 74 1 0 6 
6 3 28 40 42 9 4 9 
0 3 5 68 50 1 6 3 
6 4 48 38 59 3 2 8 
9 2 20 75 42 1 8 7 
4 0 21 84 25 1 1 8 
9 5 10 66 46 1 1 1 
8 4 27 45 28 0 3 5 
1 2 46 64 56 5 4 6 
6 6 22 44 44 7 2 7 
6 5 29 17 20 7 9 6 
7 8 16 75 35 5 0 8 
5 8 12 22 61 3 3 4 
5 9 38 52 31 3 5 7 
2 4 56 41 64 0 6 8 
7 5 8 23 50 3 8 9 
5 7 28 28 33 3 0 2 
4 7 62 44 44 8 8 8 
5 9 22 56 32 0 4 6 
1 3 41 50 41 1 2 4 
5 8 5 39 19 5 1 6 
2 4 0 24 44 7 6 8 
4 0 62 30 63 7 0 3 
5 0 39 33 6 4 8 0 
9 7 27 65 70 9 3 2 
9 6 28 97 58 0 3 8 
3 1 15 42 47 0 1 9 
5 0 35 23 48 9 1 6 
1 5 25 35 47 3 7 9 
8 7 48 68 42 1 3 8 
3 0 60 83 71 3 8 2 
5 8 75 82 31 6 6 2 
4 5 31 67 37 7 2 3 
2 8 51 82 35 8 5 0 
3 5 52 78 56 4 1 2 
3 5 0 20 66 8 5 1 
9 9 29 55 59 7 4 5 
1 2 39 38 50 1 5 3 
6 6 29 51 4 9 5 8 
6 3 26 35 70 3 1 9 
1 3 0 87 42 2 5 1 
9 2 17 42 60 2 9 3 
6 7 0 23 71 5 0 4 
8 4 22 28 22 4 2 5 
5 9 0 50 60 0 7 4 
5 1 43 67 54 1 0 1 
2 3 17 38 64 6 7 3 
5 6 27 49 15 0 5 4 
6 9 9 58 46 3 1 7 
6 4 34 67 60 0 9 4 
0 9 47 17 23 5 0 7 
2 5 53 40 54 3 8 7 
8 3 22 52 58 5 8 6 
9 9 78 38 14 2 4 1 
7 6 27 27 86 7 2 2 
9 8 28 71 38 8 7 7 
9 0 59 57 26 0 2 1 
5 9 22 61 78 7 0 7 
7 0 1 44 78 8 7 6 
7 1 14 80 58 6 8 5 
1 2 31 14 67 6 1 0 
9 6 0 33 36 1 6 1 
3 8 15 49 59 8 9 3 
8 8 29 37 23 5 8 5 
2 8 5 4 46 6 0 1 
7 4 35 37 55 8 0 8 
6 9 57 78 46 4 7 5 
5 9 0 54 60 7 0 0 
2 5 42 53 57 3 9 6 
7 0 33 41 21 1 3 8 
7 0 6 65 14 5 4 2 
8 3 20 74 41 6 3 2 
5 3 36 28 63 1 2 5 
7 8 54 38 26 5 3 5 
3 3 38 96 35 9 0 5 
1 8 49 38 27 9 5 4 
0 1 53 46 50 4 6 6 
5 8 33 20 23 1 6 2 
6 1 44 21 29 8 7 0 
4 6 52 49 83 4 3 5 
2 0 9 41 21 4 4 0 
0 3 58 27 51 3 7 0 
8 1 37 45 31 4 3 0 
9 8 16 48 44 4 9 3 
1 8 2 84 45 2 8 6 
4 7 5 57 27 1 4 9 
6 6 4 41 78 7 8 7 
8 4 17 40 68 0 2 8 
6 9 32 41 44 4 8 7 
2 7 14 38 59 3 6 2 
2 2 63 45 39 1 3 0 
5 9 26 72 36 7 0 4 
7 1 13 29 59 2 2 9 
4 2 78 68 36 6 7 8 
6 8 0 84 66 7 2 4 
4 4 23 56 88 9 4 1 
7 3 28 48 63 2 0 7 
7 0 34 23 91 7 2 1 
1 2 68 41 54 3 4 3 
9 6 17 74 84 2 4 7 
9 3 68 44 13 7 9 8 
7 3 47 43 35 5 5 6 
0 0 0 63 46 4 6 7 
8 9 7 44 4 8 5 4 
6 8 4 52 49 3 3 2 
3 7 31 16 55 3 9 4 
3 5 27 100 79 1 4 0 
5 7 34 41 50 7 9 2 
8 1 51 50 59 9 6 9 
9 2 31 22 51 7 0 7 
7 6 20 42 94 4 4 5 
1 1 29 75 29 9 7 2 
2 1 12 49 19 2 0 1 
7 4 39 46 39 8 4 0 
3 7 45 61 39 7 6 5 
0 5 49 42 58 8 3 0 
6 5 10 54 41 6 8 1 
1 7 36 28 68 5 3 3 
6 4 15 50 46 6 7 1 
7 1 11 70 0 2 6 4 
6 3 16 38 30 1 1 7 
8 1 2 95 68 1 7 2 
9 6 32 64 28 2 8 5 
0 0 0 74 34 4 2 6 
9 6 38 48 56 6 4 5 
9 7 12 76 27 4 4 6 
2 3 61 68 21 9 2 7 
6 2 6 91 75 5 1 1 
9 7 54 33 93 8 4 1 
6 6 51 48 54 9 4 7 
4 8 49 56 23 9 0 7 
8 6 26 57 50 4 0 1 
9 6 17 54 47 3 9 7 
5 5 0 30 23 0 4 2 
5 8 50 48 19 2 1 4 
5 2 15 27 70 0 1 4 
0 4 38 64 34 7 2 1 
8 2 49 23 15 3 0 6 
3 0 11 53 65 4 2 8 
7 1 14 54 13 5 0 7 
5 0 44 43 39 4 6 0 
7 2 61 85 43 5 7 9 
6 2 47 48 47 7 5 7 
2 4 0 52 58 9 1 2 
9 7 38 33 67 7 3 7 
4 7 48 102 4 7 8 9 
5 6 30 74 48 0 9 7 
8 8 34 45 30 5 4 6 
6 7 35 82 55 8 1 6 
6 2 25 50 24 1 8 9 
5 0 42 59 49 0 6 6 
0 0 5 66 75 0 7 7 
6 4 48 32 42 8 1 5 
0 2 33 0 62 9 8 7 
3 6 39 27 30 3 1 7 
7 6 29 42 50 8 8 2 
5 7 36 52 14 6 9 0 
9 2 58 47 43 0 4 7 
0 6 37 80 48 0 5 6 
8 2 33 43 36 6 2 0 
2 8 37 69 63 1 0 5 
0 3 0 78 20 1 1 2 
6 9 11 40 72 4 9 7 
8 5 38 49 10 5 1 5 
3 7 51 66 67 0 3 7 
7 9 38 81 56 1 7 9 
6 0 25 31 49 8 9 4 
8 0 13 53 50 4 4 1 
1 5 21 33 51 6 8 5 
9 3 65 60 30 0 4 3 
3 3 38 91 41 0 9 1 
5 1 31 38 39 3 7 4 
6 8 29 39 37 5 4 7 
6 7 30 18 37 1 1 9 
1 4 70 48 48 7 5 2 
7 8 27 58 28 6 8 1 
1 8 17 40 44 3 4 2 
2 3 8 75 65 2 3 4 
2 9 6 71 6 6 6 6 
5 8 16 89 63 8 7 9 
2 1 48 51 35 1 5 4 
5 8 15 40 41 2 9 8 
0 3 27 67 76 1 5 8 
0 5 58 62 43 4 6 0 
8 1 54 70 73 4 6 1 
2 7 9 31 62 4 0 0 
3 4 38 40 21 8 0 6 
3 4 59 42 30 5 6 2 
5 2 45 31 39 7 2 9 
7 5 30 46 26 9 6 2 
9 1 33 38 60 3 5 7 
7 9 0 57 35 2 5 0 
1 2 13 82 90 7 5 6 
6 4 10 37 40 9 9 0 
2 0 14 41 36 4 4 1 
2 4 34 63 71 7 0 8 
7 3 60 18 62 2 2 5 
9 2 14 33 81 4 3 9 
3 8 68 64 55 9 8 1 
8 2 52 39 26 0 7 2 
5 9 31 64 60 6 5 0 
2 8 29 52 56 3 4 8 
3 9 0 59 69 8 8 9 
0 6 37 55 50 8 2 6 
4 6 26 68 23 9 7 6 
0 3 33 59 55 2 3 2 
4 2 12 21 56 0 3 6 
6 8 48 55 52 6 7 7 
1 9 27 37 26 8 2 8 
1 4 8 59 50 3 8 7 
2 1 14 53 97 6 3 8 
5 1 39 54 71 1 6 5 
0 3 32 30 40 8 7 8 
1 9 18 13 67 3 4 8 
6 6 48 66 86 5 0 8 
5 9 25 51 49 9 6 3 
2 4 33 58 49 5 6 5 
6 3 0 83 42 6 3 0 
8 0 8 35 36 3 8 1 
1 0 28 36 68 9 1 0 
6 9 63 27 50 2 0 3 
0 8 49 35 50 5 9 4 
4 7 0 38 37 0 3 7 
8 5 35 45 76 9 0 4 
8 4 41 27 41 2 8 7 
8 7 11 49 16 9 7 9 
7 9 26 49 26 3 3 9 
4 7 42 52 31 1 2 2 
9 4 27 61 36 4 0 4 
6 5 10 56 58 1 8 7 
2 8 42 44 43 4 4 0 
5 7 42 54 52 0 2 7 
3 6 69 0 46 1 9 8 
2 6 43 70 47 8 3 6 
2 0 50 53 34 7 4 4 
6 1 34 53 62 1 2 1 
4 5 52 67 33 0 5 8 
9 1 49 55 64 4 3 9 
7 6 0 41 56 3 0 9 
4 4 28 37 49 3 7 5 
3 3 30 56 49 4 3 7 
6 6 0 47 84 1 9 3 
9 5 34 73 54 3 1 0 
5 6 34 75 20 4 6 3 
1 7 47 46 77 3 5 3 
7 1 32 57 36 3 2 2 
0 6 36 24 60 0 5 1 
4 1 47 33 74 8 6 5 
3 4 22 63 63 2 7 5 
2 7 0 36 53 6 0 5 
7 2 0 28 33 5 1 1 
7 5 11 55 28 3 8 1 
9 9 51 60 60 2 7 3 
8 7 57 89 15 9 5 1 
3 0 12 56 90 1 7 1 
1 4 20 26 21 9 5 6 
2 6 0 62 100 4 3 6 
3 2 5 92 58 4 4 9 
5 4 37 44 68 9 8 4 
6 1 48 6 26 6 3 4 
3 3 51 35 80 1 3 1 
0 7 36 67 42 1 8 4 
5 6 38 10 48 6 4 6 
5 0 35 56 62 2 0 2 
6 5 48 33 60 4 3 8 
1 6 63 56 26 6 0 2 
0 7 23 82 32 8 8 0 
1 1 28 0 53 4 7 6 
3 4 23 73 57 7 8 2 
1 2 28 54 58 5 8 3 
4 1 48 53 47 4 4 6 
3 2 18 42 25 4 4 9 
6 7 51 50 27 3 8 9 
7 6 28 60 27 6 8 6 
7 3 35 30 48 2 9 7 
4 8 19 54 20 5 7 7 
0 1 0 36 50 1 6 2 
0 9 4 79 67 8 9 7 
4 0 9 90 72 8 2 9 
6 6 25 80 41 6 2 9 
6 2 0 46 84 4 3 8 
8 6 28 15 50 4 8 7 
4 5 41 18 56 1 6 7 
0 4 33 67 38 2 5 0 
9 2 18 63 0 7 0 7 
0 8 49 51 69 7 6 2 
4 3 60 40 81 8 3 9 
6 2 21 64 48 4 8 3 
5 8 58 74 45 1 1 5 
3 6 0 41 43 3 2 1 
1 7 25 56 24 2 4 3 
8 6 0 55 92 1 1 8 
7 1 46 13 21 7 0 8 
0 4 14 78 70 3 1 6 
0 2 3 80 96 8 9 5 
4 9 13 83 79 5 9 0 
0 6 13 44 76 5 8 0 
5 6 47 64 10 6 0 7 
9 0 72 42 71 4 9 1 
0 9 26 29 53 0 7 7 
4 9 18 56 90 0 6 7 
7 3 21 11 91 6 6 6 
1 3 51 26 85 9 1 3 
5 0 14 47 67 2 4 0 
9 0 41 75 66 4 0 0 
2 8 23 32 64 9 7 3 
7 8 39 48 51 5 9 5 
0 2 28 64 58 5 5 9 
1 3 0 59 55 0 8 1 
4 5 46 60 33 4 4 2 
9 9 44 37 69 4 5 3 
4 7 11 51 60 3 8 9 
5 7 17 63 57 1 5 3 
3 2 4 33 53 9 2 1 
5 3 0 51 40 0 9 2 
5 2 1 30 42 0 7 2 
3 8 61 23 66 1 9 8 
4 9 38 39 25 0 9 7 
6 0 28 67 20 2 3 9 
4 7 15 68 48 8 9 4 
4 5 26 43 16 0 0 5 
5 9 12 40 68 0 8 2 
5 4 36 67 18 4 2 6 
0 7 46 38 60 4 5 6 
0 1 36 50 46 9 9 4 
7 2 32 49 24 6 6 0 
8 8 47 26 33 5 5 2 
3 5 37 66 41 7 1 1 
3 1 25 71 63 1 4 6 
3 5 17 36 39 3 5 1 
3 6 44 56 45 3 9 9 
4 9 39 38 62 1 4 2 
6 5 48 44 59 8 4 1 
6 4 37 66 52 1 8 1 
2 7 28 50 91 7 7 7 
6 2 37 74 42 2 3 8 
5 9 9 42 57 8 1 6 
7 3 17 30 36 9 5 5 
6 9 0 41 28 0 3 1 
5 7 42 72 37 2 6 2 
6 6 38 74 63 4 7 1 
0 8 24 48 47 3 6 2 
7 9 41 35 28 4 5 6 
5 2 15 60 57 4 9 9 
1 6 46 12 34 6 6 3 
8 3 0 51 60 2 5 8 
1 1 30 56 39 6 6 8 
6 8 4 58 48 4 1 1 
0 6 33 54 71 1 0 0 
8 8 0 48 32 4 0 9 
6 1 45 19 63 6 6 3 
1 1 20 63 38 0 8 3 
1 4 27 4 30 9 4 2 
3 7 21 47 50 3 4 1 
0 9 17 38 66 2 0 3 
8 5 12 19 40 0 9 3 
6 5 61 30 42 9 2 2 
4 6 40 44 50 5 7 5 
6 9 3 51 46 0 4 2 
1 1 20 68 46 2 9 9 
4 4 0 43 27 7 5 3 
4 9 34 60 60 1 8 2 
6 3 35 56 28 4 1 7 
0 5 47 38 41 6 5 5 
1 7 10 54 31 4 4 0 
1 5 3 11 62 2 7 7 
7 4 12 47 14 2 3 4 
9 9 24 8 34 2 3 7 
4 0 38 47 35 6 3 3 
8 7 28 60 61 3 4 0 
2 9 9 58 43 1 0 0 
0 6 17 76 82 6 7 7 
6 2 42 47 54 5 1 7 
1 8 9 52 58 1 2 1 
6 4 13 41 75 1 6 1 
9 5 19 34 50 8 5 1 
5 2 1 43 55 1 0 0 
1 4 35 0 97 9 0 4 
1 1 17 62 44 0 3 9 
1 8 49 59 62 8 5 6 
2 9 63 18 6 2 5 9 
5 3 6 59 68 0 3 4 
6 0 18 44 61 4 8 0 
9 3 13 17 43 8 4 3 
8 4 60 32 82 7 1 9 
7 4 0 52 51 1 4 2 
4 0 28 70 67 2 7 0 
7 7 18 28 42 2 9 1 
3 6 53 18 72 5 0 4 
0 8 49 6 75 9 9 4 
1 2 11 30 60 2 3 2 
1 0 38 75 54 5 0 5 
4 3 69 20 34 4 5 1 
0 2 22 55 30 9 6 6 
8 2 27 70 62 7 8 4 
3 9 12 46 70 7 8 1 
9 0 2 63 56 1 3 3 
3 6 17 8 57 9 3 4 
5 3 52 51 25 2 3 5 
7 6 8 13 84 9 3 6 
1 3 39 68 61 5 3 0 
2 8 38 69 32 9 5 6 
7 1 23 56 55 2 3 5 
5 3 18 32 64 3 9 9 
6 0 26 92 59 2 7 1 
7 4 9 32 36 3 3 4 
7 6 32 48 59 2 8 6 
5 6 50 18 51 2 1 3 
2 8 53 53 7 1 9 3 
9 9 11 40 64 4 9 1 
5 0 17 53 76 4 0 2 
1 6 28 37 93 0 1 6 
5 1 30 93 39 3 6 3 
4 3 32 32 48 6 7 9 
5 8 16 52 5 2 5 4 
4 8 35 35 38 5 9 3 
8 3 11 60 63 1 3 0 
6 8 0 72 47 2 3 7 
5 8 31 67 34 1 3 8 
0 5 31 55 85 1 2 3 
4 5 30 48 19 2 2 8 
9 0 44 74 28 0 8 6 
0 8 0 44 29 0 3 0 
4 9 51 24 48 1 2 8 
5 7 3 100 31 6 1 6 
0 0 0 69 64 7 7 5 
7 6 65 57 58 2 3 2 
7 7 28 69 30 9 7 9 
7 9 55 49 52 4 7 1 
