8 1500
1 4 0 45 43 5 4 2 
0 3 38 31 76 5 7 4 
3 1 7 37 46 9 9 0 
9 3 27 70 44 1 1 6 
4 9 34 40 57 6 3 4 
3 6 15 38 31 8 7 9 
9 2 27 10 24 7 9 1 
0 1 6 72 40 6 2 4 
2 5 56 35 32 9 7 4 
0 1 11 33 55 7 8 8 
2 3 10 39 59 1 5 6 
1 3 34 50 69 9 2 9 
9 8 24 38 48 2 6 1 
0 0 78 42 78 8 8 1 
4 4 36 53 62 2 4 4 
7 9 28 64 62 3 4 6 
6 8 17 67 28 6 0 4 
2 9 0 70 59 9 5 8 
3 8 44 65 26 7 8 9 
0 3 23 40 44 4 6 9 
7 7 0 19 66 2 1 2 
2 9 62 61 27 5 2 9 
2 4 31 45 31 4 4 2 
3 7 65 44 39 9 9 0 
4 2 10 19 14 5 0 4 
4 1 0 98 59 7 0 4 
9 9 12 64 49 5 1 5 
7 4 40 39 34 1 7 8 
9 2 17 67 88 7 2 8 
5 8 24 57 16 1 2 7 
4 7 53 34 22 6 9 9 
8 8 15 57 69 7 9 7 
8 6 53 50 19 8 6 3 
7 5 17 55 66 9 2 5 
6 1 3 30 25 8 5 9 
2 0 43 72 18 1 9 9 
9 3 40 67 46 7 8 2 
7 9 42 28 18 6 4 0 
6 9 8 26 78 2 3 7 
9 5 30 61 44 8 0 0 
8 6 11 60 67 8 6 0 
0 7 31 68 11 3 1 8 
7 8 24 56 16 7 1 6 
5 7 0 40 63 9 1 0 
0 5 48 79 49 5 7 4 
8 4 0 38 64 7 2 6 
6 2 42 45 25 2 9 6 
6 6 14 28 49 5 0 3 
4 4 32 42 75 2 7 7 
9 2 43 57 25 9 9 0 
1 9 37 86 51 0 5 5 
0 3 8 21 43 9 4 9 
7 7 59 94 53 1 6 9 
9 2 67 55 54 6 7 4 
7 0 10 54 29 6 2 7 
4 1 91 31 66 8 1 8 
1 4 29 44 75 0 6 7 
0 4 33 74 81 1 8 8 
0 9 31 64 100 8 9 8 
0 0 42 45 53 3 1 5 
8 9 4 41 83 2 6 4 
9 4 0 79 22 0 1 8 
2 2 64 24 58 7 2 8 
9 9 27 35 57 9 7 9 
2 7 5 77 36 2 0 7 
7 2 10 60 44 9 2 7 
4 8 27 38 74 6 5 3 
6 2 46 33 5 4 0 5 
5 1 11 72 19 9 4 0 
0 8 51 69 19 8 2 0 
7 7 50 44 65 1 7 4 
1 5 49 55 62 5 9 7 
8 7 0 48 39 1 6 9 
2 8 19 46 60 4 4 2 
6 4 15 62 73 2 5 1 
2 9 7 33 40 1 8 8 
7 4 32 46 48 7 2 1 
3 2 64 70 10 3 9 8 
1 9 38 74 41 5 4 5 
2 8 43 41 45 1 4 1 
2 8 63 58 50 2 8 8 
3 0 38 56 49 5 2 7 
6 1 12 8 63 8 3 8 
0 5 29 7 63 9 3 2 
9 8 61 65 24 2 1 6 
8 5 1 33 105 6 7 2 
4 2 26 41 45 4 7 5 
0 1 11 57 43 3 6 3 
4 6 64 29 35 5 4 2 
2 5 45 46 41 9 1 9 
4 6 64 12 37 9 7 1 
4 9 63 59 79 7 6 0 
0 3 4 67 22 5 9 1 
4 0 33 56 40 8 4 3 
4 1 37 54 32 7 9 5 
8 2 4 35 36 3 5 7 
5 6 29 64 51 7 2 9 
8 7 23 46 44 2 6 3 
2 9 0 65 90 1 6 1 
6 5 13 87 62 5 2 2 
8 3 57 41 26 0 8 1 
9 4 7 66 52 3 0 3 
2 3 45 67 78 2 2 3 
9 9 63 86 54 7 0 1 
7 4 65 53 53 4 9 4 
3 9 1 57 52 0 3 8 
3 8 12 43 28 7 9 8 
8 3 63 66 70 4 8 3 
1 9 15 53 56 3 7 1 
5 1 43 67 70 3 0 3 
7 4 29 47 69 3 1 2 
4 6 49 45 43 8 3 2 
0 9 10 52 18 2 5 8 
6 4 45 66 76 0 8 4 
8 7 23 30 28 5 2 9 
6 1 34 84 62 4 9 2 
6 1 20 21 76 6 6 5 
8 9 28 39 29 7 6 0 
9 3 29 83 73 7 0 7 
4 4 50 60 74 2 5 5 
5 7 34 76 8 1 2 6 
5 6 28 71 43 4 9 3 
3 1 22 50 68 2 2 7 
4 6 66 61 89 2 7 2 
2 0 31 47 76 9 5 5 
9 6 74 47 41 4 3 8 
8 8 2 15 43 2 5 8 
5 8 39 66 51 7 3 0 
0 6 21 64 67 6 4 7 
3 1 38 15 44 2 2 6 
5 1 37 37 69 7 7 5 
3 7 0 47 50 7 5 1 
8 0 21 64 45 4 7 2 
3 0 23 50 65 5 4 6 
6 6 39 28 58 9 9 4 
9 0 60 45 67 3 1 8 
7 9 32 59 74 2 9 1 
2 5 55 57 62 8 9 4 
1 4 0 79 66 7 1 8 
1 4 38 37 38 8 5 1 
2 3 24 39 44 5 4 5 
9 3 31 17 21 8 7 2 
1 6 12 58 91 0 9 3 
0 4 47 51 78 4 4 8 
7 5 14 60 66 5 2 1 
7 2 37 21 86 2 0 5 
5 8 36 52 61 8 3 5 
0 1 6 14 45 7 3 6 
4 4 0 75 79 3 1 5 
9 1 54 77 68 7 2 1 
5 1 1 106 39 9 6 7 
0 8 31 37 77 4 0 8 
7 0 10 24 34 1 0 0 
9 8 26 51 37 3 1 1 
3 3 27 75 50 1 2 0 
8 9 52 60 35 3 9 0 
4 5 6 17 23 9 9 9 
6 2 42 39 30 0 1 6 
5 4 24 35 47 2 8 0 
6 8 30 26 36 0 5 2 
4 1 0 26 43 3 0 1 
1 6 12 34 76 7 3 2 
0 3 44 74 94 7 9 2 
0 3 25 90 33 8 9 5 
1 2 49 86 77 6 6 7 
1 4 10 25 57 2 1 8 
0 6 46 84 79 3 5 0 
3 3 31 40 51 9 6 5 
6 6 34 48 0 7 8 1 
4 7 36 75 21 2 1 4 
4 6 23 42 74 1 8 1 
3 0 24 70 40 9 1 4 
1 0 45 53 39 9 1 8 
1 5 33 46 83 1 4 0 
0 5 12 73 72 6 5 6 
1 0 56 42 25 2 0 7 
7 3 59 25 44 9 7 7 
7 4 64 36 41 6 9 9 
5 4 24 33 81 3 0 9 
2 0 27 38 42 2 7 9 
8 7 58 48 41 3 0 1 
8 2 51 28 50 0 7 9 
4 3 37 73 63 3 6 1 
8 1 23 49 77 2 8 4 
3 3 30 30 80 6 5 4 
1 3 30 80 55 3 6 6 
4 1 33 60 53 9 6 2 
0 8 26 50 68 9 3 0 
1 2 31 42 36 7 5 9 
8 9 38 65 50 8 7 1 
4 3 68 36 18 6 9 4 
4 2 24 40 16 8 9 6 
0 8 18 64 41 9 1 4 
6 6 15 68 40 0 6 5 
3 6 38 39 34 6 8 9 
6 9 77 40 68 5 6 8 
4 5 17 59 58 7 3 0 
5 4 16 49 56 5 6 7 
4 7 17 65 87 9 9 6 
6 6 29 51 57 0 1 8 
0 9 28 41 29 3 3 8 
0 5 49 36 58 0 2 3 
7 0 0 74 59 7 2 6 
2 7 0 37 56 2 7 0 
5 1 0 30 65 0 6 1 
0 1 0 59 63 5 6 3 
3 7 28 78 61 5 3 3 
8 2 46 53 30 2 2 1 
2 1 55 51 83 7 8 5 
5 0 66 46 84 7 8 1 
7 7 30 63 66 0 7 8 
5 4 39 88 82 8 0 1 
3 9 10 14 55 1 9 0 
5 3 40 41 106 2 7 3 
8 9 0 71 22 1 7 7 
4 4 28 21 12 5 3 5 
1 9 19 70 45 5 1 4 
1 9 48 47 53 9 6 7 
7 7 16 22 66 0 5 6 
3 7 42 61 74 2 2 3 
0 9 76 57 89 7 0 7 
9 8 43 37 48 2 8 6 
1 8 4 57 65 4 5 2 
7 1 0 66 47 8 8 7 
6 4 11 21 67 2 2 9 
8 9 61 25 46 6 4 8 
8 0 22 56 57 6 1 1 
1 4 37 79 59 2 0 9 
2 7 13 23 32 3 4 4 
7 9 23 29 39 6 4 5 
4 5 33 77 36 4 3 0 
8 7 50 62 52 3 5 6 
9 6 71 48 59 4 0 3 
8 1 18 84 61 3 9 1 
3 9 22 63 14 8 7 7 
6 9 57 80 68 9 8 6 
5 2 0 74 43 2 4 8 
9 8 24 54 27 5 7 8 
2 4 0 32 28 3 4 6 
2 7 6 44 92 1 8 6 
6 6 26 45 48 2 8 5 
4 0 36 79 53 2 6 4 
6 0 27 34 54 9 0 6 
5 5 8 60 37 2 3 5 
2 0 0 35 42 1 4 2 
7 4 32 57 36 0 7 0 
2 8 3 76 66 2 9 5 
1 5 18 37 52 8 1 9 
9 6 43 30 54 2 2 1 
0 8 52 41 46 7 8 4 
4 9 35 45 35 9 5 8 
0 3 50 68 20 0 1 1 
2 9 22 55 57 9 8 4 
2 0 35 27 7 6 7 2 
8 3 0 43 33 0 9 0 
2 4 6 43 57 8 6 8 
1 7 43 41 30 9 7 0 
2 3 37 40 69 8 6 3 
7 8 18 44 28 9 9 8 
2 6 26 51 38 6 4 3 
4 8 24 92 39 1 0 5 
9 0 34 49 50 2 1 1 
6 7 30 59 21 7 0 7 
4 9 28 64 64 2 2 5 
5 5 30 39 31 2 9 8 
9 7 45 42 42 7 1 8 
1 9 15 67 27 8 9 8 
0 2 40 37 68 0 0 7 
0 9 41 32 40 0 3 6 
4 0 33 39 80 6 8 9 
5 9 48 112 49 1 2 0 
8 7 43 67 89 1 7 9 
6 1 30 12 33 8 7 8 
5 2 30 50 64 1 5 4 
5 5 41 81 0 9 1 5 
3 6 4 60 79 3 6 9 
4 6 0 77 63 1 2 7 
3 0 0 48 60 1 9 5 
2 6 27 32 62 4 4 0 
0 1 16 0 15 1 1 6 
8 3 0 11 40 2 1 8 
0 3 0 72 56 8 7 1 
5 0 35 46 44 9 4 7 
0 9 8 40 65 3 4 5 
9 9 54 47 93 4 1 1 
3 0 35 53 52 2 4 8 
9 4 13 78 56 1 4 2 
2 5 42 18 53 3 5 8 
8 1 22 65 64 9 2 7 
9 4 40 36 48 9 4 6 
3 9 25 66 60 3 4 3 
9 9 44 63 57 8 7 9 
0 7 41 61 20 7 1 8 
2 3 48 50 69 6 0 6 
1 5 5 37 38 1 7 6 
5 0 42 66 29 5 0 2 
0 8 8 24 53 2 1 3 
1 4 53 59 47 5 7 7 
2 8 4 44 41 8 8 5 
2 5 0 36 77 2 2 6 
9 4 27 20 75 8 0 2 
0 3 11 33 58 2 5 6 
3 9 67 33 86 2 8 2 
8 7 44 70 71 0 2 3 
3 9 40 30 46 0 0 8 
3 6 52 35 31 8 0 2 
5 7 59 42 44 2 9 6 
2 6 26 36 58 0 8 8 
0 0 1 32 72 5 7 3 
1 0 27 75 85 6 8 4 
8 3 50 80 62 2 9 7 
8 8 64 50 19 7 5 2 
5 9 25 38 59 7 8 8 
0 2 47 64 55 6 1 1 
9 0 20 68 72 8 7 8 
7 0 33 49 46 8 3 7 
5 1 0 22 34 3 5 3 
2 5 40 31 33 9 3 8 
2 9 33 72 57 9 1 4 
0 3 41 78 66 4 0 2 
9 4 14 49 39 9 7 3 
6 7 14 9 49 1 3 2 
6 9 36 43 67 0 0 6 
6 0 49 58 52 2 8 0 
0 1 19 34 46 6 5 2 
9 2 62 19 28 9 5 9 
8 8 38 45 57 1 3 5 
9 2 20 34 6 5 0 6 
5 3 32 79 56 7 5 4 
4 5 47 52 86 0 6 9 
4 6 6 57 45 5 2 1 
8 5 40 101 40 6 7 1 
8 4 50 29 62 5 6 3 
8 5 41 19 64 8 4 1 
2 8 9 26 47 9 0 5 
6 1 26 74 26 6 2 2 
9 9 19 57 37 7 5 1 
5 9 57 57 29 1 1 4 
8 3 74 39 71 9 2 4 
5 4 8 40 42 6 5 3 
6 7 15 57 57 9 4 8 
5 4 74 36 36 7 0 8 
3 9 21 59 99 1 8 4 
3 4 38 54 28 8 8 1 
5 6 46 79 0 6 2 7 
6 6 64 101 60 6 9 8 
8 1 28 55 63 3 9 3 
4 9 44 8 57 2 9 8 
2 6 26 25 47 8 4 5 
9 8 39 56 60 0 4 0 
4 8 20 35 67 8 3 7 
8 1 49 83 27 9 7 5 
7 8 82 67 27 9 6 5 
7 3 57 63 69 1 4 2 
1 4 19 19 31 9 7 9 
6 2 85 46 66 0 5 2 
3 9 24 80 56 3 7 7 
7 8 24 34 68 4 3 2 
3 3 26 47 50 4 6 6 
5 6 59 70 37 3 1 7 
2 9 33 51 70 0 1 5 
5 0 13 62 48 4 5 6 
7 2 29 67 36 6 8 8 
4 6 3 65 36 0 6 7 
6 6 38 37 2 0 7 7 
0 7 42 44 41 1 9 1 
7 3 24 30 55 5 0 3 
8 9 36 39 39 2 5 1 
5 4 16 71 57 0 7 7 
5 4 46 55 59 9 8 9 
1 8 34 76 53 9 1 3 
9 5 39 39 31 1 5 3 
6 0 27 51 43 8 9 9 
4 1 0 17 16 8 4 0 
4 5 13 25 52 4 8 7 
7 8 17 67 59 3 8 7 
5 1 37 50 56 5 4 2 
4 2 11 26 28 7 0 5 
3 0 0 83 34 9 2 0 
8 3 33 24 25 2 9 1 
3 1 21 75 45 7 1 5 
1 2 82 57 14 2 4 8 
2 0 19 78 69 8 3 7 
2 2 40 50 75 0 2 2 
4 6 30 89 26 5 3 7 
3 9 39 97 48 2 7 4 
2 8 63 48 48 8 3 3 
3 7 49 76 46 4 9 2 
9 0 43 91 33 3 9 0 
0 4 64 30 0 9 3 5 
1 7 16 45 56 0 9 0 
9 5 9 57 59 7 6 0 
7 5 0 64 52 6 2 2 
9 7 31 70 47 6 7 7 
8 8 5 32 62 1 0 1 
9 1 60 34 45 9 1 6 
8 7 29 54 39 2 5 1 
8 8 40 38 25 8 0 8 
0 2 14 53 46 2 5 6 
0 3 13 85 64 3 1 8 
9 6 35 51 31 0 5 8 
8 2 32 57 54 4 2 9 
1 0 13 84 69 6 0 8 
0 1 61 74 45 0 5 7 
3 9 0 18 31 9 8 6 
5 2 0 44 78 1 3 2 
7 4 42 59 25 3 6 0 
4 4 36 42 40 9 6 0 
3 2 34 38 39 3 0 2 
0 9 53 47 47 3 9 7 
5 4 23 49 25 4 1 0 
5 4 74 80 59 6 9 0 
1 6 33 47 87 2 6 2 
3 9 29 58 78 4 8 4 
4 1 45 70 58 9 0 2 
6 8 14 33 46 4 2 2 
0 5 28 83 69 0 9 8 
5 8 63 49 58 8 4 9 
3 4 33 43 26 1 1 9 
1 1 18 19 74 6 0 4 
9 8 15 44 26 2 4 9 
0 9 25 21 30 8 5 9 
7 3 34 5 45 5 4 3 
9 7 48 64 22 9 3 4 
1 5 36 46 71 9 5 8 
7 5 35 57 46 4 5 7 
1 3 48 30 64 6 7 1 
7 4 30 64 94 4 4 8 
5 8 44 47 37 5 6 6 
3 6 0 28 46 6 3 6 
9 0 29 41 54 1 3 9 
9 6 5 15 33 7 2 3 
5 4 21 47 53 7 1 0 
6 4 32 45 35 5 4 0 
0 8 36 24 86 9 3 2 
6 7 27 43 60 2 3 1 
7 7 33 63 48 6 8 5 
9 6 25 46 41 4 3 1 
9 5 49 53 48 0 7 1 
8 6 29 44 24 4 4 8 
0 4 50 37 36 4 2 7 
6 6 34 26 14 8 1 0 
7 0 39 70 44 1 3 2 
2 0 64 63 51 2 7 0 
5 4 11 62 47 7 8 4 
6 9 7 67 46 7 7 3 
9 1 36 36 65 5 9 3 
2 9 62 34 24 8 8 0 
6 8 2 59 63 7 4 4 
9 9 63 46 50 4 6 2 
8 4 2 20 98 7 7 9 
6 3 58 68 61 8 0 7 
1 6 49 63 103 3 4 1 
2 4 46 41 69 4 5 7 
8 7 29 72 39 9 6 6 
1 4 39 43 56 5 1 0 
5 1 14 65 39 9 5 1 
0 8 39 33 52 9 0 1 
0 4 24 60 32 9 1 3 
7 2 26 66 46 0 3 1 
6 6 37 4 33 3 9 8 
8 2 15 76 48 0 5 8 
0 1 6 40 46 8 9 5 
0 5 0 45 42 0 0 2 
4 8 0 52 43 4 3 2 
1 0 11 37 55 0 5 7 
1 9 55 83 33 7 8 5 
2 5 4 32 79 9 2 0 
4 9 22 25 0 7 7 3 
8 9 18 69 7 5 0 2 
5 8 20 47 42 1 6 2 
2 9 21 61 27 3 3 2 
4 5 4 45 27 2 4 3 
9 1 44 45 7 8 3 2 
7 7 57 46 48 0 2 9 
9 9 8 46 60 8 0 2 
0 0 45 43 36 2 4 8 
6 0 37 58 63 8 9 8 
8 1 27 0 37 1 9 5 
3 5 10 42 44 0 3 8 
5 7 35 23 44 3 6 0 
8 8 38 68 37 4 1 1 
8 2 49 48 58 9 6 5 
7 3 0 35 53 9 4 1 
2 2 0 35 37 7 9 2 
0 3 0 64 57 4 3 2 
6 7 12 35 49 8 5 9 
8 7 0 54 43 4 1 7 
9 9 64 41 63 9 6 4 
2 8 36 59 58 1 3 8 
8 8 28 89 58 9 9 5 
1 2 21 52 24 0 5 1 
4 2 10 52 59 0 5 5 
2 1 1 55 47 5 8 8 
0 5 23 43 39 5 2 4 
5 8 19 38 25 7 8 8 
4 4 64 37 0 2 6 7 
5 8 44 47 36 8 0 4 
1 2 13 6 33 2 9 9 
2 8 64 39 28 2 1 3 
1 4 37 63 65 4 1 1 
5 8 59 32 64 7 8 9 
5 4 20 47 49 1 8 2 
3 5 33 51 15 7 8 5 
8 5 1 18 55 5 4 9 
4 1 54 44 40 9 6 0 
7 8 52 56 57 5 6 3 
0 1 64 57 9 2 7 4 
0 9 44 27 81 6 8 4 
3 0 9 67 35 2 4 1 
3 0 2 38 86 9 7 9 
9 3 46 73 83 5 3 2 
0 5 15 29 38 4 3 9 
7 0 11 63 40 6 2 4 
3 7 6 30 19 2 6 3 
5 6 34 49 67 5 4 7 
6 0 29 58 59 1 8 2 
1 9 18 70 38 7 2 7 
4 7 47 61 49 3 3 3 
4 9 72 49 22 1 0 6 
8 2 14 32 50 2 6 6 
6 3 17 85 67 6 6 4 
7 2 0 15 39 4 1 6 
1 4 33 33 45 7 1 8 
5 1 51 37 70 0 1 0 
0 9 46 57 57 5 3 2 
7 0 27 59 43 4 6 3 
0 3 29 66 111 3 6 6 
3 0 14 31 18 7 2 8 
6 3 22 45 32 1 8 0 
2 7 0 44 73 8 6 7 
2 7 0 77 69 2 4 0 
8 4 18 48 44 1 2 5 
5 8 43 61 17 8 9 2 
6 2 1 24 96 5 7 3 
9 5 39 49 68 7 0 7 
6 9 45 31 54 1 6 5 
3 7 65 67 48 4 5 3 
6 3 49 69 44 2 9 1 
7 3 9 35 41 2 7 9 
7 5 62 50 32 7 7 5 
7 2 52 71 65 5 7 8 
4 3 7 20 29 6 8 3 
8 7 13 46 53 8 0 6 
8 0 39 87 31 3 2 6 
4 9 15 29 64 8 8 0 
6 0 35 74 64 8 3 0 
5 9 16 71 77 9 8 2 
3 3 13 63 50 2 6 1 
0 2 31 32 52 1 1 4 
5 2 35 38 12 8 8 9 
7 7 33 60 35 1 7 0 
3 7 18 67 39 5 2 6 
7 6 42 41 53 8 7 6 
9 7 1 31 34 9 0 0 
2 1 21 40 24 3 6 5 
0 5 33 65 45 2 8 4 
5 7 40 77 59 8 6 8 
7 2 42 70 34 1 6 0 
7 3 5 25 59 4 8 2 
3 0 23 44 57 6 8 6 
6 8 16 42 14 9 3 8 
7 5 42 32 48 2 6 2 
3 8 17 58 70 2 9 7 
6 2 23 47 51 6 6 8 
0 8 27 87 37 7 5 6 
3 3 19 28 80 6 9 7 
7 4 3 28 75 9 6 1 
3 5 30 65 25 7 8 0 
6 1 29 41 30 5 8 9 
6 3 39 54 51 8 8 0 
6 9 30 25 71 5 4 8 
3 7 60 65 47 9 7 7 
6 6 1 84 50 5 1 9 
8 1 38 3 37 1 6 3 
5 5 26 54 48 3 9 0 
6 8 17 42 62 3 3 9 
0 0 54 16 57 1 8 4 
1 4 42 87 61 7 7 7 
6 2 8 112 64 5 8 0 
7 2 0 84 37 8 0 2 
6 7 34 55 53 2 2 8 
9 7 33 99 46 1 7 4 
4 7 17 53 0 7 6 9 
7 9 16 56 45 6 0 9 
9 0 29 53 75 5 2 1 
1 2 24 17 29 9 6 2 
0 3 38 72 51 1 3 6 
5 0 10 48 83 0 4 9 
5 3 17 37 55 7 1 7 
0 9 23 60 52 2 3 8 
9 3 38 0 39 7 4 0 
7 6 34 68 77 8 1 8 
1 1 61 75 49 2 1 5 
3 4 32 46 57 3 5 4 
2 6 35 56 58 9 4 9 
7 0 0 24 57 4 5 0 
2 8 20 43 96 2 7 8 
6 8 39 21 45 5 8 2 
6 6 17 56 20 4 3 8 
3 9 21 35 22 8 7 7 
6 3 41 88 102 1 4 1 
4 2 17 32 59 8 2 0 
0 5 28 53 59 8 5 5 
7 8 47 36 80 8 2 3 
8 5 22 45 60 0 6 1 
0 0 18 56 107 1 6 9 
2 8 48 66 35 8 2 2 
6 9 17 52 80 9 2 0 
0 2 11 71 60 8 1 5 
0 6 19 56 54 1 4 1 
1 4 20 51 35 2 3 5 
1 1 41 4 31 9 5 9 
8 9 42 42 63 7 4 9 
1 0 35 28 32 4 5 5 
4 3 13 42 37 4 4 8 
6 5 30 63 8 6 0 8 
7 6 13 40 37 4 5 0 
7 6 12 55 80 1 4 1 
7 8 22 86 104 2 1 8 
0 0 38 42 72 3 1 8 
2 6 29 50 58 0 1 0 
7 7 18 66 38 3 1 9 
9 7 42 19 41 6 9 9 
9 8 24 40 25 4 8 9 
1 1 12 67 77 2 9 0 
4 7 7 38 36 4 6 9 
6 7 24 88 37 0 7 9 
6 4 5 53 81 7 7 8 
1 6 35 52 48 7 8 5 
2 5 40 62 55 9 3 2 
5 0 29 49 49 4 5 0 
6 4 59 34 35 9 3 4 
8 7 42 0 27 5 6 2 
3 1 14 59 22 4 9 9 
2 6 49 3 64 5 2 5 
0 6 0 45 39 0 5 0 
3 5 44 28 55 0 4 1 
4 5 17 30 33 8 0 4 
0 5 36 2 60 6 6 2 
3 8 45 34 41 3 6 9 
2 9 29 19 52 1 8 0 
1 3 47 77 52 2 1 6 
1 2 0 12 10 7 0 7 
7 4 49 37 45 3 9 4 
9 5 34 36 31 8 8 5 
6 4 28 33 51 0 6 9 
9 3 30 83 61 3 1 1 
4 1 12 61 71 7 4 8 
2 5 13 55 31 7 4 4 
2 7 24 86 74 6 5 4 
5 1 6 35 74 1 7 8 
2 9 54 87 13 3 0 2 
4 3 12 1 67 8 5 8 
3 0 73 29 70 5 1 7 
0 6 44 15 62 6 9 4 
6 4 67 16 53 2 4 5 
9 8 52 47 45 0 9 6 
2 5 57 45 90 6 7 8 
8 2 62 48 32 5 6 5 
2 6 53 51 67 9 7 2 
8 9 10 30 34 1 6 2 
3 8 21 76 53 7 3 2 
8 8 42 54 25 0 5 9 
9 0 71 46 12 0 2 2 
6 9 9 73 62 9 1 1 
1 8 36 22 76 8 9 7 
9 3 21 54 98 8 8 2 
2 5 32 70 61 7 2 1 
3 6 28 77 39 0 6 2 
7 0 45 38 48 3 6 6 
7 3 31 21 76 8 7 9 
5 0 0 70 52 0 8 1 
9 5 49 56 27 9 4 1 
0 5 22 35 64 0 1 6 
0 9 24 14 67 8 4 2 
5 1 23 49 35 7 4 6 
3 0 24 47 22 0 2 5 
7 3 46 53 71 6 1 6 
4 2 53 40 40 6 4 5 
8 7 15 41 68 5 3 4 
2 0 67 52 64 5 1 8 
8 1 49 58 46 7 6 8 
2 2 30 58 71 6 5 0 
7 1 13 57 79 1 6 4 
0 3 42 72 58 4 7 1 
5 0 18 65 25 9 5 5 
1 0 31 60 72 8 9 5 
6 7 14 32 39 0 1 9 
8 9 15 64 42 9 3 6 
0 1 28 49 60 6 0 7 
4 5 28 76 34 6 8 2 
2 3 26 28 80 2 4 2 
2 3 5 40 24 7 0 0 
5 8 26 50 66 4 8 5 
1 0 41 40 52 8 4 8 
0 0 13 14 3 9 1 5 
2 6 4 50 57 6 7 9 
3 8 21 44 44 9 6 8 
6 9 62 58 60 8 1 3 
7 9 58 30 23 7 3 1 
1 1 43 45 49 6 5 8 
8 8 39 72 55 7 0 0 
8 9 32 33 21 5 1 4 
0 2 55 41 56 0 0 1 
2 5 11 38 14 8 3 5 
6 3 0 16 16 9 4 2 
0 1 0 47 41 6 7 3 
6 4 48 50 65 9 1 6 
0 7 55 77 45 1 7 7 
8 4 25 40 34 9 6 8 
5 2 40 37 32 1 1 4 
6 9 61 52 44 5 2 1 
6 1 74 45 53 8 2 8 
7 9 47 19 62 5 0 3 
4 2 24 59 70 7 7 3 
2 9 49 97 32 6 4 1 
2 3 53 36 73 7 5 9 
1 2 51 43 84 0 7 5 
6 3 6 29 48 6 7 8 
3 8 29 62 49 4 6 4 
5 6 20 40 41 1 6 3 
2 1 20 60 70 6 4 5 
0 2 13 17 75 0 8 7 
1 6 55 49 38 1 1 3 
1 7 5 28 56 2 9 9 
7 0 79 63 35 4 7 8 
8 9 24 89 84 8 0 5 
3 4 43 1 81 2 6 4 
0 0 49 52 50 9 9 8 
3 3 51 55 36 9 4 3 
8 5 38 10 54 7 6 6 
2 7 41 47 62 5 7 6 
3 5 37 44 54 7 1 0 
4 1 24 56 42 5 8 7 
2 6 18 35 81 5 1 2 
3 3 11 63 28 3 7 4 
2 6 70 35 59 4 4 8 
0 3 54 52 25 7 3 2 
4 5 30 60 34 2 3 7 
9 9 54 86 58 9 2 2 
8 6 42 34 23 6 1 9 
7 7 26 42 60 4 3 2 
3 7 37 28 36 2 7 5 
0 5 7 26 46 0 2 4 
6 7 36 51 62 3 1 9 
9 9 15 44 56 1 1 4 
9 9 50 28 48 4 3 7 
6 0 84 37 66 8 3 5 
3 2 47 52 46 9 6 8 
9 1 35 47 43 9 0 4 
6 1 37 66 44 7 3 6 
0 4 9 86 39 7 8 4 
5 4 12 93 34 1 5 5 
9 5 3 39 48 9 0 1 
7 6 74 58 53 5 1 6 
4 9 36 44 40 4 5 3 
7 6 46 57 68 9 6 1 
6 8 20 14 19 6 9 5 
8 5 17 67 31 0 8 3 
7 7 45 60 51 3 7 6 
5 3 31 74 29 8 7 5 
0 8 48 52 56 8 1 8 
9 9 58 14 40 2 6 4 
4 7 26 65 35 4 7 5 
1 4 0 38 28 7 6 2 
8 6 45 38 75 0 3 7 
4 3 61 90 91 8 4 2 
3 4 59 42 55 2 7 9 
5 9 38 44 39 6 3 2 
6 0 22 60 54 5 2 0 
4 3 20 59 8 0 1 4 
3 0 17 77 71 2 2 7 
6 4 50 85 87 7 7 1 
5 4 42 65 67 0 6 7 
0 7 33 78 55 6 6 7 
2 2 45 54 67 5 4 1 
3 0 36 43 29 2 5 6 
3 9 3 72 37 9 7 9 
1 5 27 58 77 5 2 9 
3 9 23 49 66 2 9 1 
5 0 70 17 53 9 8 3 
6 0 45 23 35 3 0 8 
9 3 13 19 82 9 6 8 
5 4 16 73 14 9 2 0 
4 5 5 42 46 2 6 7 
0 7 17 30 37 8 4 3 
1 5 35 49 88 5 3 5 
7 5 50 50 31 5 9 8 
9 1 0 106 38 3 9 9 
3 1 37 89 55 0 6 1 
8 2 26 50 37 5 2 9 
6 1 42 24 70 8 8 2 
4 7 48 30 79 2 4 0 
0 5 65 43 53 4 3 3 
4 3 30 73 69 6 8 2 
1 1 0 56 56 0 1 6 
8 9 60 43 34 4 3 8 
3 3 51 30 22 6 0 4 
7 5 47 52 67 9 6 4 
2 5 32 76 76 2 3 7 
7 2 34 54 50 0 3 8 
8 4 16 54 45 4 3 8 
0 6 39 62 70 5 3 9 
1 9 54 64 62 6 1 8 
4 6 23 40 53 6 3 2 
9 4 26 81 48 2 6 7 
3 8 4 47 21 0 2 0 
9 3 58 30 26 5 4 2 
3 1 22 13 52 7 5 2 
3 9 16 39 68 1 4 2 
0 8 15 48 35 2 5 3 
8 5 36 45 27 8 5 4 
0 1 26 66 88 2 9 0 
8 1 49 78 54 1 2 2 
0 3 6 85 24 4 3 3 
2 5 34 49 71 6 5 2 
0 5 40 26 35 0 9 8 
9 7 50 65 81 9 6 3 
7 7 64 54 38 9 3 8 
4 1 39 53 54 6 1 7 
2 8 23 47 65 8 5 8 
0 1 5 54 13 2 3 2 
7 1 0 26 28 1 4 1 
7 3 13 36 45 5 7 1 
3 5 18 41 80 5 0 3 
2 6 34 76 76 5 1 4 
9 8 46 72 51 7 1 7 
8 1 72 58 35 0 6 4 
0 9 21 62 71 1 6 0 
8 4 15 25 35 3 4 1 
9 9 27 26 80 0 7 5 
4 5 75 57 58 1 7 1 
3 2 24 31 46 7 7 6 
8 8 22 39 67 4 4 8 
8 5 0 59 34 6 4 0 
1 4 37 57 58 8 9 6 
8 6 32 41 31 9 5 8 
0 3 37 104 59 0 0 6 
7 0 44 59 55 5 5 9 
5 5 7 21 35 8 3 4 
2 4 65 22 44 5 5 6 
8 5 0 55 37 1 5 7 
4 0 38 48 59 8 2 7 
9 5 11 102 88 3 8 1 
4 4 0 54 52 5 5 3 
6 7 9 58 21 2 4 0 
9 9 5 68 45 1 0 6 
7 6 1 39 48 0 9 0 
4 4 27 62 9 0 3 7 
0 9 0 46 18 7 4 0 
3 6 35 52 34 0 9 6 
0 5 26 51 58 0 0 5 
5 4 60 25 13 2 7 4 
5 2 0 47 48 0 7 8 
1 7 34 70 40 7 0 8 
4 3 23 49 26 5 2 7 
3 5 41 28 91 5 2 2 
3 6 7 83 59 1 2 3 
9 8 61 54 0 9 8 6 
2 0 52 44 10 9 0 3 
3 5 8 67 85 4 1 6 
8 1 10 59 26 7 2 3 
7 5 19 50 44 7 1 1 
1 6 64 47 15 8 7 6 
5 9 74 24 38 9 3 3 
8 1 34 100 89 6 0 2 
1 3 27 26 67 1 2 0 
4 7 16 79 66 2 9 9 
9 6 29 17 43 7 9 5 
9 3 27 57 58 0 1 1 
0 3 24 43 63 3 9 8 
1 0 24 36 50 6 8 1 
8 5 42 55 37 7 6 3 
1 0 26 55 41 1 6 7 
5 5 16 44 62 2 7 1 
6 7 18 67 63 5 3 5 
7 1 62 72 57 1 9 7 
1 5 35 28 66 8 1 7 
4 5 4 74 45 7 6 3 
6 5 14 26 28 9 9 3 
6 8 49 31 40 4 7 5 
4 2 40 38 70 4 6 6 
8 5 31 37 59 0 2 5 
2 8 25 6 41 3 6 0 
8 1 35 68 72 6 4 0 
9 9 21 64 58 8 3 6 
4 0 4 83 45 1 3 2 
9 1 20 85 76 8 2 7 
9 7 49 17 111 9 2 3 
1 2 64 67 0 9 6 5 
7 0 34 47 60 4 3 4 
2 8 27 51 0 0 0 4 
2 0 2 55 80 4 9 5 
8 0 37 39 68 6 6 5 
6 4 32 29 86 5 1 8 
1 1 39 77 52 0 1 1 
4 3 44 67 54 1 4 1 
3 8 41 13 46 1 7 5 
9 6 68 37 48 0 7 8 
1 8 5 41 50 7 1 0 
5 1 27 54 61 6 0 3 
1 0 5 42 51 2 4 8 
4 2 6 100 57 9 8 9 
2 7 45 63 65 7 6 2 
6 7 28 52 28 2 8 6 
6 5 0 21 59 4 8 0 
6 6 38 48 39 2 5 7 
0 8 29 55 12 0 4 9 
1 3 16 67 80 5 9 9 
5 8 16 37 81 0 5 1 
7 2 30 45 45 9 3 0 
3 4 0 60 45 2 7 3 
2 3 0 48 42 6 2 1 
0 1 29 62 29 7 6 5 
8 2 37 39 50 8 8 8 
0 0 42 66 30 4 2 4 
8 8 25 45 50 7 9 1 
9 4 31 59 58 4 3 0 
9 3 74 0 28 8 4 5 
1 3 38 35 58 3 6 3 
1 7 0 51 67 4 7 3 
1 1 32 64 25 8 2 7 
6 7 20 40 70 5 1 9 
8 0 53 23 59 7 6 0 
2 2 12 74 86 5 9 4 
0 5 23 51 28 2 0 9 
9 8 22 21 63 7 9 9 
4 3 17 92 29 3 3 9 
0 2 0 34 42 3 6 7 
6 9 47 39 44 6 7 6 
1 1 25 58 48 2 9 0 
8 3 32 52 29 1 8 3 
2 5 26 49 52 5 2 1 
4 6 35 57 24 2 5 1 
1 2 33 38 55 9 8 5 
3 6 14 37 71 2 5 5 
4 9 6 64 24 7 8 7 
0 3 22 61 64 2 9 8 
0 6 37 63 27 6 2 9 
2 3 7 37 31 3 0 0 
2 7 43 9 52 6 3 0 
9 8 42 57 101 7 6 7 
6 2 40 60 20 7 7 0 
0 7 19 70 35 0 2 8 
8 4 18 53 77 2 0 4 
1 3 19 28 49 9 0 3 
2 9 21 50 56 7 3 5 
5 7 22 43 33 7 8 7 
6 0 0 58 19 3 6 6 
6 7 30 68 81 8 3 6 
4 8 23 60 63 8 4 4 
5 1 44 28 55 1 6 0 
4 3 27 50 54 9 9 3 
2 9 32 54 28 5 9 8 
6 1 59 58 69 4 5 4 
5 5 25 24 50 8 4 8 
2 7 60 72 76 0 4 1 
4 5 30 35 55 2 0 8 
2 5 7 53 87 6 5 2 
4 5 33 49 52 0 5 2 
0 3 45 72 73 6 4 3 
9 9 45 78 3 3 0 8 
4 6 33 23 21 5 6 5 
1 3 10 33 41 1 2 3 
5 3 15 58 12 1 0 7 
0 8 28 44 1 0 7 3 
3 5 52 35 66 8 9 0 
7 5 39 42 65 3 3 2 
2 7 43 31 0 4 0 9 
9 9 43 33 52 9 3 0 
0 4 15 70 45 7 4 8 
4 1 23 48 8 5 1 8 
0 5 60 54 35 1 7 1 
2 7 31 49 69 4 4 0 
2 8 22 57 111 1 9 5 
2 2 20 58 61 0 3 9 
9 1 14 20 43 4 5 4 
1 5 73 43 20 0 8 7 
8 4 49 34 39 7 0 6 
0 8 39 15 68 6 5 3 
5 2 57 51 24 0 1 6 
0 1 49 62 35 9 3 3 
9 8 37 10 54 2 5 4 
7 7 27 51 41 9 9 3 
7 2 15 39 40 0 5 1 
0 6 53 71 38 2 3 6 
7 7 53 43 35 1 6 5 
4 4 56 80 42 0 2 4 
4 5 57 46 51 8 0 8 
6 1 34 89 57 6 4 0 
1 5 27 57 36 5 9 2 
7 7 30 59 53 4 9 5 
5 5 0 34 68 3 5 3 
8 0 29 53 66 9 6 8 
4 4 53 29 54 9 9 8 
9 9 52 77 60 9 5 8 
1 3 5 60 24 3 0 6 
5 2 3 39 67 0 5 1 
9 9 47 74 43 8 1 0 
4 5 38 45 42 4 5 8 
0 1 17 44 45 8 1 2 
3 0 25 18 50 5 8 8 
0 8 33 39 57 7 5 1 
4 2 5 45 65 1 3 1 
3 9 0 59 56 3 8 0 
6 5 8 61 56 9 0 3 
8 8 13 19 65 6 7 5 
8 0 57 49 41 7 4 8 
8 2 36 54 78 2 6 5 
3 7 2 60 117 7 1 9 
1 0 8 7 25 7 7 7 
1 7 1 75 65 5 4 6 
1 2 2 83 35 3 5 2 
6 4 13 31 37 9 5 9 
2 3 42 63 81 0 6 4 
2 2 31 67 53 6 7 4 
9 5 53 33 65 2 5 9 
7 8 51 74 54 8 8 3 
4 4 27 71 76 9 4 3 
9 7 32 43 20 4 4 2 
1 5 59 48 31 3 4 4 
1 8 13 103 9 5 3 3 
9 4 43 61 57 6 8 5 
2 8 27 74 45 2 6 1 
1 2 15 31 94 5 7 7 
0 5 33 46 56 8 6 1 
5 0 36 49 68 7 8 9 
7 0 1 77 90 1 9 3 
8 7 25 55 68 4 2 9 
7 2 25 91 51 3 6 5 
0 3 26 88 59 0 0 9 
9 9 54 38 52 7 0 8 
5 7 0 48 68 3 0 1 
1 6 50 42 52 0 5 3 
9 6 0 20 47 6 3 0 
2 7 8 74 37 8 9 4 
0 2 25 44 39 1 8 3 
3 6 1 22 33 0 3 1 
5 1 58 62 51 9 0 3 
6 7 33 42 59 7 1 9 
2 3 18 74 50 3 8 3 
4 4 32 75 54 1 4 5 
6 0 12 35 43 7 7 9 
3 4 46 58 49 1 9 7 
9 7 11 32 62 3 0 7 
7 9 25 29 23 8 7 5 
9 8 2 65 45 3 5 3 
4 0 83 84 30 5 2 2 
7 1 30 62 97 9 5 6 
5 0 38 56 61 4 3 4 
6 0 64 1 46 4 1 9 
0 5 30 80 74 5 5 1 
1 9 12 79 41 2 2 6 
1 4 39 0 72 1 3 7 
8 7 35 66 38 0 9 4 
7 7 36 43 0 1 7 8 
0 7 0 44 57 6 1 4 
1 3 45 72 52 4 1 9 
5 6 18 40 56 1 4 7 
9 5 21 31 22 6 2 3 
3 3 56 43 45 5 5 6 
0 9 0 40 38 2 2 4 
6 7 38 31 40 0 1 2 
2 9 13 40 55 5 6 8 
0 2 45 48 65 3 9 8 
5 6 3 68 41 9 9 0 
6 7 48 42 67 5 2 2 
7 2 5 49 37 7 7 6 
5 2 77 52 33 9 5 8 
5 4 40 29 26 9 8 9 
9 4 60 24 60 9 1 6 
3 7 33 36 40 5 5 4 
1 9 52 73 81 1 5 8 
5 7 12 78 41 8 0 7 
0 2 18 54 26 7 2 9 
0 0 0 51 45 6 6 3 
9 6 1 19 44 4 4 9 
8 9 12 70 29 6 6 8 
3 6 24 16 39 0 7 3 
6 4 35 67 67 9 8 8 
6 9 0 52 68 0 3 9 
5 6 34 48 49 1 9 1 
5 8 40 24 37 5 9 0 
6 6 30 60 44 5 9 5 
8 9 30 39 59 7 2 8 
9 0 61 79 69 1 4 2 
1 3 36 54 81 8 8 0 
6 2 9 38 51 1 5 1 
7 4 0 60 29 4 9 3 
9 2 7 56 57 5 4 2 
3 7 10 58 52 9 3 1 
9 1 35 42 35 9 4 9 
3 2 11 100 68 9 8 6 
3 4 25 38 44 3 4 5 
7 5 0 69 31 6 6 2 
5 2 25 75 70 9 9 2 
7 7 40 29 26 9 3 7 
6 1 50 35 61 8 2 9 
1 5 47 81 36 1 3 3 
4 4 10 51 73 6 0 5 
2 7 31 63 47 4 2 0 
0 0 37 47 54 6 7 7 
7 7 22 73 33 7 0 4 
6 2 33 17 44 8 6 0 
2 4 22 37 51 7 3 2 
5 9 32 30 52 6 9 9 
6 6 0 31 50 6 4 8 
6 7 30 46 30 4 1 3 
6 2 48 42 76 1 9 5 
5 9 22 50 60 2 1 9 
0 5 49 18 52 6 0 3 
9 5 5 50 55 8 9 1 
3 8 26 64 43 0 7 1 
1 6 68 45 64 9 7 9 
8 7 51 45 27 1 3 7 
9 6 2 87 52 6 3 3 
1 9 68 53 45 9 6 7 
3 0 8 49 66 9 2 0 
2 1 42 52 10 4 5 2 
5 1 19 44 25 8 2 6 
3 7 43 33 66 7 5 6 
4 5 34 69 32 0 0 4 
4 9 44 35 37 5 0 4 
1 3 12 29 56 2 3 4 
6 5 34 44 69 6 1 5 
3 6 4 47 22 3 9 1 
9 6 31 34 32 2 9 6 
4 3 22 87 62 5 1 1 
0 9 0 59 7 6 2 1 
4 8 35 15 66 5 4 6 
1 3 69 18 47 5 0 3 
4 8 46 53 56 3 3 5 
7 1 64 73 74 7 2 1 
1 9 42 52 59 4 7 4 
0 2 45 88 41 1 7 3 
8 0 25 39 43 9 5 5 
4 2 1 41 61 7 4 0 
2 5 0 48 64 8 4 5 
3 5 14 61 55 6 3 6 
2 4 13 67 66 1 5 3 
6 9 29 22 45 0 0 0 
0 8 31 33 33 8 4 9 
6 5 16 32 80 0 5 4 
8 6 18 36 21 1 4 9 
7 6 0 75 38 3 1 5 
6 6 18 41 26 8 7 7 
9 9 40 65 44 4 4 5 
4 1 42 57 93 3 3 2 
7 6 0 26 64 3 0 3 
8 7 5 19 28 1 0 4 
3 5 40 59 61 9 9 8 
3 5 31 71 50 5 5 8 
6 8 48 68 44 6 1 9 
1 5 30 45 37 6 9 3 
8 1 15 46 38 8 9 6 
0 8 57 22 55 1 8 8 
5 4 39 40 41 4 8 7 
0 6 50 54 56 7 3 2 
3 9 40 1 12 8 5 9 
6 0 6 68 69 8 2 0 
8 0 30 66 68 2 5 2 
7 0 36 20 57 0 3 1 
5 6 36 34 26 7 1 4 
5 6 31 29 24 7 9 5 
2 6 3 78 54 9 1 6 
8 1 32 65 27 2 8 5 
2 8 32 40 75 0 7 7 
2 6 0 84 64 7 6 0 
9 1 16 53 80 6 4 4 
2 5 33 83 92 3 2 6 
4 6 21 72 5 1 2 5 
7 4 33 102 22 8 8 9 
0 9 61 67 52 7 2 4 
4 2 20 43 36 5 7 9 
6 3 18 55 16 5 5 6 
6 1 35 39 72 8 7 0 
4 0 22 37 59 7 4 0 
9 5 30 41 71 0 0 3 
2 6 16 15 63 2 7 7 
3 2 17 64 33 6 3 7 
1 7 66 35 50 9 0 6 
9 7 9 24 19 6 5 7 
7 9 0 20 58 7 7 5 
4 4 38 75 59 8 7 5 
5 9 52 50 58 5 8 9 
3 1 38 45 39 1 4 4 
6 4 30 60 32 9 0 2 
3 2 22 41 56 8 3 3 
2 0 38 64 37 9 3 0 
4 1 52 19 31 8 6 0 
5 5 10 40 55 2 3 9 
9 0 55 46 54 3 3 8 
0 8 0 76 43 4 2 3 
0 3 18 73 26 9 8 7 
0 3 9 46 34 8 5 6 
8 9 44 83 85 6 5 5 
7 6 29 59 67 6 9 1 
5 8 51 24 47 2 8 8 
4 0 14 71 72 5 2 6 
8 3 40 33 53 4 0 3 
1 1 27 60 60 9 3 4 
4 0 17 64 60 1 8 3 
4 1 69 63 16 5 2 3 
8 1 9 11 45 3 1 1 
3 2 38 64 40 9 7 3 
8 6 19 33 57 6 6 2 
7 2 48 77 45 3 4 6 
0 5 71 19 48 5 9 3 
8 7 0 84 65 0 0 6 
0 6 17 62 88 2 6 1 
4 9 49 84 38 0 2 6 
9 7 18 44 54 0 7 9 
2 8 32 57 46 0 7 2 
5 9 45 68 72 6 3 3 
3 6 52 50 70 3 8 4 
8 0 28 57 18 6 7 0 
1 3 7 115 48 8 8 7 
5 9 11 64 48 1 4 8 
7 1 32 67 38 2 1 3 
9 1 14 48 62 5 4 5 
1 2 20 37 38 9 4 7 
9 4 0 30 76 3 0 4 
2 5 29 29 59 6 0 9 
7 9 32 38 88 9 4 1 
2 2 42 63 43 3 2 3 
0 9 18 27 100 6 2 9 
0 3 29 74 52 0 7 4 
5 1 25 40 69 2 4 6 
7 8 34 59 78 8 9 5 
7 4 14 61 46 6 4 5 
8 3 29 25 27 0 9 1 
3 8 55 32 50 8 3 5 
8 5 27 85 42 8 3 0 
0 3 22 45 36 0 5 0 
9 1 37 56 52 1 0 8 
4 5 29 50 58 4 2 7 
7 8 34 65 52 6 2 5 
9 6 21 52 57 8 5 8 
5 2 28 45 45 9 2 4 
1 8 40 47 36 6 8 1 
9 7 41 70 55 0 3 9 
5 1 30 19 63 0 7 5 
7 4 22 70 45 7 0 3 
2 6 30 26 38 8 1 6 
9 7 40 41 37 6 3 8 
7 9 34 38 86 3 4 0 
5 1 23 51 50 8 5 2 
9 4 44 50 46 9 0 8 
9 7 28 44 56 2 0 3 
9 8 35 15 61 9 1 6 
0 3 52 46 30 7 0 7 
5 2 29 17 73 5 3 6 
1 2 46 54 74 1 2 5 
3 2 49 81 36 0 1 9 
2 3 51 26 40 3 0 1 
6 9 58 81 59 0 9 2 
6 4 47 41 47 6 6 0 
2 8 42 71 57 4 3 1 
8 1 16 1 109 4 0 0 
2 7 0 21 54 3 6 1 
3 7 45 56 49 7 9 7 
2 1 37 60 33 0 4 9 
1 8 13 68 62 8 0 4 
1 7 27 76 59 6 1 1 
7 3 23 84 50 6 4 9 
7 3 18 57 28 0 2 1 
0 7 65 58 35 8 3 0 
7 4 21 83 98 7 6 3 
1 0 21 36 16 7 5 2 
5 4 0 58 39 5 5 1 
9 3 24 23 74 6 0 5 
0 8 40 33 55 5 4 7 
7 5 34 67 28 4 8 8 
3 4 38 63 36 8 6 9 
9 9 0 38 59 7 8 5 
7 9 49 37 80 8 5 1 
5 0 23 47 24 7 0 6 
7 5 50 29 52 4 4 6 
1 1 33 50 55 4 4 6 
6 5 46 40 44 8 3 8 
3 7 19 65 22 4 1 9 
4 4 0 98 49 3 3 1 
9 1 33 65 34 8 1 8 
8 5 61 40 9 8 6 3 
7 5 14 38 44 9 0 2 
9 7 0 28 60 5 7 6 
9 5 28 28 2 7 4 0 
7 0 47 82 82 0 5 6 
3 4 38 28 40 4 6 7 
7 4 26 33 38 3 2 7 
5 4 0 47 58 6 9 5 
9 1 28 21 45 9 7 3 
5 9 31 46 22 6 9 0 
2 6 25 45 46 7 8 0 
4 8 28 42 81 3 2 2 
6 1 15 39 35 6 8 3 
1 2 42 49 31 0 7 0 
7 0 44 21 70 9 4 0 
6 7 7 44 34 0 7 5 
5 5 12 55 66 8 3 1 
9 1 33 54 83 0 4 4 
4 6 20 77 53 5 3 7 
1 7 52 59 53 3 3 7 
6 8 7 62 29 4 0 4 
7 8 2 59 60 1 8 2 
2 5 34 59 55 5 3 3 
2 6 45 59 25 2 7 8 
3 5 17 35 67 5 6 8 
8 4 21 33 39 0 2 6 
8 1 69 38 34 8 8 3 
3 3 33 69 71 8 6 4 
0 6 19 62 24 8 5 0 
5 1 10 37 34 2 9 2 
9 2 76 75 48 2 1 6 
0 7 47 64 71 4 2 1 
9 2 9 49 30 7 7 7 
7 2 36 37 35 5 7 6 
2 4 48 85 56 1 0 2 
7 7 20 68 46 4 9 9 
2 5 21 1 58 6 6 5 
7 7 29 20 36 0 2 7 
4 7 69 22 33 5 4 9 
0 5 31 31 20 9 9 2 
1 2 13 12 63 9 9 8 
2 2 28 47 54 4 9 4 
4 6 28 41 57 3 6 8 
6 6 43 82 73 4 8 0 
3 1 38 82 66 6 6 7 
2 9 8 33 88 6 0 3 
3 4 9 37 43 4 6 5 
7 4 23 33 31 8 4 1 
5 1 0 66 41 0 2 0 
9 3 0 63 5 0 5 0 
3 2 25 75 83 6 1 1 
9 5 32 19 54 4 6 1 
1 1 19 33 44 3 4 6 
0 5 0 39 32 2 5 5 
1 9 6 71 74 9 0 7 
6 0 43 59 68 5 7 3 
1 4 44 55 17 0 6 5 
5 0 50 63 15 7 5 2 
7 0 38 10 17 7 0 9 
3 2 24 21 33 1 1 0 
1 8 39 71 56 5 4 1 
1 6 22 67 21 7 3 0 
9 3 25 46 61 9 9 0 
3 3 40 54 57 9 2 6 
9 7 30 46 49 9 2 8 
3 6 55 62 33 2 4 1 
5 7 41 39 52 1 3 0 
6 7 57 64 44 6 0 5 
6 9 10 71 57 1 1 2 
1 8 30 52 26 6 6 8 
2 7 8 10 49 6 4 3 
9 0 4 46 62 1 1 5 
5 2 0 72 32 3 7 6 
7 9 11 53 34 7 7 5 
0 5 15 28 16 1 0 3 
7 4 70 26 71 4 2 5 
5 4 51 28 33 6 2 7 
0 8 17 33 55 9 8 0 
0 1 26 15 50 2 7 3 
9 1 25 81 22 3 2 2 
6 1 15 9 67 8 2 2 
6 4 56 36 72 3 7 7 
0 8 41 84 42 3 7 9 
4 3 23 38 28 2 9 3 
7 7 13 64 44 3 4 3 
0 0 32 46 54 9 5 1 
1 5 12 38 66 7 8 1 
7 8 57 33 61 3 4 0 
0 2 14 41 57 7 5 4 
5 7 25 37 60 3 9 1 
6 6 9 83 37 5 5 0 
3 9 50 51 58 8 4 5 
5 7 14 38 28 2 5 8 
4 5 2 15 65 4 8 7 
8 0 27 48 52 6 0 2 
2 0 14 33 25 0 9 6 
3 4 20 47 23 9 7 0 
5 5 0 60 49 3 3 1 
2 7 25 50 17 5 0 2 
4 6 16 50 48 9 2 0 
7 1 11 38 63 5 1 4 
3 9 11 37 25 6 3 0 
7 4 25 69 37 1 5 9 
4 9 17 59 78 6 8 5 
8 0 49 54 51 8 3 4 
9 0 9 12 52 2 4 0 
0 8 0 48 53 6 1 8 
6 1 0 71 65 9 0 3 
8 1 6 77 34 8 5 5 
6 5 43 58 67 7 3 4 
7 9 31 72 27 7 7 8 
8 6 45 50 32 3 4 6 
2 0 0 49 73 4 8 8 
3 4 5 34 17 0 7 9 
1 5 30 35 69 7 8 1 
7 2 15 48 71 7 7 6 
2 2 0 37 37 5 2 9 
8 3 32 53 55 5 3 0 
3 9 40 47 40 0 7 0 
6 0 43 52 38 5 4 5 
9 9 67 29 12 5 2 7 
5 6 38 88 74 1 1 7 
4 8 23 78 62 9 1 7 
9 1 39 63 59 9 5 0 
0 2 24 77 51 9 9 2 
5 5 36 60 91 5 9 2 
1 3 9 83 44 9 9 4 
0 1 46 15 62 1 2 7 
6 6 29 68 31 1 5 5 
0 4 0 27 56 1 5 7 
2 0 63 48 87 2 3 0 
5 4 16 55 41 5 1 1 
9 4 0 42 75 6 3 0 
5 8 19 6 65 3 8 5 
2 3 43 23 8 3 7 7 
2 3 26 51 63 2 0 6 
9 2 38 45 51 9 2 3 
1 8 28 41 53 1 1 3 
3 6 42 52 51 4 9 9 
8 5 0 36 32 5 9 8 
0 4 4 58 41 6 4 3 
9 9 7 17 24 3 1 2 
2 1 50 51 77 1 2 0 
8 6 20 57 18 6 1 0 
7 3 20 60 84 1 5 0 
3 6 15 101 52 0 4 3 
0 5 27 37 27 6 0 1 
1 9 49 67 65 5 5 9 
3 5 21 91 40 6 8 1 
8 8 50 36 18 4 7 7 
1 5 39 35 32 2 9 4 
8 5 20 49 24 0 1 6 
9 5 30 85 47 5 7 7 
3 0 33 47 69 6 7 2 
4 7 30 55 37 5 0 5 
8 0 29 58 50 9 7 4 
7 9 27 40 45 4 6 5 
6 7 54 60 0 7 0 9 
4 4 12 43 58 5 3 7 
0 0 48 43 62 6 2 1 
0 4 1 29 45 4 5 9 
1 1 49 98 76 8 7 1 
8 5 42 79 32 3 5 4 
5 7 30 22 28 0 1 6 
6 0 37 23 47 9 6 5 
1 2 20 83 63 5 0 4 
9 9 15 30 13 3 4 2 
8 5 42 41 66 4 8 7 
4 4 18 74 46 6 8 5 
1 8 20 63 66 1 4 6 
9 4 56 81 53 3 2 6 
2 6 33 52 9 5 7 4 
2 6 69 23 46 8 6 7 
4 9 33 65 64 5 8 4 
3 2 17 2 52 1 9 5 
6 5 0 38 56 7 1 4 
8 6 27 59 43 6 5 0 
1 1 7 52 68 3 2 0 
6 0 28 56 53 1 0 6 
3 5 11 18 32 1 3 9 
2 1 13 21 35 5 3 8 
0 6 55 38 69 9 9 1 
5 7 19 75 29 1 6 9 
7 9 0 78 8 2 8 4 
9 7 50 59 45 2 7 0 
3 9 3 33 74 9 3 7 
3 3 50 32 80 8 0 5 
9 9 33 36 39 8 9 0 
0 0 36 19 51 2 2 1 
7 9 39 79 64 3 5 2 
7 7 47 50 66 7 8 9 
8 7 11 51 46 5 8 6 
4 2 79 68 36 4 6 3 
4 6 14 66 28 5 9 6 
6 7 47 108 90 6 4 4 
3 9 51 80 55 5 4 4 
8 1 29 53 60 4 7 2 
2 9 48 38 75 7 4 8 
3 4 7 17 57 7 2 2 
3 7 43 32 47 4 3 4 
5 8 56 58 23 9 9 4 
4 2 55 78 57 1 4 6 
7 1 35 78 17 8 2 3 
4 5 65 64 35 5 9 2 
6 2 36 63 49 9 1 7 
5 1 7 36 35 7 2 2 
2 8 42 0 32 0 6 1 
3 2 23 34 23 0 6 8 
8 4 14 59 69 7 8 5 
8 3 53 62 49 3 1 2 
5 6 12 30 55 4 9 0 
4 3 13 75 49 5 2 7 
1 3 67 40 69 9 1 7 
0 2 37 66 26 1 0 3 
7 3 37 66 47 8 8 2 
1 0 29 49 58 0 2 7 
