8 1650
1 8 21 59 47 1 8 6 
0 1 19 6 82 1 4 8 
8 5 14 46 58 4 9 0 
5 1 16 47 37 0 2 3 
5 7 11 71 69 9 8 8 
7 4 20 38 46 6 9 4 
1 9 14 59 53 4 1 9 
7 5 1 52 33 9 0 7 
4 6 36 39 28 1 8 3 
4 7 0 79 41 9 8 8 
8 8 22 45 46 3 9 4 
2 2 49 39 55 7 2 2 
6 3 26 31 68 9 2 4 
3 2 19 53 49 7 9 3 
0 2 30 51 98 8 0 9 
9 9 57 39 79 4 7 9 
7 8 31 34 39 3 0 0 
7 5 18 38 63 5 4 1 
9 0 24 45 37 3 4 4 
7 0 21 70 43 6 1 1 
9 2 48 43 85 1 6 1 
2 6 30 57 45 8 6 0 
8 7 32 38 41 9 7 4 
5 9 31 80 82 4 5 9 
1 6 0 68 36 8 5 2 
7 1 27 46 23 2 8 3 
6 6 36 13 58 1 9 3 
1 2 30 21 83 4 3 0 
1 6 26 28 14 2 7 6 
7 9 46 87 39 4 4 1 
8 4 31 70 20 1 8 3 
7 1 24 56 60 5 0 9 
9 9 9 60 59 3 5 2 
0 5 17 8 23 2 7 1 
1 5 39 48 68 6 8 5 
3 5 26 29 43 6 3 3 
0 1 22 22 98 2 3 3 
9 3 61 70 55 8 5 8 
6 5 24 42 19 3 8 6 
4 0 14 39 48 0 8 3 
3 1 23 68 44 0 2 4 
4 1 12 49 54 9 0 8 
8 5 60 68 25 4 1 8 
2 9 40 73 42 1 6 4 
3 4 0 55 40 8 2 3 
6 0 0 65 57 5 1 6 
9 0 57 82 67 9 2 5 
8 4 27 36 103 6 8 0 
3 6 31 71 68 9 3 4 
8 6 35 32 67 5 9 4 
5 9 42 44 57 3 9 2 
4 1 39 42 51 5 2 3 
7 0 53 55 41 0 9 6 
7 1 46 38 40 5 6 6 
8 3 23 37 53 8 9 0 
4 3 10 30 54 2 1 4 
9 7 28 69 82 8 9 7 
3 3 15 81 18 6 3 9 
9 1 104 35 30 3 0 3 
0 2 27 47 40 5 2 0 
0 7 41 44 95 7 5 2 
1 8 33 30 38 0 9 6 
4 7 38 56 73 8 0 1 
6 4 32 66 37 8 3 9 
3 8 12 50 39 9 9 6 
4 4 11 53 13 9 2 5 
7 5 45 53 64 3 1 2 
0 7 31 25 57 2 3 3 
8 1 44 50 60 0 2 7 
3 0 16 29 84 2 9 3 
4 1 42 62 40 6 3 2 
3 3 0 50 42 2 8 6 
0 1 70 24 37 0 8 8 
8 0 21 52 24 6 3 5 
3 8 46 52 56 3 7 8 
4 3 0 38 20 1 0 3 
0 5 0 90 60 3 1 5 
4 8 48 44 39 5 6 9 
0 4 40 39 62 0 6 4 
3 6 34 64 61 7 8 1 
9 7 45 48 32 1 3 8 
4 5 51 71 67 5 6 1 
8 9 59 54 64 9 9 7 
7 5 50 11 16 5 3 9 
1 5 39 62 40 9 0 8 
8 2 21 96 41 8 3 1 
1 6 31 48 99 7 5 6 
6 8 32 48 45 5 7 4 
9 1 52 24 47 4 0 0 
9 5 19 69 51 8 4 4 
3 7 6 19 26 1 4 2 
5 0 5 16 33 1 3 1 
8 8 22 26 18 2 5 1 
1 9 71 78 42 8 8 2 
6 6 39 40 44 5 0 4 
4 0 7 61 48 9 6 4 
7 5 26 62 71 8 3 9 
5 8 32 45 40 9 3 4 
6 1 47 66 33 9 9 7 
1 7 17 45 63 5 9 4 
9 9 27 48 66 4 7 4 
5 6 37 68 60 4 8 2 
7 7 32 91 28 1 9 6 
7 3 59 16 86 9 2 0 
4 1 28 53 55 1 5 4 
5 6 30 64 61 6 9 6 
6 8 0 61 49 4 1 8 
7 5 39 40 39 5 8 8 
2 7 13 24 22 9 2 5 
7 9 0 89 42 0 1 7 
5 6 36 36 35 3 9 5 
0 3 15 92 45 6 4 9 
6 1 0 50 79 9 3 4 
2 2 0 36 47 4 5 1 
8 7 62 16 12 6 4 9 
9 8 48 91 57 4 8 9 
2 9 42 77 67 9 0 9 
5 6 28 56 61 4 8 6 
3 9 41 42 17 0 8 3 
0 6 18 58 34 9 0 9 
8 3 56 32 48 1 9 9 
5 6 58 6 68 3 4 8 
2 9 8 29 39 4 7 3 
6 4 26 76 64 5 6 0 
8 9 43 87 47 8 0 5 
8 2 35 56 59 8 5 3 
2 6 13 80 38 9 3 6 
7 8 2 58 50 6 8 0 
7 7 4 49 41 2 0 2 
0 3 0 41 54 8 0 3 
8 6 9 89 70 8 2 0 
8 8 0 21 8 7 0 2 
0 0 28 63 29 1 6 9 
9 7 24 15 42 3 3 4 
7 6 6 35 45 4 6 7 
0 3 36 30 23 8 3 1 
8 6 34 56 54 7 8 6 
6 4 13 62 40 7 3 6 
1 4 23 28 58 0 2 6 
6 3 54 20 60 0 1 0 
0 6 21 21 25 5 0 2 
7 3 40 75 62 0 5 2 
3 3 0 51 65 7 3 0 
9 8 46 26 56 5 4 1 
8 4 55 72 41 0 7 4 
7 0 27 75 47 4 8 2 
7 0 32 56 18 4 1 1 
1 9 38 49 48 1 8 9 
3 9 58 59 78 4 9 7 
5 5 27 41 53 2 8 1 
4 6 67 26 73 4 4 9 
2 6 16 47 65 4 1 1 
1 2 54 42 19 9 6 2 
8 4 25 25 53 1 5 2 
7 4 26 21 81 8 5 3 
0 5 54 110 22 9 8 9 
4 9 3 34 54 1 3 2 
0 6 51 24 64 6 2 3 
0 8 21 59 33 5 4 5 
3 8 11 27 29 8 8 6 
5 8 39 44 52 8 8 8 
8 4 36 40 96 2 4 1 
3 5 66 45 77 0 9 1 
3 5 41 65 14 1 7 8 
8 4 49 18 9 7 4 7 
6 4 57 27 80 3 7 7 
9 1 25 47 78 2 3 0 
0 7 36 69 46 1 3 3 
1 2 15 49 75 9 5 3 
5 1 46 82 33 0 5 8 
5 3 25 62 33 4 9 5 
3 1 25 27 18 7 9 8 
0 3 38 63 68 5 7 5 
1 9 11 17 50 5 7 1 
5 3 54 86 40 3 0 7 
9 9 10 37 51 8 4 9 
2 7 35 55 56 8 9 5 
4 3 14 36 57 8 7 9 
2 1 77 65 51 1 3 3 
9 7 66 88 14 0 0 3 
9 5 30 72 59 1 9 9 
6 2 37 36 22 9 7 6 
4 9 62 58 40 6 6 7 
5 7 24 56 55 0 4 9 
6 9 17 59 47 7 8 0 
6 3 29 32 69 5 0 7 
1 8 39 60 55 3 8 6 
9 0 24 65 48 8 0 6 
4 4 31 54 60 7 0 2 
9 1 37 25 65 4 6 0 
0 6 91 69 69 0 3 2 
3 1 35 65 54 4 9 7 
0 8 21 61 73 9 4 7 
8 3 44 58 62 8 9 0 
5 5 44 40 67 7 2 6 
2 1 63 73 56 2 2 8 
6 8 51 51 39 4 7 2 
1 5 16 65 46 3 1 5 
5 1 0 24 50 8 7 3 
8 5 25 44 43 6 9 4 
8 3 0 59 60 5 2 4 
6 0 27 25 75 3 2 1 
2 2 29 0 27 3 1 8 
6 4 28 37 28 3 8 6 
1 7 34 49 20 9 3 4 
6 3 34 24 34 1 3 1 
3 9 28 52 43 2 5 2 
1 6 38 0 38 7 9 9 
0 2 68 37 43 7 1 2 
9 6 32 71 50 1 8 4 
1 2 0 37 44 8 2 9 
1 4 16 94 82 0 9 7 
7 4 36 39 58 0 4 7 
3 2 0 43 8 7 4 9 
4 2 48 51 46 0 8 2 
5 3 28 67 37 3 8 2 
7 6 4 51 50 0 1 5 
8 5 51 78 52 0 4 3 
4 0 7 65 32 5 4 1 
7 6 60 62 50 0 0 7 
6 5 0 85 67 4 1 3 
9 9 0 58 36 1 0 7 
6 1 23 47 56 3 9 4 
0 0 48 20 36 6 1 7 
3 5 39 40 61 7 2 9 
0 6 44 42 69 8 6 6 
2 9 21 38 41 4 3 6 
9 2 38 73 70 1 8 0 
6 3 10 74 55 0 8 9 
6 0 34 44 64 5 1 6 
1 9 24 37 67 3 2 3 
7 7 30 77 22 3 4 2 
8 4 25 35 60 3 9 2 
5 8 44 71 56 8 9 7 
7 3 35 60 64 4 6 1 
4 9 28 66 46 2 0 8 
9 5 2 39 45 0 0 0 
1 9 55 21 79 5 0 7 
6 1 56 21 48 9 0 1 
2 8 37 81 57 1 5 0 
5 9 68 97 12 4 2 0 
5 8 35 41 15 7 6 9 
0 2 21 13 58 2 2 1 
6 0 49 25 70 7 1 9 
2 3 20 35 39 6 2 0 
2 6 38 6 63 5 0 5 
0 4 26 41 25 7 5 0 
1 7 23 44 3 8 1 5 
5 2 0 45 66 0 7 2 
2 1 47 57 57 9 8 4 
9 7 12 86 41 5 7 8 
8 8 35 59 55 2 0 5 
0 4 15 61 27 3 7 1 
5 6 31 32 37 2 1 6 
9 2 27 55 30 9 1 9 
3 8 52 64 43 4 2 2 
2 0 27 38 34 6 9 6 
8 5 41 24 26 0 4 1 
6 0 45 68 60 3 5 1 
7 0 1 70 31 7 4 8 
1 7 24 39 85 9 1 4 
6 8 72 22 17 3 2 8 
1 7 6 50 40 6 2 0 
8 1 44 72 72 0 2 0 
7 2 23 40 34 8 8 4 
7 9 42 38 77 3 2 1 
3 1 24 28 92 8 6 6 
9 3 14 92 19 6 4 2 
5 2 40 0 33 0 8 7 
7 3 19 48 57 5 3 2 
8 4 55 46 34 2 0 0 
8 2 36 41 48 8 5 1 
1 1 20 54 42 4 1 3 
3 4 11 18 43 2 8 5 
4 0 18 45 42 8 0 8 
2 7 24 42 37 6 5 4 
6 2 41 39 89 8 3 5 
3 4 29 52 46 7 2 2 
1 9 54 8 44 9 4 1 
4 1 43 46 42 8 4 1 
4 4 13 74 53 4 0 9 
3 7 44 66 43 9 8 7 
5 2 7 66 51 4 7 2 
0 5 93 58 73 4 2 9 
1 7 0 52 55 1 4 5 
9 3 55 44 53 3 8 2 
8 4 29 52 49 2 8 3 
2 3 47 53 79 5 3 5 
7 1 40 47 16 6 6 1 
7 0 11 82 42 0 6 9 
9 0 38 72 78 3 9 4 
7 9 64 42 68 8 7 9 
1 9 35 44 85 2 7 5 
6 2 37 49 69 5 2 2 
1 8 44 0 16 4 7 7 
6 3 43 47 49 0 6 8 
9 5 48 46 49 2 0 2 
5 2 16 38 50 9 0 0 
7 6 33 29 41 0 3 3 
9 5 31 67 50 3 5 5 
4 0 0 9 45 7 3 3 
0 9 47 78 48 3 6 9 
1 3 42 64 65 8 0 5 
7 2 40 55 79 6 4 2 
8 9 24 19 63 9 7 0 
8 8 30 73 0 4 8 2 
5 1 48 65 27 0 2 4 
6 2 37 75 30 6 1 9 
2 5 48 31 61 8 7 8 
2 2 38 48 63 0 3 8 
7 7 11 69 56 5 9 3 
2 4 51 43 16 8 1 7 
6 4 31 69 40 7 7 8 
1 4 19 64 14 5 8 1 
1 4 56 48 49 1 0 3 
9 1 13 35 60 1 9 0 
7 8 61 52 12 3 2 6 
0 2 19 38 57 3 4 4 
9 2 28 40 22 5 8 4 
7 0 19 56 43 1 5 9 
8 7 27 0 47 6 0 6 
5 5 11 70 24 8 4 3 
1 0 37 37 79 9 4 3 
8 7 6 53 72 7 2 0 
2 5 35 63 90 2 6 3 
7 3 30 50 47 2 4 0 
5 4 47 60 39 6 1 0 
3 1 57 23 22 6 7 0 
3 4 58 84 57 6 5 2 
1 2 45 42 43 2 8 1 
6 8 45 58 77 3 5 7 
0 0 11 46 14 9 8 0 
4 9 27 88 37 3 9 6 
5 9 18 52 28 3 2 5 
5 8 33 45 29 2 8 8 
5 9 21 54 65 9 0 3 
4 5 18 46 61 3 1 3 
0 9 8 71 47 8 6 8 
4 1 1 43 35 2 3 4 
1 1 34 55 33 9 1 1 
8 8 15 62 29 6 0 6 
5 2 10 54 51 4 3 2 
0 4 31 19 81 3 6 3 
7 1 29 55 75 1 2 4 
7 3 30 82 56 7 0 1 
8 2 15 56 43 1 3 0 
9 6 41 61 56 4 3 1 
9 4 40 53 42 6 1 3 
7 8 4 33 28 9 3 4 
0 4 38 27 53 8 1 4 
9 9 25 6 28 0 0 7 
2 8 47 50 61 1 7 6 
2 0 0 44 49 4 8 8 
6 5 42 67 43 0 4 5 
9 4 17 30 40 5 3 1 
4 6 25 26 45 8 5 3 
1 2 47 20 39 4 3 8 
0 6 9 44 24 7 7 3 
6 6 38 40 61 8 3 3 
1 6 1 43 61 2 8 9 
7 5 7 46 49 3 1 6 
9 1 9 41 85 6 0 5 
9 6 19 49 12 7 6 9 
8 8 58 65 44 8 2 3 
6 6 43 37 55 9 4 3 
6 7 44 75 2 5 1 3 
2 1 0 79 43 8 4 2 
1 0 29 36 54 6 5 8 
3 0 34 39 78 3 9 3 
5 8 53 39 64 9 7 3 
0 9 4 20 28 4 0 6 
9 3 14 17 54 1 9 9 
1 4 39 45 40 0 4 6 
8 2 34 37 78 9 5 0 
8 1 72 41 69 7 3 0 
7 6 6 54 22 7 8 6 
8 8 0 42 27 4 8 7 
9 2 33 60 80 5 4 1 
5 1 13 61 16 1 9 9 
1 2 12 46 72 6 4 1 
5 5 41 38 30 8 5 1 
3 9 15 49 43 2 3 3 
3 3 42 59 40 2 3 4 
7 5 46 44 61 4 7 4 
7 2 26 41 79 1 7 1 
8 3 20 58 21 0 7 5 
1 2 41 26 63 0 6 0 
7 9 0 50 53 0 7 9 
9 2 48 69 32 2 2 5 
4 0 0 73 71 9 4 3 
8 8 65 40 24 9 1 4 
4 6 0 47 55 6 2 4 
8 2 71 44 52 6 3 7 
2 8 15 74 34 3 9 9 
2 5 0 66 61 3 7 3 
2 7 1 0 0 8 9 4 
5 4 50 17 42 4 3 4 
9 3 39 57 46 5 3 4 
4 1 34 72 53 3 1 7 
6 7 46 44 31 5 4 6 
0 9 64 73 67 0 9 8 
2 4 5 33 55 7 9 0 
1 5 33 28 40 6 4 4 
4 3 15 70 20 2 8 1 
1 9 38 55 59 2 2 2 
3 5 67 47 25 6 4 4 
9 6 60 87 65 6 3 3 
2 7 60 39 50 2 6 1 
2 4 43 42 37 7 4 9 
8 5 0 49 71 6 8 2 
8 9 0 63 57 3 4 5 
5 1 31 33 81 6 1 2 
3 1 0 62 35 8 6 1 
1 9 65 58 89 7 5 7 
8 4 9 37 40 1 7 1 
4 5 44 27 6 9 3 6 
9 4 13 43 67 0 6 6 
9 0 43 109 56 2 9 5 
1 3 55 56 38 3 1 6 
1 1 36 37 87 9 9 5 
1 2 18 60 48 0 8 3 
6 8 41 34 61 3 7 4 
9 7 44 40 74 8 5 3 
4 7 30 52 34 5 4 3 
0 2 30 54 38 2 5 2 
8 0 26 53 35 2 7 1 
8 2 15 21 63 8 7 5 
8 2 23 43 14 0 8 8 
7 1 20 38 15 6 1 7 
7 1 5 46 34 5 4 1 
6 1 38 18 42 7 6 2 
8 3 0 58 39 5 0 2 
6 9 14 20 70 5 7 5 
7 9 16 75 66 9 7 0 
2 8 47 40 44 4 6 8 
3 0 20 36 46 9 3 6 
9 8 7 23 36 6 0 8 
3 6 28 33 60 1 4 7 
8 4 36 100 29 6 2 0 
0 7 50 51 50 9 0 8 
8 8 22 37 51 0 4 0 
4 9 42 61 52 8 9 4 
4 1 27 66 50 2 8 1 
3 8 27 35 46 7 7 9 
2 4 54 58 54 7 0 5 
1 8 22 36 55 3 7 5 
6 3 13 59 47 7 8 0 
9 7 16 40 12 7 7 5 
4 6 31 63 48 2 0 5 
9 2 0 65 26 4 9 5 
4 3 38 30 64 1 6 5 
6 3 8 53 66 5 1 8 
4 0 49 60 42 1 5 1 
4 6 31 39 31 3 6 9 
5 9 23 42 55 3 6 0 
8 5 23 73 45 9 4 1 
5 5 33 53 38 6 3 3 
5 7 0 36 64 0 3 9 
8 5 62 74 59 6 6 7 
6 6 35 49 71 4 3 3 
3 5 0 44 46 9 1 1 
0 4 17 54 45 2 3 7 
0 3 29 25 55 6 0 5 
8 5 43 40 23 4 4 5 
8 0 62 26 53 3 7 6 
9 1 33 51 21 6 6 6 
3 5 24 43 68 4 7 2 
3 2 25 20 4 8 9 0 
3 6 41 61 79 0 1 8 
8 2 16 24 38 7 8 1 
5 8 23 31 72 6 0 1 
9 1 65 56 89 7 3 6 
3 1 49 40 64 9 2 3 
3 9 55 88 20 4 2 5 
8 5 48 70 31 8 7 8 
4 7 6 63 25 5 4 1 
0 2 37 26 55 3 7 5 
6 3 29 69 19 3 1 9 
6 8 7 62 25 6 4 7 
4 2 31 32 62 5 4 4 
0 8 0 35 21 3 9 6 
5 8 21 92 35 2 9 0 
3 9 34 0 64 0 8 3 
3 1 70 53 34 6 2 9 
2 0 35 40 51 5 0 3 
4 1 36 58 27 1 9 5 
8 6 38 72 68 7 5 1 
3 3 18 56 89 1 4 6 
9 5 76 37 57 0 4 9 
5 3 49 55 57 7 0 3 
3 1 20 51 60 0 8 4 
5 3 9 55 26 0 7 1 
6 4 14 49 21 6 0 6 
9 3 30 79 47 6 8 0 
7 5 56 46 50 2 0 5 
1 4 44 27 23 6 7 3 
6 5 39 59 41 5 8 2 
7 6 61 41 61 0 2 5 
8 6 34 70 70 8 3 9 
1 1 24 50 39 3 1 3 
2 4 28 30 39 9 6 6 
6 3 27 43 35 6 5 3 
4 1 5 72 62 1 9 7 
4 2 59 62 28 0 8 4 
1 1 20 38 51 4 2 9 
9 5 38 26 75 0 2 9 
1 8 48 71 77 4 6 3 
2 9 42 56 76 9 1 2 
9 5 31 29 56 9 1 3 
6 5 5 63 48 0 1 1 
8 3 51 50 68 6 1 7 
2 6 0 70 77 6 7 0 
8 0 10 9 80 6 8 0 
1 3 28 37 75 4 1 9 
9 0 46 56 34 9 9 4 
8 3 0 57 52 6 3 4 
3 0 8 41 60 5 6 7 
1 2 48 38 64 6 4 8 
8 1 43 27 82 6 6 5 
1 1 28 86 11 2 2 6 
8 0 25 46 78 5 0 9 
8 8 9 43 43 2 6 2 
5 0 0 49 38 7 2 0 
4 2 33 46 22 8 2 0 
9 8 45 64 38 2 4 8 
2 8 8 84 76 7 8 5 
1 7 20 52 40 5 4 9 
9 1 26 87 34 8 5 2 
5 7 35 69 23 8 7 1 
6 0 39 71 67 7 3 1 
5 1 31 61 61 5 9 1 
2 4 62 65 39 5 5 1 
9 0 59 77 34 0 6 4 
5 0 10 59 58 4 4 6 
1 1 80 52 36 0 1 6 
9 8 48 55 43 1 3 9 
7 6 0 15 81 1 4 2 
5 5 31 34 62 8 5 4 
6 4 16 19 48 7 4 3 
0 0 37 68 60 5 8 0 
2 1 64 61 63 1 7 5 
8 1 48 58 31 2 0 7 
6 0 52 53 51 2 0 1 
9 6 0 63 52 8 8 5 
9 5 34 41 66 0 0 1 
9 7 5 37 76 4 1 1 
2 2 27 66 39 1 0 3 
0 5 34 51 45 4 5 5 
8 3 36 26 59 1 0 8 
5 5 33 53 34 9 7 5 
9 6 0 34 27 0 5 3 
9 5 3 46 47 9 5 6 
0 8 40 80 17 9 5 2 
7 4 31 25 50 6 2 4 
1 8 31 46 47 3 6 4 
1 5 0 56 70 7 5 5 
2 2 82 79 48 7 1 9 
3 6 42 72 80 9 4 9 
9 4 49 37 28 1 7 9 
3 7 45 21 39 1 0 1 
6 6 23 31 14 8 4 6 
1 7 24 73 59 2 4 1 
0 1 23 49 34 7 4 8 
3 8 27 54 74 8 3 6 
5 0 39 23 28 1 2 3 
8 7 48 65 63 7 3 7 
8 6 52 47 62 1 7 8 
9 5 50 46 46 1 5 1 
1 9 13 76 30 9 9 3 
0 5 29 37 36 5 2 5 
1 5 40 52 58 8 7 0 
8 1 11 67 25 6 8 8 
9 4 23 36 62 3 3 2 
1 7 57 48 55 6 4 7 
1 9 0 72 50 1 8 9 
1 5 17 41 37 2 2 7 
2 8 25 56 55 3 7 1 
8 5 0 74 27 6 6 1 
8 9 8 52 29 0 2 5 
2 6 44 25 20 0 6 6 
6 0 13 43 88 1 6 5 
0 3 25 47 47 2 7 0 
4 3 84 49 35 8 3 8 
6 1 36 38 67 7 8 1 
3 7 0 72 61 2 1 7 
5 2 5 67 41 3 2 5 
4 5 21 70 53 1 0 0 
3 2 52 46 68 1 4 4 
5 3 30 29 32 5 3 3 
8 2 14 54 87 9 8 2 
1 1 35 30 60 7 6 5 
0 8 33 88 50 9 2 5 
0 4 24 39 29 6 3 0 
3 7 10 41 58 5 5 1 
5 4 9 27 100 6 0 5 
3 2 18 50 39 1 3 3 
9 7 14 32 32 3 4 2 
8 0 85 50 77 1 5 3 
2 2 44 77 37 8 6 2 
5 6 53 28 58 9 6 4 
4 7 32 35 67 1 3 4 
3 3 35 58 33 1 0 1 
6 1 28 37 27 5 7 0 
4 3 44 35 26 5 6 3 
4 2 16 17 34 7 8 5 
4 5 42 49 26 0 9 4 
1 5 3 27 22 8 8 3 
3 9 11 76 53 0 5 5 
6 7 28 60 26 9 8 0 
8 2 14 48 91 6 0 1 
4 3 13 93 39 5 6 4 
4 0 55 87 40 6 8 9 
9 5 40 57 51 4 4 9 
2 0 50 59 45 5 7 6 
7 4 36 76 53 7 6 0 
5 4 40 100 103 8 1 6 
1 6 30 49 33 8 7 4 
7 0 39 38 83 7 7 2 
4 9 29 45 58 3 7 7 
2 1 45 46 58 8 8 8 
2 4 0 43 67 7 3 6 
8 8 26 39 57 2 3 7 
7 6 60 36 67 3 6 6 
9 5 27 23 55 6 4 6 
4 7 54 43 36 5 9 9 
7 1 24 64 49 9 5 8 
7 8 15 68 54 8 3 6 
7 6 26 36 49 4 1 5 
5 7 25 69 26 4 1 5 
8 0 54 69 18 7 0 3 
7 5 6 41 45 0 8 5 
6 8 0 30 48 9 7 4 
5 7 72 22 38 4 8 1 
2 2 27 63 28 4 7 3 
3 4 48 47 64 7 5 0 
1 5 12 43 52 2 4 6 
7 8 6 43 73 1 2 3 
9 4 13 65 45 7 0 7 
8 1 60 2 55 4 9 8 
9 1 48 37 52 1 8 2 
5 7 28 69 14 5 4 3 
5 1 46 60 65 8 6 4 
0 4 25 40 24 8 6 7 
5 0 4 43 75 5 5 2 
8 7 1 1 68 8 8 5 
1 1 12 62 54 5 0 7 
3 5 51 62 61 4 5 5 
2 7 64 59 9 7 9 1 
8 7 29 39 48 4 9 5 
8 3 25 80 15 5 4 1 
0 2 24 66 33 7 7 8 
9 7 50 30 46 1 5 1 
7 8 41 21 51 0 3 7 
6 5 44 35 71 9 0 6 
3 3 34 42 91 7 4 7 
0 7 62 64 65 9 3 2 
5 3 10 82 74 2 6 7 
4 5 24 29 51 9 8 2 
8 4 19 38 33 0 3 1 
2 7 42 79 54 9 2 3 
6 2 21 18 58 2 9 0 
9 8 42 43 49 8 0 4 
7 1 27 63 71 2 3 5 
1 8 52 74 31 5 8 6 
0 0 0 39 55 2 3 6 
3 2 8 17 38 6 3 0 
7 9 32 59 0 4 0 4 
3 3 25 37 58 0 2 9 
7 2 3 62 40 8 1 1 
6 0 21 54 98 1 6 3 
0 1 71 32 51 5 1 0 
5 3 55 50 40 1 7 4 
7 1 81 54 76 0 1 8 
9 2 5 30 53 0 7 3 
8 6 28 14 62 2 2 9 
1 4 5 39 58 0 1 1 
8 4 39 39 39 4 0 6 
1 3 41 66 60 9 1 5 
3 1 29 77 7 4 1 2 
4 7 46 86 39 4 7 4 
4 3 61 46 28 3 2 3 
1 8 26 51 72 0 6 7 
3 1 1 65 66 6 6 2 
2 4 33 65 85 4 3 2 
0 6 13 37 43 9 5 2 
0 8 27 29 53 5 6 2 
5 3 28 63 38 7 1 7 
5 3 38 35 56 0 4 2 
4 1 17 54 84 0 1 9 
4 1 7 32 59 9 1 0 
0 8 13 18 54 0 0 9 
9 8 52 31 57 1 9 5 
5 8 5 66 58 1 0 5 
7 1 33 45 60 2 9 6 
5 7 32 65 47 6 9 7 
0 0 32 37 36 1 1 2 
4 7 33 45 33 7 1 7 
5 1 0 37 52 4 3 1 
0 3 10 70 29 8 5 3 
6 9 10 48 38 6 2 0 
9 1 0 54 87 5 4 5 
4 2 0 39 73 1 1 6 
1 8 3 93 69 0 5 4 
7 9 37 54 46 0 6 0 
9 7 10 46 71 0 3 3 
8 7 59 36 48 7 0 4 
2 5 29 72 62 6 7 9 
5 5 38 9 63 9 1 5 
2 6 26 29 60 3 5 9 
1 0 44 65 27 2 0 9 
7 0 0 33 37 1 7 5 
7 9 73 58 46 2 1 6 
7 7 46 52 15 9 6 9 
2 8 46 103 86 2 0 1 
0 6 27 45 60 9 0 9 
3 7 0 79 52 6 9 4 
1 8 50 43 13 4 1 7 
9 6 17 14 32 8 7 5 
1 1 41 16 64 1 8 8 
2 4 23 52 52 7 4 0 
4 2 46 63 35 4 5 2 
3 1 37 36 57 4 8 0 
1 8 3 4 28 6 0 4 
3 4 22 29 26 4 4 8 
5 9 22 11 35 2 4 7 
6 8 62 90 62 0 3 4 
2 8 52 39 60 1 1 5 
4 3 40 36 65 1 1 9 
5 9 11 26 53 1 9 4 
3 7 34 6 87 1 0 6 
1 5 54 54 71 0 4 7 
1 4 36 51 47 5 9 3 
6 2 17 68 62 7 0 7 
6 5 24 43 36 1 9 1 
2 2 31 45 77 1 2 4 
3 3 38 34 60 4 2 7 
6 1 47 76 51 0 4 6 
3 4 51 33 51 3 7 8 
2 8 28 71 89 8 3 3 
8 6 28 36 8 9 8 2 
4 3 23 52 71 0 0 4 
0 5 0 62 81 2 1 2 
6 1 28 36 26 8 7 7 
1 3 50 53 18 5 4 2 
1 7 48 54 55 9 9 8 
0 4 0 54 38 7 4 0 
7 2 31 41 46 4 6 9 
9 2 28 25 50 0 1 7 
3 1 50 30 69 9 4 8 
1 6 30 72 55 1 6 9 
4 1 29 50 32 1 1 5 
8 9 45 47 25 3 8 7 
4 3 31 75 77 9 6 4 
2 5 69 48 60 9 2 0 
5 7 46 39 50 1 3 2 
7 7 31 65 26 0 4 7 
3 1 17 64 36 7 3 6 
1 2 12 38 62 4 3 6 
1 1 12 46 39 4 1 4 
0 3 31 29 0 1 4 3 
9 9 3 69 42 8 4 8 
4 2 25 72 73 2 5 2 
8 8 19 40 29 2 9 9 
2 2 9 64 13 8 0 8 
4 0 27 31 91 1 8 8 
7 6 14 54 37 2 2 2 
5 4 53 31 71 0 4 7 
8 2 16 33 54 1 6 9 
2 5 33 37 20 9 5 6 
9 5 39 52 45 6 5 8 
0 9 35 48 36 7 1 0 
9 0 42 67 39 0 6 1 
4 6 43 62 35 8 4 9 
4 1 24 16 39 0 1 0 
8 9 39 47 49 2 0 8 
8 0 39 67 71 0 1 7 
1 7 44 56 103 0 1 9 
0 0 51 54 72 6 1 4 
4 1 3 15 89 6 2 4 
0 9 27 44 52 3 7 0 
9 4 44 43 32 7 0 2 
4 4 18 36 35 7 3 8 
9 1 42 0 65 5 5 9 
8 3 31 40 34 7 0 6 
4 2 19 75 57 0 1 6 
5 6 71 86 79 6 3 8 
6 8 80 49 32 8 0 1 
3 6 25 61 46 5 6 8 
8 3 24 43 72 7 8 5 
7 5 59 17 61 9 5 0 
8 7 68 7 50 5 5 0 
3 2 17 46 47 0 9 1 
7 5 53 78 38 0 7 4 
8 9 51 73 63 7 9 4 
0 5 9 45 11 8 5 5 
7 2 29 27 64 8 7 3 
7 9 58 6 44 6 5 2 
3 0 29 68 75 2 4 1 
5 8 1 71 39 0 5 7 
7 1 41 58 54 0 6 3 
5 3 39 76 23 5 1 0 
8 2 53 52 60 9 4 3 
7 3 34 75 69 8 3 7 
6 2 52 70 38 4 6 5 
2 8 0 71 51 8 6 3 
5 5 41 59 76 9 2 6 
4 5 1 62 45 2 9 6 
1 6 43 59 40 3 1 0 
9 7 19 49 31 1 5 3 
2 9 6 51 53 9 6 2 
0 6 45 35 15 9 5 3 
8 2 0 31 13 3 1 4 
8 2 25 77 84 3 7 3 
2 3 22 43 33 8 5 2 
3 8 22 35 56 8 0 9 
2 1 27 65 54 9 5 7 
2 3 32 38 51 8 1 8 
0 8 37 8 34 5 7 2 
8 1 48 51 50 4 1 6 
3 7 39 41 9 3 6 8 
3 2 66 78 59 7 8 4 
6 9 73 44 39 8 1 8 
2 5 60 49 37 6 0 8 
2 9 33 34 48 2 0 8 
0 2 8 53 18 2 4 4 
9 2 12 58 52 4 1 0 
9 3 0 76 60 0 4 5 
0 0 25 43 53 1 3 9 
5 4 35 32 73 2 1 5 
2 9 34 13 19 4 5 5 
8 4 75 29 66 2 2 8 
2 9 2 63 49 2 7 1 
4 8 42 12 46 5 2 1 
6 5 55 85 71 2 2 1 
9 0 24 21 15 0 4 8 
2 4 48 56 34 9 9 2 
8 3 30 42 20 7 9 0 
3 7 24 37 52 4 2 1 
0 7 27 40 22 0 2 8 
3 4 22 72 51 5 4 1 
3 3 27 72 18 8 6 7 
7 7 35 60 42 3 0 3 
1 5 33 53 45 7 9 3 
4 8 30 112 18 0 2 3 
7 0 26 37 42 5 2 7 
1 2 35 53 38 9 8 8 
2 6 35 58 39 0 0 2 
4 1 47 17 38 5 5 5 
0 6 56 60 57 8 7 0 
3 5 10 41 28 0 2 2 
8 9 55 81 21 4 7 9 
6 9 6 43 89 0 6 3 
8 8 23 34 48 3 9 3 
2 8 30 59 54 2 1 6 
4 1 20 21 55 4 7 9 
5 2 0 30 51 6 2 9 
2 4 36 23 39 6 0 1 
8 0 47 61 37 8 6 7 
4 9 24 76 63 5 9 7 
6 0 27 35 31 7 6 9 
3 1 42 56 21 3 9 4 
2 5 41 61 79 7 5 1 
2 2 35 32 35 0 3 0 
0 7 21 54 23 9 2 1 
6 3 15 27 19 6 3 9 
1 6 53 21 47 8 5 0 
7 3 0 45 0 0 0 6 
0 5 34 75 63 3 8 9 
9 5 59 83 19 7 4 8 
2 9 27 86 33 3 2 3 
3 4 58 88 38 3 9 6 
9 4 34 82 86 6 9 6 
5 1 72 30 39 8 5 1 
6 7 30 75 14 2 3 3 
8 6 0 14 44 6 2 2 
0 4 34 13 74 6 4 6 
8 4 3 63 56 1 4 3 
0 4 44 33 95 0 3 0 
5 3 4 68 67 8 2 0 
6 3 36 75 53 5 0 7 
8 6 57 77 52 6 0 7 
4 9 32 72 4 8 2 8 
8 4 19 101 26 0 3 3 
6 9 26 49 74 1 9 2 
2 7 28 28 52 7 1 7 
9 1 0 60 60 5 5 0 
5 7 12 53 63 5 6 5 
4 8 65 58 7 7 0 2 
6 5 70 1 64 5 1 7 
9 0 48 47 79 9 5 5 
7 3 41 30 46 1 0 2 
4 1 22 66 26 1 4 9 
9 1 66 0 64 2 9 1 
1 4 15 36 63 2 2 6 
5 5 6 48 25 4 8 7 
6 6 15 74 43 0 3 4 
0 5 45 67 76 7 5 5 
4 8 41 41 58 1 8 8 
5 1 66 54 60 1 6 0 
8 0 13 53 57 2 5 6 
6 2 49 59 43 5 1 0 
2 2 37 12 52 1 1 9 
2 7 34 35 65 6 7 7 
8 2 38 30 45 5 2 0 
6 1 44 44 32 7 2 9 
0 5 54 53 79 1 8 2 
5 2 5 46 63 9 2 6 
9 8 10 31 24 2 8 3 
2 0 87 13 61 5 9 5 
1 1 0 25 63 6 2 2 
4 7 47 84 60 3 8 7 
9 3 40 51 48 1 5 3 
2 0 32 30 27 2 2 4 
7 9 18 2 61 0 3 8 
4 4 34 27 57 2 8 9 
1 0 1 51 53 6 2 5 
2 9 24 69 20 9 1 3 
6 1 30 36 41 2 7 3 
6 3 47 62 16 2 0 7 
1 5 54 34 47 9 1 0 
7 5 52 36 54 6 8 9 
1 8 17 69 45 6 7 9 
8 0 53 72 0 5 8 7 
5 8 31 53 61 1 1 4 
1 9 22 64 45 6 4 1 
1 9 34 55 37 2 8 0 
3 5 59 37 33 2 7 7 
0 8 26 17 29 9 1 1 
0 0 45 83 23 8 2 1 
8 6 8 71 20 3 2 3 
0 7 48 26 61 9 6 1 
6 3 44 72 47 8 8 6 
1 4 21 84 51 7 7 6 
8 0 29 65 33 9 5 9 
0 5 4 18 51 0 5 8 
0 5 8 61 75 0 0 9 
1 8 15 64 60 9 2 9 
2 4 0 38 74 7 8 2 
2 6 17 57 38 4 3 4 
0 9 18 60 61 3 3 6 
0 5 35 10 73 5 2 3 
5 6 27 57 34 9 9 0 
4 2 75 76 34 1 7 8 
9 7 18 47 45 8 7 0 
0 1 48 61 78 6 2 6 
3 3 32 2 34 8 4 3 
5 0 38 51 86 5 0 7 
9 7 41 63 62 8 9 9 
5 9 19 62 28 5 8 9 
5 1 0 60 40 7 1 2 
4 6 0 48 41 4 6 1 
9 0 46 37 65 7 7 3 
4 2 58 46 49 6 7 7 
0 7 11 16 48 1 5 6 
3 4 43 84 72 9 8 0 
1 2 11 24 21 3 6 1 
8 5 0 61 72 5 4 9 
4 4 40 0 66 9 3 2 
8 0 61 27 51 8 0 5 
2 5 2 44 70 2 4 1 
3 0 16 41 61 5 2 3 
1 5 28 3 23 5 3 2 
3 8 19 32 52 5 9 3 
2 4 23 74 63 1 7 3 
9 1 45 56 50 8 5 2 
2 9 18 74 49 9 9 4 
1 3 17 38 52 3 1 2 
2 4 49 47 19 3 1 8 
6 6 53 64 71 4 0 5 
3 6 34 56 27 2 8 5 
3 7 26 36 81 3 1 2 
2 1 28 58 44 7 6 9 
8 7 30 63 0 3 5 4 
7 5 41 55 83 8 2 1 
3 8 49 64 53 6 3 4 
3 2 48 29 27 4 6 6 
2 1 53 45 37 1 4 9 
4 0 48 32 52 5 4 8 
1 0 0 54 66 3 5 5 
0 3 79 57 3 3 6 0 
6 2 32 30 57 1 6 7 
1 8 25 27 50 5 4 4 
6 2 16 66 101 7 3 6 
5 4 54 45 75 5 6 0 
2 1 43 88 72 4 6 5 
4 6 12 67 40 2 5 9 
7 7 20 78 26 0 3 5 
3 2 20 67 40 6 7 5 
5 8 50 28 38 7 7 7 
4 0 45 25 38 6 6 2 
3 2 13 64 37 8 4 8 
8 7 43 101 49 4 1 8 
0 5 37 80 60 7 8 9 
6 0 23 51 63 0 2 2 
0 1 31 62 65 3 7 5 
5 3 36 44 61 8 0 8 
4 9 34 64 18 2 5 0 
0 3 32 97 47 4 2 8 
2 5 9 64 40 5 8 2 
6 5 40 49 32 8 2 0 
8 5 27 59 71 5 5 2 
8 1 28 59 38 1 8 7 
9 9 34 78 26 8 9 8 
2 8 35 45 20 5 0 1 
9 3 46 60 43 7 1 9 
3 1 60 66 80 0 3 8 
6 3 23 55 22 0 3 3 
1 5 23 33 50 2 4 1 
9 5 1 69 58 1 2 8 
1 0 0 63 71 3 4 9 
5 0 16 39 43 5 8 6 
2 3 35 46 63 2 5 3 
2 0 22 8 38 0 4 7 
8 6 0 45 48 7 6 3 
4 1 13 40 49 2 2 3 
9 1 25 61 17 6 3 3 
0 5 46 36 34 6 1 5 
4 3 0 55 42 9 9 2 
2 4 5 53 65 3 9 0 
7 3 35 69 76 9 9 4 
7 5 54 16 101 3 9 8 
2 8 57 59 43 4 5 1 
5 3 37 59 52 7 4 9 
4 0 60 55 42 8 2 6 
4 5 0 58 56 2 3 7 
6 6 35 7 42 8 4 1 
1 7 21 58 20 3 5 3 
3 7 11 7 40 7 2 1 
4 5 14 63 0 6 0 6 
9 8 0 24 96 0 8 7 
5 6 10 67 4 3 1 6 
5 8 36 57 43 5 3 6 
8 7 52 48 65 3 6 9 
2 0 0 66 51 1 8 4 
8 9 29 55 38 3 7 1 
2 0 56 71 6 9 0 3 
8 2 61 60 61 2 4 3 
3 6 29 95 39 2 0 2 
4 0 29 25 13 0 5 6 
6 6 30 24 68 8 1 5 
7 1 0 73 79 4 6 4 
1 5 29 56 38 9 7 0 
0 9 18 51 52 0 0 4 
6 3 14 41 24 1 9 7 
2 7 15 43 60 5 2 0 
3 9 35 56 73 2 9 4 
7 5 44 28 18 0 0 4 
3 0 10 71 40 0 5 4 
3 6 79 46 64 8 3 4 
8 2 15 26 14 0 7 2 
1 5 39 36 51 0 3 1 
6 3 28 50 37 8 2 6 
2 2 26 27 41 7 1 9 
3 2 30 56 21 4 5 6 
7 5 36 83 24 6 3 6 
4 1 31 34 30 6 3 8 
2 1 6 29 54 1 2 3 
3 2 41 54 51 0 4 1 
0 4 22 69 61 0 4 5 
3 4 0 40 18 5 8 1 
6 2 23 40 43 4 6 9 
5 3 41 40 56 1 4 7 
2 3 21 99 45 6 2 9 
8 2 34 40 83 4 5 9 
8 7 4 61 43 6 5 4 
0 1 59 55 63 1 2 2 
8 0 38 42 32 8 9 3 
0 5 34 46 45 4 5 8 
8 1 1 49 47 7 3 8 
9 7 54 72 28 3 4 0 
5 7 23 60 65 4 7 4 
3 0 39 28 31 2 7 9 
2 8 16 46 71 2 2 6 
4 8 24 70 69 5 6 2 
1 9 9 62 36 2 1 7 
2 3 2 44 80 8 7 0 
3 3 49 69 81 1 1 3 
1 0 9 53 77 2 5 4 
8 3 43 46 50 5 2 6 
1 4 44 73 66 7 5 9 
2 6 53 63 67 9 1 6 
0 1 63 81 51 7 0 0 
6 7 19 17 55 8 3 7 
6 2 10 95 31 3 2 0 
6 0 33 34 60 1 3 9 
8 1 25 40 95 3 4 6 
1 2 31 42 52 8 4 4 
4 0 21 51 48 9 8 5 
2 0 58 53 52 2 7 1 
5 9 20 43 71 1 4 7 
6 7 13 59 46 4 3 8 
2 3 28 60 70 7 9 9 
0 8 13 20 42 8 1 0 
6 6 32 44 62 0 1 5 
9 9 43 55 56 6 9 1 
5 4 23 57 42 7 2 5 
5 0 47 61 60 9 5 6 
4 6 39 47 67 8 1 4 
9 2 55 51 64 2 5 4 
6 4 46 35 54 1 8 7 
4 4 39 42 64 3 3 5 
2 1 35 63 86 5 0 5 
1 6 8 14 51 2 9 1 
0 5 8 54 36 1 3 1 
7 8 4 63 70 5 6 9 
4 5 34 0 71 5 2 0 
6 0 48 62 78 1 4 9 
7 2 32 60 51 7 3 0 
8 6 9 49 49 0 1 3 
0 2 51 63 29 9 2 3 
7 9 39 34 10 5 9 4 
7 1 9 71 63 2 0 9 
9 3 19 25 63 5 6 5 
2 2 14 60 56 0 8 1 
4 1 62 40 11 9 9 4 
8 5 51 57 63 4 7 1 
2 7 32 29 36 8 8 7 
5 8 64 42 33 9 4 9 
1 6 0 83 76 4 5 6 
8 0 4 36 45 5 9 0 
4 3 62 40 65 2 9 6 
2 3 33 95 42 7 8 0 
3 1 15 24 37 0 4 3 
1 6 37 25 55 0 7 4 
1 9 29 53 38 4 2 8 
0 5 12 44 57 8 1 9 
9 3 0 56 25 1 3 6 
3 9 33 9 51 6 9 2 
0 3 33 83 85 3 3 8 
2 5 38 48 47 7 2 7 
7 7 20 47 74 6 1 1 
1 2 18 44 54 9 3 0 
9 6 62 33 26 3 1 5 
6 7 0 71 51 6 1 3 
8 6 46 8 27 2 0 2 
1 3 25 29 67 0 8 7 
9 4 0 68 37 8 0 5 
8 1 27 51 52 4 8 8 
0 7 33 37 60 7 2 7 
1 5 18 49 48 7 9 0 
5 4 49 80 74 1 5 7 
2 5 43 49 50 4 9 3 
2 0 44 85 27 3 2 4 
5 5 22 53 47 3 1 4 
1 3 50 63 47 4 4 3 
2 7 53 56 42 8 9 6 
6 5 34 66 110 6 0 8 
6 5 15 19 40 4 1 1 
6 9 38 45 66 5 2 1 
0 5 11 74 71 8 4 2 
4 6 35 42 32 6 1 1 
9 6 2 52 68 6 6 9 
6 3 23 46 58 7 8 2 
7 3 32 50 59 9 5 0 
2 0 24 47 63 4 5 4 
1 3 21 57 59 5 4 6 
0 4 53 75 73 9 7 5 
6 4 43 55 35 0 1 9 
9 7 33 64 59 4 1 1 
3 7 1 61 4 5 5 9 
0 0 25 2 62 1 0 7 
2 0 10 41 52 6 4 6 
4 7 22 83 39 5 6 1 
1 1 31 77 63 3 5 2 
3 7 68 28 34 7 5 3 
1 5 45 57 55 8 1 9 
8 4 16 50 81 5 0 9 
1 6 40 12 35 1 6 2 
2 7 24 65 64 5 4 9 
1 9 27 29 45 1 4 1 
2 0 22 4 71 4 0 3 
2 9 13 47 55 5 8 0 
3 2 11 37 72 1 7 4 
1 5 37 34 31 9 6 5 
7 0 68 23 69 9 5 6 
3 4 47 43 15 0 7 9 
8 0 0 48 69 0 7 3 
8 6 44 38 16 6 2 2 
1 8 39 70 59 2 7 0 
1 7 24 55 61 7 6 0 
3 4 0 33 39 6 6 8 
9 7 2 66 57 1 4 0 
6 3 2 45 44 0 9 7 
5 6 41 27 52 0 9 1 
2 0 17 39 66 9 1 1 
5 6 66 80 52 8 0 1 
4 3 59 23 7 2 2 1 
5 1 7 40 69 4 9 1 
0 9 0 28 60 7 1 3 
3 6 14 68 63 3 6 2 
2 0 60 62 24 7 5 3 
1 7 55 36 47 9 4 0 
3 7 45 77 56 1 5 4 
5 8 34 28 88 5 3 6 
0 5 25 6 79 5 5 3 
4 8 36 37 72 1 1 8 
9 7 40 53 40 5 8 2 
3 1 0 98 25 6 0 0 
8 5 21 13 32 2 6 5 
7 0 22 34 54 4 9 1 
0 7 56 27 55 1 8 8 
2 9 60 40 51 1 9 0 
4 8 49 69 45 5 2 4 
5 7 21 58 44 1 3 3 
4 3 19 37 68 5 6 0 
4 8 35 52 43 8 9 7 
0 5 31 49 35 1 3 6 
0 2 53 69 52 6 6 9 
7 4 2 60 101 7 0 5 
6 8 56 51 59 3 4 8 
1 9 18 22 63 8 6 8 
2 6 13 47 48 9 0 1 
9 6 36 33 35 1 6 7 
3 8 24 58 36 7 8 0 
0 1 20 56 72 5 7 6 
2 2 0 55 34 7 5 1 
7 4 41 55 20 7 8 3 
4 8 24 34 49 9 3 3 
9 7 21 61 45 6 7 0 
6 1 28 17 65 0 2 9 
6 5 30 61 90 3 8 6 
3 3 13 67 56 8 8 9 
5 6 10 48 51 7 6 1 
9 9 57 43 22 7 3 5 
0 2 40 71 33 5 5 9 
2 2 37 52 27 1 6 6 
0 6 34 46 48 6 8 4 
1 9 50 47 33 3 7 5 
5 1 14 1 48 6 0 9 
7 5 32 77 33 0 8 6 
7 9 34 55 44 3 1 3 
6 3 17 11 54 4 8 7 
0 7 19 66 74 0 2 3 
0 0 17 50 41 1 7 7 
0 0 27 58 70 9 4 8 
7 6 33 19 54 9 9 9 
6 7 29 51 42 8 3 7 
3 4 49 62 61 8 5 6 
3 6 26 73 30 2 9 1 
9 3 31 25 42 3 2 5 
2 1 3 59 60 3 8 3 
8 4 58 72 54 2 7 6 
1 9 34 57 41 8 6 2 
4 0 41 64 47 3 5 7 
7 8 22 16 33 4 8 2 
8 4 33 17 52 0 0 8 
6 7 33 14 57 3 5 7 
3 2 43 69 41 1 3 1 
1 3 13 37 46 2 6 9 
5 0 34 59 15 5 8 5 
2 2 27 45 51 7 3 0 
1 8 51 25 27 8 5 7 
3 1 61 85 42 9 8 5 
0 9 23 45 29 1 7 6 
4 5 70 22 43 0 4 1 
9 5 22 37 40 4 1 8 
1 0 26 60 38 2 3 5 
5 2 29 39 47 9 9 9 
4 2 28 26 83 9 2 7 
4 6 26 54 23 9 3 5 
5 4 33 32 36 1 2 9 
1 5 47 70 48 8 1 8 
6 9 18 41 55 7 9 2 
9 4 29 61 38 7 3 1 
2 0 3 54 18 9 6 7 
1 0 55 39 31 5 5 7 
1 1 14 69 33 0 8 9 
3 7 20 76 38 5 3 7 
2 8 0 24 43 5 1 0 
8 5 8 15 28 9 6 3 
4 5 66 55 53 7 1 0 
1 0 61 32 88 7 8 9 
7 4 38 66 57 2 5 6 
4 8 39 40 77 8 3 3 
0 5 27 36 72 9 0 7 
4 9 15 17 61 2 9 6 
7 4 2 22 81 1 9 3 
4 5 24 48 45 6 5 4 
4 4 34 71 55 2 3 2 
3 7 42 53 33 2 7 3 
7 5 40 52 48 2 4 8 
8 2 27 72 42 0 1 1 
3 7 37 5 54 0 3 1 
5 3 22 33 9 6 2 3 
7 5 18 37 31 6 1 4 
7 1 41 50 45 2 5 9 
1 0 0 42 112 3 9 2 
4 5 38 49 49 2 3 2 
5 5 0 35 27 6 7 1 
9 5 43 34 80 0 6 0 
0 9 51 23 4 8 4 0 
8 4 23 41 23 5 5 8 
8 0 18 42 39 8 4 6 
3 8 15 23 0 0 5 9 
0 1 57 41 45 3 6 7 
9 6 24 61 70 4 2 8 
3 0 58 46 88 0 6 3 
7 9 17 49 59 4 1 3 
8 4 0 17 31 0 0 6 
7 5 38 56 71 4 6 5 
4 7 3 72 74 6 8 0 
7 3 7 54 40 7 5 4 
7 6 4 46 84 6 0 3 
2 6 76 70 58 4 7 5 
4 5 5 43 51 9 9 7 
0 6 0 0 52 7 0 2 
1 2 36 60 51 6 8 7 
5 1 1 60 36 6 6 4 
7 3 45 52 78 9 5 0 
1 4 21 51 72 0 7 1 
0 5 57 43 41 0 5 1 
4 8 41 62 41 5 8 1 
7 0 21 32 87 2 8 9 
3 2 9 67 13 6 7 0 
6 4 47 54 42 6 2 3 
2 1 27 36 80 7 9 0 
2 8 47 67 70 3 3 5 
9 6 19 0 39 6 7 2 
2 1 62 51 47 9 1 2 
6 1 16 50 63 4 0 7 
5 4 39 45 42 4 5 7 
0 4 53 65 54 5 3 7 
5 2 16 19 55 0 9 3 
8 4 0 48 51 1 1 3 
9 7 18 49 46 3 9 2 
8 1 26 12 29 9 2 5 
9 2 11 66 77 6 1 7 
0 9 41 74 23 7 6 6 
0 2 48 50 44 7 6 3 
4 7 44 61 23 4 1 7 
9 1 40 33 58 1 1 6 
9 9 66 48 26 5 9 4 
9 9 18 77 24 5 6 3 
0 4 52 39 37 9 6 2 
0 2 57 67 35 9 4 8 
2 1 19 44 49 6 3 8 
5 0 0 59 62 6 3 5 
4 8 35 67 48 5 2 2 
4 6 41 34 0 3 5 0 
3 9 6 65 49 1 7 0 
6 0 57 68 46 3 9 0 
6 0 35 45 43 4 1 5 
9 9 10 79 79 3 0 3 
1 6 30 103 20 4 8 1 
0 9 65 69 4 2 8 2 
7 1 30 42 32 9 1 8 
8 9 57 57 16 1 8 9 
3 9 68 68 48 8 7 2 
1 6 3 30 29 8 7 6 
4 2 44 88 59 4 2 8 
0 8 34 53 66 9 3 2 
7 8 20 30 46 6 6 7 
9 9 34 17 84 5 9 2 
3 4 2 47 101 1 7 4 
0 0 43 51 46 3 0 3 
7 5 0 48 61 5 8 7 
8 6 70 46 39 8 2 0 
2 5 31 34 26 9 9 5 
3 0 16 28 82 4 7 0 
9 8 38 67 76 8 1 1 
2 3 9 21 45 7 9 6 
6 2 33 70 44 3 8 8 
0 7 24 61 88 6 8 5 
7 1 34 42 45 7 7 9 
8 1 59 89 55 5 3 3 
8 1 42 44 64 6 7 6 
2 8 0 71 29 8 0 4 
5 7 43 39 26 1 2 7 
6 3 48 68 46 2 3 0 
6 3 8 17 85 4 9 5 
7 9 19 31 41 7 5 8 
9 2 39 55 55 1 6 9 
7 3 27 56 71 9 6 9 
3 9 35 6 73 9 9 1 
6 7 33 28 28 3 3 8 
2 5 35 81 38 0 9 6 
3 2 25 49 77 4 1 8 
5 5 43 23 66 9 2 6 
7 2 31 18 25 4 1 0 
2 4 58 40 32 7 2 0 
4 7 54 95 49 6 4 1 
2 8 19 31 19 9 9 3 
4 7 64 13 59 9 2 8 
3 0 19 12 47 4 1 9 
8 4 34 68 58 5 2 0 
5 2 18 50 37 7 7 3 
2 3 42 24 82 2 2 3 
2 0 55 42 10 4 9 9 
4 2 11 70 0 0 5 8 
0 7 18 34 53 6 2 8 
1 5 39 45 21 8 7 5 
3 9 32 59 40 5 8 5 
4 0 2 75 44 7 7 4 
6 0 12 65 23 0 1 2 
3 6 33 39 83 7 7 7 
0 1 46 38 61 3 1 8 
6 8 21 81 64 2 0 8 
5 0 40 66 39 7 1 7 
4 3 1 60 62 6 0 5 
3 5 48 32 55 4 8 7 
4 0 63 39 63 9 5 4 
8 0 31 30 37 3 3 7 
5 0 0 66 29 1 1 3 
6 6 31 67 83 1 2 6 
2 9 25 67 70 7 3 6 
8 0 10 85 50 9 7 9 
8 7 50 47 42 3 5 5 
5 0 14 48 51 5 0 5 
0 8 26 22 35 2 9 8 
4 0 30 64 76 8 4 5 
8 0 31 18 50 2 3 2 
3 5 46 66 38 4 4 4 
2 3 53 40 10 3 0 1 
8 3 70 31 37 7 5 2 
1 4 30 50 80 6 1 1 
7 1 42 38 57 9 6 3 
5 2 42 63 59 8 9 0 
5 0 7 50 25 8 5 9 
8 9 31 88 41 3 9 0 
8 6 26 44 51 3 2 2 
2 4 33 56 43 3 2 7 
4 9 19 17 42 2 0 9 
9 9 11 62 50 3 4 2 
6 8 28 54 67 0 6 1 
2 9 30 30 44 9 4 8 
5 8 38 29 59 4 4 9 
0 9 40 25 53 6 8 4 
4 7 74 38 52 1 1 3 
2 3 48 29 58 6 7 6 
4 3 0 40 64 9 7 1 
7 4 40 61 54 9 4 3 
7 7 40 87 77 8 4 2 
1 9 15 34 78 6 4 3 
4 1 53 0 42 8 2 7 
0 8 28 61 54 8 1 0 
0 7 33 55 5 6 9 1 
9 7 37 74 55 6 8 2 
5 0 33 49 42 4 0 6 
5 8 40 33 43 1 0 8 
9 6 40 73 42 7 5 7 
7 2 15 48 60 8 6 5 
0 3 53 36 74 0 5 7 
1 5 18 30 29 3 9 8 
4 8 17 30 69 1 4 6 
3 8 33 54 86 3 1 1 
3 2 39 48 84 5 6 9 
4 9 11 74 45 2 8 1 
7 5 33 52 56 9 7 9 
2 6 30 5 40 5 8 8 
3 2 10 47 34 0 8 0 
9 2 43 37 47 8 8 2 
4 9 17 24 58 3 4 0 
4 9 21 58 52 9 0 6 
8 7 51 49 36 6 9 9 
0 2 37 53 49 0 2 8 
4 1 58 33 51 5 2 4 
3 4 30 56 26 6 4 9 
5 0 34 51 88 4 9 6 
4 5 56 75 33 9 9 4 
7 1 37 29 38 6 3 1 
4 4 32 81 32 7 3 8 
4 0 8 16 81 5 3 0 
0 3 6 31 58 8 5 5 
7 7 34 31 53 2 6 6 
1 9 21 64 23 1 7 9 
3 2 37 44 16 5 1 7 
3 7 38 64 62 4 1 5 
4 8 37 46 40 7 1 3 
1 1 17 49 49 9 5 4 
7 8 48 60 77 6 8 5 
6 2 22 52 44 8 1 3 
3 7 16 48 50 3 9 6 
7 2 50 38 55 2 1 8 
2 2 0 16 77 6 5 5 
8 0 15 53 56 4 5 7 
9 7 23 46 52 8 3 5 
9 9 6 75 57 8 3 7 
9 3 34 66 61 1 6 7 
8 1 49 35 76 8 7 5 
7 1 32 93 63 1 0 9 
5 2 10 59 69 7 6 7 
0 3 36 54 61 7 4 1 
2 9 9 13 51 2 9 3 
5 5 39 101 35 9 9 0 
1 4 21 62 53 5 4 7 
2 7 35 19 24 7 9 6 
1 7 49 41 20 1 7 5 
8 1 7 60 56 0 5 0 
5 5 50 64 78 9 6 4 
0 9 34 41 91 4 9 2 
0 0 56 48 40 1 0 6 
6 6 47 58 28 9 5 5 
2 1 9 64 50 8 4 3 
9 7 0 40 28 6 0 6 
5 4 52 40 37 5 9 5 
8 5 9 48 62 3 3 8 
7 9 0 44 50 7 0 7 
2 5 21 59 18 0 2 4 
9 4 34 72 39 9 9 7 
4 8 35 63 41 8 5 4 
0 9 9 50 29 3 8 8 
7 8 0 42 54 6 2 2 
5 4 15 23 57 0 1 9 
5 9 25 75 38 6 0 6 
3 4 38 48 30 5 1 6 
7 8 16 31 50 0 6 4 
0 7 26 47 63 9 6 9 
5 7 46 49 35 8 5 0 
1 6 0 99 50 3 2 9 
6 9 38 37 76 1 3 6 
4 5 67 56 0 7 9 8 
1 9 29 59 47 2 9 1 
8 8 0 76 37 4 9 2 
0 9 74 72 47 7 8 2 
0 9 43 41 71 4 7 5 
6 7 39 62 40 1 1 1 
1 5 0 64 43 1 5 7 
7 2 8 73 50 9 3 1 
7 3 42 73 57 9 3 6 
9 7 51 21 44 7 1 4 
0 6 41 44 65 6 6 0 
9 6 54 54 50 2 8 0 
3 6 15 96 81 9 9 5 
9 2 23 59 49 0 5 9 
3 6 20 6 30 6 3 6 
9 0 44 53 90 5 2 1 
3 0 44 38 56 6 6 2 
3 1 34 50 59 1 0 6 
7 5 21 35 29 4 9 5 
7 4 53 54 42 4 0 3 
1 5 37 16 68 3 6 2 
4 3 51 69 46 7 4 3 
0 8 23 46 70 2 4 5 
7 8 36 89 33 8 6 7 
4 4 33 42 50 1 8 8 
2 6 13 25 41 3 9 4 
9 7 46 52 54 8 2 4 
7 7 37 3 34 8 4 3 
3 3 39 46 58 8 9 4 
0 9 29 50 33 5 3 7 
5 1 14 35 42 6 6 6 
1 8 52 67 50 4 9 0 
8 0 44 86 26 1 0 4 
5 7 26 40 52 9 4 3 
2 0 37 49 67 0 7 5 
7 6 24 73 79 3 9 4 
0 0 18 65 22 6 7 9 
8 6 19 37 43 7 8 9 
6 4 3 59 61 7 6 5 
0 6 53 18 45 7 9 3 
4 0 38 66 78 8 2 1 
1 5 9 18 69 1 6 0 
7 7 48 35 40 5 2 1 
1 6 41 35 89 6 2 1 
2 7 14 62 34 5 9 0 
8 0 47 45 20 6 4 7 
1 8 24 65 87 8 2 5 
1 9 28 67 67 8 9 3 
7 7 37 43 22 0 5 1 
7 0 14 45 94 2 5 6 
7 1 21 33 20 5 5 6 
5 6 19 54 23 4 7 2 
2 0 27 77 52 8 5 5 
6 0 26 62 51 7 3 2 
4 6 7 66 53 2 3 0 
7 7 44 71 26 6 8 1 
6 6 11 0 56 9 9 3 
5 5 9 35 80 6 1 8 
3 5 14 87 42 9 7 5 
3 4 22 29 64 9 2 3 
5 6 42 35 23 1 3 1 
4 3 62 84 7 6 9 3 
9 8 22 33 74 3 9 4 
9 5 49 40 39 8 7 7 
9 8 25 36 38 3 6 9 
4 9 19 82 23 2 2 2 
8 2 8 30 49 6 9 9 
6 9 33 38 59 2 6 2 
4 3 39 84 64 5 8 5 
0 4 36 56 50 0 7 2 
4 8 6 10 60 0 1 3 
9 9 33 23 34 1 9 5 
3 4 30 30 92 5 9 1 
4 2 50 33 38 8 9 4 
5 3 29 49 36 8 5 0 
6 5 0 36 55 1 5 0 
5 8 23 80 54 1 3 0 
9 6 32 73 51 6 4 3 
0 8 30 59 41 5 9 1 
8 1 39 63 63 4 8 4 
9 3 21 9 48 4 8 1 
0 8 31 54 15 3 5 3 
1 3 0 45 32 8 6 5 
9 8 58 33 62 8 8 8 
9 4 27 52 23 0 3 6 
9 7 11 55 26 5 3 0 
9 2 14 49 30 0 7 3 
2 8 15 44 83 7 8 3 
8 1 3 19 61 4 4 6 
3 9 53 52 73 1 0 7 
3 6 41 12 68 6 2 4 
4 8 28 60 42 6 4 3 
9 4 38 46 47 5 8 0 
9 9 43 25 63 0 5 4 
3 1 57 28 80 9 2 6 
6 2 44 68 47 3 2 8 
4 1 0 92 25 6 6 7 
0 6 34 17 56 6 4 3 
8 4 36 51 24 8 4 2 
1 7 75 92 49 1 9 4 
4 1 26 76 34 8 1 1 
2 1 28 27 73 7 2 4 
6 2 5 70 57 0 8 7 
8 5 23 37 81 6 8 8 
5 9 33 55 81 9 5 9 
1 1 15 70 0 9 3 5 
3 4 32 27 41 4 3 1 
6 8 36 41 49 6 9 3 
3 1 39 44 37 3 5 8 
6 6 33 50 52 1 7 3 
4 1 14 36 26 6 1 3 
8 1 18 77 41 1 0 3 
2 8 0 67 98 3 8 9 
8 6 52 24 41 3 6 6 
0 0 19 20 81 0 7 7 
4 3 3 14 61 5 8 3 
3 6 4 52 55 8 7 9 
0 6 38 19 64 3 6 8 
4 2 8 73 37 4 7 6 
1 6 44 56 22 8 0 1 
8 7 33 24 82 6 4 5 
1 6 51 46 16 4 5 0 
8 8 26 36 51 9 6 5 
4 7 37 61 52 1 6 6 
8 6 57 45 38 2 3 1 
7 7 53 29 69 0 8 5 
5 9 28 36 20 8 1 3 
7 2 8 36 48 5 7 1 
1 9 52 64 36 9 3 9 
3 5 0 52 32 1 0 9 
7 1 21 45 29 3 7 4 
2 3 43 91 77 7 6 5 
7 9 41 54 48 4 5 1 
4 3 38 23 41 6 4 1 
7 3 34 72 72 6 1 0 
0 6 25 88 41 1 1 2 
2 1 55 79 82 3 8 8 
4 2 45 110 50 0 9 7 
1 0 59 32 37 1 4 0 
3 6 28 55 47 9 8 0 
