8 1800
1 2 48 54 37 6 9 2 
5 8 10 63 52 6 1 6 
4 0 5 24 24 2 2 3 
0 8 20 52 17 8 3 8 
9 4 70 29 30 9 5 3 
6 5 31 29 11 2 6 8 
7 0 34 61 59 7 6 7 
8 1 5 42 84 5 7 2 
0 6 16 41 41 4 6 2 
2 9 0 58 38 5 8 4 
3 9 4 67 42 4 3 9 
8 9 23 62 48 8 2 6 
1 3 26 65 38 0 1 6 
7 7 49 81 72 3 3 5 
1 3 14 85 43 7 2 3 
6 6 43 47 54 9 6 3 
2 9 36 38 53 9 0 3 
4 2 21 37 31 2 3 0 
6 3 29 46 18 6 6 9 
5 5 46 51 10 9 3 2 
2 0 6 65 50 7 7 2 
4 9 55 54 56 8 6 9 
7 8 38 50 50 3 9 3 
8 7 14 0 58 4 1 3 
6 5 29 19 69 3 0 2 
9 0 33 23 33 6 3 5 
6 1 20 26 60 2 4 4 
6 0 34 36 58 2 4 8 
9 9 20 25 72 1 8 6 
9 8 36 28 60 3 7 1 
6 2 23 48 30 3 7 2 
3 2 67 47 37 9 2 7 
5 6 54 49 40 2 8 4 
5 8 0 39 29 2 7 8 
5 2 39 31 59 2 0 7 
8 6 56 15 66 3 4 4 
6 3 22 65 57 5 2 9 
1 9 53 32 42 9 3 9 
4 2 49 55 39 7 7 8 
7 9 60 31 81 5 0 3 
4 8 42 74 21 9 8 9 
9 1 19 72 26 0 1 8 
1 7 31 20 55 4 2 5 
8 1 0 45 25 2 0 6 
7 7 19 13 53 0 7 4 
5 0 37 59 75 3 8 3 
3 0 35 34 64 1 2 5 
0 9 0 58 84 3 8 7 
1 9 8 55 22 8 4 0 
3 3 34 55 40 6 4 8 
6 4 32 36 69 9 6 3 
0 8 29 39 75 2 4 9 
2 6 29 93 62 6 4 2 
4 1 39 69 73 4 2 1 
4 8 49 49 68 8 7 2 
5 1 53 65 78 0 0 5 
9 7 0 55 41 1 1 9 
8 2 51 77 29 8 9 8 
9 9 39 14 69 2 0 8 
3 5 52 46 86 4 3 9 
1 6 24 47 79 3 7 7 
7 6 23 30 76 2 6 6 
4 3 27 75 25 2 0 5 
3 5 57 42 40 0 5 3 
0 4 16 53 78 6 7 9 
8 8 29 54 46 3 8 5 
2 5 50 75 47 5 6 6 
6 9 24 48 12 5 5 2 
1 4 2 49 50 1 1 9 
6 0 44 48 43 6 2 1 
2 9 31 36 63 9 0 6 
6 3 1 30 44 9 2 6 
0 3 0 48 65 7 1 3 
9 2 40 28 24 4 1 1 
7 4 30 28 84 1 3 9 
9 6 33 47 47 4 9 2 
1 7 14 1 89 3 0 1 
7 4 22 49 18 0 8 9 
9 0 57 35 49 8 2 4 
5 8 5 55 21 8 2 5 
2 5 36 49 24 2 1 5 
1 2 79 49 6 0 5 4 
8 1 69 42 64 5 4 3 
6 8 58 61 68 6 6 3 
3 5 41 25 46 2 5 6 
3 9 3 90 52 2 6 9 
0 8 32 46 52 5 1 5 
9 0 33 33 34 3 6 9 
8 5 23 28 53 9 0 1 
1 6 31 78 49 2 4 4 
1 3 16 34 67 9 9 3 
2 4 40 43 54 3 2 6 
9 3 39 68 30 5 6 7 
8 6 14 76 33 3 3 5 
0 7 62 48 51 7 0 1 
5 6 10 58 75 1 9 7 
3 5 56 76 72 2 2 2 
5 6 36 68 53 3 5 7 
6 8 36 64 76 6 8 7 
6 2 29 44 62 6 7 5 
7 2 21 34 30 0 4 6 
4 9 28 69 43 4 1 9 
9 5 30 50 36 7 1 3 
2 8 42 46 37 2 9 3 
5 9 17 78 7 4 9 0 
1 3 12 39 19 1 5 4 
2 9 32 23 62 1 2 7 
7 9 21 15 37 5 5 3 
3 9 26 40 54 5 9 1 
8 4 42 54 60 1 5 1 
6 4 13 34 46 3 2 0 
5 6 44 12 40 6 6 7 
1 7 22 78 40 8 3 5 
0 0 14 79 44 6 8 6 
9 2 27 59 45 7 2 1 
0 5 33 54 64 0 9 6 
2 8 47 67 48 8 7 2 
4 6 30 49 53 4 7 9 
2 8 13 63 92 6 6 3 
6 3 39 58 86 6 2 6 
1 7 57 60 13 3 2 3 
7 9 43 61 74 4 7 0 
7 4 27 58 99 8 8 5 
3 6 58 55 44 4 4 5 
9 1 40 94 37 7 5 0 
1 2 10 56 81 7 5 9 
7 2 13 54 46 1 1 6 
6 8 22 66 50 5 1 7 
8 6 55 59 67 1 9 8 
3 7 39 60 32 8 9 0 
0 2 18 41 46 6 4 0 
2 8 63 51 55 5 4 7 
7 4 35 60 35 3 1 9 
5 0 69 44 47 4 8 5 
8 9 50 57 77 4 0 1 
0 1 32 76 27 1 6 9 
2 7 3 59 59 8 6 5 
4 0 38 50 87 7 4 1 
7 7 74 10 65 9 2 4 
7 2 32 33 74 9 6 6 
5 0 34 37 19 9 4 8 
3 0 44 60 36 5 4 1 
1 8 45 0 56 0 9 4 
3 8 54 60 62 8 6 6 
7 3 20 50 59 3 5 2 
8 5 9 87 34 1 4 1 
2 8 77 41 65 3 4 4 
4 7 29 24 70 7 1 7 
3 4 5 54 77 9 8 2 
6 2 24 36 52 4 8 9 
1 4 42 28 38 0 3 4 
0 6 25 73 90 5 3 1 
4 7 28 54 69 3 5 9 
9 2 42 50 52 7 5 7 
6 4 1 37 42 3 8 9 
6 3 62 60 49 9 7 5 
0 4 50 47 40 0 0 2 
8 9 14 41 50 0 6 3 
8 1 22 13 52 2 0 7 
6 2 32 69 33 8 9 2 
9 8 5 32 59 4 9 3 
2 7 39 37 18 6 5 7 
7 7 41 71 69 8 8 8 
4 4 19 27 45 4 1 7 
7 4 29 0 40 0 5 7 
9 3 54 72 54 1 1 8 
5 4 21 45 58 7 9 8 
9 2 29 29 47 2 5 3 
1 4 20 55 40 1 6 1 
2 9 0 39 41 1 6 3 
4 2 51 81 63 0 1 6 
5 8 2 18 51 6 5 9 
8 5 47 24 35 8 4 6 
1 6 17 44 5 7 1 4 
4 9 40 33 62 0 2 2 
7 1 22 69 25 7 4 8 
4 0 57 31 54 4 8 4 
5 2 12 44 14 8 2 5 
7 9 2 71 17 1 0 8 
3 3 4 44 62 0 7 3 
9 7 61 36 13 5 8 3 
9 5 45 28 0 1 7 4 
5 9 0 14 27 3 0 2 
2 3 23 40 29 3 8 6 
5 6 61 31 71 7 7 7 
9 7 26 68 50 0 5 0 
5 7 27 56 54 9 2 4 
9 1 36 17 0 2 6 8 
5 4 15 66 43 9 8 1 
1 0 41 52 49 9 7 0 
2 3 57 33 42 8 5 7 
4 5 28 53 76 6 3 4 
3 1 9 52 53 4 7 2 
7 6 53 39 77 7 9 0 
4 7 54 34 61 1 5 0 
5 3 0 64 48 2 1 1 
9 2 13 49 60 8 7 3 
0 6 23 78 48 6 4 1 
2 6 20 57 77 9 1 9 
2 8 28 47 88 9 4 7 
9 6 31 65 40 9 7 5 
0 4 21 36 37 1 5 6 
8 6 30 66 42 5 9 4 
3 3 27 79 42 2 8 4 
3 5 28 68 55 7 9 3 
8 6 38 73 89 5 6 0 
0 4 14 9 31 4 5 7 
8 6 8 33 24 1 2 0 
2 6 29 21 54 3 5 0 
5 2 54 36 55 1 3 0 
2 0 49 34 44 0 9 6 
7 2 25 55 48 7 3 5 
1 7 11 46 62 7 5 1 
3 5 24 51 39 7 0 0 
0 0 65 60 89 5 9 2 
6 4 29 23 27 3 6 5 
4 1 12 47 65 8 5 0 
7 2 1 35 90 4 7 1 
5 3 10 63 51 7 7 3 
4 2 0 88 41 3 2 1 
8 9 0 14 89 5 9 9 
4 9 23 31 50 8 9 2 
3 3 41 96 45 0 2 1 
4 7 50 15 50 5 1 2 
4 9 44 74 83 9 0 8 
7 4 11 61 77 9 0 7 
0 6 26 47 34 6 4 5 
2 4 34 53 35 0 8 0 
4 5 71 68 61 2 9 0 
9 3 14 48 31 1 8 8 
8 4 51 41 40 7 8 3 
7 9 19 63 43 5 6 3 
1 1 47 28 32 0 3 5 
7 7 31 70 39 6 1 2 
2 0 0 84 37 9 8 9 
8 1 18 38 45 9 7 2 
6 9 9 36 52 2 2 8 
1 6 31 44 47 8 0 0 
7 5 33 54 48 3 0 3 
4 4 55 44 64 0 5 6 
2 5 23 41 60 8 2 5 
7 1 0 88 4 0 5 0 
1 4 39 33 57 1 3 9 
8 8 28 28 8 1 8 5 
1 2 74 75 59 3 5 6 
8 6 28 78 52 0 5 2 
4 0 59 26 56 0 4 7 
8 8 30 40 27 0 7 0 
5 7 52 55 18 1 8 9 
5 2 23 79 42 7 3 3 
4 4 36 58 48 4 0 8 
1 6 29 53 74 0 1 2 
3 9 38 31 28 0 3 4 
0 5 21 56 72 4 9 0 
1 9 65 72 48 6 2 2 
2 4 27 43 67 1 3 2 
5 1 56 75 47 6 1 3 
7 0 20 44 17 3 5 4 
0 3 70 81 55 1 9 6 
4 3 25 52 37 8 3 1 
5 9 22 55 28 5 5 6 
0 2 2 77 54 6 3 9 
1 4 33 40 26 9 7 6 
1 0 39 7 65 5 7 3 
4 9 8 54 57 1 3 4 
5 5 25 51 33 5 5 0 
8 8 56 79 51 4 0 5 
9 2 44 66 48 2 8 1 
8 9 4 24 34 1 1 1 
8 5 63 83 31 2 7 3 
1 4 63 68 22 5 8 3 
9 8 21 53 58 5 3 2 
1 4 21 56 75 6 2 2 
7 9 22 81 55 2 5 7 
6 5 14 70 69 2 6 7 
4 0 37 92 16 6 1 3 
9 9 44 33 48 9 1 7 
7 0 41 56 83 2 8 0 
7 8 15 60 26 5 3 6 
7 2 37 51 42 6 2 1 
2 2 27 47 37 5 0 1 
6 2 18 52 46 7 3 5 
7 1 57 38 51 4 6 3 
1 3 0 55 20 2 5 8 
2 0 79 53 50 3 1 1 
0 3 24 44 61 0 5 9 
3 7 28 62 54 9 7 5 
9 9 50 61 38 3 7 6 
8 7 27 34 73 1 8 7 
9 8 41 62 52 6 2 2 
2 7 53 91 32 9 2 1 
6 6 33 50 0 5 9 7 
8 7 31 49 45 9 1 5 
1 2 20 69 81 3 4 9 
5 6 70 29 41 6 4 5 
1 1 0 67 71 2 8 2 
2 9 49 49 46 5 1 1 
5 9 29 41 54 0 7 2 
4 7 18 36 68 3 1 3 
9 0 33 68 56 6 6 8 
6 7 38 46 60 1 1 4 
8 7 11 53 12 4 7 7 
1 6 72 45 47 8 3 3 
8 6 36 68 12 8 5 2 
5 7 60 55 46 2 0 4 
8 0 31 65 68 1 2 6 
0 6 9 61 46 5 4 8 
0 8 30 32 76 9 2 8 
1 3 47 20 61 3 5 5 
5 9 33 34 37 9 8 2 
7 8 24 35 47 2 4 9 
2 5 41 56 56 3 8 5 
2 0 24 50 69 4 0 0 
6 3 38 35 63 3 1 4 
0 3 67 73 57 3 7 1 
8 7 31 66 68 5 3 0 
5 4 21 28 82 0 1 8 
5 2 25 74 50 6 9 5 
8 2 22 63 59 0 8 3 
4 1 13 43 61 0 5 1 
7 9 0 42 55 2 4 4 
3 2 12 30 51 1 4 3 
4 4 31 44 45 8 1 8 
5 1 47 45 55 1 0 0 
2 5 39 55 48 0 6 6 
1 0 26 42 21 0 4 4 
6 9 68 46 75 0 7 4 
9 1 48 37 19 5 6 0 
1 8 31 52 60 7 7 3 
9 7 59 74 55 0 6 2 
9 4 30 29 57 2 0 4 
5 6 3 71 44 5 2 5 
0 3 25 66 47 5 5 1 
3 3 33 11 43 4 7 1 
9 1 20 82 50 0 1 4 
3 1 49 59 18 2 4 3 
9 1 0 34 57 5 9 1 
3 0 55 58 56 9 1 2 
4 0 14 32 14 6 1 8 
3 2 18 67 57 2 6 3 
3 3 0 38 0 3 1 0 
3 5 0 49 66 5 2 5 
2 2 25 45 56 9 8 4 
1 2 15 94 44 1 8 2 
8 3 20 0 54 5 3 8 
7 6 53 39 29 5 6 2 
5 7 49 40 28 1 3 5 
4 8 24 57 89 7 7 7 
3 4 20 55 62 5 6 2 
3 0 32 43 28 0 9 8 
8 9 40 38 42 9 2 3 
3 2 8 15 49 0 7 1 
7 9 16 42 25 1 2 7 
9 9 0 56 81 1 8 2 
3 3 19 51 14 4 2 3 
4 3 29 56 45 6 7 4 
5 7 18 35 65 6 2 9 
5 3 47 41 69 2 7 9 
3 6 10 48 40 7 6 1 
2 3 57 65 37 9 0 0 
9 5 46 38 37 0 6 8 
6 1 37 29 47 4 8 9 
5 0 18 29 69 0 7 3 
4 4 37 44 50 3 1 7 
9 5 19 83 34 3 3 5 
9 1 49 58 86 3 1 1 
3 5 74 84 53 0 5 9 
3 6 51 33 45 1 1 3 
7 0 10 44 76 5 1 3 
2 3 15 55 53 3 3 9 
9 8 0 55 65 8 7 8 
9 4 32 60 45 9 9 2 
2 7 62 30 80 8 7 3 
8 1 13 45 7 6 8 8 
1 8 17 21 49 3 6 7 
1 5 9 67 31 5 9 3 
5 6 2 29 46 3 0 0 
0 2 37 54 57 4 9 3 
0 4 33 49 84 1 4 2 
4 4 67 50 74 0 8 4 
0 1 9 39 27 1 0 6 
4 6 48 32 58 4 4 3 
3 8 47 31 22 9 8 0 
8 4 25 73 54 6 9 2 
2 6 26 12 31 0 3 3 
0 1 29 54 40 4 8 4 
9 5 45 25 57 0 6 5 
3 2 19 49 45 2 0 9 
9 2 21 41 51 1 2 1 
9 6 48 71 53 9 1 7 
5 7 35 2 56 8 6 8 
5 4 10 47 36 2 1 9 
3 3 25 24 31 5 0 9 
0 5 0 75 39 7 5 1 
1 6 83 31 29 5 9 3 
5 8 0 21 19 6 0 8 
9 7 69 41 74 8 6 2 
7 6 35 53 55 7 8 7 
6 6 0 50 34 9 1 9 
1 1 9 18 100 7 3 0 
5 8 7 80 58 6 8 5 
5 7 9 37 64 0 6 0 
9 0 53 41 34 2 2 5 
6 2 21 55 49 3 7 6 
7 1 9 72 26 0 5 9 
2 1 44 58 39 7 5 2 
5 6 40 23 49 9 1 7 
5 1 45 43 64 7 9 9 
4 0 53 61 76 2 2 1 
2 7 46 32 77 0 5 0 
5 2 38 70 35 9 9 8 
2 2 30 60 56 8 7 7 
7 2 0 56 49 6 8 2 
9 9 40 42 72 5 2 6 
5 0 69 15 77 3 0 7 
6 3 22 67 65 6 3 9 
8 8 19 30 0 9 4 2 
1 8 70 55 63 8 5 3 
6 4 45 72 6 8 4 7 
8 7 29 28 50 2 7 6 
5 5 43 51 26 9 3 4 
3 8 78 19 47 9 1 1 
5 4 10 55 25 9 2 0 
5 8 46 39 41 6 4 0 
5 7 58 58 60 3 0 8 
6 6 10 81 59 3 4 4 
2 5 9 59 67 2 4 0 
5 8 70 45 4 5 5 1 
5 1 37 77 47 3 3 9 
9 8 58 63 52 6 0 5 
3 6 33 18 18 3 7 9 
3 7 39 44 47 7 1 7 
5 8 11 54 63 2 7 6 
3 9 26 63 56 5 3 4 
4 8 55 39 60 7 8 3 
9 0 33 45 40 6 8 1 
0 1 20 40 32 3 2 1 
6 6 11 58 45 2 6 7 
4 2 23 48 27 8 7 1 
0 2 52 43 41 1 3 1 
9 3 0 67 68 3 2 0 
6 8 31 40 70 6 4 6 
8 9 40 60 24 5 0 3 
6 3 42 92 49 3 1 4 
8 6 56 62 60 6 9 7 
4 3 13 47 56 0 9 7 
6 6 22 66 59 7 7 1 
3 4 32 49 68 9 1 7 
7 1 29 52 69 7 4 3 
9 8 32 78 50 3 5 1 
9 8 51 40 81 4 6 4 
7 9 0 58 68 1 4 2 
5 0 37 66 58 8 7 0 
9 7 59 73 32 9 9 9 
6 2 15 66 64 0 3 9 
1 1 28 17 73 0 1 7 
7 1 57 44 34 2 1 1 
0 6 39 26 63 8 7 6 
0 9 22 45 30 6 3 5 
9 9 56 65 60 1 2 3 
0 7 25 45 20 0 2 3 
6 8 39 52 41 2 6 8 
6 7 38 51 89 6 6 8 
2 6 5 49 69 6 8 5 
0 0 43 95 44 9 7 1 
2 9 30 44 35 8 8 2 
8 5 35 42 42 0 5 1 
0 0 15 19 20 1 6 9 
2 0 62 48 33 8 8 1 
3 2 46 49 66 1 1 7 
8 0 61 57 22 9 7 1 
0 1 46 24 33 3 4 8 
8 5 0 65 54 3 0 1 
3 8 67 37 42 7 2 2 
1 7 66 73 72 0 7 6 
6 9 70 72 31 7 3 4 
4 8 28 49 32 7 6 4 
4 0 26 37 69 5 3 4 
5 2 10 39 63 6 6 1 
8 2 21 50 60 6 9 3 
9 8 29 46 65 4 6 7 
5 9 24 47 30 9 3 4 
5 3 31 65 59 8 3 0 
8 1 50 62 77 9 3 2 
3 3 48 44 21 2 3 6 
9 3 36 53 39 3 9 9 
3 1 36 53 48 9 9 7 
0 8 31 28 60 9 4 2 
3 4 13 26 66 8 2 0 
8 9 6 64 75 7 7 9 
0 5 13 65 27 7 7 3 
2 8 35 19 64 2 8 6 
4 1 24 37 50 6 4 5 
8 0 55 98 58 1 3 5 
1 8 0 34 0 5 4 8 
3 2 19 34 45 4 7 2 
0 6 45 88 58 9 4 0 
0 6 8 49 55 5 3 7 
9 1 1 46 27 2 0 3 
3 6 19 56 44 8 1 1 
4 0 38 81 60 3 1 3 
6 3 8 17 61 8 6 1 
1 5 37 91 26 9 0 8 
3 5 13 74 48 8 3 5 
1 7 23 43 73 6 3 1 
9 9 0 28 45 0 3 3 
4 8 43 69 15 2 8 1 
8 4 31 37 60 8 7 1 
5 4 4 54 68 6 5 4 
3 9 41 72 26 3 7 5 
7 5 39 82 48 0 1 6 
3 4 26 50 52 7 2 8 
9 3 42 32 10 0 4 3 
8 0 0 57 91 6 5 1 
8 3 45 74 62 2 2 9 
5 0 40 83 29 4 9 6 
6 7 27 35 57 8 8 9 
6 4 39 75 31 8 7 9 
4 7 50 63 36 4 6 5 
5 9 44 77 68 4 2 7 
5 2 45 35 36 5 3 7 
2 3 33 62 76 2 4 3 
1 2 45 67 65 2 8 6 
1 5 50 33 16 1 8 3 
2 4 26 26 58 2 9 4 
0 2 40 28 27 8 2 7 
6 7 26 58 63 4 6 1 
4 7 15 29 44 3 4 0 
9 2 4 51 54 3 5 9 
6 3 49 38 51 1 7 2 
2 1 52 66 76 7 8 3 
6 4 30 65 27 3 1 1 
3 5 21 16 35 6 5 1 
2 0 41 46 21 2 0 2 
1 3 24 56 33 3 7 9 
1 9 20 32 62 1 9 1 
7 9 67 67 70 7 1 1 
9 6 26 21 76 5 1 6 
7 2 0 51 21 5 1 9 
7 3 52 18 33 9 9 7 
4 6 10 34 56 3 6 0 
5 0 58 26 27 2 6 5 
4 1 39 72 48 0 2 6 
4 4 35 38 53 5 2 3 
7 7 65 39 57 8 0 5 
7 6 20 79 52 7 3 9 
7 5 9 38 86 7 6 8 
4 5 37 63 73 2 8 6 
9 2 0 100 52 6 5 6 
0 8 65 52 39 0 7 2 
6 7 46 32 61 2 7 8 
9 7 23 37 37 3 5 9 
0 1 44 39 20 4 4 4 
0 8 38 39 67 2 3 1 
5 7 50 82 56 4 4 2 
7 9 0 22 32 7 6 5 
5 8 45 48 18 6 9 5 
8 1 63 32 67 3 8 6 
0 2 18 34 48 1 5 1 
0 8 22 69 79 0 6 2 
1 4 33 39 15 9 7 3 
4 1 57 60 78 7 6 7 
4 5 30 54 50 6 8 1 
7 7 30 15 39 7 3 0 
9 4 32 34 37 9 6 9 
7 4 9 60 69 6 5 1 
1 7 24 68 17 7 4 7 
0 9 13 27 35 9 9 6 
2 3 35 38 32 6 5 6 
1 4 18 49 74 2 5 4 
4 1 31 37 47 4 4 6 
5 4 42 34 71 2 8 2 
5 6 40 53 41 3 1 7 
0 3 34 0 20 7 5 4 
5 9 0 42 26 8 8 8 
2 5 4 87 17 2 4 2 
3 7 20 25 91 7 9 3 
5 9 47 56 22 2 7 1 
8 3 54 17 51 7 6 0 
0 7 0 51 47 1 4 9 
6 9 32 11 55 0 8 5 
6 4 45 72 54 3 0 0 
1 5 22 58 58 3 7 2 
1 1 32 60 47 0 6 3 
8 1 29 56 44 4 0 5 
9 2 26 45 37 3 4 7 
4 6 57 23 41 0 1 5 
7 1 34 57 61 4 3 8 
0 7 43 39 36 9 2 2 
1 2 41 16 41 5 0 7 
6 9 0 104 54 9 4 4 
3 2 18 33 13 6 0 5 
1 0 27 51 8 6 4 2 
2 2 21 49 65 0 6 6 
1 7 37 51 48 0 7 6 
1 2 27 47 36 5 4 8 
2 3 27 66 63 4 1 2 
2 4 17 39 62 8 8 1 
1 9 29 51 60 0 1 1 
9 4 33 68 72 1 6 1 
9 6 26 0 65 9 6 5 
6 6 24 33 49 7 2 7 
0 9 27 37 28 7 1 3 
4 0 34 34 60 4 2 0 
7 1 20 39 40 4 0 1 
6 1 35 48 80 1 1 1 
1 5 60 29 43 2 3 8 
5 5 56 23 35 3 6 5 
4 4 18 30 76 8 1 4 
9 9 19 23 88 2 8 6 
5 1 28 34 39 0 2 2 
8 0 48 52 36 8 7 0 
5 2 10 38 61 3 8 1 
8 0 68 70 12 5 9 2 
4 9 19 33 64 2 9 9 
3 8 0 46 58 8 4 8 
6 7 55 70 32 6 4 0 
2 5 32 65 71 2 2 6 
3 4 10 46 63 9 3 8 
8 7 3 35 45 6 2 3 
7 0 13 27 26 4 8 8 
3 5 13 47 48 9 6 0 
5 7 31 22 64 3 4 8 
3 5 22 27 60 1 5 3 
1 4 21 92 13 9 4 7 
8 7 59 50 49 9 4 4 
6 9 29 38 9 3 4 1 
9 4 13 22 39 3 5 9 
9 7 35 58 13 6 7 5 
8 7 2 62 70 2 3 6 
0 0 48 21 57 1 6 4 
0 0 11 43 68 4 8 1 
1 5 27 48 36 0 4 1 
4 8 14 44 23 2 5 7 
8 1 53 45 41 3 3 3 
0 7 56 40 45 3 1 9 
1 6 39 45 37 3 5 3 
4 7 20 50 45 4 5 3 
3 3 51 45 94 0 1 0 
5 5 47 69 32 9 1 6 
6 1 38 39 38 5 6 3 
4 3 17 36 55 1 4 1 
0 3 30 39 40 4 1 2 
1 2 0 67 38 4 5 6 
9 8 54 52 48 8 9 5 
1 3 34 45 64 7 5 3 
3 0 39 40 83 0 5 0 
5 2 60 46 52 0 0 5 
1 5 37 70 68 9 1 4 
9 8 7 50 98 2 7 8 
4 8 29 45 29 2 4 0 
7 5 15 80 78 7 4 1 
5 9 37 17 46 6 4 0 
7 5 49 66 54 9 8 2 
9 1 28 69 35 5 0 8 
5 5 28 71 40 2 8 7 
6 7 69 52 73 3 0 5 
3 0 31 32 43 6 1 1 
4 2 27 30 40 9 5 7 
9 3 34 33 47 4 3 6 
1 5 8 32 73 8 2 4 
5 1 7 59 6 8 3 2 
7 4 41 50 44 5 0 6 
2 3 24 46 21 4 7 9 
9 9 40 9 67 8 1 2 
5 1 44 19 58 8 7 9 
8 7 23 55 47 1 6 8 
5 2 0 61 4 0 1 8 
4 4 23 49 65 4 4 1 
0 4 8 63 56 5 4 6 
1 3 46 76 41 2 6 6 
7 0 69 57 36 9 5 5 
8 4 16 44 30 7 1 2 
0 2 57 57 0 1 6 8 
0 4 25 49 66 5 9 9 
0 3 41 60 60 8 8 0 
4 3 17 50 35 9 1 2 
6 1 32 63 42 1 1 1 
4 0 17 66 44 2 9 4 
6 1 1 73 34 3 4 2 
4 1 8 41 54 6 2 3 
4 5 61 45 39 2 3 3 
3 4 10 67 67 5 3 2 
4 5 32 50 65 4 2 1 
4 3 6 67 38 4 8 3 
7 0 24 34 61 1 3 1 
4 4 14 56 49 4 8 7 
0 9 23 23 25 3 6 2 
6 3 60 33 67 1 1 2 
4 3 23 79 75 3 5 7 
3 2 11 55 81 3 3 6 
5 2 5 64 41 4 4 1 
0 9 47 84 52 3 3 0 
3 1 0 36 61 9 1 3 
8 0 9 64 45 9 4 8 
5 0 17 51 40 0 3 4 
5 6 45 50 36 3 7 4 
6 9 25 73 36 2 8 9 
8 2 14 65 34 0 7 4 
8 1 6 50 66 8 3 4 
4 4 58 35 81 4 4 4 
9 8 12 9 17 7 2 2 
4 9 0 54 61 0 9 5 
1 1 42 34 54 0 5 6 
1 8 45 69 64 0 8 7 
2 4 18 19 22 4 8 3 
4 5 34 48 28 2 8 8 
9 2 52 36 65 5 8 3 
1 3 25 40 51 1 1 0 
6 2 52 59 47 6 3 2 
3 5 17 35 27 8 9 9 
6 7 32 37 66 8 4 7 
3 2 16 52 54 6 4 3 
7 0 49 85 59 8 0 9 
6 6 62 42 66 6 7 5 
6 8 49 53 57 1 3 5 
0 8 0 78 93 1 4 5 
5 4 32 38 71 1 6 4 
3 5 36 9 50 5 9 6 
4 8 19 25 56 0 5 3 
8 4 33 33 50 0 2 4 
8 2 40 47 58 3 4 7 
1 9 25 71 40 0 6 2 
2 8 10 53 57 0 7 1 
6 8 14 82 53 6 1 1 
6 4 30 52 24 5 6 8 
5 6 6 80 66 6 3 2 
0 2 30 44 96 5 9 6 
5 9 38 47 43 6 5 5 
2 7 38 45 53 2 7 2 
0 3 55 60 29 5 3 8 
5 9 0 30 34 2 1 8 
1 7 5 30 44 5 4 8 
3 4 30 36 51 3 1 5 
2 3 54 4 71 5 7 0 
7 3 13 26 34 5 8 5 
6 4 23 51 61 0 4 2 
5 5 19 88 46 8 1 0 
8 3 33 50 55 1 2 9 
9 7 47 70 50 7 7 3 
5 7 87 18 78 7 5 2 
3 2 20 36 68 7 2 3 
7 7 19 59 87 2 1 8 
9 0 34 27 70 7 5 5 
0 1 56 89 69 8 3 8 
0 1 36 58 20 2 2 1 
6 2 37 34 69 0 5 2 
0 2 51 62 76 7 1 5 
7 9 36 60 97 7 9 6 
9 6 0 31 8 1 2 3 
4 2 23 66 67 6 0 4 
9 3 21 62 67 5 8 2 
8 1 31 74 33 9 8 6 
8 6 23 74 53 7 0 5 
9 0 4 38 53 7 5 9 
3 5 0 51 44 4 2 0 
8 3 11 24 7 7 0 1 
6 5 25 83 61 3 1 9 
1 5 18 41 24 5 5 9 
5 4 30 78 79 0 6 7 
2 1 66 79 49 8 5 2 
9 0 0 52 32 3 7 9 
4 7 69 52 38 6 9 8 
0 0 6 59 69 6 0 5 
3 5 30 51 20 0 4 2 
4 8 67 64 49 1 9 0 
3 6 69 61 27 7 4 2 
7 0 31 68 60 1 6 1 
6 0 29 21 33 4 8 7 
1 8 67 55 43 6 1 6 
7 2 3 73 75 7 8 6 
4 4 40 93 43 1 1 6 
2 6 58 27 66 2 2 7 
2 2 11 69 60 7 0 6 
4 1 34 56 50 8 5 9 
2 3 1 66 55 8 6 7 
7 4 54 46 87 8 1 2 
5 4 46 45 58 9 6 1 
1 2 14 12 39 3 9 2 
2 3 36 38 74 8 1 0 
2 1 44 58 54 5 1 5 
6 6 13 34 43 7 0 5 
5 5 40 25 57 8 2 0 
3 2 38 50 29 0 3 2 
8 3 0 88 59 4 4 5 
1 5 50 37 52 4 7 9 
4 4 34 81 89 1 8 8 
6 7 69 47 34 5 3 9 
4 2 30 47 49 1 7 3 
5 0 32 44 32 2 7 7 
4 4 36 59 25 4 3 1 
4 6 0 41 27 5 3 2 
4 7 45 47 73 4 9 9 
9 1 0 50 66 0 7 0 
7 7 21 18 57 9 1 6 
7 2 22 11 4 8 7 3 
0 4 46 43 60 4 9 4 
1 0 40 60 20 6 3 1 
8 3 40 68 16 5 1 5 
8 7 31 54 40 4 5 6 
0 8 37 13 49 2 9 5 
5 5 51 43 71 3 8 0 
3 6 33 55 55 2 8 1 
1 8 8 50 47 5 3 6 
1 2 51 65 46 0 1 2 
9 8 30 20 61 6 1 3 
9 8 15 63 38 0 1 6 
7 6 45 39 63 7 3 2 
9 3 31 74 15 3 0 1 
3 9 29 63 71 0 7 1 
2 1 9 63 37 1 2 2 
9 9 26 46 57 6 3 4 
1 9 52 53 20 8 9 5 
6 6 50 56 47 6 5 3 
1 6 12 37 47 4 8 6 
8 1 51 13 31 7 6 3 
7 2 7 57 36 5 0 0 
0 3 37 86 71 5 7 6 
1 3 18 56 59 4 6 9 
9 9 20 26 34 8 8 2 
4 9 0 60 70 6 3 7 
3 8 64 33 70 4 0 3 
5 1 50 36 43 1 4 1 
9 1 54 31 55 3 1 5 
7 8 0 56 56 9 8 3 
9 3 27 80 46 1 3 2 
3 2 27 68 71 5 6 1 
2 9 9 49 45 0 5 3 
4 1 15 35 55 7 1 7 
5 0 36 47 62 6 7 1 
6 9 40 60 44 0 5 8 
2 8 41 81 87 3 2 4 
6 0 31 47 39 3 0 3 
2 4 15 63 37 0 7 0 
4 5 4 52 51 0 1 6 
2 4 33 27 54 3 1 2 
3 9 66 49 33 2 1 0 
3 7 22 98 49 5 2 8 
5 2 35 21 71 6 4 3 
1 0 20 27 40 1 1 0 
6 1 39 60 31 0 7 6 
0 4 6 26 64 2 1 8 
1 6 61 47 80 5 5 2 
4 0 0 42 38 6 5 8 
6 1 22 52 55 9 0 7 
3 7 32 40 65 4 6 9 
6 1 15 54 53 1 5 0 
6 4 14 82 55 8 5 6 
7 0 57 48 53 8 2 3 
5 2 38 57 14 1 7 4 
2 6 39 70 4 0 8 7 
4 8 20 37 28 9 0 2 
4 2 16 38 70 1 8 1 
3 3 51 43 46 2 6 0 
5 6 23 47 72 7 4 1 
6 2 33 30 46 9 7 7 
2 5 26 50 62 4 5 9 
4 2 19 20 69 2 4 2 
0 1 60 43 44 9 6 4 
3 8 0 8 59 2 0 9 
1 6 18 61 11 1 8 3 
0 5 17 51 58 6 4 5 
3 8 34 64 91 3 3 2 
7 6 12 56 40 1 6 1 
0 9 54 36 83 8 1 6 
9 2 1 49 67 5 4 3 
2 7 36 64 29 8 9 5 
1 1 50 88 55 3 6 0 
9 4 16 18 100 4 1 4 
6 0 0 42 59 2 7 8 
0 6 47 22 8 5 0 0 
6 3 19 51 60 9 2 7 
8 4 18 47 28 7 2 3 
0 4 67 83 29 7 4 5 
6 3 26 52 60 1 0 5 
3 9 3 63 45 1 4 6 
7 7 42 45 49 3 7 8 
2 6 21 45 14 2 0 0 
1 8 38 35 74 5 1 4 
8 1 72 78 13 4 6 3 
8 6 49 70 83 3 3 7 
8 6 37 78 30 6 7 5 
6 9 50 41 88 0 2 1 
1 5 28 31 38 2 0 1 
3 2 17 25 46 0 0 8 
8 0 44 59 36 8 9 7 
1 0 38 66 68 3 2 4 
6 5 14 86 12 6 5 9 
7 5 26 69 39 5 0 9 
3 3 2 74 16 0 8 5 
6 9 88 61 47 0 6 1 
0 1 40 27 30 2 2 3 
6 6 2 63 69 9 5 9 
1 5 81 66 34 8 9 1 
4 4 27 67 44 1 1 5 
9 0 34 48 75 5 1 8 
7 4 3 53 86 2 8 2 
6 2 0 60 62 8 6 3 
7 7 46 37 25 1 9 7 
6 1 45 34 51 4 8 6 
3 2 39 47 19 0 5 8 
9 4 54 50 62 2 7 5 
5 6 0 26 32 8 3 1 
5 0 50 33 41 0 8 0 
2 5 30 39 65 3 8 4 
7 9 30 45 24 5 0 8 
4 5 39 40 83 1 3 3 
5 1 51 44 76 8 6 7 
8 6 72 12 23 7 0 3 
1 0 0 56 80 3 2 3 
8 6 19 41 49 5 4 9 
9 4 33 23 46 9 0 8 
6 6 16 65 36 0 2 8 
0 7 40 51 78 4 8 7 
5 6 16 65 54 0 3 1 
3 1 21 38 68 2 4 8 
0 2 1 31 74 1 1 0 
9 9 13 20 36 9 1 2 
8 6 47 32 30 8 9 8 
0 0 43 70 38 1 0 2 
6 9 36 71 61 3 8 0 
0 6 42 61 39 4 3 6 
7 3 45 34 67 7 0 4 
3 8 0 61 89 3 3 4 
6 0 46 69 48 8 9 2 
8 6 46 32 27 3 8 5 
2 8 9 69 26 6 1 5 
8 3 42 45 33 7 7 9 
0 8 8 67 38 4 1 8 
3 0 33 56 36 1 7 1 
0 5 17 65 65 4 8 6 
3 0 82 61 75 7 5 2 
7 1 0 64 37 7 5 2 
7 9 62 65 42 9 6 6 
3 5 67 47 30 7 7 2 
7 2 39 43 46 3 3 5 
4 5 46 65 55 6 7 9 
2 5 21 24 56 3 4 2 
5 8 26 40 46 3 1 9 
8 6 37 66 48 0 2 9 
2 1 22 69 61 7 0 6 
6 8 3 35 49 5 4 6 
2 9 17 69 52 3 5 8 
7 0 21 49 0 2 6 5 
5 8 31 32 44 1 7 4 
6 9 28 37 56 0 9 0 
6 0 6 67 26 0 0 4 
4 5 31 63 87 7 7 5 
0 6 5 31 56 1 5 7 
7 6 55 46 32 5 7 1 
2 4 54 58 55 7 1 0 
4 7 29 68 46 6 0 9 
7 4 19 52 7 9 8 4 
9 0 46 23 55 4 6 5 
7 8 52 24 56 2 1 3 
2 3 53 45 81 1 5 4 
6 7 0 94 58 8 5 3 
9 9 46 70 18 2 3 4 
3 9 46 20 36 4 4 7 
0 8 45 78 52 8 4 6 
1 0 29 67 53 5 8 7 
7 2 20 46 31 2 8 8 
5 3 11 72 44 7 9 8 
6 2 0 36 89 1 0 8 
4 1 0 48 44 2 9 8 
0 4 7 12 71 3 2 3 
6 4 26 42 54 0 7 1 
9 3 20 33 60 9 0 7 
7 3 23 54 60 0 7 6 
5 5 22 70 43 8 0 2 
6 6 0 59 50 5 6 4 
1 3 35 78 77 2 4 1 
4 3 14 69 87 0 5 2 
6 5 23 55 32 3 4 3 
1 5 29 86 55 2 9 8 
4 1 28 43 25 7 7 4 
3 1 25 29 31 4 9 0 
4 3 37 40 47 0 7 6 
1 8 24 42 13 3 2 9 
3 1 45 32 63 9 1 0 
3 8 39 47 92 8 4 9 
4 7 39 65 65 4 4 4 
6 2 17 51 48 3 6 2 
7 4 61 67 90 2 1 9 
0 8 32 52 49 3 3 7 
2 7 49 48 24 1 7 9 
3 8 32 49 28 7 8 4 
4 0 44 68 53 2 7 7 
9 4 50 30 78 6 8 2 
2 3 49 70 85 9 2 0 
6 0 26 51 47 9 9 4 
6 5 53 28 48 7 1 1 
3 7 75 57 32 7 5 1 
5 8 9 75 52 1 5 3 
4 2 7 39 36 0 5 3 
2 0 33 51 28 7 9 5 
5 0 38 62 59 8 4 5 
7 7 28 40 73 2 9 8 
2 0 49 14 73 5 8 9 
1 5 11 33 60 9 1 2 
0 6 32 1 26 0 4 9 
1 9 22 43 60 0 3 1 
1 7 32 59 81 4 9 6 
7 9 20 51 13 5 9 1 
8 5 89 75 54 1 8 0 
3 8 2 60 91 0 5 1 
2 4 34 64 42 3 2 9 
0 3 20 26 41 6 9 2 
4 2 12 41 30 3 1 2 
4 3 0 43 28 3 9 8 
6 1 58 56 65 7 0 7 
3 3 21 50 62 1 0 1 
9 1 52 25 95 5 9 5 
4 9 32 48 49 3 1 9 
7 4 39 52 50 6 4 2 
2 2 33 40 76 3 2 6 
6 1 0 50 63 3 1 1 
5 3 0 40 58 2 8 1 
6 1 11 47 43 1 1 7 
8 0 0 48 45 4 9 3 
6 2 40 31 57 7 3 7 
8 3 60 39 45 9 1 8 
8 6 10 0 62 8 8 8 
4 5 33 61 61 8 7 9 
4 1 45 35 56 2 2 9 
2 3 19 31 81 5 1 3 
1 3 0 19 13 8 7 6 
1 9 16 79 46 5 2 1 
1 9 23 61 42 5 2 0 
7 8 10 50 76 7 7 3 
6 3 26 40 21 6 8 0 
8 6 38 30 33 3 0 1 
1 1 42 76 26 2 8 3 
4 3 16 69 57 8 6 0 
9 1 47 47 75 0 6 6 
4 0 7 23 0 1 2 9 
9 8 53 45 70 5 5 5 
7 5 31 32 62 1 9 8 
7 3 56 55 52 5 1 2 
5 5 58 67 26 8 2 0 
2 2 26 53 60 1 7 9 
1 7 49 46 21 4 8 1 
7 7 30 24 55 7 4 7 
8 7 47 38 72 7 2 4 
2 0 24 73 34 4 8 6 
4 3 41 71 58 9 7 2 
4 1 37 26 66 4 8 1 
7 8 60 37 42 3 2 9 
9 1 42 35 63 8 5 3 
6 3 8 32 82 7 6 0 
2 7 0 73 24 1 4 7 
7 1 0 47 20 6 2 5 
7 1 14 82 69 8 0 9 
2 6 29 27 2 2 7 8 
2 2 34 48 56 0 3 4 
9 3 16 18 55 0 2 8 
3 6 22 58 21 4 9 5 
4 8 53 29 101 8 8 6 
7 6 0 31 52 5 5 0 
5 7 3 71 64 5 1 8 
4 9 42 44 91 9 9 8 
7 0 11 20 38 6 1 8 
4 5 16 70 41 2 8 2 
9 6 16 29 64 9 4 3 
0 3 27 83 19 6 0 7 
7 4 5 39 27 7 9 5 
6 7 44 33 53 2 7 4 
3 5 67 44 31 4 6 0 
0 1 53 57 23 8 0 5 
0 5 0 40 82 0 0 8 
8 0 77 51 61 5 2 3 
5 2 43 39 30 5 5 3 
9 9 34 73 65 0 4 3 
5 4 27 36 51 9 7 1 
6 6 0 48 58 8 5 5 
7 5 24 77 33 6 1 0 
5 0 38 36 21 6 0 8 
9 5 61 47 33 0 7 3 
4 5 0 68 80 8 8 7 
2 3 32 15 41 5 0 4 
3 1 62 58 44 1 9 4 
6 0 24 71 54 2 7 2 
0 1 58 62 39 5 0 4 
6 2 36 28 52 6 8 0 
4 8 50 14 74 5 6 7 
7 5 17 50 46 0 9 8 
5 8 47 0 55 4 2 2 
4 8 36 61 76 9 2 8 
7 0 0 34 54 0 8 4 
2 0 21 25 41 6 3 7 
6 6 27 52 52 6 2 0 
5 9 7 64 35 8 9 7 
3 1 45 55 31 0 4 0 
0 6 18 48 15 6 9 5 
8 2 23 41 45 2 1 7 
4 0 41 8 55 8 3 6 
4 5 48 48 38 2 8 5 
6 8 17 21 48 5 2 0 
2 7 7 59 41 9 0 8 
7 3 39 45 43 8 5 7 
6 2 15 34 2 0 9 2 
4 1 58 50 35 2 0 4 
1 4 14 23 39 5 2 5 
0 6 15 57 39 8 4 8 
7 8 0 31 51 7 0 9 
8 4 28 78 63 4 7 9 
2 6 53 52 48 2 2 2 
4 6 5 19 60 0 6 9 
4 5 24 61 88 8 6 5 
0 5 58 42 43 7 3 3 
4 6 34 19 60 2 8 8 
8 0 24 23 21 5 8 4 
8 7 55 29 44 1 8 1 
9 9 36 33 35 2 0 5 
7 6 17 48 76 1 2 3 
5 5 26 0 33 2 0 1 
4 4 24 44 24 9 9 3 
3 8 51 90 53 8 1 9 
0 1 3 62 40 1 8 5 
1 0 31 24 42 1 3 0 
7 6 7 65 64 7 2 0 
7 6 40 89 71 7 5 1 
6 3 38 51 48 7 8 7 
1 0 27 44 101 6 3 0 
1 5 37 63 78 9 2 8 
4 6 47 56 38 9 2 8 
3 0 41 23 46 1 4 9 
4 5 15 28 0 5 2 4 
6 1 8 12 9 4 6 2 
6 7 22 28 35 7 8 8 
2 8 23 51 46 9 3 2 
0 8 40 22 18 0 0 6 
5 4 24 23 75 8 2 7 
0 1 30 21 102 5 0 6 
3 8 38 46 35 4 3 8 
7 0 51 52 76 8 5 0 
0 7 0 64 49 4 6 9 
6 1 13 33 67 5 5 0 
2 2 0 57 62 2 9 2 
8 8 22 34 33 6 9 1 
1 5 25 0 47 1 8 9 
6 4 42 48 59 8 7 7 
5 9 59 43 72 4 0 4 
8 5 24 52 66 0 6 4 
2 5 49 46 57 6 6 3 
5 4 0 27 46 1 9 2 
8 9 12 18 77 7 4 6 
1 8 21 60 13 2 6 2 
2 2 44 15 36 2 9 5 
9 2 17 26 30 5 8 7 
7 3 46 22 78 1 7 1 
1 0 36 56 22 4 1 0 
1 1 50 36 6 5 7 0 
2 8 38 32 40 0 9 0 
4 8 65 79 36 4 1 2 
7 1 17 43 29 4 0 5 
0 2 25 21 42 1 6 8 
3 8 12 61 52 6 4 6 
2 4 56 51 91 3 8 4 
3 0 14 37 54 8 7 2 
5 9 51 71 28 4 4 8 
7 9 0 37 22 8 9 1 
3 9 56 24 35 8 9 7 
7 7 11 35 69 3 2 5 
9 3 61 50 82 0 0 0 
9 5 55 51 82 8 2 7 
9 5 32 52 36 9 8 2 
0 0 0 20 56 0 4 4 
0 4 49 67 78 5 7 6 
0 4 63 77 79 5 2 9 
4 7 27 29 74 3 4 5 
5 3 11 47 45 2 1 7 
2 5 0 52 31 7 4 6 
6 9 44 73 40 2 4 2 
8 6 38 51 47 4 7 6 
1 3 19 30 62 7 0 1 
4 8 0 53 64 8 2 8 
6 9 34 26 62 1 5 1 
3 9 38 43 38 7 5 1 
2 8 26 64 46 2 3 2 
7 9 0 69 6 5 6 4 
9 0 69 39 65 0 0 2 
7 2 13 70 78 5 5 7 
4 8 54 42 79 1 3 6 
0 1 28 96 92 7 8 6 
5 5 59 29 39 6 3 5 
6 3 4 3 42 3 5 8 
0 0 33 67 75 3 5 5 
8 3 21 28 22 0 4 2 
3 1 51 9 53 8 8 2 
3 6 48 5 35 8 3 0 
3 2 55 58 41 2 8 6 
8 1 52 54 53 7 2 6 
5 8 38 52 45 7 0 6 
5 4 28 60 64 6 8 9 
2 1 49 57 25 0 3 6 
4 0 12 37 51 5 2 7 
8 2 0 35 57 2 3 6 
6 1 23 49 27 9 5 6 
9 5 19 31 73 0 1 7 
6 4 70 14 92 8 3 9 
0 4 46 21 62 7 6 6 
3 6 41 34 55 0 5 3 
0 6 0 50 28 0 1 6 
0 2 42 40 47 6 4 6 
1 4 48 74 46 2 4 5 
3 7 53 59 51 4 2 9 
9 3 0 66 26 8 9 2 
1 2 29 61 50 2 8 6 
7 2 14 57 53 0 4 1 
8 7 11 28 27 8 2 7 
4 2 45 71 29 5 6 0 
1 0 48 55 63 5 8 6 
7 3 68 35 50 7 3 7 
2 6 35 80 40 6 1 9 
8 8 24 40 39 0 1 1 
8 3 26 12 28 5 6 7 
9 1 35 1 64 7 8 8 
6 8 43 27 79 5 7 3 
5 0 17 64 44 0 8 6 
6 8 26 72 30 6 6 4 
0 7 11 60 50 9 5 5 
3 5 22 55 44 5 3 2 
4 9 10 64 53 5 0 9 
7 5 54 53 63 8 1 5 
2 7 36 47 39 9 1 8 
6 3 11 21 56 9 6 1 
1 4 41 62 63 2 9 5 
0 5 27 56 55 2 0 0 
9 6 21 43 53 5 1 7 
6 8 60 19 35 6 7 0 
4 1 20 3 43 8 8 8 
1 4 0 27 77 1 0 1 
8 0 19 56 54 2 0 7 
8 4 34 22 35 0 1 0 
8 9 52 68 50 7 2 7 
6 1 20 36 35 6 0 6 
7 2 2 41 71 7 9 7 
1 0 14 77 51 9 0 1 
9 0 25 42 34 3 8 3 
7 5 43 43 82 6 8 6 
9 1 22 56 58 2 2 1 
5 3 33 8 32 8 4 2 
7 3 28 26 70 5 3 9 
4 7 31 57 68 0 3 0 
6 9 25 39 43 2 1 5 
6 7 25 75 83 4 1 3 
2 6 1 24 23 6 5 0 
2 6 3 62 39 0 9 1 
6 1 46 38 45 7 1 9 
5 8 34 40 95 0 6 1 
0 0 3 58 59 7 4 8 
1 2 56 21 54 1 8 0 
2 5 19 63 65 8 7 7 
4 0 0 54 93 3 3 0 
3 9 31 66 52 3 4 7 
4 0 0 20 51 0 7 2 
3 6 0 45 48 9 9 5 
3 5 54 68 29 5 2 4 
8 1 20 47 41 2 1 2 
6 3 6 41 45 6 0 7 
2 7 67 53 72 1 6 5 
8 5 29 47 50 1 1 3 
1 9 41 78 58 2 2 2 
6 3 31 48 39 7 8 3 
0 3 14 46 32 6 6 8 
1 7 6 45 55 1 9 0 
5 8 0 20 89 8 1 6 
3 4 16 68 42 8 1 5 
0 0 45 45 38 9 4 1 
6 6 36 63 20 1 6 7 
1 2 1 46 77 6 6 4 
7 8 8 39 66 5 0 7 
4 7 35 21 33 4 7 5 
1 8 17 60 57 3 9 8 
3 3 34 33 35 1 8 8 
3 1 30 40 44 8 3 2 
7 7 39 64 58 3 5 1 
7 5 17 80 58 8 5 9 
0 2 18 0 65 9 4 5 
3 8 8 63 82 1 3 2 
7 5 48 46 65 0 1 4 
0 0 29 67 43 6 6 3 
4 1 11 61 49 1 6 5 
4 1 23 49 74 0 1 6 
7 8 53 46 56 4 2 9 
3 6 17 72 79 3 2 8 
5 3 0 57 41 8 7 0 
9 3 42 32 49 5 8 3 
6 2 42 57 66 5 2 3 
5 7 80 57 41 2 4 6 
6 6 56 37 41 1 3 9 
0 0 29 64 38 1 3 9 
2 4 17 61 71 6 7 5 
4 3 0 50 32 4 7 1 
7 5 4 50 28 9 9 9 
9 2 18 65 45 3 0 9 
2 9 60 45 81 8 8 9 
5 4 35 45 66 0 6 8 
1 7 25 80 56 9 1 5 
8 3 34 35 68 5 6 6 
9 8 53 36 75 5 9 2 
2 0 9 52 47 8 0 4 
5 6 31 56 61 0 9 4 
0 2 6 69 87 8 3 2 
0 5 21 60 43 8 1 6 
1 1 31 46 74 0 8 2 
6 4 27 60 57 6 8 0 
3 9 57 64 79 2 7 8 
2 2 31 17 45 1 8 0 
8 7 54 75 33 0 8 5 
5 6 31 58 53 0 2 7 
5 6 63 22 75 2 6 6 
6 1 35 78 60 8 4 8 
5 0 0 49 20 4 9 0 
2 3 56 61 51 6 8 0 
8 8 36 36 87 2 0 0 
7 1 38 29 9 5 5 4 
0 5 0 58 52 2 5 0 
9 6 49 42 42 3 0 2 
6 2 37 86 33 2 4 1 
8 4 48 54 52 0 9 2 
3 0 46 92 50 7 3 9 
9 0 49 72 49 3 4 7 
8 1 32 92 91 0 1 0 
1 0 66 52 33 6 9 6 
0 7 64 44 55 7 2 7 
8 2 47 81 19 5 2 8 
3 5 77 0 49 4 0 9 
6 3 0 23 41 5 0 4 
0 0 33 64 46 5 2 1 
6 8 31 66 56 5 9 5 
4 0 36 64 44 8 0 1 
9 0 67 44 45 6 0 4 
0 0 18 54 34 3 6 6 
8 3 14 71 75 2 8 5 
0 7 18 46 65 6 0 0 
4 8 11 43 40 4 3 7 
8 1 72 62 46 3 4 8 
7 9 0 83 73 2 8 1 
9 1 24 75 56 5 7 5 
9 5 45 42 69 5 9 2 
4 5 27 52 61 3 1 6 
5 6 5 10 53 5 2 1 
7 4 15 43 78 7 9 7 
4 4 32 58 66 6 9 1 
8 3 46 35 29 2 5 4 
2 5 27 45 49 7 4 1 
1 5 37 44 92 5 3 7 
7 3 26 52 45 4 3 7 
6 1 53 46 58 8 9 4 
3 9 27 64 23 0 2 5 
0 5 23 95 8 5 9 7 
2 5 31 38 35 0 1 6 
6 7 41 68 52 7 6 3 
7 7 41 6 38 2 3 2 
2 2 48 50 38 4 8 3 
6 0 20 51 26 7 0 9 
9 4 0 40 64 6 6 3 
9 7 60 24 47 6 7 0 
0 6 33 74 81 5 5 2 
1 1 30 31 34 9 0 1 
9 3 59 64 38 8 3 7 
0 8 0 41 61 9 7 5 
7 6 21 68 44 9 9 6 
5 0 48 81 67 1 7 0 
8 3 16 33 46 6 1 7 
0 0 70 14 43 7 5 3 
3 3 31 59 62 5 3 8 
6 6 0 21 52 1 3 5 
1 6 45 24 63 5 9 7 
5 4 10 53 49 8 7 7 
1 3 18 53 60 6 6 1 
0 0 37 16 27 4 8 5 
7 2 49 48 49 2 8 5 
6 0 64 43 34 2 7 0 
1 8 0 22 54 5 6 4 
2 1 7 36 49 3 1 5 
8 1 0 42 11 3 5 5 
9 7 5 26 64 2 9 5 
1 9 0 28 30 2 9 5 
8 7 39 82 45 9 8 6 
8 0 0 64 67 5 4 5 
3 4 46 69 59 1 2 9 
9 4 29 40 43 8 1 9 
6 0 65 22 76 0 1 2 
9 4 11 60 34 0 2 6 
4 8 37 33 46 1 4 5 
5 0 56 28 43 9 5 5 
7 0 30 48 28 9 2 7 
5 9 41 87 60 6 9 5 
7 9 0 24 45 6 3 5 
1 2 26 68 78 9 8 9 
5 8 4 72 49 4 1 3 
0 1 36 60 37 5 3 0 
5 1 38 74 65 9 9 2 
3 8 29 32 58 3 0 9 
7 1 5 33 71 8 0 4 
9 0 42 75 56 6 4 2 
5 9 41 69 39 0 1 2 
3 3 53 48 65 4 2 6 
1 8 50 84 44 2 7 0 
7 3 14 59 57 2 7 8 
8 9 37 83 56 6 6 0 
8 5 34 41 52 5 1 9 
6 9 6 31 52 5 6 7 
3 5 42 60 29 8 2 9 
0 7 35 50 88 8 1 1 
4 4 17 90 60 6 6 6 
5 1 50 42 51 3 6 9 
9 8 51 77 50 4 8 5 
4 4 50 60 84 3 8 3 
9 7 21 22 30 6 7 8 
8 2 30 45 18 8 8 0 
1 4 26 53 59 8 7 4 
0 8 22 29 74 5 6 0 
0 5 44 52 49 1 7 7 
9 1 74 40 63 7 2 6 
9 2 60 41 55 1 3 1 
6 5 58 35 95 1 4 5 
2 1 30 33 55 5 0 5 
9 4 1 34 61 2 0 3 
9 4 9 49 43 9 0 3 
5 3 0 71 58 5 4 6 
7 4 50 57 32 6 7 2 
3 1 47 21 55 7 0 9 
0 3 36 39 60 0 8 6 
8 6 58 64 68 5 8 0 
0 9 14 13 43 5 2 5 
9 0 14 62 88 7 7 8 
3 1 0 78 49 9 1 6 
3 9 16 42 30 9 4 7 
1 4 23 46 79 7 3 5 
8 0 30 42 101 8 2 8 
9 4 43 31 26 9 6 5 
8 6 23 59 38 5 8 6 
9 1 4 23 48 5 7 3 
1 4 33 57 23 1 3 5 
4 7 41 68 57 2 0 9 
0 7 33 37 67 1 4 2 
5 1 29 50 63 4 7 6 
9 0 49 35 72 8 4 6 
6 4 16 74 45 4 8 4 
0 4 43 35 23 2 8 5 
4 8 42 70 24 4 5 5 
1 0 33 82 23 1 1 4 
5 9 30 48 24 4 4 1 
2 9 3 81 45 3 1 1 
0 1 0 58 53 9 9 6 
7 2 47 24 28 4 7 0 
4 5 23 79 58 6 0 1 
7 7 35 60 55 1 2 6 
8 5 19 36 28 0 4 4 
7 2 0 32 53 5 3 7 
0 2 8 52 33 4 3 8 
2 4 68 59 73 6 5 7 
8 3 34 54 51 8 1 5 
8 8 53 51 70 5 0 9 
5 6 35 54 35 4 7 1 
8 2 40 52 57 2 0 9 
6 7 9 45 67 8 3 1 
8 2 77 1 28 1 7 3 
4 6 0 75 64 9 4 3 
5 0 32 31 46 2 9 8 
3 4 10 63 46 1 8 6 
2 5 36 0 32 5 3 2 
4 6 11 40 61 4 5 8 
3 7 36 71 20 3 1 6 
7 3 43 66 57 1 3 0 
6 3 31 45 64 5 2 4 
0 5 0 75 42 5 5 7 
4 8 8 16 67 7 1 8 
9 0 6 77 39 8 9 5 
6 5 0 51 53 1 4 4 
4 8 36 43 57 9 1 4 
8 7 27 65 20 3 5 4 
9 1 34 37 71 3 4 3 
8 3 28 77 42 4 0 1 
6 6 26 28 50 9 4 8 
9 9 2 18 48 8 4 6 
8 2 66 61 69 7 4 7 
5 2 27 28 20 1 4 7 
4 2 41 14 41 3 7 6 
2 2 13 37 24 8 0 4 
4 0 59 49 10 9 6 1 
7 7 24 63 30 2 2 0 
6 2 12 30 55 4 2 5 
6 8 33 86 58 3 7 3 
7 2 31 73 38 5 9 7 
8 4 49 45 88 9 9 5 
0 7 95 49 23 0 5 3 
0 5 34 39 32 8 8 6 
6 3 57 53 58 1 6 5 
1 3 0 64 55 9 9 8 
3 7 13 30 54 0 5 0 
8 6 29 51 74 2 4 0 
8 9 27 64 43 1 7 4 
1 9 14 53 13 9 9 6 
9 0 52 48 23 6 4 8 
5 7 63 29 58 5 8 1 
5 5 37 22 71 5 3 4 
8 5 30 61 72 3 0 3 
0 8 59 72 43 0 6 7 
1 9 9 96 86 1 3 7 
6 7 31 66 63 1 2 4 
5 9 62 67 74 9 9 6 
2 9 29 46 34 8 7 7 
0 6 27 79 31 2 8 2 
0 7 93 58 71 6 5 2 
4 2 39 20 50 5 0 7 
9 0 16 54 89 2 1 2 
4 5 41 38 74 2 2 2 
0 1 36 56 52 4 3 8 
9 4 31 46 32 8 1 4 
3 6 0 65 104 6 6 0 
2 7 33 57 35 9 9 8 
6 9 14 57 65 6 8 4 
0 3 0 46 49 6 9 1 
2 1 0 43 40 2 8 0 
0 6 41 41 49 8 4 6 
9 1 7 70 50 6 1 4 
2 3 33 73 15 0 7 2 
4 2 66 51 70 3 9 7 
5 0 60 62 92 4 5 4 
2 7 32 57 45 0 8 5 
5 9 0 36 47 2 1 9 
0 6 20 61 41 6 3 5 
7 0 23 56 60 6 3 7 
4 8 54 57 34 1 0 3 
3 2 45 31 29 0 3 0 
9 1 23 38 39 1 5 4 
5 0 33 41 39 6 4 8 
0 3 5 49 79 7 4 4 
8 9 39 92 60 8 2 2 
8 3 30 66 56 0 7 9 
0 7 44 47 86 9 1 2 
4 5 3 77 53 2 4 5 
3 4 61 59 83 9 6 3 
6 2 39 54 43 0 5 1 
1 0 5 53 46 6 9 5 
7 9 0 37 55 2 7 5 
3 3 64 62 49 8 4 8 
5 2 37 38 75 3 6 5 
1 2 2 49 27 0 0 5 
3 1 7 57 63 1 7 7 
0 2 19 41 54 7 1 8 
8 6 27 64 46 8 2 4 
7 7 35 76 40 4 2 8 
6 2 44 6 24 7 5 6 
7 9 43 37 32 3 4 8 
5 3 43 46 20 9 4 1 
9 3 16 42 67 9 1 1 
3 2 60 52 46 5 2 1 
3 7 0 45 66 1 7 2 
7 1 13 45 63 6 6 0 
8 9 34 55 45 8 8 4 
0 8 20 44 48 6 5 1 
5 3 50 74 53 2 8 0 
1 2 16 57 26 0 0 4 
6 8 21 31 91 2 3 6 
4 6 26 59 58 8 2 0 
2 0 14 41 48 4 9 8 
3 6 19 20 31 5 5 5 
8 1 8 33 81 6 8 1 
8 8 46 29 60 2 6 9 
2 1 42 48 11 2 7 5 
7 9 50 23 15 7 5 6 
2 7 44 77 32 8 7 9 
2 6 45 36 62 4 3 5 
4 9 27 61 78 2 6 3 
4 9 12 56 77 2 7 5 
7 5 49 35 77 2 5 0 
7 7 18 56 76 9 3 6 
5 0 42 46 73 5 1 6 
9 5 29 63 60 4 8 4 
9 3 15 52 66 8 5 1 
9 1 21 94 0 7 6 0 
5 9 26 81 63 9 3 6 
1 2 40 91 42 2 1 9 
5 4 31 43 43 3 1 2 
5 0 60 72 72 7 7 8 
4 8 30 66 48 7 3 3 
6 5 2 40 74 3 1 6 
4 7 52 60 63 0 5 2 
3 6 15 53 68 8 3 9 
7 5 0 87 51 1 0 4 
9 9 0 78 57 4 2 4 
0 8 23 63 62 0 7 6 
0 2 25 39 62 4 2 5 
5 8 20 67 40 7 6 3 
0 7 47 21 33 8 7 4 
7 9 41 52 24 6 2 8 
1 0 45 36 66 0 4 8 
8 3 35 67 19 4 9 3 
0 9 15 71 46 9 6 0 
9 8 15 19 39 3 7 4 
0 3 17 25 107 4 5 7 
0 7 16 68 71 6 6 6 
9 7 34 70 3 3 1 4 
1 6 49 27 44 1 2 0 
1 6 9 74 61 5 4 3 
1 3 62 0 52 9 9 8 
0 1 24 37 48 4 0 4 
4 3 4 39 51 8 1 8 
2 8 25 7 46 3 1 4 
1 8 19 24 69 4 0 6 
0 5 32 51 50 1 1 7 
6 7 43 36 9 9 5 7 
3 2 11 48 30 0 3 8 
1 5 18 24 14 9 9 6 
1 0 27 36 58 0 0 0 
7 4 41 30 63 5 5 1 
9 9 39 28 21 3 3 2 
2 5 45 60 28 0 5 2 
3 5 47 74 62 0 3 4 
2 1 39 40 38 9 5 7 
1 9 55 43 76 1 9 9 
9 7 57 14 52 8 7 0 
1 3 51 61 48 7 4 2 
1 4 40 82 42 4 0 0 
0 4 15 45 64 0 7 6 
1 4 0 29 60 3 4 4 
5 0 44 49 15 2 7 4 
1 7 25 35 32 6 1 1 
9 8 45 48 34 4 1 6 
5 6 47 61 62 4 2 2 
1 5 20 49 30 6 6 0 
3 6 46 45 64 0 4 7 
2 5 34 29 89 7 5 0 
3 5 41 77 50 0 4 7 
9 1 46 117 47 5 4 6 
7 2 22 61 58 1 9 3 
0 2 26 33 61 0 5 3 
7 5 31 61 32 5 3 9 
4 4 4 63 13 7 4 7 
4 8 0 44 11 2 8 4 
5 1 30 37 64 1 5 7 
5 0 61 23 30 3 5 2 
3 1 44 66 72 1 0 7 
1 1 65 64 37 5 1 3 
9 1 0 67 32 7 5 3 
2 0 16 67 42 7 0 7 
5 5 29 43 54 8 7 8 
0 1 47 62 46 1 9 9 
2 4 31 59 46 3 6 7 
8 9 48 77 29 2 4 4 
0 7 0 61 40 8 3 4 
6 6 0 52 47 8 2 4 
4 3 28 50 42 2 4 2 
7 5 41 43 36 6 1 8 
5 5 24 61 59 5 5 5 
5 6 25 67 26 5 7 7 
6 1 58 52 57 8 9 5 
1 0 40 71 9 4 0 2 
8 0 70 43 79 2 3 8 
6 7 35 54 41 4 2 7 
9 8 35 69 35 8 1 5 
5 1 25 47 39 6 9 5 
9 9 19 69 26 5 3 8 
9 0 25 63 8 5 3 0 
1 8 10 32 42 3 2 4 
7 6 64 49 62 7 7 2 
6 9 48 47 50 9 1 6 
4 9 24 29 51 9 1 7 
6 8 3 42 72 1 1 1 
6 8 48 56 28 8 1 6 
5 3 21 55 70 2 1 0 
8 0 20 0 56 2 5 0 
3 6 34 61 45 7 2 5 
0 4 0 10 59 6 9 1 
3 9 23 28 57 8 9 6 
4 7 1 55 89 1 6 3 
9 7 49 27 64 4 7 8 
4 2 23 55 32 3 0 6 
8 3 29 32 89 3 4 0 
2 9 8 76 82 3 0 5 
6 9 69 68 57 0 3 7 
4 6 53 12 42 0 4 4 
1 7 42 50 49 1 1 9 
1 8 50 66 34 6 5 4 
0 6 34 40 76 2 9 5 
5 4 59 62 19 2 1 5 
1 9 17 35 27 1 8 6 
8 7 34 54 60 1 8 4 
3 6 23 56 30 6 4 4 
8 7 26 25 25 3 8 4 
5 8 27 65 43 5 1 2 
6 5 46 57 83 6 8 5 
0 8 31 18 14 6 2 0 
6 1 39 63 39 9 8 4 
7 5 36 54 33 9 4 4 
4 4 5 21 0 1 3 4 
9 2 37 63 44 6 2 5 
9 9 66 62 8 6 2 7 
7 3 37 42 87 1 4 7 
9 0 20 34 16 5 3 9 
1 7 26 27 89 6 0 0 
4 0 10 85 19 8 8 2 
8 3 39 62 67 4 4 1 
0 9 25 12 14 8 0 4 
6 1 39 53 62 7 0 8 
7 3 46 49 35 9 7 5 
0 6 39 37 61 5 4 9 
6 9 49 77 62 8 1 6 
0 8 27 61 53 9 0 0 
5 6 50 54 49 1 3 8 
0 8 16 51 82 5 6 5 
2 4 11 13 54 6 3 0 
7 5 29 34 77 6 1 7 
4 1 49 68 33 4 2 2 
4 6 43 37 51 4 1 8 
0 0 38 39 79 7 8 7 
2 2 58 10 13 7 8 1 
8 5 31 21 63 6 8 3 
3 6 27 49 80 0 2 7 
5 0 17 82 41 4 2 0 
0 9 41 92 66 4 3 1 
2 4 28 65 47 6 0 6 
6 1 16 38 69 3 5 2 
7 5 22 37 64 7 7 7 
7 5 31 63 35 8 1 4 
0 0 18 24 51 8 1 6 
1 3 18 72 23 0 6 8 
9 3 23 60 40 4 8 0 
9 0 5 37 28 0 5 9 
7 8 43 59 61 0 7 2 
7 2 20 53 66 7 0 1 
7 1 31 49 10 8 8 2 
9 5 14 33 49 5 7 9 
1 5 53 63 39 0 8 5 
0 1 35 71 51 5 4 0 
8 9 6 42 61 5 7 6 
6 2 40 35 9 8 6 6 
0 9 39 27 29 3 2 8 
0 9 30 23 93 6 6 4 
8 9 0 50 49 5 3 0 
6 9 46 72 66 8 2 9 
0 9 35 42 95 3 8 2 
4 1 1 43 77 4 4 9 
6 4 59 59 52 2 1 6 
9 8 30 50 66 0 7 9 
8 2 35 36 42 5 8 4 
6 1 24 30 44 2 6 9 
1 2 32 62 30 6 2 4 
1 7 10 59 58 3 2 8 
5 2 33 34 61 4 3 9 
0 6 78 46 46 7 1 7 
1 3 21 39 64 8 7 9 
3 5 36 52 55 9 5 2 
9 7 37 16 22 6 0 3 
4 5 20 64 44 4 4 1 
7 0 31 59 46 2 3 0 
2 3 42 88 72 2 7 8 
9 2 29 49 87 1 5 5 
9 3 8 38 51 4 4 1 
8 3 21 50 46 7 1 8 
1 1 14 28 68 6 9 5 
0 3 69 59 74 7 4 5 
8 7 67 49 31 5 7 7 
6 6 38 71 76 2 2 8 
2 9 37 40 45 0 4 2 
4 2 0 32 80 4 0 3 
7 9 30 24 25 6 4 6 
9 1 46 86 49 0 5 2 
9 0 42 42 45 0 7 3 
9 7 44 55 32 8 1 5 
3 6 8 0 50 7 9 2 
9 9 26 70 62 7 5 7 
4 5 14 49 33 3 5 3 
7 2 29 66 56 2 1 8 
2 2 8 24 52 6 2 2 
5 2 0 26 5 8 3 8 
6 7 24 60 54 8 1 7 
1 9 44 24 57 6 2 5 
0 3 30 27 54 1 9 1 
1 3 16 73 93 7 9 2 
4 0 5 27 34 5 2 5 
2 9 20 19 72 1 5 1 
0 9 12 60 48 1 7 7 
2 8 50 49 30 6 6 4 
5 1 12 41 70 6 3 5 
3 0 56 65 44 4 5 4 
3 3 31 72 64 7 4 3 
7 6 41 33 28 4 9 5 
5 9 16 42 47 3 3 3 
6 1 0 73 19 2 7 2 
2 6 31 45 42 0 3 7 
4 9 43 46 39 4 6 1 
9 7 16 54 31 2 9 9 
7 6 28 53 7 7 3 5 
1 1 7 48 24 0 4 9 
2 1 17 9 47 5 9 4 
2 7 46 80 53 6 1 9 
0 3 50 100 46 1 2 5 
1 4 36 73 62 5 5 5 
8 5 17 3 47 3 4 9 
9 8 37 39 60 6 2 2 
5 2 8 23 40 1 3 7 
5 0 27 84 76 8 2 5 
6 7 31 5 80 8 4 2 
