8 2050
1 9 56 84 77 1 2 5 
0 5 35 63 51 2 3 9 
8 3 14 88 71 8 3 9 
9 0 5 51 57 0 0 9 
6 7 23 19 57 9 8 7 
2 2 55 39 52 8 3 7 
5 8 29 55 41 3 3 1 
1 7 58 22 0 7 7 4 
9 2 41 53 50 4 0 5 
8 0 39 23 53 0 6 2 
0 7 61 59 60 6 1 1 
4 8 49 62 45 4 4 5 
8 3 35 40 77 5 9 4 
9 6 34 69 66 4 2 6 
9 2 65 60 36 2 8 2 
4 5 2 63 66 4 5 8 
0 4 22 66 71 9 6 3 
1 6 10 59 54 0 8 0 
5 5 65 63 76 4 6 7 
4 4 24 50 20 7 9 2 
6 0 47 65 83 8 8 6 
3 7 7 67 27 6 6 2 
1 2 28 65 26 4 2 8 
6 2 17 28 30 2 2 8 
0 7 34 49 39 3 2 9 
1 7 29 62 50 9 0 0 
9 2 38 48 71 3 4 5 
7 4 3 62 30 6 4 5 
3 2 29 41 35 9 0 8 
2 4 59 0 60 8 2 4 
5 4 44 37 81 0 1 3 
2 7 0 75 41 5 3 2 
1 4 3 26 0 5 2 0 
0 4 43 35 83 7 7 4 
4 2 26 44 80 7 7 3 
6 8 39 62 81 6 7 5 
6 7 34 80 59 6 6 0 
5 5 38 20 39 8 5 9 
5 3 35 58 74 3 9 2 
9 2 9 0 61 9 6 0 
3 6 27 75 66 9 2 5 
4 8 34 42 76 5 5 7 
4 3 35 66 42 1 5 5 
0 6 32 30 70 3 4 1 
2 8 0 69 44 7 4 5 
9 8 30 56 79 5 1 5 
3 4 29 5 29 9 1 0 
1 5 7 36 33 5 0 9 
9 4 21 79 73 9 2 9 
5 4 26 52 51 2 0 5 
6 2 26 57 52 5 8 3 
9 5 36 40 56 0 0 5 
0 1 9 47 37 0 2 0 
3 4 54 34 65 0 7 4 
9 6 31 59 103 7 9 5 
9 1 17 27 28 2 5 0 
0 8 33 49 33 9 3 0 
7 2 56 29 49 0 4 2 
4 0 50 64 64 6 2 2 
1 6 35 33 34 2 4 3 
0 5 6 52 53 3 3 3 
7 4 30 53 9 5 4 1 
5 7 20 72 74 8 4 2 
8 8 37 70 44 1 7 7 
2 2 36 35 63 1 4 5 
8 1 43 33 63 6 7 4 
5 2 13 45 62 4 0 7 
5 1 0 56 43 1 8 8 
3 3 31 58 93 4 1 5 
0 1 62 35 85 7 4 8 
7 2 51 53 48 4 1 2 
7 6 32 64 52 2 0 4 
8 7 66 43 57 9 5 3 
7 4 40 53 0 5 3 6 
6 2 44 16 46 2 4 8 
8 5 38 8 50 3 0 4 
0 4 48 54 42 4 2 0 
3 0 7 31 57 7 8 5 
3 2 45 22 67 8 6 7 
1 8 23 67 40 2 3 7 
1 6 0 47 37 7 8 7 
2 8 21 8 74 4 9 8 
0 3 54 40 36 1 5 7 
7 6 31 49 6 3 3 3 
0 7 58 26 41 5 6 9 
8 7 41 47 48 3 7 6 
0 6 12 46 42 6 0 5 
0 1 59 54 72 9 1 3 
2 5 22 7 37 7 6 6 
4 3 25 39 45 1 5 1 
2 9 10 59 22 7 7 4 
6 3 53 52 55 4 4 9 
2 1 20 28 30 4 5 5 
7 7 55 16 70 5 4 9 
5 8 35 65 35 9 0 2 
1 3 48 53 40 6 1 0 
8 1 4 37 39 2 1 0 
4 9 35 70 68 3 3 1 
1 3 52 22 48 7 1 1 
4 9 18 22 89 3 1 6 
9 7 74 88 46 7 5 1 
3 2 41 31 57 4 8 8 
3 3 0 37 55 4 6 8 
5 0 14 20 84 5 0 5 
2 2 32 53 92 8 0 2 
0 4 34 42 60 9 0 3 
5 4 18 35 42 3 5 0 
9 0 23 88 71 5 4 1 
5 9 30 20 52 6 2 9 
1 5 20 69 51 1 9 2 
3 9 0 45 68 9 9 4 
7 6 28 78 90 4 5 1 
3 3 11 20 64 7 2 4 
7 7 48 59 52 3 0 0 
6 9 30 78 41 4 9 2 
4 2 47 51 5 8 5 4 
8 8 46 52 59 3 8 3 
5 4 15 56 40 2 0 5 
0 7 24 44 94 3 5 0 
7 3 16 79 34 5 6 9 
3 4 14 41 42 4 6 4 
6 3 10 74 24 3 0 5 
3 0 41 65 47 6 7 4 
8 7 23 90 57 2 7 4 
6 3 26 61 57 8 3 9 
4 3 63 94 54 9 8 5 
3 4 7 18 41 1 5 3 
2 3 43 71 32 2 0 2 
9 5 52 40 33 0 2 4 
5 8 42 69 40 4 7 4 
1 7 33 4 15 0 6 5 
8 0 50 92 56 3 9 3 
8 2 51 29 43 4 6 7 
7 8 47 78 48 2 0 8 
6 3 67 48 57 4 6 7 
5 1 26 11 46 8 1 6 
0 5 39 43 87 9 7 9 
2 7 26 37 46 5 8 8 
5 4 36 65 85 2 2 6 
2 1 24 47 46 6 3 6 
3 1 30 54 71 7 3 6 
9 1 0 77 24 0 2 8 
5 4 46 68 59 2 0 6 
5 7 55 61 66 7 0 5 
7 7 58 32 48 1 2 6 
6 6 62 37 10 7 5 7 
9 7 41 64 23 5 7 5 
9 4 30 78 65 2 0 8 
9 5 36 52 57 8 0 7 
4 5 0 39 39 0 6 5 
7 4 76 41 59 2 0 4 
4 3 38 17 72 7 9 9 
0 1 30 36 45 8 1 8 
6 3 69 54 50 4 7 0 
8 4 38 42 63 8 4 0 
3 2 33 52 65 7 7 1 
2 7 46 88 60 2 7 0 
2 3 7 61 12 1 1 1 
3 5 0 44 23 1 0 2 
1 8 11 101 75 6 7 9 
5 0 18 27 93 6 3 3 
5 2 37 41 75 7 2 4 
3 5 0 57 14 3 9 2 
3 3 16 62 5 5 6 6 
5 9 34 56 46 5 9 0 
7 5 35 44 32 6 8 2 
3 6 23 50 74 8 9 8 
4 8 37 55 19 2 5 8 
8 2 12 37 19 8 2 1 
6 8 14 65 75 9 0 7 
2 5 54 52 41 0 4 8 
3 7 37 17 50 5 6 5 
3 7 17 59 72 0 5 3 
3 1 13 67 49 3 0 2 
9 4 52 38 36 6 0 6 
2 2 0 37 54 3 4 3 
6 0 0 63 25 5 7 7 
9 7 15 69 59 9 7 5 
9 7 57 14 65 3 4 4 
5 9 19 54 30 6 8 8 
9 2 30 29 54 4 8 1 
5 0 11 43 60 2 3 7 
1 1 31 69 64 0 3 0 
0 6 27 28 72 1 4 6 
5 9 37 51 43 0 5 7 
8 9 56 32 104 6 6 7 
8 4 38 24 66 1 3 3 
4 6 51 56 41 6 4 7 
8 2 40 45 0 7 2 6 
3 3 22 41 62 4 3 8 
7 0 66 27 40 9 8 5 
1 6 44 48 52 9 2 0 
0 2 29 36 34 8 8 0 
6 5 51 45 86 9 1 3 
9 2 0 41 33 2 5 3 
2 4 22 43 48 8 8 3 
3 6 35 94 14 6 1 3 
9 4 23 77 44 0 0 2 
7 7 37 45 43 1 4 5 
8 8 24 16 46 2 0 9 
3 3 11 79 39 3 6 2 
1 9 4 49 38 5 6 9 
9 1 10 68 54 9 6 1 
0 7 31 68 65 6 7 3 
0 7 0 74 32 2 6 0 
3 8 59 45 64 0 2 3 
2 5 18 18 86 3 2 8 
6 8 54 27 44 5 0 0 
2 1 17 27 76 9 7 4 
8 5 36 79 101 1 5 6 
0 8 21 38 65 7 0 0 
6 1 8 50 35 2 4 5 
8 9 52 27 30 2 5 7 
5 1 44 35 25 7 9 3 
6 9 44 29 50 1 7 0 
0 4 31 68 50 9 7 1 
2 3 37 43 60 8 3 8 
7 0 20 78 74 3 7 4 
0 9 0 50 45 7 6 0 
5 8 31 69 57 3 3 1 
3 8 68 60 54 3 7 9 
0 7 62 52 70 4 4 8 
8 5 38 49 70 2 0 4 
2 4 0 60 28 2 1 6 
7 4 37 25 46 6 7 7 
3 5 50 43 49 5 2 6 
4 0 25 33 38 7 9 9 
0 5 62 48 66 8 9 1 
7 6 13 59 58 9 7 0 
6 0 40 59 77 0 4 7 
8 4 7 44 79 4 2 5 
2 8 91 43 34 3 2 5 
0 2 19 67 59 7 1 5 
0 0 36 72 49 1 2 1 
1 7 38 63 32 0 2 1 
6 8 0 59 60 4 6 0 
1 3 62 25 57 9 5 3 
5 2 42 42 56 0 0 8 
0 9 15 8 65 0 3 8 
4 4 44 58 53 7 4 7 
4 2 34 40 71 5 0 4 
9 4 26 57 32 1 4 7 
1 4 32 101 50 1 1 5 
5 1 42 57 47 9 0 5 
6 6 17 40 53 6 3 3 
3 6 32 61 38 8 7 0 
5 3 1 26 23 7 2 3 
0 0 36 35 73 4 5 0 
8 5 27 53 40 6 2 6 
3 9 31 27 54 4 8 1 
7 0 20 71 56 7 0 0 
1 1 44 99 34 8 9 0 
0 1 32 29 18 8 8 3 
4 8 22 83 56 4 2 2 
7 9 18 46 76 9 8 0 
5 8 37 80 53 9 3 6 
5 2 5 17 55 8 9 2 
5 1 41 41 45 3 3 6 
3 4 0 60 86 8 8 8 
5 8 43 36 28 2 8 2 
7 1 8 55 62 7 4 5 
5 5 53 61 44 1 8 9 
2 0 65 35 41 2 7 8 
7 4 39 71 55 1 8 2 
7 7 34 64 37 5 6 4 
0 5 21 51 65 7 6 7 
4 7 0 32 50 7 7 3 
7 6 17 57 46 9 5 6 
6 1 54 52 39 0 1 0 
4 0 0 47 58 8 8 8 
8 5 7 60 59 4 8 8 
5 6 39 53 74 4 8 1 
9 0 18 40 43 3 5 3 
3 4 55 46 62 4 1 0 
7 6 39 38 63 8 5 6 
0 3 24 36 89 1 4 8 
9 8 66 54 102 9 7 1 
9 4 21 51 73 6 8 3 
8 0 19 40 38 7 6 4 
7 3 36 49 33 4 3 7 
0 2 39 52 40 2 2 4 
0 7 48 49 78 5 8 3 
8 8 21 56 73 6 9 3 
1 2 29 46 52 8 2 4 
4 7 8 61 40 2 4 8 
2 1 0 51 27 1 0 2 
4 2 54 39 62 2 8 1 
0 3 30 50 66 2 9 3 
0 9 42 40 32 0 1 6 
8 1 11 41 47 8 6 4 
2 7 11 36 49 9 3 2 
1 5 21 78 78 8 9 5 
2 6 13 43 78 7 3 6 
3 5 16 73 74 8 7 6 
9 2 3 80 66 6 1 2 
8 2 31 90 43 5 2 8 
2 5 0 48 38 7 6 7 
2 6 29 81 55 0 6 8 
4 9 1 62 62 7 1 3 
9 0 21 33 85 0 9 2 
8 2 35 74 61 7 6 1 
0 1 3 65 68 3 1 5 
0 3 48 36 19 7 1 0 
1 6 0 47 49 2 9 7 
7 1 11 74 25 4 8 7 
3 2 39 2 88 8 0 6 
1 6 21 64 48 5 3 7 
1 9 0 78 57 5 5 2 
9 0 58 19 32 5 6 9 
1 4 14 41 58 7 0 7 
2 9 26 61 54 2 7 3 
8 5 55 70 41 0 5 5 
3 4 45 68 73 3 0 9 
9 8 0 54 50 0 7 0 
2 1 8 68 21 9 3 0 
3 3 0 58 12 0 9 0 
0 4 0 46 50 4 9 8 
6 9 2 56 49 0 5 2 
2 2 41 35 55 4 0 0 
9 8 26 39 51 0 3 6 
5 7 6 102 58 1 9 1 
7 7 18 59 46 5 4 7 
2 1 22 52 49 1 6 6 
1 3 21 43 29 8 3 0 
9 1 35 36 39 3 0 9 
3 8 31 78 53 4 3 9 
2 1 26 53 74 2 7 5 
6 5 12 54 63 0 9 0 
3 1 0 56 14 2 8 7 
0 5 9 40 84 0 3 1 
5 5 35 65 75 7 2 3 
4 0 0 51 44 1 7 5 
1 1 46 27 51 5 2 0 
8 1 18 38 63 5 5 1 
2 2 20 41 21 3 1 4 
9 1 92 13 35 5 0 0 
7 6 59 26 42 1 0 6 
9 7 7 31 87 8 1 1 
5 1 36 71 39 8 0 4 
2 3 36 11 59 7 8 7 
1 9 34 42 35 9 5 5 
1 3 20 52 89 1 9 9 
7 7 38 28 64 0 6 5 
3 3 25 64 76 5 8 7 
2 4 20 40 44 0 8 1 
5 9 2 40 76 8 5 9 
8 8 26 72 81 7 6 4 
0 0 29 77 36 9 7 3 
7 4 30 0 53 2 3 2 
4 4 17 21 11 8 3 4 
8 5 20 61 62 3 2 8 
4 0 22 57 55 9 6 3 
2 7 42 35 61 7 7 9 
9 3 49 51 60 7 3 1 
5 4 44 25 68 5 8 4 
1 7 45 34 56 0 7 0 
4 9 34 49 48 4 0 1 
8 0 22 48 73 0 4 3 
0 9 26 60 51 4 3 5 
2 5 47 51 54 2 1 7 
3 3 19 54 19 0 5 6 
1 4 67 80 45 2 1 9 
2 3 13 26 63 7 1 3 
4 5 38 17 19 6 5 0 
4 3 15 77 34 6 6 4 
2 1 0 34 28 1 7 1 
9 3 38 66 34 4 9 9 
7 5 38 19 66 6 7 0 
3 7 19 52 47 6 7 7 
0 8 11 64 29 7 8 4 
6 2 53 31 5 2 3 1 
3 7 63 21 63 6 1 8 
1 0 30 62 0 7 9 2 
3 8 28 51 40 7 9 6 
0 5 7 66 35 7 9 1 
1 7 8 59 30 2 7 1 
6 3 25 70 16 5 5 0 
0 8 20 89 34 1 2 0 
2 0 37 42 73 5 2 5 
0 8 30 85 51 6 8 1 
3 2 18 36 34 6 9 6 
3 6 36 51 72 5 0 4 
9 8 22 44 54 1 4 9 
8 3 20 52 79 1 0 9 
3 2 8 39 43 4 1 3 
5 9 20 57 11 0 6 1 
7 6 57 81 73 1 4 5 
6 8 18 50 24 2 6 6 
6 2 39 55 0 1 4 1 
1 5 45 39 41 9 8 3 
7 4 5 66 29 8 9 0 
1 3 11 53 72 6 8 3 
9 5 36 92 15 4 3 7 
1 6 48 56 66 9 6 0 
7 2 60 20 37 0 6 8 
1 3 32 30 41 6 7 9 
0 1 35 46 72 6 0 4 
7 7 47 66 5 4 8 0 
4 1 6 78 53 1 1 5 
3 9 0 44 43 1 5 5 
9 4 28 96 62 6 6 7 
7 4 55 34 28 8 5 0 
8 4 36 25 82 5 8 6 
9 0 26 75 82 6 3 4 
6 3 0 60 47 6 8 6 
3 3 54 61 68 5 6 2 
0 6 34 69 56 5 8 3 
1 9 50 79 63 8 7 7 
5 5 38 45 49 1 5 4 
2 7 59 49 80 3 9 7 
0 9 29 37 57 1 4 9 
4 8 28 50 33 5 5 2 
1 0 28 37 48 1 9 7 
2 9 28 21 45 8 3 4 
2 2 17 0 64 4 1 4 
7 3 16 38 69 8 1 9 
6 5 44 68 82 2 2 9 
3 2 58 54 55 5 5 2 
7 8 60 35 42 7 1 8 
0 0 27 47 60 8 4 6 
6 5 0 76 49 0 4 0 
1 9 13 63 63 5 5 8 
9 9 57 55 34 9 0 9 
8 3 33 48 54 5 7 8 
2 2 47 61 70 4 9 5 
3 6 0 36 66 9 6 4 
1 8 29 70 70 3 3 5 
0 5 26 69 44 8 6 0 
6 5 52 0 80 0 8 3 
1 9 56 47 52 7 5 2 
1 3 13 61 40 9 3 7 
6 0 27 17 35 1 4 2 
3 2 21 42 82 5 7 9 
0 6 14 29 30 9 8 5 
0 5 8 94 70 4 6 2 
4 7 66 43 34 2 7 6 
4 2 35 59 62 6 4 5 
6 7 21 46 15 0 9 7 
2 4 14 42 63 4 2 0 
1 3 30 60 59 8 3 3 
3 1 18 26 41 1 0 9 
3 3 30 61 68 4 0 7 
9 7 9 56 40 7 5 7 
8 3 17 28 32 5 4 1 
9 1 2 32 50 8 7 5 
0 1 54 69 29 5 2 4 
5 5 49 23 55 0 9 1 
9 4 23 17 13 2 7 1 
4 8 1 27 37 7 7 9 
4 7 4 66 67 9 3 8 
7 7 29 51 51 1 2 4 
4 5 41 36 54 3 7 4 
7 2 62 45 56 5 2 4 
8 4 64 45 32 6 5 9 
2 1 35 29 51 8 3 6 
1 2 26 47 79 4 5 6 
8 0 38 52 37 7 4 6 
8 2 28 32 31 0 9 9 
0 6 32 85 33 8 6 1 
6 3 19 54 32 5 4 8 
2 9 1 50 33 0 9 5 
5 5 45 0 64 8 1 1 
9 5 7 50 0 3 5 9 
9 0 18 72 42 4 5 9 
4 9 55 34 16 8 0 1 
9 1 17 48 24 1 5 4 
7 1 36 51 13 1 0 2 
5 6 17 49 17 1 6 3 
5 4 13 82 49 6 7 7 
0 2 0 39 33 0 8 7 
6 6 19 61 22 1 5 9 
3 9 22 33 83 5 3 4 
4 1 14 78 42 4 0 3 
9 5 43 57 44 0 6 8 
8 2 38 67 66 5 4 1 
0 4 30 82 54 5 4 4 
2 1 7 60 49 8 5 3 
2 8 9 75 74 4 1 0 
9 4 20 54 52 3 9 2 
3 6 29 79 66 7 0 5 
4 3 35 51 75 1 5 3 
3 1 21 39 23 4 6 1 
2 5 56 85 60 5 5 2 
5 4 16 56 41 5 1 6 
7 7 46 61 42 4 9 2 
1 2 5 61 61 2 2 3 
6 9 15 40 37 7 6 7 
3 4 38 56 63 5 3 6 
4 1 31 30 27 3 8 3 
6 4 20 38 15 6 8 6 
0 7 4 41 40 7 7 8 
4 8 44 23 15 7 1 2 
2 2 27 39 63 8 4 6 
1 4 29 26 29 2 9 5 
7 4 50 82 55 5 7 5 
6 9 18 50 57 1 1 6 
3 6 24 36 32 7 6 2 
5 1 55 56 50 1 1 7 
1 3 35 48 59 6 4 8 
4 7 43 61 61 3 7 0 
2 2 33 34 46 8 5 8 
5 9 9 18 34 1 7 5 
8 6 20 26 42 6 7 1 
4 8 25 35 39 7 9 6 
9 9 40 72 38 3 1 0 
5 9 81 50 16 0 5 9 
8 1 9 14 48 8 6 0 
3 8 56 25 72 1 9 2 
9 6 35 38 57 9 4 7 
5 4 46 57 40 5 8 2 
7 8 14 67 37 6 8 5 
6 0 35 47 76 9 9 3 
1 8 64 77 50 5 9 2 
0 9 20 64 41 8 7 2 
7 7 26 27 77 6 2 5 
1 4 28 24 21 9 6 6 
2 4 9 122 61 0 1 2 
3 8 0 75 58 9 4 6 
5 3 59 45 35 2 4 4 
0 3 47 59 50 7 7 3 
1 9 0 67 74 7 7 6 
8 4 25 45 58 1 3 7 
8 1 13 34 24 4 1 8 
1 7 24 55 40 0 8 1 
3 6 9 62 46 3 0 0 
3 0 43 67 72 8 2 2 
8 3 26 49 50 9 5 5 
4 8 32 26 40 0 9 0 
7 3 17 51 18 3 1 9 
8 1 37 105 97 9 1 3 
5 8 53 45 14 2 0 4 
8 8 30 27 44 0 6 2 
3 9 0 32 61 9 9 3 
5 2 33 69 47 0 3 0 
1 4 5 62 54 8 5 5 
1 8 51 56 28 4 0 7 
1 3 39 58 59 1 3 6 
3 8 25 27 42 4 3 8 
3 2 0 73 42 3 4 3 
9 5 57 41 64 0 3 0 
6 0 54 47 24 5 5 3 
3 5 10 27 0 3 4 3 
2 4 38 23 64 9 6 6 
8 0 24 42 66 5 3 2 
0 0 41 38 72 2 7 9 
7 5 63 55 66 8 6 9 
9 0 37 73 28 0 7 8 
7 8 28 21 49 3 3 4 
6 8 22 48 75 9 5 8 
5 1 42 47 52 6 1 4 
2 5 44 62 14 5 5 1 
7 8 27 63 45 6 9 1 
8 3 27 45 51 4 7 9 
7 2 44 40 66 0 9 5 
5 7 44 53 44 1 6 1 
3 7 25 49 44 6 3 4 
9 0 58 69 47 0 9 1 
9 5 35 101 19 8 9 9 
3 4 27 64 72 8 2 6 
5 5 11 62 53 1 2 5 
6 7 21 96 9 8 5 1 
4 9 33 61 68 1 9 5 
3 0 30 95 51 1 7 9 
1 3 34 60 85 4 3 9 
5 7 19 42 60 8 4 8 
5 1 14 49 45 3 9 8 
0 4 26 58 58 7 1 6 
8 1 14 46 58 6 1 7 
1 4 15 43 21 3 0 9 
7 9 0 51 28 0 8 4 
9 8 36 48 18 1 0 2 
4 8 22 76 41 0 3 3 
6 7 12 49 46 9 5 7 
2 1 25 14 29 5 1 7 
6 7 15 77 73 0 3 4 
8 1 20 41 77 2 6 5 
1 7 5 30 22 9 7 0 
3 3 15 24 4 4 9 5 
6 3 53 14 0 5 7 9 
5 9 31 79 9 4 2 8 
2 9 21 12 39 0 2 7 
9 5 8 55 96 3 6 1 
5 4 79 24 38 7 4 2 
9 6 35 19 45 8 7 3 
6 5 41 31 77 3 1 2 
6 4 13 58 41 0 6 3 
6 3 8 54 54 3 3 1 
0 8 32 63 0 9 4 6 
4 3 20 58 44 4 4 8 
0 4 22 18 81 4 5 4 
4 4 25 28 39 7 6 6 
0 6 61 45 44 4 3 1 
1 9 69 70 58 3 3 6 
2 8 45 56 59 4 8 9 
6 1 6 23 54 0 0 1 
8 9 30 87 35 8 7 4 
2 0 26 38 61 9 6 8 
9 4 33 58 75 4 9 7 
5 1 44 73 43 7 9 3 
6 5 16 21 59 9 8 1 
8 3 20 69 48 4 1 2 
7 0 64 49 28 8 9 6 
9 8 11 15 34 9 1 2 
3 8 65 36 66 3 1 4 
9 5 2 29 77 5 6 6 
0 4 15 54 43 7 6 2 
5 6 53 4 25 5 8 5 
7 6 28 43 1 9 9 0 
9 5 41 45 66 9 2 6 
8 4 15 55 51 0 6 2 
9 5 26 39 13 4 1 4 
5 6 0 26 22 9 7 4 
1 9 54 40 79 5 6 1 
4 9 14 80 83 9 2 1 
2 3 26 75 4 5 4 0 
4 0 8 53 32 4 9 3 
8 2 13 67 60 9 6 4 
4 5 21 77 84 1 7 8 
4 6 31 50 54 8 0 6 
1 3 45 35 44 7 5 5 
0 2 27 81 53 8 9 6 
6 4 59 55 40 4 1 9 
8 7 20 64 36 7 2 6 
7 2 39 63 67 8 2 8 
7 9 39 64 7 2 7 0 
2 4 29 35 40 1 9 0 
6 3 46 54 36 1 5 0 
8 2 62 48 64 4 8 8 
5 8 18 70 35 8 7 2 
2 6 9 75 23 0 4 5 
3 0 49 43 20 6 3 2 
6 3 67 80 68 0 3 5 
2 4 28 34 58 1 4 7 
6 9 37 47 41 8 0 8 
6 0 13 44 22 5 6 5 
6 8 43 62 46 0 7 4 
2 2 16 20 77 4 4 1 
7 5 42 34 36 9 5 3 
1 5 24 85 45 3 9 8 
6 9 66 85 14 6 4 7 
1 0 38 62 69 7 1 1 
4 3 26 66 28 7 6 7 
7 9 8 63 30 1 0 9 
1 5 0 43 47 9 5 2 
4 1 3 49 53 2 3 3 
5 3 11 67 31 2 3 4 
9 1 29 59 25 4 6 0 
6 0 0 36 39 8 3 5 
0 4 57 74 54 8 7 5 
7 6 55 33 43 3 2 2 
0 4 0 85 43 3 0 4 
9 6 30 63 50 1 1 5 
5 1 22 42 25 9 7 4 
4 5 40 48 40 8 6 4 
9 1 29 111 54 4 1 8 
8 3 47 58 25 3 4 3 
5 8 30 45 48 1 7 9 
2 2 25 54 22 5 2 6 
6 2 32 71 62 0 0 1 
4 8 34 38 53 9 1 3 
9 4 10 42 60 6 6 5 
7 2 5 3 37 5 0 7 
2 9 51 78 67 4 7 4 
9 3 62 52 46 1 0 3 
2 6 19 35 22 3 3 6 
0 3 11 49 66 3 2 4 
1 0 67 83 48 9 7 1 
3 5 48 61 84 4 3 1 
3 9 9 38 29 1 9 0 
1 9 24 27 38 3 1 7 
9 0 44 83 41 0 2 4 
3 1 17 44 67 7 6 9 
3 0 46 22 76 2 7 2 
8 4 39 34 65 8 1 7 
3 6 32 8 14 8 6 9 
7 0 52 70 10 5 9 9 
7 2 24 66 42 3 4 6 
5 1 54 47 55 2 7 9 
6 7 33 35 57 5 4 9 
0 5 15 29 56 6 5 5 
0 6 32 62 10 0 2 5 
6 0 38 67 56 1 4 0 
6 2 41 42 71 8 9 0 
1 5 44 56 74 3 4 8 
9 4 0 35 17 2 7 6 
2 6 24 35 78 7 5 0 
9 7 23 37 69 9 5 6 
9 9 22 45 17 3 4 0 
2 9 2 24 87 7 3 7 
2 5 33 37 58 7 3 8 
2 9 20 8 63 7 3 5 
9 3 34 33 20 6 3 4 
1 1 22 78 66 5 1 6 
9 6 4 46 44 1 3 2 
4 5 41 43 46 7 1 8 
2 5 37 70 47 6 6 0 
7 7 27 43 40 9 6 0 
0 6 14 36 59 5 3 5 
7 6 59 25 23 5 8 0 
6 8 35 29 2 7 0 9 
2 5 17 24 10 0 3 3 
6 7 60 43 64 9 8 4 
8 3 21 51 61 3 6 7 
2 8 0 52 71 4 4 7 
3 0 5 17 30 7 0 9 
3 7 15 55 89 1 6 1 
9 2 12 32 67 7 7 3 
6 1 11 67 71 5 4 1 
3 8 17 18 67 6 2 2 
0 2 42 39 60 3 0 5 
9 4 58 37 79 4 9 0 
2 1 45 71 50 8 2 9 
7 6 38 65 80 5 4 1 
8 6 15 37 50 7 8 0 
2 6 28 65 37 4 6 4 
3 7 42 38 56 3 5 8 
4 5 9 35 59 5 9 2 
5 7 22 57 33 5 5 8 
4 7 49 14 70 5 4 4 
5 7 11 65 71 3 5 5 
8 4 17 77 46 9 5 0 
5 2 26 70 75 7 7 3 
0 8 42 44 55 0 8 1 
8 2 23 47 44 6 5 2 
1 6 33 69 47 8 0 4 
8 1 6 15 29 3 5 5 
3 8 13 36 60 2 6 8 
2 6 21 56 62 4 7 0 
1 6 16 63 59 8 7 0 
5 4 58 14 68 8 4 6 
4 1 30 47 48 5 0 4 
2 9 9 71 29 8 8 3 
0 3 25 75 36 8 3 1 
2 1 19 34 38 2 2 0 
2 0 51 67 51 7 0 3 
9 3 15 40 51 0 4 5 
8 0 10 43 84 6 1 8 
6 2 0 56 67 1 8 7 
2 0 20 27 44 4 2 4 
2 6 0 31 81 1 8 7 
7 0 17 71 70 7 9 7 
8 6 23 12 32 0 1 3 
9 3 20 50 52 3 9 8 
0 6 33 36 64 9 7 6 
5 2 55 18 32 6 3 6 
2 0 0 39 58 6 1 3 
3 1 39 63 62 2 4 5 
6 8 0 32 68 1 7 3 
0 1 16 32 55 3 1 7 
4 4 35 19 48 9 5 1 
7 9 57 92 50 6 8 0 
3 1 39 54 39 3 1 8 
2 9 0 32 39 8 0 0 
5 1 19 29 65 5 0 4 
3 5 66 72 69 2 2 2 
7 1 47 48 48 0 8 5 
6 4 33 36 91 6 8 8 
8 8 3 78 42 9 8 0 
2 8 35 51 59 2 4 3 
2 7 41 45 70 1 0 8 
3 5 47 42 91 6 8 9 
9 4 10 56 59 8 6 0 
5 9 0 45 51 2 6 7 
7 9 12 62 65 7 9 8 
1 6 29 58 36 3 8 3 
5 1 50 46 70 6 2 5 
3 0 17 71 50 8 6 5 
6 3 34 102 63 1 3 4 
1 5 30 85 58 1 0 9 
5 3 43 31 75 1 3 8 
7 5 25 49 34 3 9 4 
5 8 57 41 23 4 6 3 
4 9 19 29 67 4 0 2 
0 7 62 35 46 1 4 1 
2 6 43 36 39 9 8 4 
1 8 0 57 63 1 8 1 
6 3 46 68 61 2 6 2 
2 1 79 40 38 3 1 2 
9 9 31 30 63 7 7 1 
9 4 51 30 64 1 3 1 
4 3 79 41 75 0 0 0 
5 6 28 59 54 0 4 6 
7 7 28 24 79 8 2 1 
1 8 10 17 63 7 2 5 
1 0 38 58 27 5 0 8 
4 2 44 69 15 9 7 7 
6 7 40 50 25 9 3 7 
3 0 14 59 44 8 4 7 
2 9 0 24 60 8 5 3 
9 3 46 75 54 1 8 1 
2 5 29 71 39 4 0 9 
1 8 7 38 36 1 1 6 
1 2 47 55 22 2 0 7 
5 8 6 105 23 3 2 2 
5 2 81 57 66 1 0 0 
4 8 37 47 72 3 1 8 
0 6 26 60 45 3 6 8 
7 1 39 41 34 1 9 7 
6 5 22 91 27 6 6 1 
5 0 37 70 85 1 7 5 
2 2 50 78 39 2 4 3 
3 3 41 38 17 7 0 0 
7 2 0 35 51 9 7 3 
9 4 58 59 20 0 1 1 
9 2 71 65 69 5 7 8 
1 4 20 38 51 0 5 3 
8 6 10 59 35 4 7 7 
7 1 59 73 52 6 2 2 
8 6 58 59 24 3 8 9 
2 5 48 17 85 8 6 4 
4 8 48 59 46 4 8 4 
7 2 39 60 4 5 4 0 
1 8 4 74 54 3 3 5 
7 7 38 26 63 9 3 6 
6 3 40 61 18 2 8 9 
3 0 34 33 50 7 3 8 
1 3 19 73 31 6 2 3 
3 9 0 42 24 7 9 1 
5 9 50 72 69 1 7 5 
5 5 44 94 12 1 6 9 
2 8 39 38 36 6 7 5 
4 5 15 28 64 2 0 4 
6 3 12 70 65 4 1 4 
4 0 15 70 45 6 8 6 
7 1 26 64 68 7 2 5 
6 0 7 89 75 7 2 6 
2 7 27 45 68 6 3 9 
3 6 34 85 67 4 2 5 
6 7 0 38 32 8 9 3 
6 7 67 84 9 4 1 2 
3 8 76 81 14 4 1 1 
6 2 23 43 27 0 5 8 
4 7 27 18 13 4 8 5 
1 9 12 59 55 9 3 9 
3 2 2 67 17 0 1 0 
4 8 31 69 69 9 3 5 
0 5 33 35 66 3 4 1 
1 1 20 56 44 7 4 1 
3 4 11 50 69 8 9 8 
4 4 51 81 43 4 8 0 
7 8 24 50 58 6 1 6 
4 5 29 25 77 1 5 4 
3 7 56 31 54 2 7 5 
4 8 16 46 48 4 1 4 
4 3 57 42 90 0 3 1 
5 2 26 5 55 0 1 3 
5 8 40 62 62 8 7 1 
2 4 28 27 39 9 6 1 
3 0 39 28 52 4 6 8 
0 4 50 71 67 1 1 5 
8 9 57 56 74 9 9 0 
2 9 46 66 60 8 8 4 
6 3 50 38 41 8 5 6 
6 9 36 23 42 8 3 6 
7 7 32 62 41 0 1 4 
3 1 32 43 27 6 9 2 
7 0 54 53 79 2 4 4 
8 1 26 65 30 1 2 3 
0 2 85 55 48 4 2 3 
4 5 31 49 32 5 8 9 
0 8 22 36 71 3 1 6 
1 5 21 59 53 7 2 8 
7 9 0 61 58 6 4 1 
5 0 49 58 46 8 8 4 
0 1 10 53 86 5 1 4 
5 8 37 27 11 4 2 5 
7 4 31 14 20 7 0 3 
9 0 32 32 48 9 0 8 
6 1 23 42 56 9 3 3 
1 7 41 65 70 6 3 2 
3 3 19 63 52 4 8 1 
7 7 26 39 34 3 0 7 
1 6 31 57 22 3 8 8 
1 5 38 57 52 4 2 4 
9 9 26 68 28 0 4 2 
1 4 69 44 27 1 1 5 
0 9 39 78 38 9 6 6 
3 5 37 43 86 5 3 3 
0 2 15 62 42 9 6 8 
3 3 30 19 26 9 1 0 
5 9 37 31 27 8 0 0 
7 1 50 27 57 0 5 5 
3 2 45 52 0 4 9 0 
5 4 58 62 70 3 4 2 
6 6 43 49 18 1 1 0 
0 4 0 72 48 9 1 0 
8 7 36 31 61 6 7 9 
0 7 13 48 41 4 5 7 
3 3 29 76 81 6 0 9 
0 8 32 10 83 7 6 0 
8 5 64 49 70 3 1 8 
0 7 12 14 41 1 4 3 
6 9 0 54 64 1 3 5 
7 7 43 61 46 8 4 2 
3 7 23 81 59 9 3 6 
4 5 0 57 45 4 6 2 
8 0 44 54 68 7 2 2 
0 0 13 59 71 6 5 5 
1 7 0 56 26 3 6 8 
2 5 70 49 22 0 1 9 
6 1 69 60 61 1 3 8 
6 2 20 92 16 6 8 6 
7 9 26 14 33 0 0 8 
3 5 56 44 53 6 7 4 
5 6 21 53 51 4 0 8 
4 0 25 42 17 5 8 3 
1 0 37 46 65 6 7 9 
6 3 65 62 66 2 6 8 
9 5 44 47 64 2 0 8 
0 9 5 52 69 0 9 0 
9 4 44 65 77 4 5 3 
7 3 31 35 68 1 1 3 
6 4 46 45 8 7 5 1 
3 8 45 12 25 6 7 0 
2 1 0 32 62 7 4 4 
4 6 3 29 85 1 5 9 
8 3 24 41 33 6 3 0 
5 7 11 67 44 8 3 7 
6 4 38 65 47 0 9 1 
9 0 46 65 91 0 4 2 
7 7 33 51 73 0 6 3 
6 0 30 14 19 6 4 7 
9 9 13 65 45 3 0 8 
5 6 34 67 25 1 9 1 
3 5 34 66 57 9 3 2 
0 2 36 39 73 7 8 4 
7 8 29 74 42 4 7 2 
0 9 7 55 54 8 0 1 
3 9 18 52 67 8 2 2 
6 7 55 60 61 1 7 5 
8 5 44 45 36 9 7 5 
0 7 40 71 50 6 8 4 
9 7 56 46 42 5 8 9 
3 0 35 51 28 6 1 0 
3 3 23 60 39 0 6 4 
6 0 17 66 33 7 7 2 
2 7 17 45 28 1 1 7 
1 7 0 51 55 7 3 4 
0 4 45 40 50 6 0 4 
2 0 50 36 43 7 2 5 
1 6 9 20 58 3 9 4 
6 2 3 75 31 5 2 8 
7 9 72 44 41 9 9 4 
7 0 14 62 45 4 4 0 
6 6 41 55 44 6 8 6 
2 2 43 66 60 5 7 1 
9 8 28 17 77 6 9 7 
6 8 0 50 77 5 7 4 
5 5 0 64 48 3 1 3 
1 1 33 51 31 4 3 5 
7 4 68 46 43 4 0 3 
6 6 25 75 112 5 5 1 
4 1 13 47 72 6 2 5 
7 5 36 62 25 8 0 2 
0 1 0 97 16 0 4 9 
6 7 1 74 49 2 2 1 
9 1 57 58 46 0 6 3 
6 7 28 39 66 3 7 1 
1 5 0 55 26 7 4 4 
2 2 38 57 58 7 0 5 
5 2 27 61 62 4 5 1 
7 2 55 79 61 4 5 7 
9 9 51 42 78 0 7 7 
7 3 28 40 37 5 8 8 
9 3 46 53 32 8 1 3 
2 5 57 37 72 8 6 7 
2 5 30 28 65 3 6 6 
0 2 62 37 32 2 5 3 
1 9 42 73 35 8 9 9 
6 4 40 34 66 0 0 8 
4 0 26 41 27 6 0 7 
6 5 27 31 56 2 4 7 
6 9 0 48 26 2 6 3 
7 5 38 26 59 4 0 8 
5 3 20 38 58 9 6 6 
4 6 27 71 63 6 1 7 
5 2 21 58 26 5 2 6 
9 6 44 35 36 7 8 5 
0 9 51 63 18 2 7 2 
7 8 9 45 34 2 0 3 
7 1 34 80 43 8 0 6 
8 4 34 34 58 6 2 8 
8 0 39 56 50 8 4 2 
5 2 52 32 55 8 9 2 
5 7 31 59 38 8 6 4 
9 3 8 12 42 6 4 9 
7 8 30 68 72 3 9 8 
0 2 27 28 20 9 2 6 
2 8 33 58 30 9 6 8 
5 3 25 55 40 9 0 2 
9 3 35 66 10 6 7 5 
7 4 26 61 17 4 8 2 
0 5 33 35 42 7 6 2 
3 8 59 75 33 2 1 7 
8 6 7 39 70 2 0 1 
2 1 39 76 44 6 0 5 
7 1 29 25 47 7 6 2 
1 8 25 33 20 2 8 8 
1 7 2 20 32 4 2 0 
7 3 42 53 61 5 6 3 
3 2 11 41 30 7 0 0 
1 6 47 52 24 8 4 9 
6 9 0 44 43 3 6 0 
1 3 55 14 77 9 8 4 
8 0 35 59 65 8 7 3 
9 7 34 0 26 4 7 9 
6 2 32 76 35 5 2 2 
4 0 18 2 25 7 1 9 
2 1 46 58 25 1 4 1 
1 8 64 17 5 7 3 2 
6 2 19 44 66 7 1 9 
0 8 28 5 57 4 4 4 
0 3 43 32 77 3 4 5 
2 1 24 54 61 3 5 7 
5 4 25 34 14 9 8 3 
5 1 62 60 68 5 5 4 
5 6 43 64 29 0 3 5 
7 4 48 28 33 4 9 2 
2 3 27 62 89 7 2 4 
7 7 53 39 19 4 7 9 
0 6 8 51 34 2 6 8 
6 9 35 30 28 2 8 9 
3 8 45 43 65 3 6 3 
8 4 34 39 45 2 4 6 
3 5 44 13 53 2 1 6 
7 7 25 59 83 0 5 0 
1 4 26 74 58 9 1 7 
9 7 49 44 47 3 4 1 
5 8 19 81 51 2 5 1 
4 5 41 26 56 8 1 3 
5 8 7 55 45 1 3 3 
5 4 31 46 17 0 2 3 
1 4 3 25 66 8 6 4 
4 6 11 39 65 1 8 7 
4 2 43 41 33 9 6 7 
9 5 41 45 59 9 9 8 
2 0 37 89 74 3 7 8 
6 1 34 49 36 5 3 9 
3 0 59 49 16 7 5 8 
3 1 55 29 57 4 7 9 
6 5 37 90 60 5 9 4 
2 1 41 21 49 9 0 7 
8 8 38 41 85 5 5 8 
8 0 13 9 46 1 2 7 
7 1 32 65 41 1 0 3 
9 7 42 15 31 9 4 0 
2 3 44 55 64 9 2 7 
5 7 50 49 43 1 4 9 
7 4 25 51 67 0 2 1 
9 8 53 38 32 8 2 6 
2 2 0 49 20 9 1 8 
2 1 24 68 85 8 2 3 
5 9 14 45 25 0 4 0 
7 6 65 20 78 9 0 5 
7 4 40 63 61 3 6 8 
1 1 15 92 37 7 1 2 
1 4 56 78 31 2 3 8 
6 1 49 62 49 0 0 0 
5 2 10 40 50 6 7 8 
3 2 44 46 50 5 4 2 
5 1 45 35 47 2 7 4 
7 4 23 11 51 0 1 8 
1 2 79 23 65 8 0 3 
5 1 45 65 43 2 6 7 
0 0 0 57 23 9 1 4 
3 6 21 95 33 5 3 2 
9 5 32 80 75 1 4 4 
4 1 32 60 77 8 2 7 
4 3 30 29 41 8 8 2 
2 9 38 21 25 9 4 1 
5 7 1 31 60 8 3 4 
7 3 23 60 93 6 0 2 
3 4 23 42 58 5 4 8 
5 9 18 56 44 5 1 2 
6 8 3 35 34 0 6 4 
5 4 27 35 89 1 1 7 
3 7 44 41 59 1 6 7 
1 7 16 76 82 8 9 9 
3 7 0 46 67 8 2 1 
9 7 38 52 41 5 8 2 
8 5 36 72 48 2 6 8 
2 0 12 46 57 4 2 9 
0 7 0 45 63 5 5 4 
9 8 10 54 63 0 2 4 
9 4 24 56 65 5 3 2 
7 6 43 63 73 7 7 7 
4 9 18 43 45 7 6 4 
9 4 10 33 48 2 8 8 
1 5 1 54 70 6 9 7 
1 4 0 45 58 4 1 7 
4 7 4 37 89 8 1 0 
8 5 48 50 71 2 8 8 
9 6 30 46 55 8 7 9 
6 3 0 39 93 5 7 2 
8 5 67 49 81 9 9 0 
5 3 43 40 57 8 8 7 
9 1 65 38 70 1 6 2 
3 5 31 35 39 4 0 3 
8 8 56 39 63 7 9 5 
5 5 52 60 49 9 3 7 
6 8 57 84 45 4 2 8 
0 9 0 28 51 7 8 9 
9 6 2 30 64 2 7 6 
3 0 31 33 46 7 4 0 
3 9 30 50 59 1 7 7 
3 7 27 81 73 5 1 4 
1 0 46 47 62 5 8 4 
3 5 38 16 41 1 3 6 
5 0 0 67 53 0 8 4 
0 4 48 46 40 1 2 8 
9 5 43 56 47 7 3 8 
6 5 50 50 28 6 1 0 
2 5 44 70 33 0 1 8 
7 2 45 76 34 4 7 3 
8 0 54 49 55 1 0 8 
5 4 45 76 4 3 8 8 
4 7 39 47 31 9 8 9 
6 6 0 80 41 2 0 0 
4 3 24 33 39 6 4 1 
4 1 20 52 19 6 2 8 
6 2 28 23 34 4 2 4 
1 0 32 60 65 6 9 3 
4 1 15 9 80 8 3 9 
2 3 22 48 81 7 3 7 
6 9 38 43 44 5 1 1 
6 1 19 39 22 9 7 7 
9 1 47 68 66 3 7 3 
8 8 33 52 28 6 3 4 
4 7 52 42 44 5 0 0 
2 0 29 80 35 5 7 0 
0 5 0 62 62 9 9 7 
8 7 26 49 52 6 1 8 
8 7 90 45 41 9 9 8 
6 5 0 57 94 0 1 1 
9 9 0 21 0 7 5 2 
1 4 39 25 62 9 1 5 
9 0 59 62 59 5 9 6 
5 9 46 86 60 4 4 9 
8 2 19 38 50 2 8 6 
0 8 21 64 42 1 5 0 
0 8 10 27 46 7 4 8 
2 6 41 76 40 9 5 9 
2 3 2 38 56 7 0 6 
2 7 11 40 34 7 5 6 
5 9 9 61 74 3 2 7 
0 1 19 44 73 2 8 6 
8 2 13 36 58 2 3 4 
6 2 46 27 59 5 8 7 
3 8 21 38 64 1 9 3 
1 5 63 51 36 0 1 6 
6 7 10 69 27 1 2 4 
1 4 0 30 27 1 4 9 
7 5 3 46 46 5 9 7 
5 8 30 29 46 0 4 1 
4 3 12 25 49 4 1 2 
8 1 20 52 91 9 5 4 
4 1 14 82 79 2 8 1 
8 0 15 44 56 0 0 8 
4 4 35 70 37 6 1 9 
9 4 32 66 91 1 4 0 
6 1 37 0 26 8 1 2 
6 7 31 104 18 6 6 7 
6 0 2 52 25 2 0 0 
1 0 31 52 80 9 4 0 
0 3 31 4 39 5 5 8 
7 8 17 39 35 4 8 5 
7 4 51 67 43 0 8 7 
3 5 34 47 56 7 9 0 
4 6 21 28 39 9 3 0 
7 6 2 56 61 9 1 2 
9 1 44 42 21 2 4 8 
1 4 18 63 86 2 1 7 
0 4 50 40 75 1 8 6 
0 3 38 24 26 8 7 8 
3 5 44 69 60 9 7 1 
9 2 29 64 58 0 7 6 
7 7 57 41 81 4 4 8 
4 4 0 42 81 0 9 6 
9 1 63 53 41 4 7 2 
0 8 66 37 55 8 9 9 
9 4 41 57 63 0 6 4 
5 6 29 64 76 0 5 5 
4 1 33 21 83 3 5 8 
8 0 8 58 55 9 6 6 
4 3 38 53 23 3 4 0 
2 6 5 52 68 2 2 2 
6 1 51 50 74 7 5 6 
6 3 13 44 88 3 5 8 
2 8 26 40 58 6 2 6 
9 8 35 64 78 8 8 4 
8 3 41 16 61 7 0 2 
9 8 13 44 39 0 6 0 
1 8 69 52 47 0 0 7 
5 1 38 42 57 4 2 4 
1 2 24 76 30 9 5 0 
1 8 40 77 19 0 2 0 
9 9 42 62 21 7 3 5 
7 0 18 7 66 6 2 5 
3 8 26 46 81 0 2 2 
3 6 36 59 40 9 3 6 
2 9 0 35 46 6 0 5 
2 1 59 34 27 6 0 3 
8 9 3 39 64 7 7 3 
1 6 17 68 61 7 8 4 
7 8 40 36 35 5 3 6 
3 8 0 50 85 2 5 2 
0 3 60 57 85 9 3 9 
7 0 55 52 65 8 3 1 
4 0 52 38 15 3 0 2 
1 2 0 95 46 5 3 1 
0 9 41 65 39 0 4 6 
8 1 40 65 37 0 7 5 
3 6 0 29 8 3 8 5 
0 0 22 42 52 7 4 9 
5 5 4 44 61 5 0 1 
3 3 36 44 41 4 5 9 
0 5 23 81 48 3 1 3 
7 2 52 36 54 6 8 6 
1 4 12 57 68 1 0 7 
5 8 45 68 88 0 5 4 
6 3 50 42 57 4 9 0 
0 1 52 37 51 1 1 9 
0 5 29 58 45 6 2 6 
6 7 26 20 46 0 7 1 
7 6 10 29 47 1 6 6 
1 4 26 15 42 7 4 8 
6 0 19 55 78 7 5 0 
1 4 62 42 86 9 7 5 
4 0 32 22 57 2 4 8 
3 8 44 21 55 2 5 7 
3 2 20 44 49 0 9 4 
9 6 0 46 61 2 9 2 
4 1 10 72 60 6 7 9 
6 7 42 52 81 6 8 0 
9 6 15 33 116 8 0 6 
9 4 0 46 84 1 6 0 
5 7 61 21 62 4 6 3 
6 9 76 46 49 2 9 6 
7 7 55 44 0 4 5 7 
1 8 12 61 82 9 1 6 
9 3 33 55 25 1 3 4 
2 0 65 40 84 8 7 6 
9 2 21 77 17 7 4 4 
4 2 6 18 53 9 0 1 
4 6 15 96 75 4 7 7 
8 5 63 9 58 3 1 6 
2 1 30 38 68 5 5 2 
7 1 27 67 49 0 7 4 
4 4 56 67 51 6 8 0 
6 2 2 44 33 7 0 9 
4 2 27 72 66 0 5 7 
2 7 49 27 32 1 3 3 
0 1 58 37 25 5 7 1 
0 1 89 27 44 5 1 2 
1 1 26 22 52 5 8 4 
2 4 31 54 48 8 8 9 
1 6 52 58 15 2 6 1 
6 0 37 84 40 2 4 8 
4 7 5 55 92 0 9 9 
4 0 31 37 40 4 8 7 
5 8 19 40 44 1 7 1 
6 2 7 61 23 4 0 1 
4 2 48 41 46 8 3 1 
4 6 33 39 37 3 0 9 
9 2 10 29 58 3 1 5 
5 9 42 23 85 5 7 1 
5 1 48 91 39 1 7 6 
6 0 37 63 35 4 3 5 
5 0 55 39 32 5 1 1 
2 3 37 80 69 0 2 4 
9 9 48 40 43 6 1 3 
1 4 0 40 24 8 6 0 
9 3 20 42 59 2 4 4 
4 7 47 56 60 5 0 5 
4 8 39 38 60 7 3 7 
8 4 0 79 20 9 0 6 
3 3 45 50 71 3 0 3 
9 8 26 46 68 8 7 3 
5 6 1 66 33 5 2 9 
7 7 31 21 47 1 7 3 
0 4 53 48 52 3 3 8 
1 5 20 56 80 7 0 6 
0 5 57 61 34 4 2 1 
5 2 41 62 33 6 5 1 
3 0 0 47 35 5 2 9 
0 0 38 28 59 1 9 2 
6 4 38 33 56 4 0 1 
6 6 48 33 42 8 0 2 
5 3 10 58 23 4 9 5 
2 7 77 57 50 7 3 6 
1 6 13 25 53 6 9 6 
3 7 16 82 4 4 1 5 
0 2 40 76 77 3 8 4 
8 0 41 35 26 0 5 3 
4 7 22 60 6 1 3 6 
0 8 0 52 70 8 0 2 
3 5 26 51 59 3 6 0 
3 2 1 82 41 9 4 1 
4 7 0 54 57 6 4 1 
7 0 21 45 27 4 2 6 
3 8 40 45 38 7 4 2 
0 9 23 72 44 3 2 7 
3 5 44 66 66 5 5 0 
4 2 29 61 96 5 8 3 
0 4 23 47 38 7 1 5 
8 9 88 39 51 1 0 8 
4 3 40 41 69 9 8 5 
7 3 14 25 80 4 4 9 
1 7 38 34 61 7 4 7 
8 0 41 52 76 3 2 8 
5 6 13 41 56 0 6 6 
0 4 42 56 71 8 4 6 
3 1 10 56 49 5 0 8 
1 3 23 58 38 2 2 0 
7 7 32 49 72 6 3 5 
3 5 48 27 73 7 2 3 
8 4 31 66 66 5 7 8 
1 5 77 58 93 6 0 9 
4 7 13 54 48 4 9 5 
3 2 14 27 23 9 2 2 
3 7 12 67 59 5 4 7 
8 9 44 56 46 5 4 2 
9 3 20 35 39 8 1 9 
1 1 82 77 47 4 2 1 
0 1 4 65 7 4 2 8 
1 5 13 14 72 4 7 0 
3 0 25 54 27 4 2 4 
9 2 0 28 76 1 7 6 
0 2 30 66 45 9 7 7 
8 1 0 60 65 9 2 6 
4 4 55 45 79 3 9 2 
6 3 27 57 28 1 9 8 
9 5 6 44 95 5 4 2 
2 4 46 44 43 4 2 9 
9 6 0 23 40 6 3 8 
3 8 0 72 52 9 9 2 
6 4 18 34 34 1 2 2 
6 5 55 48 38 5 1 6 
7 0 68 51 34 1 9 8 
4 2 34 57 53 5 5 3 
9 1 66 62 9 7 6 3 
1 6 9 50 37 3 9 5 
3 7 27 77 65 9 5 5 
3 6 34 62 41 9 0 7 
9 5 25 89 5 3 9 4 
8 7 17 83 78 9 0 9 
6 4 20 59 86 8 3 0 
5 0 32 45 6 2 9 3 
0 5 6 49 56 4 7 1 
7 6 28 73 48 3 8 7 
1 6 59 13 36 5 2 2 
3 6 12 48 35 2 7 7 
3 3 16 56 86 2 1 7 
7 5 37 41 88 9 5 3 
0 8 23 66 62 8 9 7 
4 0 22 38 92 4 2 7 
9 1 77 69 18 9 2 7 
8 3 34 42 56 1 7 0 
1 5 8 32 30 4 6 4 
1 8 39 41 44 9 6 0 
2 7 45 58 59 3 2 4 
8 8 22 21 90 5 9 7 
3 6 25 49 58 1 6 4 
2 9 29 20 49 1 0 5 
7 8 26 64 12 5 3 7 
8 3 0 42 16 3 1 7 
4 1 27 54 34 5 5 4 
8 9 39 89 45 7 8 2 
2 6 41 91 44 8 2 4 
7 7 23 76 17 1 5 0 
7 1 38 50 72 3 2 6 
2 2 52 55 60 5 4 9 
4 5 28 32 59 2 4 5 
1 4 35 65 42 5 4 6 
1 7 20 35 41 6 7 7 
6 9 6 36 38 4 8 8 
1 9 42 44 55 6 5 5 
3 3 20 47 27 2 5 8 
0 7 19 44 35 9 2 6 
7 3 37 19 35 9 1 6 
7 3 11 35 51 8 4 0 
7 1 5 69 35 9 6 9 
1 0 36 67 44 6 2 2 
0 3 27 47 38 9 6 7 
6 7 66 56 73 2 3 5 
5 2 22 33 27 0 1 8 
6 4 29 57 42 3 1 0 
4 5 4 94 29 9 0 8 
5 0 19 37 42 1 4 2 
9 1 48 34 31 7 6 3 
3 3 44 41 58 7 9 3 
8 6 3 33 74 2 8 9 
3 5 34 75 27 9 6 1 
2 3 37 39 37 2 9 1 
1 8 35 63 58 4 3 8 
1 9 0 49 67 6 0 0 
7 4 56 73 7 8 7 1 
0 2 38 49 46 9 4 7 
5 2 27 26 37 0 5 9 
8 2 6 54 38 9 9 4 
7 6 0 63 24 7 6 8 
2 8 35 50 39 9 6 6 
3 2 29 51 66 3 7 1 
9 6 16 80 54 8 5 7 
9 8 25 21 59 9 3 7 
5 1 38 47 15 0 3 8 
3 5 21 54 23 6 9 9 
6 4 37 23 48 7 9 1 
4 8 42 68 37 5 1 0 
7 7 33 55 71 5 7 8 
4 1 0 36 29 2 9 8 
1 8 25 93 84 3 2 8 
8 5 21 60 43 6 3 7 
1 8 19 35 76 3 2 5 
7 0 46 41 60 7 0 0 
3 5 32 42 10 2 7 5 
8 9 0 51 40 3 0 1 
4 0 87 53 16 5 4 0 
6 1 44 26 35 9 4 7 
8 3 41 56 15 9 6 1 
8 6 18 29 54 4 9 8 
1 7 26 55 34 6 9 9 
1 5 54 65 55 6 2 4 
7 4 10 46 54 9 6 4 
8 4 27 54 68 1 0 9 
0 6 26 57 40 7 3 2 
0 8 22 28 44 8 4 6 
7 5 0 62 37 5 7 0 
0 2 35 51 40 9 5 4 
9 9 47 57 46 3 7 4 
5 4 0 54 41 4 0 8 
0 2 75 58 68 5 1 6 
9 7 14 0 13 6 4 8 
5 1 13 58 52 4 5 1 
9 7 15 74 26 1 9 7 
5 9 27 42 35 7 3 3 
3 6 29 61 49 6 2 2 
7 2 44 41 57 7 9 8 
6 2 12 46 70 5 8 9 
1 1 71 58 68 4 5 7 
6 5 40 53 60 7 4 9 
2 2 19 33 78 7 5 3 
7 4 54 29 25 0 1 1 
0 1 43 50 49 9 3 3 
8 1 48 45 50 7 0 4 
6 4 23 72 14 9 2 1 
5 9 7 65 80 0 1 3 
8 9 6 19 50 8 9 8 
0 8 54 81 60 6 4 9 
2 0 0 41 52 2 7 8 
6 0 22 20 37 5 7 0 
5 1 28 65 28 8 2 5 
0 0 23 58 74 0 5 3 
0 7 21 54 20 7 1 1 
4 9 24 52 72 8 4 0 
8 2 12 51 52 7 0 6 
4 8 20 62 39 7 7 3 
3 1 33 58 59 3 2 7 
9 6 0 40 26 2 6 0 
2 3 36 100 76 5 2 2 
7 5 29 77 75 2 5 6 
0 1 60 31 67 8 3 9 
3 7 66 62 47 5 4 1 
0 9 30 28 87 6 5 2 
1 6 16 65 31 0 1 3 
2 4 42 55 71 7 3 7 
2 3 37 43 43 0 4 8 
2 5 54 43 54 7 0 5 
7 4 46 29 49 4 3 1 
9 9 66 63 81 8 9 8 
2 2 34 61 45 4 3 6 
4 9 36 31 51 3 8 7 
5 9 13 83 19 3 8 6 
2 9 11 34 61 9 3 7 
5 1 34 28 43 1 5 0 
7 9 5 31 27 1 8 6 
7 1 71 18 51 4 1 8 
0 9 15 59 65 8 0 5 
2 4 58 11 34 5 5 0 
2 7 28 36 39 5 2 6 
8 3 31 77 18 9 6 3 
2 1 11 35 57 7 8 2 
8 3 44 24 58 8 3 4 
4 7 15 11 65 5 3 8 
8 0 29 17 30 1 2 8 
0 1 35 55 57 6 5 9 
7 4 54 75 44 4 7 4 
6 3 17 56 43 4 0 2 
1 1 62 60 22 8 6 8 
3 5 12 35 57 1 4 1 
3 6 42 30 58 0 8 7 
6 2 32 25 40 4 7 0 
9 2 26 23 57 4 7 7 
8 1 27 45 40 7 6 0 
8 1 23 56 64 9 6 9 
6 3 49 0 33 2 8 5 
7 9 61 30 52 7 3 4 
5 8 50 42 39 8 9 2 
3 2 21 23 57 4 2 8 
4 2 25 62 47 4 0 6 
3 4 42 42 58 6 1 8 
0 2 33 59 79 6 3 4 
1 2 45 43 49 1 2 2 
8 6 20 56 21 2 0 1 
5 3 44 78 73 7 2 6 
0 7 40 61 45 5 2 4 
7 7 36 43 47 1 9 9 
7 7 44 32 49 0 7 5 
5 3 35 62 75 5 1 0 
1 2 73 62 51 2 5 4 
2 0 40 74 74 8 7 7 
1 6 21 67 67 6 1 4 
6 7 14 62 88 6 9 8 
0 0 15 55 27 0 8 9 
7 2 49 55 40 9 5 1 
8 7 48 49 75 0 7 5 
6 2 11 33 21 2 4 9 
8 9 37 64 26 6 2 3 
4 6 14 39 46 7 6 6 
7 3 58 1 89 7 8 1 
8 3 32 56 22 1 8 0 
2 6 54 50 43 9 3 4 
8 1 50 29 36 1 7 0 
5 4 35 78 89 9 1 1 
9 3 35 42 60 1 7 6 
0 4 35 58 59 9 5 8 
5 2 21 56 63 9 2 2 
1 9 47 49 66 3 9 6 
8 6 23 48 64 4 0 2 
7 8 10 70 90 0 6 0 
1 6 37 76 65 5 6 0 
6 3 45 39 68 4 5 1 
5 7 55 60 20 4 7 4 
8 0 64 65 64 6 8 2 
9 3 77 68 67 5 5 4 
6 7 53 34 102 2 5 2 
9 3 50 19 48 8 8 1 
2 4 14 31 62 8 8 1 
1 8 43 26 0 4 7 4 
2 6 42 32 69 0 2 7 
3 9 45 0 47 4 9 0 
0 8 23 75 44 5 1 8 
0 6 24 21 51 9 5 4 
4 2 8 59 38 4 2 9 
2 5 19 61 34 5 9 4 
7 0 18 56 47 8 9 2 
2 8 20 55 32 9 3 6 
9 8 25 56 54 0 2 2 
4 2 37 58 101 8 6 6 
2 0 53 66 57 4 2 8 
8 5 0 55 29 5 0 7 
6 4 36 52 24 2 7 4 
8 1 50 39 33 5 2 6 
6 2 48 51 78 8 6 0 
7 8 12 59 17 4 0 3 
9 7 40 41 49 5 7 8 
7 7 31 45 37 9 9 9 
3 0 49 34 84 5 6 9 
2 2 43 15 81 4 4 5 
1 0 12 26 36 3 8 8 
9 9 58 92 39 8 6 1 
9 9 12 73 23 5 2 7 
9 3 73 36 52 3 7 0 
6 9 40 74 38 9 1 5 
9 9 7 41 41 9 9 7 
6 9 0 75 58 2 3 6 
9 0 53 35 68 9 2 3 
5 3 34 25 69 0 9 1 
9 4 46 22 38 4 0 3 
3 6 58 14 54 9 2 3 
6 3 37 43 44 0 4 9 
2 1 39 43 31 2 1 8 
5 2 45 47 79 8 8 7 
7 0 64 55 44 8 6 9 
2 2 47 38 13 8 7 0 
6 5 30 65 67 3 5 9 
2 3 17 35 69 3 9 5 
7 8 13 60 34 2 9 4 
3 7 43 53 47 9 8 9 
6 7 27 33 66 7 9 9 
5 1 42 29 78 2 4 3 
0 2 11 64 35 1 5 0 
9 4 43 49 41 5 1 3 
4 7 17 52 30 1 3 3 
8 1 26 36 0 8 4 8 
5 7 26 60 47 7 5 9 
8 9 30 79 57 7 6 2 
7 9 0 21 49 9 1 0 
1 7 26 60 49 5 8 0 
1 3 22 55 49 1 2 5 
1 1 6 42 66 8 6 6 
0 6 10 27 33 3 9 3 
8 3 80 51 44 9 2 5 
3 5 20 79 70 9 3 0 
3 5 26 71 56 7 4 7 
5 1 24 39 47 0 3 9 
5 9 40 32 39 5 9 3 
1 3 7 39 42 7 6 7 
2 2 27 65 5 0 7 9 
8 5 52 32 51 4 4 3 
0 6 30 41 22 8 1 0 
6 8 40 84 52 7 9 0 
2 8 21 67 48 4 5 7 
7 5 24 78 42 4 2 2 
4 0 0 50 69 6 8 0 
8 5 0 62 80 7 8 8 
6 9 57 24 59 7 1 0 
5 0 4 51 83 6 7 0 
2 6 20 66 47 3 8 5 
4 1 21 37 28 8 3 9 
4 0 29 50 62 8 2 1 
7 1 44 71 58 8 4 4 
0 0 33 76 69 9 7 4 
1 5 15 16 22 0 9 1 
8 9 5 70 107 0 2 2 
5 3 0 41 88 6 0 8 
1 6 72 43 57 1 3 5 
7 3 26 58 35 9 1 5 
0 4 19 61 51 4 6 1 
7 0 3 36 47 4 7 9 
0 8 23 51 80 2 9 0 
3 1 32 21 40 7 6 3 
4 8 27 41 42 6 9 0 
7 9 35 59 57 0 9 7 
6 8 50 44 57 4 4 5 
2 1 39 69 44 0 8 8 
3 1 4 43 49 8 9 0 
1 7 3 76 23 7 1 7 
2 6 38 36 42 2 2 9 
5 8 24 63 67 1 3 3 
9 9 49 45 27 4 1 5 
4 3 18 46 47 7 2 0 
6 6 66 32 43 3 2 9 
1 1 14 40 41 3 3 3 
4 4 0 0 32 3 2 0 
2 0 25 45 4 3 7 9 
8 7 52 32 72 5 7 4 
3 2 54 23 98 4 7 3 
1 2 44 71 22 1 3 3 
6 7 47 37 22 9 6 8 
5 4 34 46 23 8 2 0 
2 9 49 50 47 0 6 7 
9 6 63 36 22 4 7 8 
0 2 45 47 96 6 8 7 
5 7 5 66 38 3 3 3 
1 4 0 26 21 5 8 3 
4 8 73 57 30 3 9 6 
3 2 1 47 72 1 8 0 
6 9 0 61 72 9 0 2 
5 0 20 61 66 4 7 7 
3 0 65 27 56 6 9 7 
2 3 37 60 59 3 7 1 
0 1 30 50 84 9 1 2 
2 7 46 47 45 7 2 4 
7 3 64 59 43 1 7 2 
5 4 9 51 57 3 0 6 
1 8 15 51 57 4 0 4 
1 5 29 37 52 9 2 5 
2 2 48 32 39 0 7 9 
0 1 7 80 51 8 9 4 
3 2 6 66 21 0 4 4 
2 3 29 35 23 8 5 1 
3 3 81 18 11 1 3 4 
4 9 29 56 53 1 2 6 
0 3 54 52 11 7 0 9 
2 6 20 57 60 4 5 2 
5 6 37 61 60 7 8 2 
9 7 31 62 77 8 6 3 
7 2 65 102 65 1 6 1 
2 6 53 32 67 0 5 3 
3 2 6 61 49 9 8 6 
5 6 36 72 72 0 4 8 
6 1 38 41 97 8 1 6 
6 6 16 56 72 7 9 6 
5 6 4 39 29 0 4 5 
4 1 34 54 56 7 0 4 
2 6 94 58 27 7 4 9 
7 5 8 51 49 3 1 2 
8 6 20 36 18 6 8 4 
3 3 25 22 58 6 5 6 
9 9 25 102 54 1 2 6 
0 6 12 49 54 5 6 8 
1 0 55 36 71 1 5 8 
6 3 56 35 31 5 7 0 
9 0 44 79 50 9 3 2 
9 1 55 50 55 9 7 3 
8 3 36 52 66 4 9 6 
3 3 10 64 29 4 2 9 
8 2 53 82 62 5 8 3 
0 6 50 22 44 8 1 5 
6 3 0 49 52 1 3 3 
5 5 19 29 73 4 3 8 
4 2 2 51 53 7 8 9 
6 3 15 51 40 8 2 1 
3 1 52 22 35 0 1 4 
3 6 7 41 43 9 3 1 
8 7 31 50 45 9 6 1 
9 8 24 39 63 7 3 5 
2 6 58 63 50 1 2 7 
8 7 14 56 66 9 2 9 
7 8 7 27 57 9 4 4 
1 2 49 68 69 9 5 2 
3 8 61 64 41 0 4 3 
9 5 34 64 58 5 6 5 
0 9 52 85 79 6 5 0 
4 7 35 61 45 0 8 2 
1 7 14 29 31 6 8 2 
1 1 63 29 18 5 8 5 
0 9 41 30 73 6 5 5 
8 6 26 35 72 4 3 3 
1 0 40 73 84 3 3 3 
1 4 0 79 49 7 7 6 
7 1 64 17 42 9 5 7 
2 5 29 16 32 9 3 4 
9 0 54 37 29 2 2 8 
8 8 18 93 25 5 2 2 
8 1 23 70 89 3 8 6 
5 4 14 27 56 0 4 6 
3 0 24 31 40 4 9 5 
3 7 17 63 41 3 4 6 
9 7 30 59 76 4 2 2 
2 0 0 91 51 0 1 2 
8 7 44 61 5 4 8 0 
6 6 17 64 61 2 8 6 
6 6 43 34 77 8 3 7 
0 8 21 45 20 3 9 7 
2 5 46 51 62 6 2 4 
0 4 24 64 78 2 8 6 
7 1 35 43 57 4 6 0 
1 1 59 45 42 7 2 2 
5 0 11 73 67 5 3 2 
2 5 19 47 28 7 3 2 
0 3 18 48 50 2 2 2 
7 4 51 43 65 1 9 7 
2 4 34 65 67 1 6 4 
4 8 53 36 11 4 8 3 
3 6 30 23 63 5 3 5 
6 4 29 48 77 0 1 8 
6 5 23 56 45 6 6 3 
5 9 54 27 63 4 4 7 
5 3 33 33 83 4 3 1 
7 3 9 9 40 2 5 0 
2 0 45 56 47 6 1 0 
8 6 37 60 45 8 6 3 
1 2 6 52 12 6 0 5 
9 1 16 71 43 7 9 2 
8 0 12 76 80 9 8 9 
6 3 2 31 20 1 3 2 
6 1 51 67 41 5 4 7 
9 9 59 63 64 6 8 5 
8 0 21 55 41 1 3 5 
1 0 17 60 40 9 8 6 
6 0 7 54 37 4 2 2 
3 4 27 41 60 6 0 4 
5 2 22 45 51 2 0 3 
8 3 7 48 47 3 8 5 
2 4 26 48 30 1 5 4 
5 8 35 51 63 0 0 1 
2 9 23 80 44 4 3 0 
3 1 47 91 43 5 0 0 
4 6 49 55 55 8 5 5 
7 7 17 55 30 1 0 1 
5 5 42 76 52 5 8 1 
3 6 33 37 51 0 8 0 
2 9 55 31 83 0 8 0 
2 2 42 28 36 8 1 8 
6 4 32 44 58 6 4 7 
0 0 33 71 60 1 8 1 
3 3 22 38 40 3 5 1 
5 3 9 74 85 3 8 1 
9 9 37 66 17 3 5 1 
1 2 10 66 114 1 4 3 
0 3 12 15 13 6 6 9 
3 4 0 36 38 7 6 2 
7 2 18 85 39 1 4 5 
4 7 48 41 66 4 9 2 
3 7 40 53 16 3 1 2 
2 7 27 63 61 5 6 5 
6 1 34 61 92 3 9 2 
4 5 37 62 45 9 8 8 
7 3 33 83 65 7 6 8 
8 4 0 104 20 6 6 4 
0 6 36 6 85 5 5 3 
2 5 0 23 18 7 1 1 
9 4 33 47 63 9 7 2 
1 0 43 37 92 0 7 8 
3 1 35 38 65 5 2 1 
4 3 40 8 43 3 5 6 
5 4 44 47 31 8 8 0 
4 2 6 34 41 9 8 0 
2 0 12 77 53 4 0 4 
8 7 26 28 60 2 6 8 
4 0 37 36 67 6 0 5 
6 9 23 56 58 5 1 9 
0 4 4 43 41 4 8 8 
4 0 11 12 45 4 1 6 
7 7 16 33 60 8 7 9 
5 4 48 43 52 6 4 3 
6 6 1 62 21 9 9 4 
7 1 15 43 50 3 0 8 
1 0 0 48 4 6 1 6 
2 1 26 50 44 4 1 7 
7 8 59 58 12 2 2 6 
1 3 25 41 99 7 7 4 
6 7 34 18 71 5 6 1 
2 4 30 50 56 4 2 8 
6 6 38 40 70 1 6 2 
4 8 0 56 22 1 1 3 
8 8 39 49 32 3 4 2 
2 9 15 37 83 8 6 2 
0 8 0 37 26 6 7 7 
7 2 26 51 55 5 5 2 
6 9 0 43 46 0 4 3 
3 6 7 49 55 5 4 3 
8 2 75 55 46 0 5 7 
0 4 50 37 70 1 8 0 
2 0 22 37 75 1 5 1 
6 7 69 51 63 5 5 8 
6 1 49 66 60 7 6 9 
8 4 30 63 67 3 7 1 
9 1 35 33 69 5 8 2 
2 3 35 64 67 7 5 4 
7 2 46 66 63 1 0 1 
4 1 39 64 30 3 4 9 
9 4 5 68 49 3 6 5 
4 9 47 9 69 4 9 5 
6 8 4 58 47 9 9 4 
7 1 51 47 47 6 5 8 
3 8 94 38 58 3 4 1 
7 5 77 68 81 6 3 6 
5 7 9 32 50 3 7 4 
5 1 30 44 64 5 0 4 
9 1 15 58 64 1 0 0 
4 9 20 44 52 5 9 1 
0 7 22 27 36 9 4 4 
8 8 38 72 47 2 4 6 
4 5 36 73 62 9 7 0 
9 2 52 72 60 6 3 5 
7 3 55 51 45 2 8 4 
6 6 36 28 47 9 8 7 
6 5 70 36 38 0 7 1 
5 7 41 21 74 3 4 8 
1 9 79 50 63 3 4 4 
3 9 41 64 43 4 3 6 
3 9 19 50 65 9 5 3 
6 4 20 21 50 3 1 3 
5 2 60 68 57 3 4 6 
2 8 47 58 58 0 2 3 
9 3 0 76 19 0 3 5 
6 8 51 38 41 8 4 0 
3 8 13 84 21 7 1 6 
3 5 24 33 75 5 1 2 
1 5 0 68 60 8 1 0 
2 8 12 88 8 5 3 8 
0 2 40 63 56 4 4 6 
1 8 28 62 81 5 6 8 
7 9 36 59 46 5 7 9 
2 1 19 15 50 1 7 5 
9 9 33 49 26 2 3 6 
1 9 62 69 63 9 5 8 
3 3 20 33 24 2 3 1 
8 8 27 49 47 7 3 3 
3 1 34 30 32 9 2 7 
2 8 23 69 60 5 2 5 
1 0 21 57 4 6 2 7 
6 1 0 63 43 2 9 5 
3 5 17 65 51 7 3 6 
8 6 26 46 52 9 8 5 
9 4 41 20 65 2 4 6 
8 8 40 55 39 6 5 4 
2 8 7 28 67 0 0 9 
4 2 34 58 50 6 7 6 
7 7 0 48 58 6 7 4 
1 7 22 74 52 6 8 3 
8 5 27 38 29 8 4 2 
4 5 39 17 28 7 4 1 
7 9 37 52 39 8 2 9 
7 8 48 76 50 2 1 0 
9 1 21 50 60 8 3 8 
7 8 31 42 50 8 4 0 
0 4 32 47 14 2 7 4 
4 8 49 50 66 2 1 1 
4 7 37 36 33 3 7 4 
8 8 48 53 60 5 8 0 
4 0 19 42 50 2 3 2 
3 4 88 32 48 8 6 8 
4 9 0 21 62 2 5 5 
2 9 0 56 56 0 8 8 
8 9 56 57 28 6 5 4 
5 3 25 41 17 2 5 7 
0 3 40 27 46 2 5 2 
5 7 19 56 75 9 7 9 
2 9 3 40 52 4 0 2 
2 4 31 21 33 6 5 7 
1 4 9 41 49 6 0 5 
0 2 68 55 18 1 4 7 
1 2 65 41 60 0 8 8 
2 5 0 35 67 7 1 7 
0 8 21 23 16 0 4 2 
1 8 50 64 89 3 3 7 
8 3 28 95 50 6 4 3 
6 7 12 46 71 8 8 2 
7 3 43 71 29 2 4 2 
5 6 31 75 90 0 4 5 
6 7 21 60 81 0 5 2 
3 4 94 84 16 3 6 2 
8 7 65 34 26 2 0 3 
2 4 53 26 35 6 8 7 
3 7 38 52 82 0 4 8 
1 5 42 64 26 4 0 2 
6 8 18 70 35 1 3 0 
2 3 24 30 28 3 5 3 
0 5 21 27 65 9 2 1 
0 9 39 32 39 2 0 8 
6 6 50 45 32 7 7 4 
6 4 68 53 36 3 2 4 
0 9 35 50 50 4 1 1 
6 5 15 64 61 4 9 0 
4 8 11 36 37 7 4 9 
1 7 21 62 59 2 6 8 
7 0 21 53 34 8 5 9 
8 2 73 11 66 5 9 2 
8 5 21 83 8 1 2 6 
8 3 11 53 60 0 9 1 
4 9 44 54 39 6 2 6 
4 3 62 69 51 1 0 5 
3 1 32 29 22 2 8 1 
2 7 1 107 50 5 2 8 
1 7 25 25 33 3 0 1 
9 7 8 44 43 7 8 7 
8 1 45 54 39 3 6 2 
9 3 6 78 49 6 1 5 
8 7 43 74 0 7 1 4 
7 5 44 44 24 3 2 8 
1 7 58 42 30 9 1 5 
3 2 57 45 67 5 4 3 
2 9 24 27 60 4 7 9 
3 2 23 25 49 9 3 1 
0 6 29 56 40 2 4 7 
3 2 8 0 67 6 9 1 
2 3 14 35 17 7 9 5 
3 1 37 62 31 1 1 6 
3 8 21 45 65 9 0 4 
7 1 28 40 51 6 5 3 
3 0 36 44 66 2 5 9 
6 3 50 67 35 6 1 7 
9 1 38 52 58 5 0 2 
7 2 53 58 36 9 0 5 
1 7 15 48 33 9 0 0 
2 4 23 65 93 6 4 0 
7 5 26 70 84 6 4 1 
5 4 19 69 68 4 5 4 
4 1 27 53 36 0 3 4 
2 7 14 49 68 1 9 4 
4 8 21 97 57 1 7 9 
7 7 6 56 47 5 9 8 
6 9 50 36 59 3 2 2 
5 3 37 73 38 3 3 8 
5 4 33 83 101 2 7 0 
5 9 46 32 71 4 8 7 
5 9 53 45 42 4 9 0 
0 2 67 47 47 2 1 5 
2 2 55 55 80 0 7 7 
0 0 32 51 42 9 9 1 
7 5 16 81 69 3 4 3 
8 5 32 10 55 1 2 0 
2 5 42 44 91 9 2 9 
0 3 47 43 79 5 2 5 
0 3 55 44 83 9 6 0 
2 5 42 55 50 4 1 0 
7 7 1 70 57 1 7 8 
1 8 22 59 31 8 3 7 
4 9 46 30 33 3 2 0 
9 8 51 41 45 2 0 9 
8 2 52 31 39 9 6 1 
9 7 28 46 50 9 8 9 
7 3 46 67 17 1 6 9 
4 6 37 61 46 9 7 1 
2 0 63 81 61 0 3 6 
7 9 48 38 33 0 2 1 
3 5 38 60 71 3 7 9 
7 3 35 75 5 1 7 3 
7 7 34 124 40 1 3 4 
8 0 64 21 55 1 7 9 
9 6 39 39 65 9 5 8 
5 1 24 58 52 0 7 7 
4 3 6 46 40 7 0 9 
3 7 43 52 34 9 6 2 
2 7 25 76 50 4 8 8 
2 4 39 38 36 5 6 0 
0 1 40 66 65 9 0 2 
4 6 44 69 35 8 7 9 
4 9 17 66 78 9 6 2 
9 2 28 51 41 7 1 8 
6 4 55 36 97 4 7 2 
8 7 25 39 40 4 4 8 
7 8 31 78 60 1 4 0 
7 7 21 56 51 7 4 2 
7 1 44 42 53 9 7 0 
2 1 27 73 65 4 3 9 
4 7 67 58 28 7 3 9 
7 6 48 41 44 0 7 6 
9 5 27 40 84 3 0 4 
0 5 28 66 74 3 6 9 
4 9 47 42 25 2 6 4 
9 5 19 78 52 8 4 0 
6 6 47 59 54 8 1 5 
5 9 0 67 67 1 8 5 
5 4 3 42 52 9 8 7 
8 7 8 10 47 6 3 0 
9 9 38 31 59 5 7 1 
4 5 11 60 23 3 9 7 
1 1 43 45 0 9 8 8 
9 1 0 76 34 3 3 5 
4 5 0 44 50 0 7 7 
6 6 60 58 25 1 2 9 
6 1 27 64 74 4 3 1 
3 4 4 43 36 6 7 9 
3 2 12 61 40 8 8 7 
8 1 48 49 18 9 2 9 
4 9 21 28 54 9 1 3 
5 1 29 45 7 7 5 7 
4 5 16 37 28 5 5 7 
7 3 33 46 55 0 9 3 
0 1 21 0 55 9 8 9 
0 1 33 22 30 6 4 2 
5 5 19 45 54 3 6 5 
0 2 50 67 32 6 3 6 
3 3 15 40 25 1 5 2 
9 3 30 66 67 0 9 9 
5 4 51 66 19 5 2 9 
7 1 0 49 37 8 2 1 
2 5 39 54 30 9 3 4 
2 9 22 91 61 9 9 9 
3 4 14 26 30 1 1 6 
7 8 49 43 48 8 2 5 
4 9 27 70 52 5 0 7 
1 2 40 41 35 8 7 5 
8 8 58 43 91 5 2 0 
0 4 49 35 64 4 7 3 
9 9 19 46 7 8 0 9 
5 4 52 32 44 7 3 9 
5 8 32 46 16 3 9 3 
7 4 34 50 73 9 3 6 
2 7 18 44 49 0 3 0 
6 7 21 80 37 2 1 8 
7 9 27 55 13 8 1 9 
1 1 42 29 62 3 1 4 
6 3 64 59 39 8 1 3 
6 0 67 43 74 4 8 3 
