8 2100
1 0 44 43 77 4 2 2 
7 0 2 54 26 9 2 2 
0 4 10 46 62 8 8 9 
8 2 39 38 68 5 5 8 
9 8 38 36 68 2 1 2 
9 9 44 34 91 9 7 5 
9 7 40 25 26 9 1 2 
0 2 53 74 22 0 4 7 
0 7 27 52 27 7 2 4 
4 9 51 32 27 6 7 7 
9 3 52 93 42 5 2 9 
1 5 18 58 81 8 1 5 
2 0 23 63 74 1 7 8 
6 0 16 8 76 8 4 0 
9 6 6 42 17 1 8 4 
1 7 41 16 80 5 0 6 
6 9 1 49 54 9 4 2 
6 3 0 75 47 2 9 4 
0 1 67 48 43 7 7 6 
5 9 8 71 46 5 8 5 
7 8 17 49 88 0 7 4 
9 9 37 32 10 6 7 4 
1 3 60 49 47 5 1 8 
1 7 40 30 46 7 4 2 
2 5 18 71 7 0 7 7 
1 9 51 24 34 1 7 8 
7 9 0 62 49 6 2 6 
5 9 62 67 42 9 1 1 
6 9 34 68 14 7 5 2 
0 2 55 67 64 4 5 4 
1 5 22 30 39 9 4 0 
1 5 51 30 40 3 1 1 
4 8 27 44 38 1 8 3 
0 5 54 46 37 5 2 5 
2 4 35 31 44 7 9 1 
4 3 34 81 42 8 1 8 
4 3 13 57 33 1 6 6 
7 4 50 38 55 7 4 7 
0 9 45 37 48 3 7 3 
3 4 32 51 78 7 1 9 
2 5 77 68 47 1 4 7 
7 9 45 58 50 7 6 0 
9 2 23 38 66 1 7 4 
7 1 55 29 30 1 1 6 
4 1 2 60 27 1 8 8 
5 2 30 72 21 1 5 8 
9 4 42 37 57 3 7 5 
3 1 19 69 84 0 0 1 
4 1 23 25 62 9 8 6 
0 9 2 37 34 9 3 3 
5 7 38 32 41 6 4 2 
3 5 39 67 47 0 2 9 
0 5 37 78 65 7 6 4 
1 0 28 39 47 1 1 7 
9 1 22 39 45 1 0 8 
1 7 83 41 58 6 0 4 
8 9 76 18 73 6 7 6 
4 3 50 45 36 7 0 2 
7 3 11 75 46 1 5 8 
5 3 47 40 107 4 8 7 
5 7 27 66 71 5 5 5 
0 9 42 50 18 8 2 9 
5 3 32 26 48 7 6 3 
3 6 24 24 47 4 8 7 
7 3 44 23 38 9 9 7 
3 7 31 50 46 2 0 0 
5 4 18 33 48 9 2 4 
5 6 29 31 21 9 3 6 
5 2 29 52 50 3 5 0 
5 8 28 46 67 9 3 0 
0 8 20 38 84 7 4 5 
4 7 4 39 107 0 3 4 
6 6 0 66 19 2 9 2 
9 8 56 56 69 5 7 5 
1 8 43 56 20 8 0 6 
3 9 34 39 75 0 2 9 
4 2 19 44 54 5 2 7 
5 9 28 39 40 4 5 9 
1 1 30 18 45 7 7 0 
2 9 44 52 56 9 2 9 
9 1 0 41 79 5 6 3 
0 9 34 47 31 5 2 9 
9 8 47 47 23 3 8 8 
4 9 42 49 65 4 0 9 
1 5 28 27 64 1 2 3 
0 0 15 33 66 5 9 3 
4 5 21 79 51 2 8 3 
5 6 70 91 76 3 2 0 
3 2 40 53 23 2 8 8 
1 1 14 76 101 1 7 7 
8 8 31 44 82 4 9 7 
3 1 0 48 37 2 8 9 
7 5 6 1 28 5 6 3 
6 7 27 78 44 6 2 0 
3 0 70 61 65 1 5 7 
7 2 25 47 29 2 2 5 
7 5 36 59 11 8 0 1 
8 6 30 39 34 3 5 6 
5 9 56 30 56 4 2 2 
3 3 48 40 48 1 9 0 
9 0 22 59 41 1 5 0 
2 3 31 55 70 9 5 8 
7 7 12 39 53 0 2 0 
7 6 29 22 43 0 8 1 
2 0 26 21 54 0 8 8 
4 0 24 77 48 5 5 9 
4 0 30 84 11 8 9 7 
5 1 28 2 66 9 4 0 
3 3 65 86 55 6 5 0 
5 6 19 41 45 8 2 2 
7 5 23 11 46 4 6 1 
1 7 29 58 35 2 4 9 
4 9 37 77 43 8 2 9 
5 3 16 45 20 6 4 9 
5 6 78 32 38 3 6 7 
9 2 17 42 31 5 4 8 
4 3 29 44 68 6 1 6 
3 1 48 41 66 5 2 6 
7 2 26 56 54 1 8 4 
3 8 43 70 63 1 1 4 
9 2 20 90 84 0 8 4 
4 4 0 14 63 1 4 6 
2 4 39 58 76 8 3 7 
7 4 48 27 27 9 7 0 
1 6 9 59 79 8 2 4 
0 8 23 55 48 6 0 4 
1 5 7 30 33 4 9 9 
9 0 53 64 63 3 4 0 
7 1 26 72 16 8 1 9 
4 1 14 44 51 0 7 5 
2 4 0 96 24 4 4 3 
8 8 12 67 45 6 3 2 
7 7 34 58 97 0 5 9 
1 2 38 43 79 6 5 9 
0 5 61 53 52 3 2 7 
9 5 32 59 37 8 2 0 
7 6 39 44 87 4 4 9 
9 2 0 43 24 3 5 1 
4 7 15 28 53 0 3 6 
7 3 37 39 32 5 6 1 
7 6 19 43 51 1 7 1 
3 4 35 61 44 1 1 5 
1 2 52 51 27 5 1 9 
2 5 8 59 80 5 8 8 
9 6 25 31 41 6 7 0 
1 8 45 23 50 2 4 2 
3 2 4 69 39 0 7 2 
1 7 5 32 42 6 4 5 
0 5 39 91 44 0 3 0 
8 7 26 26 90 8 7 5 
5 4 15 30 31 5 6 7 
8 4 11 31 42 4 4 1 
5 7 2 69 57 5 2 4 
1 4 0 76 16 0 6 5 
3 9 24 57 6 2 5 1 
6 5 23 27 0 7 7 3 
9 8 0 41 56 3 7 5 
9 0 21 16 66 6 0 8 
6 4 15 27 36 5 7 8 
3 8 1 63 30 6 1 2 
6 1 10 84 52 4 5 9 
9 2 30 53 19 4 1 1 
0 5 71 63 28 6 8 9 
6 7 73 32 52 8 7 6 
6 0 67 55 50 7 0 8 
2 6 31 50 22 3 4 3 
0 0 37 60 81 8 0 9 
7 5 27 17 49 8 4 8 
8 1 11 69 39 6 8 3 
6 0 37 34 46 3 9 7 
1 4 44 44 60 9 6 6 
7 1 29 37 68 8 6 3 
1 8 38 70 46 2 4 4 
2 2 67 51 48 7 0 0 
1 1 4 60 23 1 4 6 
7 6 22 111 35 9 6 8 
1 8 7 43 85 0 9 4 
5 9 22 37 56 8 3 1 
9 9 49 79 6 2 6 6 
7 2 58 36 66 2 9 3 
7 2 15 45 42 2 8 2 
5 0 49 52 49 9 0 9 
3 0 66 67 36 0 3 8 
1 3 0 43 54 3 5 8 
0 2 27 38 82 0 3 2 
2 8 26 67 46 7 8 8 
7 2 23 73 20 1 6 1 
8 5 28 79 43 3 5 1 
0 2 32 37 73 0 0 2 
1 5 42 41 57 3 9 2 
1 3 54 11 70 8 9 7 
7 4 59 57 31 4 1 8 
1 5 64 29 50 4 9 0 
4 5 31 64 50 4 1 7 
5 1 21 45 1 5 4 3 
0 8 2 84 51 8 9 3 
1 1 0 47 83 0 2 8 
3 6 18 87 62 4 1 7 
0 0 14 42 21 8 6 8 
3 1 37 30 6 7 1 4 
1 2 22 70 20 6 7 0 
9 1 29 56 12 2 3 1 
6 6 27 20 42 6 3 5 
9 5 12 77 75 9 1 2 
6 7 45 1 36 6 6 9 
9 5 16 53 54 1 7 0 
7 6 0 21 52 7 3 3 
6 4 25 11 46 9 4 5 
6 1 37 58 25 4 3 8 
9 5 31 41 24 9 0 5 
8 2 25 80 54 7 5 3 
1 5 22 68 55 5 3 8 
9 9 26 87 26 7 2 1 
3 7 43 39 72 2 8 3 
2 6 0 62 51 3 2 2 
6 4 52 77 57 6 6 3 
3 7 16 63 34 4 2 6 
0 4 42 31 56 3 0 0 
5 3 8 50 93 1 4 2 
1 9 50 61 50 4 1 7 
2 7 28 33 22 3 2 4 
1 1 35 40 44 2 8 8 
9 8 0 45 74 4 2 0 
4 9 10 38 45 3 5 7 
3 8 8 49 83 7 8 3 
1 1 44 33 31 4 0 7 
2 0 26 62 58 2 6 8 
2 9 21 62 58 9 1 8 
1 4 0 30 27 5 5 9 
8 0 24 42 65 1 4 1 
7 7 36 68 22 7 6 5 
1 8 39 78 83 8 2 3 
6 4 10 57 54 7 4 8 
1 8 69 58 74 0 8 4 
0 8 36 46 27 6 9 0 
9 9 22 39 39 8 8 9 
5 5 20 66 75 9 2 4 
3 9 38 58 39 4 7 6 
0 5 17 50 32 7 1 7 
1 4 28 20 75 3 6 3 
9 3 38 23 52 0 1 5 
8 2 55 62 46 5 0 5 
9 7 57 47 23 5 6 0 
7 6 26 46 48 3 6 1 
5 7 70 34 41 4 5 1 
5 3 47 99 59 4 5 3 
2 9 27 32 22 2 5 7 
2 6 20 65 74 6 9 8 
0 0 52 47 56 0 2 1 
5 8 13 29 42 0 4 4 
6 5 47 23 40 3 4 6 
6 7 30 42 75 0 9 6 
2 4 46 4 59 5 2 5 
7 7 35 29 23 3 6 7 
8 4 46 64 50 6 1 2 
2 0 16 47 71 9 0 3 
3 0 34 36 32 8 4 3 
7 3 60 39 43 6 1 3 
1 5 30 67 69 1 5 0 
7 6 51 71 58 6 3 2 
2 8 79 59 41 6 9 6 
6 6 7 49 31 2 0 2 
4 2 51 30 52 6 3 9 
8 6 32 66 79 9 8 9 
3 3 19 53 28 5 3 8 
4 9 45 43 62 0 4 3 
5 1 13 22 57 6 2 8 
7 8 30 67 54 5 1 6 
9 0 67 49 18 6 7 3 
3 5 9 49 81 3 2 3 
7 9 68 50 51 2 8 7 
8 3 30 42 39 9 5 4 
9 7 20 101 42 1 1 8 
2 5 31 61 53 9 7 5 
9 1 20 39 54 0 5 2 
5 0 40 51 51 8 1 4 
7 2 55 15 59 1 6 0 
3 6 20 38 60 6 0 9 
4 7 12 39 51 0 1 6 
3 0 32 23 17 9 5 4 
7 2 4 11 12 8 9 2 
1 3 23 52 35 9 0 8 
6 9 27 53 28 8 2 8 
2 6 0 60 63 5 9 2 
7 6 53 41 33 7 3 0 
9 8 45 71 41 3 2 0 
9 2 45 47 63 2 2 6 
4 1 15 43 39 1 2 4 
5 3 0 39 49 7 3 6 
8 2 34 49 53 6 8 5 
9 1 44 59 47 2 6 2 
9 1 22 42 35 3 3 7 
4 9 55 55 56 3 6 8 
6 5 45 48 34 1 0 5 
7 5 34 75 46 5 8 8 
0 6 10 31 52 0 6 1 
0 6 52 89 48 3 7 6 
5 0 25 44 45 7 9 1 
2 1 5 51 47 0 0 1 
8 3 28 53 52 3 3 5 
6 8 21 6 9 4 8 5 
3 4 2 20 66 3 2 5 
9 7 47 40 46 0 4 9 
6 7 19 68 29 3 6 4 
7 4 19 77 35 6 5 6 
9 6 30 38 57 6 2 5 
2 5 24 56 72 2 3 6 
6 8 40 60 63 2 7 3 
9 6 43 63 59 9 3 2 
2 1 40 74 22 1 2 4 
1 8 31 41 62 1 5 6 
5 6 44 32 37 3 3 3 
4 1 63 63 87 1 5 9 
6 7 22 45 37 5 0 7 
5 4 29 42 21 1 1 4 
1 1 24 39 50 4 6 1 
7 1 17 78 76 9 1 6 
9 4 15 72 85 3 8 2 
9 7 53 37 60 9 0 3 
9 0 36 32 61 3 6 0 
8 1 42 66 46 6 2 0 
8 7 55 0 51 8 0 1 
9 4 10 57 52 4 4 4 
5 3 48 37 71 0 1 6 
9 3 51 47 19 4 2 6 
6 6 0 58 43 4 0 2 
4 8 9 65 42 3 3 3 
2 6 57 44 67 9 4 5 
9 4 26 66 62 5 6 4 
1 3 58 22 51 2 2 3 
4 7 28 55 34 5 5 5 
7 3 1 53 22 0 4 3 
0 5 7 35 38 2 8 5 
3 7 25 62 26 4 4 2 
2 4 78 55 6 3 6 1 
9 6 43 66 59 3 6 2 
2 7 33 47 48 8 6 2 
6 5 15 5 52 0 8 1 
7 3 51 48 32 9 5 5 
0 6 0 78 60 7 3 0 
5 6 24 35 45 3 0 7 
7 0 53 15 36 4 1 6 
2 1 0 48 62 3 2 1 
0 2 31 37 42 9 5 2 
2 7 5 61 48 5 5 9 
7 0 4 52 49 3 7 9 
7 9 19 71 47 8 0 6 
5 4 13 47 53 2 4 3 
3 9 11 64 1 2 4 1 
9 2 43 79 68 7 9 8 
8 2 17 82 37 9 5 8 
2 2 24 67 64 3 6 4 
9 3 24 61 63 6 2 7 
0 6 24 63 23 1 4 9 
5 1 2 61 65 9 9 8 
1 7 4 49 59 7 2 8 
8 2 34 33 49 0 8 2 
6 2 16 33 57 0 7 0 
7 1 43 63 42 9 3 1 
6 8 26 30 17 1 8 1 
5 8 14 51 74 9 5 0 
3 5 24 40 32 8 7 8 
3 6 18 36 42 0 4 7 
3 2 33 58 48 6 0 8 
4 4 79 48 14 2 7 3 
9 1 40 36 59 7 1 3 
1 3 16 31 33 0 5 4 
4 9 63 65 42 0 7 7 
5 8 0 86 59 5 7 6 
4 3 12 27 46 8 0 1 
2 2 15 50 55 8 8 9 
0 9 54 46 55 1 8 0 
2 8 48 48 108 6 3 1 
9 7 20 36 16 0 9 6 
0 7 0 42 84 1 8 7 
9 2 0 16 36 9 2 6 
7 1 52 26 65 1 3 5 
2 9 27 49 52 8 0 7 
7 3 34 43 64 5 2 8 
0 4 50 55 32 7 3 2 
5 7 13 34 60 9 4 4 
4 7 62 68 53 3 1 0 
8 8 62 29 64 8 4 9 
9 6 28 67 51 8 8 9 
9 1 8 54 29 4 3 5 
5 6 12 39 40 1 8 0 
8 5 39 27 18 5 5 3 
9 4 39 45 30 2 8 0 
9 0 24 47 53 1 9 3 
3 1 45 52 75 6 7 3 
0 9 46 70 44 9 9 0 
8 2 0 44 49 5 1 5 
2 0 34 59 52 1 7 9 
4 1 44 22 8 0 9 7 
5 5 54 85 68 4 2 0 
5 8 28 35 19 7 6 0 
8 6 1 46 69 1 3 0 
0 5 33 60 51 1 0 5 
3 2 42 14 63 0 6 3 
1 2 9 42 46 3 6 3 
7 5 42 60 49 9 0 3 
2 9 89 61 58 1 4 2 
7 1 48 27 75 2 2 7 
7 8 23 50 59 2 8 3 
7 3 22 40 55 8 2 2 
8 0 35 55 49 7 8 2 
6 8 65 24 43 8 1 8 
1 3 33 71 70 4 6 2 
9 7 12 35 35 3 9 1 
3 7 57 33 69 2 0 1 
5 3 25 63 42 2 1 3 
6 6 15 42 42 0 2 3 
0 2 32 63 95 0 9 9 
5 7 51 88 20 2 1 2 
9 7 27 43 30 5 7 7 
3 2 30 62 52 9 1 3 
3 6 39 65 12 4 2 2 
1 0 40 36 67 2 8 7 
0 0 30 45 32 0 3 5 
4 1 15 98 11 2 9 2 
4 2 14 85 27 1 1 8 
2 8 63 2 50 2 9 8 
4 0 23 41 41 8 4 7 
7 7 21 24 50 6 0 8 
5 5 53 49 25 8 5 2 
6 6 38 61 71 7 3 8 
9 2 58 51 34 8 5 1 
4 1 62 64 34 0 5 0 
4 3 0 80 100 2 0 9 
3 7 13 30 20 0 4 9 
0 0 44 59 41 1 4 0 
1 1 12 33 40 1 1 8 
5 8 54 51 52 9 4 1 
8 5 51 51 50 8 2 3 
3 5 61 86 63 7 8 4 
5 5 20 44 49 2 2 2 
1 0 31 102 70 9 9 5 
0 4 12 35 41 0 5 9 
0 7 4 24 34 9 2 2 
4 3 12 31 13 7 2 2 
4 6 23 58 35 1 0 0 
1 1 65 48 24 3 4 0 
1 8 42 76 55 5 1 6 
8 0 13 55 47 8 5 2 
4 6 29 73 65 5 3 9 
4 8 29 70 69 0 4 1 
9 2 31 48 27 4 0 8 
2 5 36 1 30 5 7 0 
6 7 0 36 26 6 4 5 
5 1 24 36 41 6 3 6 
0 2 12 29 48 2 9 3 
8 8 44 42 39 0 2 5 
6 3 29 51 65 4 2 0 
4 6 47 50 29 1 5 4 
8 8 23 27 61 4 0 1 
9 0 17 17 44 3 1 1 
5 2 21 40 73 9 3 0 
5 1 30 19 33 0 6 8 
5 1 25 50 70 0 1 6 
8 3 41 30 22 7 6 5 
6 5 18 55 13 2 7 7 
7 1 19 50 40 4 8 3 
6 2 58 22 65 7 0 0 
7 3 48 28 35 0 0 4 
9 3 71 6 59 1 8 5 
0 5 16 48 29 0 7 9 
7 0 76 58 65 9 4 8 
5 9 1 61 60 7 0 1 
1 7 38 36 85 7 7 3 
4 6 26 36 54 0 4 5 
4 8 46 102 23 7 4 0 
6 3 41 49 48 8 3 7 
3 3 18 73 28 1 2 1 
4 7 10 51 80 3 8 4 
7 3 28 88 38 3 4 7 
1 5 39 49 0 1 8 2 
7 6 56 18 34 9 5 7 
6 8 28 28 44 3 6 4 
9 8 27 44 43 4 0 7 
3 6 10 67 28 9 9 4 
7 2 75 69 50 7 2 0 
1 6 43 46 27 9 9 0 
0 2 39 50 35 7 3 1 
7 5 11 37 15 2 3 9 
7 6 33 54 35 2 1 9 
5 2 30 70 63 3 9 7 
0 4 33 67 65 4 4 9 
6 8 12 51 25 7 1 4 
2 4 52 51 12 3 6 0 
7 2 23 89 62 5 6 7 
4 3 38 37 48 0 0 8 
8 8 53 59 67 6 7 1 
6 7 29 65 82 6 9 6 
8 9 13 0 52 8 9 8 
6 0 22 26 28 6 3 8 
7 7 25 50 11 3 3 0 
9 3 0 13 50 1 0 4 
3 0 28 81 36 7 9 0 
6 6 42 29 21 2 8 5 
8 6 31 51 84 4 6 8 
6 2 34 53 31 0 1 2 
3 8 54 68 42 3 9 0 
9 7 31 47 38 2 9 0 
2 1 27 62 35 5 9 0 
8 5 21 67 37 6 4 4 
7 7 34 58 63 3 6 5 
2 9 8 11 59 9 1 2 
5 8 0 38 23 6 8 3 
5 4 19 14 40 3 8 0 
8 4 27 61 43 9 9 4 
6 1 22 48 46 5 4 1 
1 2 72 43 8 0 3 0 
6 5 42 59 74 3 6 8 
5 6 45 74 21 5 9 9 
4 8 45 45 36 0 6 4 
4 2 25 28 52 7 5 4 
8 2 14 43 59 7 1 1 
2 4 12 51 46 2 0 8 
6 1 31 32 69 5 8 7 
1 4 64 61 54 2 6 0 
4 9 44 26 55 4 0 3 
2 0 69 54 44 3 5 1 
8 6 0 61 58 3 4 3 
7 1 36 19 41 9 9 1 
5 9 55 31 71 9 1 5 
2 2 13 32 19 0 0 0 
7 2 26 48 71 2 1 7 
4 5 4 66 22 5 2 1 
0 7 12 68 35 0 1 1 
5 9 3 71 72 0 2 0 
3 8 13 40 77 8 2 2 
4 8 38 74 22 0 7 5 
5 4 25 86 52 9 3 7 
2 0 34 41 44 5 2 9 
9 1 37 59 90 3 9 0 
8 0 48 26 69 2 5 3 
9 1 0 70 73 9 7 2 
3 3 0 43 13 6 7 9 
5 8 15 30 50 9 5 3 
3 2 69 19 47 1 5 6 
8 2 47 71 63 6 9 7 
6 5 6 51 60 5 1 4 
5 2 45 54 50 0 5 3 
2 5 28 0 50 9 1 1 
3 9 27 40 76 7 4 5 
2 0 63 12 58 9 9 6 
1 1 2 58 36 2 7 8 
4 6 52 41 63 3 4 9 
3 0 48 47 54 6 3 8 
6 1 0 58 34 7 3 5 
9 3 44 24 45 4 4 5 
8 3 39 78 64 8 2 6 
0 2 52 62 45 0 4 3 
3 6 83 43 27 6 5 1 
5 1 26 56 101 4 7 9 
9 3 71 44 50 6 5 7 
7 9 53 60 20 6 1 1 
2 7 35 37 30 2 3 4 
8 7 0 65 74 5 0 2 
1 0 13 54 84 3 2 6 
3 5 20 75 74 5 2 5 
4 1 25 69 62 8 4 8 
3 0 60 44 43 5 1 1 
0 7 3 44 63 2 5 6 
4 9 47 43 77 5 4 0 
3 7 0 15 49 0 1 9 
6 6 32 49 92 8 1 5 
2 7 62 76 45 8 4 8 
5 0 0 37 26 3 3 5 
0 4 27 80 94 9 2 4 
8 6 43 33 78 3 8 4 
7 9 39 40 105 1 8 6 
1 5 12 28 50 1 3 9 
0 5 38 71 59 4 1 4 
9 4 9 50 60 9 7 3 
5 7 33 27 75 4 3 3 
8 2 40 63 58 9 0 2 
3 0 6 48 68 6 0 8 
5 7 0 53 35 7 7 4 
3 1 18 43 30 3 9 9 
1 3 21 39 47 4 8 2 
4 7 28 59 51 3 2 4 
2 6 13 45 53 6 7 1 
6 4 0 29 70 3 4 5 
0 9 36 54 14 9 2 5 
4 7 39 48 40 7 8 9 
0 7 34 67 38 7 6 7 
7 5 9 50 41 1 8 3 
0 1 81 35 84 0 5 7 
5 8 57 68 15 0 7 5 
8 9 8 51 61 0 2 4 
5 9 34 48 79 0 4 7 
0 8 38 46 90 4 2 0 
8 5 41 15 36 1 9 3 
8 8 69 42 40 1 9 0 
8 4 0 45 24 7 2 4 
7 3 13 45 36 1 4 0 
6 4 16 77 79 2 9 9 
8 7 33 62 47 4 4 6 
8 8 8 63 80 7 4 7 
0 9 47 75 76 4 0 1 
5 7 46 62 29 9 5 4 
7 7 8 70 24 4 5 7 
0 2 33 37 53 3 2 9 
6 1 54 31 64 4 4 3 
9 8 9 3 66 1 6 9 
5 8 0 70 76 3 4 3 
4 8 0 64 83 3 1 0 
2 4 29 0 32 2 6 5 
8 7 0 91 86 3 1 6 
2 1 72 33 56 9 9 2 
1 8 68 68 52 2 3 3 
3 2 19 54 28 3 0 7 
4 1 36 35 94 0 3 1 
7 7 12 32 28 7 8 0 
7 6 12 69 66 9 3 6 
1 3 27 52 35 4 6 9 
7 6 32 39 60 2 0 5 
8 0 29 56 96 8 9 0 
0 6 27 88 12 1 5 8 
2 2 43 42 44 9 7 5 
3 1 1 63 28 1 3 7 
7 5 41 52 52 5 5 7 
1 5 48 48 52 2 0 6 
4 3 41 48 47 8 6 1 
0 8 15 17 30 7 7 1 
9 3 46 84 58 9 6 7 
5 1 22 55 69 8 7 1 
9 6 0 46 46 0 8 6 
8 9 49 62 19 0 4 7 
2 1 18 45 38 2 8 3 
2 5 24 39 45 0 9 9 
6 7 25 43 52 7 9 5 
8 2 43 79 52 6 2 4 
5 3 43 24 35 9 7 6 
5 1 34 5 83 9 9 2 
6 1 29 45 56 8 9 3 
7 4 33 39 32 9 0 9 
8 4 47 25 81 6 5 1 
7 7 7 54 56 6 6 9 
2 1 66 50 78 6 5 8 
8 2 2 65 64 7 9 9 
3 8 33 60 80 5 7 0 
5 6 20 67 68 4 7 4 
8 7 9 75 36 7 2 0 
1 2 32 43 47 5 2 3 
2 7 39 62 56 5 3 3 
0 0 36 14 64 2 9 0 
4 1 25 0 30 6 9 0 
3 1 14 83 28 9 1 8 
2 2 59 54 44 9 4 5 
6 0 49 39 41 8 2 9 
7 2 31 57 47 4 0 4 
3 1 32 49 62 9 8 5 
7 6 44 47 30 3 1 0 
2 2 20 73 6 9 9 3 
2 2 13 51 68 1 2 5 
9 5 30 67 68 9 3 5 
8 2 9 25 63 2 8 2 
9 3 39 74 94 2 9 3 
4 9 30 81 78 5 5 3 
9 8 4 61 41 8 7 4 
3 0 7 44 35 5 5 3 
9 6 0 85 9 1 9 9 
0 5 19 53 70 6 3 7 
6 8 22 77 61 2 1 3 
2 7 44 47 72 8 6 0 
2 9 23 88 82 5 6 9 
1 9 38 51 35 3 5 6 
2 5 43 24 37 6 9 9 
3 0 27 38 70 9 4 6 
5 6 16 57 80 0 3 8 
4 9 39 40 47 2 1 9 
4 2 40 45 24 5 3 8 
7 0 23 54 62 4 7 9 
2 2 6 46 23 2 5 8 
9 3 49 84 46 3 5 4 
5 3 36 27 70 4 2 3 
2 2 41 47 29 8 2 3 
1 4 21 74 41 3 5 3 
3 3 51 51 28 9 3 4 
4 1 75 37 55 7 1 3 
7 1 16 68 20 5 2 6 
0 6 8 38 85 2 2 8 
1 3 36 84 40 8 5 7 
5 6 33 52 29 4 3 9 
8 8 5 67 77 3 7 9 
0 5 53 40 19 9 9 8 
8 7 58 62 20 3 3 4 
6 3 42 57 35 5 3 1 
6 7 0 57 71 1 0 7 
8 7 0 46 54 9 2 2 
6 8 24 44 34 8 2 1 
6 9 46 52 34 5 7 2 
4 3 0 38 49 3 6 3 
5 7 29 60 42 1 8 0 
7 2 46 31 55 0 9 3 
9 3 50 55 8 1 2 7 
3 6 0 83 4 0 4 3 
8 9 12 68 62 3 6 5 
8 9 8 16 34 6 4 4 
9 7 23 32 62 6 9 2 
7 4 20 87 61 6 4 1 
7 4 37 62 41 9 3 2 
4 3 35 59 39 7 2 1 
0 6 44 64 45 4 5 8 
0 3 72 55 77 9 5 2 
7 4 40 77 56 6 1 7 
2 4 29 64 52 7 9 2 
5 6 64 62 61 7 0 4 
3 6 58 80 45 1 1 5 
8 9 19 69 87 0 2 8 
2 1 23 45 33 6 2 8 
2 1 16 51 54 3 2 4 
3 6 61 44 19 3 4 2 
7 7 19 33 51 0 4 0 
8 5 27 43 18 6 8 2 
1 6 45 62 75 9 1 8 
0 6 36 41 40 8 2 5 
6 4 0 81 59 8 2 6 
4 2 49 43 48 9 8 9 
8 0 51 84 76 2 2 5 
8 2 31 68 45 5 0 1 
1 6 17 27 54 5 3 8 
8 7 43 58 48 1 5 8 
6 2 47 56 39 0 8 3 
8 3 45 54 48 0 1 9 
9 5 44 51 18 3 0 5 
5 0 49 82 68 2 4 8 
7 4 30 36 40 4 4 7 
0 8 4 48 59 2 9 8 
6 0 26 37 95 7 3 9 
3 5 36 71 24 1 0 6 
7 7 56 67 19 7 6 9 
3 9 6 16 52 6 5 6 
3 2 67 0 33 9 2 4 
1 1 14 0 25 1 0 0 
7 2 0 47 37 7 2 9 
7 5 6 67 61 5 6 6 
7 7 27 28 67 9 8 4 
5 2 48 53 91 9 3 9 
8 7 34 41 84 1 5 9 
4 7 81 64 71 9 9 6 
4 3 38 42 2 5 0 7 
9 3 7 74 34 2 5 6 
4 0 56 67 33 9 2 4 
2 4 6 80 15 7 6 5 
9 3 10 71 82 8 7 5 
5 9 53 51 61 4 6 0 
1 7 37 31 51 4 5 0 
5 3 0 43 23 8 9 4 
3 5 66 58 54 9 9 6 
3 0 8 54 45 2 9 2 
9 8 35 41 50 3 6 6 
5 7 3 42 40 1 1 2 
7 5 5 37 29 5 8 3 
1 1 36 43 57 0 6 0 
7 3 4 88 31 8 7 1 
6 5 11 89 7 1 3 8 
8 5 36 31 15 2 5 8 
4 2 23 42 74 0 5 6 
7 7 27 30 51 4 2 3 
0 1 31 76 50 2 4 8 
5 5 36 68 44 9 9 1 
6 6 11 50 17 3 2 0 
7 2 23 33 55 4 2 8 
3 3 24 67 51 4 3 5 
3 1 17 59 59 2 9 5 
4 7 12 58 58 9 9 7 
3 5 48 29 50 0 6 6 
8 4 40 81 56 1 0 5 
9 5 39 77 102 3 6 3 
5 4 27 41 68 9 3 6 
9 4 32 31 80 5 3 7 
7 1 36 45 71 7 0 8 
2 6 57 105 66 7 5 7 
6 4 20 77 61 2 4 7 
5 2 19 19 64 9 7 7 
3 5 9 18 45 6 4 0 
9 7 12 52 77 0 3 9 
7 3 54 52 81 3 4 8 
4 4 21 39 59 1 8 4 
6 6 11 34 61 4 6 6 
8 2 24 44 41 3 9 7 
9 0 26 43 62 4 9 9 
5 2 38 37 81 5 8 0 
0 0 19 39 54 0 0 7 
3 6 45 39 20 3 5 7 
9 4 33 56 80 7 6 4 
9 1 60 27 40 9 8 8 
9 5 15 19 37 8 0 6 
2 2 5 54 67 6 8 3 
4 8 25 33 49 1 3 7 
7 1 70 66 64 3 0 1 
7 5 18 21 48 3 9 0 
8 3 21 61 62 4 7 8 
2 7 49 70 56 2 1 5 
5 7 0 38 42 6 0 8 
9 6 47 40 30 4 9 6 
3 9 13 19 59 2 8 2 
2 2 0 80 21 4 1 2 
7 5 75 23 42 7 7 7 
1 6 58 47 59 5 9 2 
6 1 45 77 70 8 4 3 
1 6 19 81 75 0 6 9 
6 2 40 53 31 2 9 5 
7 6 9 23 34 8 8 4 
3 5 41 29 66 0 6 5 
8 5 9 57 53 8 4 2 
9 7 32 31 43 5 3 6 
7 7 28 40 14 8 4 4 
5 9 18 35 51 1 4 1 
6 4 6 26 54 1 9 7 
8 4 0 92 21 8 2 1 
8 0 9 63 48 7 3 2 
8 8 24 45 49 7 6 5 
6 3 0 82 47 0 0 0 
1 2 31 36 13 4 6 9 
6 0 38 39 22 4 4 3 
5 1 33 76 46 3 8 9 
9 0 0 26 68 7 9 6 
8 4 28 33 68 4 6 6 
7 8 27 71 56 9 0 5 
6 4 60 35 73 5 0 8 
7 1 66 36 60 1 8 9 
4 1 43 45 43 8 4 5 
4 5 29 47 26 2 0 1 
1 6 3 59 48 8 8 0 
5 5 50 68 43 3 7 7 
7 4 26 66 14 0 2 4 
3 8 6 24 71 5 7 0 
8 9 59 44 44 2 0 8 
4 5 51 70 49 4 7 5 
5 1 42 42 40 8 4 9 
8 1 22 38 43 8 9 9 
7 0 43 56 0 8 1 6 
7 6 6 50 50 2 6 2 
2 3 11 49 55 5 1 7 
5 7 0 55 18 1 0 4 
4 4 46 45 28 0 5 7 
4 1 25 66 64 4 1 5 
6 4 7 66 40 0 7 0 
0 1 47 48 43 3 7 3 
7 1 71 59 47 6 9 3 
9 4 46 42 27 5 0 6 
4 2 27 38 19 8 4 0 
9 0 30 23 83 8 6 0 
5 6 2 26 97 7 0 0 
5 6 37 12 70 6 3 2 
1 5 42 25 73 1 7 2 
9 9 35 76 39 4 8 4 
7 3 9 32 70 8 6 4 
2 1 48 37 26 4 0 6 
6 5 0 53 38 7 0 2 
3 0 66 37 42 3 6 1 
6 1 25 19 22 3 8 5 
3 2 56 44 8 2 6 8 
3 8 50 63 39 1 1 0 
6 3 27 60 21 2 6 6 
4 8 63 52 34 1 8 3 
8 6 17 43 70 4 5 1 
7 1 15 57 58 3 5 3 
9 2 33 65 53 0 9 0 
5 0 27 65 35 4 2 9 
8 0 0 46 35 0 5 3 
8 2 41 44 8 4 6 0 
7 8 32 66 82 5 1 1 
5 9 51 31 65 3 3 3 
4 2 22 44 40 8 1 5 
0 1 54 90 53 3 9 3 
4 8 12 63 81 5 7 1 
7 3 19 51 42 1 4 8 
0 4 38 85 64 2 3 2 
1 2 43 38 80 6 2 3 
6 9 3 44 15 3 5 6 
9 4 9 70 45 4 6 5 
1 7 21 25 48 3 9 3 
2 1 18 70 82 5 4 2 
1 8 21 6 37 2 1 8 
1 3 8 44 40 2 8 3 
4 6 34 53 28 4 4 3 
7 6 0 65 40 2 0 1 
9 7 43 20 31 8 8 4 
4 0 22 71 39 2 0 3 
9 3 38 75 40 7 5 4 
7 8 16 95 43 4 5 0 
9 5 40 39 53 5 0 5 
5 0 47 68 56 2 6 7 
2 8 27 75 85 8 7 3 
7 3 11 35 75 2 4 5 
4 2 45 30 77 8 8 3 
5 0 49 30 44 6 6 0 
4 4 27 56 37 0 0 7 
9 7 56 18 36 6 3 8 
7 4 43 41 70 2 3 3 
5 1 85 37 18 2 1 0 
6 9 17 15 43 3 7 3 
9 2 21 21 65 3 6 9 
4 2 17 65 33 5 9 8 
9 4 10 43 84 9 8 2 
4 8 44 54 80 1 6 6 
6 9 23 50 72 5 6 7 
4 3 0 39 40 4 9 8 
7 3 18 83 50 2 2 8 
3 1 0 37 34 5 2 1 
2 2 23 28 7 2 4 5 
9 2 38 22 58 2 4 5 
4 4 65 41 50 3 8 6 
4 3 39 23 37 5 1 4 
4 9 28 42 76 5 3 1 
1 9 41 49 47 1 8 7 
4 5 36 73 13 1 0 7 
4 4 73 70 50 0 8 9 
3 0 50 38 13 9 0 0 
1 7 51 58 51 0 0 0 
0 5 9 72 73 3 2 4 
1 2 64 43 75 4 2 8 
5 3 18 51 67 3 0 8 
6 9 3 59 26 9 2 8 
0 3 31 71 49 8 1 3 
0 5 12 60 55 3 1 9 
8 0 24 54 88 3 0 7 
4 9 2 56 85 3 2 1 
1 4 25 63 0 7 8 2 
7 0 46 47 35 0 7 1 
8 2 40 60 63 2 5 8 
9 8 16 62 52 9 6 4 
5 2 43 16 51 1 0 0 
8 5 21 58 32 6 5 8 
7 9 31 76 72 9 8 8 
8 0 0 45 95 7 8 2 
3 6 36 58 53 2 0 0 
9 1 35 61 77 5 7 7 
7 8 22 14 46 7 6 3 
9 3 26 25 26 1 3 8 
5 5 38 72 20 6 1 6 
8 5 15 24 66 3 2 8 
2 7 46 38 28 8 8 0 
1 3 7 14 35 2 7 1 
5 5 5 57 68 4 0 6 
1 4 13 70 38 8 1 5 
3 6 21 34 17 5 0 2 
5 5 41 54 55 6 0 4 
2 5 21 20 35 3 2 2 
0 5 49 38 47 5 2 2 
8 9 6 31 33 2 5 7 
2 9 32 55 23 2 4 1 
4 6 7 49 66 7 6 7 
7 4 38 51 17 7 0 6 
1 5 30 42 53 8 8 5 
9 3 8 86 84 9 6 0 
6 4 38 70 57 4 6 7 
2 1 41 33 56 7 6 4 
9 5 28 38 21 4 3 6 
8 3 15 41 20 8 0 2 
0 2 13 67 51 6 0 6 
4 3 33 60 43 3 1 8 
3 0 14 52 57 1 0 1 
6 1 62 46 57 1 1 8 
9 8 58 45 41 7 4 5 
0 4 53 41 63 0 5 8 
1 4 38 39 20 8 4 9 
1 4 41 46 98 7 9 4 
8 4 24 57 48 6 5 1 
0 9 13 71 72 0 7 4 
6 4 2 53 53 1 9 3 
9 9 40 26 78 7 9 4 
4 7 4 66 43 5 0 1 
5 0 26 62 70 2 3 1 
4 0 23 39 54 1 5 5 
7 7 41 65 49 6 2 0 
1 0 34 33 36 7 0 0 
6 7 27 37 61 1 3 9 
4 5 0 42 57 4 1 9 
9 7 0 83 55 4 3 9 
8 5 3 63 60 6 0 8 
9 3 26 93 29 9 7 7 
1 4 79 32 50 7 7 0 
6 9 58 73 74 8 0 7 
1 8 52 31 57 9 7 1 
4 6 50 62 41 6 5 9 
4 6 57 80 76 3 0 4 
4 2 32 50 64 4 4 8 
0 7 30 32 26 9 6 2 
7 1 23 23 67 3 3 2 
8 4 41 38 37 6 3 0 
2 5 18 46 83 9 9 9 
9 9 76 29 33 5 8 6 
7 8 54 29 69 3 1 2 
9 0 51 42 101 6 3 4 
2 5 17 51 78 9 6 0 
1 3 50 46 61 1 0 8 
9 1 43 46 35 5 1 6 
3 6 28 57 57 0 7 2 
8 1 26 49 75 8 7 2 
4 9 65 40 40 7 9 9 
6 4 31 63 44 8 7 2 
7 9 53 29 31 3 4 4 
4 2 16 83 54 3 9 0 
2 9 24 38 81 0 3 7 
0 2 68 41 40 8 1 6 
0 5 5 45 53 9 2 2 
5 5 30 57 51 0 6 8 
4 5 26 75 34 7 5 5 
2 1 68 73 30 0 2 5 
9 2 41 45 44 7 4 1 
7 2 14 28 57 8 6 1 
4 1 65 50 40 3 7 4 
8 7 8 66 56 5 1 4 
9 7 51 51 66 5 9 7 
0 4 49 57 66 4 6 6 
7 5 0 52 58 7 2 1 
6 7 0 54 73 7 0 2 
3 3 32 38 43 6 4 4 
5 2 25 63 0 0 5 9 
5 3 26 43 59 7 2 8 
3 0 23 69 73 5 1 1 
2 0 32 43 60 6 9 0 
5 5 20 32 55 1 8 3 
9 3 14 89 50 6 2 1 
6 9 47 66 58 4 8 0 
6 1 16 52 30 9 7 0 
6 4 20 69 103 4 5 0 
6 1 24 47 27 7 4 3 
9 9 7 37 7 1 3 9 
1 3 13 31 97 0 7 9 
5 9 33 57 58 3 9 9 
0 4 10 64 17 5 1 0 
1 2 0 60 34 7 8 5 
0 6 0 21 59 2 1 6 
9 7 0 64 27 6 4 7 
4 8 58 58 54 7 8 6 
8 1 32 30 42 4 6 4 
7 2 0 27 60 6 3 8 
1 8 19 64 57 2 7 8 
5 7 0 60 35 7 7 0 
4 9 41 57 31 4 2 9 
2 8 49 53 39 4 4 7 
0 6 41 50 59 1 3 7 
4 5 0 60 83 4 8 4 
1 6 64 75 19 7 4 5 
3 8 42 69 45 9 8 5 
2 8 27 68 48 1 7 8 
3 3 28 44 88 7 2 7 
9 6 55 61 60 0 3 8 
2 3 13 47 37 3 7 8 
4 4 27 33 53 7 5 5 
1 5 7 54 52 0 3 3 
8 3 12 39 42 9 9 9 
9 4 46 68 39 1 4 8 
8 1 28 27 50 6 5 3 
8 0 25 55 83 3 5 0 
2 3 20 24 38 2 1 6 
3 0 35 63 61 8 0 7 
2 2 44 72 68 0 0 9 
8 0 7 65 44 5 5 2 
5 2 42 37 66 6 9 9 
8 7 50 69 23 4 6 0 
1 3 36 40 52 6 2 0 
2 8 47 28 67 2 6 5 
7 6 14 68 63 8 4 6 
5 1 38 76 77 6 5 1 
6 6 34 29 40 3 5 4 
8 0 10 60 30 4 6 5 
8 4 40 21 53 7 5 6 
6 3 27 71 33 7 2 0 
2 0 4 39 38 4 6 4 
9 1 20 49 29 8 4 4 
2 7 51 47 15 8 8 8 
0 2 56 43 33 0 1 5 
7 3 15 70 46 1 8 7 
6 2 29 37 60 9 8 2 
1 3 0 66 41 0 9 9 
9 9 48 46 48 1 5 6 
1 0 70 82 71 2 3 7 
1 5 0 74 55 7 5 3 
6 1 26 69 72 7 0 7 
8 5 14 38 47 1 2 8 
4 6 39 35 63 8 0 5 
9 9 15 74 43 6 9 8 
3 4 65 61 64 8 3 6 
5 1 39 61 73 2 1 8 
7 7 49 53 63 3 3 5 
0 1 71 71 26 7 6 2 
5 0 17 65 32 0 1 3 
6 5 63 53 50 2 6 6 
6 8 65 72 63 1 8 8 
1 9 18 0 44 2 1 8 
0 8 68 46 51 4 5 0 
4 5 0 35 34 5 7 8 
9 5 36 95 51 8 9 1 
7 6 46 30 42 9 9 1 
9 0 27 35 75 7 3 5 
2 2 2 39 52 2 0 4 
4 3 45 51 50 4 3 6 
3 5 16 57 34 4 5 0 
4 6 45 49 49 5 5 9 
5 5 46 40 54 3 8 7 
3 9 7 57 54 5 2 3 
8 5 33 49 47 5 0 4 
7 3 47 60 58 4 9 6 
7 5 44 42 54 5 5 2 
9 6 39 56 30 2 7 2 
9 1 27 67 36 0 2 2 
5 0 38 31 35 9 5 4 
1 8 30 0 40 6 0 9 
9 2 46 48 0 2 2 7 
6 6 17 53 79 2 8 0 
6 9 25 59 50 9 2 1 
2 8 33 27 32 7 1 7 
1 4 40 27 4 1 9 3 
7 7 42 9 99 0 0 0 
8 0 36 76 57 2 1 8 
9 2 69 52 39 1 9 6 
4 1 9 97 12 5 3 2 
1 4 36 31 46 5 1 6 
3 5 11 25 45 1 4 1 
0 4 42 54 85 5 1 0 
2 1 7 56 34 9 0 9 
8 4 13 16 62 5 7 6 
9 0 35 74 60 4 9 0 
9 6 0 75 68 7 9 0 
0 1 54 17 48 5 8 4 
3 3 8 85 58 6 2 3 
8 6 17 48 52 5 4 7 
4 4 6 35 88 0 7 7 
2 5 21 28 63 1 9 5 
4 0 17 30 46 6 7 9 
0 4 34 42 63 2 1 7 
8 1 54 28 80 7 6 3 
7 4 12 53 85 7 6 6 
6 6 17 40 24 6 3 9 
0 2 16 43 30 8 2 4 
6 3 0 76 47 8 4 6 
5 3 22 26 33 3 7 7 
9 6 10 47 31 6 3 8 
1 6 34 45 51 2 8 0 
5 5 35 51 20 2 9 9 
0 8 33 68 75 6 0 5 
2 2 42 14 54 7 9 2 
7 8 28 12 73 2 1 7 
8 3 43 24 74 4 2 6 
2 0 20 48 42 2 9 8 
0 4 0 18 38 0 7 8 
8 3 2 25 68 1 9 3 
5 1 32 64 79 5 4 5 
3 2 0 80 32 2 5 7 
9 5 34 34 55 2 8 6 
6 2 23 50 60 1 5 1 
4 7 36 45 34 6 3 6 
8 6 25 77 69 7 8 0 
1 3 7 8 45 4 1 0 
1 9 6 42 69 6 2 6 
1 7 53 65 28 4 4 7 
1 6 36 43 50 4 5 4 
4 0 26 62 16 9 5 5 
0 5 36 15 20 0 8 3 
4 1 39 59 51 1 7 9 
4 6 50 71 42 7 8 0 
0 5 12 65 60 8 4 1 
7 5 10 6 73 3 6 9 
1 3 20 62 25 3 9 2 
8 0 28 56 47 2 6 3 
9 2 9 27 16 9 4 5 
8 7 44 44 47 6 1 0 
9 7 66 23 19 0 7 3 
8 3 43 44 45 9 0 2 
4 6 19 38 51 0 2 7 
0 0 28 55 37 1 8 2 
2 2 66 57 21 6 6 0 
2 6 39 42 33 7 0 7 
7 1 7 67 23 0 2 0 
9 2 14 4 86 0 8 1 
4 9 42 54 73 0 2 7 
3 0 19 63 61 1 0 0 
1 8 57 24 61 4 6 1 
2 5 0 29 62 7 8 9 
3 1 39 59 32 9 5 0 
3 8 5 27 38 2 0 6 
2 2 36 4 10 5 1 8 
7 6 26 63 84 6 0 4 
9 5 32 54 89 8 8 5 
1 4 10 56 35 2 8 5 
0 8 58 37 60 8 4 2 
4 9 73 40 62 0 7 4 
2 5 31 44 33 4 8 7 
9 9 46 67 56 8 0 7 
8 0 38 62 63 7 3 7 
7 7 16 50 91 2 5 6 
3 7 38 22 72 8 1 1 
4 4 43 41 53 2 3 3 
7 1 13 51 64 3 5 3 
2 8 13 66 20 9 5 2 
1 5 0 43 97 7 3 3 
1 0 36 72 68 9 7 2 
2 0 35 41 25 3 3 1 
4 8 12 78 61 8 7 4 
3 9 40 11 54 5 0 8 
9 5 57 51 78 7 5 9 
9 6 0 43 34 5 2 2 
4 1 57 29 26 9 4 0 
6 9 31 53 40 3 1 1 
4 5 32 100 15 1 9 0 
8 4 30 49 51 6 9 1 
6 0 49 75 53 9 1 6 
0 5 28 18 70 1 3 9 
0 7 34 44 67 2 6 4 
9 4 35 38 20 8 5 4 
4 5 43 24 55 2 3 9 
8 0 13 59 3 9 8 9 
5 1 42 61 23 5 3 2 
7 3 36 58 53 9 8 5 
1 6 19 51 66 7 4 0 
4 8 56 70 47 2 0 0 
4 5 63 34 41 9 8 7 
6 4 0 35 32 5 9 6 
0 3 46 61 77 9 1 5 
7 3 0 7 70 4 0 8 
0 0 8 64 38 6 1 4 
3 3 61 47 32 3 5 0 
0 0 51 48 60 1 9 6 
5 7 35 10 28 0 0 1 
8 3 76 30 36 2 5 4 
7 5 31 39 49 3 9 8 
6 9 44 57 38 3 7 6 
7 0 35 51 33 1 2 2 
1 2 40 74 57 1 7 0 
0 0 63 71 70 2 8 4 
4 1 20 48 0 6 9 9 
6 3 33 42 82 3 2 6 
6 5 6 61 36 0 8 8 
4 5 31 43 55 9 6 9 
2 1 43 57 39 9 5 0 
7 7 19 53 60 4 1 0 
2 0 16 55 64 4 2 5 
5 9 47 52 42 8 6 3 
6 7 34 77 59 1 9 5 
5 1 39 79 38 6 8 8 
6 8 34 22 88 1 6 5 
4 1 64 51 35 2 6 3 
2 1 54 42 76 9 8 5 
3 1 40 16 41 7 7 2 
5 2 58 30 73 5 2 0 
3 1 46 86 14 2 7 9 
5 3 30 57 42 0 1 1 
1 7 60 14 52 3 3 5 
4 4 25 88 57 2 6 7 
9 7 26 36 55 3 2 7 
0 4 41 30 68 3 6 1 
4 3 20 58 57 2 3 3 
0 6 21 59 74 5 1 9 
1 6 47 51 52 7 9 9 
0 8 41 77 78 7 1 4 
8 9 5 59 1 6 8 9 
9 0 49 49 18 9 0 7 
4 3 77 69 16 2 9 9 
6 2 55 42 77 1 6 9 
6 6 29 35 58 5 3 1 
9 3 49 23 50 4 5 4 
3 1 24 95 38 0 6 2 
8 2 58 65 56 5 8 2 
1 1 48 35 66 4 0 6 
4 7 0 52 64 3 3 1 
6 9 2 75 78 8 6 7 
4 1 54 47 55 0 3 7 
0 1 25 68 95 6 7 4 
7 4 40 84 69 7 7 9 
5 2 39 62 48 3 2 5 
3 3 17 71 33 9 8 9 
0 8 23 2 34 8 2 1 
3 1 28 54 74 4 1 7 
2 5 11 37 39 0 5 7 
5 0 59 58 45 1 5 5 
1 7 20 34 46 8 7 8 
1 9 23 34 28 6 4 8 
5 9 53 60 35 1 9 9 
0 7 44 85 8 6 1 1 
5 7 25 40 41 3 8 4 
5 0 12 58 54 2 0 5 
4 5 32 41 60 2 6 3 
9 7 6 56 41 2 0 8 
1 6 23 55 26 4 8 3 
3 1 38 31 33 4 3 7 
0 3 70 109 33 3 2 9 
1 3 9 58 54 3 2 2 
5 1 33 64 15 6 1 8 
0 1 23 32 21 3 9 0 
5 5 75 41 24 0 9 5 
1 3 35 37 49 6 5 4 
0 2 29 39 28 9 7 8 
7 8 71 48 77 3 4 7 
5 2 69 42 36 5 2 4 
4 5 20 38 27 8 0 4 
5 9 11 31 54 4 2 1 
4 9 25 88 51 3 2 2 
1 0 10 43 41 0 1 4 
4 8 62 38 42 3 0 2 
1 1 0 78 77 4 6 6 
1 3 31 53 40 1 9 3 
6 9 3 42 49 9 6 5 
5 5 81 66 69 1 4 3 
3 2 17 77 79 8 9 2 
2 5 30 55 54 4 3 3 
7 9 61 19 34 7 6 6 
7 9 70 62 66 0 9 9 
0 1 32 49 7 4 3 7 
9 7 4 78 58 5 8 2 
7 7 9 49 29 8 8 4 
9 7 0 47 29 8 2 1 
9 6 0 48 73 7 2 6 
4 3 24 19 50 7 9 4 
2 3 42 82 71 2 4 7 
0 0 27 25 49 9 4 6 
6 9 50 51 84 7 8 4 
9 4 43 86 59 5 2 8 
3 4 13 33 68 2 7 0 
5 9 58 30 59 0 8 6 
1 8 24 65 37 4 5 9 
3 0 34 75 53 7 4 3 
6 9 35 63 59 9 7 7 
8 1 21 57 48 6 3 4 
6 8 23 38 66 3 6 8 
5 2 29 67 93 6 4 7 
0 1 34 50 79 9 4 0 
9 3 39 15 62 9 1 4 
4 5 22 60 31 7 0 4 
4 1 8 65 53 4 0 2 
7 5 26 37 36 0 1 0 
3 5 21 76 62 2 0 9 
1 0 52 53 27 6 4 7 
1 3 52 67 23 9 9 3 
0 7 20 43 37 9 5 0 
5 4 55 88 57 8 2 7 
8 0 65 55 56 9 8 9 
0 8 34 19 72 6 5 0 
2 6 41 46 77 5 5 8 
6 1 52 50 52 0 7 3 
7 0 63 31 26 7 4 3 
5 3 43 68 66 4 0 5 
4 9 0 24 88 8 9 1 
5 4 11 29 76 4 9 6 
6 7 14 83 85 9 2 1 
0 0 24 57 47 1 6 7 
0 3 0 40 34 0 4 3 
3 8 7 72 41 4 8 2 
0 3 38 34 76 2 3 7 
2 3 25 65 0 4 7 0 
1 8 0 59 44 0 0 0 
9 1 42 38 39 6 4 0 
9 4 19 31 61 6 9 3 
5 2 41 44 63 2 1 5 
8 2 9 46 46 4 8 1 
3 2 38 30 37 1 5 4 
0 9 0 56 62 6 5 6 
0 8 8 30 44 2 5 8 
6 7 0 41 38 0 2 8 
0 3 0 66 36 2 2 6 
9 8 0 50 38 9 2 2 
3 3 0 63 83 7 1 4 
0 8 39 50 79 4 2 3 
6 8 37 62 60 8 1 5 
6 3 50 70 35 8 4 3 
8 5 42 23 61 1 8 8 
6 2 46 36 63 5 5 1 
2 6 18 44 72 2 5 8 
5 0 24 40 92 2 6 3 
4 2 7 34 61 3 8 7 
9 1 45 23 100 7 9 9 
6 5 48 30 46 9 1 8 
8 4 39 50 56 3 4 5 
4 5 32 100 38 1 4 2 
5 6 8 30 71 8 0 6 
3 1 19 47 82 6 2 3 
1 3 30 63 27 6 6 9 
7 5 19 47 25 6 3 9 
8 0 38 14 58 4 8 2 
3 4 36 56 49 1 3 2 
1 0 36 55 78 0 9 2 
4 8 61 12 69 8 5 5 
0 8 43 88 45 4 2 8 
3 7 9 19 55 3 2 3 
2 6 32 56 57 9 3 1 
4 2 1 21 64 5 3 0 
8 7 58 66 69 9 7 3 
5 8 37 79 27 0 8 3 
1 2 14 14 57 0 3 4 
4 6 20 55 53 4 5 1 
0 5 12 49 52 6 0 8 
7 5 34 31 60 8 4 9 
1 7 41 39 79 8 9 7 
1 0 19 74 71 2 5 0 
8 3 0 70 47 4 1 5 
2 8 10 62 33 3 5 1 
1 2 13 32 54 8 9 4 
4 7 0 36 59 5 5 7 
0 1 24 35 51 5 9 3 
7 5 49 42 71 7 0 5 
9 5 0 83 45 0 9 1 
1 6 25 62 6 9 2 1 
9 6 0 59 49 1 9 2 
9 1 31 48 23 6 8 8 
1 2 53 63 36 9 0 4 
4 9 72 62 48 6 5 4 
6 7 51 50 58 3 1 1 
9 1 49 23 76 0 5 8 
4 7 24 75 61 2 2 3 
1 8 36 43 37 9 8 0 
6 2 66 37 29 9 7 9 
9 2 31 33 13 4 5 6 
4 3 23 58 51 6 2 0 
7 4 35 32 46 5 0 3 
5 5 20 16 15 4 8 9 
5 5 35 16 56 0 6 2 
4 4 22 34 6 0 0 7 
5 1 55 48 82 0 4 1 
0 4 35 61 63 4 6 4 
6 5 31 65 58 2 6 4 
5 1 25 57 35 1 6 4 
0 5 4 55 55 7 4 9 
0 8 34 84 24 3 2 4 
7 2 15 49 46 0 5 9 
9 1 32 33 37 6 6 3 
7 8 38 59 26 9 5 9 
8 2 42 44 38 3 0 9 
7 3 36 32 29 2 0 7 
7 9 3 68 50 1 3 2 
5 5 50 73 80 7 9 7 
3 3 69 61 35 5 4 5 
0 7 75 37 48 7 7 5 
6 5 15 58 58 2 7 9 
3 9 35 54 64 6 8 6 
5 1 27 77 15 5 8 1 
8 0 19 51 62 8 3 8 
8 7 31 11 71 3 9 5 
2 4 72 9 51 9 1 4 
7 7 68 64 72 7 8 3 
6 3 20 32 29 7 3 5 
0 4 53 60 61 8 6 7 
6 2 17 61 42 1 8 2 
8 2 11 26 36 6 2 7 
4 9 28 42 58 4 9 7 
8 6 63 60 64 8 8 6 
1 6 56 41 85 1 3 0 
0 7 52 54 50 6 9 4 
8 3 36 65 38 1 7 8 
4 5 23 62 30 2 2 4 
2 0 16 36 64 5 7 5 
7 1 66 22 62 7 1 3 
6 9 48 87 61 9 4 8 
3 1 5 79 75 2 3 3 
6 8 49 65 75 5 6 3 
2 0 24 40 34 0 4 7 
4 6 23 45 58 3 3 8 
5 6 7 67 71 2 3 6 
8 0 34 70 27 3 3 5 
2 9 28 83 74 3 6 0 
0 6 53 57 44 9 3 5 
9 4 23 35 47 1 8 1 
6 1 30 33 59 8 9 1 
3 4 53 57 73 7 6 5 
8 7 23 58 51 8 0 3 
3 8 32 77 34 7 0 3 
3 3 0 52 20 0 5 0 
8 0 18 25 51 3 9 8 
1 1 18 74 73 4 4 7 
1 4 47 76 26 0 6 5 
4 1 4 57 69 8 2 0 
7 3 7 61 57 5 2 1 
1 1 11 61 74 1 0 0 
9 8 51 54 36 4 3 4 
8 2 0 39 43 4 4 4 
7 4 9 43 71 0 1 2 
1 8 57 41 26 1 9 3 
8 7 24 43 55 3 6 0 
6 7 11 27 35 5 8 6 
0 0 27 75 43 8 7 2 
9 8 0 50 31 1 4 7 
9 1 13 40 55 2 2 5 
4 0 20 39 50 7 5 0 
0 2 37 23 74 9 6 8 
7 0 22 19 57 3 2 8 
3 1 60 67 66 1 2 6 
1 9 15 63 84 8 7 4 
0 0 28 28 73 5 1 0 
6 8 68 65 20 1 7 9 
5 7 26 42 64 7 9 0 
9 7 14 24 49 3 4 3 
0 4 36 22 57 5 8 1 
6 7 49 56 81 9 3 1 
6 0 0 62 38 5 1 5 
9 9 5 75 37 0 2 9 
4 1 23 49 81 2 8 5 
7 3 51 58 16 0 4 9 
7 3 31 51 73 3 9 3 
7 4 17 82 16 9 2 1 
1 6 47 33 47 0 1 4 
9 5 77 58 11 0 9 0 
6 6 65 54 33 9 8 3 
1 3 54 51 54 7 7 1 
1 2 8 50 42 9 4 9 
2 2 42 37 34 9 4 6 
5 8 13 54 55 6 4 1 
5 3 19 55 45 4 4 4 
7 2 29 7 69 8 8 3 
0 5 14 21 63 1 9 8 
0 3 38 79 81 7 7 3 
8 5 9 72 26 6 5 7 
9 9 20 12 30 7 2 0 
6 0 76 60 15 6 3 7 
5 6 0 53 37 4 9 3 
8 1 26 71 54 5 7 6 
5 8 20 32 23 5 0 5 
6 8 39 110 52 5 9 3 
9 2 34 62 61 6 9 0 
3 8 33 57 45 7 4 0 
3 5 34 82 66 3 3 2 
2 1 59 26 81 1 4 5 
0 9 0 69 56 5 6 7 
9 3 51 63 31 8 5 8 
1 5 19 41 48 2 9 4 
3 2 65 40 49 8 5 2 
9 8 26 85 37 6 9 5 
5 3 25 36 21 2 0 1 
9 1 40 68 21 0 1 6 
6 2 36 81 48 7 6 7 
0 2 64 64 49 9 8 4 
0 9 33 77 37 7 4 1 
8 6 32 59 74 5 2 6 
0 5 34 34 68 9 8 2 
4 0 35 50 76 3 6 3 
0 3 25 21 31 7 6 4 
7 0 0 47 40 6 1 3 
1 3 43 67 38 3 1 2 
5 0 58 62 75 3 2 8 
9 4 64 38 48 1 7 9 
3 4 47 17 27 8 4 7 
9 0 32 16 55 6 3 5 
1 3 35 64 70 2 4 8 
3 9 31 40 81 9 4 6 
4 8 4 41 49 5 8 0 
7 0 33 15 30 5 4 9 
3 5 29 49 76 0 9 2 
6 8 65 39 36 1 6 9 
4 4 54 91 38 8 3 8 
8 7 14 20 34 7 0 7 
0 9 86 43 60 2 7 6 
2 6 50 82 92 1 6 2 
6 1 37 46 72 4 7 9 
4 0 23 65 58 4 2 0 
8 5 58 32 70 5 1 0 
2 9 0 81 32 1 5 1 
9 8 24 44 58 0 0 7 
7 1 23 11 63 4 0 1 
5 4 0 16 32 2 4 5 
6 0 27 97 72 9 5 1 
5 0 28 48 62 2 0 5 
5 6 34 62 52 4 3 9 
6 1 13 54 41 8 1 8 
8 0 71 31 61 1 2 5 
4 4 22 74 59 2 2 0 
8 0 23 33 36 7 2 9 
8 9 43 55 56 7 9 2 
4 8 37 58 43 2 0 1 
6 3 11 69 77 2 8 9 
1 6 19 35 46 1 0 1 
7 4 20 56 38 1 8 4 
3 1 24 72 19 9 6 2 
8 0 6 74 64 8 9 2 
0 1 24 36 37 3 7 9 
1 5 27 52 35 0 5 4 
0 0 9 45 49 1 3 6 
9 2 40 54 79 1 5 8 
9 4 20 23 48 9 9 3 
2 4 32 71 67 8 9 4 
6 1 29 25 24 8 6 1 
8 0 40 80 72 1 2 3 
6 2 17 90 42 0 5 7 
8 2 40 25 33 5 0 3 
5 0 4 63 41 5 7 6 
5 8 48 94 63 9 1 6 
3 9 5 87 65 6 6 4 
7 0 49 53 54 6 9 1 
5 2 28 59 69 4 0 6 
7 9 0 69 59 9 3 0 
1 7 22 36 50 4 1 3 
7 3 35 22 11 4 0 3 
1 3 47 30 56 3 1 6 
7 5 18 65 39 5 3 5 
5 9 45 41 60 8 1 7 
3 0 48 41 79 8 5 3 
5 9 21 8 36 2 3 8 
4 6 27 55 20 4 2 0 
9 1 9 45 3 5 3 7 
8 4 25 35 33 6 1 6 
7 7 53 56 57 6 2 1 
8 9 46 60 54 9 0 0 
3 3 1 63 39 0 2 0 
8 8 45 10 32 1 2 5 
0 4 49 29 45 7 3 6 
3 8 46 76 65 8 2 3 
3 0 15 136 62 0 8 7 
7 8 47 65 86 3 0 4 
2 3 0 91 49 9 5 2 
3 6 45 52 48 9 5 3 
0 3 37 30 24 6 6 1 
4 1 11 55 15 8 8 1 
0 5 0 64 27 5 8 5 
6 0 7 32 33 5 0 0 
3 2 49 40 66 8 6 1 
8 1 57 38 38 2 7 2 
1 1 24 64 45 6 7 8 
6 0 42 53 34 1 2 3 
3 5 29 61 94 5 5 4 
2 9 0 81 16 1 7 3 
6 6 14 63 70 0 9 9 
2 0 43 63 55 1 1 7 
4 4 21 66 38 2 4 0 
4 9 28 72 45 7 7 8 
5 9 20 46 62 9 0 8 
9 3 49 50 42 4 5 8 
4 6 23 70 75 7 2 3 
3 5 68 59 59 8 6 7 
9 8 41 40 30 1 1 4 
2 2 0 65 54 7 5 9 
8 0 0 86 38 2 4 0 
5 9 40 46 80 1 5 4 
5 1 14 18 70 2 7 4 
5 2 30 77 61 7 8 3 
5 6 44 25 51 2 2 1 
6 0 37 66 43 8 9 1 
8 8 71 55 88 9 6 4 
2 2 12 99 85 7 0 5 
4 4 0 62 53 3 5 2 
1 1 64 77 23 3 1 3 
1 5 0 23 29 7 6 4 
1 0 42 40 71 3 2 7 
0 6 6 58 34 4 0 8 
7 4 38 49 50 7 3 5 
2 0 31 29 54 9 1 8 
0 1 52 39 57 1 3 3 
8 8 25 61 54 3 1 8 
4 9 0 73 67 1 9 4 
9 4 49 49 45 5 2 4 
8 8 12 47 42 1 0 4 
9 6 49 62 47 7 3 9 
4 7 12 98 82 5 9 6 
6 4 0 86 58 7 3 0 
2 2 60 8 72 9 8 9 
5 4 10 81 53 4 4 7 
1 5 33 48 65 8 6 9 
1 7 27 38 56 1 9 9 
5 3 0 28 43 3 9 6 
3 4 22 46 27 9 5 0 
0 0 41 20 91 2 2 3 
4 4 34 73 81 8 2 0 
3 1 56 80 72 2 1 1 
9 6 45 75 44 0 5 3 
0 2 50 38 38 3 9 9 
9 3 41 59 24 8 2 2 
0 6 27 74 108 4 6 3 
6 5 14 32 39 8 7 1 
6 6 49 49 56 0 8 2 
1 2 47 35 83 1 7 3 
9 6 40 57 77 9 6 1 
5 7 0 72 45 2 6 4 
1 5 45 37 49 7 5 7 
4 6 25 49 38 1 4 2 
5 0 19 41 44 9 8 2 
9 9 24 44 59 4 7 7 
4 3 0 87 42 9 6 7 
8 9 25 41 41 3 9 6 
3 0 23 29 64 0 8 1 
8 5 21 51 49 0 2 2 
3 2 32 46 54 2 3 5 
4 8 64 0 37 1 5 2 
2 0 21 8 25 6 5 9 
3 9 29 21 31 6 4 3 
3 8 2 51 47 9 9 3 
8 3 66 50 43 0 4 5 
4 2 8 44 79 6 9 3 
4 3 35 50 39 3 1 3 
0 3 76 33 66 7 8 9 
5 3 27 51 42 5 0 8 
9 7 0 76 12 0 5 8 
3 1 13 62 74 6 8 9 
5 4 35 4 21 7 7 9 
7 7 17 10 25 3 8 5 
4 0 51 41 54 3 0 3 
1 1 40 78 28 8 1 0 
0 4 66 48 16 7 4 4 
2 9 30 61 61 5 5 9 
1 7 55 62 42 2 7 2 
2 1 38 73 50 2 3 7 
9 6 12 35 33 1 4 8 
8 9 32 33 69 9 8 7 
2 6 10 25 33 1 5 7 
3 2 39 42 46 0 5 7 
9 7 53 27 21 0 7 1 
1 3 45 45 30 6 3 5 
9 5 27 49 21 3 1 9 
6 6 91 19 26 1 1 4 
8 1 32 32 37 8 8 8 
3 8 20 77 9 7 1 7 
6 4 0 43 41 8 9 7 
5 1 37 44 69 0 3 0 
9 5 63 83 55 3 8 0 
8 8 47 52 94 4 4 8 
1 6 81 70 114 9 8 2 
2 1 30 31 48 6 4 2 
9 6 38 48 44 5 9 9 
6 9 66 40 45 4 5 2 
6 8 42 36 63 1 7 2 
5 4 39 54 60 4 9 2 
7 9 31 84 31 1 6 5 
7 7 47 33 70 8 4 8 
0 6 41 63 55 1 1 5 
2 9 4 45 42 6 5 7 
6 3 15 12 53 7 9 0 
0 8 0 68 45 3 2 6 
8 7 0 35 60 6 3 6 
5 3 51 39 52 1 3 3 
4 9 59 37 68 6 8 3 
1 5 2 26 55 1 3 3 
6 0 26 77 46 2 1 4 
7 3 0 43 34 1 2 3 
3 2 24 65 93 1 0 5 
4 3 41 41 37 4 1 3 
2 7 28 43 58 1 7 0 
5 1 9 28 36 3 0 2 
3 9 51 32 84 4 1 5 
4 5 0 37 22 8 4 6 
4 7 58 38 58 3 1 5 
0 1 32 54 67 6 7 6 
4 0 5 68 33 7 5 3 
6 9 0 41 12 0 6 0 
6 8 16 65 79 3 2 7 
9 6 39 37 41 1 2 0 
8 0 6 50 61 7 8 3 
6 4 43 50 19 0 9 3 
9 3 32 71 53 9 4 6 
4 5 37 32 59 9 1 2 
8 7 36 45 54 1 2 1 
6 8 31 69 61 1 8 7 
9 2 23 90 44 2 8 3 
5 2 29 77 46 2 5 0 
1 4 47 88 18 9 9 4 
3 4 43 54 82 0 5 0 
3 4 59 87 40 4 3 4 
5 7 25 100 44 4 0 7 
7 0 0 41 56 2 7 5 
9 0 38 25 59 0 1 5 
2 0 14 58 67 9 2 4 
9 7 18 57 17 9 0 3 
7 6 43 55 46 3 7 6 
4 6 25 35 34 8 5 4 
2 1 62 49 46 8 1 8 
0 0 17 38 64 9 8 6 
3 5 29 65 49 1 1 0 
4 9 21 13 44 9 1 7 
6 3 60 31 60 5 7 5 
7 8 33 16 59 3 9 8 
7 7 33 60 38 5 7 3 
2 4 30 70 39 1 9 3 
0 7 9 43 48 8 5 2 
7 4 70 37 66 9 9 0 
0 7 10 91 0 7 7 8 
4 6 32 74 37 5 7 6 
1 2 54 66 78 3 2 3 
3 2 23 72 52 3 6 0 
8 3 34 26 34 4 2 1 
7 7 49 59 28 2 0 3 
2 4 25 48 51 2 9 7 
7 2 36 45 12 0 4 1 
4 9 0 36 28 4 3 4 
0 9 20 46 81 3 1 3 
7 4 39 11 47 0 9 9 
8 6 10 14 54 4 4 1 
6 1 13 51 58 8 6 2 
6 3 22 69 44 7 7 3 
9 8 0 57 51 7 2 7 
5 5 38 98 75 5 7 2 
5 7 42 96 44 8 1 6 
1 5 20 13 35 6 7 3 
9 8 38 54 12 6 3 2 
0 4 24 29 45 8 2 4 
3 1 14 88 82 7 8 4 
7 5 38 39 48 5 8 8 
8 6 30 67 65 0 4 1 
5 7 47 74 60 8 6 0 
8 9 56 60 31 8 2 4 
9 5 6 35 0 8 1 6 
0 9 45 53 23 9 2 0 
2 9 33 86 22 9 2 7 
8 9 4 75 54 6 1 5 
5 1 74 49 58 5 0 9 
6 7 63 16 39 4 1 5 
1 3 47 55 60 7 1 7 
5 4 15 52 51 9 8 0 
9 3 31 64 53 2 0 9 
2 7 7 67 64 4 8 6 
2 3 29 54 53 8 0 8 
6 8 15 18 7 6 0 6 
6 6 16 16 38 8 1 4 
6 5 17 35 64 7 8 4 
3 0 34 49 79 3 1 2 
9 2 26 61 35 2 5 0 
7 0 0 19 18 3 6 3 
9 8 38 24 54 8 6 7 
4 4 29 59 42 4 7 9 
9 2 11 49 64 7 7 8 
2 2 18 48 62 7 6 0 
9 8 31 37 33 0 3 6 
2 1 13 29 0 0 7 6 
2 6 18 42 44 6 0 0 
6 1 14 71 27 9 9 9 
6 7 12 94 95 3 6 6 
3 1 56 58 80 9 6 1 
6 0 40 70 17 1 8 1 
3 6 29 65 73 4 7 9 
2 5 28 51 34 3 2 6 
7 4 41 68 81 8 9 9 
8 4 70 44 46 6 3 3 
1 7 30 42 37 4 7 3 
8 6 45 68 62 8 0 0 
3 0 49 27 11 5 8 8 
0 0 23 37 46 2 4 0 
3 3 21 77 90 9 4 4 
5 5 8 27 53 2 4 5 
9 4 43 58 13 7 0 5 
6 9 6 36 36 1 1 7 
4 4 28 41 66 3 4 3 
4 3 12 72 16 1 0 3 
8 2 11 45 35 6 5 2 
8 7 18 39 53 1 3 6 
7 2 7 74 60 0 1 8 
6 0 28 51 45 8 4 9 
7 6 7 48 47 2 9 4 
6 3 0 74 71 1 6 4 
6 7 33 63 78 0 7 4 
1 3 47 16 76 7 9 4 
9 5 26 57 63 9 4 1 
3 6 27 31 36 0 1 3 
6 2 33 74 59 1 2 0 
4 3 45 34 28 9 3 8 
4 5 36 40 90 7 3 2 
0 6 49 53 72 9 4 5 
8 4 19 84 23 1 3 4 
9 7 23 28 46 9 0 7 
5 7 43 51 31 9 1 6 
1 9 56 67 58 8 9 7 
2 7 17 44 59 4 7 9 
2 9 18 96 100 1 6 4 
7 8 18 57 35 9 2 5 
3 8 19 57 25 0 6 7 
4 9 30 26 45 0 5 8 
5 1 31 47 37 1 9 6 
5 8 30 75 53 8 3 0 
0 6 0 48 5 4 2 5 
8 2 0 63 41 8 0 9 
7 0 37 33 70 6 1 6 
1 0 13 31 22 0 7 1 
9 1 31 36 64 7 4 2 
5 5 24 21 28 7 5 3 
7 1 0 94 55 9 2 7 
9 2 36 66 39 7 5 1 
5 8 23 42 55 1 2 2 
8 4 58 29 67 8 9 5 
8 0 26 20 51 9 5 3 
2 2 34 29 54 1 1 3 
4 5 38 18 52 5 1 1 
5 3 24 25 31 1 1 6 
5 9 8 52 50 9 4 2 
8 8 52 31 58 0 0 8 
2 5 26 56 97 8 9 0 
3 5 12 41 77 1 0 0 
6 0 9 29 74 3 5 8 
5 9 47 19 44 8 0 5 
1 5 56 47 29 5 2 9 
6 8 31 25 49 5 4 4 
3 0 49 30 42 8 9 4 
7 5 68 49 89 8 0 2 
2 3 29 57 39 1 5 8 
4 0 34 55 33 7 3 3 
4 3 20 33 59 0 7 9 
5 4 56 23 63 3 9 6 
7 6 20 61 53 8 5 0 
8 1 33 64 30 4 8 9 
3 6 43 85 82 1 0 8 
1 1 26 26 40 8 2 3 
6 5 31 51 57 5 0 8 
8 3 27 37 61 3 1 7 
2 9 51 35 37 1 3 7 
8 6 12 70 80 6 3 5 
9 8 29 68 38 7 1 0 
0 3 18 66 31 1 6 7 
1 7 0 103 70 3 3 0 
6 0 23 59 69 5 5 6 
6 3 37 42 27 3 5 3 
8 4 0 65 39 3 1 7 
3 9 31 65 65 0 3 6 
6 7 55 54 28 8 1 8 
3 8 0 52 62 0 1 4 
1 3 32 70 44 6 5 0 
6 3 40 67 73 6 9 4 
5 4 37 27 49 5 5 4 
4 5 51 51 24 8 5 6 
9 9 20 13 63 5 2 3 
2 4 16 13 58 0 4 7 
8 0 45 71 52 3 9 1 
0 8 29 33 5 8 8 4 
7 6 9 64 31 0 4 3 
0 5 15 39 75 9 9 8 
9 3 0 26 36 8 2 1 
8 0 23 14 34 3 0 1 
1 1 26 75 20 1 8 3 
3 5 53 27 82 3 0 0 
8 9 35 41 26 3 3 0 
7 2 27 36 54 1 3 8 
7 8 29 49 60 6 0 5 
9 2 14 18 47 2 2 4 
6 9 48 52 63 0 5 9 
4 9 39 33 60 9 1 9 
4 2 66 77 55 9 0 7 
5 0 16 52 32 7 9 9 
9 7 15 40 35 7 1 8 
9 5 51 63 36 7 8 9 
3 4 49 62 0 2 5 4 
1 1 29 41 35 5 2 2 
8 5 39 58 58 9 8 7 
0 9 14 44 5 2 6 5 
2 1 13 47 57 4 7 0 
5 2 40 68 34 0 1 2 
8 1 23 80 34 0 4 5 
3 9 54 66 68 2 1 2 
7 3 28 33 69 2 2 0 
3 9 58 40 89 8 8 2 
6 7 47 52 39 6 0 5 
5 7 37 43 55 1 8 8 
4 6 26 31 63 3 5 9 
5 5 36 72 61 8 2 5 
8 7 56 40 12 0 8 4 
3 3 34 52 40 9 6 9 
7 5 0 38 60 1 2 2 
3 1 71 44 57 6 7 2 
0 9 37 30 58 7 1 6 
7 7 48 46 37 3 9 0 
1 9 17 27 64 0 6 5 
7 7 21 64 4 6 7 1 
0 3 64 60 88 3 6 5 
0 7 31 22 40 2 4 4 
2 2 20 61 35 8 0 9 
5 8 40 55 2 9 6 4 
4 5 11 54 73 9 6 4 
0 3 66 42 58 0 0 1 
5 1 1 26 14 7 6 3 
9 3 29 60 13 8 6 5 
4 5 29 19 120 3 1 6 
4 3 42 45 1 5 9 9 
5 2 44 55 83 0 3 5 
0 1 87 28 67 2 7 2 
3 9 16 13 58 4 2 6 
0 3 15 22 73 8 0 0 
6 7 43 47 44 0 7 8 
0 1 8 49 52 7 6 0 
7 4 40 30 63 7 0 2 
8 4 39 34 25 8 9 1 
9 6 38 33 62 0 2 1 
5 7 25 54 21 8 3 2 
2 3 13 41 30 6 8 9 
6 0 17 48 89 9 8 9 
8 7 47 58 33 6 6 4 
6 7 0 59 11 3 0 5 
3 9 45 83 32 7 9 8 
3 9 57 23 87 2 7 3 
6 7 82 43 70 3 3 1 
2 3 16 30 80 9 6 6 
8 1 30 53 79 2 3 3 
5 1 53 69 61 1 1 1 
4 4 54 48 33 6 6 0 
4 8 23 52 4 8 8 2 
1 2 15 39 65 9 5 1 
2 0 68 68 49 0 5 9 
0 1 27 73 67 3 8 2 
5 2 12 26 39 3 8 2 
4 9 43 33 63 4 7 5 
5 0 56 53 22 9 7 4 
3 6 58 56 39 1 2 3 
1 5 42 72 15 8 8 3 
6 3 33 43 1 1 1 7 
6 0 23 14 49 8 2 3 
5 5 27 38 46 0 4 7 
0 9 21 53 109 1 0 7 
8 8 38 66 64 9 3 1 
4 6 44 60 36 4 1 2 
6 3 21 63 31 4 6 9 
6 6 38 44 41 3 3 5 
7 5 15 76 56 3 5 9 
6 3 7 23 65 8 7 2 
7 7 12 54 65 7 9 1 
5 8 22 53 64 2 1 9 
1 4 12 57 40 5 7 6 
9 4 53 46 41 8 8 9 
6 8 38 40 43 0 6 9 
3 5 72 65 16 4 6 5 
8 9 32 90 34 1 6 4 
0 3 70 62 29 1 6 7 
6 3 35 75 85 2 3 3 
5 3 0 28 102 7 2 4 
7 6 14 68 24 3 5 2 
6 8 47 61 52 7 1 3 
0 8 27 33 44 5 4 7 
1 0 21 56 24 4 8 7 
6 2 0 65 55 3 4 7 
4 7 0 46 84 9 3 2 
1 4 59 50 43 0 2 3 
3 8 42 47 31 5 8 7 
8 6 49 16 56 7 8 8 
0 2 46 29 38 7 0 7 
5 2 34 64 75 5 2 0 
5 7 35 63 68 7 6 0 
8 4 11 55 75 9 6 5 
6 2 60 45 6 7 4 3 
5 0 9 59 51 8 3 9 
0 2 25 32 34 4 0 8 
9 0 34 63 35 3 9 5 
6 3 11 59 68 6 5 1 
6 3 32 44 36 3 6 1 
4 2 34 20 84 7 7 1 
7 2 39 36 86 9 6 9 
7 4 69 31 50 5 4 1 
7 3 26 82 50 6 0 0 
2 7 27 48 64 5 6 3 
0 4 39 48 21 7 3 9 
5 2 35 40 76 8 0 4 
4 0 26 49 30 6 0 1 
8 7 32 60 81 7 4 7 
9 2 24 55 48 1 4 0 
7 3 35 52 56 3 9 2 
9 9 28 76 44 0 8 2 
4 9 37 56 49 5 5 7 
2 9 80 66 24 8 3 0 
5 7 65 47 53 1 5 5 
9 3 8 29 47 1 6 4 
0 5 48 56 49 7 8 4 
8 7 21 55 71 8 0 4 
2 5 44 51 83 4 2 6 
0 4 36 33 78 3 8 9 
9 8 26 51 0 0 6 0 
0 1 35 54 28 5 9 9 
1 3 34 28 37 7 9 2 
4 9 36 28 56 0 9 2 
7 2 67 66 55 5 5 7 
5 0 7 77 45 2 2 4 
3 4 59 68 50 7 9 4 
5 5 21 20 54 8 7 2 
6 4 34 44 63 1 4 1 
0 6 0 38 62 4 7 5 
0 5 13 33 47 1 9 7 
3 4 30 67 52 6 8 5 
1 5 41 11 62 3 4 4 
3 8 21 42 58 9 9 6 
6 3 19 42 80 3 7 5 
5 5 10 35 57 6 2 1 
3 3 35 43 30 5 5 9 
9 0 43 58 70 6 6 5 
6 8 40 50 88 7 7 6 
3 1 3 29 89 3 4 7 
0 6 43 30 47 1 2 3 
0 7 36 17 50 7 8 5 
2 1 23 76 108 8 9 9 
6 5 21 9 54 3 2 6 
1 8 50 7 29 7 8 9 
9 9 18 41 52 5 5 6 
7 4 36 32 63 2 5 9 
6 9 20 56 59 7 2 7 
5 3 34 58 15 6 4 7 
5 8 39 49 50 7 3 2 
6 5 47 35 78 9 3 2 
9 1 35 68 61 2 6 9 
6 6 4 37 82 9 0 4 
8 7 28 55 72 2 5 6 
4 9 38 73 30 4 9 7 
2 5 51 47 61 2 7 6 
1 3 8 35 52 0 5 8 
9 8 17 55 60 4 4 0 
7 6 24 54 63 4 3 3 
6 7 46 41 59 4 4 6 
6 8 13 52 49 4 8 9 
9 0 0 39 66 4 3 8 
2 5 21 57 56 5 2 1 
6 7 0 18 52 1 5 5 
4 9 12 52 50 3 8 4 
9 5 41 50 47 5 0 3 
5 6 18 74 50 9 7 4 
5 0 47 41 61 5 2 0 
9 6 0 74 52 5 3 9 
8 4 38 41 57 6 1 8 
7 3 0 28 41 4 8 6 
3 4 44 16 51 0 0 7 
5 5 39 93 15 3 2 6 
