8 2150
1 2 0 52 70 2 2 9 
1 3 27 63 53 4 1 3 
9 2 50 48 49 1 8 9 
7 5 2 52 86 9 5 4 
9 8 0 73 83 0 9 1 
9 4 43 39 53 2 2 0 
2 4 19 66 89 7 4 1 
0 6 3 57 69 3 9 4 
6 5 45 88 52 4 5 6 
6 2 42 57 38 7 9 6 
5 0 30 32 52 3 6 6 
6 6 5 34 95 4 3 0 
0 4 23 66 36 6 2 8 
6 3 36 68 18 3 5 7 
5 7 35 86 55 7 6 8 
9 7 29 47 89 2 2 5 
1 5 29 75 75 5 0 1 
9 6 0 25 47 7 7 6 
4 3 15 27 56 3 4 3 
0 9 23 50 36 3 6 7 
8 6 29 18 37 3 5 1 
1 6 73 61 41 4 4 7 
4 5 24 52 55 5 6 6 
0 2 39 24 55 1 4 8 
6 8 70 74 52 6 4 4 
2 8 27 58 70 9 7 1 
9 0 39 66 47 1 7 1 
6 0 34 16 37 1 4 3 
2 1 32 38 65 4 8 1 
4 7 37 30 88 0 9 1 
5 5 8 68 30 6 3 7 
9 6 31 72 30 6 1 0 
8 0 28 83 62 9 1 0 
7 9 47 46 69 9 0 1 
3 4 27 37 54 0 5 3 
0 1 22 5 61 3 0 1 
8 4 20 52 27 5 7 5 
1 8 24 51 39 5 1 7 
2 7 27 28 69 9 1 2 
0 3 8 55 53 0 7 2 
5 9 39 53 50 9 6 3 
3 7 43 3 72 2 3 1 
6 9 39 59 64 9 5 3 
0 6 23 11 73 5 8 7 
6 7 25 53 57 5 1 2 
4 3 15 43 37 5 7 2 
4 7 39 27 79 4 7 6 
8 4 0 59 54 2 4 4 
5 7 26 60 111 3 9 6 
3 9 26 32 47 6 3 3 
4 5 33 38 58 2 4 2 
5 6 21 76 35 6 9 1 
6 2 52 53 43 7 0 3 
6 6 30 28 49 8 5 8 
4 6 40 5 59 9 5 3 
9 7 27 68 97 3 0 0 
3 0 36 50 59 1 7 7 
3 4 37 102 38 6 3 0 
7 9 45 47 78 6 4 6 
9 4 7 60 58 6 3 0 
0 3 32 27 50 9 2 1 
3 9 63 24 101 1 5 4 
8 9 29 45 79 3 2 9 
7 9 104 57 68 5 5 6 
9 3 13 60 35 1 3 7 
5 0 47 53 57 9 0 9 
2 1 60 27 33 5 0 5 
8 0 82 36 69 4 3 6 
8 4 11 26 40 4 3 4 
6 8 47 43 47 9 7 1 
7 7 15 84 71 1 5 9 
0 2 10 29 14 5 0 9 
9 3 32 89 89 1 5 6 
8 9 0 40 6 5 2 1 
7 4 38 34 71 7 2 0 
6 7 18 21 50 8 0 3 
0 2 42 51 39 7 5 1 
9 8 0 56 38 0 0 8 
7 8 18 57 65 7 4 0 
3 2 40 82 65 4 2 9 
9 0 26 55 43 4 9 8 
5 9 57 83 48 1 5 3 
0 3 65 36 42 6 4 4 
6 5 44 59 51 2 3 9 
4 7 20 48 17 9 6 3 
7 4 50 74 63 7 9 3 
3 5 25 24 31 4 4 8 
8 6 14 43 43 1 3 6 
1 0 0 45 32 6 9 6 
3 8 10 79 69 7 5 5 
0 9 35 46 36 9 3 9 
1 9 35 44 55 7 8 9 
6 1 36 50 59 4 0 7 
2 7 40 83 69 8 0 6 
1 3 20 39 70 9 9 3 
9 2 0 51 84 6 3 0 
9 9 41 30 43 2 7 2 
2 9 57 65 46 9 9 2 
5 3 13 37 39 5 8 6 
7 0 53 50 50 4 7 0 
4 3 22 79 66 3 0 0 
9 1 0 41 47 6 0 3 
3 9 38 65 60 2 9 1 
7 8 48 63 96 7 6 4 
3 8 23 37 31 2 0 5 
1 1 25 31 27 0 3 5 
2 8 21 63 55 2 6 5 
7 2 5 47 53 8 0 2 
5 7 15 75 53 4 7 4 
0 1 9 55 35 8 3 6 
7 9 51 62 50 3 8 0 
0 4 10 13 67 8 4 2 
4 8 16 63 88 5 2 1 
1 3 27 57 71 3 8 0 
4 6 24 24 36 5 9 9 
8 3 17 69 92 9 1 6 
3 6 33 90 33 1 6 9 
4 8 18 50 93 3 2 5 
6 4 32 32 5 0 1 6 
9 9 42 30 28 5 1 8 
0 8 0 101 33 2 8 0 
0 1 58 71 51 0 1 1 
4 8 29 54 47 5 6 4 
5 0 3 85 32 8 0 9 
4 4 41 35 77 6 9 3 
9 8 27 80 117 6 9 3 
9 8 23 97 43 7 5 7 
2 0 15 48 62 3 5 7 
1 0 25 0 47 6 0 9 
8 3 18 63 32 4 7 0 
8 5 20 37 67 6 1 0 
8 4 63 21 60 5 9 6 
9 1 19 48 3 2 0 8 
5 9 41 32 42 4 0 9 
0 9 47 95 52 0 7 4 
6 2 36 18 65 3 1 7 
7 9 77 54 41 9 5 2 
0 3 21 93 23 7 4 4 
6 6 2 69 50 1 9 6 
0 1 40 84 71 6 1 4 
0 4 21 61 80 8 4 4 
1 5 45 80 81 7 8 6 
5 6 33 46 45 7 0 0 
6 8 46 67 29 4 4 3 
9 8 55 57 9 7 5 8 
3 1 0 66 30 3 8 5 
1 1 22 36 63 8 0 8 
6 5 49 50 56 1 2 8 
8 3 45 53 16 9 6 9 
3 8 33 64 41 6 0 1 
0 2 12 61 72 4 5 2 
5 3 32 37 48 8 4 5 
4 9 41 60 1 1 9 7 
9 6 28 40 72 3 3 7 
7 9 50 25 65 3 2 8 
6 0 29 56 67 9 5 8 
5 3 28 90 53 9 8 3 
4 9 39 51 87 0 7 0 
4 7 23 48 41 2 0 7 
2 6 38 31 66 2 9 0 
9 0 5 78 54 9 6 7 
1 1 2 34 71 7 7 7 
8 0 63 73 41 5 9 5 
6 1 25 63 36 2 6 8 
0 4 0 72 34 0 4 8 
1 6 23 70 80 3 7 5 
5 9 12 88 48 0 5 0 
1 5 45 19 51 8 3 4 
0 6 51 30 70 1 1 0 
0 2 35 85 6 4 3 0 
6 6 7 21 38 3 4 0 
5 0 37 62 38 0 2 5 
4 4 2 26 56 5 7 4 
7 9 0 64 35 7 5 0 
1 6 15 54 59 9 5 3 
4 3 0 60 59 5 6 9 
9 3 21 46 28 4 5 0 
0 8 16 55 76 3 1 6 
3 2 17 43 18 8 6 6 
2 1 39 42 43 8 5 0 
0 0 44 43 24 2 5 1 
2 7 63 45 16 1 3 4 
6 5 24 55 51 7 0 9 
1 5 39 31 82 2 7 5 
7 1 0 57 34 6 9 7 
9 6 10 63 13 6 7 8 
0 8 49 14 96 1 6 1 
1 7 22 27 57 8 1 1 
1 9 46 21 40 7 8 2 
9 4 0 33 26 1 3 4 
5 4 43 64 31 4 3 6 
0 9 25 71 53 8 3 0 
1 0 60 61 71 8 2 5 
9 1 37 32 55 0 9 4 
5 6 34 72 25 8 1 2 
2 3 29 82 59 0 7 6 
6 6 10 51 37 5 3 0 
3 3 22 58 64 1 1 0 
6 8 0 105 68 3 2 7 
0 9 25 34 44 4 3 0 
5 6 24 32 69 4 0 5 
2 9 35 56 59 7 8 3 
9 3 23 32 20 4 6 8 
2 6 21 56 24 3 5 7 
9 6 32 42 20 7 5 0 
4 9 40 61 72 2 4 7 
7 4 0 38 41 4 4 4 
7 3 38 70 43 2 2 0 
6 9 36 31 44 2 6 5 
1 0 9 39 28 5 2 2 
9 1 41 0 38 9 0 8 
9 0 17 80 51 6 9 8 
2 2 32 60 57 2 0 4 
2 7 8 75 57 0 0 2 
4 6 27 81 62 6 8 7 
5 8 18 69 9 0 4 8 
1 8 30 79 17 0 9 9 
6 8 34 36 60 4 8 7 
9 8 39 66 70 4 5 0 
6 6 34 51 48 4 6 8 
2 6 33 42 61 3 9 1 
4 8 7 50 58 4 3 3 
8 8 51 57 33 4 3 9 
1 3 26 69 15 4 6 4 
8 1 8 43 77 3 5 5 
7 3 10 68 58 4 3 6 
5 0 28 31 18 6 4 9 
9 3 0 39 67 8 4 2 
0 0 62 56 34 6 6 2 
7 0 37 59 37 9 6 5 
0 7 71 44 54 7 9 3 
0 9 56 17 69 6 2 6 
5 9 30 51 18 5 5 4 
2 0 11 45 73 4 3 0 
5 6 17 24 27 7 6 7 
9 9 28 35 30 9 0 7 
7 0 34 37 81 6 0 3 
3 4 46 77 67 5 8 8 
3 5 14 45 48 4 5 3 
4 2 0 48 60 4 6 4 
7 9 3 61 80 1 2 1 
9 3 34 42 4 8 5 2 
5 5 0 75 52 6 2 3 
2 8 56 34 62 1 2 0 
6 0 40 70 53 4 4 5 
5 3 0 82 105 0 2 7 
7 7 23 44 27 9 0 0 
3 6 36 83 70 7 1 7 
2 8 13 55 52 5 6 5 
9 9 35 45 26 5 0 6 
4 5 26 55 57 0 9 4 
4 0 16 32 21 8 7 2 
8 1 28 33 53 1 6 2 
0 2 11 29 84 6 5 9 
0 5 72 77 44 8 5 4 
4 2 55 47 69 7 5 2 
5 0 21 35 80 7 0 6 
1 1 23 73 21 2 3 1 
0 4 13 89 51 4 1 7 
8 6 0 17 57 5 4 7 
0 3 37 42 63 8 2 1 
1 3 25 62 73 5 2 8 
6 9 26 60 46 0 5 5 
0 1 29 71 33 3 9 6 
3 0 28 21 57 7 5 8 
6 4 55 25 72 5 7 4 
0 0 43 12 52 0 8 7 
9 3 22 57 19 5 5 8 
7 8 0 27 27 0 2 9 
4 2 43 50 66 2 7 9 
0 8 15 14 37 4 0 3 
3 0 11 52 3 4 2 6 
2 6 22 53 21 5 3 5 
1 6 33 52 62 6 9 5 
7 9 64 27 34 2 9 6 
1 8 17 35 62 4 5 6 
5 2 46 58 4 9 0 9 
2 3 11 34 17 1 2 8 
0 6 22 9 74 0 8 1 
2 2 17 46 73 8 8 9 
3 4 49 69 44 9 4 0 
3 2 0 37 31 5 8 4 
7 7 26 3 22 4 0 8 
6 0 13 20 58 6 5 2 
0 0 57 48 56 5 7 9 
8 6 7 55 57 0 5 1 
9 8 25 7 19 6 2 9 
5 8 15 61 55 6 3 9 
3 7 35 73 41 5 0 6 
2 8 21 57 78 2 9 9 
9 2 33 39 25 7 9 5 
1 3 0 78 43 4 6 7 
2 9 39 28 85 8 0 4 
1 8 19 43 30 0 8 1 
4 9 23 70 40 0 2 2 
4 4 49 36 47 6 0 7 
8 5 14 72 91 0 8 4 
3 6 9 76 35 4 2 0 
2 0 30 57 59 3 8 1 
1 3 28 70 85 3 0 3 
8 3 0 28 49 1 8 3 
8 3 35 43 71 5 6 3 
1 0 47 90 56 1 6 5 
8 6 0 51 50 8 2 0 
7 3 57 57 50 2 1 8 
4 1 37 86 71 2 9 2 
3 6 12 48 29 0 7 8 
0 1 27 39 50 1 4 7 
0 1 13 3 27 8 7 4 
6 4 50 57 50 2 8 0 
5 7 6 62 64 0 6 8 
8 5 40 51 60 2 8 7 
4 9 69 40 37 7 0 1 
7 4 57 62 84 3 4 6 
7 8 12 38 32 9 1 2 
1 6 40 76 49 7 6 4 
7 3 59 59 30 0 4 8 
0 2 19 28 29 5 4 6 
0 2 31 47 10 6 0 2 
2 4 28 42 25 3 6 2 
6 1 37 46 10 4 1 8 
1 6 25 64 65 8 9 9 
8 8 0 61 56 2 8 3 
6 0 31 27 66 0 5 5 
2 8 12 79 61 3 8 2 
3 1 59 24 71 1 9 5 
7 2 52 97 42 1 0 8 
2 6 56 46 45 6 1 3 
1 8 32 54 66 2 1 0 
0 0 78 52 36 8 3 2 
8 8 13 107 22 1 8 0 
8 4 13 39 80 1 5 7 
0 1 46 57 93 1 4 1 
5 4 21 48 52 5 6 4 
9 4 28 66 44 1 4 3 
9 5 1 53 27 9 7 8 
6 6 42 61 31 1 3 3 
2 0 37 46 42 1 6 1 
3 2 64 54 43 9 9 0 
9 6 44 26 79 3 8 4 
3 4 45 61 50 5 1 9 
1 6 40 40 73 6 1 7 
7 1 26 17 63 7 8 5 
3 4 19 42 22 2 9 3 
4 6 37 34 29 4 8 0 
9 4 38 12 54 5 5 6 
4 0 5 43 58 9 1 4 
1 5 8 67 52 2 0 3 
3 7 21 57 84 7 0 0 
9 0 51 67 74 7 3 3 
8 8 37 27 42 5 5 8 
6 6 53 54 54 1 1 4 
2 4 25 83 49 1 5 8 
3 7 32 37 46 5 7 3 
2 2 36 59 56 7 4 2 
5 0 8 30 70 3 4 5 
7 7 32 17 55 5 8 9 
9 1 41 67 40 3 8 9 
2 9 20 74 39 4 7 3 
2 2 26 49 54 8 5 5 
9 3 31 78 44 9 6 9 
8 2 18 59 21 2 0 2 
1 4 64 26 37 8 8 2 
6 2 0 45 81 4 3 4 
5 6 7 10 41 0 4 0 
9 2 28 28 88 3 3 7 
5 9 27 78 44 4 7 5 
1 5 25 52 58 4 0 7 
6 4 54 72 34 3 6 7 
7 7 27 29 83 7 4 1 
8 8 47 17 16 6 5 8 
8 0 15 72 61 6 4 6 
1 3 2 32 37 8 7 0 
8 0 53 65 55 9 2 3 
4 5 70 60 72 9 3 7 
4 5 63 11 48 6 8 6 
7 4 45 34 60 9 5 6 
4 2 53 72 41 4 4 1 
1 1 4 39 69 6 8 3 
0 1 29 19 35 6 5 0 
5 7 41 55 44 7 3 6 
7 1 63 44 72 7 7 5 
8 0 64 89 40 3 8 7 
8 1 0 80 40 9 4 6 
4 2 15 76 49 7 5 4 
5 2 18 71 58 8 3 5 
8 0 42 39 66 6 6 5 
9 3 33 67 53 6 9 9 
3 8 29 32 51 2 5 1 
4 5 44 56 20 8 3 9 
7 5 33 51 32 1 7 3 
4 0 58 54 76 2 1 3 
4 3 28 53 45 9 7 4 
7 3 35 95 58 3 2 5 
7 7 28 65 50 7 6 3 
0 6 32 73 53 3 4 2 
6 2 23 50 30 8 2 8 
1 9 49 24 30 6 5 7 
6 5 16 7 45 4 4 6 
2 0 17 42 69 8 8 3 
5 6 1 53 33 5 3 1 
8 0 64 32 55 7 1 6 
6 1 11 41 55 2 0 1 
9 5 65 56 46 2 7 9 
4 5 53 48 27 3 0 2 
7 3 25 44 51 0 7 2 
6 6 33 53 18 8 8 9 
0 8 16 22 88 1 4 9 
9 6 34 75 61 0 1 4 
0 2 17 3 42 2 5 8 
3 6 0 54 67 5 0 7 
2 5 18 67 52 9 3 8 
1 3 27 0 35 1 9 9 
9 2 41 35 63 6 5 9 
0 4 58 20 49 9 4 6 
5 0 6 20 84 8 1 9 
4 5 39 50 45 4 0 0 
4 7 30 51 79 7 0 2 
2 3 61 58 72 0 6 6 
8 6 10 52 20 0 3 0 
3 3 39 56 75 5 7 7 
4 8 48 29 38 9 9 0 
1 0 27 63 82 2 4 9 
0 1 27 49 68 6 7 5 
3 0 18 73 55 6 0 5 
8 7 29 68 38 6 9 0 
5 8 10 32 57 5 7 9 
1 9 9 64 76 6 8 8 
5 9 39 29 55 9 8 8 
8 1 29 56 56 1 1 8 
1 9 61 52 55 6 0 0 
4 4 7 59 75 6 3 0 
3 4 52 62 41 5 1 8 
9 5 28 46 65 5 2 2 
1 6 14 37 53 0 9 0 
1 8 42 50 57 1 3 3 
8 5 42 22 48 3 2 6 
6 3 41 62 41 5 0 6 
8 7 14 53 46 5 1 0 
0 8 52 38 22 4 4 8 
6 8 41 67 29 9 0 1 
4 3 46 66 47 1 9 7 
8 0 12 60 96 4 4 2 
5 2 34 73 29 8 8 1 
4 0 7 57 57 2 5 2 
7 4 26 78 32 9 8 7 
4 8 40 33 30 8 6 7 
9 6 35 64 59 9 5 5 
6 7 47 62 22 7 9 2 
9 4 10 97 67 6 8 5 
7 5 22 62 78 5 3 0 
6 2 25 50 20 6 6 7 
3 4 10 47 44 7 4 8 
3 9 36 32 25 0 1 7 
4 2 69 26 42 3 8 0 
5 3 34 50 47 6 9 6 
4 8 65 36 29 0 7 7 
4 2 3 59 34 8 7 2 
0 8 39 34 32 8 6 0 
1 1 0 59 9 4 2 2 
6 0 66 70 71 5 2 2 
5 3 23 25 79 5 8 2 
1 4 58 66 57 9 1 1 
3 4 12 21 58 1 4 9 
1 1 37 63 24 4 9 9 
3 7 24 32 62 1 5 1 
1 8 0 36 53 2 6 7 
8 1 42 54 49 8 5 2 
4 5 23 70 22 6 7 2 
3 0 33 51 30 3 3 3 
2 6 57 44 27 9 5 1 
9 2 35 46 37 3 3 8 
1 9 34 87 64 9 1 2 
8 8 18 56 62 1 5 7 
4 3 21 58 41 4 4 5 
3 0 66 72 47 3 3 3 
0 7 0 0 49 9 1 6 
6 7 8 58 79 9 1 1 
1 0 38 35 19 1 0 3 
3 6 60 31 67 1 6 9 
0 3 1 65 12 5 2 8 
5 9 35 24 38 1 2 8 
9 4 37 56 36 8 5 4 
7 3 16 48 34 7 6 2 
8 9 17 83 36 8 3 3 
3 7 68 100 90 2 7 5 
4 8 16 7 77 7 0 8 
6 3 18 85 46 3 0 5 
4 1 31 54 50 6 0 6 
5 0 28 31 29 7 4 7 
8 1 34 80 67 3 2 5 
0 5 0 36 17 7 8 5 
9 5 0 40 53 2 9 1 
8 7 48 31 92 5 1 1 
2 9 28 67 31 7 1 0 
0 8 8 76 33 6 5 0 
4 0 19 4 37 5 7 3 
6 4 53 31 64 2 9 8 
1 1 39 31 69 3 6 7 
5 8 61 85 52 5 3 7 
5 1 17 28 87 1 0 4 
2 8 7 43 48 3 6 0 
9 9 0 70 32 3 2 3 
2 6 0 15 35 0 8 7 
4 4 60 67 31 2 1 3 
0 9 12 83 74 4 9 7 
9 1 24 70 45 2 7 7 
7 7 0 65 39 7 9 2 
3 3 33 88 38 4 5 6 
0 0 63 25 45 0 9 6 
3 3 59 43 67 9 7 3 
0 0 61 88 68 8 0 3 
5 2 46 22 69 7 1 6 
3 1 28 28 29 3 6 5 
8 2 18 48 62 1 8 7 
6 1 31 60 42 8 9 3 
1 8 60 47 57 8 7 3 
8 5 0 39 85 7 5 7 
3 3 42 79 50 2 5 2 
0 8 4 29 30 7 5 7 
3 6 8 53 8 6 6 1 
4 4 21 67 24 0 7 4 
0 3 16 37 54 6 4 0 
8 8 33 71 22 2 1 3 
9 1 47 48 51 3 5 9 
4 9 8 55 30 2 0 7 
1 7 29 44 83 9 8 5 
3 7 26 23 64 8 7 4 
7 1 56 25 40 4 2 1 
6 7 60 22 68 2 8 5 
2 7 42 50 26 2 0 2 
5 7 75 71 60 8 0 9 
6 1 13 0 65 4 8 0 
8 7 5 55 86 4 6 1 
0 4 37 59 34 0 5 1 
5 5 37 22 74 8 0 9 
9 0 7 41 60 8 0 8 
4 0 34 68 44 3 1 5 
2 3 21 33 71 4 3 5 
0 6 38 56 62 2 5 4 
4 9 33 62 49 3 6 3 
2 3 12 52 47 0 3 7 
8 0 13 34 65 4 3 5 
3 3 42 51 46 0 9 1 
6 6 31 40 44 8 8 2 
2 7 68 44 63 9 1 0 
3 5 21 39 25 7 5 9 
3 8 29 59 27 6 2 3 
8 9 0 61 48 3 4 1 
9 6 5 82 43 9 8 9 
0 4 37 66 48 8 8 2 
5 4 22 46 55 0 6 7 
5 5 47 56 53 6 8 5 
6 8 30 67 63 0 2 6 
1 4 37 41 24 3 9 4 
7 9 31 19 3 3 7 8 
4 6 43 70 54 1 3 4 
4 4 56 78 72 6 4 8 
0 6 29 40 81 4 0 8 
6 0 22 45 42 5 5 5 
0 3 52 43 36 4 6 7 
2 7 42 33 49 0 7 7 
6 2 58 49 54 9 4 1 
2 8 49 11 63 1 5 1 
6 1 29 70 45 4 0 8 
5 0 13 57 22 9 1 1 
5 9 42 74 32 7 8 0 
3 1 32 52 16 4 0 2 
7 9 70 67 16 6 4 8 
6 7 14 23 67 9 0 7 
0 2 21 57 54 0 3 0 
9 6 38 49 58 7 6 3 
2 2 28 60 70 4 3 7 
6 4 44 53 55 1 0 1 
9 4 20 56 46 4 6 1 
5 6 63 47 33 5 7 0 
9 1 9 42 32 7 6 4 
5 5 37 75 70 3 8 9 
5 7 66 5 40 7 1 9 
2 7 64 38 85 7 5 3 
0 9 26 30 16 6 4 9 
5 4 20 62 98 0 5 1 
6 4 14 51 25 3 1 8 
4 8 25 55 42 1 7 3 
5 8 52 25 91 0 7 7 
5 9 27 73 54 4 7 4 
0 8 16 106 57 9 9 4 
5 5 38 78 65 8 6 2 
5 1 34 79 39 7 9 3 
9 3 24 37 53 7 7 0 
1 6 30 75 49 4 4 0 
3 6 9 60 57 9 5 6 
8 1 39 6 61 4 4 2 
4 1 46 67 25 0 5 1 
8 2 11 87 50 5 0 6 
1 4 28 61 52 2 1 7 
0 0 10 14 49 9 8 3 
7 8 57 38 7 3 3 2 
3 5 52 21 15 3 7 8 
6 2 13 64 33 7 8 6 
6 5 16 70 24 6 4 7 
6 3 26 66 73 0 5 0 
7 9 48 68 34 0 5 2 
8 1 58 28 49 1 9 6 
9 7 31 64 53 6 1 7 
0 3 51 25 94 7 5 7 
1 9 27 77 59 4 9 2 
7 0 29 48 28 7 3 3 
0 1 44 17 23 1 5 6 
2 7 18 78 21 4 0 5 
5 1 10 56 47 3 4 3 
1 0 3 59 60 7 1 0 
3 9 32 2 52 9 8 1 
9 7 37 57 36 9 5 8 
7 6 25 112 68 0 4 4 
8 1 23 15 58 4 2 3 
4 2 69 44 53 9 4 7 
0 1 43 59 83 4 9 2 
0 4 35 41 65 8 4 1 
5 2 71 22 84 7 4 8 
9 9 20 59 36 2 5 4 
0 4 45 94 36 4 4 5 
5 2 45 5 22 0 8 2 
2 5 48 63 9 6 1 4 
0 9 25 23 58 9 5 2 
5 5 49 62 19 9 0 7 
3 3 27 77 48 0 5 8 
1 1 53 31 17 4 1 3 
2 8 51 56 43 0 3 9 
3 0 40 60 14 5 1 8 
4 2 45 66 63 0 0 4 
7 2 45 26 33 4 0 7 
3 7 70 38 49 6 5 6 
9 9 37 81 58 6 9 6 
1 6 3 54 71 5 4 2 
6 0 50 41 13 9 9 5 
6 6 54 24 35 0 3 0 
3 7 61 58 89 0 1 4 
7 0 67 46 77 7 6 9 
8 2 57 56 32 7 6 1 
6 2 15 31 56 0 2 3 
9 4 69 102 31 6 8 2 
6 4 41 56 61 6 4 1 
4 8 4 42 41 0 9 9 
3 1 5 61 23 5 2 3 
1 8 9 76 69 1 5 6 
4 6 30 86 51 2 7 1 
3 8 44 40 56 3 3 8 
3 3 50 55 45 6 8 8 
9 4 28 22 57 1 3 6 
4 4 0 36 55 5 7 2 
3 7 44 53 38 4 6 0 
7 6 11 54 6 2 1 3 
6 9 7 51 17 7 3 8 
5 8 37 88 22 3 4 8 
3 0 3 46 29 4 3 0 
6 8 34 56 71 0 8 4 
4 8 2 38 16 8 7 8 
1 9 33 37 72 6 6 1 
4 6 45 65 27 0 7 9 
6 3 32 52 34 8 3 6 
4 1 9 50 61 2 4 0 
7 1 33 88 53 9 1 7 
7 1 31 37 17 9 8 0 
1 6 65 56 66 4 0 0 
9 5 45 12 81 1 6 3 
1 1 11 67 51 6 3 9 
5 4 25 52 54 7 9 0 
9 0 32 37 42 4 6 5 
0 0 0 52 52 7 2 6 
8 6 31 39 53 4 7 0 
7 8 51 79 55 3 4 3 
5 0 35 70 20 7 5 4 
9 9 76 45 49 9 7 1 
4 9 0 41 64 1 7 9 
8 3 27 42 11 4 3 8 
8 6 58 37 46 0 3 4 
2 0 35 40 62 4 0 6 
2 5 34 76 42 4 1 7 
4 1 49 35 57 4 7 1 
2 2 24 47 41 2 1 2 
6 5 28 60 47 3 0 7 
2 7 8 73 44 6 1 1 
3 9 45 28 43 6 3 2 
2 0 0 46 74 6 4 5 
7 2 25 24 75 3 1 0 
3 1 4 70 87 8 6 0 
6 6 16 56 17 4 3 9 
4 0 29 56 74 4 1 4 
0 1 34 42 89 2 5 8 
0 8 59 86 44 3 1 8 
6 0 0 64 52 1 3 4 
2 5 35 44 25 5 0 5 
3 1 40 92 65 4 4 2 
7 6 10 68 34 7 1 5 
3 1 21 31 67 3 1 5 
1 3 38 51 61 5 8 6 
3 7 17 28 70 3 4 5 
5 5 36 43 47 5 6 6 
0 3 50 50 55 5 9 0 
7 9 15 37 36 5 7 3 
5 2 0 60 53 3 1 9 
1 8 42 29 43 8 4 5 
1 9 41 53 68 9 1 7 
5 0 17 59 68 5 8 2 
5 1 32 36 36 6 8 7 
9 4 27 75 39 8 7 5 
5 4 17 81 31 4 8 9 
8 2 16 74 31 3 3 7 
2 3 0 77 71 6 2 6 
4 0 50 37 61 7 0 1 
1 8 63 61 48 2 6 5 
8 2 22 50 66 3 1 6 
4 5 33 42 45 4 6 3 
0 3 14 18 42 4 6 7 
8 4 36 39 106 3 6 6 
2 5 48 57 59 5 2 2 
2 0 1 47 80 3 1 0 
7 5 66 57 38 8 7 7 
8 8 35 48 34 6 6 4 
1 7 34 49 54 3 0 3 
4 8 34 76 51 5 4 0 
4 0 62 28 72 0 3 9 
8 7 36 85 33 8 4 6 
8 5 20 31 47 0 3 2 
2 5 20 57 40 0 7 3 
7 0 35 61 36 9 0 3 
2 0 57 73 24 4 6 8 
3 3 63 7 41 2 1 4 
5 4 0 23 51 1 1 4 
1 8 22 56 45 7 3 9 
3 2 17 61 38 5 1 9 
0 5 38 15 75 2 9 0 
1 1 20 40 65 3 9 1 
9 5 47 56 98 4 4 1 
8 9 35 31 40 7 3 7 
8 7 18 52 41 7 0 9 
5 3 36 72 37 8 6 9 
6 5 0 62 12 0 1 6 
0 5 66 32 45 8 0 0 
9 4 37 36 49 1 6 2 
5 5 23 52 42 4 9 9 
7 5 31 51 41 7 4 6 
2 5 2 60 33 0 5 0 
6 9 19 68 67 2 5 3 
9 2 35 61 45 7 4 5 
7 3 51 87 42 2 6 4 
7 6 47 14 46 5 2 4 
7 0 33 25 62 8 5 5 
2 6 0 56 75 6 3 4 
9 8 31 48 66 0 7 9 
1 8 19 41 79 6 5 1 
9 2 2 68 33 6 2 2 
0 6 10 48 7 9 7 6 
2 0 39 50 62 7 8 2 
5 5 45 65 17 9 1 0 
2 3 28 61 87 2 4 0 
9 0 27 65 36 3 0 5 
2 3 21 63 80 3 5 2 
7 4 10 60 94 1 7 6 
3 7 24 45 28 3 4 4 
1 2 44 48 19 0 5 9 
2 3 30 55 47 4 2 7 
4 3 17 98 66 1 0 6 
6 2 2 31 27 7 3 2 
6 7 46 72 33 5 6 9 
8 8 19 25 83 8 7 3 
6 7 0 20 56 3 4 8 
3 9 11 55 25 8 3 0 
1 7 47 58 45 9 7 8 
9 7 39 72 52 3 3 3 
2 6 15 67 73 3 4 9 
7 6 33 46 54 9 0 5 
5 2 40 26 64 9 8 8 
8 1 39 0 31 3 3 5 
9 0 15 42 71 7 7 3 
1 7 48 25 40 8 7 2 
5 7 47 83 62 9 7 1 
1 6 37 59 69 4 2 9 
1 8 21 54 39 4 2 3 
0 5 10 25 16 8 7 0 
9 3 47 13 25 5 3 3 
4 0 27 47 89 2 2 7 
5 7 33 53 60 2 4 7 
2 5 55 45 75 5 4 0 
6 4 48 66 33 0 6 9 
4 7 13 48 38 9 1 6 
0 0 55 21 50 4 6 6 
9 3 17 58 48 1 3 0 
2 7 38 55 44 1 3 2 
2 1 0 24 64 7 9 5 
4 7 32 56 52 7 3 5 
7 1 31 55 43 4 9 8 
8 7 28 83 89 0 7 9 
8 8 49 62 68 5 9 8 
7 3 31 37 62 8 2 6 
4 1 31 66 28 1 1 9 
0 6 20 63 41 1 3 4 
4 9 12 63 59 4 7 1 
2 9 34 38 45 7 4 5 
0 2 8 46 51 3 9 8 
6 6 11 48 63 2 7 5 
7 7 48 44 21 6 8 1 
6 2 39 89 83 1 2 5 
1 1 15 16 82 1 2 5 
7 0 2 43 77 6 6 1 
3 7 25 82 64 4 8 2 
6 0 24 8 30 2 9 7 
1 2 0 80 5 2 9 1 
5 4 47 31 19 6 4 3 
2 5 50 66 56 0 9 1 
1 2 49 60 11 5 4 3 
3 0 49 36 74 6 6 9 
9 0 34 70 40 1 9 7 
4 2 0 80 53 0 6 0 
3 5 57 65 53 1 9 7 
7 8 48 72 79 8 1 5 
4 8 8 27 21 4 3 2 
5 2 51 42 35 6 6 2 
7 0 30 68 42 7 5 8 
3 4 55 35 15 6 6 1 
4 7 53 45 65 3 2 9 
4 9 58 53 52 7 9 4 
6 0 26 66 31 6 9 6 
5 8 26 74 54 7 0 3 
0 4 25 41 81 1 1 2 
9 1 1 45 70 7 3 5 
3 3 35 67 57 8 6 1 
0 6 64 42 19 0 5 6 
1 7 34 67 34 7 9 6 
0 1 23 72 54 6 2 1 
2 0 0 50 27 7 0 6 
0 9 46 44 60 2 9 8 
4 1 41 44 41 1 0 5 
2 3 35 63 26 7 2 1 
6 3 35 39 45 7 9 5 
2 7 35 30 36 2 1 0 
7 6 7 50 51 8 6 9 
9 0 5 34 32 8 0 4 
9 4 32 39 44 9 5 2 
5 7 47 46 58 7 9 4 
6 9 54 39 51 0 6 4 
7 2 52 67 69 9 8 1 
7 9 26 11 59 3 9 1 
2 0 35 58 68 8 4 9 
2 9 20 53 46 8 0 4 
3 3 35 31 35 2 4 5 
9 8 2 46 57 8 3 3 
2 6 35 82 48 2 3 7 
5 7 24 70 53 3 6 2 
7 1 76 42 49 7 4 3 
7 6 12 0 40 5 9 8 
3 6 0 22 40 4 2 4 
1 6 60 109 58 2 5 2 
2 1 7 54 69 2 2 3 
5 1 19 18 48 6 2 0 
1 1 38 25 36 7 4 3 
8 8 24 37 53 4 9 7 
8 8 29 37 42 9 5 7 
0 1 2 68 50 8 9 6 
0 0 6 29 58 8 6 4 
5 3 14 53 59 5 6 5 
0 0 22 58 74 4 5 5 
6 1 50 18 50 1 7 8 
7 6 12 36 33 3 0 1 
2 3 54 52 25 2 2 3 
0 1 0 19 48 9 9 5 
0 6 23 79 78 3 7 4 
0 2 14 56 33 2 8 6 
6 5 50 18 23 4 9 1 
3 3 13 31 19 4 5 7 
9 4 54 65 45 9 0 9 
0 1 30 70 22 6 6 0 
6 8 52 72 61 6 9 8 
8 4 28 38 74 9 3 2 
5 7 34 51 53 2 9 2 
1 7 30 59 89 1 7 8 
8 6 0 69 58 6 0 5 
7 0 37 78 67 8 8 5 
3 9 47 62 54 3 0 5 
9 2 30 40 65 9 0 4 
5 8 54 40 27 1 9 0 
1 3 6 78 55 2 4 2 
6 5 69 61 60 1 8 5 
0 7 55 79 81 3 6 3 
7 1 39 60 26 8 6 5 
3 3 62 60 64 7 2 0 
1 5 51 46 41 1 0 6 
3 2 44 48 18 7 4 5 
0 6 35 42 20 9 5 2 
3 2 47 37 53 1 5 2 
9 6 30 57 74 8 4 3 
7 8 70 42 74 6 4 6 
6 0 20 78 19 3 9 2 
9 4 0 14 41 2 9 5 
1 2 56 20 24 7 7 8 
4 6 3 66 79 3 6 6 
5 1 13 53 39 5 5 8 
1 6 23 50 63 4 3 5 
0 4 0 31 31 7 9 7 
5 3 14 64 52 1 6 5 
1 0 25 86 60 2 0 6 
1 6 26 41 47 1 9 1 
6 6 37 38 47 7 6 2 
2 5 11 57 40 9 5 5 
0 2 38 15 60 8 1 5 
6 5 8 37 60 0 8 6 
8 2 44 90 60 7 3 0 
2 7 16 44 47 7 0 8 
7 9 37 37 97 3 0 6 
8 7 30 30 83 4 3 5 
1 0 2 61 36 1 6 9 
6 1 39 52 49 0 2 1 
1 7 37 55 46 0 1 7 
5 5 0 61 73 7 1 6 
9 8 52 59 25 4 4 2 
3 2 48 80 55 9 7 1 
1 2 55 5 98 1 0 6 
5 4 48 43 67 5 6 4 
5 6 19 70 59 5 1 4 
2 2 57 35 17 1 2 7 
7 4 20 30 39 6 5 3 
4 1 0 48 47 1 1 6 
1 1 21 29 20 7 7 6 
7 5 9 49 60 7 6 9 
3 3 52 58 43 1 5 7 
7 1 58 28 45 6 3 4 
8 4 0 0 69 0 0 6 
7 6 8 59 39 5 4 5 
0 3 65 36 67 3 8 2 
4 4 22 71 35 4 4 6 
3 3 18 64 46 2 9 2 
5 0 39 49 44 0 3 4 
7 8 32 23 17 2 9 1 
5 0 35 70 45 1 9 4 
8 5 87 61 43 4 3 7 
6 6 10 62 36 8 8 4 
9 3 0 19 81 5 2 6 
9 3 50 55 54 4 9 5 
7 6 53 52 50 7 3 8 
8 8 50 25 28 8 1 4 
6 2 49 46 37 4 4 8 
6 1 22 51 57 4 8 1 
4 4 50 60 45 6 7 4 
6 3 32 21 53 1 2 3 
4 7 3 64 57 3 4 5 
3 2 24 46 51 6 4 8 
5 0 36 83 31 3 3 9 
1 6 35 45 80 5 1 4 
7 3 7 55 62 1 3 4 
9 5 10 28 42 6 1 7 
2 0 13 33 0 5 5 4 
5 3 14 57 98 9 6 6 
8 5 18 80 44 0 2 9 
9 3 27 70 59 1 4 0 
3 2 4 62 24 7 5 2 
6 4 7 60 42 7 7 3 
4 1 60 60 52 5 3 8 
9 6 2 0 47 1 3 5 
4 3 11 58 55 3 4 5 
6 7 30 45 37 5 9 2 
8 7 21 8 14 4 5 3 
8 6 5 71 39 2 0 0 
4 3 59 80 29 7 7 8 
5 0 33 69 74 9 5 5 
2 9 73 65 56 6 0 6 
5 7 23 12 52 4 0 1 
8 4 19 35 70 5 2 4 
2 8 27 50 17 9 5 9 
5 7 34 61 35 9 4 7 
9 6 39 42 56 3 6 7 
1 5 16 56 77 7 2 9 
0 4 32 35 68 3 8 8 
6 8 31 45 57 6 5 7 
0 1 28 33 73 8 6 9 
5 1 5 52 29 3 6 5 
6 6 32 43 92 5 5 6 
5 7 75 6 61 8 6 3 
9 7 31 48 21 4 9 7 
1 3 2 88 63 2 1 8 
4 4 2 58 84 8 2 7 
8 2 9 50 60 2 7 5 
7 4 9 64 42 9 2 5 
1 9 14 30 25 1 8 3 
6 2 17 61 52 2 1 2 
8 6 40 58 76 0 0 2 
3 5 44 83 53 5 0 7 
7 4 4 62 26 0 1 1 
7 4 0 47 60 6 9 5 
1 1 13 53 44 9 0 2 
9 5 56 35 0 0 8 3 
7 1 27 30 43 7 4 0 
4 1 46 20 76 2 7 0 
5 4 29 73 60 0 2 0 
9 1 26 25 38 5 7 4 
5 3 15 23 39 6 5 0 
4 0 0 45 10 8 9 6 
6 3 62 49 56 1 0 7 
1 3 28 70 55 6 0 6 
7 9 17 38 58 3 6 6 
1 8 48 54 42 0 1 2 
9 2 41 57 48 2 3 6 
3 7 38 60 38 7 0 7 
8 4 0 46 27 6 7 3 
9 7 46 51 75 6 6 0 
5 9 39 11 70 4 7 4 
3 0 48 73 47 2 2 0 
8 6 35 44 42 3 8 0 
7 0 8 55 35 1 7 3 
2 4 10 51 10 3 0 2 
0 0 50 58 38 2 1 6 
5 7 55 54 48 5 7 7 
5 3 35 44 60 7 4 7 
3 9 0 0 45 2 2 2 
6 6 0 0 52 5 5 8 
5 3 19 65 26 2 7 5 
3 0 48 50 39 7 6 1 
7 9 29 69 48 9 5 0 
2 5 17 70 51 1 1 2 
1 4 49 27 31 2 5 2 
5 1 54 60 61 3 6 0 
1 3 21 71 75 7 3 2 
0 4 27 64 56 3 8 6 
4 7 9 68 25 7 7 3 
8 3 36 86 64 7 3 4 
8 4 59 22 26 8 2 7 
5 4 36 58 59 3 1 6 
0 6 68 23 49 0 7 8 
5 7 53 19 55 1 3 8 
1 0 13 42 60 8 9 9 
5 6 28 82 68 1 3 9 
2 3 1 20 96 2 8 3 
8 3 20 38 56 3 5 4 
6 5 23 40 34 5 8 6 
7 7 36 57 44 3 9 2 
0 7 7 56 97 2 7 3 
9 3 30 10 12 1 4 0 
4 1 5 61 53 7 5 4 
3 0 54 61 53 7 3 6 
4 2 33 53 12 2 4 6 
9 8 19 14 41 3 5 4 
1 8 28 48 19 2 3 5 
5 3 33 67 46 8 8 1 
1 6 47 61 58 3 5 1 
6 4 20 61 59 4 4 3 
5 7 22 95 57 3 1 5 
8 8 48 51 49 4 7 7 
9 2 29 38 47 4 9 3 
8 6 27 44 21 4 9 7 
8 1 28 32 25 7 2 2 
6 3 31 30 72 6 6 3 
5 6 50 52 74 7 9 9 
2 0 77 38 32 6 9 1 
5 0 23 44 26 0 3 5 
5 6 57 12 73 7 6 3 
2 3 13 20 16 3 1 8 
9 8 28 45 43 0 9 6 
9 4 55 24 34 9 5 0 
5 5 69 44 46 8 1 9 
9 2 40 20 52 2 7 0 
5 1 56 31 67 1 4 0 
4 4 0 38 50 5 3 2 
0 5 35 75 43 4 7 2 
4 1 9 86 48 4 4 2 
6 4 54 34 12 4 4 0 
3 3 32 43 12 5 9 4 
4 0 26 79 59 4 8 1 
9 7 20 21 10 1 6 9 
9 8 0 52 50 0 3 1 
0 7 53 31 50 4 6 8 
5 7 77 25 49 6 0 1 
4 0 54 60 17 2 6 1 
3 0 37 91 84 1 2 5 
7 5 76 56 55 3 9 0 
9 5 39 71 63 5 0 7 
8 9 44 70 80 0 2 3 
5 3 34 24 96 6 6 9 
9 4 27 32 54 1 3 8 
1 6 70 29 64 3 4 1 
9 2 15 99 54 6 3 2 
2 4 63 53 70 7 5 6 
4 5 25 70 4 6 5 2 
5 8 30 83 77 1 6 6 
8 8 39 65 53 0 9 2 
8 2 5 110 20 1 1 6 
2 8 63 105 92 2 9 1 
6 9 18 34 41 7 7 5 
0 4 55 42 36 2 2 5 
4 2 40 52 47 2 8 3 
3 9 60 49 19 9 1 5 
1 8 22 80 45 6 8 5 
8 2 34 45 50 9 8 6 
1 9 78 60 17 8 1 7 
2 9 8 85 41 3 2 0 
3 6 50 79 66 3 4 2 
4 4 35 64 71 0 7 5 
1 9 11 44 36 7 5 9 
5 0 44 44 35 6 2 2 
3 8 30 52 36 4 7 9 
8 0 44 43 53 2 8 0 
5 8 49 29 15 5 1 3 
3 8 59 35 78 0 2 2 
5 5 49 55 56 4 7 9 
8 0 18 3 61 2 9 2 
0 0 38 29 62 7 6 9 
4 5 27 23 53 8 2 5 
0 0 14 35 47 1 2 6 
9 2 0 73 25 7 1 1 
4 8 3 61 20 9 1 4 
8 4 13 46 48 0 8 4 
0 9 3 52 42 8 1 3 
5 8 15 67 44 2 0 3 
0 0 27 64 36 0 6 9 
9 8 49 98 18 7 7 9 
0 0 87 34 27 0 5 3 
5 8 34 52 35 5 9 5 
1 6 28 34 38 1 3 4 
2 2 21 47 65 7 4 1 
5 4 55 62 38 0 9 5 
8 2 37 51 46 7 0 1 
6 3 24 58 37 8 3 7 
4 8 15 51 38 9 7 2 
6 1 0 46 57 7 0 6 
1 2 0 50 45 3 5 7 
1 3 23 43 52 5 0 6 
2 4 35 37 74 9 2 2 
3 4 80 87 60 8 7 6 
9 3 74 65 47 0 2 2 
0 5 24 47 39 5 6 3 
9 7 32 95 54 7 8 9 
7 6 19 62 63 2 3 3 
1 7 0 65 57 4 5 3 
7 3 47 40 58 8 0 4 
7 4 38 56 50 5 2 5 
7 4 7 68 97 5 4 2 
1 8 21 51 31 6 3 2 
5 2 31 73 61 9 0 4 
4 3 39 27 64 4 6 8 
4 3 12 18 53 7 5 4 
4 5 31 87 36 8 8 7 
4 2 71 62 61 5 6 6 
6 0 29 26 47 1 9 6 
3 1 53 78 72 2 1 5 
7 3 48 57 34 2 3 4 
8 7 51 50 43 1 3 6 
1 6 46 45 50 9 4 5 
7 9 37 53 53 5 6 5 
9 3 66 32 0 3 1 1 
1 3 67 23 62 1 0 2 
3 3 3 48 65 7 4 6 
1 2 45 58 49 5 7 2 
4 8 63 83 47 5 7 8 
4 8 28 47 84 6 7 7 
4 5 1 95 63 7 0 2 
4 5 0 74 72 3 9 8 
1 4 50 44 45 1 4 7 
9 7 21 27 46 6 7 7 
9 7 72 65 59 4 3 3 
6 7 40 72 10 8 4 7 
3 6 47 49 36 9 2 5 
4 7 57 64 40 0 7 2 
2 9 49 50 50 1 1 4 
0 3 52 46 47 3 5 0 
7 9 53 51 50 6 1 7 
7 9 16 67 35 6 1 7 
3 7 57 79 59 4 3 6 
1 3 17 56 35 4 8 0 
2 6 66 66 26 9 5 0 
7 4 32 34 35 1 5 6 
8 6 32 74 74 0 5 2 
2 5 22 39 1 0 0 8 
1 2 79 40 29 1 3 0 
3 6 0 74 63 5 3 0 
5 3 28 54 14 1 3 6 
2 0 74 43 45 6 9 6 
2 7 3 46 18 6 5 8 
5 6 21 41 34 4 0 9 
5 3 23 74 41 5 3 7 
3 2 28 90 14 3 3 9 
9 9 47 25 64 2 5 3 
7 8 29 46 26 3 5 9 
7 0 12 79 30 8 1 8 
0 9 49 58 42 8 1 4 
3 4 20 29 47 0 9 9 
4 3 30 44 68 2 8 9 
9 7 58 28 58 9 4 6 
6 2 64 30 80 0 1 6 
8 6 52 46 49 4 6 8 
6 2 54 51 34 3 8 9 
0 7 47 34 31 9 3 2 
6 0 51 17 20 2 6 6 
1 0 0 32 56 1 9 0 
8 4 26 33 60 6 1 3 
5 5 14 14 26 0 6 4 
8 7 53 9 57 8 6 5 
9 5 25 77 42 1 9 1 
1 3 40 47 37 9 5 6 
5 2 28 57 42 4 7 4 
7 4 33 38 20 2 0 2 
6 2 43 69 47 4 2 0 
8 1 24 64 64 1 0 4 
7 2 0 50 25 6 7 5 
7 3 53 29 21 0 8 4 
9 0 26 86 21 9 1 7 
2 3 34 109 36 7 8 5 
0 1 32 26 22 8 1 1 
6 2 32 33 58 0 3 3 
2 0 14 32 68 5 3 7 
3 1 24 47 96 6 2 3 
4 1 57 67 42 9 2 5 
9 0 21 53 19 6 3 4 
0 5 26 73 50 9 0 2 
1 7 14 10 68 3 3 4 
0 8 0 41 15 2 3 2 
3 9 7 72 72 8 9 1 
7 4 22 52 36 5 8 2 
7 2 29 37 48 7 9 7 
5 3 19 72 48 2 5 6 
8 9 46 66 86 0 5 8 
8 8 31 58 63 7 6 9 
5 6 7 42 58 3 5 0 
4 1 42 41 52 3 2 9 
7 4 29 20 42 9 0 5 
5 2 40 45 70 9 1 1 
9 1 37 29 66 3 4 9 
6 5 13 86 55 3 0 2 
5 1 37 42 37 0 7 8 
8 8 0 42 77 6 9 4 
1 6 70 44 40 7 2 0 
4 8 39 57 53 3 6 7 
0 5 0 19 51 7 7 6 
6 6 50 77 24 7 7 0 
1 7 27 52 12 5 8 5 
7 0 18 16 24 1 0 1 
8 1 50 66 55 1 1 4 
4 7 33 60 71 6 5 8 
0 4 47 30 18 7 6 5 
6 3 13 60 76 0 0 0 
3 2 38 80 24 3 7 8 
5 3 22 73 75 3 4 5 
6 3 34 89 62 6 7 2 
3 3 19 52 78 1 2 3 
5 7 55 41 32 3 1 2 
3 6 27 4 50 0 7 1 
7 5 49 79 71 8 6 7 
6 8 0 64 14 3 0 1 
7 2 20 30 58 5 0 9 
0 3 51 59 41 3 7 7 
5 6 35 20 101 2 8 1 
9 0 44 75 67 4 5 7 
1 2 21 13 72 4 5 1 
1 0 10 40 45 9 1 7 
9 8 14 66 70 9 7 8 
7 6 66 62 51 6 6 2 
3 8 58 53 75 9 4 4 
2 7 33 47 32 5 6 2 
8 2 2 37 65 6 4 3 
4 8 26 0 35 8 7 3 
7 7 5 67 81 6 3 6 
7 3 15 50 65 1 3 5 
2 9 19 52 41 5 4 2 
1 2 23 32 47 1 0 3 
1 0 29 34 40 9 7 7 
0 1 6 46 44 5 8 1 
9 4 57 87 39 0 9 9 
8 5 27 56 42 9 6 6 
1 6 22 56 61 3 5 2 
2 9 44 63 40 8 8 8 
0 0 26 63 4 8 1 9 
5 3 17 84 45 0 4 9 
3 1 15 84 38 0 3 5 
1 2 34 55 62 9 2 5 
9 8 43 51 38 8 7 4 
6 9 21 38 59 3 9 5 
8 0 0 48 70 6 7 3 
5 9 16 21 12 1 6 1 
1 4 18 50 36 3 3 2 
6 9 32 63 34 5 7 4 
7 3 27 27 48 6 2 8 
6 0 15 38 52 6 0 5 
6 7 22 62 56 0 6 0 
1 5 21 21 50 5 5 6 
0 3 37 71 18 3 6 5 
0 6 40 76 10 0 8 1 
6 7 62 55 22 7 1 2 
5 2 0 40 34 3 4 0 
2 8 18 43 36 5 9 5 
7 5 43 83 60 0 2 3 
7 7 31 54 68 4 5 0 
2 4 34 36 19 0 3 4 
3 3 26 33 86 5 3 7 
3 6 53 12 52 1 1 6 
8 5 36 64 108 1 4 4 
8 0 51 48 51 4 9 1 
5 7 9 41 71 3 5 5 
3 8 0 27 50 2 4 4 
2 9 21 46 31 2 8 2 
7 7 14 50 28 7 7 2 
7 0 34 37 6 9 2 5 
2 2 0 27 39 0 9 1 
3 8 7 9 33 5 4 2 
9 7 11 24 64 6 7 7 
5 3 0 87 62 2 8 1 
9 5 17 18 35 1 9 7 
0 3 19 50 49 9 6 2 
7 0 46 70 94 4 7 9 
0 8 28 65 93 1 0 4 
4 6 34 62 52 2 7 6 
6 2 32 42 27 5 3 5 
0 5 49 31 46 8 6 9 
6 1 14 39 45 3 2 3 
5 0 62 0 46 4 8 4 
6 5 51 76 51 3 7 6 
2 9 59 44 63 6 5 6 
5 1 21 23 47 1 3 1 
6 7 9 52 46 6 1 7 
2 2 34 73 84 3 8 0 
2 6 87 38 103 1 6 0 
9 9 43 38 77 9 6 7 
7 0 10 39 58 4 3 3 
9 2 30 67 74 6 5 3 
2 1 48 46 51 3 9 4 
1 3 57 28 39 7 0 6 
7 2 2 45 39 2 5 0 
2 6 23 55 57 0 7 3 
0 2 60 56 33 1 4 9 
7 7 29 26 59 8 7 5 
5 7 8 34 42 1 1 6 
1 6 4 78 59 4 7 0 
3 7 49 62 61 1 5 1 
9 0 26 76 57 9 2 6 
3 5 0 44 44 0 3 7 
3 7 41 36 28 5 3 2 
3 4 6 41 43 3 2 2 
0 2 14 59 48 2 5 6 
2 2 15 40 52 2 5 7 
8 4 84 52 33 2 1 5 
5 1 12 15 51 0 4 8 
9 3 20 53 97 3 3 1 
8 0 34 40 71 9 0 5 
6 4 27 41 38 6 8 1 
7 4 0 69 58 0 7 5 
3 9 0 91 55 9 5 0 
5 2 33 44 37 0 1 8 
2 6 65 39 44 7 2 0 
2 7 24 82 58 2 7 3 
3 5 23 43 38 6 9 8 
1 3 18 92 50 3 4 6 
3 8 20 43 80 2 4 6 
5 1 17 75 60 0 1 9 
3 4 7 52 53 6 0 0 
6 0 29 29 58 3 1 4 
0 3 39 48 68 5 9 1 
4 2 34 69 30 7 2 7 
6 8 21 37 19 3 7 6 
7 1 16 30 19 2 0 7 
8 6 26 41 41 6 6 9 
9 2 17 68 33 8 5 2 
3 3 25 35 44 9 5 3 
7 8 6 55 54 8 6 4 
0 0 66 53 35 6 5 2 
8 6 47 29 57 8 4 0 
9 0 34 22 70 0 6 8 
3 9 25 66 61 0 4 0 
1 9 42 61 90 7 9 2 
0 8 45 52 28 6 0 2 
6 4 0 31 50 4 6 5 
7 7 25 46 45 5 2 4 
3 3 16 58 38 8 0 9 
5 2 26 67 61 7 0 8 
6 0 16 46 44 5 0 7 
3 8 21 86 112 2 0 3 
2 4 36 43 4 8 0 6 
4 7 31 18 43 4 3 5 
2 7 7 22 13 9 1 8 
2 5 0 28 34 5 7 1 
7 9 19 50 62 4 0 5 
6 4 48 34 44 7 2 3 
5 5 4 99 73 6 8 2 
5 8 0 25 29 9 8 3 
9 4 36 81 56 4 7 4 
5 5 19 45 58 3 5 5 
7 0 43 67 47 4 8 0 
9 4 0 69 40 7 6 7 
9 6 49 64 121 0 0 5 
7 2 35 78 47 3 2 1 
3 4 43 31 31 4 6 2 
4 0 42 98 36 4 0 4 
5 1 17 60 45 5 4 6 
6 6 47 70 82 0 8 3 
1 4 34 80 59 8 8 1 
4 2 31 65 62 5 3 8 
7 8 24 53 76 9 1 3 
5 2 38 17 44 1 2 9 
7 5 0 63 8 8 8 0 
0 3 12 97 20 7 7 1 
5 7 39 28 56 7 5 0 
9 7 42 35 88 3 5 7 
2 1 32 73 62 2 5 2 
2 6 50 88 63 0 4 2 
6 7 49 60 49 7 3 2 
4 0 32 60 84 6 0 9 
3 9 37 22 83 8 4 4 
7 6 76 48 28 8 5 8 
4 6 0 32 90 3 2 1 
9 0 44 65 94 2 1 7 
3 0 43 49 43 8 7 1 
1 5 20 28 66 7 6 2 
1 4 43 50 60 5 7 5 
1 0 84 31 25 0 6 9 
0 0 2 64 65 3 6 3 
1 5 48 34 46 0 7 9 
6 1 48 17 35 1 8 2 
9 6 6 28 34 2 2 0 
6 7 24 60 42 5 2 9 
1 1 19 41 43 1 5 4 
1 9 27 47 30 9 3 0 
7 0 35 34 42 1 4 6 
5 8 8 56 59 7 1 0 
8 9 18 55 55 4 2 5 
8 1 39 51 55 3 4 4 
8 1 42 62 79 8 3 5 
6 0 36 34 50 5 1 3 
8 2 41 46 66 6 1 3 
5 5 48 11 42 5 5 0 
5 6 35 77 91 6 8 3 
2 9 21 56 43 6 4 6 
6 3 24 54 43 1 1 3 
6 0 26 99 90 0 7 3 
3 5 33 35 29 6 1 4 
7 5 53 54 103 8 6 4 
5 6 2 33 47 8 5 3 
6 9 9 38 71 2 7 2 
0 3 17 69 65 0 5 3 
2 4 9 42 37 0 7 6 
7 1 28 22 49 1 8 9 
0 6 42 42 37 0 7 2 
7 3 0 73 67 9 2 3 
5 5 61 65 70 1 0 5 
5 2 27 0 52 8 3 9 
7 9 31 56 38 4 2 8 
1 6 35 53 47 5 4 9 
8 8 0 58 52 7 8 8 
6 6 26 29 65 4 2 4 
2 8 51 52 47 9 2 0 
0 6 40 71 83 3 2 0 
6 3 23 68 87 0 7 7 
2 9 34 0 27 3 7 3 
0 7 48 60 42 7 4 8 
8 4 66 30 61 7 9 2 
3 8 24 64 40 6 4 1 
7 3 71 76 0 9 2 3 
6 6 0 69 67 6 8 0 
5 0 11 58 33 7 7 0 
3 8 43 28 48 3 1 7 
0 3 22 43 33 0 3 2 
8 2 25 71 92 9 8 2 
7 3 62 41 44 7 3 6 
9 0 19 62 88 4 0 9 
5 6 39 84 18 9 0 4 
6 8 35 89 72 6 0 8 
2 5 9 61 62 0 4 0 
0 0 48 47 12 3 2 3 
2 3 71 85 91 0 6 8 
3 9 11 55 67 5 5 3 
7 7 19 46 30 6 8 6 
2 1 4 62 67 7 5 3 
9 4 64 59 61 3 0 5 
5 3 20 72 56 2 2 6 
3 0 29 49 36 0 8 3 
4 3 32 59 51 6 8 5 
9 1 55 72 48 5 3 4 
6 5 5 56 27 4 7 4 
6 5 29 39 59 5 2 4 
3 7 45 55 75 9 2 2 
6 8 56 47 62 6 5 7 
2 6 16 46 28 1 5 8 
7 6 57 50 75 1 4 2 
7 8 39 53 64 4 2 7 
9 2 38 54 45 8 3 9 
4 9 0 38 44 4 5 8 
9 3 19 59 60 4 5 3 
8 9 24 27 46 1 7 7 
9 6 21 41 72 8 1 5 
6 5 9 64 66 8 2 6 
9 0 25 88 76 2 1 0 
2 9 10 75 14 5 1 6 
4 9 57 68 52 2 9 8 
8 5 56 27 49 7 0 5 
9 5 39 70 29 5 9 7 
1 8 12 72 13 4 8 4 
8 6 40 38 17 5 3 5 
4 5 2 24 56 3 1 4 
7 3 52 38 35 5 9 6 
5 7 21 57 35 4 3 9 
1 9 43 63 4 9 8 9 
2 0 34 27 78 5 6 5 
4 2 31 56 56 1 0 6 
4 4 19 43 22 4 1 8 
7 4 25 33 48 7 0 2 
6 7 16 72 82 0 4 5 
7 6 40 51 43 2 0 6 
4 7 50 41 51 5 6 2 
2 1 47 105 84 6 3 8 
7 2 48 46 35 5 1 5 
8 8 29 58 45 9 9 5 
8 6 43 47 78 1 5 6 
5 9 0 17 38 3 8 6 
5 1 25 43 77 5 6 4 
9 5 11 95 47 4 5 0 
9 1 26 61 57 0 5 0 
0 7 48 51 65 4 5 8 
3 0 56 31 86 7 8 3 
3 0 16 95 46 0 5 3 
1 2 49 48 65 3 4 9 
8 7 7 60 28 5 8 8 
8 0 16 28 44 8 6 7 
5 2 23 33 27 6 6 2 
6 9 21 44 69 6 0 1 
7 1 34 69 74 0 4 8 
1 5 53 23 35 5 6 9 
4 2 38 95 53 5 1 6 
4 9 12 40 54 8 3 8 
4 1 33 82 99 5 3 2 
5 4 29 19 32 7 7 2 
6 4 22 26 122 2 6 6 
7 0 49 48 41 5 6 6 
8 5 28 59 54 9 8 6 
1 2 44 79 60 9 7 4 
8 1 34 51 83 0 8 1 
3 6 39 48 45 1 0 2 
4 1 0 34 60 3 6 6 
1 2 34 28 24 9 9 4 
4 5 6 37 31 0 3 1 
1 4 28 15 24 4 5 2 
1 9 40 63 68 1 6 1 
4 1 40 73 66 9 4 8 
0 7 13 44 71 8 1 4 
6 0 59 56 18 6 6 1 
5 4 29 46 42 2 6 1 
6 4 32 41 50 7 7 3 
7 9 0 64 28 2 4 6 
2 6 40 57 60 5 5 4 
7 2 19 81 59 2 4 7 
7 3 33 57 85 4 1 7 
1 3 34 47 36 6 5 9 
9 9 15 87 54 2 2 3 
8 7 13 25 65 4 3 2 
9 5 29 38 31 3 5 9 
7 7 64 27 58 8 0 2 
7 5 5 53 68 4 0 4 
1 7 44 43 47 4 1 4 
2 1 19 47 57 5 4 1 
3 9 11 57 24 1 4 9 
8 3 17 52 56 7 8 9 
3 1 25 49 39 5 2 6 
4 8 21 48 56 2 9 1 
4 3 51 43 67 1 1 3 
5 9 44 83 57 1 4 5 
4 3 48 44 20 3 6 7 
8 4 0 34 34 7 4 7 
9 8 51 29 25 9 6 9 
5 0 19 47 42 9 5 7 
9 1 22 35 34 7 2 3 
0 0 58 57 38 8 0 6 
4 2 25 38 47 9 9 2 
3 3 49 31 42 0 0 7 
3 3 45 18 75 5 9 9 
7 2 9 47 61 5 1 5 
6 5 36 31 22 8 9 7 
7 1 26 54 64 8 2 4 
4 6 0 56 58 1 8 6 
9 2 19 66 78 0 5 9 
7 7 18 38 16 5 0 4 
1 4 22 58 61 7 4 8 
7 3 45 98 74 6 1 4 
6 0 69 47 69 9 2 8 
5 5 38 48 19 9 9 4 
7 8 25 56 33 3 1 9 
2 1 59 57 21 1 4 2 
4 4 34 6 41 4 6 2 
2 2 45 82 38 0 6 9 
6 9 29 63 79 8 8 1 
5 6 30 66 34 0 3 0 
1 3 29 34 49 7 6 9 
5 4 49 37 47 3 0 1 
9 4 39 0 81 0 1 4 
3 4 30 42 32 3 0 8 
2 9 36 75 53 6 6 5 
8 6 45 42 74 8 3 4 
5 3 0 20 53 0 9 0 
7 5 17 0 75 9 5 0 
1 5 29 59 34 9 6 3 
2 2 0 48 33 4 7 6 
9 6 0 44 14 7 2 5 
5 2 38 28 88 6 2 0 
6 0 43 54 60 3 3 3 
8 9 18 78 2 9 8 7 
0 0 18 76 52 9 4 0 
3 7 69 56 47 5 8 1 
6 2 22 62 33 1 8 0 
1 7 36 68 20 0 3 8 
0 8 0 56 5 9 7 4 
3 7 19 17 56 8 0 5 
8 6 39 15 72 7 4 4 
3 9 22 23 47 0 4 4 
9 0 30 68 55 2 5 0 
3 0 15 48 9 1 7 5 
4 6 50 14 28 6 3 1 
0 5 19 52 70 5 0 9 
8 6 25 18 29 4 5 6 
2 0 22 36 68 5 2 4 
5 5 15 46 58 0 5 9 
9 3 17 68 52 4 5 1 
8 6 19 55 44 2 7 7 
6 2 10 43 41 3 9 2 
5 3 68 84 31 2 9 9 
8 8 29 55 56 9 3 1 
0 5 34 42 14 0 9 2 
5 5 25 64 61 5 6 7 
7 0 49 49 28 3 4 8 
5 4 67 37 17 5 9 3 
9 3 36 61 65 3 6 7 
0 2 48 43 69 0 9 0 
2 3 64 73 29 5 7 5 
4 4 17 56 47 6 0 6 
5 1 20 19 63 5 4 2 
7 1 22 71 53 3 0 6 
9 6 0 32 91 8 3 7 
2 5 70 42 16 3 7 2 
1 1 8 35 30 4 3 7 
9 3 9 35 61 3 5 1 
5 5 0 39 55 3 8 4 
0 7 51 43 58 1 1 9 
0 8 0 39 25 3 8 5 
3 6 39 41 72 7 2 5 
1 8 48 45 85 7 1 0 
7 9 12 48 77 2 1 8 
9 9 5 82 51 2 3 5 
8 6 0 32 54 2 1 2 
6 1 30 61 54 6 1 9 
0 2 0 86 40 0 0 1 
7 9 68 47 27 2 8 7 
7 4 28 46 61 3 1 7 
1 4 16 28 93 7 2 3 
2 4 13 20 24 8 4 0 
6 3 40 62 74 1 1 0 
4 3 38 83 48 4 8 9 
0 3 23 56 73 6 6 7 
6 2 17 74 36 8 4 1 
4 2 69 56 71 2 7 1 
0 1 13 34 5 3 1 7 
7 4 27 85 31 7 0 4 
6 4 28 42 24 1 5 8 
5 0 44 41 75 4 3 1 
8 7 38 81 2 6 8 3 
2 2 35 42 75 7 0 5 
2 5 46 22 39 1 0 7 
3 3 9 0 45 2 2 6 
6 4 11 27 43 5 5 0 
6 8 0 39 57 6 8 7 
3 7 20 87 73 8 6 0 
6 1 30 61 35 0 4 7 
3 6 32 51 48 7 5 4 
3 8 38 43 81 9 5 0 
2 2 41 84 54 9 6 1 
0 2 2 33 56 1 4 1 
5 5 32 49 16 1 1 8 
3 1 13 46 83 3 0 0 
2 6 78 57 48 6 2 0 
0 4 50 74 63 5 1 9 
0 5 37 47 55 1 0 2 
2 3 72 34 30 6 7 3 
3 7 21 39 52 0 4 0 
0 8 36 65 48 8 1 8 
1 8 56 56 23 2 4 6 
8 8 15 77 58 6 8 8 
7 6 42 84 59 6 8 1 
2 7 43 32 29 7 4 7 
6 7 28 85 43 9 3 9 
2 7 28 23 30 4 1 6 
5 3 69 91 45 3 2 2 
5 7 0 53 68 3 9 2 
2 1 17 36 47 3 7 6 
8 9 27 64 48 5 1 7 
8 5 49 23 51 9 3 4 
1 5 48 45 47 3 3 7 
4 8 43 101 43 2 3 6 
6 0 43 54 26 1 2 1 
3 3 29 115 76 1 0 5 
0 6 25 34 23 6 1 7 
7 1 39 53 79 5 4 6 
9 1 61 88 47 2 8 4 
6 9 24 52 48 8 7 2 
5 6 33 37 26 6 2 6 
6 4 65 40 20 5 9 0 
4 1 46 78 77 9 0 6 
7 0 45 43 64 0 4 2 
7 6 32 92 74 0 0 4 
0 3 43 69 15 0 9 0 
2 0 52 48 23 3 1 4 
4 6 50 20 70 3 4 9 
4 9 42 94 33 1 4 5 
0 1 35 71 64 2 2 5 
1 1 30 47 60 7 0 6 
0 9 59 2 47 8 9 7 
7 1 26 30 25 7 6 1 
8 9 65 34 8 2 4 6 
0 9 28 19 62 3 5 8 
9 9 35 46 18 4 7 5 
7 3 42 49 34 8 0 2 
2 9 46 51 60 9 6 0 
7 9 12 50 40 3 1 6 
4 0 18 39 45 2 0 9 
2 3 80 46 44 8 6 5 
3 5 21 62 12 1 7 2 
9 5 51 77 33 9 4 2 
8 0 30 61 61 2 5 5 
8 6 62 40 14 4 5 9 
9 5 16 72 33 5 8 1 
6 7 24 19 53 7 5 9 
8 6 48 58 68 9 9 0 
4 5 39 35 18 2 9 5 
6 7 15 57 59 5 1 4 
4 6 5 59 37 9 8 6 
6 0 1 61 46 9 8 7 
9 4 62 65 73 6 1 2 
3 3 23 43 89 8 6 0 
7 3 15 42 34 7 9 5 
0 9 13 46 39 0 3 1 
4 1 43 59 85 1 7 8 
3 0 0 68 60 7 6 1 
6 2 38 68 92 2 3 5 
4 7 17 54 28 7 0 7 
5 4 35 38 47 0 4 8 
9 1 52 30 46 5 6 9 
9 9 39 55 51 8 2 6 
1 0 40 45 50 5 8 7 
7 4 29 83 68 2 1 5 
3 8 43 72 44 2 6 0 
7 2 21 50 61 6 8 1 
7 3 36 26 33 2 5 6 
8 9 16 39 73 0 2 9 
9 3 14 73 69 6 9 1 
8 6 21 64 40 1 4 5 
4 9 29 50 45 1 0 5 
6 6 14 22 50 4 8 4 
2 7 43 55 22 7 0 2 
8 6 25 20 75 3 2 4 
5 9 41 48 46 0 7 0 
8 4 34 36 56 2 6 4 
9 6 16 57 57 3 6 3 
0 5 26 47 72 7 6 9 
9 6 60 40 90 8 9 3 
7 7 24 45 60 9 7 5 
6 2 32 66 52 5 0 7 
7 5 33 53 53 2 2 1 
0 2 30 23 24 3 4 9 
8 9 17 76 60 3 6 2 
8 3 3 0 74 3 5 3 
2 6 29 63 37 3 6 6 
0 5 42 60 77 5 3 6 
5 4 13 50 48 9 4 2 
2 3 21 30 59 6 4 4 
4 3 17 72 12 5 2 4 
6 8 33 36 61 7 7 6 
7 0 0 56 62 6 2 7 
9 0 37 93 9 0 1 4 
2 3 22 44 43 8 2 5 
1 5 11 51 48 1 5 7 
6 9 41 17 105 3 5 6 
5 4 0 20 44 9 9 8 
6 3 55 50 25 2 6 5 
0 7 24 36 69 8 9 1 
2 0 0 72 50 9 7 2 
4 1 41 45 54 6 1 2 
3 3 40 44 41 8 6 5 
3 4 28 31 53 0 1 7 
2 1 5 60 75 8 8 0 
6 5 43 38 65 3 0 1 
7 7 44 22 57 4 0 9 
8 2 13 9 82 1 1 4 
2 9 38 35 48 8 5 8 
8 3 21 80 67 9 7 8 
8 9 41 26 30 2 5 1 
5 3 0 24 46 3 3 4 
5 8 28 66 59 3 2 6 
8 0 3 37 70 5 9 0 
3 9 20 20 28 4 9 6 
7 1 35 57 16 1 8 9 
0 1 30 56 79 6 8 3 
6 3 36 61 28 3 6 7 
7 4 12 34 74 2 9 0 
6 1 40 59 65 7 3 8 
3 6 51 33 45 2 3 5 
3 9 38 46 53 4 9 1 
1 3 49 71 55 7 3 2 
2 5 38 41 41 8 3 6 
0 6 36 36 39 1 8 1 
7 0 37 64 37 7 7 5 
0 4 45 65 55 7 1 1 
8 8 57 56 38 2 9 5 
5 0 52 29 72 3 5 8 
4 4 63 64 29 3 1 1 
9 2 43 65 56 7 3 9 
3 8 44 22 62 1 7 8 
3 4 59 82 56 6 6 0 
3 3 49 49 29 9 1 4 
2 7 55 42 20 4 1 7 
2 2 32 56 41 1 0 8 
7 2 38 33 26 3 5 4 
0 5 11 46 35 1 5 0 
9 4 58 52 29 0 9 5 
8 6 63 45 22 2 3 1 
3 2 16 40 42 3 5 4 
4 2 35 47 45 3 4 9 
9 1 15 30 36 7 2 0 
0 8 11 41 56 6 7 7 
1 8 6 23 66 7 0 8 
6 3 33 33 72 8 7 8 
8 2 31 47 78 0 0 8 
2 9 57 90 61 2 5 1 
0 4 44 34 75 0 9 2 
7 3 29 31 80 3 8 6 
9 6 26 22 29 6 4 7 
5 6 78 46 11 9 4 2 
0 9 10 93 51 4 7 0 
4 6 22 39 27 9 8 7 
1 3 15 11 40 6 6 0 
0 1 61 62 40 3 1 4 
9 0 0 63 46 3 4 4 
7 0 31 53 45 6 9 2 
8 5 45 33 60 6 8 4 
9 4 2 28 42 6 3 4 
6 7 42 67 7 3 1 4 
5 3 61 46 60 3 5 1 
4 1 18 72 51 0 7 3 
9 3 18 70 29 2 9 0 
4 5 0 54 46 4 5 2 
0 7 0 16 70 7 6 7 
1 6 0 28 96 2 3 1 
6 8 58 20 31 6 4 2 
3 6 54 44 39 2 2 5 
0 1 32 54 119 4 9 0 
7 9 59 56 36 9 1 0 
8 5 57 61 83 3 9 7 
6 1 22 13 38 5 0 5 
1 7 43 67 60 1 3 1 
1 9 0 18 70 1 5 6 
6 0 32 46 23 7 2 1 
0 2 37 34 60 9 9 1 
1 7 34 62 55 6 9 6 
8 0 35 34 22 3 3 6 
8 5 38 41 39 1 8 5 
9 2 38 10 55 7 4 3 
7 4 38 23 77 1 4 0 
0 5 40 34 49 1 2 4 
3 7 11 35 61 5 1 1 
8 6 0 58 46 7 5 6 
2 3 20 52 49 6 3 1 
9 7 28 36 40 8 0 6 
7 1 32 29 61 1 4 9 
9 2 12 66 11 3 2 8 
6 6 15 70 47 2 9 5 
4 8 66 87 14 7 7 3 
7 7 59 80 17 4 8 8 
5 8 24 33 59 2 2 2 
0 4 2 41 23 8 2 3 
3 5 6 27 27 3 5 1 
2 4 28 75 77 9 9 4 
7 9 10 31 58 2 2 8 
0 5 55 31 76 3 9 8 
1 0 17 32 41 6 7 8 
9 8 25 19 72 2 3 5 
9 6 43 32 59 6 2 7 
8 0 19 80 0 9 6 2 
0 8 39 58 54 7 9 4 
5 6 0 60 37 0 9 5 
5 1 65 47 67 6 7 9 
1 0 33 24 87 5 6 1 
9 6 35 53 43 8 6 7 
5 2 50 41 59 6 8 2 
4 5 27 80 51 4 3 3 
0 2 64 51 82 4 4 9 
6 5 19 57 52 2 4 5 
8 5 72 68 25 9 1 9 
5 5 43 53 62 1 7 9 
0 6 0 34 61 4 0 3 
5 9 41 75 60 6 3 3 
9 4 1 32 46 7 0 5 
3 5 52 68 64 0 4 3 
1 7 43 10 67 1 3 1 
8 3 16 68 51 3 6 5 
2 0 30 49 55 2 2 4 
7 7 20 34 63 4 4 3 
5 6 37 75 26 8 4 1 
0 3 57 11 59 2 4 4 
6 3 21 52 62 6 3 9 
0 1 7 56 78 0 7 6 
6 1 54 86 81 8 3 9 
5 5 0 41 26 1 3 1 
1 7 43 9 64 4 2 2 
3 0 35 32 68 9 8 1 
8 3 41 58 99 6 9 6 
2 8 4 57 63 2 0 5 
3 5 7 29 48 0 0 8 
4 3 25 23 79 7 7 6 
3 1 0 31 18 3 0 7 
0 3 27 47 30 9 7 2 
0 6 77 79 78 7 7 9 
1 8 23 37 77 4 0 6 
7 5 22 32 74 9 9 6 
2 6 54 79 34 6 4 7 
6 8 13 40 19 8 2 7 
2 8 0 86 52 9 4 8 
0 6 51 58 14 6 1 5 
0 1 60 58 51 0 5 7 
7 9 29 30 71 4 3 4 
4 9 48 35 0 4 0 8 
3 0 34 36 14 4 7 3 
7 2 40 61 70 6 6 3 
7 1 16 65 52 4 6 5 
1 1 20 66 42 1 1 7 
2 5 43 81 0 6 1 6 
6 2 35 67 59 7 5 2 
3 1 28 36 102 1 6 1 
3 4 14 56 69 3 7 3 
7 4 32 44 19 2 0 8 
8 4 32 61 73 8 4 5 
6 1 30 54 99 1 0 0 
1 0 32 23 37 8 6 8 
3 9 40 71 74 4 7 6 
6 6 39 62 81 8 4 5 
5 8 30 41 76 7 1 5 
9 2 34 80 61 1 7 2 
1 2 21 16 41 5 8 4 
5 6 57 24 24 6 2 7 
6 8 56 58 29 2 0 6 
4 4 19 77 42 5 6 5 
9 3 28 54 36 3 6 1 
3 8 47 56 76 0 4 4 
2 7 39 33 57 2 8 2 
2 7 35 78 66 0 8 6 
1 3 50 42 44 1 0 4 
8 7 30 61 44 8 3 3 
1 7 61 66 37 1 0 6 
1 1 18 53 78 9 3 1 
2 3 33 62 42 4 7 3 
8 0 55 61 33 9 6 0 
4 9 32 16 31 9 6 7 
8 7 22 36 33 1 2 2 
0 6 52 40 67 1 1 8 
8 2 69 35 49 2 4 2 
8 6 23 36 54 1 7 7 
0 4 40 28 70 2 2 6 
4 1 32 77 57 8 8 8 
5 8 13 2 63 5 8 5 
1 8 16 30 66 3 3 6 
4 5 34 49 31 4 9 0 
0 8 19 53 52 1 8 2 
2 4 49 25 66 4 0 8 
0 0 38 74 3 2 1 9 
1 5 32 45 38 4 9 3 
7 7 26 41 52 3 3 6 
3 2 44 14 92 5 9 6 
3 4 40 34 49 4 0 6 
4 0 44 66 46 6 3 7 
2 5 13 52 15 2 3 5 
0 3 21 42 52 5 8 5 
0 8 41 50 71 9 0 5 
8 4 33 32 67 2 1 0 
4 8 20 35 51 7 0 6 
2 5 61 59 70 6 2 6 
3 1 25 62 31 8 7 5 
9 1 0 62 37 1 4 6 
8 3 17 85 32 4 3 9 
7 6 47 81 33 5 0 8 
2 6 10 32 46 8 4 3 
5 9 7 77 31 8 1 8 
1 3 36 81 44 0 0 2 
3 7 21 59 65 9 6 3 
2 5 0 50 52 8 5 3 
0 8 5 50 33 4 9 8 
2 6 31 49 45 0 7 0 
4 7 0 33 44 7 9 0 
4 2 55 72 59 0 4 0 
4 1 19 54 50 8 6 0 
9 1 31 70 52 7 2 2 
8 9 7 19 22 2 6 6 
6 5 30 22 24 6 0 4 
9 6 61 59 75 7 4 4 
3 4 7 43 31 6 8 7 
8 6 40 70 83 8 0 2 
9 3 2 27 79 6 2 0 
4 6 58 42 65 8 1 0 
2 9 57 92 47 9 8 5 
8 3 0 76 36 5 3 6 
9 5 10 75 49 7 5 2 
2 5 1 41 52 4 5 5 
9 3 43 14 34 5 6 1 
8 8 26 32 54 0 0 6 
0 4 66 24 26 7 7 3 
4 5 50 48 45 7 9 5 
6 2 28 82 49 3 4 3 
2 5 13 86 46 9 5 8 
9 7 0 54 30 5 4 5 
2 1 0 55 49 2 3 1 
1 0 6 39 18 8 9 6 
8 2 0 40 70 4 1 3 
7 2 0 6 29 6 3 7 
2 1 65 54 40 1 1 0 
1 6 23 77 90 6 9 7 
7 1 29 51 19 1 2 2 
6 7 32 35 30 6 4 9 
0 4 42 41 65 3 6 3 
9 6 23 56 27 0 6 8 
8 5 0 58 26 1 7 3 
4 5 14 42 45 3 7 5 
1 2 18 83 44 4 9 0 
4 6 78 51 61 8 6 0 
1 4 47 56 62 2 0 6 
0 2 27 90 71 8 6 9 
5 2 53 67 70 2 9 3 
7 5 25 64 32 2 8 8 
1 8 43 49 21 5 9 9 
6 5 0 45 51 3 7 3 
8 3 43 62 28 8 7 3 
2 8 63 87 79 3 0 2 
6 7 43 62 58 0 6 0 
4 9 9 39 54 7 9 3 
5 3 68 87 42 4 3 9 
9 0 22 69 45 9 5 1 
3 5 30 60 48 7 1 2 
6 8 0 70 6 6 7 5 
7 6 8 55 36 8 1 8 
7 9 16 63 69 7 2 3 
7 0 0 72 30 8 0 1 
5 9 57 61 59 1 3 1 
4 6 23 56 46 7 6 7 
5 6 43 40 39 0 6 6 
9 7 34 33 109 4 8 7 
4 2 72 78 93 1 8 7 
3 9 11 33 53 5 8 0 
0 0 41 65 51 4 4 0 
9 7 30 36 78 8 1 5 
5 2 36 44 44 2 3 4 
9 9 50 48 63 5 1 3 
4 4 47 73 42 7 4 9 
2 7 29 55 59 4 6 6 
1 1 9 40 41 3 9 8 
6 3 14 49 49 7 3 0 
0 6 12 81 42 9 6 7 
4 5 21 40 34 7 5 4 
1 5 18 54 37 0 7 1 
4 1 48 42 42 8 2 6 
0 8 14 22 75 2 9 9 
0 7 0 57 53 2 4 3 
3 8 50 55 54 0 0 6 
1 6 26 25 44 0 3 3 
7 7 40 64 84 4 1 8 
3 6 24 63 54 9 0 3 
3 0 6 34 39 2 2 9 
7 1 39 32 46 7 4 1 
5 1 54 58 96 8 9 3 
4 0 11 49 30 7 2 2 
1 1 6 27 48 4 7 6 
7 9 43 64 70 2 6 6 
5 7 70 70 54 8 3 2 
8 8 77 48 44 0 2 3 
0 2 13 45 51 8 4 9 
5 8 20 35 44 6 1 7 
2 3 9 70 30 0 9 9 
0 1 30 71 42 9 3 9 
8 8 19 40 43 3 1 8 
4 0 66 93 47 6 5 9 
5 9 0 78 66 4 8 0 
6 8 72 51 26 7 7 0 
3 7 29 53 66 2 0 7 
9 9 8 3 42 5 7 2 
8 0 48 8 70 0 9 7 
0 4 15 36 25 0 1 4 
0 1 29 25 20 2 8 1 
6 7 50 38 34 3 9 6 
9 5 43 28 62 9 4 6 
7 2 43 50 66 2 3 0 
0 8 43 59 74 8 9 1 
4 9 48 39 33 5 3 4 
9 6 55 32 60 0 0 7 
0 8 0 7 25 0 1 8 
7 1 25 21 42 4 1 8 
0 6 20 42 34 2 8 0 
4 8 15 61 31 0 3 3 
3 8 66 36 44 3 9 1 
3 2 68 66 51 5 1 0 
2 3 21 82 68 1 3 4 
9 7 13 51 72 8 6 9 
5 1 54 59 64 2 0 5 
2 2 44 47 56 7 4 5 
9 4 23 94 49 7 2 4 
1 8 41 54 47 2 3 7 
7 1 29 78 41 6 7 8 
3 3 17 77 17 0 2 3 
7 4 0 41 72 0 3 2 
4 9 36 12 56 7 6 5 
3 8 35 69 25 6 7 7 
5 3 23 102 38 4 3 1 
9 4 60 43 60 2 1 0 
6 2 0 67 49 9 5 8 
0 7 46 17 37 1 8 3 
0 8 0 50 78 5 7 3 
5 2 37 74 64 8 4 4 
6 0 36 28 18 5 3 5 
7 3 11 25 53 7 9 4 
1 9 9 37 57 8 4 6 
2 9 32 37 16 3 0 7 
5 4 33 12 7 9 5 7 
5 9 20 52 80 2 6 5 
9 9 47 10 59 4 7 6 
5 7 43 3 60 5 9 7 
3 6 39 56 91 4 7 1 
0 3 25 33 21 1 3 6 
1 2 51 91 51 9 9 4 
6 0 23 26 47 1 7 6 
2 0 20 72 66 4 4 8 
9 9 22 46 81 2 6 7 
7 7 31 73 45 5 6 9 
5 5 43 48 51 9 5 3 
5 2 0 60 38 0 8 0 
9 8 23 74 53 6 2 0 
6 3 28 28 46 1 4 1 
0 2 57 8 57 6 6 0 
4 5 0 39 27 6 0 8 
7 0 50 28 38 2 9 1 
0 3 59 45 20 9 0 0 
2 4 29 25 22 5 8 4 
1 3 52 59 67 8 7 4 
1 3 63 68 63 6 2 0 
2 3 11 46 60 3 4 0 
4 4 1 57 59 6 4 4 
4 7 39 62 64 2 0 5 
3 6 0 67 51 6 1 0 
8 4 21 50 72 2 2 6 
8 6 22 63 68 2 7 2 
7 8 35 59 50 3 8 9 
8 3 36 23 72 6 2 1 
5 5 9 63 67 4 3 0 
1 7 26 24 61 8 4 1 
9 1 54 53 60 5 3 9 
1 2 2 69 58 3 9 9 
5 1 0 63 64 3 7 6 
