8 2250
1 4 62 39 61 3 3 2 
1 1 12 14 52 5 0 7 
1 0 38 72 41 4 3 9 
4 0 27 32 57 9 9 9 
2 0 9 27 59 5 0 3 
2 3 21 23 13 1 2 7 
5 1 25 59 65 3 3 1 
1 4 52 46 22 1 1 5 
9 7 34 34 73 4 3 5 
6 3 10 46 29 7 5 2 
3 8 29 65 33 7 9 3 
0 8 16 63 41 8 1 6 
5 1 66 57 57 4 9 0 
2 4 36 69 85 7 4 8 
7 4 28 79 31 6 2 5 
2 6 41 58 81 1 2 2 
3 9 24 50 50 6 0 1 
7 3 21 61 82 5 5 9 
6 1 37 22 50 9 9 7 
9 6 22 6 23 1 3 6 
9 3 43 50 62 0 4 5 
4 0 64 69 19 1 8 3 
6 7 40 47 31 0 1 5 
5 6 13 62 11 1 8 7 
0 5 25 38 42 9 0 6 
8 6 41 23 86 3 0 6 
3 7 0 53 26 8 9 3 
1 8 21 30 87 2 9 4 
5 0 6 22 59 6 3 3 
8 6 41 106 27 5 7 5 
9 4 70 71 73 1 2 9 
4 6 49 52 27 0 7 6 
1 0 28 16 69 3 6 2 
6 8 26 64 64 4 4 6 
6 0 37 59 74 9 4 7 
2 4 43 68 53 1 9 6 
0 4 0 44 59 9 4 4 
6 6 0 33 70 3 9 3 
3 6 0 33 30 7 3 2 
5 4 26 54 46 6 7 9 
0 6 48 66 67 0 4 3 
2 2 23 64 53 4 5 5 
7 7 12 25 77 6 7 7 
3 8 26 50 27 0 7 4 
3 4 26 33 101 7 8 3 
3 1 26 31 60 0 9 0 
3 2 45 46 33 8 1 9 
7 9 59 79 45 1 4 2 
3 5 24 40 62 6 4 7 
3 7 35 70 76 1 8 4 
8 9 2 60 41 7 1 2 
8 8 71 48 83 1 6 6 
5 4 22 66 18 9 0 6 
9 6 36 53 28 3 5 7 
9 3 23 52 21 3 3 0 
9 9 39 55 47 6 5 2 
5 1 41 83 40 6 9 9 
4 8 46 67 45 5 0 1 
4 2 21 59 56 1 0 7 
2 4 33 41 54 5 9 7 
2 5 4 67 75 4 7 9 
7 6 45 43 89 5 5 4 
3 4 26 52 61 8 5 4 
9 9 79 47 44 9 8 1 
5 1 0 55 42 0 9 0 
5 1 50 54 58 6 2 7 
7 3 8 48 58 2 1 3 
6 9 31 96 44 8 0 8 
9 5 51 48 49 9 7 1 
2 6 16 5 38 1 0 2 
5 8 21 25 9 8 0 6 
0 8 23 31 53 3 1 7 
6 8 40 26 48 3 0 5 
8 3 20 74 22 9 0 4 
1 2 20 60 43 4 3 8 
9 1 24 41 73 6 0 5 
8 7 22 64 45 7 6 1 
8 5 45 32 69 5 3 1 
4 5 33 57 44 0 4 3 
6 2 43 56 63 3 8 1 
8 2 15 43 10 0 8 3 
5 7 52 78 22 8 0 9 
1 0 20 25 48 3 6 6 
0 6 30 37 46 8 1 0 
3 1 41 81 32 7 9 4 
5 0 49 30 87 8 8 1 
0 5 78 69 58 2 3 6 
2 3 8 23 35 9 7 4 
3 5 28 38 58 8 8 3 
4 4 34 38 45 9 1 1 
7 4 55 86 65 2 8 7 
0 1 30 53 39 1 2 7 
6 2 38 46 52 2 0 7 
6 0 30 60 36 3 9 4 
8 6 69 50 68 2 5 7 
4 6 43 38 61 2 9 5 
0 7 33 73 84 1 0 8 
0 2 21 92 59 2 8 9 
5 3 25 5 71 3 3 9 
8 0 32 89 31 6 1 3 
2 1 10 69 70 0 0 2 
4 1 24 40 20 5 7 8 
5 3 45 26 52 3 9 9 
8 1 26 59 29 7 7 4 
9 1 23 81 23 6 5 0 
9 8 31 24 42 8 1 3 
0 5 27 60 51 7 4 1 
4 8 33 50 46 3 3 2 
6 9 49 42 76 8 8 8 
9 8 37 45 73 3 9 2 
4 5 19 49 31 8 9 6 
7 5 32 66 29 9 5 1 
3 0 22 35 49 6 8 9 
9 7 52 74 75 7 6 8 
5 2 44 25 46 7 1 0 
2 5 4 5 71 3 7 8 
7 4 29 61 45 3 6 4 
1 5 0 24 77 3 0 6 
1 6 10 59 70 2 7 5 
3 8 56 56 52 0 0 8 
5 4 20 22 42 9 0 1 
9 5 0 59 15 3 7 2 
9 0 20 96 66 4 9 4 
2 8 48 91 51 3 4 4 
8 7 53 57 50 7 4 0 
1 2 6 52 50 8 0 4 
3 2 39 71 34 1 4 2 
3 6 56 64 67 1 0 6 
1 1 8 21 59 0 2 0 
4 6 52 23 26 6 4 6 
6 9 58 11 77 3 5 3 
5 2 25 61 68 7 0 5 
5 2 23 59 56 3 9 2 
6 2 53 63 57 7 0 6 
3 1 2 43 49 5 8 0 
6 0 39 53 21 5 7 9 
4 1 38 58 0 4 6 1 
9 8 23 38 60 6 2 9 
9 4 42 38 87 6 4 1 
7 7 67 69 32 8 1 0 
0 9 20 82 54 5 1 1 
5 4 12 80 26 4 7 5 
5 2 39 76 81 8 4 9 
1 5 39 20 36 7 9 4 
3 1 51 49 54 4 6 8 
6 7 0 67 61 8 9 5 
4 7 54 41 31 1 3 6 
9 9 10 30 13 1 6 5 
9 1 3 66 46 4 8 9 
4 3 0 45 51 7 3 8 
1 5 31 37 58 2 1 3 
3 5 13 47 50 2 1 9 
8 3 16 23 51 4 6 9 
1 4 56 27 71 9 3 7 
1 3 63 26 66 2 8 3 
2 3 1 67 71 4 4 9 
4 1 43 54 36 8 4 8 
2 7 24 47 43 7 6 7 
4 0 8 75 58 8 9 0 
1 6 14 14 40 7 0 2 
8 3 30 28 44 5 4 2 
4 9 31 43 25 6 0 0 
3 9 29 78 37 7 9 9 
2 5 56 50 64 6 6 7 
4 9 11 41 63 7 2 9 
2 3 34 55 76 6 5 8 
1 8 36 26 37 2 7 0 
5 0 28 72 61 6 2 3 
9 7 10 44 19 9 5 2 
3 0 26 18 40 1 7 9 
8 9 39 58 26 8 4 8 
9 3 32 45 74 8 8 9 
4 3 50 23 44 1 6 1 
6 4 37 67 30 8 3 9 
4 2 19 88 52 0 0 0 
9 1 18 66 52 8 1 1 
7 5 0 38 81 5 4 6 
0 4 17 64 49 4 4 9 
3 3 12 35 48 3 4 8 
6 1 30 39 63 6 6 1 
1 3 29 35 71 9 6 5 
8 3 57 97 26 3 9 4 
2 5 20 40 41 4 9 9 
6 0 47 30 79 4 6 1 
6 4 30 57 63 9 0 6 
3 9 25 41 33 1 9 0 
8 7 53 50 59 6 2 2 
2 3 51 66 72 8 9 9 
0 2 11 40 70 7 8 8 
8 9 30 56 78 0 5 9 
0 0 0 72 58 6 5 5 
0 7 11 45 33 0 5 5 
0 5 0 26 53 6 1 8 
6 2 49 77 33 4 9 8 
6 3 15 24 67 0 9 5 
0 2 0 42 64 7 5 0 
4 4 8 35 55 3 1 5 
9 0 22 12 35 1 5 7 
9 0 0 70 32 8 4 5 
6 6 12 45 21 6 8 3 
8 0 3 74 50 6 5 2 
6 8 50 73 48 5 4 0 
4 1 39 19 54 1 4 8 
9 9 20 64 78 3 9 8 
8 4 13 60 60 6 6 1 
9 5 50 48 33 5 7 8 
6 9 30 40 53 0 1 7 
7 5 53 56 53 1 9 5 
3 8 38 51 82 9 3 9 
7 6 10 8 16 0 3 1 
7 2 48 36 65 3 8 7 
7 2 0 70 8 3 1 9 
0 1 11 41 56 2 6 1 
1 6 38 52 37 5 9 7 
9 3 70 71 26 2 9 8 
7 2 2 56 83 6 9 0 
9 4 27 84 49 5 8 8 
9 4 22 48 80 9 9 4 
4 9 37 58 27 5 3 8 
7 1 23 43 84 4 7 0 
2 4 10 51 104 5 4 1 
5 4 29 83 40 9 8 2 
2 9 31 45 50 0 7 2 
5 4 20 43 94 5 9 0 
4 7 28 32 33 8 0 2 
5 0 14 39 56 1 6 9 
3 1 8 34 44 4 1 0 
1 7 55 58 32 8 6 1 
0 4 58 50 58 1 7 9 
5 1 79 52 30 6 6 2 
3 0 15 37 26 3 3 1 
7 5 47 95 39 4 4 7 
5 3 25 68 50 2 8 8 
2 3 23 74 30 3 6 3 
8 5 34 38 30 1 2 9 
6 6 0 55 63 4 6 4 
2 7 37 61 58 3 1 2 
5 9 33 79 32 5 6 4 
1 8 19 93 39 0 2 0 
9 5 32 68 56 8 3 5 
5 0 32 33 34 4 6 0 
5 5 5 26 34 8 5 9 
3 5 48 36 43 5 2 1 
7 4 22 59 28 6 4 7 
4 5 21 42 50 2 5 7 
3 4 0 57 33 7 6 7 
8 1 68 43 49 4 2 5 
2 7 44 79 19 5 0 6 
8 3 52 67 67 0 0 1 
5 5 10 41 30 0 3 5 
7 0 15 63 70 9 4 6 
1 3 37 45 75 4 4 1 
5 7 80 65 29 2 8 5 
9 4 16 34 4 0 2 7 
5 2 42 3 73 2 3 7 
2 3 44 113 41 3 3 7 
6 9 12 38 63 9 7 9 
2 6 43 35 35 1 5 8 
4 4 57 46 49 8 3 4 
6 4 25 77 35 0 2 3 
4 1 20 73 54 2 6 2 
3 6 27 44 48 5 4 4 
6 1 28 5 59 1 5 8 
4 3 13 51 47 7 3 6 
6 1 39 35 77 2 4 5 
0 3 42 49 66 9 6 2 
4 2 34 11 44 3 9 6 
6 6 21 54 24 9 1 2 
7 1 68 45 78 1 2 4 
2 7 0 72 69 6 2 6 
1 8 14 37 68 0 5 0 
6 5 20 30 56 8 0 1 
6 3 30 44 27 8 7 3 
9 5 7 70 20 0 8 9 
7 9 63 61 47 1 6 6 
3 5 55 41 52 4 7 9 
5 6 61 36 70 1 8 7 
8 7 9 44 44 7 2 1 
0 8 0 22 66 7 9 6 
4 7 16 58 29 7 8 1 
0 3 40 26 53 3 4 6 
0 2 32 64 55 1 0 6 
6 2 34 15 47 6 5 9 
0 6 23 60 60 8 1 0 
2 0 0 47 54 5 5 4 
5 0 47 52 1 1 3 8 
7 1 38 38 56 5 7 0 
0 5 59 71 45 2 8 9 
7 5 14 45 42 7 4 8 
1 0 59 21 66 3 0 2 
0 6 36 14 44 6 6 2 
9 2 4 57 69 2 8 9 
9 0 12 17 45 5 5 7 
7 2 3 27 45 8 8 6 
0 1 55 17 39 7 0 5 
7 4 41 55 36 7 6 2 
9 8 36 54 90 0 0 5 
6 4 25 61 12 4 0 3 
3 7 22 73 59 7 7 2 
2 4 31 60 70 0 9 6 
8 8 16 76 60 1 9 9 
2 1 74 56 24 1 0 0 
3 7 29 53 35 1 1 8 
3 9 16 48 67 8 2 7 
4 1 20 2 61 4 1 6 
0 3 26 49 41 6 1 5 
8 2 11 23 63 0 8 1 
9 7 34 55 79 4 8 9 
3 9 0 64 44 8 0 0 
8 8 22 26 61 5 9 1 
0 5 19 88 85 1 5 4 
3 3 22 28 62 5 8 7 
2 8 20 26 41 6 4 0 
7 9 55 75 54 3 5 5 
0 6 0 40 10 9 9 4 
2 9 10 34 62 5 7 3 
2 1 51 44 43 2 0 9 
5 9 0 5 0 1 5 3 
7 2 34 69 48 8 3 6 
0 0 50 60 46 8 8 0 
1 0 12 51 37 4 2 7 
1 3 7 31 80 3 9 7 
7 8 51 39 75 5 1 1 
0 3 68 57 20 0 5 9 
9 1 50 51 61 1 9 0 
6 7 21 55 69 8 2 8 
1 7 34 56 50 5 3 6 
9 7 44 14 50 0 3 2 
2 0 45 49 72 9 6 2 
4 7 21 42 63 3 9 6 
0 1 29 40 48 9 7 5 
8 6 7 27 40 7 6 3 
4 7 17 87 56 8 3 8 
7 8 37 39 26 4 7 1 
6 8 29 43 32 3 1 2 
6 8 28 82 23 6 7 6 
2 9 7 43 72 1 9 0 
9 0 58 23 47 0 2 5 
5 7 27 29 61 3 2 2 
2 0 39 32 51 6 3 5 
2 2 0 62 92 8 4 9 
4 5 48 42 53 2 3 2 
0 0 34 79 28 4 6 4 
2 4 48 25 82 8 2 5 
8 6 64 61 52 2 9 7 
6 8 38 31 51 6 7 2 
6 8 15 41 53 5 7 3 
3 1 19 72 54 9 5 3 
4 1 29 59 77 6 4 0 
9 1 2 91 116 6 2 4 
6 9 69 19 52 2 1 9 
2 3 39 19 51 2 7 0 
6 4 41 56 0 0 9 1 
5 0 25 47 43 3 0 3 
8 0 13 54 58 0 7 6 
9 6 44 55 13 7 7 7 
8 5 51 61 52 2 0 6 
8 2 48 13 39 0 6 0 
3 5 21 26 31 8 5 0 
1 4 38 59 74 7 2 3 
4 4 35 19 57 4 2 7 
2 5 13 49 49 8 7 3 
8 5 70 46 88 8 5 0 
4 6 23 54 63 8 4 9 
9 9 36 48 47 6 7 0 
8 1 37 53 39 8 1 0 
8 3 10 31 41 1 2 1 
3 7 0 56 57 3 1 5 
1 6 29 27 59 5 3 8 
4 7 21 33 80 9 4 8 
8 3 11 15 42 9 3 8 
6 9 12 45 59 5 3 0 
4 8 56 53 39 4 1 7 
3 7 28 45 47 3 2 1 
7 8 32 37 46 9 7 9 
6 0 15 21 58 6 9 5 
5 7 30 29 48 3 4 4 
7 8 22 7 82 0 3 5 
7 8 39 54 32 2 3 0 
0 7 35 38 83 0 9 0 
1 7 24 49 37 4 0 9 
2 0 32 63 53 2 7 3 
3 6 24 25 56 7 8 3 
0 9 61 46 60 0 5 1 
3 0 0 48 38 3 8 7 
3 6 25 38 66 9 9 1 
9 0 45 82 51 6 9 5 
2 4 18 59 68 0 1 7 
7 8 47 57 42 4 0 5 
9 6 11 58 56 6 2 3 
3 3 39 65 61 8 8 5 
4 9 34 65 70 2 7 1 
6 6 25 38 50 6 1 2 
1 7 29 43 37 8 3 9 
4 9 34 40 0 9 0 0 
6 4 50 58 20 4 3 0 
3 4 49 88 59 4 5 5 
0 9 52 43 61 2 5 1 
2 7 27 87 62 7 3 4 
0 5 0 13 32 1 2 5 
6 8 7 67 5 7 2 3 
2 3 49 46 65 0 9 7 
7 4 0 58 45 1 2 0 
9 5 43 28 83 7 7 8 
3 9 0 51 46 5 7 3 
7 0 34 77 37 4 8 7 
6 2 53 40 14 9 7 8 
1 3 37 20 32 5 7 6 
4 3 9 53 38 4 4 9 
2 4 10 67 10 2 2 1 
7 2 35 12 43 2 4 4 
5 1 0 40 42 8 7 3 
3 7 23 38 60 4 7 6 
0 7 0 50 36 4 9 2 
7 4 0 40 74 6 9 1 
4 0 15 23 80 3 9 5 
7 4 5 52 43 7 0 5 
5 0 4 37 24 9 8 0 
2 7 43 30 54 1 1 1 
6 7 19 36 55 2 6 7 
9 3 46 37 51 6 9 8 
4 5 21 78 61 1 2 7 
0 4 43 56 36 3 8 9 
4 4 3 55 42 1 2 3 
0 8 0 41 32 1 8 3 
7 0 24 92 59 4 2 8 
3 4 22 4 43 3 1 8 
2 9 57 65 50 1 9 5 
2 4 42 65 55 8 6 7 
3 1 0 68 64 5 2 8 
9 4 50 41 43 3 7 2 
3 0 57 16 41 1 3 5 
4 7 14 46 52 9 3 7 
6 8 24 52 55 6 2 7 
9 5 41 53 75 1 1 5 
9 8 45 17 61 8 0 5 
1 0 31 43 64 8 3 0 
1 5 4 60 21 0 6 0 
3 7 41 40 70 9 1 6 
2 9 36 54 60 2 8 5 
5 5 13 50 68 0 5 8 
1 2 20 77 55 7 5 5 
5 1 65 31 62 1 8 9 
0 6 25 55 47 0 3 1 
8 0 13 44 69 2 6 2 
5 3 0 18 28 3 5 4 
4 1 47 24 32 4 6 9 
9 9 41 81 36 8 9 2 
1 7 48 47 55 3 8 3 
5 1 20 59 71 9 6 4 
2 6 15 53 74 6 5 4 
6 8 0 73 77 7 5 3 
1 0 7 21 53 7 7 3 
9 3 22 18 39 9 3 2 
5 4 46 30 36 5 2 1 
9 3 35 37 34 6 5 7 
1 5 5 37 44 7 2 8 
8 9 22 67 12 7 6 0 
4 9 51 56 46 0 2 9 
8 0 0 30 33 8 5 9 
5 5 8 40 17 2 5 9 
5 9 12 65 65 4 5 1 
7 7 30 23 46 3 2 1 
5 9 58 44 49 7 4 2 
6 7 37 62 51 7 3 3 
0 8 16 65 46 3 8 2 
3 0 6 9 66 2 2 6 
4 3 20 65 66 8 0 9 
1 5 8 64 62 5 9 0 
8 2 21 50 33 5 7 0 
5 5 54 47 26 8 6 6 
3 8 26 41 42 3 0 0 
0 8 5 22 35 5 6 0 
5 6 50 28 38 9 3 9 
0 8 18 72 25 7 1 3 
2 2 15 42 40 9 1 1 
2 5 44 20 90 0 1 6 
7 9 36 17 54 5 7 5 
0 2 38 8 64 8 1 6 
4 8 61 87 63 6 9 8 
8 7 9 61 50 7 2 0 
1 5 0 110 78 0 4 7 
6 0 18 54 54 3 9 0 
0 3 22 64 42 7 4 2 
7 8 51 18 61 0 3 6 
9 7 2 76 68 4 6 0 
2 0 5 43 34 6 3 2 
9 6 42 19 61 6 6 8 
0 4 17 52 58 8 0 5 
8 3 96 42 47 3 3 8 
9 1 48 52 43 8 1 2 
9 3 13 51 68 2 3 4 
1 9 17 53 91 7 8 5 
9 8 37 48 81 9 6 2 
4 5 28 31 49 5 3 2 
4 8 54 88 50 0 7 0 
7 6 50 14 49 6 7 3 
8 4 31 57 11 7 8 3 
6 4 2 61 55 5 5 8 
9 3 30 51 64 6 9 1 
1 5 0 20 53 0 7 8 
3 9 9 68 68 1 7 6 
7 4 6 39 50 7 4 7 
1 3 39 42 61 5 2 8 
5 1 31 21 60 5 0 9 
6 5 48 34 33 1 3 6 
7 5 42 30 71 3 5 4 
2 7 63 36 89 7 5 8 
8 5 57 57 57 5 2 2 
2 4 2 48 29 8 4 8 
0 2 23 35 17 4 6 9 
6 4 5 31 88 9 8 6 
5 1 22 54 29 0 9 6 
8 9 22 31 48 9 6 1 
0 2 36 52 53 7 8 8 
9 6 16 43 27 7 1 0 
2 9 43 49 43 2 7 5 
3 8 36 50 36 3 3 8 
1 7 41 27 47 4 0 0 
6 7 19 49 55 4 6 7 
0 2 0 50 69 8 6 9 
8 1 80 45 59 0 8 7 
8 4 50 56 44 2 0 1 
1 3 70 28 81 1 9 7 
4 9 17 59 56 6 8 5 
8 0 9 0 54 4 2 6 
6 6 9 9 39 6 7 8 
1 0 0 31 19 6 7 2 
2 4 63 46 30 5 6 4 
6 9 59 45 57 2 7 4 
5 3 24 55 21 1 8 4 
7 1 20 15 31 9 9 4 
1 0 19 55 23 8 4 9 
8 7 38 47 43 1 6 6 
6 7 2 100 63 5 6 4 
7 9 6 75 75 8 6 5 
2 0 7 58 3 7 8 7 
0 3 11 65 68 7 7 1 
0 9 50 65 79 4 1 3 
4 4 32 6 4 5 7 7 
3 2 16 45 30 1 7 7 
7 2 32 39 51 1 7 1 
5 1 43 82 40 4 5 6 
4 4 23 13 98 0 1 6 
7 6 10 41 83 8 8 8 
3 8 6 86 49 1 5 0 
7 3 35 62 22 2 2 3 
1 9 13 56 74 0 1 3 
8 6 13 76 75 5 7 0 
9 1 66 61 45 4 8 6 
5 8 46 61 49 3 4 3 
2 1 3 23 47 2 8 8 
7 3 5 50 63 9 6 3 
2 9 6 73 25 0 8 2 
3 4 20 65 50 4 1 6 
2 3 58 26 98 4 7 7 
9 6 39 31 68 8 4 3 
1 5 6 50 79 4 6 8 
8 3 2 38 46 4 5 5 
1 7 28 63 60 6 5 6 
9 1 17 76 71 1 9 5 
1 5 20 66 47 7 1 6 
1 5 32 14 38 6 9 8 
8 8 30 16 49 7 3 3 
4 6 38 64 62 0 1 9 
6 3 31 80 11 3 2 5 
5 4 0 39 23 2 9 0 
4 0 23 30 24 5 0 0 
5 0 28 47 0 2 5 1 
2 4 40 26 21 6 4 1 
7 4 38 68 13 8 8 3 
9 0 0 53 41 5 7 3 
3 1 34 63 91 9 7 2 
0 1 52 37 86 3 7 2 
5 6 30 76 60 4 5 1 
9 1 0 50 67 5 9 1 
8 7 4 45 60 1 4 2 
0 3 29 6 68 0 0 2 
4 3 35 49 68 3 3 8 
4 0 34 65 42 9 3 4 
1 2 4 29 43 1 0 3 
0 9 0 51 74 7 3 9 
8 0 40 34 63 7 4 1 
9 7 49 32 30 9 3 5 
9 0 61 86 48 3 8 5 
3 9 24 88 30 9 8 4 
2 2 62 47 84 8 6 8 
1 4 17 61 58 7 5 0 
5 7 33 49 40 8 7 2 
5 6 42 44 40 2 1 4 
5 1 56 13 100 6 2 6 
8 0 23 60 48 3 9 5 
9 0 28 62 45 0 9 3 
7 4 29 59 45 0 5 0 
8 7 24 34 74 2 7 6 
1 5 19 86 52 5 7 0 
7 9 28 92 82 4 9 8 
5 6 38 24 21 3 4 4 
5 3 61 17 64 7 2 1 
5 2 4 51 57 5 7 9 
1 4 37 34 54 7 4 7 
5 1 20 47 24 2 8 7 
1 3 11 49 42 6 5 7 
9 8 18 52 59 6 3 6 
8 5 44 41 73 2 3 9 
3 3 35 22 27 3 1 6 
6 9 48 9 73 0 5 6 
2 3 44 47 73 4 3 5 
3 3 7 64 61 4 9 0 
1 6 13 45 26 7 3 3 
2 8 27 66 32 8 7 2 
6 9 6 66 22 1 7 5 
5 8 36 39 48 0 2 3 
3 7 35 42 78 3 9 1 
2 4 55 44 38 6 7 5 
4 1 26 52 75 1 4 5 
3 1 1 54 91 2 5 9 
3 8 22 65 83 4 7 0 
6 7 0 57 43 6 6 5 
4 6 39 29 27 3 6 9 
9 7 32 60 35 9 9 5 
9 5 0 63 0 2 1 8 
6 2 16 45 42 6 0 0 
8 9 19 40 36 4 1 9 
7 7 3 1 59 7 5 3 
6 7 6 52 71 1 2 4 
0 4 26 45 38 4 5 4 
2 3 40 54 48 7 6 2 
7 2 16 58 86 0 4 0 
3 0 40 67 64 8 8 2 
8 5 23 49 69 6 2 6 
4 7 24 62 74 0 0 5 
9 4 7 42 73 0 9 1 
8 0 75 82 45 6 2 5 
9 5 2 63 39 6 7 6 
0 5 54 14 58 3 6 7 
0 4 37 42 31 7 4 1 
0 5 25 45 48 9 6 9 
6 4 56 17 58 9 7 5 
1 5 16 0 78 5 9 0 
9 1 43 54 64 2 7 1 
9 8 11 65 57 2 8 0 
5 9 82 58 50 1 6 5 
5 2 11 55 67 8 3 5 
0 2 82 67 63 9 3 8 
5 9 11 54 54 0 3 7 
8 8 64 50 43 7 9 1 
8 5 21 67 42 0 6 5 
2 4 29 31 55 4 7 4 
2 5 44 41 63 5 6 6 
5 9 24 57 73 5 3 9 
7 2 8 54 67 5 8 1 
6 4 44 39 65 8 6 9 
2 3 0 18 36 1 8 2 
7 8 19 41 74 3 9 1 
4 3 64 80 22 7 5 7 
0 3 39 60 61 6 4 3 
7 3 42 68 58 4 6 9 
9 3 51 70 64 9 6 4 
0 7 29 27 46 2 1 1 
3 0 26 31 55 9 1 7 
8 0 15 71 63 5 1 4 
2 9 15 30 56 0 1 9 
7 6 23 53 64 0 2 8 
1 2 16 55 54 6 8 7 
2 7 40 74 60 2 8 9 
1 3 49 57 59 7 5 0 
9 3 44 53 66 7 5 6 
5 6 30 41 43 5 3 1 
1 1 23 47 54 1 6 4 
7 3 0 23 60 4 8 6 
9 5 49 71 27 0 0 6 
0 0 56 61 45 2 7 5 
5 6 14 55 48 4 2 7 
0 8 15 66 54 1 7 8 
5 0 30 68 56 4 8 8 
6 4 24 75 58 5 8 7 
4 3 49 59 45 6 5 7 
5 0 12 35 50 5 5 8 
4 5 61 67 96 9 9 0 
6 8 45 49 91 2 3 7 
9 2 25 64 69 0 5 4 
8 7 29 48 62 7 0 1 
0 2 23 60 30 5 2 3 
9 2 64 5 53 4 1 5 
1 2 4 75 72 9 6 6 
3 1 4 94 82 9 4 1 
1 6 28 42 37 0 0 3 
0 4 28 37 40 5 9 3 
4 8 62 15 33 5 9 9 
7 0 45 65 47 2 1 2 
7 2 57 93 78 0 0 6 
0 6 52 79 57 6 5 5 
0 7 19 68 78 7 5 3 
7 5 21 54 58 0 1 3 
4 7 30 63 71 9 8 3 
7 3 0 49 82 4 3 8 
9 5 30 37 58 3 5 8 
5 9 43 76 51 1 3 7 
3 1 35 61 45 2 9 6 
9 3 37 36 59 7 2 4 
5 6 55 57 14 3 4 3 
4 4 51 57 50 2 0 5 
6 0 0 62 44 6 9 3 
4 8 16 38 64 7 1 5 
2 4 43 61 21 5 7 8 
9 4 0 33 26 0 1 3 
6 7 65 52 41 5 3 7 
9 1 28 71 31 1 9 9 
3 5 50 61 55 4 0 7 
5 5 25 50 40 7 8 1 
6 6 62 49 36 8 5 9 
8 2 33 26 65 8 4 0 
9 1 6 53 68 8 5 3 
4 1 46 40 68 1 6 3 
0 2 16 86 33 7 1 7 
4 6 26 48 50 7 2 5 
7 9 43 19 45 2 7 1 
7 8 16 70 51 3 2 4 
2 5 13 45 43 3 0 7 
0 4 51 60 18 6 0 1 
6 1 50 70 22 1 1 2 
8 0 20 58 66 3 0 4 
8 9 43 24 49 5 8 8 
3 9 39 25 46 9 7 0 
4 4 42 4 75 4 8 8 
9 0 59 31 28 5 5 5 
3 8 48 68 21 9 2 9 
6 9 3 36 42 4 8 5 
0 1 23 41 48 3 0 3 
0 0 62 0 32 0 1 4 
0 4 82 72 36 4 0 9 
1 9 58 108 56 9 5 6 
5 2 17 27 67 3 6 8 
9 0 18 27 41 4 1 2 
3 5 14 34 46 8 8 0 
5 9 48 41 39 1 8 5 
7 3 48 51 88 5 4 3 
6 7 23 42 57 1 2 5 
8 4 0 67 55 8 6 4 
2 5 31 21 45 9 1 3 
3 8 31 37 41 9 5 0 
8 9 8 60 61 3 2 4 
9 9 17 34 48 3 7 9 
2 1 28 66 51 6 2 1 
6 9 31 54 33 7 3 4 
8 8 0 28 47 8 7 3 
2 8 40 43 43 4 7 7 
8 8 34 30 86 3 2 5 
8 5 56 68 61 5 3 0 
0 3 45 41 56 0 4 2 
0 2 20 59 43 9 4 2 
7 1 14 46 49 1 4 0 
5 5 39 49 39 4 0 5 
5 4 0 42 60 1 0 0 
5 9 41 57 56 1 6 9 
8 7 36 40 45 0 3 0 
8 7 28 49 81 9 9 2 
6 0 41 53 66 6 5 4 
5 4 36 51 63 2 4 4 
9 1 72 52 30 5 6 8 
3 1 1 44 24 4 6 2 
3 9 29 38 47 8 1 5 
0 0 37 61 29 5 1 1 
8 7 19 45 38 5 0 1 
8 7 42 69 82 5 9 1 
7 4 32 51 45 0 7 5 
7 3 12 72 76 6 3 3 
8 8 3 55 56 8 6 8 
0 2 0 74 56 6 4 3 
0 7 27 41 59 6 4 1 
5 4 17 73 96 2 0 0 
8 6 28 47 54 6 2 1 
0 1 34 85 38 5 7 3 
5 2 50 55 34 6 9 5 
2 6 21 25 92 5 9 3 
7 2 26 76 26 8 7 4 
6 2 41 44 23 0 2 5 
4 0 5 36 32 8 8 0 
4 5 0 84 63 0 7 1 
2 6 18 80 92 0 1 7 
3 8 31 39 57 3 9 9 
3 8 23 26 59 0 8 2 
9 1 56 38 92 9 7 1 
2 1 52 48 44 3 2 1 
7 6 12 45 40 6 0 8 
7 1 26 34 89 4 8 8 
4 1 20 18 30 8 2 3 
9 5 8 78 37 9 8 9 
8 7 28 36 59 8 1 8 
3 1 17 16 88 0 6 1 
9 4 62 56 14 9 7 0 
1 0 63 33 22 9 7 1 
8 0 38 30 53 3 1 3 
6 2 25 31 46 2 9 6 
9 7 0 71 25 2 1 4 
8 8 1 63 14 4 4 8 
1 7 11 74 82 4 7 5 
1 6 35 62 77 6 7 5 
4 0 67 35 69 9 7 9 
5 9 12 60 57 0 7 1 
4 1 69 59 80 9 1 1 
8 3 22 78 75 9 4 9 
9 0 5 60 68 5 2 1 
6 7 9 65 58 0 9 6 
1 0 23 23 71 9 4 5 
4 4 0 45 43 1 8 5 
1 0 45 67 65 1 2 3 
5 1 47 2 52 3 3 6 
6 5 28 62 24 3 6 4 
6 2 0 43 49 6 4 7 
4 2 2 56 46 9 1 5 
8 1 36 43 31 2 4 6 
9 5 22 68 52 0 2 1 
0 0 33 57 74 1 7 6 
0 5 9 26 63 0 2 0 
6 6 33 49 26 3 5 0 
5 6 57 64 52 2 5 5 
2 5 0 48 50 4 8 2 
8 1 68 63 28 2 3 2 
7 8 12 89 38 0 3 4 
7 9 23 51 54 6 9 9 
5 8 24 21 81 8 9 6 
8 6 14 50 38 1 6 5 
7 8 0 57 56 8 1 9 
3 2 28 53 83 0 6 8 
0 6 37 77 44 8 3 8 
6 2 32 63 30 4 1 4 
1 6 72 36 67 0 1 2 
8 7 0 48 37 8 1 9 
4 8 4 53 52 6 1 2 
7 9 33 31 16 9 0 3 
5 9 0 29 0 2 6 7 
9 8 46 69 72 4 2 3 
1 0 19 62 72 2 5 8 
7 2 35 52 25 5 7 9 
5 3 22 50 33 3 3 2 
1 6 6 75 28 7 4 2 
9 8 37 36 8 0 8 6 
0 1 25 58 6 5 0 0 
5 7 14 24 26 6 7 9 
9 5 14 17 34 6 2 4 
7 4 7 66 76 8 7 6 
3 8 14 47 42 3 2 4 
1 6 41 82 54 8 1 5 
8 1 35 7 54 6 8 0 
5 5 21 18 34 5 7 2 
5 6 3 33 38 8 1 8 
0 1 4 42 18 2 1 6 
6 5 52 54 59 7 9 2 
7 0 35 68 75 7 3 7 
0 4 50 24 57 8 8 4 
3 5 42 28 48 3 3 1 
4 0 36 64 26 3 7 3 
4 9 22 68 46 0 3 7 
9 4 36 41 42 9 9 9 
4 7 33 92 76 0 5 7 
9 1 47 47 50 2 7 9 
1 9 20 90 50 2 9 6 
4 1 20 86 68 3 3 3 
3 3 22 34 64 6 2 8 
4 7 0 10 60 3 6 6 
6 5 18 45 49 3 7 5 
3 3 22 42 42 7 9 8 
3 2 83 24 34 8 9 3 
8 3 61 78 85 2 8 3 
7 3 43 39 34 5 6 6 
7 2 43 38 63 8 9 8 
0 9 16 52 59 3 7 1 
0 1 53 38 51 0 1 3 
0 4 54 48 69 0 6 4 
0 3 24 30 44 8 5 0 
7 5 29 35 46 8 9 7 
8 5 22 34 47 3 9 1 
5 6 27 35 56 7 1 2 
3 7 0 6 27 7 9 2 
6 2 44 37 50 6 6 3 
1 8 44 71 77 6 9 0 
4 4 14 53 66 8 3 5 
4 0 0 37 71 2 3 0 
3 3 17 36 56 6 0 7 
8 4 8 54 58 6 5 9 
2 6 24 62 42 6 7 2 
6 4 64 68 28 6 6 4 
8 7 27 43 79 9 0 9 
4 7 14 58 32 1 1 7 
3 6 16 77 75 5 1 8 
6 7 53 33 21 5 3 7 
6 0 39 63 92 0 8 2 
9 1 25 37 50 1 8 5 
4 5 27 61 100 0 0 4 
6 9 11 80 66 7 0 2 
6 9 0 36 4 3 1 0 
9 4 5 19 40 4 8 6 
1 9 21 4 69 1 1 3 
2 3 54 47 68 6 2 7 
4 7 2 23 86 5 7 0 
3 8 28 53 60 1 3 0 
9 0 14 20 31 3 2 3 
5 3 55 57 50 8 1 9 
5 7 37 62 53 1 9 8 
6 9 6 52 55 7 9 0 
3 5 31 37 28 0 6 9 
3 1 17 65 31 0 7 1 
1 8 37 61 23 3 1 8 
7 6 68 38 8 4 2 1 
9 0 33 83 22 3 6 4 
6 3 29 71 71 7 8 2 
1 7 41 38 31 0 7 8 
8 3 16 85 50 0 5 1 
7 3 48 20 43 8 4 1 
7 8 0 55 64 9 0 9 
8 3 49 52 81 0 5 5 
4 7 15 49 50 1 0 2 
6 5 14 68 57 2 2 0 
9 9 8 76 78 9 2 2 
5 3 67 25 57 2 0 2 
7 1 49 51 73 3 4 8 
2 3 33 72 51 3 1 4 
3 5 13 68 84 5 8 1 
8 3 7 21 69 3 3 7 
3 1 24 46 60 5 1 8 
1 2 28 37 10 4 3 7 
6 8 31 16 63 2 0 4 
8 7 48 58 34 5 5 1 
6 8 46 74 44 6 4 0 
9 5 64 0 33 9 6 9 
0 5 0 37 45 3 4 7 
6 7 41 61 25 1 0 2 
8 9 28 42 29 8 3 5 
1 9 39 52 34 7 5 7 
6 6 40 27 60 8 9 0 
3 4 24 92 59 0 3 8 
3 3 53 72 63 9 1 9 
9 1 58 48 27 9 2 8 
7 2 32 50 63 0 8 5 
0 2 21 64 46 3 2 2 
5 0 29 68 66 2 8 8 
2 8 33 51 65 7 7 6 
8 1 7 66 55 5 4 4 
8 0 9 62 40 6 2 4 
1 7 30 56 12 1 2 9 
6 0 26 68 43 6 1 9 
7 6 3 16 20 3 7 4 
5 8 22 42 69 2 9 8 
2 8 0 58 41 9 5 7 
4 1 33 51 39 0 0 7 
5 5 10 70 57 4 7 7 
0 6 13 57 50 8 7 9 
3 7 30 57 37 3 1 1 
3 7 27 52 12 5 8 9 
7 8 33 42 35 4 7 2 
5 2 36 50 33 2 6 8 
3 6 36 58 44 0 7 2 
1 8 35 60 2 3 7 7 
7 4 31 61 50 2 0 9 
1 1 3 17 60 5 5 4 
0 3 6 64 88 0 7 7 
2 3 12 57 40 0 9 9 
7 4 35 34 41 3 5 4 
3 2 34 56 23 3 7 0 
7 8 32 22 46 4 0 9 
4 2 30 43 54 7 7 4 
5 6 10 61 80 7 1 5 
3 3 0 40 34 9 2 4 
1 0 31 22 20 2 4 7 
4 9 31 30 28 9 2 6 
0 7 45 93 40 9 8 0 
1 2 60 51 57 8 8 8 
2 1 0 34 81 6 6 4 
4 2 16 62 36 5 6 9 
9 2 39 43 100 6 1 7 
8 3 0 68 71 1 5 5 
9 4 42 40 61 3 1 3 
7 2 24 70 51 1 6 3 
0 1 57 48 89 8 3 6 
6 7 33 69 23 8 5 1 
8 9 47 34 83 9 8 3 
1 5 9 91 49 6 8 2 
8 6 40 73 43 8 0 5 
9 9 22 12 66 1 0 8 
5 7 18 58 57 6 9 4 
5 8 30 79 70 9 2 6 
2 8 15 54 44 9 5 6 
1 4 30 42 73 6 9 0 
0 2 57 27 73 3 3 6 
6 8 38 33 54 8 7 4 
5 7 62 27 66 5 3 7 
1 0 26 80 34 5 6 1 
7 6 35 50 41 0 3 9 
6 3 40 44 50 7 1 0 
7 6 2 51 53 3 0 3 
2 3 51 49 78 2 1 7 
1 3 45 46 94 5 5 1 
3 1 36 64 63 2 4 2 
0 3 44 46 53 0 9 9 
4 2 0 54 48 9 0 9 
2 6 37 39 48 6 1 1 
1 2 39 30 67 6 8 9 
7 3 37 74 62 9 9 9 
7 1 29 33 37 2 3 2 
2 9 63 66 52 0 7 5 
0 2 2 50 58 6 3 1 
1 9 32 41 14 0 7 8 
5 5 8 25 45 1 0 3 
9 1 35 44 36 6 2 5 
3 4 47 81 34 3 1 5 
5 6 10 74 77 3 6 8 
8 6 20 59 52 1 4 3 
2 7 0 51 35 5 8 9 
7 5 20 37 18 5 7 0 
2 1 35 20 69 5 5 1 
6 3 20 50 35 9 4 5 
6 8 0 48 54 3 2 4 
4 8 9 30 59 1 6 8 
5 3 48 22 86 8 2 4 
7 7 17 30 68 1 0 2 
8 5 13 34 65 2 6 8 
5 7 86 76 56 2 9 6 
8 4 24 58 72 5 9 4 
8 8 0 31 51 1 7 7 
8 6 11 35 23 7 9 3 
3 8 48 70 32 6 9 3 
4 8 18 68 51 2 0 0 
3 0 20 83 52 0 7 4 
8 6 18 63 1 9 8 7 
7 7 16 53 33 0 4 1 
4 7 30 57 64 9 0 3 
4 1 51 48 23 8 9 5 
0 8 0 47 74 5 6 8 
6 3 80 73 29 4 1 0 
2 8 22 23 62 6 8 8 
3 8 8 38 15 5 7 5 
4 9 34 37 39 8 6 3 
3 5 76 43 54 0 1 5 
0 7 29 41 69 6 6 0 
2 1 26 87 31 9 7 0 
6 1 16 68 32 3 6 1 
0 9 40 58 51 8 3 4 
5 9 12 74 40 1 3 5 
2 1 20 78 36 7 2 2 
6 5 23 13 27 6 6 3 
6 6 10 52 40 9 4 4 
1 1 31 43 33 8 8 8 
3 6 35 37 24 3 7 0 
6 1 47 60 79 8 9 7 
5 2 55 57 51 3 4 7 
6 3 27 49 35 7 0 9 
5 4 39 27 55 4 5 5 
7 3 41 59 41 6 0 0 
7 8 0 38 26 5 4 7 
6 7 54 76 35 6 7 8 
2 3 27 44 63 9 0 0 
0 5 28 31 71 2 1 3 
4 4 29 55 48 1 3 1 
8 5 18 33 58 3 2 4 
0 1 30 65 89 0 8 0 
6 9 0 61 73 2 0 2 
5 3 15 20 73 6 3 1 
5 6 0 61 51 3 4 8 
9 9 25 68 57 5 8 1 
6 3 14 76 27 7 8 7 
2 3 0 32 57 9 2 2 
7 5 0 60 90 2 8 9 
1 0 65 89 67 4 6 3 
4 4 62 25 55 0 3 0 
7 5 9 51 92 5 4 7 
4 4 45 37 38 5 6 5 
8 8 44 46 62 3 2 6 
7 2 0 45 37 5 1 9 
5 0 58 77 69 8 2 5 
6 4 37 31 31 5 1 8 
3 7 0 44 49 8 8 4 
1 0 39 42 85 6 5 6 
8 3 21 51 43 6 4 5 
4 8 56 51 88 1 5 8 
1 5 42 47 85 1 1 5 
0 0 4 48 37 2 8 4 
3 4 23 39 47 1 0 1 
4 5 24 98 40 2 8 7 
2 3 73 58 69 1 3 8 
6 9 0 4 69 6 6 0 
0 6 0 44 46 9 0 6 
0 5 60 76 48 2 4 1 
4 6 46 67 39 9 7 8 
2 2 24 47 57 3 4 1 
4 1 28 50 63 5 0 6 
9 0 11 30 49 4 5 0 
5 6 30 40 11 0 5 7 
2 4 50 57 35 3 5 1 
2 8 6 67 32 9 8 9 
0 9 46 69 35 1 7 7 
0 6 42 50 22 2 5 1 
0 5 0 19 68 8 5 9 
4 0 20 20 24 9 7 6 
9 2 56 60 31 1 7 3 
0 1 43 36 45 1 4 2 
9 0 5 54 55 0 3 2 
0 1 0 55 90 4 0 6 
7 4 75 41 53 6 9 5 
4 5 29 40 14 3 2 0 
2 1 30 43 48 7 3 5 
7 5 26 82 55 6 8 0 
4 8 19 33 61 6 5 0 
6 8 8 64 75 7 4 7 
0 5 35 59 61 6 2 1 
6 8 22 73 31 1 0 2 
9 5 31 25 85 5 9 7 
4 2 20 63 56 1 4 0 
7 8 33 46 24 0 4 9 
7 5 26 49 52 0 6 4 
9 9 61 42 42 8 3 5 
4 4 32 57 41 5 0 5 
9 0 26 41 70 2 2 1 
5 4 45 90 64 9 9 0 
2 3 33 60 57 7 2 8 
5 4 55 32 58 2 4 4 
3 3 22 86 21 5 3 6 
5 9 52 80 54 3 1 4 
1 3 55 52 11 6 4 4 
8 0 19 80 38 8 8 5 
0 1 44 45 35 1 5 5 
8 0 47 39 15 5 0 3 
5 8 23 59 67 7 2 1 
0 9 22 89 32 3 5 9 
9 7 24 18 50 4 6 9 
2 0 16 67 12 8 5 1 
9 3 19 41 37 1 9 4 
1 5 33 43 23 9 6 5 
1 5 0 19 10 9 9 6 
8 5 20 72 31 9 4 6 
4 7 0 63 45 9 3 8 
5 7 13 34 53 6 2 4 
8 7 9 19 67 8 7 9 
4 2 31 40 48 3 9 8 
5 1 35 42 16 5 7 1 
7 0 54 66 77 8 9 9 
9 2 25 63 78 6 4 5 
6 9 25 54 83 9 6 9 
9 7 38 28 40 9 8 7 
0 0 38 21 75 6 4 1 
5 9 46 48 44 2 0 2 
0 4 32 66 60 4 0 0 
2 0 50 43 31 7 5 7 
3 9 5 52 43 3 0 5 
5 3 30 29 41 8 3 9 
8 0 37 89 57 9 7 9 
2 4 52 44 52 7 0 6 
4 9 43 60 60 7 1 8 
5 4 59 46 100 9 7 4 
6 4 69 65 64 9 2 6 
6 2 51 74 53 3 0 9 
4 4 35 38 22 8 4 5 
5 3 7 44 10 2 5 1 
3 2 30 89 52 5 8 2 
6 8 28 57 41 4 4 1 
5 8 24 48 50 5 4 7 
3 6 5 80 0 8 8 2 
0 1 25 27 59 9 6 7 
5 1 51 54 52 1 1 5 
4 2 48 57 27 8 3 4 
0 1 34 39 56 4 1 3 
9 4 55 25 74 6 1 0 
2 4 47 46 37 7 8 5 
1 9 48 86 18 3 4 2 
2 8 35 63 50 6 3 9 
0 0 2 44 55 0 3 8 
4 5 23 15 83 9 4 2 
1 9 0 34 48 8 8 4 
6 8 65 34 56 2 7 5 
1 7 0 46 35 1 2 6 
6 6 38 64 75 8 6 8 
7 9 49 43 75 6 6 5 
3 4 13 54 46 1 1 6 
3 3 13 64 53 1 0 9 
5 9 36 80 68 0 1 3 
1 4 67 66 31 5 9 5 
4 8 9 52 61 1 1 7 
0 5 44 58 57 9 5 7 
1 8 44 33 33 3 5 0 
1 7 6 16 56 6 3 1 
6 7 49 69 24 3 4 7 
2 5 33 27 63 0 4 4 
2 0 52 60 5 9 5 0 
1 8 16 34 104 8 5 2 
9 4 50 37 51 8 1 0 
1 5 16 48 25 3 7 0 
4 6 31 13 46 7 0 3 
4 0 0 70 47 2 8 5 
9 1 5 40 83 4 0 5 
8 6 26 71 14 7 8 0 
7 9 34 47 81 9 4 7 
7 4 21 66 57 8 4 4 
1 2 17 32 53 2 0 0 
9 1 45 59 73 5 7 8 
0 3 48 65 81 2 6 0 
9 6 12 41 29 3 2 1 
8 0 17 67 76 0 4 3 
3 5 30 35 43 5 2 7 
2 8 23 66 82 1 5 8 
5 6 37 30 46 7 2 5 
8 9 22 59 59 7 8 7 
3 1 27 67 67 1 5 1 
6 1 51 45 66 6 6 8 
6 7 18 53 32 0 6 2 
7 8 41 8 92 6 2 6 
2 4 24 55 23 7 3 6 
7 5 32 33 20 6 7 8 
3 5 35 46 45 0 6 2 
3 5 47 49 70 3 4 1 
0 8 21 7 0 7 0 0 
6 6 20 60 32 7 8 0 
0 9 71 73 40 2 9 3 
1 5 49 70 89 5 4 5 
1 5 16 39 45 0 0 3 
3 2 33 37 28 7 1 1 
7 2 67 52 39 4 4 9 
1 6 5 69 28 0 1 8 
8 0 46 49 55 2 6 7 
8 1 0 25 68 3 1 5 
7 4 33 59 77 6 5 3 
6 6 21 75 55 3 7 4 
5 1 23 32 53 5 3 4 
9 5 9 74 56 6 7 7 
3 0 0 51 44 2 4 9 
8 3 48 42 49 7 4 7 
7 4 20 61 19 2 8 3 
6 8 67 52 60 4 7 6 
0 8 48 49 74 9 5 2 
5 9 66 39 45 7 2 7 
3 8 34 74 38 9 5 7 
0 5 38 64 30 4 0 7 
8 4 27 85 4 6 3 1 
2 6 36 79 51 3 4 4 
4 4 27 72 70 5 4 6 
6 5 38 51 16 5 2 1 
5 3 0 40 48 4 8 6 
5 8 29 64 48 8 2 3 
4 1 3 58 57 0 0 4 
3 3 38 68 44 1 3 5 
0 8 10 59 54 9 6 6 
1 0 28 70 21 7 9 9 
8 8 43 54 36 9 6 5 
0 5 59 31 13 6 2 4 
8 5 61 38 37 2 8 7 
9 4 29 31 72 2 6 1 
9 8 36 56 79 0 1 3 
8 0 12 30 76 1 6 7 
1 2 5 63 40 2 0 2 
7 6 26 71 45 5 8 5 
4 4 29 72 59 8 5 2 
5 9 43 40 50 4 3 3 
8 8 18 43 34 5 1 0 
9 1 29 35 36 4 7 3 
5 7 50 74 38 8 7 5 
0 2 14 66 77 4 4 3 
0 4 52 55 62 5 0 7 
0 4 31 63 71 5 6 5 
3 1 41 48 12 7 9 5 
8 3 14 52 43 5 0 4 
8 3 32 74 45 1 6 6 
9 7 0 33 41 1 1 6 
6 7 58 33 73 6 0 7 
7 6 0 75 60 0 8 5 
4 1 25 54 18 6 1 6 
5 6 41 47 58 6 4 0 
6 8 24 85 50 5 6 6 
0 1 62 34 34 4 7 6 
7 7 42 72 39 8 7 0 
2 5 39 79 18 1 2 1 
8 5 16 36 70 2 8 0 
6 8 45 80 48 1 7 5 
7 1 53 47 78 9 3 1 
1 3 12 44 19 5 2 8 
3 8 1 75 64 9 8 2 
9 1 60 53 59 5 3 3 
5 2 26 71 39 5 7 3 
0 0 17 38 88 9 2 0 
3 5 9 25 42 0 0 5 
3 8 20 62 50 5 8 7 
5 6 37 31 67 6 5 4 
3 9 40 52 96 3 9 2 
4 7 6 47 64 0 7 5 
1 3 13 29 81 3 9 9 
0 5 43 57 70 8 2 1 
8 4 43 37 10 8 5 9 
0 9 25 20 45 4 9 6 
9 2 29 56 59 1 6 2 
7 6 0 22 27 7 2 8 
1 8 40 38 79 5 5 1 
8 0 64 48 51 7 2 3 
5 5 57 36 44 3 7 9 
2 0 35 84 79 4 7 2 
7 2 40 31 17 3 3 9 
5 4 25 53 49 1 8 0 
8 3 9 40 24 2 1 5 
9 0 29 50 57 5 7 8 
9 6 41 74 57 6 8 3 
0 5 51 37 49 5 8 0 
7 0 42 65 41 1 6 2 
7 1 22 110 35 4 7 4 
0 1 53 59 56 7 5 5 
4 2 37 67 53 7 3 7 
9 9 30 52 61 2 6 2 
8 8 62 68 49 7 9 7 
2 8 50 66 54 6 5 7 
7 7 33 28 27 7 0 5 
6 4 2 37 17 6 9 6 
9 5 23 70 64 0 9 8 
8 0 3 91 52 8 2 0 
9 0 31 24 24 9 9 3 
7 1 32 72 29 7 8 4 
0 1 0 52 44 1 7 7 
4 0 41 47 34 8 6 0 
8 9 26 22 40 1 1 2 
2 4 4 31 58 6 2 7 
7 7 18 69 45 8 4 7 
7 8 72 47 47 6 7 8 
1 2 68 39 51 0 6 4 
6 5 0 57 60 8 0 8 
9 2 71 37 48 4 0 0 
5 7 58 10 22 8 0 3 
5 9 38 67 75 9 8 3 
6 4 19 39 47 5 3 1 
9 1 39 23 56 2 2 4 
6 7 0 65 53 9 7 3 
1 2 19 33 46 0 2 0 
0 8 12 82 37 5 4 9 
9 2 60 66 55 1 7 4 
9 6 71 27 65 0 0 1 
8 5 20 24 55 5 3 2 
6 9 27 46 53 4 6 5 
1 2 44 44 18 3 5 5 
8 1 39 10 61 8 8 9 
1 9 48 76 38 2 9 4 
5 0 30 55 33 2 6 4 
4 6 17 60 0 8 3 3 
1 8 44 0 86 0 4 1 
4 7 9 60 48 2 7 1 
9 5 3 20 93 4 2 7 
4 2 37 62 75 9 8 1 
0 5 28 75 28 2 9 6 
4 2 49 29 57 4 7 4 
7 9 36 24 60 9 4 5 
3 7 52 46 55 4 0 9 
5 0 42 57 80 5 2 9 
0 9 25 27 38 1 0 3 
4 0 64 62 40 7 6 7 
3 4 50 52 51 7 6 6 
7 9 1 44 64 0 7 7 
2 8 4 59 11 9 1 0 
9 9 29 57 65 4 7 5 
8 9 45 7 15 9 2 6 
4 5 0 44 77 9 5 1 
2 9 27 61 41 8 5 3 
5 1 27 61 5 8 7 2 
7 2 15 15 30 6 0 2 
0 3 39 30 77 2 9 8 
7 4 57 54 50 9 4 5 
6 9 58 75 50 9 5 8 
8 8 17 25 40 3 0 8 
2 5 29 26 78 6 7 0 
1 6 0 63 67 8 0 5 
9 3 19 45 41 8 9 6 
1 6 37 51 88 7 8 3 
8 7 47 60 51 9 5 4 
6 2 16 32 62 6 1 4 
9 3 20 76 75 1 0 5 
4 7 0 71 29 5 0 1 
5 0 15 0 15 1 0 5 
5 4 28 75 45 4 8 5 
9 6 13 68 36 8 4 6 
4 0 21 21 44 9 2 6 
8 3 12 58 79 1 9 7 
7 7 21 75 75 6 6 5 
5 9 38 38 56 0 2 0 
8 3 35 43 63 2 1 4 
3 6 6 55 55 1 1 7 
9 5 15 36 67 2 1 2 
2 4 28 97 72 2 5 5 
3 8 26 38 68 8 8 4 
5 3 16 73 68 6 5 6 
0 6 3 53 24 7 4 6 
4 2 23 36 32 3 6 3 
1 6 58 53 70 9 2 6 
6 4 53 49 44 0 0 0 
4 9 48 51 56 1 9 0 
1 9 42 32 53 0 0 1 
4 3 53 16 43 8 0 1 
5 4 33 30 56 1 7 0 
1 3 47 62 31 1 5 1 
8 9 35 50 43 4 8 9 
6 4 27 60 54 1 0 4 
8 0 12 61 73 9 4 0 
1 0 40 17 69 9 9 0 
0 1 54 44 47 5 0 3 
1 0 51 71 48 9 7 9 
4 9 24 31 32 4 4 1 
6 9 25 29 28 9 0 4 
3 0 36 59 67 0 1 0 
1 7 43 60 17 1 7 9 
1 4 40 59 79 1 0 3 
3 9 18 47 25 1 1 0 
9 9 0 0 68 2 8 0 
5 4 0 28 72 6 5 6 
3 4 44 53 48 7 9 9 
1 5 39 70 56 2 4 0 
0 6 6 0 61 5 2 9 
0 0 43 62 35 5 1 4 
8 1 96 55 76 7 9 9 
9 8 31 93 96 3 8 8 
5 6 28 60 33 3 9 7 
8 8 23 34 36 8 8 7 
9 6 39 52 70 0 9 6 
7 6 8 60 68 1 0 1 
6 0 34 63 100 8 6 7 
2 5 39 18 64 6 9 5 
7 0 43 43 21 3 6 5 
6 1 32 46 33 2 3 4 
9 1 33 38 34 2 5 0 
5 9 28 74 63 1 2 8 
6 6 53 20 65 0 8 8 
1 2 0 84 45 7 0 9 
9 5 14 47 53 2 8 9 
0 6 64 63 47 0 3 9 
1 5 18 6 43 3 9 8 
5 4 3 37 19 1 6 3 
6 0 59 51 62 4 4 3 
4 3 38 54 77 5 9 8 
0 7 23 83 21 6 4 6 
0 7 28 47 35 8 3 1 
3 8 43 77 53 8 5 4 
8 8 50 40 22 8 7 3 
6 4 22 23 71 0 6 3 
4 1 0 50 32 6 5 0 
5 9 6 42 56 5 2 5 
2 3 27 57 65 7 6 4 
6 6 15 108 86 6 0 4 
1 2 8 61 91 0 4 5 
4 0 48 25 64 1 0 7 
3 4 9 36 68 3 1 7 
0 0 42 21 18 5 1 2 
9 2 29 70 39 2 9 7 
2 3 31 39 9 2 8 4 
7 3 25 63 71 2 0 1 
8 1 39 65 48 6 2 9 
8 5 13 64 21 7 6 8 
3 7 23 2 41 9 5 1 
4 5 12 24 55 0 9 1 
5 4 6 46 61 8 6 1 
9 0 9 21 43 8 3 7 
2 8 21 76 59 2 1 5 
4 8 43 52 41 3 4 1 
4 9 31 49 61 9 8 1 
9 1 8 37 97 3 8 4 
8 9 0 19 18 3 4 1 
6 6 38 18 47 8 2 1 
3 2 44 63 23 8 6 1 
3 1 36 31 46 9 9 0 
3 0 23 52 60 1 2 9 
3 2 11 55 39 9 0 1 
0 8 16 55 59 9 6 5 
5 8 34 36 61 2 7 2 
2 0 13 60 32 6 9 8 
7 1 30 37 65 7 1 5 
7 6 46 67 92 6 2 9 
3 0 14 14 56 7 1 6 
9 8 4 0 57 2 8 3 
6 4 0 25 57 1 2 4 
0 2 45 50 48 1 4 3 
0 7 28 98 28 3 9 5 
0 1 52 33 20 6 3 9 
5 9 35 78 57 5 0 7 
6 8 21 37 54 0 3 0 
0 0 27 85 34 3 6 2 
7 4 32 79 81 3 8 9 
3 5 26 42 40 2 3 0 
0 1 4 30 14 3 9 2 
3 3 0 50 80 6 4 0 
7 8 38 44 21 1 5 2 
6 6 39 46 34 0 6 6 
6 5 59 48 71 4 8 8 
9 9 26 56 58 0 8 1 
7 8 7 57 52 7 5 7 
2 0 51 52 44 9 8 7 
0 7 58 39 63 8 1 1 
6 7 24 39 36 3 1 9 
8 6 48 24 46 9 2 1 
7 6 28 27 104 1 1 1 
2 8 12 33 82 1 7 6 
4 4 12 57 8 7 1 4 
4 3 10 51 39 4 9 1 
1 0 51 54 77 1 1 4 
9 1 0 0 53 1 1 8 
8 7 77 56 62 7 8 7 
6 6 3 69 18 8 0 4 
3 7 40 62 49 8 0 2 
2 5 17 19 37 7 0 5 
8 8 20 73 67 9 4 2 
1 8 38 86 66 6 3 2 
1 6 49 56 55 3 0 4 
5 4 38 12 47 7 6 7 
0 4 50 38 34 3 8 9 
4 0 49 32 53 9 2 8 
0 7 36 56 31 2 1 5 
8 4 16 36 33 4 6 0 
4 0 31 79 64 9 1 8 
6 3 44 51 77 1 6 1 
9 5 39 51 43 5 5 3 
5 4 14 53 20 0 6 5 
9 4 0 39 65 3 9 3 
6 1 44 37 70 3 4 5 
3 2 33 36 70 3 2 3 
0 8 61 57 83 5 6 3 
9 6 0 46 36 3 9 0 
3 0 43 55 50 7 0 9 
1 5 14 98 72 1 6 8 
9 8 43 51 38 4 5 2 
6 2 33 55 64 6 8 3 
2 9 30 60 53 2 5 7 
7 9 44 50 34 4 2 3 
1 3 39 66 14 6 4 5 
1 2 33 46 55 1 9 2 
7 6 10 34 30 6 8 2 
4 6 15 56 67 4 3 6 
1 2 37 39 61 8 3 9 
9 4 42 31 77 5 0 0 
6 0 78 60 49 7 4 7 
6 0 39 71 32 8 4 1 
2 3 67 33 70 4 3 0 
9 7 26 69 26 4 0 5 
0 6 29 43 91 3 8 5 
8 5 50 66 106 3 9 7 
4 5 30 56 57 1 1 5 
3 0 27 49 12 2 2 5 
0 2 18 63 67 3 4 1 
5 3 32 0 39 1 5 4 
3 5 37 23 63 5 9 8 
2 9 13 103 20 6 2 7 
1 3 63 35 35 5 0 9 
6 8 5 62 49 0 4 1 
2 5 29 28 61 8 1 0 
0 8 41 24 67 3 5 4 
7 5 30 25 36 6 2 5 
3 5 9 86 47 8 7 9 
1 1 29 26 59 9 0 2 
7 0 12 26 49 7 9 7 
2 4 17 49 73 1 2 9 
0 2 24 66 12 5 9 7 
7 2 18 86 54 6 3 7 
2 2 56 51 82 1 7 4 
9 7 33 36 37 1 5 9 
6 5 27 40 70 6 7 3 
5 3 14 54 42 3 7 5 
8 9 0 48 44 0 6 0 
9 8 70 37 49 7 2 2 
8 6 63 62 31 2 2 7 
2 0 22 66 46 2 9 5 
0 2 18 48 57 1 0 5 
1 1 62 47 51 8 4 8 
8 5 42 61 86 0 6 5 
3 2 37 25 55 4 7 9 
8 1 46 53 47 8 3 8 
2 9 0 11 39 5 5 4 
4 2 62 19 31 5 4 1 
8 6 18 54 67 2 2 6 
8 4 13 83 50 6 8 1 
3 5 0 69 43 4 7 3 
2 4 2 65 40 3 3 4 
3 2 7 49 55 3 8 8 
1 5 0 49 47 0 5 0 
4 4 43 31 26 2 9 8 
5 9 2 92 32 3 2 8 
2 0 0 74 49 0 8 9 
9 5 27 51 27 8 2 6 
9 0 51 32 64 4 8 3 
5 4 52 55 60 1 6 5 
3 4 10 38 32 7 8 2 
8 9 22 52 35 4 7 3 
0 8 54 48 52 4 4 6 
1 6 29 62 16 9 7 4 
1 5 33 78 47 5 3 3 
5 6 0 51 35 4 7 8 
6 0 0 24 69 5 5 0 
0 6 30 73 64 5 8 7 
5 9 52 36 67 1 5 6 
4 9 52 67 40 2 2 0 
9 8 34 82 22 2 7 8 
2 0 49 31 31 9 3 1 
5 2 31 47 77 1 4 1 
8 9 69 105 52 8 8 0 
9 6 7 54 73 7 8 2 
7 1 41 19 35 6 9 4 
7 8 14 51 29 9 5 2 
1 6 50 19 41 7 9 3 
0 2 26 50 53 8 3 5 
1 6 25 49 40 1 2 2 
6 8 54 29 34 3 7 0 
7 2 29 51 76 7 1 0 
7 8 26 53 74 2 5 3 
0 2 28 82 54 6 5 2 
0 7 15 53 62 7 1 8 
8 1 22 64 54 2 0 4 
5 0 0 58 34 3 3 8 
5 3 8 72 82 7 5 3 
0 7 27 54 23 0 7 1 
7 0 0 52 12 6 9 5 
2 4 56 59 81 6 0 4 
5 0 32 84 43 7 0 6 
7 6 55 64 43 7 4 3 
2 8 24 57 18 6 1 3 
8 8 19 25 36 7 5 6 
8 5 24 45 74 2 0 9 
5 0 17 29 49 8 1 7 
7 3 16 50 30 7 0 8 
2 9 3 71 68 0 4 0 
2 1 32 25 11 9 4 8 
2 9 39 63 55 3 5 9 
9 3 27 54 13 0 8 3 
0 4 16 52 17 2 0 4 
1 0 54 17 41 5 4 9 
9 9 19 98 63 5 0 2 
7 0 17 34 52 6 9 4 
1 4 9 25 75 1 0 0 
8 8 20 41 56 6 7 4 
4 9 44 22 42 8 0 3 
2 5 8 37 77 8 1 4 
4 0 18 37 16 2 6 6 
3 8 27 4 50 5 5 7 
5 3 29 34 29 9 3 2 
5 9 8 0 61 8 1 5 
2 4 35 49 17 0 0 2 
3 3 21 28 7 9 4 1 
1 2 41 65 24 3 5 1 
3 3 24 51 53 2 1 5 
9 2 35 58 68 6 0 9 
9 9 52 80 61 4 1 4 
6 6 35 55 26 8 2 3 
4 0 17 34 3 1 3 9 
5 4 44 59 49 5 6 1 
9 8 51 56 59 8 3 0 
7 9 3 44 55 7 7 2 
4 5 18 26 59 1 6 3 
5 0 46 67 26 2 4 1 
7 4 11 57 67 8 8 2 
4 2 52 75 96 0 0 6 
2 0 51 82 40 7 6 7 
5 8 35 36 41 8 2 9 
3 1 46 59 53 7 9 1 
9 1 35 60 72 9 0 8 
2 9 7 43 21 4 2 8 
8 1 68 41 80 6 2 6 
1 8 0 15 43 9 6 4 
2 1 35 53 49 2 3 3 
9 7 68 33 39 0 3 4 
6 9 37 60 58 4 2 0 
9 9 10 57 30 3 4 2 
3 5 73 60 72 1 4 5 
9 9 74 69 41 9 8 7 
7 0 55 77 17 5 8 2 
0 0 41 81 73 4 4 0 
4 9 71 45 86 5 6 8 
3 4 37 26 87 3 5 4 
1 0 28 28 50 4 1 1 
6 0 32 71 59 8 2 4 
1 4 23 35 39 6 8 3 
3 4 17 70 36 2 6 1 
5 1 29 67 55 6 9 7 
1 1 3 0 52 7 5 0 
5 1 30 48 64 9 7 8 
8 0 65 58 23 8 8 2 
0 3 5 50 37 4 2 3 
6 6 15 52 63 0 2 9 
2 2 33 62 42 1 0 2 
5 1 11 35 75 0 7 4 
6 4 29 50 41 2 6 5 
0 0 14 39 72 5 4 5 
3 6 26 38 27 6 7 1 
5 3 2 52 16 0 9 4 
3 5 58 20 25 1 7 9 
4 9 64 41 41 8 7 0 
5 2 73 70 63 0 2 9 
0 4 24 36 59 8 3 8 
1 7 36 48 44 9 6 1 
9 9 4 28 78 2 6 8 
4 3 24 62 50 2 2 4 
0 3 58 85 57 2 0 5 
8 0 52 35 17 1 0 9 
7 3 9 49 38 7 3 3 
3 0 29 30 37 1 8 8 
9 5 40 55 81 0 9 2 
3 5 3 56 86 0 5 2 
7 5 24 71 20 0 6 4 
8 3 10 39 51 1 4 8 
6 7 33 58 42 1 8 9 
0 5 15 55 49 2 1 9 
0 6 15 9 36 0 8 2 
4 1 0 77 62 4 6 6 
4 9 9 23 58 0 6 0 
4 5 35 32 5 1 8 9 
1 2 0 61 43 6 7 8 
7 8 14 50 22 8 5 4 
1 7 33 29 26 1 2 6 
4 4 82 39 59 1 5 2 
3 9 52 47 46 2 5 9 
2 8 54 50 57 3 0 6 
8 4 17 51 49 4 9 7 
5 9 18 75 86 6 5 0 
4 1 26 47 39 9 7 5 
5 5 6 15 44 1 6 2 
3 1 25 46 34 8 5 6 
4 2 32 60 67 2 8 6 
9 5 34 37 44 7 0 8 
1 8 12 46 17 2 9 4 
2 9 0 32 55 9 5 6 
7 7 0 70 74 8 6 3 
9 2 20 90 32 1 9 3 
8 5 17 85 62 5 2 6 
5 5 32 73 73 0 7 5 
6 5 62 36 63 2 9 1 
3 5 23 42 30 8 2 6 
7 8 26 70 20 2 5 7 
0 3 35 69 63 7 9 5 
6 0 30 63 65 1 4 5 
0 4 48 48 41 8 1 2 
5 2 64 29 57 9 8 8 
4 3 31 85 64 8 7 1 
0 8 0 74 74 0 0 5 
9 0 6 19 48 9 9 1 
7 1 28 86 41 0 5 9 
3 8 68 16 47 4 7 5 
0 2 32 53 46 2 1 4 
3 2 57 10 53 5 9 2 
6 4 49 60 41 6 7 9 
5 2 83 45 81 1 2 0 
0 1 16 100 66 7 0 2 
6 8 48 43 51 8 7 0 
1 3 40 60 42 1 0 7 
6 2 81 48 44 7 6 2 
9 9 48 65 48 0 6 4 
3 6 0 45 26 8 3 4 
0 6 44 90 19 9 4 9 
0 4 68 59 54 4 1 1 
2 7 23 111 36 1 2 4 
4 9 0 50 79 9 9 9 
8 7 42 78 44 4 2 1 
9 3 40 58 44 0 6 5 
5 1 26 66 7 1 6 2 
2 9 2 54 62 6 1 3 
6 4 20 48 39 9 1 8 
9 8 0 53 30 8 4 4 
9 0 37 47 53 2 9 2 
7 7 71 14 79 3 4 6 
9 5 40 55 32 9 2 4 
9 3 19 51 61 7 2 1 
8 2 29 16 53 4 2 1 
6 4 1 67 65 8 1 0 
0 4 13 38 40 5 3 5 
4 0 17 59 28 5 8 7 
2 0 20 57 21 4 3 1 
5 5 11 22 54 8 0 2 
7 0 39 15 28 7 8 2 
8 6 0 36 33 6 0 3 
0 7 12 71 59 0 7 2 
1 6 13 24 50 0 0 4 
6 0 46 87 84 5 2 2 
7 2 44 62 38 2 1 8 
1 3 17 41 50 7 2 0 
4 8 37 42 81 1 2 9 
7 5 49 29 38 9 6 7 
4 7 42 79 47 2 2 8 
2 0 3 40 81 4 3 0 
4 0 15 37 23 1 5 5 
8 9 42 59 81 0 1 1 
7 9 32 59 65 5 2 9 
7 9 52 70 43 5 2 9 
6 9 13 24 36 1 2 0 
6 5 46 41 70 1 1 2 
4 5 62 71 21 9 3 7 
3 0 45 76 81 1 5 5 
2 8 24 48 51 6 0 2 
9 1 16 63 45 1 5 4 
3 0 42 50 70 7 2 0 
6 3 54 59 60 7 8 6 
0 5 46 42 40 8 5 5 
1 3 26 50 29 8 8 2 
3 1 56 61 59 5 7 1 
2 5 30 25 37 3 3 6 
0 5 49 40 71 8 3 1 
5 8 30 19 53 7 1 0 
8 3 10 68 68 1 9 4 
5 3 41 71 85 9 9 3 
6 4 14 65 82 5 6 5 
9 5 45 61 61 3 0 7 
0 5 13 58 59 7 7 5 
2 9 20 40 43 8 7 6 
9 0 61 44 33 3 3 4 
2 8 32 87 36 9 5 2 
4 7 16 50 96 0 6 0 
1 4 59 59 66 2 1 9 
5 1 25 58 47 3 0 2 
1 7 29 66 33 8 0 7 
7 9 5 53 49 0 8 8 
1 7 35 58 31 4 3 0 
5 5 1 50 48 2 6 2 
0 1 5 16 67 6 6 7 
4 7 34 79 28 0 5 5 
1 5 36 65 61 1 4 8 
3 5 11 25 28 8 1 7 
0 0 27 37 36 5 9 4 
1 6 49 30 53 7 4 1 
2 8 0 68 65 9 6 9 
1 8 64 80 43 6 6 7 
6 6 44 52 44 5 0 4 
5 8 73 77 65 8 4 3 
3 8 28 60 94 7 9 0 
8 3 9 45 27 5 4 7 
2 2 29 34 51 3 5 3 
2 8 18 65 90 4 8 7 
6 7 26 83 30 7 5 1 
3 8 23 51 59 1 9 7 
7 6 20 27 27 6 1 3 
3 8 56 17 19 8 9 0 
8 9 21 54 47 5 3 2 
8 6 52 31 64 6 6 9 
3 2 26 39 46 5 2 4 
8 4 9 16 44 0 6 6 
2 3 0 15 21 8 3 8 
8 0 24 23 59 0 8 8 
9 3 4 72 70 6 7 2 
8 7 22 97 33 8 4 1 
3 0 40 28 24 6 0 1 
3 6 21 46 73 0 0 0 
6 9 57 40 36 8 8 8 
5 9 13 56 70 9 4 4 
4 2 16 41 70 1 3 8 
0 9 28 50 45 6 4 0 
8 4 19 61 48 4 9 4 
8 1 29 48 45 5 0 5 
0 4 34 62 28 3 0 9 
9 2 17 53 48 8 9 3 
6 4 28 56 37 3 9 5 
3 7 8 46 27 1 4 8 
8 0 46 47 43 2 4 4 
0 3 25 44 46 7 0 3 
2 7 21 34 55 9 2 3 
0 7 40 62 27 0 3 0 
5 4 55 4 31 4 2 4 
3 8 59 43 46 7 8 9 
5 2 39 30 48 9 4 9 
5 5 35 79 64 0 6 8 
3 1 27 36 41 5 5 1 
1 9 14 43 38 3 1 1 
9 9 35 35 67 4 6 1 
8 7 37 54 76 6 0 2 
4 1 0 67 28 5 1 0 
9 1 48 53 44 7 5 8 
9 1 49 48 88 2 0 8 
3 6 26 64 97 4 7 7 
1 6 69 25 30 9 8 9 
2 3 60 37 48 3 2 5 
5 5 0 69 52 9 0 0 
8 4 38 71 27 4 4 9 
0 2 34 59 24 6 0 3 
5 9 29 45 73 7 9 1 
8 7 24 58 85 5 1 8 
3 8 35 36 34 1 4 5 
3 8 15 39 64 8 1 5 
7 5 7 66 22 5 8 6 
4 6 1 32 38 1 2 1 
3 4 60 67 76 5 3 2 
9 0 1 34 56 7 0 0 
3 2 46 75 20 7 7 2 
7 6 40 27 60 6 5 6 
9 4 44 51 59 2 1 7 
7 6 42 10 64 5 4 4 
5 9 19 47 51 6 9 6 
4 1 39 69 40 2 8 5 
5 8 29 66 22 2 9 5 
5 2 40 72 88 4 5 7 
7 3 18 35 49 4 6 4 
9 1 29 25 36 4 3 4 
5 6 66 48 27 7 6 5 
8 7 16 70 51 2 7 5 
0 2 34 47 49 8 9 9 
5 4 33 33 26 4 2 8 
7 8 22 40 92 0 0 6 
2 2 52 86 36 7 4 5 
2 9 48 69 58 0 9 5 
1 8 49 23 33 3 5 1 
2 5 15 48 51 6 3 0 
6 0 14 74 62 0 0 9 
9 1 55 43 49 9 7 7 
1 2 66 72 46 3 1 1 
4 8 49 5 33 8 7 6 
9 1 48 39 64 6 8 9 
0 6 50 23 56 2 3 8 
2 4 18 36 42 3 8 9 
9 9 25 48 53 4 9 8 
4 6 0 72 30 2 1 9 
2 4 24 56 57 9 5 4 
1 0 33 22 24 7 0 7 
8 4 35 100 42 3 2 8 
2 3 25 84 57 0 8 7 
0 4 22 13 76 2 9 7 
8 5 37 30 18 8 3 6 
6 3 25 32 47 2 4 2 
2 4 33 39 47 0 1 3 
1 7 49 56 57 0 9 5 
0 3 32 48 57 9 6 2 
0 5 81 43 48 8 2 2 
1 8 20 52 64 9 4 9 
8 5 23 44 51 0 4 2 
5 0 33 74 46 7 2 5 
0 8 52 52 66 2 8 8 
9 4 42 25 29 7 4 0 
9 3 62 66 83 6 5 4 
1 7 0 62 44 5 7 3 
5 2 21 23 36 6 8 8 
8 8 42 68 58 5 4 1 
0 5 20 83 54 2 2 9 
4 9 42 73 0 0 1 1 
1 6 0 39 23 3 8 9 
5 8 34 52 28 2 9 1 
4 0 43 53 94 4 9 6 
5 4 15 38 33 9 7 9 
3 9 50 35 0 2 3 5 
7 4 66 39 43 1 5 5 
8 1 12 39 50 8 4 3 
0 4 42 27 35 3 3 5 
5 6 47 65 72 4 6 2 
8 7 24 43 39 1 5 2 
8 3 38 56 17 1 7 0 
8 0 8 34 9 6 9 3 
2 8 63 49 52 3 6 2 
7 5 20 34 46 0 2 6 
1 1 34 44 47 5 2 6 
7 3 3 38 35 9 9 7 
2 9 60 69 65 1 4 8 
7 9 59 74 29 9 9 2 
7 2 29 67 73 2 6 8 
2 5 63 56 56 0 4 2 
3 5 35 36 68 1 9 9 
4 6 16 31 90 5 3 6 
6 1 43 48 73 0 8 8 
8 0 38 65 86 1 2 8 
6 5 34 61 32 9 4 5 
0 0 37 48 77 4 7 6 
7 5 20 74 40 0 4 4 
1 3 13 19 47 4 1 6 
6 4 65 45 60 7 9 3 
4 4 49 66 0 0 2 8 
0 0 43 25 36 4 7 2 
0 3 69 90 38 1 3 4 
2 1 23 29 44 7 5 2 
4 0 36 35 17 2 6 3 
0 3 43 55 43 0 4 0 
4 3 9 56 3 1 4 6 
5 7 26 29 42 1 9 4 
6 0 17 39 21 7 2 5 
9 6 11 34 63 7 5 1 
7 4 24 72 46 3 4 5 
4 3 44 48 48 4 4 3 
3 9 0 71 48 7 2 8 
3 0 25 76 39 1 1 8 
6 4 24 34 67 4 6 1 
7 6 27 58 67 5 7 6 
3 8 23 31 55 2 6 7 
3 3 30 33 95 2 4 2 
6 0 35 40 57 1 8 8 
7 9 41 34 69 7 6 9 
3 4 53 25 63 8 4 8 
9 6 5 48 42 8 4 0 
2 1 58 44 58 3 7 4 
4 9 44 45 52 9 2 8 
8 8 23 50 41 7 7 0 
5 5 16 77 40 6 2 6 
9 7 59 9 54 8 9 9 
1 2 89 60 40 5 2 5 
9 3 0 29 47 8 3 9 
5 9 41 83 52 8 1 3 
9 1 18 54 57 2 1 3 
4 6 25 48 42 9 2 6 
8 1 0 80 66 5 0 9 
2 7 59 69 33 4 0 4 
9 4 36 62 25 3 0 5 
6 7 0 62 85 0 9 9 
8 9 15 55 66 7 5 5 
0 6 44 83 53 4 1 6 
1 6 0 52 64 0 9 4 
7 8 27 39 91 6 7 4 
6 2 59 40 121 9 6 1 
0 4 51 0 68 5 7 8 
8 9 3 76 40 2 5 9 
6 7 17 56 34 5 6 7 
4 8 25 44 81 6 3 9 
2 7 32 86 83 4 8 5 
6 3 40 57 62 0 4 8 
2 0 23 70 53 0 8 4 
9 5 42 66 39 5 0 3 
9 6 57 65 55 7 7 4 
6 7 29 20 57 9 5 5 
9 2 33 58 90 9 4 7 
8 3 15 36 31 2 6 3 
2 2 45 64 59 6 2 1 
9 7 15 26 64 9 7 3 
9 7 60 21 68 1 9 4 
0 0 10 17 81 5 6 2 
0 4 57 77 33 2 0 5 
2 9 52 76 97 9 8 6 
6 8 9 11 88 9 0 6 
2 5 14 38 54 1 7 4 
3 3 5 52 47 6 5 3 
5 7 20 60 64 1 4 0 
5 5 40 35 34 6 7 1 
2 1 85 53 91 1 0 3 
3 1 71 44 50 3 4 7 
2 7 50 49 81 3 6 9 
1 8 36 37 51 1 0 9 
5 5 51 69 51 7 4 5 
7 8 17 57 25 0 8 8 
3 8 4 38 72 7 2 8 
4 9 66 72 82 5 0 4 
0 5 5 28 53 6 9 3 
1 2 28 78 45 1 7 5 
2 1 52 54 49 7 4 7 
8 1 23 56 53 7 2 0 
7 6 60 68 19 7 8 4 
0 1 26 50 38 3 5 6 
5 8 40 0 28 7 3 7 
9 4 47 67 65 0 1 5 
1 0 17 70 50 7 0 8 
4 5 21 37 85 9 7 0 
8 3 34 55 50 9 8 2 
2 7 15 75 67 1 3 0 
7 2 47 25 72 5 5 2 
3 4 46 42 30 7 1 3 
3 7 39 48 68 6 3 3 
8 7 31 37 48 9 5 7 
4 4 25 36 65 9 2 1 
0 4 23 63 32 4 8 8 
6 0 54 51 61 6 5 3 
2 7 16 60 26 6 1 6 
3 4 47 63 55 0 8 3 
7 5 25 36 74 7 4 3 
9 0 14 74 66 8 6 7 
1 6 44 81 46 6 4 4 
1 1 70 48 70 5 6 0 
1 8 0 25 63 3 0 0 
8 5 0 42 42 0 4 0 
2 1 66 71 81 9 2 6 
9 5 11 41 76 8 2 8 
6 2 16 86 13 4 1 1 
9 5 43 43 22 5 5 9 
3 6 35 75 0 8 8 9 
1 9 42 91 73 2 5 2 
4 3 25 27 97 7 6 8 
8 1 32 36 59 1 7 7 
4 2 18 11 44 2 9 0 
8 2 42 36 79 8 1 3 
4 8 57 46 85 9 9 9 
4 1 25 24 46 9 2 7 
8 2 47 32 44 0 9 6 
2 4 0 32 29 9 1 0 
5 3 20 34 58 3 0 1 
9 1 47 56 46 6 6 3 
5 5 23 77 37 2 4 1 
2 3 17 48 44 8 4 6 
8 8 55 20 75 4 8 4 
8 5 29 40 78 2 4 3 
2 5 47 64 62 3 8 6 
6 3 13 22 35 3 3 6 
8 6 43 47 16 0 0 6 
4 8 29 17 72 4 9 2 
1 6 19 66 26 4 7 5 
3 1 34 61 47 5 0 1 
7 8 23 53 66 0 3 6 
1 1 34 26 46 9 3 4 
7 2 12 48 51 0 3 4 
3 2 56 40 31 2 6 6 
1 5 12 35 57 6 9 4 
6 2 34 44 84 1 5 9 
7 8 66 65 33 1 2 7 
9 3 19 46 74 8 2 2 
3 1 26 34 71 4 3 7 
3 3 55 28 86 8 4 0 
3 1 67 85 34 2 2 1 
4 5 43 58 50 5 1 9 
9 6 24 83 60 3 4 2 
4 2 26 62 47 4 5 7 
1 1 57 25 105 0 6 8 
0 7 32 14 47 8 9 8 
1 6 58 54 84 8 8 6 
1 6 45 47 34 3 4 8 
4 7 35 60 27 0 1 4 
2 2 20 26 73 7 9 2 
5 8 21 20 59 1 8 4 
5 4 15 47 28 7 2 3 
7 0 21 70 51 2 1 7 
6 9 25 55 74 3 0 3 
8 3 51 69 28 4 2 4 
6 8 26 54 82 6 0 6 
5 8 61 85 55 6 8 5 
7 3 28 43 72 0 8 3 
0 8 22 38 64 6 4 0 
6 8 0 60 43 3 9 9 
7 5 14 64 48 5 7 1 
1 4 54 78 49 7 3 6 
5 7 30 29 67 2 1 8 
2 8 18 58 38 2 7 5 
3 7 58 77 46 9 1 6 
4 0 65 57 63 2 4 9 
7 9 23 52 42 5 8 2 
4 2 17 76 47 3 8 6 
1 0 0 57 76 4 7 0 
3 1 28 52 49 1 0 0 
8 2 19 58 50 1 2 1 
7 2 28 52 86 0 4 3 
8 9 57 79 95 7 0 1 
5 8 49 60 49 4 3 7 
6 5 40 9 59 0 7 7 
9 0 47 38 60 9 2 5 
3 4 9 26 57 8 8 9 
9 1 14 59 80 9 8 0 
4 9 51 39 79 9 9 1 
8 9 18 51 41 1 4 4 
7 2 23 45 58 7 8 2 
4 0 30 87 45 2 9 3 
5 6 23 15 48 6 1 9 
4 7 40 34 66 2 5 2 
1 7 27 3 60 8 6 3 
2 8 70 53 36 0 8 6 
1 9 0 92 108 0 5 3 
0 2 10 27 25 2 7 3 
9 7 4 69 47 9 2 8 
0 1 24 45 46 0 6 9 
1 4 50 38 53 5 9 8 
1 0 26 40 49 5 3 4 
8 8 20 72 64 0 8 7 
0 2 13 38 33 5 7 2 
9 6 44 72 41 0 5 0 
1 7 13 58 39 6 8 2 
7 0 60 19 56 5 2 4 
3 3 21 61 69 2 5 9 
6 3 27 34 65 4 4 0 
1 1 13 46 50 5 8 7 
1 3 17 47 51 8 5 9 
7 5 15 31 68 6 3 2 
3 3 61 37 63 9 0 5 
1 2 28 68 51 0 9 6 
4 8 49 46 17 1 7 6 
1 1 34 78 57 6 6 8 
3 6 65 59 57 5 6 8 
1 0 26 34 57 2 7 8 
9 5 24 54 36 7 1 4 
4 9 35 33 43 5 1 9 
7 8 27 10 51 0 4 9 
3 4 2 47 51 4 7 3 
2 4 47 53 42 8 6 1 
1 7 0 56 49 9 4 4 
5 5 13 39 60 5 2 8 
0 9 60 45 42 0 2 7 
4 6 17 41 54 9 5 5 
8 3 30 46 57 2 3 9 
6 8 82 46 46 8 5 6 
8 7 35 25 36 4 0 1 
9 4 0 19 37 2 3 3 
6 3 36 50 74 2 2 6 
8 0 45 69 22 3 3 1 
7 2 31 31 43 3 1 9 
2 9 14 24 39 9 8 5 
6 9 20 69 51 3 1 4 
2 3 19 48 16 2 6 7 
8 3 0 68 52 7 8 5 
7 9 20 52 46 6 6 1 
4 5 70 26 46 1 5 7 
5 6 56 56 48 2 4 3 
4 5 24 29 60 9 9 8 
5 7 31 64 75 5 8 8 
4 8 43 26 27 4 8 2 
1 5 54 0 27 9 2 1 
0 5 48 28 51 6 1 8 
2 4 0 57 24 1 1 5 
0 5 0 52 65 0 4 9 
5 0 25 30 68 2 2 5 
8 3 33 48 60 8 7 4 
2 5 25 34 57 3 5 3 
6 3 4 45 18 7 2 8 
5 2 0 23 32 8 6 9 
0 8 38 56 61 8 4 0 
2 4 31 46 46 8 3 0 
0 2 29 42 75 8 9 1 
5 1 21 30 78 3 0 6 
6 6 20 48 40 8 4 8 
5 5 24 37 59 3 5 3 
5 7 16 84 53 9 5 1 
5 6 0 30 34 9 0 1 
8 9 10 45 43 2 3 1 
7 2 23 49 23 8 0 6 
0 4 7 41 51 4 9 2 
3 8 35 36 48 7 7 4 
1 2 46 65 58 5 5 7 
1 0 7 67 64 5 0 3 
9 7 43 68 64 2 5 7 
5 6 25 90 49 5 5 1 
9 5 19 31 58 9 6 4 
5 7 38 47 49 1 3 3 
5 9 33 40 44 9 3 1 
8 9 35 50 41 4 0 0 
8 1 7 40 52 8 9 2 
0 3 32 83 44 7 8 2 
1 3 29 51 20 8 2 4 
7 0 48 35 16 9 9 0 
0 9 25 52 50 6 8 6 
7 9 30 61 41 6 7 5 
7 5 6 35 43 9 3 4 
5 0 27 33 29 7 9 8 
5 5 34 27 59 8 0 6 
1 0 0 67 69 2 6 6 
3 2 43 72 55 2 1 8 
6 5 22 65 78 2 5 3 
7 2 46 30 60 2 6 3 
9 2 0 42 3 0 9 0 
2 2 15 25 50 0 0 3 
2 8 23 44 11 3 8 9 
6 2 6 46 62 1 9 6 
2 9 24 76 39 8 0 5 
5 3 37 39 46 4 1 5 
6 3 3 35 35 0 5 9 
1 8 22 40 40 6 7 2 
8 5 45 37 78 2 0 5 
2 8 25 34 16 0 1 0 
4 5 35 72 0 8 2 5 
0 7 43 63 52 6 9 6 
6 1 36 25 29 3 6 4 
6 0 0 58 67 1 5 0 
8 4 61 53 79 6 8 7 
9 0 49 61 33 2 7 5 
9 5 11 53 34 0 9 7 
0 7 51 30 31 8 1 6 
8 7 48 60 23 6 3 0 
8 2 32 40 56 7 0 6 
8 7 38 67 48 1 7 5 
2 3 6 52 80 7 8 5 
2 0 13 19 56 1 7 8 
9 1 9 19 68 9 0 8 
0 9 57 39 32 3 7 3 
8 6 28 36 39 7 0 5 
7 9 37 60 58 9 1 0 
2 4 0 60 49 9 4 9 
