8 2350
1 7 14 23 28 8 6 8 
0 3 22 70 44 9 4 4 
4 2 10 43 48 5 1 9 
1 2 48 57 68 0 7 2 
4 8 2 39 62 1 3 9 
2 4 55 37 67 8 4 6 
3 3 13 58 51 7 0 1 
2 0 0 26 32 3 3 8 
3 8 64 56 22 7 0 5 
5 3 11 24 49 5 8 2 
4 1 0 49 42 7 8 6 
2 3 19 37 19 7 0 5 
8 5 75 43 38 6 5 6 
1 8 7 33 43 1 4 2 
3 3 75 45 36 2 1 1 
7 1 23 43 61 6 5 8 
5 0 16 39 37 3 9 2 
3 9 52 63 36 8 7 0 
1 2 12 31 58 2 0 8 
8 7 8 68 59 4 1 1 
1 7 43 44 35 4 0 6 
3 9 23 43 59 2 4 8 
2 2 33 49 13 4 6 5 
1 7 14 15 67 0 3 7 
3 0 64 44 48 1 1 6 
8 3 0 55 83 9 4 4 
6 9 15 46 50 7 8 6 
6 6 24 32 0 5 6 6 
4 5 12 19 37 4 1 5 
1 0 61 57 75 9 5 4 
2 1 28 37 51 1 1 5 
0 2 14 59 44 8 2 4 
8 3 24 70 38 5 3 9 
7 7 30 59 58 4 0 4 
8 2 42 50 45 9 5 2 
0 3 5 66 90 5 7 0 
3 1 23 40 39 7 1 3 
7 1 23 26 51 9 8 7 
0 1 9 42 71 9 2 9 
8 2 37 29 55 2 9 8 
7 6 34 60 73 1 1 8 
9 5 44 56 76 2 5 3 
0 8 62 67 46 6 3 4 
5 9 31 37 20 6 8 3 
5 7 28 15 66 2 8 8 
1 2 46 58 49 6 7 5 
5 8 47 91 35 1 2 7 
5 6 43 26 65 1 0 5 
8 0 28 87 33 3 1 1 
8 6 36 64 43 8 6 6 
7 5 24 65 43 0 4 4 
8 0 26 67 54 8 6 7 
4 8 13 37 62 0 1 5 
4 9 51 60 47 4 6 7 
6 5 24 24 37 9 4 5 
9 1 9 37 68 0 4 9 
6 7 25 61 55 6 9 0 
4 9 33 61 20 9 9 1 
5 8 31 68 52 4 0 9 
3 0 34 46 53 2 2 4 
3 2 10 15 21 4 9 6 
1 7 13 11 60 2 8 8 
0 4 0 50 41 5 2 8 
4 6 36 77 52 7 0 1 
5 0 38 77 76 4 6 6 
2 5 14 24 32 3 3 8 
5 8 42 51 45 1 3 2 
7 7 5 50 59 0 0 0 
1 1 26 89 43 2 0 4 
8 4 73 67 78 8 8 8 
9 1 61 29 57 9 9 3 
3 3 35 52 25 6 2 3 
8 4 7 62 47 7 3 3 
5 9 62 64 36 1 7 3 
1 1 45 29 58 2 6 5 
5 0 35 54 51 3 8 1 
2 9 51 34 58 8 3 2 
8 0 28 21 54 2 3 0 
2 8 33 50 53 8 2 1 
2 6 34 13 71 5 2 3 
9 8 29 59 34 6 8 0 
3 6 0 42 90 6 9 8 
8 7 49 52 66 3 7 4 
5 3 14 51 72 7 0 5 
6 3 37 78 87 2 8 9 
9 7 21 30 73 2 6 3 
3 3 51 66 42 7 1 1 
8 0 52 51 45 8 2 6 
6 5 3 28 34 8 3 1 
4 5 3 48 46 6 0 0 
7 3 13 78 49 2 8 0 
4 3 35 35 44 8 8 5 
6 1 37 43 37 9 9 4 
8 3 52 74 21 1 1 4 
8 9 10 71 73 8 2 3 
0 0 28 72 45 2 8 2 
4 9 22 53 44 4 6 2 
4 6 71 40 62 5 4 1 
4 2 22 35 22 0 4 8 
5 1 23 90 83 5 1 2 
7 4 7 31 24 4 3 0 
6 7 49 70 68 6 7 7 
1 9 28 60 53 5 6 5 
2 1 22 65 57 0 2 8 
9 8 62 82 5 9 2 0 
0 1 28 74 79 1 5 1 
6 2 51 38 73 6 6 8 
8 6 3 39 15 0 1 7 
2 2 18 0 40 2 1 1 
5 9 8 60 63 4 9 2 
0 4 75 59 48 0 3 9 
9 1 40 59 45 3 5 4 
2 7 21 38 40 2 0 6 
4 9 31 51 62 6 4 8 
6 9 8 53 50 4 1 0 
6 2 0 38 57 9 6 8 
9 3 60 50 60 9 1 1 
6 9 46 61 79 6 1 6 
8 6 39 15 94 8 3 8 
8 6 41 83 14 6 9 5 
0 7 15 55 14 3 2 9 
9 4 28 6 38 6 0 5 
7 9 43 51 52 0 1 9 
8 2 59 57 52 9 6 0 
9 6 26 32 46 1 6 4 
8 8 0 51 53 4 1 5 
2 1 21 32 79 5 5 5 
6 6 32 47 41 6 6 1 
8 3 19 78 61 5 1 6 
8 0 33 15 29 8 8 1 
8 4 2 33 14 4 0 1 
7 2 11 43 91 4 9 5 
9 8 30 43 49 1 3 1 
6 3 71 38 23 1 2 0 
3 1 52 43 72 0 8 7 
2 1 0 47 12 0 8 1 
0 7 50 38 59 8 5 1 
4 7 32 63 23 4 5 1 
4 9 25 35 29 0 6 4 
7 1 1 74 26 7 5 5 
4 1 0 21 26 3 3 1 
4 9 2 39 61 0 8 7 
1 0 59 48 72 1 2 8 
5 0 0 57 73 2 3 2 
4 2 37 66 62 2 4 3 
1 7 20 56 56 1 3 5 
4 4 32 57 71 9 1 5 
2 2 24 52 70 8 7 4 
9 4 25 55 10 5 7 4 
1 3 38 47 83 4 0 8 
0 8 16 35 51 9 6 8 
4 3 31 96 6 2 0 9 
5 8 47 71 39 1 5 8 
7 4 67 42 62 1 0 2 
2 9 52 42 67 9 7 6 
1 1 34 57 30 9 0 4 
5 6 67 51 29 0 5 4 
9 4 22 56 64 8 2 4 
6 5 0 26 32 9 1 9 
9 2 34 52 36 9 7 6 
9 4 11 16 56 1 4 6 
5 8 19 22 54 1 0 2 
5 2 0 75 32 1 5 2 
8 8 49 13 34 0 9 9 
6 2 6 52 80 0 8 1 
2 3 33 59 68 5 3 8 
4 8 5 58 21 0 1 2 
1 7 61 56 44 9 6 8 
6 0 0 51 63 1 3 4 
1 4 30 83 71 0 5 2 
9 9 31 79 77 0 0 6 
6 0 8 62 53 7 1 9 
6 2 35 49 65 7 9 6 
6 3 62 37 59 3 6 5 
4 3 28 44 61 6 2 3 
6 8 40 11 54 7 7 6 
2 1 30 68 36 1 0 4 
9 8 40 21 50 1 9 4 
8 6 41 58 21 6 2 0 
4 2 79 46 29 5 2 9 
3 1 14 35 16 2 0 9 
7 8 48 62 94 1 7 1 
5 8 9 41 58 6 8 7 
4 5 3 27 44 7 9 9 
5 1 40 59 52 9 5 5 
4 0 54 46 52 5 5 3 
0 7 39 28 54 1 8 3 
1 0 0 76 43 5 3 1 
6 2 25 58 26 6 8 0 
7 0 26 40 65 2 8 4 
0 9 20 128 10 6 6 3 
8 3 42 31 53 4 0 9 
8 3 21 19 62 5 0 4 
5 0 10 54 0 3 4 1 
7 4 4 27 69 1 6 8 
5 6 3 27 69 7 5 7 
5 7 10 51 51 8 6 7 
7 9 20 54 63 2 7 3 
3 7 41 76 16 6 7 3 
7 9 23 47 26 8 8 4 
9 4 12 75 48 0 9 5 
8 0 25 33 32 8 2 4 
2 9 37 36 35 1 4 3 
7 2 20 36 43 8 7 5 
2 2 23 57 47 0 5 1 
1 1 33 63 37 9 1 9 
6 0 21 57 40 4 2 3 
3 3 0 47 57 3 9 4 
8 5 23 25 47 1 4 6 
9 5 39 52 20 5 6 1 
8 5 26 66 26 3 3 1 
1 9 45 56 67 4 9 3 
6 3 17 55 49 8 1 8 
9 6 29 55 38 1 5 8 
2 0 16 44 40 8 6 9 
1 6 18 42 32 9 7 6 
8 9 42 52 70 7 8 6 
3 3 48 28 72 5 3 6 
7 2 62 24 37 3 4 7 
9 9 57 55 49 3 0 2 
7 4 11 60 19 0 0 3 
6 5 36 46 70 8 3 7 
1 0 8 48 40 4 3 2 
9 9 12 35 49 0 2 9 
7 8 0 52 53 9 0 1 
5 2 0 54 61 7 8 4 
8 7 59 28 15 7 1 1 
3 9 2 23 47 1 7 6 
2 4 29 12 57 9 8 0 
5 7 4 61 89 3 7 9 
6 3 65 25 37 9 8 9 
0 8 3 72 45 5 4 9 
7 3 15 76 0 2 0 3 
9 9 21 63 20 6 3 0 
4 3 43 52 45 7 0 7 
8 6 48 70 22 6 8 1 
5 6 38 41 26 5 0 1 
4 8 14 29 62 7 2 8 
4 7 59 64 59 9 3 3 
2 2 43 94 50 2 2 4 
3 1 29 43 23 3 9 2 
2 7 53 84 62 8 5 7 
0 8 53 71 42 9 8 1 
5 4 31 90 29 7 4 8 
0 6 0 48 34 7 8 2 
8 1 24 25 72 7 0 2 
9 5 24 33 84 6 6 7 
3 7 16 60 64 7 1 4 
5 3 39 49 46 0 1 9 
6 8 72 38 44 5 6 2 
0 0 44 45 48 1 1 4 
5 0 43 64 55 8 3 6 
9 2 30 47 42 3 0 4 
4 0 20 64 57 6 9 1 
3 1 21 53 29 9 3 5 
3 6 50 51 64 6 5 2 
4 5 78 41 49 4 8 9 
2 1 30 62 23 6 4 1 
5 7 17 51 77 2 1 9 
8 8 58 69 30 1 5 9 
6 0 0 82 47 3 9 0 
0 3 46 36 63 8 9 5 
3 9 12 73 37 9 2 6 
2 5 33 62 63 8 7 8 
6 4 36 48 51 9 2 3 
6 5 0 25 26 6 7 7 
5 1 27 75 36 6 3 8 
4 7 29 62 87 0 6 4 
7 2 52 50 54 9 8 8 
5 8 50 37 38 9 6 3 
4 7 8 31 53 8 9 9 
2 3 42 58 64 2 6 2 
1 0 21 32 56 5 8 3 
1 9 38 42 46 1 6 3 
6 7 0 29 49 2 4 1 
2 9 59 56 36 6 6 1 
0 0 37 68 67 6 8 8 
7 1 55 89 52 8 1 4 
2 5 28 66 62 0 5 1 
7 3 0 92 35 1 5 2 
7 5 13 40 54 2 2 1 
8 7 12 92 51 2 4 3 
4 9 4 45 37 5 1 4 
8 1 34 61 20 8 7 1 
5 7 57 22 33 7 2 6 
3 0 29 36 50 9 7 4 
9 5 47 42 24 6 9 8 
9 9 35 10 71 4 4 9 
7 1 3 79 75 8 5 4 
8 9 52 46 28 5 9 9 
3 9 4 9 42 6 7 8 
0 9 21 68 37 8 8 1 
6 1 60 0 13 1 3 1 
9 2 11 35 52 0 7 3 
8 8 25 94 61 2 7 1 
7 3 49 34 24 4 3 4 
2 6 0 48 37 5 3 9 
3 2 26 36 80 8 0 4 
7 1 14 39 42 3 3 4 
8 5 1 66 80 8 8 6 
2 4 12 81 32 4 9 5 
9 1 35 52 65 4 0 7 
7 8 19 71 64 4 5 5 
2 3 0 46 80 2 1 5 
8 6 8 38 56 1 3 5 
4 1 0 47 65 0 0 8 
6 4 28 37 27 7 2 4 
4 3 0 80 8 4 2 7 
8 7 70 65 102 1 4 9 
0 8 10 77 30 8 3 0 
5 6 29 53 14 2 1 0 
5 5 22 75 65 2 5 1 
6 7 28 45 66 6 6 5 
6 5 0 55 51 6 6 8 
7 8 40 73 70 6 1 2 
0 7 66 43 46 4 6 1 
8 7 26 83 93 8 1 0 
5 4 27 26 48 0 1 1 
0 6 23 57 72 9 1 6 
8 7 6 81 72 1 0 4 
6 6 0 12 89 5 7 6 
7 9 33 80 37 7 1 0 
8 5 65 61 42 6 5 1 
0 2 35 19 64 6 5 3 
4 3 35 37 40 3 3 9 
2 2 27 63 65 9 8 5 
9 4 35 6 0 7 0 3 
9 8 29 33 50 6 1 3 
7 6 50 43 9 0 2 1 
7 5 19 57 73 6 1 8 
3 7 30 83 15 4 5 1 
5 2 18 88 67 9 3 1 
8 2 42 34 42 7 9 9 
1 3 31 51 13 6 9 1 
7 8 27 22 29 5 7 8 
2 8 4 48 41 5 6 4 
7 9 49 20 49 0 1 0 
3 9 26 52 69 7 8 4 
6 9 23 31 32 4 4 6 
5 3 28 54 49 8 7 5 
7 9 0 63 56 7 4 6 
7 7 35 51 46 6 4 6 
9 5 51 60 43 4 8 5 
4 9 18 48 38 4 9 6 
5 6 42 47 69 2 4 3 
5 8 41 51 34 4 7 8 
9 5 3 39 45 3 2 6 
2 4 29 83 82 4 3 6 
9 3 19 49 55 7 9 8 
5 0 41 31 29 4 9 0 
3 0 58 37 24 3 5 8 
2 0 40 44 41 1 8 9 
6 3 52 75 55 0 0 7 
3 9 31 31 47 7 4 0 
7 5 14 42 51 1 1 8 
4 2 46 71 63 3 7 9 
7 0 38 39 16 0 5 6 
5 8 61 49 69 4 5 4 
0 3 55 30 35 8 1 9 
7 0 45 33 21 6 0 9 
2 4 67 31 32 4 8 3 
1 8 59 55 59 2 6 0 
3 1 20 59 10 2 3 4 
4 3 36 79 40 0 8 1 
8 1 5 38 67 2 7 7 
4 2 62 58 9 7 9 8 
1 6 0 43 39 7 3 1 
5 0 24 72 61 3 1 9 
3 8 45 19 80 1 8 6 
4 3 30 53 38 5 4 4 
8 2 0 69 19 2 2 6 
7 9 2 84 51 0 9 4 
7 4 8 44 66 3 3 0 
6 0 43 54 36 8 1 0 
5 4 23 73 86 0 2 1 
5 4 0 78 25 7 0 1 
1 1 10 61 76 9 8 8 
3 2 39 48 47 0 5 0 
5 4 27 68 69 5 8 8 
1 2 0 18 40 3 6 8 
2 9 23 58 13 9 4 9 
6 3 17 47 62 7 2 4 
5 5 43 58 64 1 2 2 
5 0 18 68 20 0 4 8 
9 0 32 15 29 7 0 4 
4 1 29 85 28 2 7 9 
0 7 2 42 32 7 9 9 
8 2 67 62 52 9 4 8 
0 7 36 22 23 1 3 3 
7 0 22 46 56 3 6 8 
3 2 18 31 21 1 3 8 
3 6 40 90 69 2 2 8 
0 1 17 36 75 5 8 4 
7 2 0 82 38 9 8 1 
8 4 36 13 73 7 4 4 
9 6 30 35 29 1 0 6 
0 2 57 26 36 3 1 7 
1 1 46 49 52 0 2 3 
7 4 7 69 59 1 2 5 
9 7 28 54 55 6 8 1 
1 5 29 70 63 9 6 0 
7 3 19 53 58 9 1 7 
1 5 13 39 106 8 9 5 
4 4 8 60 38 7 8 4 
3 0 41 68 77 6 9 7 
3 8 50 25 63 4 0 1 
0 9 22 37 13 4 7 8 
1 7 12 54 94 6 6 4 
5 3 27 48 16 4 0 8 
8 1 17 17 26 1 8 6 
6 9 19 7 71 9 2 8 
5 7 22 79 0 1 0 0 
2 9 0 60 53 2 7 9 
2 2 25 84 47 4 5 9 
9 9 19 56 44 4 9 6 
0 5 11 34 77 5 6 5 
5 9 0 72 62 1 9 9 
9 6 44 13 43 3 1 3 
1 1 43 22 41 6 6 3 
6 5 10 53 15 0 8 9 
9 9 49 49 43 1 3 3 
9 7 34 54 36 5 9 0 
0 0 52 35 55 8 9 0 
6 9 41 67 60 5 5 8 
0 8 40 49 7 8 8 8 
1 1 35 59 41 4 1 0 
1 9 35 28 66 2 5 7 
0 4 30 59 18 4 0 5 
7 0 53 51 49 0 9 4 
4 5 0 72 9 3 6 5 
8 9 57 58 40 7 5 8 
6 6 33 90 0 2 6 9 
4 1 22 46 34 6 2 7 
3 8 27 55 43 3 9 8 
0 9 40 57 64 8 6 9 
3 3 70 78 23 2 7 9 
7 0 26 20 53 6 0 1 
3 9 80 40 38 3 2 0 
5 5 47 48 77 1 2 3 
7 0 34 48 41 2 5 9 
1 3 2 23 49 4 8 0 
4 9 7 63 31 4 5 0 
9 9 0 62 31 2 6 2 
5 3 23 53 18 6 4 4 
3 1 48 59 24 4 5 4 
0 4 12 52 59 3 9 2 
7 4 24 56 40 0 1 0 
0 8 0 70 68 3 7 5 
5 9 9 59 45 2 0 8 
0 6 5 53 10 2 3 3 
2 4 69 49 37 0 4 2 
2 4 21 69 46 9 4 7 
4 4 36 33 42 7 8 8 
9 6 43 7 33 8 2 9 
4 2 21 84 49 2 5 4 
2 3 20 95 33 4 0 4 
8 6 39 56 29 5 1 6 
9 6 45 64 48 1 9 9 
2 5 12 67 26 1 6 3 
8 4 26 62 32 4 7 2 
2 3 24 0 31 3 2 8 
9 3 25 51 17 1 6 1 
1 4 25 38 32 1 4 1 
8 6 19 48 54 7 1 3 
8 2 60 37 38 1 9 4 
4 8 55 46 42 8 4 3 
1 1 0 57 59 2 2 1 
1 9 36 73 75 9 5 2 
5 0 58 69 89 7 0 7 
6 8 30 21 32 2 5 5 
8 0 15 48 46 5 2 7 
0 7 40 49 47 7 7 3 
4 5 58 42 69 5 9 6 
5 9 38 60 44 9 2 4 
2 1 55 66 54 3 1 8 
7 3 16 30 42 8 4 7 
7 7 35 54 28 4 8 2 
1 1 5 35 24 2 2 7 
1 7 30 29 44 1 3 3 
8 9 0 49 32 6 1 1 
3 2 38 30 68 1 5 8 
7 2 47 42 42 0 3 4 
5 5 15 29 48 7 0 4 
2 5 15 52 45 1 0 0 
3 1 29 54 14 0 9 2 
4 9 61 51 60 7 5 0 
2 8 53 56 14 6 4 8 
3 4 28 39 71 3 4 5 
3 2 31 21 53 0 0 6 
3 0 21 42 34 3 6 3 
8 8 16 61 59 7 5 5 
5 8 45 46 78 4 5 3 
4 2 1 64 42 9 5 2 
5 1 42 45 52 6 7 2 
5 4 54 62 48 2 1 3 
9 0 6 58 16 4 6 0 
0 2 52 48 51 0 2 6 
5 3 35 54 75 9 3 1 
8 6 29 41 57 2 8 2 
5 8 56 60 103 7 3 6 
5 4 1 20 60 1 1 0 
1 0 19 59 67 0 7 6 
4 5 53 95 50 0 5 6 
3 2 24 54 57 4 6 4 
5 2 3 31 45 9 4 7 
5 5 28 37 20 0 4 9 
6 1 27 79 76 7 5 7 
9 9 41 80 42 3 2 1 
9 1 13 28 32 2 3 1 
1 6 18 43 46 3 0 2 
2 5 11 35 70 8 0 9 
7 1 39 56 45 1 3 2 
7 7 21 15 57 2 5 6 
2 6 37 17 82 5 2 1 
6 0 23 52 23 3 2 5 
0 6 33 34 46 3 9 7 
5 2 38 0 51 4 8 4 
7 6 26 83 34 4 7 6 
2 8 33 70 61 4 6 5 
8 8 41 68 27 9 1 5 
3 1 33 43 46 8 7 2 
3 8 13 26 58 6 0 9 
2 4 43 68 41 2 0 7 
8 5 30 46 37 6 8 9 
5 1 29 97 58 4 5 5 
0 8 0 58 48 5 8 5 
7 1 60 77 54 1 8 5 
2 0 45 34 65 7 8 2 
5 4 44 55 56 3 1 6 
3 0 0 35 48 1 6 8 
9 9 50 39 39 6 9 4 
6 9 20 55 59 6 4 3 
6 9 0 36 35 1 2 5 
5 9 0 17 43 0 6 1 
8 4 47 50 43 9 2 7 
5 3 8 42 65 0 6 3 
1 7 19 43 58 4 2 4 
6 6 31 22 62 2 8 2 
9 4 21 55 23 6 9 4 
6 7 22 69 88 7 0 5 
3 6 36 55 41 3 8 7 
4 3 9 39 42 9 3 2 
8 1 0 51 49 7 9 0 
9 9 4 29 9 3 3 1 
2 8 26 60 62 3 4 4 
5 9 43 33 98 6 0 6 
9 9 40 43 19 1 2 2 
8 8 0 67 54 2 6 3 
0 5 42 36 36 8 1 2 
2 1 59 108 41 9 2 9 
3 2 39 47 66 5 5 0 
7 0 17 29 50 6 9 9 
3 9 24 50 55 9 5 8 
8 4 11 39 56 1 2 9 
1 7 47 56 57 8 1 8 
7 4 9 42 53 9 8 2 
7 4 12 41 66 8 9 1 
9 9 39 34 51 0 4 4 
3 5 25 43 47 9 9 9 
4 6 0 66 45 7 8 6 
5 9 24 32 94 8 0 1 
8 5 45 42 39 6 8 4 
2 1 14 63 64 9 5 1 
1 3 29 61 26 6 1 3 
3 9 19 30 52 0 3 8 
0 7 30 63 32 4 7 5 
8 2 60 38 58 0 2 5 
1 0 0 57 50 3 2 9 
9 3 32 56 34 1 2 4 
4 6 50 71 28 8 2 8 
5 6 9 53 56 9 7 2 
6 2 18 63 27 8 8 0 
6 3 16 29 78 5 2 8 
0 0 26 41 47 9 7 9 
4 8 86 34 42 2 9 0 
7 2 33 27 28 3 2 3 
6 9 40 26 67 3 2 3 
0 9 0 4 58 4 0 1 
8 0 22 0 43 1 8 8 
3 2 23 53 114 4 8 6 
9 9 77 46 42 0 9 8 
2 0 36 29 38 7 0 9 
8 2 3 7 25 8 8 5 
4 5 29 37 17 7 0 7 
8 1 7 39 51 5 3 8 
2 5 12 32 72 9 3 3 
4 9 11 57 16 0 2 6 
1 9 9 49 46 7 2 2 
1 3 42 29 73 4 4 0 
1 7 32 26 51 6 4 6 
7 3 19 0 71 7 5 4 
5 5 30 39 15 4 8 2 
4 8 13 35 42 6 4 5 
7 1 27 63 47 7 4 6 
9 4 17 33 16 8 5 7 
6 1 21 36 10 1 1 5 
9 4 0 47 63 7 7 3 
3 4 22 81 58 1 2 4 
3 9 55 65 42 7 7 7 
4 4 47 1 61 1 0 3 
6 8 49 43 57 2 7 5 
6 9 11 33 39 4 6 1 
7 4 23 36 12 2 5 1 
5 7 21 67 59 2 7 2 
9 5 0 22 45 6 9 0 
3 9 52 0 23 0 8 0 
4 1 11 31 54 8 9 7 
6 0 20 19 78 6 9 1 
0 0 15 84 51 6 9 2 
7 1 15 65 83 4 2 8 
0 4 13 73 54 8 8 0 
1 3 44 31 36 2 2 3 
9 3 38 12 41 7 0 8 
5 8 40 36 37 7 6 1 
1 5 57 44 18 0 7 6 
9 7 21 63 48 0 4 7 
4 1 25 39 111 1 2 8 
8 2 57 32 23 1 7 3 
2 4 32 51 80 8 2 8 
9 9 67 46 33 1 6 8 
2 0 62 80 33 2 2 3 
8 3 23 66 67 1 0 3 
0 9 43 57 32 0 1 5 
1 5 23 47 67 8 0 9 
7 6 15 17 57 2 6 0 
8 7 28 31 45 6 4 4 
8 2 42 75 74 8 4 5 
3 3 33 51 69 2 9 2 
0 3 10 38 56 5 7 2 
9 2 34 39 34 9 6 3 
5 9 0 72 22 4 7 3 
0 7 27 62 63 7 6 9 
3 2 21 61 87 5 4 5 
5 4 16 45 31 0 7 8 
4 8 61 37 5 0 5 8 
6 4 19 43 63 7 7 4 
8 2 0 70 49 2 3 2 
5 1 34 53 61 9 5 7 
6 0 27 57 35 5 8 8 
3 1 36 44 49 8 4 3 
0 6 17 88 49 9 4 3 
3 9 72 22 44 7 2 9 
9 9 0 63 22 6 9 8 
3 6 24 44 45 6 7 0 
3 5 40 34 53 6 3 2 
4 2 49 55 61 5 5 8 
8 0 0 41 38 0 2 9 
3 0 31 67 46 5 6 1 
7 5 13 40 52 5 7 5 
1 4 64 58 47 6 3 0 
2 0 3 90 63 9 5 9 
1 7 6 34 54 8 1 5 
8 9 68 44 56 9 6 2 
3 6 22 30 27 9 1 7 
7 7 24 0 29 2 1 9 
3 9 17 43 72 5 2 1 
0 4 13 55 33 8 4 6 
7 8 59 20 31 4 8 1 
1 8 41 45 68 8 0 0 
3 2 10 76 44 2 1 8 
1 0 46 60 30 4 9 4 
0 0 32 87 45 7 4 6 
5 9 80 21 59 4 9 2 
1 2 0 46 82 0 6 2 
6 8 7 64 31 0 5 4 
8 4 42 42 54 6 6 7 
4 1 15 58 48 5 0 4 
7 4 12 36 63 7 8 2 
6 2 0 78 66 6 9 0 
8 0 32 95 50 3 3 4 
9 5 24 108 94 4 6 7 
7 8 38 66 68 9 6 8 
5 1 22 71 62 1 6 0 
4 1 52 56 47 8 6 3 
1 6 9 75 73 6 6 9 
6 8 32 65 73 0 3 7 
6 3 32 78 45 7 4 4 
1 3 25 46 72 7 6 7 
5 8 57 66 44 0 2 5 
3 3 0 0 63 9 3 7 
2 5 49 51 47 9 3 2 
7 9 20 50 21 6 3 1 
6 5 40 32 73 6 4 4 
9 4 36 19 42 7 2 2 
3 3 72 7 41 5 3 3 
7 5 40 47 35 0 8 2 
2 3 41 78 51 9 9 0 
7 2 19 37 69 4 9 5 
1 8 21 36 51 4 5 7 
9 1 44 17 55 9 0 5 
9 5 24 61 49 6 3 9 
8 2 31 58 65 4 4 3 
2 9 25 34 49 4 6 4 
5 5 4 35 42 0 0 7 
5 0 23 56 31 5 4 9 
2 4 14 54 25 1 9 1 
8 5 56 28 56 3 8 8 
4 9 36 71 81 1 0 1 
8 7 14 19 27 4 1 0 
7 8 23 100 49 0 5 1 
6 1 15 33 68 8 9 9 
2 9 0 41 82 8 2 8 
4 4 25 41 44 7 7 8 
6 9 54 42 36 4 2 7 
3 9 29 46 6 1 6 3 
3 2 39 59 61 5 9 3 
7 3 23 51 24 7 7 3 
0 7 24 51 44 2 6 8 
0 5 38 52 61 2 2 5 
8 7 0 105 44 6 8 0 
3 2 6 22 69 4 9 7 
2 1 18 58 59 9 5 4 
0 0 10 64 35 3 2 2 
4 3 0 28 27 6 8 4 
9 0 8 57 48 7 7 0 
2 6 8 62 93 9 0 9 
8 1 56 47 82 3 3 6 
8 0 31 64 64 5 9 5 
3 8 67 59 70 4 0 5 
7 7 22 28 58 0 8 0 
7 3 19 62 64 0 8 0 
2 9 35 62 99 4 8 6 
4 9 0 46 78 1 2 0 
0 9 11 45 44 8 5 4 
5 5 12 86 48 7 5 0 
4 3 26 52 40 3 2 8 
9 6 42 28 68 7 4 1 
9 3 10 50 30 8 4 3 
6 8 46 62 55 4 2 1 
5 5 65 32 27 4 6 9 
3 5 22 87 52 9 7 2 
3 7 48 36 3 6 4 0 
1 1 61 96 77 8 5 1 
7 3 19 35 79 1 9 9 
1 3 28 80 48 1 7 8 
7 6 30 33 26 1 2 1 
1 0 34 39 97 5 7 3 
9 6 51 16 37 4 2 1 
7 8 15 56 29 6 9 4 
5 8 0 54 46 1 7 1 
9 0 11 51 60 8 1 2 
2 3 37 52 42 2 1 1 
1 2 10 46 22 2 0 0 
0 5 34 48 100 5 4 6 
3 0 30 49 42 3 8 0 
5 0 38 71 66 5 6 1 
6 2 60 53 38 0 9 9 
9 9 29 79 31 0 5 2 
0 2 6 40 52 2 9 9 
9 7 17 61 101 2 0 3 
6 7 0 101 62 2 2 3 
8 7 68 72 12 7 4 1 
2 9 5 42 0 7 2 7 
4 9 26 40 18 4 5 3 
1 2 12 51 58 6 6 7 
5 7 7 44 54 7 4 7 
7 4 0 66 50 4 3 1 
9 2 19 70 39 2 1 3 
5 9 33 29 71 7 0 1 
0 9 38 37 22 0 6 9 
4 1 52 86 63 3 5 4 
9 2 9 37 39 5 7 5 
4 0 23 96 44 8 5 8 
3 0 72 66 29 4 8 2 
0 1 28 40 42 6 6 6 
9 9 9 58 29 9 4 7 
4 0 47 81 69 0 1 9 
0 8 59 25 38 3 9 1 
6 1 20 43 50 6 1 2 
7 9 41 51 60 4 2 2 
1 3 32 52 49 2 5 2 
0 0 27 35 61 3 5 2 
1 2 0 89 32 4 7 6 
1 6 0 56 16 6 5 2 
0 2 32 46 34 4 1 7 
0 8 0 85 66 9 1 0 
4 0 22 58 32 3 2 1 
7 4 16 45 47 2 6 7 
3 2 50 55 33 1 0 7 
0 2 0 38 9 2 9 6 
0 6 28 24 38 1 1 5 
1 9 20 29 53 8 7 1 
7 5 26 89 49 2 7 9 
8 3 36 40 56 6 9 8 
5 0 0 46 40 4 2 4 
3 7 13 49 51 1 7 4 
8 5 52 62 91 5 1 9 
6 3 40 68 55 5 4 9 
6 8 31 67 44 3 9 3 
5 0 58 51 77 4 8 5 
0 9 25 26 62 2 3 9 
3 7 49 41 62 0 6 8 
7 7 47 82 44 1 3 5 
2 9 14 44 66 6 9 3 
8 7 7 86 42 5 2 2 
0 3 20 33 55 0 3 6 
4 9 52 68 34 7 8 6 
1 8 73 49 22 5 8 0 
4 5 12 75 27 1 4 6 
1 0 21 75 32 4 6 6 
9 2 40 66 52 9 1 2 
4 1 29 85 63 3 1 0 
8 4 33 92 52 0 1 6 
1 4 0 35 51 8 8 6 
9 6 7 35 110 9 1 4 
0 1 44 50 53 4 1 8 
3 9 46 49 86 9 7 6 
9 6 61 61 64 6 8 3 
1 9 21 64 50 4 8 3 
1 4 13 25 18 7 7 4 
4 5 3 87 16 5 4 3 
5 5 32 38 47 0 2 1 
4 8 33 39 57 5 6 8 
3 7 22 38 39 2 8 5 
7 2 57 49 63 2 1 5 
1 3 46 73 70 0 3 3 
1 9 16 33 36 8 8 7 
7 8 0 52 93 0 1 6 
8 4 59 7 56 4 1 0 
6 2 5 74 39 1 0 3 
2 6 62 72 73 9 6 6 
3 8 40 43 35 2 7 0 
7 7 61 72 54 6 7 9 
9 9 56 0 41 9 5 6 
2 2 18 61 47 2 0 3 
6 7 51 74 75 0 0 8 
4 2 43 61 53 2 6 9 
5 0 47 46 42 9 4 5 
4 7 2 45 50 4 4 4 
6 4 3 47 73 4 6 1 
0 6 54 29 52 4 5 8 
6 2 54 108 54 8 5 7 
4 7 65 33 28 2 1 7 
2 7 37 71 34 5 5 5 
8 8 34 48 31 4 6 2 
1 4 53 67 52 3 8 0 
4 2 40 22 61 0 0 8 
1 4 36 38 65 0 1 6 
7 8 84 61 31 4 4 8 
5 8 25 40 53 3 2 3 
7 1 20 23 73 6 2 8 
4 0 47 38 80 8 8 7 
6 2 14 55 72 9 0 6 
6 6 19 53 44 9 2 7 
2 1 46 61 40 9 1 7 
1 9 45 46 47 3 1 4 
0 7 0 37 95 8 9 9 
9 6 28 38 11 9 3 9 
9 6 0 51 48 2 7 1 
6 6 19 22 32 5 8 6 
2 2 58 35 57 2 1 8 
1 4 12 43 40 8 1 5 
3 8 33 41 29 3 3 6 
1 2 15 73 35 2 7 2 
9 5 28 29 69 3 2 2 
9 6 36 81 55 3 5 9 
7 0 18 27 56 3 2 5 
1 5 37 91 51 4 4 4 
5 7 29 61 15 1 9 5 
1 5 16 54 53 8 3 8 
7 7 37 62 93 8 7 2 
4 5 0 39 39 7 4 2 
3 0 28 47 60 9 2 3 
5 5 7 43 39 3 6 4 
8 7 20 79 60 5 5 0 
4 7 48 53 33 8 4 1 
7 0 36 17 42 6 1 1 
1 9 18 68 74 6 0 1 
0 4 28 38 7 0 9 3 
8 1 24 62 26 5 6 2 
2 0 50 53 51 7 6 1 
8 1 26 42 44 8 6 5 
3 3 48 24 63 5 1 1 
9 4 34 70 31 9 8 2 
4 5 55 52 33 6 6 8 
7 0 11 26 61 2 2 2 
1 1 37 45 38 7 4 3 
2 7 36 48 42 8 5 4 
7 8 31 83 35 2 0 5 
8 9 52 99 13 7 4 9 
2 6 38 67 42 5 0 0 
0 6 43 38 82 0 9 1 
3 9 45 94 53 9 0 3 
9 9 19 98 25 9 6 1 
7 3 9 28 47 1 7 6 
6 5 23 69 21 9 9 8 
2 5 45 57 68 6 8 1 
6 9 16 72 21 1 2 0 
3 3 34 30 72 3 1 4 
6 3 52 41 74 9 8 4 
9 7 32 49 73 2 4 0 
1 9 54 39 57 9 2 6 
6 0 33 35 55 6 8 8 
6 0 9 66 39 1 7 4 
8 1 65 24 84 9 7 1 
0 5 34 40 87 0 2 3 
6 7 7 43 62 0 1 8 
9 1 46 74 72 1 5 8 
8 9 19 73 44 3 8 0 
9 4 84 75 128 0 1 6 
1 6 26 30 40 3 8 9 
0 3 34 47 54 9 7 4 
7 0 33 30 50 9 8 1 
6 0 37 20 76 7 3 3 
7 1 61 35 81 3 8 4 
3 5 46 38 54 7 3 0 
6 3 25 26 68 7 0 7 
4 3 50 63 56 6 4 7 
0 3 21 19 55 0 9 0 
3 7 0 64 78 6 5 4 
2 9 59 64 72 8 7 5 
9 6 9 28 67 8 6 4 
6 4 38 78 43 2 8 6 
1 2 0 45 65 1 4 5 
1 5 28 45 32 8 6 4 
0 1 33 71 52 6 5 1 
8 6 32 65 92 5 8 2 
7 6 25 60 94 0 2 0 
3 8 36 42 56 3 5 2 
5 2 24 87 35 6 0 6 
6 5 80 67 0 3 1 8 
0 9 41 45 40 9 2 4 
9 2 55 55 76 1 6 5 
7 7 14 21 18 8 1 8 
4 9 28 87 89 9 2 2 
1 8 18 52 34 8 3 1 
3 8 35 66 68 1 4 1 
8 4 54 48 32 6 8 0 
5 5 40 66 36 8 7 1 
6 6 36 40 67 5 1 7 
9 2 31 68 31 7 0 1 
2 9 0 32 34 7 0 0 
6 7 47 42 44 8 3 0 
8 3 51 22 33 6 7 9 
6 1 25 38 54 8 1 2 
4 0 5 36 10 3 4 9 
9 1 14 49 52 7 1 9 
4 9 69 6 36 4 9 0 
4 4 37 42 36 9 9 0 
4 6 0 82 94 8 7 2 
9 4 7 28 87 1 0 3 
5 3 4 27 41 2 6 5 
9 2 16 36 69 6 7 9 
7 5 48 42 26 5 5 0 
1 2 38 43 52 0 1 0 
2 1 21 90 25 9 2 2 
3 1 8 64 54 3 4 2 
7 7 36 30 37 5 7 6 
7 1 0 56 71 8 2 4 
5 7 14 44 56 2 4 9 
6 8 27 40 90 0 1 2 
9 2 17 26 73 8 6 6 
8 0 32 35 4 1 5 0 
8 1 44 78 46 0 7 0 
5 7 40 0 44 0 0 1 
5 6 26 51 46 0 1 6 
0 3 63 57 45 5 3 1 
3 5 11 67 31 6 5 8 
8 4 0 62 33 3 2 4 
0 9 27 40 56 1 3 0 
8 1 22 43 43 8 1 2 
1 6 37 50 48 2 9 8 
5 7 27 60 30 3 6 2 
0 2 36 44 56 4 8 3 
5 9 50 67 59 6 5 6 
6 8 27 65 76 8 3 0 
5 5 13 66 54 5 1 3 
5 9 28 33 58 8 7 3 
6 1 54 68 59 8 9 7 
6 6 28 47 54 4 5 8 
5 8 44 74 44 3 3 2 
1 0 6 42 76 9 0 9 
6 0 0 56 85 1 5 2 
3 2 36 76 50 9 2 5 
1 0 29 54 33 2 0 6 
0 2 55 21 57 3 1 9 
6 3 23 67 52 7 7 3 
9 0 67 66 49 6 3 4 
7 7 2 41 62 4 5 4 
0 0 0 45 49 8 7 6 
1 9 35 53 50 7 1 4 
2 0 31 21 61 8 5 9 
7 9 15 49 76 1 1 5 
3 6 29 42 56 7 9 2 
2 3 6 46 35 5 0 3 
8 7 32 54 29 3 9 3 
5 1 36 61 74 5 3 0 
1 2 29 50 40 6 0 4 
9 3 0 83 45 9 9 6 
3 6 30 53 52 7 4 9 
3 0 16 47 72 0 1 9 
1 7 65 46 104 3 0 3 
8 3 15 67 49 4 9 0 
4 6 38 40 50 5 5 7 
2 1 45 67 65 2 5 4 
4 9 13 42 84 3 8 1 
9 9 35 38 28 4 1 3 
3 2 0 18 48 8 5 5 
1 8 27 56 45 3 1 2 
6 9 54 38 75 6 0 3 
5 7 63 47 37 5 5 7 
5 4 20 70 60 4 5 1 
3 6 35 70 28 6 6 6 
5 6 18 73 45 6 8 2 
7 1 18 64 40 6 2 8 
9 1 26 44 40 3 6 9 
2 8 23 14 68 8 4 3 
9 7 52 75 20 8 6 8 
1 9 63 39 47 7 9 8 
3 5 48 40 53 2 5 1 
0 3 52 14 58 2 9 3 
7 0 32 23 61 3 1 2 
1 1 4 52 45 0 2 8 
9 3 8 6 57 3 0 2 
3 3 0 27 59 9 7 1 
4 6 38 34 84 6 4 4 
6 9 8 41 60 4 0 4 
6 3 5 24 38 5 7 2 
1 2 51 74 55 7 4 0 
2 8 16 53 47 8 3 0 
5 7 49 57 49 0 3 1 
2 6 0 31 51 1 9 2 
0 1 6 74 58 5 5 2 
5 3 13 64 50 5 0 0 
6 2 31 66 64 8 6 5 
6 1 39 23 80 4 9 7 
8 0 43 85 20 7 7 6 
7 5 18 37 73 4 8 0 
4 6 12 66 64 0 6 7 
1 0 74 57 49 3 3 5 
0 7 31 34 44 0 1 9 
9 4 36 56 18 6 5 4 
3 5 28 37 33 1 0 5 
2 3 14 41 59 3 5 8 
9 8 18 53 67 2 5 4 
7 4 15 37 19 4 0 4 
7 8 20 47 36 0 4 8 
6 0 13 48 87 0 1 9 
6 2 25 62 69 1 2 5 
6 9 26 70 54 7 4 0 
6 9 51 23 47 7 9 9 
4 8 62 47 48 6 7 3 
0 8 20 91 31 6 5 4 
1 9 28 41 76 5 3 9 
3 9 0 59 61 6 4 2 
8 4 17 42 81 9 6 7 
2 4 8 30 11 4 0 2 
4 4 1 21 57 8 4 7 
0 8 12 32 57 5 4 8 
5 1 29 43 54 3 2 6 
2 8 48 41 66 5 4 5 
8 0 44 53 19 8 9 9 
1 3 26 62 54 1 3 8 
9 7 70 68 24 1 7 5 
0 5 3 12 53 1 0 4 
1 6 28 68 46 2 4 8 
3 6 44 53 58 1 5 1 
3 7 31 57 35 7 9 7 
3 8 1 43 53 9 0 9 
8 4 0 36 43 5 3 8 
5 1 68 66 57 8 1 8 
3 0 39 39 39 0 8 6 
3 9 58 56 57 2 3 9 
4 6 50 46 63 4 0 2 
8 2 18 25 63 1 4 8 
5 8 44 45 47 3 5 0 
8 9 50 38 20 6 6 5 
1 1 37 83 62 5 9 5 
8 2 38 40 37 7 1 3 
4 1 9 57 6 8 7 9 
6 0 7 65 33 2 6 6 
3 0 19 43 9 4 4 9 
5 1 50 22 75 9 5 7 
9 0 20 11 55 5 3 5 
5 8 35 47 59 4 1 4 
3 0 64 51 41 2 2 0 
9 9 57 74 36 3 0 8 
9 3 57 65 41 7 9 9 
2 4 28 92 22 0 3 0 
0 8 29 52 55 1 4 3 
9 4 12 40 56 5 3 3 
4 0 57 85 97 8 4 9 
6 4 14 60 72 0 6 4 
2 6 69 31 41 5 7 3 
3 8 9 60 43 1 8 7 
4 1 42 26 10 7 5 6 
0 0 64 65 52 2 9 9 
7 7 12 57 62 1 1 2 
4 1 52 29 52 0 0 3 
5 8 41 31 40 8 7 6 
9 2 28 49 63 0 1 3 
5 5 34 75 55 0 8 2 
5 5 69 43 56 3 9 4 
0 9 19 64 49 9 4 1 
9 3 2 48 38 4 7 7 
1 9 60 19 68 9 5 1 
7 9 9 37 56 1 4 1 
9 9 17 39 42 9 0 6 
2 2 52 1 19 7 0 3 
4 0 0 19 21 3 5 8 
6 2 38 46 62 8 8 9 
1 8 41 30 88 7 7 0 
8 1 12 56 29 2 2 5 
4 0 43 79 93 8 7 5 
3 4 19 38 72 9 6 5 
3 3 13 36 59 1 4 5 
8 7 0 51 75 9 3 6 
2 7 13 67 16 4 8 9 
4 1 42 47 58 7 1 7 
5 1 7 37 24 8 2 0 
5 9 28 48 77 8 5 5 
4 5 42 17 58 9 0 3 
3 4 10 61 65 3 0 1 
2 1 0 49 22 4 6 9 
6 1 71 33 40 1 8 4 
5 8 56 33 30 6 4 5 
6 6 44 53 25 9 6 3 
8 6 30 47 44 6 1 7 
3 4 47 42 87 5 1 3 
2 7 55 50 39 0 4 9 
3 4 46 79 61 4 1 3 
8 9 1 57 70 5 9 0 
3 7 0 34 75 0 0 7 
3 3 37 49 23 1 5 5 
6 3 32 54 41 9 6 2 
5 2 16 47 47 5 7 9 
0 9 46 68 17 5 1 1 
4 1 20 65 52 9 3 1 
0 2 38 50 39 3 1 8 
9 5 0 41 33 2 5 8 
2 6 18 51 25 3 7 1 
7 2 19 52 80 4 5 9 
7 5 21 56 0 0 8 4 
7 6 27 52 21 8 5 0 
5 9 26 42 27 9 1 1 
9 2 6 53 85 4 3 9 
7 7 41 81 75 5 5 4 
8 1 24 66 15 5 4 8 
3 2 22 21 84 3 8 9 
1 9 52 43 34 5 1 4 
2 7 43 47 17 9 6 5 
8 9 31 46 37 4 8 3 
8 1 49 50 52 0 5 2 
2 7 21 37 50 3 3 9 
5 1 34 15 69 9 1 1 
8 0 31 63 68 4 1 6 
9 8 52 68 58 2 2 1 
6 8 27 55 71 9 8 5 
5 4 45 48 40 4 3 5 
6 8 14 35 63 4 3 5 
0 6 38 48 1 4 1 2 
0 8 0 66 43 3 9 0 
4 6 22 44 40 9 2 7 
7 8 38 65 34 4 1 1 
3 7 51 62 28 5 2 1 
8 0 15 36 61 9 7 4 
1 7 56 60 80 2 0 0 
7 4 19 55 53 7 7 2 
7 0 45 35 43 7 3 7 
7 9 30 38 40 5 1 4 
6 7 17 50 56 9 1 8 
6 8 35 54 50 3 5 5 
0 8 66 29 74 9 9 9 
8 6 6 26 24 9 8 8 
9 8 42 56 23 8 5 1 
2 7 32 68 14 2 8 9 
8 8 11 14 59 1 9 2 
1 6 48 36 42 1 1 9 
5 2 33 38 34 0 7 7 
4 6 4 52 69 4 2 6 
5 2 21 45 8 4 3 6 
1 6 13 20 32 6 2 6 
4 7 35 35 46 0 1 9 
7 6 31 74 53 6 2 0 
7 0 53 54 46 3 8 5 
3 9 14 63 17 8 2 5 
0 7 38 75 95 0 1 3 
2 0 16 56 58 1 5 3 
9 0 47 60 59 1 7 1 
1 7 44 81 28 3 8 6 
9 9 28 49 64 6 5 5 
1 3 20 52 41 2 8 8 
4 3 10 52 39 0 4 9 
9 0 45 30 54 1 3 6 
2 0 52 28 17 3 0 3 
1 5 34 0 39 0 5 2 
3 9 8 48 26 5 5 0 
6 6 53 61 78 4 2 9 
2 4 37 55 35 3 3 5 
5 8 5 54 53 2 9 1 
2 0 21 43 63 4 8 3 
7 8 6 17 19 7 7 6 
1 0 43 51 29 4 1 1 
3 3 36 22 20 9 1 7 
7 3 44 53 53 0 9 3 
3 5 3 49 29 5 3 8 
0 4 36 43 80 4 1 0 
5 4 43 42 38 5 6 8 
4 7 38 54 23 6 1 3 
7 9 13 59 29 8 5 4 
8 3 5 37 32 7 2 2 
9 4 19 23 45 2 5 2 
0 5 0 54 51 9 2 5 
7 6 61 57 30 3 0 3 
2 7 39 95 16 0 0 8 
1 7 32 83 9 9 3 7 
4 0 42 88 73 8 7 1 
2 8 53 58 78 4 7 5 
0 8 41 59 65 6 6 3 
7 0 33 54 1 0 1 0 
9 5 40 7 40 2 7 3 
1 3 52 44 52 3 4 4 
8 3 59 50 41 8 2 8 
1 3 0 40 42 6 5 1 
3 4 38 63 42 5 0 9 
6 8 0 69 43 2 4 4 
4 1 45 60 38 2 4 6 
5 2 38 57 89 8 8 7 
8 0 43 67 68 7 7 6 
8 7 53 61 47 2 9 7 
8 5 51 78 64 8 6 8 
1 4 47 30 49 0 3 1 
9 2 35 44 47 9 8 9 
4 8 4 32 76 7 4 0 
5 1 49 84 89 1 1 0 
8 6 27 31 58 3 5 3 
8 9 50 72 37 8 9 1 
6 7 26 38 94 9 6 9 
0 1 21 49 34 8 2 7 
9 7 3 48 47 0 9 2 
4 9 23 33 84 4 3 6 
8 6 22 55 63 7 5 5 
2 3 21 59 59 0 3 4 
9 2 75 34 49 3 3 5 
7 1 28 37 8 9 3 2 
1 8 35 34 69 8 9 9 
7 9 9 114 70 6 4 1 
2 9 22 74 84 3 6 2 
0 1 33 45 50 9 8 3 
4 2 17 60 46 6 4 0 
8 0 37 7 45 9 4 2 
9 5 18 24 82 9 5 9 
8 8 27 70 35 4 0 0 
9 2 40 31 89 9 1 2 
4 3 28 87 47 0 3 1 
9 0 22 60 81 4 8 7 
6 7 27 5 26 7 3 6 
8 7 30 64 38 6 7 3 
9 5 8 36 74 5 7 0 
1 9 58 64 50 4 0 0 
8 0 39 57 43 2 4 1 
6 1 51 38 57 1 1 4 
3 8 41 67 54 3 3 5 
0 3 45 45 49 1 5 7 
7 2 6 65 82 9 7 3 
0 3 24 29 73 4 3 8 
8 9 44 54 35 0 0 7 
0 2 52 59 50 2 0 3 
9 8 18 48 63 6 7 0 
5 7 45 59 65 1 5 9 
1 0 40 64 41 2 3 0 
5 9 37 62 58 6 3 5 
7 3 29 43 63 5 7 4 
5 9 69 57 62 4 3 0 
4 6 27 41 65 8 1 0 
4 8 9 31 54 6 7 2 
0 9 57 28 19 4 9 2 
4 4 55 55 38 1 0 1 
6 9 34 63 76 5 8 4 
8 6 0 43 26 8 0 1 
3 7 7 28 51 0 4 6 
3 7 29 51 55 9 6 6 
8 2 12 51 14 1 1 3 
2 5 2 49 63 4 5 7 
0 9 46 92 68 6 2 7 
3 8 51 48 90 0 7 1 
1 3 8 40 68 8 8 7 
3 2 16 14 59 6 2 9 
9 5 55 44 93 2 3 5 
3 5 5 74 74 7 0 0 
4 7 3 51 60 5 2 1 
6 6 5 29 21 6 7 6 
3 5 45 58 24 9 6 1 
1 8 43 50 33 4 5 3 
8 8 27 22 22 0 9 2 
7 9 21 59 49 1 6 9 
1 0 41 58 88 1 7 2 
5 8 0 48 58 0 2 7 
9 3 27 85 38 2 8 4 
4 7 46 48 71 4 8 0 
6 3 14 45 29 8 9 4 
1 2 37 48 56 9 4 6 
5 5 32 85 60 4 5 9 
7 7 59 52 8 1 2 6 
9 3 27 53 40 7 7 9 
2 2 51 45 65 9 7 0 
3 2 19 5 48 7 6 0 
5 9 27 42 57 0 0 0 
3 2 49 48 69 4 8 9 
3 5 39 55 60 0 5 2 
7 7 30 62 46 8 4 5 
5 7 2 33 35 2 4 9 
8 6 23 52 61 9 7 7 
5 0 2 55 68 3 7 8 
5 8 82 58 37 2 5 5 
9 2 17 49 47 8 5 9 
4 7 43 100 52 9 1 1 
1 8 28 96 43 6 3 4 
5 2 34 30 44 2 2 3 
6 9 70 50 35 0 6 1 
2 1 34 52 41 6 0 9 
4 5 20 48 44 7 3 3 
3 6 60 75 69 9 0 2 
0 1 45 17 35 8 6 9 
5 1 30 53 50 0 2 2 
2 9 48 40 53 3 9 1 
4 4 12 45 28 7 6 3 
4 8 8 78 36 1 3 0 
2 2 46 24 51 5 0 0 
5 4 32 68 49 7 2 3 
4 9 3 104 36 3 9 9 
1 4 51 58 33 2 5 1 
4 3 27 34 54 4 1 3 
1 7 54 27 42 3 2 5 
8 4 25 47 54 8 5 9 
7 6 14 28 70 0 0 9 
4 6 19 20 52 1 8 8 
7 3 46 67 20 2 0 8 
6 7 49 71 64 6 6 8 
4 3 0 37 28 7 0 3 
3 0 49 61 66 6 8 2 
5 2 36 43 36 1 0 6 
7 0 44 72 56 4 8 7 
9 3 10 36 50 5 3 8 
7 9 37 44 44 1 5 6 
0 3 71 41 47 7 2 5 
9 4 28 3 60 2 1 6 
9 1 20 10 56 1 1 7 
9 2 10 89 73 5 7 7 
9 6 7 36 48 7 3 8 
0 7 24 63 65 0 6 5 
5 2 4 66 47 6 5 6 
8 5 31 35 39 2 9 3 
3 9 36 42 39 0 1 1 
9 0 10 40 2 3 3 6 
6 4 14 23 5 0 7 7 
8 2 37 44 21 8 3 0 
8 5 32 71 15 6 0 0 
1 5 45 42 37 7 0 5 
8 0 30 10 66 5 2 7 
4 7 58 32 17 3 6 3 
0 7 0 79 33 2 9 6 
5 1 0 91 51 0 2 2 
7 6 35 32 64 2 5 9 
5 4 47 27 90 4 4 9 
0 2 65 57 22 7 3 0 
0 3 28 42 41 8 0 4 
0 9 5 38 59 1 8 8 
5 1 8 63 51 9 2 1 
8 9 53 88 52 6 1 2 
6 4 15 63 48 0 6 8 
8 2 44 29 44 9 6 5 
1 8 19 51 81 8 1 1 
9 0 0 70 65 1 0 3 
1 7 3 29 57 4 8 5 
7 5 29 35 62 3 1 4 
2 9 13 41 33 8 7 8 
8 9 32 67 76 9 8 8 
8 4 32 54 71 7 6 8 
4 7 53 26 59 3 5 1 
5 7 45 79 53 2 5 9 
2 3 28 60 74 5 8 3 
3 7 62 62 72 4 2 2 
0 6 34 58 53 3 4 5 
4 9 39 26 31 4 0 7 
6 6 50 115 43 5 6 7 
6 0 30 65 70 5 6 2 
1 9 56 62 55 5 1 7 
6 8 33 51 16 1 9 5 
3 1 8 61 61 8 8 1 
8 9 43 59 4 0 5 7 
5 0 40 23 53 9 6 1 
9 7 12 57 75 2 7 0 
5 0 45 30 44 6 6 6 
5 5 13 19 55 4 4 0 
2 5 59 44 37 6 9 5 
7 6 33 71 77 9 3 3 
0 7 16 36 12 3 5 2 
1 2 39 76 54 8 7 1 
3 1 24 21 33 8 1 8 
0 3 12 57 70 5 2 4 
5 3 9 48 44 1 2 9 
6 3 76 99 27 2 1 2 
5 8 85 50 37 4 0 2 
0 1 15 59 61 0 4 9 
9 3 23 44 37 7 2 8 
2 0 34 65 58 1 0 3 
8 4 51 20 56 0 5 7 
0 8 40 45 28 7 8 4 
3 8 40 91 82 4 9 0 
9 4 54 41 33 3 1 9 
0 8 5 46 17 4 0 2 
3 8 36 33 39 0 0 5 
5 1 47 15 69 0 7 4 
0 2 8 64 54 0 6 9 
7 2 0 67 27 1 8 8 
2 6 27 63 39 0 2 8 
4 9 35 22 70 1 9 1 
7 4 47 40 46 4 5 5 
2 8 50 42 28 3 4 7 
6 3 53 32 51 9 4 8 
1 6 32 31 58 7 9 6 
1 1 37 25 37 0 4 2 
0 6 48 18 59 4 4 2 
4 5 53 59 36 3 5 1 
4 1 16 42 34 8 2 5 
8 6 29 84 40 0 9 2 
6 0 54 45 68 1 9 9 
5 2 34 70 50 4 4 7 
8 9 65 61 49 1 0 5 
1 0 21 40 19 6 4 8 
6 1 28 50 63 6 4 4 
2 1 2 31 56 3 5 8 
4 9 30 32 55 5 5 9 
5 5 7 55 28 8 1 6 
4 6 38 63 81 5 3 6 
1 6 37 39 41 9 0 1 
9 0 30 89 88 3 4 3 
7 0 35 41 41 8 5 3 
6 6 54 38 64 7 7 9 
9 4 59 18 83 6 2 4 
7 0 27 42 21 5 0 5 
3 2 20 50 89 8 8 0 
4 2 30 36 63 4 0 8 
2 1 35 53 57 3 0 5 
5 7 39 40 0 1 0 0 
5 3 35 49 30 2 8 0 
6 6 35 62 54 7 7 6 
1 5 47 57 57 6 6 8 
2 5 22 46 39 0 7 5 
4 7 48 41 33 1 4 3 
0 6 27 17 55 3 8 8 
3 3 52 59 51 4 5 0 
5 2 18 54 69 5 7 5 
3 8 78 89 37 0 5 7 
2 7 35 66 57 4 4 3 
2 9 17 38 45 9 0 7 
4 6 29 52 87 8 5 4 
7 0 39 20 41 0 9 7 
1 4 21 54 39 6 5 9 
6 8 47 72 16 8 8 1 
6 6 9 36 77 9 6 7 
7 6 13 34 61 8 5 6 
2 8 28 51 36 7 8 0 
3 0 49 77 13 3 4 1 
1 3 55 53 35 4 3 7 
7 7 46 42 62 3 9 1 
7 5 26 27 67 1 6 4 
7 9 20 28 43 4 2 4 
4 7 35 99 42 2 5 8 
0 6 26 78 45 2 1 4 
6 7 18 52 44 3 4 3 
9 7 27 69 41 4 1 0 
8 1 1 53 42 9 4 4 
2 2 61 33 81 6 8 0 
4 0 0 54 74 4 9 4 
3 7 0 71 44 7 0 1 
1 2 0 48 72 2 8 1 
3 2 35 64 22 9 9 8 
1 8 25 25 22 4 5 3 
4 9 41 51 67 5 1 2 
8 5 21 54 30 1 5 3 
6 7 31 62 62 9 7 3 
4 7 46 81 70 8 0 3 
8 7 0 70 39 7 2 8 
9 5 27 57 38 7 2 4 
6 8 21 31 32 4 4 3 
9 9 23 57 48 5 5 3 
9 0 0 55 27 4 3 8 
4 3 44 69 27 2 2 0 
5 9 15 46 65 6 8 4 
8 3 58 38 11 7 4 3 
1 0 40 55 58 1 9 0 
6 6 31 39 22 5 7 1 
2 2 67 32 24 0 8 7 
2 0 0 71 44 9 9 8 
2 6 13 43 48 3 3 1 
9 9 15 33 46 3 0 2 
4 1 24 41 79 6 3 7 
5 1 46 51 43 0 4 6 
9 4 28 41 83 2 1 2 
4 2 21 37 51 8 0 2 
8 3 0 67 80 0 0 6 
5 9 0 37 45 6 6 3 
3 4 11 39 27 4 3 3 
3 0 44 46 55 0 0 7 
6 1 48 48 50 3 3 4 
1 1 63 85 55 7 3 1 
3 5 10 26 68 5 6 1 
0 0 28 39 26 1 7 9 
5 0 0 69 37 9 1 7 
1 6 34 37 12 7 6 8 
7 9 0 22 23 0 7 9 
0 7 28 62 28 6 5 2 
9 0 43 54 45 1 9 7 
8 6 31 52 52 5 0 2 
9 5 31 71 40 6 1 5 
8 7 31 59 29 3 6 0 
5 9 56 44 59 4 8 2 
2 5 32 59 43 6 0 0 
6 2 29 33 73 1 2 0 
4 7 44 26 76 0 0 7 
7 6 46 45 57 5 5 7 
5 5 60 47 59 5 0 4 
4 0 28 46 85 0 3 4 
8 4 80 65 64 4 9 6 
6 0 50 32 71 4 1 1 
6 2 1 26 28 5 1 1 
0 5 0 44 76 6 4 0 
4 7 30 19 47 1 6 0 
9 2 24 53 0 4 9 3 
0 2 67 29 44 6 2 9 
5 8 50 66 62 6 0 5 
3 0 24 55 61 8 6 4 
4 3 47 50 75 3 0 9 
2 4 31 76 18 2 2 7 
2 8 25 56 42 2 0 1 
5 9 31 50 56 4 7 4 
1 7 8 44 37 9 9 7 
2 9 18 29 102 6 4 1 
8 7 20 47 38 3 9 4 
1 4 34 12 60 5 2 5 
3 6 51 8 53 9 7 8 
2 6 33 55 37 7 1 8 
4 2 45 55 61 3 7 3 
8 6 15 60 34 7 8 9 
8 7 45 55 80 8 4 7 
5 6 15 84 30 7 1 8 
6 5 26 55 78 3 1 3 
0 5 31 59 38 5 3 8 
0 9 27 52 55 6 5 3 
2 0 24 76 0 6 4 7 
6 2 70 57 34 1 7 5 
9 9 15 45 53 1 1 6 
0 1 27 43 32 3 9 1 
4 2 42 69 88 3 4 2 
4 7 44 49 58 7 6 4 
7 8 7 55 78 0 0 2 
8 0 32 37 54 9 9 7 
6 2 43 37 50 9 3 1 
2 7 0 35 38 1 8 6 
9 2 35 47 5 7 3 1 
3 0 42 35 42 9 6 4 
2 1 5 42 66 2 2 6 
3 9 26 51 99 2 2 6 
1 1 57 33 33 1 4 8 
4 2 9 56 29 1 5 6 
8 4 38 73 50 9 5 9 
6 5 79 66 27 7 4 2 
5 8 76 35 15 0 4 2 
3 9 5 23 34 5 8 7 
6 4 0 72 53 9 8 6 
6 7 20 42 18 2 8 5 
9 0 33 107 32 1 5 2 
2 0 28 48 59 8 9 1 
6 2 29 22 48 8 3 6 
4 0 0 39 35 0 4 3 
4 9 26 51 42 9 0 8 
8 8 44 43 13 8 0 7 
1 7 42 24 42 6 3 4 
9 1 36 25 13 8 7 9 
5 9 33 37 50 3 2 7 
3 8 5 37 76 8 8 4 
4 3 31 13 21 7 4 4 
4 5 37 48 23 2 8 5 
0 2 36 65 35 3 2 6 
7 1 32 49 85 1 0 5 
4 9 19 23 64 9 7 9 
6 5 43 60 42 1 8 3 
7 3 14 33 69 3 7 4 
9 2 38 105 53 9 3 1 
6 2 44 40 45 2 6 2 
1 5 9 48 50 7 5 6 
7 8 15 15 14 9 1 7 
3 7 38 56 71 6 6 6 
7 2 57 46 50 6 3 0 
1 5 36 49 37 4 6 6 
6 6 0 46 35 9 9 5 
6 4 27 51 48 0 0 4 
4 8 44 7 46 5 0 1 
5 1 8 58 45 4 0 5 
5 0 26 75 38 8 4 9 
8 9 53 71 19 6 9 8 
4 3 53 55 50 7 4 9 
5 2 44 61 79 0 7 4 
7 7 34 49 29 3 4 9 
0 3 51 24 42 3 9 7 
2 6 27 68 45 1 7 3 
7 7 14 62 60 2 1 3 
7 6 27 48 79 8 6 5 
4 6 32 24 85 9 9 2 
2 3 45 45 85 7 5 1 
7 8 0 48 26 3 2 6 
6 5 16 68 60 8 0 7 
4 7 24 64 20 2 9 6 
5 8 30 87 24 9 2 9 
1 7 47 29 78 4 2 2 
1 4 35 21 84 7 7 0 
4 7 0 44 30 9 9 4 
8 4 23 42 22 8 2 1 
4 8 47 34 21 8 2 8 
3 4 58 100 35 0 4 4 
3 0 19 38 52 0 5 0 
9 5 15 64 64 1 5 1 
3 0 26 39 20 5 6 2 
9 1 7 42 42 9 6 5 
9 8 47 39 42 3 8 5 
0 0 18 54 44 1 0 5 
0 4 28 60 56 2 3 3 
4 9 5 17 45 5 1 2 
9 4 42 55 42 8 8 6 
9 4 47 69 46 5 0 4 
0 9 51 45 45 8 1 7 
8 4 0 69 74 5 5 6 
4 0 61 36 18 1 7 6 
3 7 24 52 55 7 6 1 
2 4 8 86 86 6 1 0 
5 5 76 33 47 1 1 5 
4 9 35 61 81 9 0 1 
2 7 35 43 88 7 8 2 
4 0 12 27 55 7 2 8 
0 9 52 70 57 2 9 5 
6 0 57 62 35 5 9 4 
8 6 34 73 0 4 9 3 
9 5 23 32 65 2 9 8 
6 3 23 52 19 0 7 6 
5 3 31 55 52 5 3 4 
0 1 66 69 18 6 2 9 
9 6 40 31 28 4 6 3 
4 8 0 57 70 7 1 8 
5 9 7 76 49 1 9 4 
8 1 39 26 68 0 0 8 
8 0 38 81 60 3 5 2 
3 7 57 54 36 2 8 5 
7 3 17 81 50 8 2 2 
7 1 23 41 57 1 6 6 
8 2 43 59 56 8 7 6 
5 8 23 32 56 8 7 5 
0 2 21 22 53 8 2 3 
3 6 30 59 34 6 7 3 
3 3 19 58 41 6 7 4 
3 9 29 55 14 5 8 2 
4 6 42 47 45 7 2 4 
8 3 16 76 58 2 4 9 
1 3 36 79 27 9 9 1 
5 0 0 52 56 0 1 0 
0 5 36 40 56 2 3 0 
7 5 28 59 130 3 2 3 
7 0 43 47 34 8 8 7 
0 5 31 41 43 6 7 5 
1 8 31 20 62 1 6 3 
4 9 42 62 73 0 1 3 
3 9 32 60 65 9 9 2 
8 8 9 43 70 6 7 8 
7 6 15 51 46 3 1 6 
0 6 47 7 67 7 9 5 
4 3 1 59 52 1 6 7 
9 9 9 31 63 1 1 7 
9 7 30 47 30 8 4 5 
6 5 51 54 22 0 3 8 
9 3 41 23 58 4 4 3 
5 0 37 13 32 2 1 3 
0 8 49 61 22 6 5 0 
6 7 40 36 38 1 1 2 
6 1 6 70 7 7 7 2 
9 4 21 41 27 8 5 3 
1 2 37 38 51 1 8 3 
2 2 43 8 13 3 5 8 
6 0 24 36 75 6 3 9 
5 4 2 36 70 8 6 3 
3 3 11 77 71 8 2 2 
1 7 12 50 99 0 3 5 
3 4 16 85 47 8 9 8 
2 1 21 37 38 6 4 5 
7 1 16 66 24 6 8 2 
2 7 6 43 12 8 7 7 
9 5 34 58 13 5 0 3 
4 2 11 72 40 5 0 7 
8 2 10 62 38 8 7 8 
4 0 5 30 45 5 0 2 
7 0 54 27 100 7 0 1 
3 1 0 50 54 4 9 6 
9 5 62 69 79 5 5 0 
2 2 6 55 82 4 1 6 
9 2 51 56 68 1 3 1 
5 2 39 43 58 1 9 5 
9 0 32 0 60 0 8 0 
4 3 35 45 87 2 5 0 
2 6 49 77 12 2 5 9 
9 4 2 41 53 3 3 5 
2 0 59 114 70 5 1 0 
1 6 11 51 87 2 2 1 
7 9 27 44 29 8 4 9 
8 6 14 52 27 0 2 3 
1 0 0 75 49 2 1 2 
5 4 0 66 26 1 7 3 
4 5 38 33 37 7 6 4 
8 7 51 40 32 4 4 7 
0 6 10 73 18 5 8 7 
1 3 28 62 44 2 7 9 
1 3 41 85 98 6 7 4 
9 1 0 55 50 9 0 1 
6 6 14 69 77 8 7 2 
2 5 30 50 32 7 9 1 
7 7 47 53 75 3 1 3 
7 9 30 28 0 4 6 5 
4 6 60 61 46 4 0 0 
0 1 21 32 50 1 1 9 
0 8 20 49 58 1 3 5 
9 6 19 66 72 3 1 5 
1 9 12 87 33 4 2 8 
9 6 50 51 48 0 2 4 
6 5 28 65 55 6 5 9 
0 2 11 39 43 2 0 3 
3 6 27 54 113 1 0 4 
2 8 31 34 30 2 1 3 
9 2 9 6 38 6 3 6 
1 0 54 65 48 0 1 3 
4 2 9 18 60 4 3 8 
9 3 58 96 47 2 0 5 
9 3 17 73 3 5 2 6 
8 4 16 77 59 0 1 0 
9 5 35 57 46 0 4 3 
4 1 51 52 50 8 9 0 
5 6 49 44 32 0 1 1 
2 6 32 26 32 8 7 8 
4 6 28 29 49 2 1 7 
6 6 10 52 45 8 6 0 
2 5 23 74 24 2 3 4 
1 1 59 60 34 8 0 2 
7 2 29 37 56 2 1 2 
8 9 54 76 49 4 6 8 
8 6 42 57 59 9 5 8 
7 9 46 38 41 1 6 2 
8 8 26 79 46 5 3 3 
6 7 35 62 46 3 7 2 
0 1 3 20 40 6 2 2 
0 6 31 87 28 3 4 6 
4 7 35 60 34 1 5 3 
5 7 15 57 12 5 6 5 
1 9 34 46 59 2 2 7 
7 0 17 28 44 5 2 2 
1 3 21 54 76 3 6 7 
8 7 21 43 33 6 9 9 
5 6 39 44 46 0 6 7 
9 4 37 33 60 3 6 5 
5 0 8 73 26 7 9 2 
2 8 24 47 45 3 3 1 
4 5 49 55 45 1 7 6 
0 1 40 62 40 4 4 7 
0 0 13 67 70 6 6 0 
3 1 20 38 24 3 4 0 
3 5 26 6 83 9 8 5 
5 8 62 57 57 1 8 8 
0 4 21 43 35 9 7 8 
6 5 25 41 51 6 0 6 
6 6 0 29 41 3 9 6 
7 1 37 21 41 5 9 0 
6 3 11 41 66 5 6 0 
2 9 42 92 55 8 8 6 
7 8 10 47 38 8 4 3 
9 1 23 52 77 1 1 3 
6 5 6 69 46 0 8 6 
0 5 52 41 61 0 6 1 
5 5 17 73 76 1 8 3 
4 2 34 38 73 6 7 7 
6 7 43 60 39 4 7 8 
7 7 6 53 23 1 2 5 
1 1 42 50 41 7 0 4 
6 8 43 49 53 5 6 1 
9 6 25 37 50 6 8 0 
8 1 18 22 49 6 9 9 
1 9 57 47 46 6 9 5 
6 1 33 79 53 5 1 1 
5 8 24 66 21 2 6 9 
8 9 21 39 31 0 7 2 
1 6 14 60 58 1 9 3 
5 2 43 55 95 8 5 0 
3 5 51 34 32 7 2 9 
1 3 0 64 16 8 8 7 
3 2 33 82 50 3 2 6 
7 9 18 31 62 7 3 8 
7 3 23 48 45 9 9 1 
8 7 57 47 17 1 0 0 
4 3 31 36 53 4 0 9 
9 3 71 75 62 3 7 5 
2 8 40 52 40 7 4 4 
3 3 13 24 58 1 2 3 
4 3 14 60 69 0 7 4 
0 2 54 58 75 2 8 1 
2 3 5 48 74 4 6 7 
0 2 30 78 87 1 2 7 
2 0 37 83 47 7 7 2 
2 3 29 74 42 7 9 3 
5 2 49 54 50 4 0 2 
1 3 17 48 59 0 7 4 
5 6 15 56 15 7 5 7 
6 6 29 70 77 4 7 1 
4 3 6 39 26 7 3 0 
5 4 26 78 49 4 6 1 
0 5 28 52 63 3 6 7 
6 7 34 27 11 9 3 5 
5 1 27 60 48 4 5 8 
5 9 15 26 31 1 7 5 
9 8 44 19 26 2 8 5 
5 4 32 41 20 3 8 6 
7 7 31 50 57 3 0 3 
5 3 0 39 63 7 2 6 
6 8 44 72 31 0 5 9 
3 1 28 57 61 8 8 8 
9 2 34 59 71 8 7 0 
7 1 29 18 64 0 0 3 
8 1 42 46 83 6 2 1 
2 3 36 16 70 2 6 9 
3 5 36 20 90 7 2 7 
1 3 39 69 20 8 7 4 
6 9 34 39 53 1 2 3 
8 5 24 49 105 6 8 4 
2 7 38 73 72 6 8 1 
5 9 14 31 42 2 9 1 
7 7 6 39 55 8 6 2 
6 5 70 71 56 3 9 2 
0 4 32 14 26 8 2 3 
7 2 21 71 48 0 1 5 
0 0 1 58 28 0 8 2 
8 4 39 47 42 2 1 0 
5 4 4 50 35 7 2 3 
3 8 23 62 50 4 2 3 
7 3 11 52 35 8 8 1 
8 8 5 27 77 2 6 9 
8 6 41 51 88 5 3 1 
8 3 39 36 66 6 4 0 
4 4 43 38 69 4 3 6 
3 2 23 28 58 0 0 7 
8 8 10 85 50 2 3 0 
7 7 32 47 59 9 9 6 
9 9 15 74 57 7 7 3 
5 1 40 30 70 5 4 6 
0 6 24 48 19 5 3 6 
8 7 25 55 75 0 7 2 
2 5 36 77 51 3 9 6 
4 1 43 61 67 6 7 5 
7 4 40 43 10 3 2 0 
9 4 63 43 52 2 6 7 
1 7 37 25 56 7 6 7 
0 0 51 49 27 8 1 3 
9 1 7 20 27 4 8 7 
9 0 53 30 35 2 0 3 
5 7 33 45 41 0 9 7 
6 2 17 28 66 5 0 8 
8 3 42 66 42 4 7 9 
9 8 64 59 61 3 1 6 
0 4 33 44 36 0 4 5 
3 1 16 50 38 2 3 7 
3 1 24 30 52 0 8 6 
4 3 36 41 37 6 6 9 
4 1 17 59 65 4 1 0 
4 2 46 58 41 4 0 6 
3 4 62 49 61 6 0 2 
6 3 7 45 27 7 8 3 
3 5 36 43 67 9 9 9 
1 9 43 63 52 1 9 5 
3 7 26 19 14 8 4 4 
3 8 41 54 48 3 3 8 
0 1 0 57 59 4 3 8 
7 2 45 79 62 4 0 0 
7 4 42 30 30 2 9 8 
6 3 31 66 51 6 8 6 
1 0 24 71 73 0 3 1 
3 1 6 51 32 5 1 9 
3 2 40 65 49 2 5 1 
1 3 32 62 46 2 2 6 
5 0 50 60 35 7 3 8 
1 3 33 36 43 3 6 3 
4 8 58 53 54 6 5 4 
9 3 0 45 63 8 4 5 
8 0 57 33 42 2 6 0 
6 1 74 39 51 7 1 2 
9 6 53 72 44 1 0 2 
5 4 43 64 66 0 3 5 
0 0 45 62 59 1 9 7 
6 2 26 54 62 4 4 2 
7 0 46 70 38 0 5 5 
0 4 24 56 63 2 8 6 
1 4 38 46 73 6 0 8 
5 6 7 44 103 3 4 6 
0 3 53 61 45 4 9 6 
0 0 29 62 38 5 8 0 
9 2 39 40 15 8 7 2 
2 8 27 36 40 4 0 4 
0 2 39 13 64 4 6 5 
1 4 29 82 39 6 2 8 
6 2 50 35 45 5 4 3 
6 6 13 66 83 8 8 1 
7 6 26 104 42 7 7 4 
3 3 23 24 66 5 8 0 
8 4 11 37 78 2 2 7 
8 5 18 70 49 2 8 7 
7 2 49 2 40 4 7 2 
6 2 12 24 12 3 9 5 
7 4 47 28 50 2 7 2 
8 8 67 43 92 8 5 5 
2 4 53 45 47 0 8 9 
4 1 12 57 30 0 9 8 
5 9 58 22 44 1 9 2 
3 8 30 56 53 2 8 0 
0 6 75 64 50 9 6 6 
8 2 0 50 28 7 3 0 
8 5 9 55 66 3 3 5 
0 5 12 57 54 3 3 5 
3 2 45 99 21 7 1 6 
0 4 39 10 38 4 2 0 
5 6 5 27 51 8 4 9 
5 2 5 37 41 8 2 3 
4 3 18 61 88 2 2 6 
4 0 86 35 41 4 5 2 
7 4 24 75 30 2 4 8 
3 5 37 57 16 1 2 6 
6 8 62 21 47 1 3 5 
8 3 31 58 31 9 4 5 
1 4 16 48 44 2 8 1 
6 3 29 28 68 2 7 0 
3 6 2 20 27 0 2 8 
6 1 17 54 35 0 1 2 
2 1 0 39 23 9 0 5 
1 8 10 49 35 7 4 0 
1 8 11 56 38 3 8 7 
3 9 15 45 40 9 9 0 
6 0 19 66 57 1 8 5 
1 9 25 75 89 8 9 0 
2 3 47 63 17 6 7 4 
2 1 41 5 53 1 5 1 
2 9 3 43 66 2 2 9 
3 4 52 54 64 6 4 7 
4 7 13 72 62 5 4 7 
4 4 20 34 40 2 7 4 
3 0 45 72 23 7 4 1 
2 3 46 50 72 9 5 3 
0 9 14 36 49 2 7 4 
5 4 37 12 9 6 9 2 
6 9 19 42 31 9 6 3 
0 8 71 85 30 2 6 5 
3 6 0 58 51 9 0 2 
6 8 0 13 55 6 6 0 
4 7 30 56 33 5 1 3 
9 0 27 82 60 3 1 8 
7 0 34 38 7 9 6 8 
0 7 20 31 53 1 3 7 
3 1 35 55 66 7 6 5 
1 2 42 37 30 2 8 7 
4 9 59 52 89 8 3 6 
0 9 34 36 31 2 0 8 
1 4 25 34 69 5 3 5 
7 0 22 39 49 6 6 5 
7 0 42 71 58 1 8 5 
5 3 5 50 47 8 2 3 
2 0 26 44 65 3 0 5 
7 0 44 59 47 5 2 8 
1 0 62 57 60 1 0 0 
2 3 43 77 60 4 2 1 
2 0 31 53 59 8 3 2 
8 8 14 9 39 4 3 2 
8 3 0 70 51 9 7 3 
0 1 27 51 50 6 7 1 
7 9 9 52 68 8 5 9 
5 4 32 43 0 3 7 6 
6 8 45 29 30 6 2 3 
9 0 16 42 59 5 4 8 
1 3 20 48 68 2 7 8 
7 5 20 64 38 3 2 0 
7 5 19 67 60 8 2 8 
4 0 4 63 54 8 5 4 
1 0 37 56 67 2 4 8 
4 6 19 55 8 0 2 2 
9 3 9 45 54 3 0 0 
3 4 3 82 95 7 0 8 
8 1 11 64 29 0 7 5 
3 4 18 20 87 0 4 6 
6 5 26 36 71 7 8 6 
6 6 24 52 35 4 7 1 
3 4 59 26 39 0 1 7 
7 5 46 39 10 6 5 0 
5 9 22 73 39 4 0 4 
2 7 21 68 46 6 7 5 
3 1 27 22 64 5 2 8 
3 9 24 53 84 6 3 5 
6 9 21 61 44 1 3 6 
5 5 0 53 24 6 8 4 
5 4 54 74 67 6 4 5 
8 9 26 53 36 3 4 4 
2 0 36 34 48 1 7 0 
4 5 12 65 48 1 4 3 
6 3 21 20 26 9 6 3 
3 5 27 33 60 4 0 3 
2 0 34 61 77 9 9 6 
8 4 42 69 35 7 7 2 
0 5 19 28 14 0 7 5 
8 3 50 60 58 9 5 2 
0 1 52 57 9 9 5 0 
3 9 15 53 73 2 2 3 
3 9 19 16 62 0 9 2 
0 9 73 36 39 3 2 8 
5 6 58 70 63 7 3 1 
9 2 18 47 44 9 9 8 
6 7 48 79 35 2 6 8 
5 8 36 31 49 7 3 5 
6 1 30 53 55 5 1 2 
3 2 0 77 57 5 7 6 
2 8 44 59 44 9 2 5 
1 2 44 37 36 6 7 3 
4 1 85 52 42 7 4 5 
1 8 20 67 64 1 2 9 
3 4 31 62 4 7 0 5 
7 5 45 44 40 1 6 8 
5 0 0 39 39 0 1 2 
1 6 20 68 41 6 7 9 
2 4 0 56 53 6 8 8 
0 3 15 28 14 2 0 3 
9 5 11 56 43 9 1 3 
8 4 82 44 54 2 5 8 
8 7 8 55 74 5 0 7 
3 8 40 72 28 6 7 7 
2 1 40 56 66 7 2 7 
1 9 44 69 18 8 1 1 
5 6 36 61 76 3 6 7 
4 7 53 36 50 9 1 8 
5 4 36 54 9 0 0 6 
6 8 31 42 24 0 5 1 
4 4 0 38 54 4 3 1 
8 8 36 63 38 6 3 2 
0 4 42 45 54 5 0 7 
3 4 15 62 45 1 8 5 
4 9 38 54 8 3 6 2 
0 8 27 69 23 6 2 2 
8 6 35 33 69 7 3 8 
2 3 50 73 26 4 0 3 
5 4 24 17 16 0 0 3 
1 6 24 45 10 2 0 2 
3 3 0 37 86 6 7 8 
8 6 40 40 56 6 6 7 
6 0 24 52 42 5 1 2 
6 7 38 56 25 7 8 1 
3 5 8 36 36 8 6 2 
1 2 40 62 50 8 5 5 
4 0 26 47 32 1 5 6 
6 6 16 57 43 5 4 2 
0 1 48 24 35 9 2 7 
2 9 24 22 74 1 8 7 
5 7 35 32 12 8 5 0 
0 0 0 15 44 5 5 3 
9 7 5 80 36 2 4 9 
8 8 55 49 57 3 8 0 
6 4 60 45 12 8 9 3 
2 8 34 52 39 9 9 5 
1 8 43 57 61 8 6 1 
7 8 54 56 59 0 6 8 
4 7 39 47 86 7 3 2 
9 7 0 77 81 6 9 8 
2 3 30 76 28 1 2 6 
9 0 36 49 25 5 6 2 
4 3 35 46 33 7 7 3 
1 2 16 63 72 1 5 0 
7 3 58 50 74 3 5 5 
0 8 64 91 14 0 4 5 
3 1 73 62 81 9 7 0 
4 9 38 88 0 4 2 1 
8 0 11 90 50 3 9 6 
6 9 22 40 77 1 2 1 
6 5 22 81 34 5 9 7 
5 9 0 27 44 7 5 9 
1 4 7 52 11 5 6 7 
9 7 34 41 65 3 3 2 
4 2 41 52 46 9 0 5 
3 1 34 70 42 4 9 9 
2 9 42 58 45 9 1 1 
7 8 57 45 49 5 7 3 
2 6 4 63 54 0 6 1 
0 7 26 46 57 9 6 5 
5 9 56 63 58 0 3 3 
9 7 35 51 26 3 1 1 
1 8 51 99 74 3 8 8 
4 7 29 55 24 6 4 5 
1 3 44 41 80 5 1 8 
5 1 2 41 44 4 1 1 
7 2 78 53 93 8 3 5 
5 5 51 67 33 3 4 6 
5 2 13 33 27 1 2 9 
7 7 36 52 93 9 2 6 
1 9 34 59 51 4 8 6 
0 9 73 24 58 5 1 7 
7 9 21 68 45 8 5 4 
7 2 44 63 41 4 8 1 
8 2 12 32 17 9 9 3 
8 6 36 62 100 1 1 4 
3 6 35 45 14 0 7 2 
7 2 46 70 26 6 7 0 
6 8 22 53 36 9 2 4 
6 7 14 57 34 4 4 5 
7 1 41 67 50 2 1 4 
6 0 68 58 61 0 4 8 
8 0 67 32 80 2 7 6 
0 5 33 88 49 3 0 2 
8 0 0 27 39 6 7 8 
8 9 7 44 70 1 2 9 
6 0 21 50 70 6 9 4 
4 7 30 34 41 2 0 0 
3 7 60 7 49 3 7 4 
5 4 41 41 32 2 6 0 
5 9 49 50 101 8 7 7 
4 7 34 67 46 2 5 2 
8 2 0 61 19 3 4 3 
2 0 44 50 73 8 1 6 
6 5 31 51 53 8 8 0 
8 9 49 49 72 3 6 0 
3 8 48 47 45 6 9 4 
0 4 51 27 75 0 9 9 
4 4 56 48 37 0 6 5 
4 0 46 48 33 6 1 4 
4 1 35 24 58 6 4 0 
8 6 47 46 79 2 8 3 
1 1 15 68 50 5 0 2 
4 4 70 38 77 3 5 0 
5 1 58 58 72 3 5 8 
4 8 22 44 51 0 3 4 
4 1 33 35 38 4 3 6 
5 0 28 27 94 5 9 2 
6 2 18 53 22 4 4 6 
9 6 49 22 36 7 4 8 
0 5 27 34 41 8 8 5 
5 8 0 49 79 6 0 0 
2 8 23 71 26 8 4 3 
0 2 36 53 33 1 8 7 
6 4 32 34 71 7 4 4 
3 0 44 81 49 3 2 9 
9 1 12 9 32 5 8 7 
7 3 16 6 54 8 6 1 
7 2 22 30 32 2 3 1 
5 4 11 33 40 2 3 9 
5 9 23 42 82 3 4 2 
0 6 32 66 60 0 7 4 
2 2 45 39 54 0 6 1 
0 2 53 51 25 5 0 9 
1 3 46 46 67 8 2 1 
7 8 39 50 61 3 6 8 
9 2 49 42 43 2 6 4 
2 2 52 55 66 5 9 4 
8 5 21 34 79 3 4 2 
2 4 30 51 87 8 0 8 
2 1 32 42 50 5 7 5 
4 1 35 62 77 4 8 3 
9 6 32 20 44 1 5 6 
4 5 28 64 45 4 0 6 
6 3 28 85 62 2 2 4 
6 8 56 68 82 3 9 3 
2 9 49 28 52 3 2 8 
7 3 42 68 53 3 4 9 
2 3 66 43 39 4 6 2 
3 3 44 60 50 0 9 6 
6 1 23 78 80 9 4 7 
1 1 30 90 66 4 6 9 
3 9 38 102 16 0 3 7 
8 1 23 34 13 4 1 1 
0 8 52 80 67 2 1 0 
8 8 26 57 58 1 3 9 
7 3 27 57 27 7 7 6 
5 0 42 91 39 9 0 0 
1 8 0 73 68 3 6 6 
0 7 19 37 77 7 8 1 
1 7 40 65 37 5 6 6 
7 8 75 31 79 7 8 0 
4 3 2 20 55 8 4 0 
1 3 41 41 32 9 6 5 
7 1 39 75 75 3 7 5 
9 1 33 43 71 5 2 6 
6 2 56 49 74 4 4 4 
1 7 61 68 57 9 5 0 
0 8 0 76 67 4 4 1 
0 1 65 56 22 2 2 8 
1 5 69 30 39 2 0 8 
3 3 20 84 97 7 9 7 
9 7 56 77 59 7 9 4 
1 7 40 68 31 4 9 8 
5 4 31 30 56 0 9 3 
7 8 34 56 46 3 6 0 
5 0 31 70 46 9 2 9 
9 0 44 31 51 4 6 1 
9 0 60 15 63 2 7 3 
3 1 67 78 23 8 9 8 
6 3 42 78 26 0 8 6 
8 9 8 75 66 0 2 1 
9 1 3 32 61 3 8 5 
1 0 62 16 74 5 7 6 
0 4 58 56 62 9 1 3 
6 2 45 58 76 8 3 4 
1 1 41 26 54 9 6 9 
9 2 52 18 38 9 8 8 
8 6 0 42 73 9 1 0 
8 2 44 52 39 9 7 3 
5 0 48 56 51 3 6 4 
6 7 26 67 54 6 2 7 
5 2 34 32 77 2 2 3 
0 3 16 36 58 9 1 7 
1 4 43 50 36 6 1 1 
0 3 13 47 58 0 9 1 
5 3 1 32 87 1 9 5 
1 3 31 41 54 5 7 0 
9 1 37 53 51 9 5 1 
3 8 0 26 102 4 2 1 
4 4 40 39 61 2 3 7 
9 1 1 36 73 0 7 5 
2 6 35 13 36 3 5 7 
2 5 16 18 79 5 6 1 
9 5 39 98 34 8 5 5 
1 7 37 43 36 5 7 3 
2 8 17 46 62 8 3 6 
7 7 0 61 70 4 6 5 
7 4 10 77 21 5 2 1 
6 2 0 35 47 6 9 3 
7 5 37 67 76 4 8 4 
1 0 25 51 22 6 5 8 
3 1 6 26 76 4 7 1 
6 9 0 66 79 7 3 5 
5 6 37 57 32 2 7 6 
6 6 51 37 36 3 2 1 
2 2 25 55 50 1 2 8 
6 0 25 30 59 8 8 2 
3 2 19 41 38 2 3 7 
8 5 17 38 89 8 9 9 
1 7 36 42 56 9 8 1 
6 7 3 23 39 1 1 6 
7 8 55 63 20 8 3 1 
2 8 20 110 88 6 4 8 
1 1 41 42 69 0 7 0 
7 9 12 38 49 2 8 9 
8 7 43 24 30 8 4 0 
3 7 25 43 76 5 1 4 
5 4 22 79 63 8 3 8 
6 8 22 75 58 6 5 2 
3 4 48 33 65 7 2 9 
6 2 0 24 89 4 0 7 
3 4 33 39 47 7 7 3 
5 8 25 25 52 7 0 4 
0 7 6 31 50 8 4 3 
8 6 33 5 58 3 0 6 
0 7 58 59 64 6 4 0 
3 0 17 55 13 6 3 2 
0 5 39 52 96 7 8 7 
1 9 0 11 61 6 1 5 
8 0 18 11 57 0 9 1 
3 2 43 53 58 3 3 9 
3 0 37 17 35 1 9 3 
8 8 1 40 71 8 3 6 
2 7 37 20 55 8 7 7 
5 0 40 35 36 8 0 9 
2 5 9 40 38 8 2 2 
0 1 26 57 43 7 5 1 
9 6 40 60 39 8 0 5 
9 5 11 62 80 5 1 5 
9 7 35 41 47 1 7 1 
4 3 28 69 30 5 0 0 
4 9 49 46 59 1 0 2 
4 9 58 14 27 2 4 7 
4 6 7 39 72 9 0 2 
7 6 54 45 58 3 5 9 
1 4 29 41 42 3 4 6 
9 5 15 56 27 0 6 4 
8 9 16 45 38 6 9 9 
7 8 9 43 70 6 8 4 
9 1 57 58 84 9 7 0 
1 5 5 50 59 0 4 6 
9 4 41 59 37 5 9 9 
4 1 39 71 29 1 9 6 
5 0 60 50 50 8 7 4 
8 7 86 60 50 3 8 0 
4 4 7 41 50 9 6 5 
7 8 26 9 54 9 2 3 
2 5 42 51 12 8 1 8 
3 9 49 63 59 7 5 6 
2 9 48 39 26 1 6 6 
2 0 27 9 33 3 4 2 
0 5 19 63 85 4 4 3 
5 2 14 69 59 0 0 6 
2 4 3 59 45 1 6 2 
6 3 40 31 92 2 2 9 
3 7 38 56 37 4 0 9 
7 4 40 37 49 5 0 4 
7 6 29 38 56 7 9 5 
5 1 28 64 22 0 5 8 
5 5 38 49 42 3 7 1 
4 9 93 46 31 0 3 6 
8 9 25 18 58 2 2 3 
2 3 40 33 23 3 4 0 
6 1 58 20 58 1 5 5 
8 8 29 61 57 4 9 3 
1 5 33 63 64 1 1 7 
9 1 36 55 70 5 0 3 
8 1 44 44 53 1 5 8 
4 8 30 61 27 5 6 2 
0 5 0 43 41 7 7 6 
7 7 14 20 59 9 4 9 
7 4 54 50 14 3 7 7 
9 5 47 47 39 4 7 2 
5 1 48 62 19 6 5 2 
3 4 52 50 87 7 8 2 
3 5 34 36 53 5 8 2 
7 0 6 43 42 8 8 6 
7 1 2 27 52 2 1 0 
8 8 23 27 60 1 2 3 
5 3 61 58 61 8 1 0 
9 1 34 60 56 8 8 0 
6 7 28 52 39 7 5 6 
8 6 47 38 67 4 8 1 
8 8 19 55 39 5 9 9 
4 2 27 88 78 3 2 5 
9 7 19 53 69 6 5 8 
4 2 8 40 74 7 6 2 
7 0 27 61 44 9 7 2 
6 5 25 73 24 5 1 6 
9 7 67 55 88 9 8 0 
4 9 15 48 44 1 6 8 
3 1 27 85 52 0 8 7 
7 4 34 75 55 5 7 5 
3 1 25 38 49 9 4 5 
2 7 48 63 53 1 0 7 
5 3 38 12 67 6 5 9 
6 3 28 27 15 7 2 2 
6 9 12 67 48 6 0 7 
8 1 15 34 45 1 0 1 
1 7 43 80 57 6 3 2 
8 0 13 44 8 9 9 4 
6 6 60 50 64 4 6 4 
8 6 60 28 28 3 3 8 
1 8 35 56 60 4 3 8 
9 6 43 69 27 0 4 6 
8 0 26 48 29 7 9 8 
4 7 39 62 38 2 8 7 
3 2 3 31 90 4 9 7 
7 3 16 83 44 9 7 8 
9 1 39 49 49 0 7 9 
0 2 11 69 21 9 7 9 
