8 2450
1 9 37 37 25 6 8 6 
4 5 0 55 47 7 1 4 
6 5 34 63 62 7 9 3 
2 9 23 45 43 4 0 9 
3 1 10 84 5 4 5 9 
5 4 14 39 66 2 9 5 
6 0 36 72 18 0 6 5 
6 0 35 8 56 1 9 2 
9 5 37 50 60 9 4 2 
7 9 38 55 89 0 6 3 
8 1 38 20 52 0 9 1 
0 6 16 74 81 3 3 0 
3 5 6 63 41 9 9 9 
4 9 31 51 12 2 8 3 
6 4 21 26 31 1 4 0 
4 5 30 71 45 0 4 7 
2 6 21 83 79 6 2 9 
2 3 37 63 38 0 6 3 
3 1 49 52 55 7 9 3 
2 3 28 54 0 5 2 1 
2 1 70 52 50 3 2 7 
4 7 27 43 106 5 1 3 
2 7 43 56 57 3 3 7 
4 0 10 54 83 3 8 1 
6 7 45 41 41 2 1 4 
6 6 44 40 32 4 1 2 
4 9 44 63 36 2 7 8 
5 1 24 70 102 9 2 2 
9 3 54 66 34 7 5 9 
9 2 61 50 83 4 5 8 
8 6 27 37 5 3 4 8 
1 2 20 62 23 0 3 0 
3 7 5 65 44 1 0 3 
8 1 54 36 78 1 1 3 
8 2 45 77 40 4 4 4 
7 3 0 12 70 6 6 0 
2 9 9 47 36 3 8 0 
1 7 49 70 42 8 9 5 
8 3 45 43 67 7 6 1 
1 0 37 32 54 3 9 3 
9 9 48 42 29 5 9 4 
6 6 33 26 10 6 6 9 
6 1 19 79 15 8 3 2 
5 3 11 46 63 3 9 3 
4 3 13 92 31 0 3 2 
9 1 18 23 66 9 7 3 
9 8 0 39 25 2 7 2 
5 9 21 40 69 4 4 0 
6 8 43 47 58 6 5 7 
3 2 55 57 71 2 1 4 
6 8 0 70 71 8 6 7 
0 6 30 69 47 7 3 4 
7 9 26 59 2 6 8 2 
1 3 58 33 12 1 9 9 
3 5 11 59 74 8 9 6 
3 3 68 75 7 7 7 0 
4 3 36 49 41 1 0 8 
8 0 15 48 57 4 2 0 
6 8 0 67 51 7 8 7 
6 6 56 46 73 2 9 8 
2 6 5 41 73 6 5 5 
2 1 45 85 55 5 9 5 
8 5 0 35 54 5 6 2 
6 2 44 43 27 4 5 0 
7 6 50 36 43 2 5 1 
8 0 20 88 13 2 3 6 
7 8 58 71 55 0 6 3 
2 6 24 68 69 2 3 5 
5 8 37 75 45 6 4 4 
5 4 57 92 50 1 7 8 
3 8 0 56 17 7 4 1 
6 5 22 14 28 5 3 3 
4 8 58 68 67 8 2 5 
4 3 16 41 39 1 9 2 
0 9 26 32 39 5 8 7 
5 6 31 31 26 9 7 1 
5 9 42 58 35 5 0 9 
1 7 11 48 58 9 7 0 
2 0 9 40 26 7 9 4 
2 5 15 52 86 5 2 3 
1 1 46 70 76 3 0 7 
9 5 53 51 34 3 9 3 
8 5 14 80 24 2 1 9 
6 9 10 54 33 4 7 9 
7 9 49 33 43 7 9 8 
2 9 16 42 79 4 4 3 
8 3 40 56 30 0 8 0 
5 3 46 18 5 9 6 6 
5 0 38 28 86 1 2 2 
7 3 26 64 68 2 3 8 
2 9 27 50 72 9 2 2 
4 6 72 80 32 8 4 9 
5 4 18 45 28 7 7 9 
0 5 73 78 15 1 4 1 
6 4 23 54 42 1 1 4 
1 5 26 35 52 0 7 4 
9 1 20 25 50 7 4 6 
7 2 35 45 62 1 6 5 
6 7 14 41 57 4 5 9 
8 1 12 55 39 5 5 2 
9 4 1 73 36 2 9 6 
2 7 50 53 84 3 8 2 
4 0 27 46 47 8 5 2 
1 2 41 71 59 0 8 1 
6 6 71 33 29 0 0 5 
2 0 6 55 28 4 0 2 
9 3 39 50 62 4 5 8 
4 8 25 93 55 2 2 9 
4 1 28 65 20 7 5 0 
3 4 52 17 69 7 5 8 
3 4 48 33 50 4 5 1 
6 5 46 78 90 7 5 3 
4 1 16 18 55 1 7 9 
9 2 29 49 84 7 8 1 
3 0 30 59 48 5 2 9 
1 9 49 63 61 2 7 5 
6 2 28 95 33 1 4 7 
0 3 0 41 44 5 2 9 
7 4 40 39 59 7 6 5 
0 9 16 42 47 0 8 4 
4 2 43 27 46 3 1 5 
6 5 20 63 85 6 4 8 
1 4 78 20 33 1 1 0 
8 9 25 69 60 4 0 0 
5 4 27 24 24 2 6 9 
6 4 1 39 34 7 8 0 
2 8 12 66 58 8 5 7 
8 0 27 49 36 2 5 1 
3 0 52 67 76 0 6 8 
9 3 9 34 61 5 1 3 
5 9 38 56 36 7 0 3 
0 4 11 45 27 5 4 8 
6 4 46 18 42 9 0 3 
0 0 41 44 65 8 4 2 
8 5 30 49 41 2 2 4 
3 5 38 49 34 8 5 7 
5 7 11 79 52 6 4 1 
9 1 35 30 64 9 6 5 
1 7 41 63 59 8 6 4 
7 0 39 21 66 5 7 0 
0 0 14 27 59 8 5 5 
6 4 12 34 5 7 0 6 
4 0 15 56 56 5 8 7 
3 9 42 33 27 8 0 7 
8 9 14 56 33 9 5 7 
8 2 65 86 32 6 0 5 
8 5 11 71 39 1 7 5 
8 6 20 23 57 3 3 2 
9 3 54 39 55 9 3 7 
9 3 73 44 79 9 1 0 
0 2 70 41 34 9 0 2 
6 6 42 27 26 5 2 6 
3 7 24 61 68 9 0 9 
7 3 27 73 90 9 1 7 
5 8 74 39 44 8 4 9 
9 8 27 90 44 1 5 6 
2 7 25 64 0 9 1 5 
3 5 19 53 56 9 5 7 
7 1 26 74 12 2 1 1 
0 5 0 71 58 3 3 6 
7 1 5 74 58 2 6 9 
0 9 34 53 57 8 2 3 
4 8 63 65 47 6 9 7 
0 3 11 48 20 5 0 9 
6 5 45 65 27 3 9 4 
3 4 38 35 23 2 0 0 
4 3 46 36 45 7 8 1 
4 1 16 63 58 1 4 5 
4 1 22 61 44 3 5 2 
3 1 35 42 103 1 8 8 
4 5 34 36 75 9 9 0 
6 3 25 17 37 7 5 0 
2 9 38 38 26 4 3 0 
8 8 22 36 69 2 4 5 
1 7 41 46 36 8 5 1 
5 6 36 27 49 6 6 6 
8 4 24 71 31 3 1 3 
6 4 28 89 38 8 1 5 
4 8 15 76 18 6 5 9 
5 8 54 25 49 7 5 5 
6 6 49 68 33 4 4 7 
1 3 22 79 35 1 2 8 
1 2 0 53 77 4 9 2 
1 0 1 32 22 0 7 6 
9 2 22 63 46 6 2 1 
2 1 11 65 31 2 8 4 
5 7 44 70 78 7 7 9 
7 5 50 60 86 7 8 3 
6 8 60 82 30 6 3 7 
8 4 34 61 59 2 2 4 
8 7 0 38 56 2 8 4 
8 5 33 38 49 0 7 4 
6 8 40 40 35 6 1 7 
8 2 46 58 57 0 9 6 
9 6 27 75 53 5 8 0 
5 2 24 61 43 7 8 6 
4 9 49 20 40 5 4 3 
5 1 57 61 49 4 7 6 
7 0 27 33 23 9 3 9 
5 2 41 80 58 8 0 6 
8 6 45 55 69 7 3 3 
0 8 47 68 62 8 2 6 
9 0 32 87 56 6 5 2 
3 2 35 90 61 3 1 8 
5 5 42 22 26 3 3 9 
6 7 63 25 31 7 7 8 
9 9 48 39 50 7 9 7 
9 7 0 60 55 8 8 3 
7 0 16 31 57 0 3 7 
5 3 23 70 42 9 5 5 
8 6 5 62 62 2 9 7 
2 2 28 44 31 0 8 2 
4 7 21 79 70 4 1 2 
0 4 0 66 58 0 9 2 
2 6 52 53 82 2 1 6 
5 8 46 54 59 4 3 1 
4 2 20 39 95 8 9 5 
1 1 35 59 65 7 3 1 
5 0 6 57 62 6 0 3 
6 2 0 59 58 6 4 7 
2 2 29 93 34 5 1 8 
4 9 42 36 50 0 2 5 
4 5 5 61 32 6 9 4 
6 3 62 40 31 9 5 1 
5 7 4 73 33 1 4 8 
5 8 37 45 41 3 2 1 
2 8 43 9 51 8 0 5 
6 4 32 45 47 2 3 4 
2 9 13 72 40 0 9 1 
6 4 24 63 16 2 8 3 
9 2 48 40 33 6 5 2 
4 3 0 61 58 2 0 2 
2 8 80 47 59 3 2 0 
4 2 20 53 94 3 1 4 
5 6 13 82 62 6 7 2 
6 1 18 35 40 1 4 6 
0 2 32 58 28 3 9 9 
3 1 38 44 47 7 7 1 
3 4 23 11 70 0 9 6 
8 5 11 18 28 8 5 6 
9 3 45 56 61 9 5 5 
4 8 11 53 82 9 1 5 
1 0 44 64 64 4 6 7 
2 6 55 60 31 2 4 7 
5 5 58 84 56 8 3 0 
3 6 23 62 33 1 8 3 
5 2 36 53 73 0 3 9 
7 8 65 35 93 0 8 3 
0 1 0 68 54 8 1 8 
6 2 58 62 63 7 2 5 
0 1 23 34 77 4 6 4 
7 5 0 51 26 2 6 4 
9 4 29 63 50 0 3 0 
1 9 21 75 59 7 0 4 
1 7 7 60 44 6 1 5 
8 4 19 5 24 0 9 8 
6 1 48 40 48 8 4 5 
3 1 12 54 60 3 2 9 
9 3 25 71 83 9 4 9 
7 6 61 43 29 0 1 5 
3 1 52 81 52 0 7 5 
3 1 2 70 34 1 7 6 
6 1 55 48 61 5 4 1 
1 7 12 49 40 6 8 4 
9 9 26 62 63 1 4 4 
1 8 23 83 73 7 6 0 
7 0 31 65 69 6 7 7 
4 6 29 12 52 5 6 9 
9 8 10 63 43 3 4 7 
3 7 39 65 66 6 4 3 
4 8 34 50 65 8 8 7 
9 3 52 70 27 8 8 2 
1 6 28 25 19 8 0 0 
2 5 14 38 61 5 2 2 
6 3 39 49 42 8 0 4 
5 6 1 19 20 4 4 0 
7 9 36 42 42 2 8 4 
3 2 20 90 33 2 4 7 
4 4 9 67 88 4 9 7 
1 7 64 65 53 9 4 3 
5 1 41 66 14 7 1 3 
1 8 29 90 19 3 1 2 
3 9 16 34 47 7 2 6 
5 8 20 55 51 6 6 7 
4 0 66 19 85 7 5 6 
8 1 28 15 73 5 8 1 
1 2 0 60 37 0 1 5 
6 7 0 40 49 1 7 6 
2 9 43 40 64 9 8 3 
3 4 68 63 57 9 6 0 
5 9 41 27 30 8 0 5 
2 6 56 36 58 4 2 5 
1 9 56 47 56 8 6 4 
7 0 12 28 24 0 2 3 
0 8 63 62 40 2 9 1 
4 2 20 24 50 4 3 5 
4 5 6 88 64 9 3 0 
5 1 22 68 50 3 7 3 
1 1 28 17 84 1 2 8 
7 2 33 62 48 3 8 8 
3 4 0 94 92 8 8 8 
9 3 27 37 34 6 1 9 
5 6 39 55 39 1 6 7 
6 4 53 50 5 2 9 1 
7 2 41 48 78 8 8 6 
0 1 23 29 44 8 9 9 
1 7 36 35 47 1 8 9 
6 3 0 49 4 5 5 2 
7 4 26 54 24 2 8 3 
0 9 51 41 42 3 5 2 
5 5 62 55 52 2 9 7 
1 1 16 30 45 6 4 0 
7 1 43 81 65 6 5 2 
6 4 57 43 87 8 1 7 
4 5 44 80 88 7 5 0 
0 3 72 51 29 6 4 3 
6 3 65 33 84 8 0 1 
9 6 88 48 32 6 2 6 
1 6 35 75 27 7 1 2 
9 3 59 4 61 8 2 3 
5 9 5 52 0 5 3 0 
5 6 22 68 54 4 4 6 
8 7 10 28 58 8 7 6 
8 9 27 71 27 6 9 7 
7 6 6 44 49 6 6 2 
4 7 73 67 47 9 5 7 
5 6 0 50 19 0 9 4 
6 1 20 29 64 1 7 7 
6 0 43 65 64 3 9 3 
1 2 32 13 50 4 1 4 
2 5 18 34 57 8 6 4 
2 0 24 17 30 9 5 7 
3 2 17 69 56 2 8 2 
6 8 42 38 31 1 5 1 
4 6 68 56 13 7 8 4 
5 5 45 56 66 6 1 1 
3 7 23 53 41 5 4 8 
1 8 33 41 30 4 7 6 
0 2 43 56 84 3 1 1 
5 5 17 38 73 9 3 9 
5 9 67 43 64 2 3 1 
0 1 21 33 29 8 6 8 
7 4 36 66 69 6 3 4 
4 9 26 84 63 2 8 9 
9 5 51 103 57 3 6 2 
9 5 35 55 42 0 0 9 
6 0 55 93 16 2 8 4 
4 6 14 67 75 7 1 6 
6 0 36 41 25 3 9 4 
5 6 56 40 25 8 9 9 
9 6 21 37 55 2 8 5 
5 9 0 51 48 9 0 4 
4 8 55 14 47 2 9 6 
1 4 19 57 55 4 5 9 
4 0 18 48 58 7 6 6 
4 0 24 11 41 7 3 8 
9 1 5 59 49 5 1 3 
8 1 50 60 37 5 5 9 
1 9 15 58 72 0 7 5 
6 8 36 85 67 5 9 5 
0 6 52 24 50 8 8 7 
2 2 33 54 56 0 7 1 
1 5 41 15 69 5 6 5 
6 1 41 56 74 8 0 8 
9 5 39 42 54 2 3 3 
6 5 39 40 60 6 9 4 
5 4 24 46 61 4 4 1 
6 0 32 46 66 6 2 8 
8 5 19 57 62 9 0 8 
7 9 37 28 61 7 1 9 
7 2 55 58 81 0 9 2 
0 3 46 24 42 9 8 5 
5 2 78 39 23 6 2 0 
7 2 23 65 20 9 5 5 
9 1 54 44 46 2 4 1 
0 6 39 24 48 5 2 0 
0 7 24 45 42 2 2 5 
1 7 57 45 39 6 5 8 
9 4 27 14 36 1 7 6 
5 8 39 35 40 2 3 7 
6 2 59 43 41 7 8 0 
1 4 1 58 70 8 9 1 
8 5 37 42 23 1 8 4 
8 0 0 71 38 2 2 2 
5 9 13 24 23 9 2 6 
9 7 29 55 46 2 2 0 
5 7 24 51 69 1 2 8 
5 8 0 59 59 3 5 0 
1 5 29 62 30 6 9 4 
1 0 43 65 32 5 4 2 
3 3 22 47 50 9 6 0 
8 5 71 39 54 8 3 0 
7 5 19 37 64 3 3 6 
6 1 30 69 59 7 5 7 
0 6 56 26 34 9 0 1 
8 5 27 60 43 7 3 2 
4 8 33 55 57 8 6 5 
3 4 18 42 16 8 2 0 
9 6 28 58 84 8 6 8 
3 7 35 60 40 8 7 4 
8 2 48 66 53 6 2 0 
2 8 23 63 34 5 0 6 
6 4 33 41 36 7 3 5 
1 9 49 31 40 2 3 7 
4 3 55 55 33 9 1 1 
5 3 49 46 51 2 4 0 
7 9 13 36 14 8 1 8 
2 4 26 73 57 1 4 5 
3 7 19 37 81 5 8 7 
0 6 66 41 14 5 2 2 
6 3 31 41 64 2 6 9 
6 4 11 37 69 9 1 2 
1 2 41 83 56 3 9 8 
5 6 35 87 39 8 3 5 
1 2 51 36 80 4 8 5 
8 8 0 42 22 6 2 5 
0 8 23 31 87 8 2 8 
0 9 44 44 65 4 7 0 
8 4 55 29 60 6 9 2 
2 3 4 18 41 2 7 8 
7 2 29 55 52 0 1 6 
2 6 54 37 35 5 1 8 
9 9 0 55 52 8 4 9 
6 7 3 57 79 3 9 5 
8 1 12 42 44 8 1 2 
8 5 45 43 48 2 3 5 
5 8 16 45 60 0 6 8 
3 1 32 58 44 4 2 8 
8 4 24 46 50 0 4 9 
4 8 11 63 17 0 4 6 
9 1 0 33 53 6 7 9 
6 2 17 25 62 8 4 9 
2 2 37 61 38 9 8 0 
6 6 33 56 29 9 4 6 
7 7 40 54 33 9 3 1 
0 0 0 27 0 3 4 7 
4 8 15 54 62 4 2 5 
7 7 55 60 54 3 8 3 
4 3 17 44 32 1 7 5 
6 8 19 27 38 3 3 9 
0 0 21 59 60 0 0 7 
7 4 12 45 4 7 3 5 
3 7 18 55 32 5 2 0 
7 9 24 74 90 3 2 0 
3 4 16 20 44 1 0 6 
3 0 4 28 31 1 8 5 
3 7 41 25 43 3 1 8 
1 2 0 48 83 2 2 3 
3 7 16 49 50 0 9 9 
6 0 26 96 56 9 4 8 
1 8 38 58 79 1 9 0 
9 5 43 25 53 1 9 7 
6 1 56 31 90 1 1 9 
9 9 12 85 39 0 9 9 
7 6 77 23 87 9 9 1 
2 6 47 34 63 7 6 0 
5 8 68 48 48 9 3 5 
5 5 8 42 33 8 8 3 
0 8 36 25 34 0 5 1 
2 4 5 45 42 2 5 8 
3 5 17 28 44 9 9 0 
2 7 27 32 57 6 3 8 
7 7 51 39 44 8 6 3 
3 6 65 28 35 4 2 1 
4 7 5 75 48 8 9 5 
9 5 34 60 42 8 3 3 
9 4 32 86 14 6 0 5 
7 4 30 49 40 1 9 7 
2 2 29 76 42 9 1 3 
3 4 1 55 15 0 8 3 
7 0 25 81 73 6 9 5 
2 3 59 54 30 9 1 0 
4 8 26 73 42 8 4 7 
7 5 41 59 74 7 8 3 
2 4 17 93 58 3 6 1 
6 7 25 77 50 3 9 0 
4 7 29 42 60 4 1 4 
4 0 22 55 47 5 0 1 
4 4 0 56 24 4 0 3 
4 4 11 46 54 8 0 0 
1 7 0 48 59 5 9 6 
7 8 18 52 94 0 2 6 
1 2 55 81 37 4 0 7 
6 9 3 53 26 1 5 7 
7 1 11 28 52 6 3 7 
1 3 0 27 61 3 6 1 
7 8 30 48 44 4 0 4 
6 0 40 30 74 0 9 9 
2 5 37 47 50 7 0 1 
5 5 61 56 32 2 7 1 
1 0 11 59 44 0 4 8 
7 1 1 38 23 2 4 6 
7 2 22 41 43 4 3 7 
9 5 32 59 82 7 1 3 
4 0 54 35 37 5 6 4 
3 2 25 34 52 9 0 6 
1 7 29 90 51 1 2 1 
0 2 53 91 71 6 9 1 
0 7 34 42 35 9 4 6 
3 4 38 53 60 9 7 4 
7 1 46 60 49 3 5 7 
1 3 21 9 58 9 8 1 
6 4 53 51 55 1 7 6 
2 5 45 52 40 5 9 1 
1 1 2 46 71 5 1 0 
6 2 27 28 19 6 1 5 
9 3 42 61 52 6 7 5 
6 1 38 50 58 4 5 5 
2 1 24 21 55 0 6 3 
1 4 65 25 70 6 4 4 
1 7 0 79 36 4 3 2 
4 8 22 32 71 8 8 5 
6 6 0 50 28 4 2 2 
4 1 20 22 86 0 2 8 
5 5 17 38 44 0 4 5 
5 7 61 35 44 7 0 8 
5 7 20 42 100 1 9 6 
2 4 33 57 32 4 0 3 
3 4 59 26 62 2 1 8 
9 8 33 76 66 2 8 0 
3 2 50 32 61 9 7 4 
3 6 17 28 26 7 4 4 
0 1 0 61 35 4 8 6 
5 5 40 23 57 5 4 8 
0 1 17 37 64 9 0 6 
7 4 36 39 69 3 6 7 
1 5 54 66 38 1 0 7 
7 6 29 58 77 7 1 3 
9 7 41 52 32 1 2 0 
8 5 30 44 58 6 6 4 
6 6 32 18 42 8 6 8 
5 6 32 36 57 6 1 0 
4 4 0 61 73 0 9 6 
8 4 54 67 78 0 8 8 
3 7 25 81 51 6 1 3 
8 9 54 30 10 0 5 5 
9 7 48 53 52 1 0 5 
4 2 31 50 85 9 4 2 
6 8 36 44 42 7 8 1 
8 9 74 29 22 5 1 0 
4 3 36 54 38 7 7 5 
8 2 33 32 83 2 5 4 
5 3 48 62 42 2 3 8 
4 0 37 31 61 2 6 7 
5 3 0 52 38 3 6 5 
2 1 71 71 74 5 9 4 
6 4 49 60 68 3 4 0 
1 1 58 88 20 8 3 7 
6 4 0 42 48 0 9 8 
3 7 53 58 9 9 6 2 
6 8 10 76 55 5 1 4 
1 3 6 77 71 2 2 2 
8 1 28 65 27 4 7 9 
0 6 0 52 35 0 8 0 
5 6 63 24 46 6 4 7 
0 3 57 2 46 5 1 7 
8 8 37 34 33 3 3 4 
1 2 30 60 29 7 2 7 
4 5 62 49 56 3 0 6 
7 7 34 47 59 5 0 2 
0 5 26 80 42 7 6 3 
6 9 21 67 54 6 7 3 
2 5 3 33 58 9 1 9 
0 8 33 48 65 2 0 4 
3 5 42 60 38 3 3 6 
4 6 54 69 65 0 7 1 
7 1 53 54 85 4 2 5 
9 3 60 49 87 9 4 1 
7 3 76 56 20 8 0 7 
9 0 49 43 58 0 6 3 
5 4 38 23 48 7 7 1 
9 1 10 82 24 7 0 0 
5 8 28 90 91 9 1 6 
1 4 21 48 23 1 2 4 
1 7 47 28 11 5 2 1 
3 0 0 55 63 6 2 5 
4 0 35 85 45 5 2 2 
8 1 45 81 50 7 0 3 
1 3 43 50 19 1 8 8 
8 4 40 95 27 1 4 2 
5 3 6 89 54 4 3 6 
7 8 0 42 81 2 0 9 
8 3 57 72 48 6 9 3 
5 1 25 49 35 8 4 3 
7 5 0 82 1 4 8 5 
4 2 33 34 64 6 6 3 
5 4 68 62 108 8 9 8 
6 2 16 50 18 6 4 0 
7 0 34 65 58 2 2 1 
9 5 38 66 43 1 5 9 
7 5 65 73 58 4 5 8 
8 6 0 80 29 1 8 6 
9 3 34 44 78 4 5 7 
5 5 32 29 34 0 8 9 
3 2 46 43 66 6 7 7 
4 3 43 42 48 3 6 4 
1 7 12 54 45 6 2 6 
9 0 24 38 51 4 7 7 
5 9 22 83 26 4 0 3 
5 2 16 71 46 1 4 8 
1 3 39 18 60 1 3 2 
2 2 27 28 42 7 3 2 
0 4 20 27 36 1 3 8 
7 0 20 71 24 5 9 2 
3 3 26 41 79 3 4 5 
0 2 7 56 47 8 7 9 
3 8 0 22 71 1 4 7 
9 2 47 28 29 0 8 3 
4 1 12 57 68 7 0 8 
3 7 26 88 65 5 9 2 
9 6 32 77 78 2 7 2 
5 6 61 63 65 4 4 2 
4 0 32 79 75 2 6 7 
0 7 20 43 32 3 2 8 
1 4 47 62 19 1 1 2 
3 0 33 47 39 6 7 0 
9 7 54 43 35 8 8 2 
8 3 61 73 33 4 1 6 
2 1 43 67 55 6 8 2 
6 7 25 60 53 6 8 9 
2 8 59 83 14 5 9 3 
6 2 42 54 58 5 0 9 
8 1 53 68 22 6 0 5 
0 6 48 48 10 6 7 5 
7 3 41 51 62 1 9 1 
0 6 38 66 63 9 3 4 
8 1 36 13 88 1 1 0 
2 7 34 42 48 9 8 5 
1 0 47 69 39 5 2 7 
7 6 41 21 22 0 3 4 
0 3 74 55 40 7 4 2 
9 4 26 74 24 5 6 6 
8 8 0 40 10 2 4 6 
0 8 63 75 83 6 0 0 
3 5 15 16 37 2 6 9 
8 9 40 45 47 6 4 8 
8 6 20 54 21 7 9 9 
6 8 65 43 59 2 5 7 
9 5 28 44 41 8 7 6 
6 3 13 69 53 6 7 2 
2 2 34 8 13 1 0 6 
1 8 26 100 26 2 4 0 
9 9 23 52 27 5 1 7 
2 7 0 70 35 0 0 7 
6 0 37 27 47 4 1 2 
8 8 0 9 71 6 8 5 
1 1 26 65 67 4 8 0 
1 1 20 43 21 2 8 2 
9 4 51 39 87 2 7 2 
2 3 3 93 63 4 9 7 
2 4 21 37 30 1 8 3 
6 5 47 66 21 1 1 4 
9 2 13 35 30 3 7 9 
7 3 23 64 70 5 4 9 
5 5 55 29 37 7 3 6 
8 3 22 51 16 9 8 8 
9 3 39 54 1 4 7 9 
2 0 15 34 71 3 6 7 
2 9 15 32 39 4 5 1 
5 9 5 94 47 0 5 4 
3 4 39 73 76 7 9 0 
7 7 8 40 55 8 9 4 
5 7 25 29 24 1 7 8 
6 5 6 71 25 1 1 8 
4 8 42 55 45 4 3 3 
4 5 43 63 70 2 1 9 
1 4 43 35 39 0 4 3 
0 6 34 55 45 8 0 8 
8 0 51 51 48 3 1 9 
4 9 29 61 61 8 0 2 
9 9 10 44 46 2 9 9 
0 1 35 53 90 1 4 0 
1 2 30 84 30 6 8 4 
4 6 59 3 48 9 9 1 
1 9 63 31 38 9 5 9 
3 4 42 79 36 9 1 6 
9 7 34 56 41 6 8 5 
6 0 29 65 20 8 4 9 
7 4 68 34 43 7 1 6 
2 7 28 30 9 8 2 0 
1 7 40 86 11 1 6 2 
4 9 36 32 64 9 1 4 
7 9 43 39 5 6 7 3 
2 7 0 39 55 5 4 4 
3 1 14 90 54 6 7 6 
3 3 28 60 6 8 0 0 
4 9 22 56 75 8 9 2 
0 3 22 43 28 6 7 5 
9 7 44 87 74 3 0 7 
8 7 59 56 29 3 1 2 
2 6 45 52 48 7 5 1 
2 4 48 77 20 1 9 3 
7 9 85 68 59 5 7 3 
5 3 53 50 35 8 8 9 
7 1 36 58 45 1 6 7 
0 5 20 29 43 8 6 4 
8 3 43 48 55 0 1 3 
0 7 18 75 61 6 9 2 
9 6 29 45 35 0 0 2 
1 6 0 62 53 1 7 6 
0 1 50 44 5 3 5 8 
1 0 24 34 40 3 5 6 
9 6 56 58 48 8 7 0 
6 6 44 25 77 4 2 5 
2 5 13 71 19 6 9 7 
5 9 21 47 18 9 3 5 
2 9 41 65 43 1 6 7 
7 9 48 30 45 9 7 3 
9 4 38 52 50 9 3 5 
2 7 32 84 54 8 6 4 
3 9 36 0 36 6 2 4 
0 9 37 37 27 2 5 2 
8 1 34 55 62 6 5 6 
5 8 25 68 34 8 3 8 
7 0 60 65 66 3 2 0 
6 0 26 47 49 1 3 1 
5 9 2 20 57 9 9 0 
5 5 37 25 0 7 4 7 
1 0 34 39 96 9 4 1 
7 0 48 57 56 8 9 3 
8 5 0 23 55 1 6 9 
1 8 72 22 54 9 5 1 
4 6 29 72 15 2 1 3 
8 8 45 49 67 7 9 1 
0 4 64 66 65 8 3 7 
7 1 46 73 68 3 5 2 
7 4 2 28 61 3 5 5 
2 4 19 56 30 9 0 7 
5 5 42 63 30 3 2 6 
8 6 97 42 27 3 9 3 
1 1 50 57 38 5 6 9 
3 1 37 4 59 7 3 1 
9 8 0 58 51 8 4 8 
6 9 36 27 8 7 1 2 
1 2 36 52 27 3 8 8 
9 2 0 37 50 0 2 6 
2 3 10 55 58 8 9 4 
8 1 39 21 68 7 5 8 
6 3 23 65 54 8 9 9 
8 8 38 55 45 2 8 5 
8 7 56 70 98 0 3 5 
8 4 0 65 42 3 1 2 
2 1 60 65 38 6 4 5 
6 8 18 41 22 1 9 1 
8 0 34 25 50 8 0 4 
2 3 28 55 53 6 6 2 
2 2 4 35 75 3 5 4 
8 8 30 42 27 3 8 1 
4 7 47 81 87 1 2 5 
9 9 66 63 57 4 0 7 
9 9 24 34 73 2 3 0 
7 4 35 37 38 0 8 8 
5 7 3 70 52 3 2 6 
1 5 44 45 90 7 0 6 
4 1 63 73 49 9 3 6 
4 7 21 60 39 0 4 0 
6 2 48 41 78 1 1 9 
3 9 34 45 37 1 4 7 
6 7 33 63 57 6 9 1 
3 9 38 67 41 4 4 5 
9 1 19 38 45 2 8 5 
8 0 21 39 30 0 3 0 
1 6 44 83 79 0 1 9 
1 6 0 40 48 5 5 9 
6 0 38 99 39 1 3 1 
0 7 18 74 49 1 2 3 
5 2 60 51 36 8 1 8 
2 3 56 0 59 9 8 2 
2 9 12 56 28 9 2 2 
8 3 55 53 38 8 9 9 
4 6 28 8 55 6 1 7 
1 3 54 47 72 9 5 2 
6 6 37 72 46 2 8 5 
6 7 26 46 52 2 0 6 
4 6 38 57 34 4 5 8 
4 5 55 27 29 2 9 3 
1 0 36 65 22 3 7 4 
7 3 41 61 53 7 3 6 
7 8 28 55 49 5 1 0 
7 7 5 65 75 3 0 1 
4 1 0 49 71 8 5 6 
3 5 28 67 54 1 8 3 
8 1 0 46 25 1 3 8 
4 1 25 64 19 2 0 9 
5 8 44 32 49 5 3 2 
7 8 53 56 39 5 9 4 
4 8 32 70 59 1 9 1 
8 3 55 39 37 0 8 9 
9 0 57 52 35 3 5 9 
3 0 8 65 27 4 2 3 
5 5 18 43 76 0 7 3 
5 1 40 29 37 7 4 1 
5 4 5 30 60 5 6 4 
6 2 0 55 68 5 3 9 
8 3 29 59 49 5 9 5 
9 9 58 41 20 5 0 1 
4 6 34 76 84 6 5 4 
2 3 20 92 68 9 8 4 
5 0 31 30 51 4 9 1 
6 8 46 89 54 6 5 6 
3 5 26 68 78 7 4 0 
8 7 35 74 29 3 6 3 
5 7 51 73 56 2 5 6 
3 6 48 60 47 9 8 4 
5 8 55 22 64 0 3 1 
9 7 8 60 68 9 8 6 
4 9 1 21 45 5 6 4 
8 1 43 48 72 0 6 3 
5 0 42 57 51 9 8 3 
7 7 11 89 39 9 9 5 
4 6 37 77 51 9 1 9 
6 1 60 35 53 4 9 5 
5 8 35 63 48 2 7 9 
8 4 40 82 55 0 2 3 
0 3 17 48 58 5 6 1 
1 6 61 56 56 5 4 7 
3 6 82 47 73 5 4 4 
9 3 36 69 19 4 6 0 
0 7 21 36 85 4 4 2 
8 9 26 67 30 7 8 2 
4 9 6 33 63 0 1 1 
5 5 22 38 68 0 8 8 
5 4 51 36 33 5 6 8 
1 8 39 35 58 6 7 1 
0 3 46 44 38 1 3 9 
8 8 46 64 50 8 9 6 
5 5 16 52 48 0 6 0 
2 8 84 68 80 8 1 3 
8 5 0 24 20 5 3 0 
9 6 8 21 37 8 4 7 
1 8 54 66 29 3 5 0 
0 3 0 51 82 1 3 4 
7 9 20 52 43 0 8 7 
4 3 20 89 57 3 4 7 
0 2 61 69 83 7 9 4 
3 4 9 66 42 5 3 5 
2 8 33 8 8 6 1 6 
3 7 49 35 61 4 5 8 
7 1 14 50 57 1 1 6 
0 1 32 73 80 3 9 2 
7 1 55 65 36 9 4 3 
9 2 20 71 36 8 1 5 
8 7 53 40 69 7 5 2 
1 6 37 25 40 1 4 1 
3 4 29 42 64 8 2 4 
0 3 20 55 53 2 8 2 
0 9 13 30 25 4 2 0 
0 7 26 48 32 5 9 1 
3 9 23 20 51 4 4 6 
4 5 45 31 56 3 1 8 
1 6 19 46 47 2 5 6 
9 8 53 75 28 5 0 3 
6 3 54 73 9 5 6 8 
1 1 47 49 72 5 2 5 
7 0 39 70 79 8 8 5 
5 4 48 19 79 2 4 2 
6 3 44 38 37 3 8 4 
6 0 44 23 56 5 4 5 
7 2 50 28 28 9 0 2 
1 9 23 25 47 2 6 0 
6 9 50 76 60 3 5 0 
9 4 53 18 35 0 6 8 
7 4 19 45 42 8 1 2 
9 6 47 52 86 0 7 9 
2 5 12 78 50 5 4 1 
7 0 20 56 37 0 4 4 
9 0 44 59 79 9 3 6 
9 2 44 47 33 5 8 2 
8 5 56 59 33 5 0 0 
4 4 48 62 52 9 1 3 
4 4 21 91 71 4 3 6 
8 7 7 29 63 8 9 8 
1 7 24 58 53 7 6 0 
3 8 64 75 50 6 4 3 
4 4 29 54 48 2 1 8 
9 9 21 47 78 2 9 8 
1 4 23 15 4 5 6 7 
1 0 57 48 67 9 7 8 
3 3 34 14 71 7 7 6 
5 2 67 25 87 6 4 8 
5 0 21 50 108 9 3 4 
4 8 71 18 41 7 6 7 
7 9 35 47 46 8 0 9 
9 4 33 37 69 7 2 2 
6 4 40 18 47 8 4 5 
0 2 45 50 51 3 5 3 
9 2 10 90 94 7 9 4 
5 1 26 64 54 1 5 5 
4 7 53 58 47 1 1 2 
9 5 24 16 29 1 8 9 
3 9 31 60 37 0 3 2 
6 1 39 58 24 4 1 9 
8 9 0 47 67 3 9 1 
4 6 32 80 39 0 1 0 
5 8 0 94 22 1 2 6 
0 9 34 56 31 8 9 3 
5 2 28 57 66 4 1 2 
8 2 41 27 44 1 9 9 
5 5 78 72 79 6 9 8 
4 1 41 67 42 8 9 4 
4 0 10 51 41 5 0 1 
6 0 55 40 48 3 4 9 
1 0 16 16 44 0 4 7 
4 6 13 21 31 7 7 3 
0 2 25 25 62 5 5 1 
3 1 16 44 50 6 1 8 
7 9 39 54 33 3 0 7 
0 1 55 29 41 9 7 6 
0 9 36 52 31 0 0 1 
1 3 30 48 72 6 6 7 
8 7 67 12 64 0 0 2 
8 8 28 0 33 1 1 7 
0 5 30 27 1 7 8 6 
5 4 36 66 104 1 7 1 
6 9 19 45 24 8 1 3 
8 8 32 16 60 8 3 6 
1 3 11 59 27 2 9 6 
1 5 52 37 43 3 9 2 
5 1 0 54 63 4 9 1 
5 3 33 70 19 4 9 6 
4 7 53 60 59 3 9 4 
7 6 46 56 58 6 3 7 
0 9 20 29 72 0 2 3 
9 0 53 118 11 1 6 2 
7 5 0 56 36 2 2 6 
1 2 46 28 40 6 1 1 
9 9 60 46 16 4 6 8 
1 8 24 78 54 2 4 1 
4 3 19 47 52 4 1 4 
9 9 30 46 26 9 6 2 
0 7 2 27 52 2 0 3 
3 0 44 85 43 5 7 3 
9 4 36 25 38 6 8 2 
6 1 68 81 56 3 8 3 
6 3 27 46 82 9 0 8 
7 4 40 73 44 0 7 2 
5 4 31 26 50 4 9 1 
0 6 35 6 47 9 9 0 
4 0 20 51 65 7 2 2 
3 3 58 47 89 1 0 0 
8 5 19 28 10 0 5 4 
3 4 41 44 55 1 6 4 
0 5 58 40 19 7 4 0 
9 3 51 37 39 9 2 2 
0 7 20 27 37 2 1 2 
7 6 53 48 35 9 7 3 
9 3 39 72 74 5 9 5 
0 3 34 35 45 4 9 1 
4 5 37 30 82 6 1 7 
0 3 13 50 73 3 3 7 
8 4 1 62 51 8 3 9 
1 9 0 41 32 6 6 5 
7 2 22 0 47 4 4 2 
3 5 21 49 66 5 5 3 
2 9 27 48 55 1 3 8 
0 4 47 57 96 3 2 4 
0 1 68 52 82 8 8 7 
8 9 54 48 0 2 4 5 
0 6 58 51 65 1 1 4 
9 2 54 21 32 3 1 2 
7 1 64 37 24 1 1 3 
6 1 57 38 42 4 7 2 
8 4 37 46 67 5 7 4 
5 2 24 14 49 0 1 3 
3 9 7 81 74 5 8 9 
1 0 44 71 54 5 1 0 
9 4 0 38 18 7 7 4 
8 6 3 66 73 8 7 0 
8 9 27 37 51 1 7 6 
5 9 51 72 33 9 7 6 
4 0 52 65 43 6 9 5 
1 2 44 70 44 9 0 8 
1 0 26 50 40 6 0 0 
2 2 41 78 45 8 1 6 
6 1 54 62 45 0 0 9 
8 9 22 48 62 1 6 3 
0 9 0 35 48 0 3 8 
0 0 10 49 38 8 5 8 
3 8 15 43 74 8 4 0 
0 2 35 64 9 4 8 4 
9 8 25 48 35 0 1 1 
1 8 31 77 44 4 6 9 
6 9 12 57 6 8 2 1 
7 6 24 0 94 2 0 1 
0 7 44 64 62 9 6 4 
3 3 33 25 77 7 8 2 
5 4 38 29 36 0 3 8 
1 9 15 21 30 2 5 7 
8 2 10 59 66 9 0 1 
5 1 44 39 33 8 5 2 
7 0 5 74 57 6 8 7 
0 6 49 84 57 7 8 2 
1 9 41 62 81 0 2 9 
9 2 13 23 40 5 2 0 
2 5 28 30 53 5 9 2 
5 3 68 31 35 8 8 9 
6 3 48 68 40 4 0 1 
1 6 23 60 81 0 1 0 
4 9 21 33 46 8 7 8 
5 1 33 51 53 9 1 4 
2 6 39 44 25 6 6 3 
5 1 56 55 69 5 7 1 
2 5 4 35 60 4 8 0 
7 4 48 54 10 8 2 8 
4 9 45 7 58 6 7 6 
5 6 51 53 66 3 5 5 
0 3 75 35 67 8 3 7 
2 8 36 61 58 9 3 1 
0 4 29 61 37 7 0 2 
3 5 55 27 67 3 3 0 
2 5 68 72 43 6 3 0 
1 0 36 68 32 4 5 7 
3 1 40 39 21 7 1 2 
1 8 31 53 56 9 6 2 
5 2 35 85 61 3 3 4 
0 2 45 45 56 3 4 7 
5 6 47 60 36 4 1 3 
5 8 21 104 20 6 5 5 
8 1 34 94 55 1 6 8 
8 4 29 31 50 0 5 8 
1 4 32 41 46 3 0 5 
5 9 35 41 108 5 0 3 
3 0 11 67 70 5 9 6 
4 2 11 66 72 1 8 7 
7 5 18 96 45 3 0 3 
4 4 66 59 60 4 6 5 
5 9 17 49 48 7 4 6 
3 8 7 0 69 2 3 2 
8 6 81 71 26 4 7 6 
7 3 12 33 34 9 9 3 
2 9 33 23 0 4 3 8 
6 0 45 27 71 4 9 8 
5 1 45 49 3 7 2 3 
0 6 63 15 48 3 8 2 
5 3 7 59 65 7 5 9 
3 5 41 53 29 5 9 7 
2 5 27 76 54 5 2 8 
6 4 33 50 23 6 7 7 
0 4 40 35 27 7 0 3 
4 4 17 60 71 1 8 6 
5 7 29 60 74 2 9 9 
9 2 0 28 82 0 0 9 
8 1 28 30 39 6 8 3 
7 8 44 44 46 5 0 5 
2 9 22 29 44 3 9 9 
0 2 50 30 37 8 5 4 
7 3 69 35 50 5 1 6 
0 5 40 41 28 9 7 1 
2 7 40 70 51 6 5 1 
7 6 23 51 40 7 1 2 
1 4 72 85 63 4 5 0 
3 7 6 55 14 0 8 9 
7 7 26 61 61 5 7 4 
7 3 0 32 67 4 6 6 
8 1 42 46 73 0 9 8 
2 6 38 19 47 4 5 6 
0 0 25 43 50 0 6 1 
3 9 9 49 31 8 7 0 
7 2 47 42 83 7 9 7 
7 1 57 72 43 2 9 9 
8 3 6 46 52 4 7 4 
5 8 8 52 76 8 4 0 
6 7 45 86 59 0 3 6 
4 3 24 37 28 3 4 2 
7 9 0 9 26 2 4 3 
1 9 8 20 25 9 3 2 
3 2 53 64 69 7 3 1 
0 9 15 25 39 2 4 8 
7 3 24 38 70 4 5 3 
5 8 1 72 45 9 6 4 
8 0 8 78 31 2 3 1 
2 3 15 47 5 6 6 1 
7 5 64 71 45 4 4 2 
5 9 11 69 42 4 7 4 
8 5 6 34 43 0 1 9 
4 9 88 72 31 8 4 8 
1 6 26 49 64 5 1 5 
1 9 43 31 41 7 7 6 
5 8 19 38 31 2 0 8 
4 2 22 18 68 6 2 7 
9 6 51 49 45 8 1 8 
4 2 35 44 58 9 0 9 
6 3 32 37 77 7 0 5 
4 3 0 3 55 0 8 9 
9 9 19 42 3 2 9 9 
2 6 62 37 46 5 3 8 
2 7 50 71 60 9 3 3 
0 3 22 34 82 4 5 4 
3 7 20 39 42 0 5 4 
2 7 20 61 92 1 2 5 
4 5 42 58 16 9 3 6 
7 5 33 29 22 6 9 7 
7 2 33 40 68 4 1 9 
6 3 37 47 63 2 9 5 
5 4 14 68 55 6 2 6 
1 7 16 84 31 8 1 8 
7 1 13 57 52 2 2 9 
7 1 40 76 52 1 6 5 
4 4 11 22 58 5 6 9 
1 7 61 49 63 0 0 4 
6 7 30 42 73 8 3 2 
1 4 21 59 52 2 9 0 
6 9 46 28 25 9 7 4 
2 9 40 66 17 7 3 5 
3 3 47 39 67 6 8 1 
0 6 40 72 46 7 8 5 
8 0 14 50 85 1 0 1 
7 2 31 49 77 9 9 4 
1 5 37 71 33 1 3 3 
6 9 49 49 12 9 1 0 
9 1 24 20 63 3 5 3 
5 7 37 54 34 4 0 7 
0 9 67 59 58 4 8 4 
2 8 49 88 32 0 4 2 
9 5 37 38 60 1 9 3 
3 2 15 72 48 1 0 9 
1 2 35 54 39 2 2 3 
4 5 34 99 57 5 7 7 
2 5 51 40 48 3 8 7 
6 9 64 54 52 2 4 9 
7 3 47 32 44 2 3 3 
1 5 33 76 42 1 4 1 
1 6 3 59 48 9 1 5 
0 2 6 31 68 2 0 5 
2 4 55 54 40 4 0 1 
5 7 32 111 39 9 5 4 
5 9 42 81 36 3 5 8 
9 3 61 45 46 9 6 9 
5 9 3 58 41 1 5 6 
7 8 54 38 58 1 0 2 
7 1 0 73 51 7 9 1 
6 6 38 76 38 6 4 5 
2 1 53 18 71 9 4 3 
9 9 21 40 76 7 2 2 
0 7 24 73 28 8 4 6 
0 8 13 57 50 8 7 5 
4 7 0 40 32 5 2 1 
5 5 70 38 44 4 0 9 
9 1 29 63 62 0 6 1 
7 9 27 63 46 4 6 9 
6 2 35 59 49 9 9 1 
0 3 0 48 25 2 7 5 
1 4 69 52 61 5 5 1 
9 4 0 71 14 2 6 8 
1 3 23 79 69 0 7 9 
9 7 28 46 43 3 7 0 
3 0 22 89 36 8 0 8 
1 6 48 51 82 6 4 8 
3 6 59 52 53 5 7 6 
6 8 10 7 52 2 5 3 
0 8 21 43 54 5 5 0 
1 9 14 57 10 6 5 2 
0 9 59 26 77 7 4 6 
9 0 17 38 43 8 4 6 
6 2 24 39 43 6 5 3 
5 2 39 46 48 4 3 5 
9 1 31 71 73 0 8 0 
1 6 33 68 48 0 9 2 
6 7 6 15 42 4 6 2 
9 5 13 51 72 3 1 3 
5 3 26 53 49 5 3 5 
6 7 14 68 88 6 0 5 
5 9 18 13 36 3 8 0 
9 3 21 35 44 8 2 8 
8 3 29 43 61 9 8 3 
0 8 57 49 5 6 7 2 
2 8 28 49 71 5 3 7 
3 3 36 31 11 1 7 9 
2 2 18 40 58 0 2 3 
6 1 53 77 48 7 8 8 
0 3 15 34 48 8 5 2 
8 7 56 62 54 8 9 7 
4 5 22 75 44 7 2 7 
7 6 47 82 29 7 1 4 
4 2 54 40 37 5 1 8 
1 7 49 47 60 7 7 2 
4 7 31 66 48 2 9 9 
1 9 65 18 44 6 9 7 
5 5 23 52 47 9 2 5 
3 2 63 53 39 5 2 2 
4 6 31 20 53 1 8 2 
0 0 43 68 80 5 8 3 
0 3 0 47 10 0 9 6 
5 3 38 0 53 8 9 1 
1 3 48 33 58 5 9 2 
7 8 43 24 59 4 3 8 
1 6 15 79 59 4 7 2 
6 6 40 58 35 1 3 9 
4 9 50 76 1 3 0 3 
4 9 61 66 55 7 4 9 
7 8 39 51 34 7 3 6 
7 8 49 72 57 9 4 0 
7 9 11 62 49 5 6 3 
0 3 22 71 31 3 2 4 
4 1 52 51 64 4 9 6 
4 1 28 38 45 0 8 5 
8 1 53 89 42 6 3 8 
5 4 8 59 56 6 8 1 
0 1 52 81 43 4 5 1 
7 9 30 73 41 9 9 9 
4 7 2 69 1 7 9 3 
5 3 31 71 49 6 7 3 
6 3 32 42 72 2 5 3 
8 3 10 84 32 5 5 7 
9 7 21 69 45 8 1 5 
6 9 10 57 42 0 6 6 
1 6 32 39 58 5 2 8 
1 2 72 33 83 5 6 0 
1 6 51 51 70 3 4 0 
0 2 34 65 14 3 8 1 
9 6 5 46 0 8 4 8 
1 0 14 15 70 1 0 9 
5 1 48 78 69 7 6 4 
5 2 4 58 80 9 9 7 
1 5 6 74 37 9 1 7 
0 9 3 56 41 5 3 5 
2 1 35 81 40 4 0 2 
5 4 23 100 54 4 0 3 
2 5 34 57 80 4 1 2 
3 2 19 29 42 0 2 3 
6 3 19 30 62 5 3 7 
2 7 0 48 35 9 3 6 
5 9 1 45 46 8 6 4 
8 2 42 66 31 8 0 4 
9 7 44 26 64 7 8 6 
9 0 16 51 39 5 1 6 
6 3 22 86 18 1 6 8 
2 1 44 44 53 6 8 7 
5 2 80 38 84 0 5 3 
2 5 40 69 7 9 4 2 
0 4 35 40 39 3 2 3 
8 3 32 58 38 6 4 6 
6 6 17 91 54 1 7 8 
5 2 29 29 54 9 7 1 
2 0 0 36 61 9 3 3 
1 7 30 45 27 9 3 0 
6 4 14 51 84 2 5 0 
8 3 25 45 50 8 6 1 
0 8 23 67 75 5 6 0 
2 3 42 72 24 7 7 7 
5 6 50 48 48 3 7 8 
9 6 50 34 77 3 0 4 
9 5 0 28 42 2 1 7 
4 3 51 36 98 1 2 1 
8 4 28 24 18 6 6 2 
3 4 29 29 57 5 4 4 
3 9 8 73 63 2 5 2 
2 2 62 83 46 3 9 9 
5 5 0 24 77 4 3 2 
6 5 15 26 68 9 4 1 
4 0 36 39 26 3 8 2 
4 4 16 52 48 3 8 7 
3 0 35 25 36 4 2 9 
0 2 8 44 64 2 6 6 
2 0 12 34 86 0 2 3 
8 2 49 65 49 5 8 3 
4 8 40 57 36 7 1 7 
2 4 6 38 42 6 6 7 
9 5 66 50 47 6 7 6 
3 5 30 47 82 3 0 1 
0 6 1 99 30 7 8 1 
0 2 25 68 46 7 4 6 
9 5 7 53 45 2 9 5 
2 9 20 29 28 6 8 8 
1 2 26 39 34 1 2 8 
4 3 47 47 48 0 8 5 
3 2 0 62 62 7 8 9 
2 1 23 46 64 8 7 2 
4 2 40 65 51 6 8 1 
6 7 54 73 86 8 3 6 
3 0 36 65 53 0 5 1 
4 1 49 82 43 2 5 2 
6 7 34 55 68 4 8 7 
8 6 9 28 84 3 4 8 
6 9 22 41 39 3 3 6 
3 1 38 13 34 0 0 4 
5 3 24 39 72 8 2 3 
9 6 33 37 64 7 1 4 
2 4 3 21 67 2 8 7 
4 1 22 103 61 9 3 0 
1 3 40 50 76 5 1 9 
2 5 54 52 50 2 6 0 
2 8 28 64 22 6 1 3 
0 6 10 31 20 5 1 7 
8 9 18 84 44 6 7 7 
8 5 37 77 38 0 4 9 
7 7 4 59 49 3 9 1 
6 2 55 47 38 9 7 7 
3 8 39 48 63 9 9 3 
4 0 0 16 46 0 7 5 
5 1 11 43 50 8 6 8 
7 1 38 66 49 0 1 3 
6 6 40 25 36 7 3 2 
6 3 25 43 44 4 5 2 
4 2 72 26 89 2 7 8 
3 9 32 25 51 4 6 6 
3 9 40 80 53 4 0 5 
8 1 27 34 86 8 9 8 
5 5 35 37 29 4 3 9 
3 0 24 26 70 5 1 2 
5 3 16 50 64 6 4 1 
1 3 21 28 51 3 1 8 
1 3 25 71 31 3 5 2 
0 8 26 53 57 7 2 4 
1 2 4 46 23 3 1 1 
4 0 33 65 29 1 1 7 
6 2 7 63 58 2 9 9 
4 8 26 27 41 9 6 3 
2 2 43 69 53 5 3 1 
0 3 32 31 41 1 6 6 
7 9 14 104 81 1 6 6 
4 0 74 32 45 6 7 3 
7 8 0 17 71 0 0 5 
9 6 13 36 54 8 2 8 
7 3 2 64 56 2 1 4 
7 4 54 55 0 6 1 0 
1 9 0 94 75 2 8 5 
0 3 32 66 68 2 4 8 
0 2 44 7 35 7 8 7 
3 7 36 61 37 2 1 6 
6 9 24 20 59 8 7 1 
4 3 21 59 65 4 5 5 
5 5 22 46 74 4 9 6 
8 4 53 82 55 7 1 8 
5 5 24 40 62 7 6 0 
4 3 67 53 67 5 3 3 
8 8 17 41 96 6 7 5 
1 8 48 67 21 7 8 7 
7 1 41 61 55 4 8 7 
5 7 9 71 13 3 3 6 
3 6 49 33 56 3 1 3 
0 8 26 48 9 8 0 6 
2 2 22 34 19 0 9 0 
2 6 11 27 53 6 0 3 
7 4 31 38 92 8 2 7 
9 6 61 77 41 0 3 7 
7 1 34 0 63 4 6 3 
5 7 41 47 37 8 5 7 
5 7 39 47 35 3 4 3 
3 8 37 33 27 2 5 5 
4 1 25 41 62 9 7 9 
9 3 27 90 34 2 0 9 
3 7 19 70 95 7 4 3 
1 5 59 40 17 1 8 5 
1 8 59 43 102 0 4 4 
0 1 6 75 34 6 6 8 
3 3 0 51 62 2 7 6 
0 6 0 55 21 9 5 1 
9 2 48 47 80 2 3 7 
5 9 30 55 0 0 9 0 
4 4 7 51 64 1 9 3 
0 7 48 66 54 9 7 7 
0 6 0 22 65 9 5 5 
7 7 6 78 36 6 8 2 
2 4 17 43 27 8 9 0 
0 6 40 45 44 8 9 2 
2 0 32 53 34 6 5 8 
3 2 41 45 27 0 1 5 
4 1 31 67 56 9 7 5 
1 7 33 95 25 4 9 3 
0 1 33 20 40 8 7 5 
5 8 23 36 66 3 7 3 
3 7 0 61 45 1 3 8 
6 9 40 54 33 9 8 8 
4 5 3 57 33 3 2 0 
5 3 37 72 57 7 0 2 
4 1 28 68 52 8 2 0 
0 7 35 31 56 6 4 4 
1 9 46 12 54 3 8 4 
0 9 12 31 53 2 9 1 
2 1 17 25 53 7 4 1 
4 7 33 18 17 2 6 3 
3 1 6 47 46 7 2 3 
3 8 36 40 44 7 8 1 
9 8 58 70 12 1 5 4 
7 7 18 41 28 9 6 3 
2 0 39 71 41 5 1 4 
8 2 38 26 86 4 8 0 
3 5 21 81 39 1 6 7 
5 7 40 29 39 5 9 6 
4 1 12 66 31 0 5 7 
1 7 31 50 36 4 1 7 
6 6 1 69 36 9 4 4 
9 4 0 59 36 5 6 3 
6 3 0 56 13 2 2 3 
6 4 27 56 30 1 5 5 
7 1 24 12 41 3 4 2 
7 5 21 48 30 6 5 1 
5 2 40 38 35 0 4 5 
6 0 13 46 40 1 6 0 
8 7 62 58 37 1 6 8 
7 0 40 83 30 6 1 6 
8 4 47 56 42 3 6 8 
7 8 30 54 50 1 2 6 
2 3 39 33 80 9 6 2 
4 1 14 32 49 6 2 1 
6 7 47 42 49 5 4 0 
4 9 38 72 58 5 4 4 
8 8 26 62 76 2 3 2 
1 2 28 67 69 6 7 7 
6 0 37 64 53 2 7 8 
4 8 2 57 66 8 2 5 
4 8 30 28 72 3 8 8 
8 8 31 72 32 2 8 2 
1 5 15 67 49 5 6 4 
8 0 34 38 24 9 1 8 
9 0 17 46 49 9 2 8 
5 8 10 52 40 4 9 4 
6 1 0 77 52 0 3 3 
0 1 18 50 42 7 1 1 
6 7 6 63 18 7 5 7 
2 8 32 49 35 4 0 9 
9 8 0 64 44 2 1 0 
2 7 54 63 44 7 3 7 
7 8 47 58 52 8 4 6 
2 1 0 48 53 5 2 0 
8 6 60 87 57 7 5 3 
3 4 37 24 36 8 1 4 
8 7 31 49 21 0 3 2 
0 9 54 61 58 2 2 9 
9 1 31 78 61 0 0 3 
4 6 35 61 12 1 4 1 
9 8 34 97 53 5 4 8 
3 2 20 58 48 5 5 8 
5 1 33 10 45 6 8 7 
0 6 23 87 41 7 2 3 
7 4 18 61 36 8 6 1 
8 4 38 61 12 6 7 8 
6 1 0 95 84 1 9 6 
6 3 26 31 68 1 6 3 
3 8 10 19 67 3 5 9 
0 0 0 36 61 0 5 5 
1 9 33 75 47 0 3 3 
6 2 0 60 61 7 3 7 
4 1 49 53 61 8 4 7 
1 8 23 59 42 4 1 3 
7 7 30 65 67 2 1 9 
0 9 36 78 58 4 5 3 
5 3 36 44 0 0 9 1 
0 8 18 66 63 9 2 2 
6 2 15 63 76 5 5 0 
0 7 52 54 54 9 3 8 
6 9 39 51 44 5 5 4 
5 9 0 21 89 9 3 3 
9 4 51 48 88 5 2 2 
4 5 45 55 70 1 6 3 
4 3 35 60 81 2 2 7 
4 9 0 49 54 5 5 6 
4 8 6 32 56 6 7 3 
9 1 11 47 44 6 1 6 
4 3 46 39 49 6 1 8 
6 9 3 65 34 3 3 3 
8 8 0 70 38 5 3 0 
3 5 16 26 31 1 9 0 
2 1 52 51 57 1 7 5 
4 7 37 73 69 5 9 9 
2 9 25 33 45 4 5 3 
6 2 67 59 16 7 9 5 
7 9 20 79 71 0 7 3 
2 8 0 24 37 7 1 6 
6 7 8 100 28 2 1 4 
7 4 40 26 68 4 3 2 
5 8 70 50 50 0 4 9 
7 7 12 20 9 8 3 9 
6 9 3 48 41 2 2 3 
0 3 43 35 36 3 7 4 
5 0 27 48 70 8 0 4 
7 1 42 84 71 1 7 8 
9 4 59 46 97 4 8 4 
6 4 41 64 45 4 6 9 
9 5 25 14 16 8 6 3 
8 5 41 44 76 5 6 5 
9 5 37 33 40 4 5 9 
2 8 5 58 77 8 4 7 
6 6 21 80 36 3 5 9 
6 0 30 58 56 6 7 7 
3 4 30 47 75 3 0 6 
7 5 12 61 59 7 0 9 
9 9 40 42 55 8 7 2 
3 2 29 39 33 6 5 3 
0 3 23 66 32 9 5 6 
0 3 38 54 34 0 3 5 
0 6 32 52 27 3 1 3 
1 4 35 66 43 5 8 5 
2 3 0 39 55 8 0 2 
8 6 60 33 51 8 7 8 
2 7 48 54 64 6 0 6 
5 5 56 58 69 3 2 8 
8 1 28 47 58 2 7 5 
9 2 28 58 22 9 5 3 
2 9 8 46 66 6 4 4 
3 4 45 31 56 9 0 9 
3 4 23 38 86 9 7 8 
1 1 43 58 65 6 6 0 
0 4 0 49 38 7 2 2 
8 6 0 66 48 6 3 3 
3 9 0 52 74 8 7 7 
9 7 20 75 34 0 8 5 
6 6 13 12 56 1 7 1 
7 0 42 64 50 3 8 2 
4 2 16 60 51 9 8 0 
0 1 23 21 22 5 1 1 
4 6 47 23 73 2 7 5 
8 8 0 50 51 6 3 1 
8 7 41 37 59 1 0 8 
1 1 25 25 49 5 6 8 
0 2 36 61 41 4 0 0 
1 2 0 41 67 3 5 3 
4 1 0 36 54 9 4 6 
3 8 19 77 49 8 1 1 
5 6 2 69 79 1 4 6 
0 0 20 44 82 2 8 9 
3 9 0 59 48 6 3 8 
0 5 33 47 23 9 0 3 
4 1 37 75 90 0 1 5 
2 0 10 43 40 5 1 6 
6 3 5 95 45 9 5 3 
6 6 28 31 37 6 7 8 
9 0 62 89 61 6 7 2 
8 9 9 36 58 5 1 9 
5 7 25 61 6 9 4 3 
5 2 18 52 25 6 1 5 
6 5 24 72 60 3 7 7 
3 6 34 53 71 1 4 1 
3 3 0 19 60 2 2 8 
5 3 27 59 50 4 9 2 
2 5 22 66 35 5 7 7 
4 7 73 24 14 8 5 7 
3 3 40 46 46 1 5 2 
2 6 42 15 33 1 1 4 
5 5 27 62 60 6 8 7 
3 8 16 22 43 3 8 8 
1 2 42 46 33 1 2 9 
1 2 49 13 34 3 1 5 
0 8 7 30 23 8 1 7 
9 0 35 62 21 1 3 5 
4 9 42 35 46 7 5 9 
0 7 64 64 82 7 7 8 
9 5 0 41 68 5 5 1 
0 4 47 54 32 5 1 6 
5 6 40 52 54 8 9 8 
1 5 4 69 41 5 1 4 
5 7 27 62 43 0 3 9 
3 6 64 71 18 6 3 0 
7 0 42 66 59 7 8 1 
1 8 0 39 69 4 2 8 
1 9 10 29 58 2 6 8 
8 8 0 27 71 6 1 9 
3 7 21 47 37 6 0 7 
1 5 0 0 31 8 0 5 
7 0 14 33 64 0 9 6 
1 9 21 44 72 5 4 8 
8 7 56 70 35 6 4 2 
7 0 29 57 28 4 4 1 
1 8 48 36 26 3 6 1 
9 4 13 38 40 3 8 3 
5 8 44 23 56 9 1 8 
6 4 16 45 69 9 6 4 
8 7 38 64 38 6 2 9 
3 8 30 24 56 5 1 0 
5 3 45 69 26 7 3 3 
2 0 51 29 11 0 6 3 
6 5 53 36 36 7 0 9 
2 7 0 41 59 9 4 0 
0 2 38 34 72 8 4 8 
6 9 4 26 52 2 7 4 
3 0 55 51 38 5 4 2 
5 5 0 42 60 0 0 9 
7 1 0 38 2 0 6 0 
6 9 48 62 73 2 0 0 
3 9 25 54 19 0 9 1 
0 0 49 24 61 0 2 4 
5 4 36 18 36 3 9 4 
2 4 24 24 54 9 1 1 
5 6 11 22 39 1 9 8 
5 0 62 1 69 3 0 9 
3 5 43 58 67 2 8 9 
0 0 34 29 53 0 5 3 
1 6 4 14 56 2 2 9 
9 5 9 12 45 5 8 7 
8 9 37 56 21 6 1 9 
9 5 61 48 31 0 9 8 
4 1 25 0 29 7 8 0 
4 5 19 50 33 7 7 2 
7 9 58 56 42 1 1 4 
3 2 42 51 41 1 8 6 
8 8 33 54 34 3 3 0 
0 3 74 40 29 6 4 1 
1 5 33 15 73 9 8 0 
0 1 26 0 36 6 6 1 
0 5 23 76 61 5 8 3 
4 4 36 68 61 5 9 1 
5 4 3 43 66 6 6 0 
6 7 26 69 45 3 7 1 
5 7 80 61 50 1 9 1 
5 1 38 37 54 0 1 4 
1 2 51 59 62 2 2 2 
0 0 11 31 17 1 6 9 
5 4 43 56 72 8 2 5 
9 8 13 34 70 1 2 5 
1 7 32 0 46 9 2 8 
6 3 32 73 56 5 0 5 
3 3 35 100 28 1 4 2 
4 5 0 19 33 7 3 2 
3 4 32 50 11 5 7 4 
4 1 78 20 63 6 2 9 
9 6 31 90 70 7 5 9 
9 7 3 45 50 3 3 0 
3 3 4 75 52 5 0 0 
1 3 42 25 0 8 3 4 
6 8 47 22 50 5 9 1 
4 1 50 36 60 9 8 1 
4 2 23 68 0 6 4 6 
5 7 62 51 61 5 2 3 
1 1 30 67 47 2 2 1 
0 3 32 89 46 5 3 1 
1 9 39 77 55 4 4 2 
2 1 30 58 40 5 3 2 
6 4 19 50 60 1 3 7 
1 6 1 48 94 1 1 8 
6 5 10 68 78 5 0 1 
1 6 25 22 12 0 4 1 
5 9 0 46 7 4 4 0 
5 6 0 65 46 8 8 4 
3 6 21 59 63 1 6 3 
3 2 18 50 45 3 1 7 
1 1 44 22 32 7 0 5 
9 5 18 16 105 1 6 1 
2 2 15 27 49 0 1 2 
5 8 47 34 94 4 3 4 
9 6 60 0 23 3 5 5 
0 3 31 73 42 5 9 1 
2 2 29 16 77 3 9 0 
4 7 45 58 56 9 2 5 
4 0 20 52 43 6 8 5 
0 1 28 43 63 3 2 3 
4 8 55 44 34 0 2 8 
5 1 52 59 42 2 0 8 
0 0 51 35 30 0 3 3 
1 6 28 43 33 5 5 7 
2 2 40 52 24 2 9 3 
1 0 32 23 25 1 4 7 
6 5 59 68 55 0 6 0 
5 2 18 84 47 2 7 2 
0 8 40 47 73 3 4 8 
9 4 0 24 13 9 6 7 
6 8 49 69 38 4 0 9 
9 7 20 30 11 7 6 1 
0 5 9 59 38 3 1 2 
3 5 37 54 40 4 2 4 
2 5 47 8 77 0 9 5 
9 0 46 28 34 9 3 3 
3 8 51 41 36 5 4 7 
4 4 26 65 56 0 1 6 
1 8 0 59 46 7 1 0 
3 5 35 67 72 3 0 1 
6 7 51 73 62 7 8 7 
2 2 38 51 72 5 2 4 
7 0 19 53 30 0 5 3 
4 9 3 60 41 4 4 2 
1 2 46 68 21 0 0 1 
5 8 14 43 71 0 4 8 
5 9 41 43 66 3 1 3 
8 8 30 65 51 8 6 3 
7 9 5 76 65 4 8 8 
4 0 39 51 43 5 8 9 
4 6 15 32 41 6 5 6 
9 7 0 50 43 6 3 9 
8 6 57 90 32 0 7 7 
9 4 17 56 38 6 7 5 
3 6 4 35 65 5 2 5 
9 0 22 37 13 5 9 9 
3 2 15 52 36 5 5 6 
7 3 22 38 89 2 5 7 
9 7 9 45 44 0 6 3 
7 2 21 67 66 3 7 8 
3 2 19 41 40 2 9 4 
6 7 33 45 89 2 4 8 
3 9 27 35 48 2 1 6 
6 4 45 59 19 7 0 9 
9 7 0 51 31 1 3 8 
9 5 45 88 56 9 4 8 
7 9 27 53 57 8 7 4 
0 7 58 31 40 5 3 1 
8 7 11 47 78 4 9 2 
6 4 25 42 25 2 5 8 
1 6 14 59 17 5 4 9 
3 4 59 44 57 3 4 0 
0 3 29 42 32 1 4 8 
6 4 37 43 21 7 9 3 
0 1 50 78 75 9 6 1 
1 5 5 55 62 1 7 7 
8 4 51 52 84 7 7 6 
3 5 20 72 90 6 8 7 
4 6 21 11 53 3 6 8 
7 3 37 39 53 3 1 0 
8 0 41 61 23 2 7 6 
6 5 13 41 45 5 2 7 
1 1 22 50 81 8 1 5 
8 6 1 83 79 4 9 1 
8 3 46 61 18 9 4 5 
5 1 24 65 39 4 5 2 
4 9 23 41 24 6 1 3 
4 9 56 77 25 7 9 4 
1 0 17 45 66 3 1 1 
7 4 14 63 21 2 4 4 
3 0 0 70 47 6 5 2 
3 1 50 70 83 8 1 9 
6 8 24 48 61 4 5 6 
7 3 29 27 52 7 4 1 
3 4 25 33 66 8 8 6 
9 1 37 44 10 0 0 3 
3 9 41 75 70 9 2 9 
6 8 41 32 82 1 5 9 
8 5 25 67 58 0 1 6 
1 3 0 61 45 7 1 9 
3 3 14 43 43 7 9 2 
9 9 39 26 57 0 7 2 
2 9 49 32 18 7 3 4 
9 4 6 92 31 7 6 9 
0 6 9 26 44 6 5 6 
9 4 32 57 65 2 4 0 
0 5 51 28 34 6 0 8 
7 4 42 34 56 6 0 1 
4 0 39 72 46 7 4 4 
6 1 22 53 54 9 1 3 
6 7 14 44 52 0 2 2 
2 2 29 10 69 1 7 1 
1 5 5 40 60 5 9 5 
9 5 60 57 37 9 0 1 
0 3 50 39 71 6 2 6 
3 6 39 0 9 8 3 6 
3 1 0 42 63 8 1 8 
6 2 33 47 36 6 1 8 
7 9 23 52 57 1 2 5 
8 3 1 62 55 9 2 7 
2 4 38 54 81 4 2 0 
2 8 17 71 45 0 3 8 
2 8 31 54 71 8 8 8 
5 3 0 25 63 6 6 2 
7 8 17 31 38 6 0 5 
8 8 48 61 63 6 8 3 
0 5 28 94 65 2 9 1 
3 3 0 96 71 3 6 4 
4 3 33 102 51 6 1 1 
2 8 31 43 28 4 6 1 
2 1 13 40 38 6 4 7 
8 5 18 54 48 2 1 1 
9 6 28 71 54 1 5 1 
3 3 1 58 27 3 0 9 
2 2 18 56 52 0 9 7 
3 0 22 37 71 6 8 5 
5 7 31 60 54 3 0 7 
7 3 35 47 84 4 3 2 
5 5 11 67 67 1 4 8 
4 0 0 41 60 0 4 5 
1 2 0 40 6 6 2 7 
2 8 0 42 38 1 1 4 
3 8 43 25 56 2 6 4 
2 3 25 26 24 0 3 8 
8 7 42 27 20 1 7 5 
9 4 72 51 35 7 5 6 
4 5 66 70 46 4 9 2 
0 5 44 74 42 6 0 3 
7 4 44 72 30 4 7 5 
6 3 12 59 47 1 8 2 
8 1 22 54 49 7 3 3 
1 4 18 69 31 4 2 6 
0 1 53 57 67 6 7 4 
3 8 35 23 41 5 2 0 
9 1 36 70 37 2 9 7 
0 4 59 33 20 7 4 2 
0 1 24 53 36 4 3 1 
4 6 24 60 43 5 1 7 
3 7 42 37 31 3 9 3 
7 4 0 67 39 1 6 0 
4 1 67 55 72 7 7 2 
6 8 11 62 15 7 4 5 
7 9 24 38 53 3 4 5 
8 7 73 42 38 8 6 5 
1 3 12 48 96 9 9 6 
3 8 27 52 37 9 9 7 
5 6 0 52 16 1 3 8 
3 3 64 48 46 7 4 7 
3 2 54 54 53 3 1 4 
5 1 34 68 79 9 4 6 
9 0 23 41 65 6 7 5 
4 8 11 68 85 8 1 6 
3 2 63 43 72 7 1 6 
7 0 3 30 62 5 5 3 
2 3 33 48 46 6 3 2 
9 9 0 68 49 0 3 3 
9 4 19 36 22 8 3 8 
0 2 34 57 43 0 3 8 
5 7 69 81 64 6 7 5 
7 2 14 53 42 2 6 5 
4 5 0 13 65 3 0 4 
6 6 50 43 75 6 9 1 
8 9 62 53 41 5 0 1 
2 8 11 36 35 4 6 6 
6 6 40 43 87 9 0 3 
4 0 71 23 32 1 9 3 
3 8 24 55 63 4 1 7 
5 0 12 17 24 4 6 3 
6 5 33 56 47 4 2 0 
5 7 31 69 53 6 7 1 
0 1 7 59 51 2 5 0 
4 8 33 43 30 8 6 9 
9 1 61 57 21 9 0 0 
8 1 70 35 35 2 8 2 
9 0 43 76 57 6 7 4 
8 2 26 70 36 0 3 3 
1 9 13 42 82 6 9 1 
6 7 57 63 40 4 9 0 
7 7 25 26 80 2 9 9 
0 7 39 34 65 1 6 5 
6 6 10 54 27 4 5 1 
0 9 37 56 71 2 1 6 
8 1 30 70 73 3 9 4 
4 5 17 60 52 9 5 8 
8 4 33 47 19 6 7 1 
4 8 16 54 54 4 0 6 
4 8 69 6 50 7 9 3 
0 9 30 30 56 3 7 7 
6 3 27 23 76 8 6 7 
1 5 33 87 33 9 8 7 
7 6 25 50 19 2 7 2 
7 1 14 68 62 0 8 0 
7 0 38 47 28 8 4 0 
5 7 44 22 99 2 4 8 
6 1 36 23 75 7 2 6 
2 1 60 66 26 9 3 1 
2 0 31 18 61 0 7 2 
0 9 21 53 57 9 7 5 
9 9 24 59 35 0 8 4 
2 5 28 38 31 3 3 5 
3 8 68 42 101 8 5 6 
8 4 55 71 64 8 6 3 
5 6 21 80 28 8 8 7 
7 5 27 44 48 6 7 3 
3 7 5 59 60 9 5 7 
0 7 6 17 44 2 2 2 
3 3 35 36 41 3 3 5 
7 2 5 29 17 6 5 1 
3 9 27 54 79 3 9 8 
3 9 48 57 33 7 0 7 
8 5 42 55 72 7 1 9 
9 4 42 45 43 8 8 3 
9 3 11 49 93 2 7 9 
8 6 68 36 65 5 9 5 
6 3 48 41 61 2 3 1 
1 5 47 43 56 3 8 9 
5 8 0 78 37 3 3 3 
0 6 31 69 75 5 5 5 
2 6 35 50 84 2 6 0 
9 1 0 43 21 9 5 0 
0 2 44 79 45 6 7 0 
3 7 28 52 61 6 3 1 
9 6 0 87 45 6 8 0 
3 1 60 34 56 8 5 0 
7 9 59 38 57 4 5 1 
8 6 26 31 38 9 0 7 
0 1 28 88 39 0 9 1 
0 6 63 49 45 6 1 7 
7 4 0 59 71 4 2 8 
1 3 28 76 29 8 2 6 
5 3 45 56 47 6 2 0 
7 9 13 38 52 6 3 5 
5 6 23 52 42 6 0 1 
2 2 5 49 91 5 7 3 
3 3 40 81 76 4 8 0 
3 7 50 60 26 3 3 8 
8 7 0 36 79 5 7 6 
2 3 11 30 13 4 1 7 
1 8 23 32 40 8 3 1 
9 8 30 35 29 2 2 2 
1 4 55 70 38 7 5 7 
8 4 40 52 59 2 4 8 
4 5 28 65 40 5 0 0 
7 8 33 59 47 1 6 5 
0 5 35 54 36 0 6 7 
8 7 6 66 53 5 3 6 
3 3 61 15 20 6 5 6 
7 3 40 15 86 6 4 1 
9 8 7 50 50 4 9 8 
6 5 41 31 26 4 6 3 
6 8 24 71 0 8 5 9 
7 7 29 38 33 7 1 4 
8 4 61 63 46 7 8 5 
6 3 19 60 51 6 6 3 
7 0 44 48 73 3 3 2 
6 2 7 47 39 7 2 6 
5 4 10 63 38 0 8 2 
9 2 28 49 66 9 2 6 
5 9 63 30 69 3 2 1 
4 6 24 81 65 8 8 5 
7 1 56 31 15 5 1 3 
0 4 52 43 54 1 7 4 
8 0 46 35 26 9 2 5 
9 0 20 56 96 8 3 0 
4 0 14 38 76 1 4 7 
8 5 54 52 52 8 1 5 
7 5 16 51 73 1 9 9 
4 0 51 55 16 5 8 7 
7 6 16 52 52 5 7 6 
9 0 9 47 40 9 8 6 
2 4 27 68 31 6 8 6 
2 3 27 38 60 9 2 2 
3 1 39 69 40 2 4 8 
4 1 27 89 73 7 8 8 
0 8 30 59 41 5 5 8 
6 8 26 72 39 5 7 0 
6 6 21 16 30 1 3 8 
2 9 19 63 35 5 9 2 
6 9 32 43 35 9 1 8 
5 6 36 62 57 1 0 1 
1 0 37 65 30 8 7 0 
4 9 52 82 28 8 5 2 
4 3 1 65 13 6 9 0 
2 7 0 35 77 0 3 9 
6 9 33 90 24 9 2 1 
2 2 29 64 38 9 9 3 
8 5 59 52 5 1 2 7 
0 1 25 94 0 3 3 4 
3 2 29 58 57 7 1 0 
7 7 71 26 51 2 0 7 
6 3 25 38 33 9 8 3 
9 0 24 94 26 0 3 7 
0 7 63 42 13 9 9 6 
8 7 20 69 30 7 7 9 
9 4 53 58 55 1 8 7 
2 7 15 78 57 0 7 6 
5 7 43 30 76 1 1 3 
7 4 45 70 21 9 1 1 
5 4 25 76 62 4 9 2 
8 1 0 73 64 3 4 9 
9 2 43 65 32 8 2 6 
0 7 36 60 68 3 8 6 
1 7 28 67 54 5 4 3 
0 7 57 66 48 5 7 0 
0 1 25 93 44 3 2 2 
7 6 33 53 73 8 6 0 
3 0 33 41 30 1 6 0 
3 1 0 26 42 2 5 6 
2 8 51 18 53 0 2 3 
9 6 8 74 84 6 9 9 
8 4 45 50 56 0 0 6 
9 6 12 79 55 6 2 7 
8 1 38 59 39 3 4 3 
4 4 0 56 26 8 5 6 
5 3 0 64 60 7 6 6 
5 8 23 24 16 6 2 7 
7 4 33 36 45 2 4 8 
2 8 7 14 60 4 4 9 
6 5 61 72 21 4 5 1 
5 4 0 52 54 5 6 7 
0 3 43 92 58 6 0 3 
8 2 44 22 52 6 8 8 
7 8 54 75 28 5 6 1 
6 0 44 27 45 4 2 4 
9 9 9 34 31 5 0 6 
4 8 10 81 72 1 3 0 
5 2 7 54 59 1 7 8 
2 8 31 15 47 3 7 0 
8 2 53 67 49 1 2 3 
9 3 51 34 14 1 2 2 
2 1 53 46 54 0 0 8 
1 8 16 69 42 5 3 0 
1 4 2 31 54 0 4 7 
4 9 17 70 49 4 8 5 
4 6 16 56 31 8 5 2 
5 9 19 55 73 5 3 2 
9 3 22 31 37 5 1 7 
6 3 11 53 53 8 4 8 
1 6 0 72 57 1 7 1 
3 7 0 53 42 4 8 0 
9 5 31 82 52 0 1 1 
5 1 12 21 90 7 0 2 
6 9 26 40 60 0 8 7 
5 8 41 67 57 7 3 8 
9 8 52 22 60 9 7 5 
5 4 10 99 88 8 0 6 
7 3 62 30 73 1 8 5 
9 9 33 72 51 8 9 4 
2 0 28 22 32 5 3 0 
9 8 22 59 56 1 5 3 
8 1 17 49 42 5 8 2 
8 5 18 89 62 5 4 5 
1 3 32 58 52 5 9 3 
4 6 17 56 23 7 2 1 
3 9 33 32 44 8 9 9 
4 0 39 60 63 6 0 3 
6 9 40 25 24 6 3 9 
9 0 0 9 48 1 3 8 
4 6 26 54 40 8 1 1 
3 3 29 51 5 0 1 1 
1 2 7 55 78 5 6 3 
9 1 15 45 49 9 6 6 
5 2 10 27 72 7 1 8 
8 2 18 66 59 2 2 6 
9 5 39 63 49 0 7 0 
0 8 47 49 47 6 6 6 
1 7 43 45 74 0 2 5 
3 0 17 44 44 5 2 4 
0 3 30 60 66 5 1 9 
1 8 66 49 40 2 7 5 
4 0 50 31 48 3 9 9 
7 4 34 44 46 7 2 6 
0 4 17 57 69 0 2 5 
2 7 38 69 67 6 1 1 
0 7 69 31 61 3 8 3 
0 8 52 32 66 0 1 8 
7 3 0 15 76 7 4 6 
9 3 3 41 58 8 2 1 
9 5 3 33 76 4 1 7 
2 4 42 64 25 7 8 9 
0 0 27 79 35 8 7 5 
1 9 0 60 33 0 1 4 
1 6 36 42 46 6 3 7 
6 2 0 67 72 2 4 0 
5 2 9 53 22 0 0 5 
6 6 41 47 88 5 5 0 
7 8 38 84 45 4 4 9 
5 7 35 11 78 3 3 3 
1 2 12 62 22 9 6 1 
1 9 36 39 29 3 0 1 
6 0 63 59 18 4 2 4 
8 9 25 95 72 8 0 0 
3 1 50 69 53 7 0 5 
8 5 0 46 29 8 6 4 
8 6 32 2 44 3 1 6 
0 5 5 80 52 6 1 8 
9 5 11 42 65 3 8 2 
6 9 4 70 0 0 6 6 
3 1 0 47 33 0 4 2 
6 3 24 26 29 7 9 3 
0 2 37 79 73 1 1 2 
5 0 40 18 18 5 7 9 
5 5 43 92 87 1 5 6 
3 7 54 76 79 1 7 3 
7 7 8 36 69 7 8 1 
8 2 54 74 41 8 8 7 
5 2 20 41 22 6 2 6 
3 8 14 43 26 5 5 2 
1 4 68 48 15 9 5 7 
7 3 67 37 19 4 0 6 
8 0 39 58 36 6 9 7 
9 3 33 52 44 3 5 7 
4 6 8 46 39 9 8 6 
4 8 8 60 34 2 9 5 
5 3 67 15 63 5 7 3 
9 2 62 42 63 6 3 6 
1 1 17 73 54 3 5 4 
3 9 20 31 55 2 8 5 
4 5 4 51 66 4 6 4 
7 8 48 70 45 7 6 6 
2 2 10 69 73 2 4 7 
4 9 54 39 80 6 8 0 
0 1 9 56 71 2 8 8 
1 2 36 48 75 9 0 0 
0 1 31 42 7 8 5 0 
3 4 14 42 49 4 4 1 
9 5 38 57 41 5 2 0 
3 2 29 27 32 4 9 5 
3 2 45 55 35 2 9 2 
3 6 35 46 36 9 7 7 
5 5 31 73 65 0 0 1 
7 7 24 39 77 9 6 5 
8 4 64 73 42 6 1 1 
4 8 29 63 50 0 2 5 
3 0 23 64 69 6 2 9 
1 5 55 51 14 2 6 1 
5 1 48 72 59 9 5 6 
9 2 43 33 40 1 0 2 
7 3 31 35 68 5 2 1 
2 9 46 50 26 9 4 5 
7 1 74 14 57 4 8 7 
9 6 45 54 16 8 1 3 
6 1 43 70 33 4 6 1 
9 9 24 39 39 5 3 6 
5 0 43 31 31 3 6 4 
1 1 8 50 33 0 5 1 
8 6 17 15 49 1 1 5 
2 8 54 84 77 0 0 9 
7 0 28 51 103 6 7 9 
6 7 18 26 0 8 0 3 
3 2 54 57 32 3 3 6 
5 9 0 43 43 6 1 0 
7 4 26 40 45 4 5 7 
0 6 10 59 30 3 5 6 
5 9 65 84 12 6 8 1 
0 9 35 60 78 4 4 1 
1 5 5 91 43 3 6 8 
6 8 0 39 64 5 4 5 
2 2 58 0 70 2 3 2 
5 8 39 45 116 1 4 8 
1 1 89 101 54 2 5 8 
2 1 12 66 94 6 0 8 
4 2 26 65 60 6 3 3 
3 4 25 42 40 5 5 3 
6 6 28 3 80 6 5 0 
5 2 43 78 25 1 9 0 
9 7 50 49 40 5 3 7 
6 0 56 55 36 5 6 7 
2 6 42 86 51 4 0 1 
9 5 6 63 24 7 8 0 
1 1 51 64 62 0 4 0 
9 2 23 52 49 1 9 9 
9 2 2 51 66 9 8 5 
1 6 21 49 47 0 8 7 
5 3 30 57 41 4 5 8 
4 7 60 35 59 4 5 3 
9 8 6 51 85 7 2 9 
7 1 41 101 58 0 3 2 
1 3 64 62 40 7 0 8 
4 9 52 66 29 3 6 4 
2 0 40 61 35 9 2 0 
9 2 37 45 55 9 3 7 
2 8 0 44 62 5 0 6 
1 3 38 3 70 4 0 2 
6 0 0 79 53 0 1 2 
1 5 22 26 22 9 6 5 
8 0 71 54 67 5 5 5 
2 3 52 37 85 3 1 8 
3 3 24 90 62 9 0 2 
6 3 53 59 31 4 3 7 
1 2 43 23 57 2 5 9 
4 3 26 34 56 7 2 2 
6 5 3 52 29 3 0 5 
2 3 4 50 35 8 1 7 
1 7 24 39 18 7 5 0 
0 5 22 37 30 6 8 8 
6 2 12 66 55 0 6 7 
5 5 21 45 42 3 7 4 
8 0 5 47 78 1 6 1 
4 5 57 29 23 1 4 1 
7 4 59 24 39 9 1 0 
7 9 54 46 74 4 7 5 
7 0 33 98 46 6 8 2 
5 7 31 77 26 7 8 7 
5 6 48 55 44 3 4 2 
0 1 62 14 76 1 6 3 
5 1 33 24 37 6 5 7 
6 9 87 53 37 4 5 0 
8 8 28 52 60 7 0 3 
2 6 15 48 48 8 2 6 
6 8 24 76 48 2 2 0 
6 1 6 64 61 4 2 5 
9 6 26 24 72 0 9 7 
3 7 4 40 55 7 5 4 
5 1 42 58 86 9 3 4 
7 2 31 51 58 4 5 6 
6 4 45 57 64 9 4 8 
6 7 21 62 88 8 6 0 
3 4 63 52 44 3 5 7 
5 5 67 66 81 4 7 0 
2 3 0 44 32 5 6 3 
6 7 0 54 92 5 6 6 
2 8 33 49 29 1 3 0 
9 4 31 33 45 7 8 7 
7 0 11 24 44 2 5 0 
6 3 4 76 45 0 9 5 
1 0 3 70 72 2 6 8 
7 1 46 79 44 2 2 3 
2 7 39 61 26 8 9 4 
8 1 19 52 54 1 8 7 
9 8 68 30 61 8 9 3 
5 1 20 48 16 1 2 6 
5 3 29 54 52 7 5 1 
2 9 5 61 45 4 4 0 
4 2 31 53 36 3 7 8 
8 8 19 90 43 2 3 2 
7 7 68 73 53 7 8 1 
6 7 11 56 60 6 8 8 
0 3 35 63 26 9 6 5 
3 4 52 43 78 4 0 4 
4 3 45 55 19 0 2 2 
4 8 14 18 32 0 8 8 
8 0 37 52 56 2 6 1 
8 3 0 64 74 8 7 8 
6 4 16 28 25 1 2 5 
6 0 56 45 17 8 1 1 
0 3 19 47 55 2 4 3 
9 4 54 42 52 4 7 4 
4 2 35 53 65 2 8 0 
8 9 20 31 74 4 1 9 
6 1 62 76 48 9 8 2 
5 0 53 73 87 4 0 9 
3 6 15 53 47 7 5 1 
6 0 25 20 39 3 9 9 
0 6 95 55 36 2 7 6 
6 4 21 68 22 1 5 2 
8 0 11 35 18 6 7 5 
5 8 33 25 42 0 0 8 
5 2 53 76 45 7 4 8 
0 1 23 51 70 5 2 9 
1 3 31 36 28 8 6 6 
4 5 12 29 36 2 0 0 
6 1 68 25 67 0 3 6 
1 7 21 39 72 2 8 2 
6 5 0 100 26 2 0 0 
0 4 42 79 68 7 1 9 
0 6 57 37 66 9 8 3 
5 8 0 39 35 8 1 1 
3 4 41 32 78 8 1 3 
2 2 39 48 67 4 3 2 
3 8 42 51 38 8 4 9 
9 2 21 38 15 9 6 1 
7 7 1 74 55 2 1 6 
2 7 32 25 66 6 5 4 
0 0 69 24 52 0 2 0 
9 6 14 40 44 0 4 6 
4 0 0 36 40 6 9 3 
0 5 25 53 44 0 8 0 
3 8 49 74 69 3 5 7 
1 7 46 47 98 9 5 6 
2 8 37 54 46 8 6 2 
6 1 21 4 58 2 7 8 
1 0 26 42 50 8 7 3 
5 7 0 32 17 5 7 5 
3 9 25 15 47 1 1 6 
0 0 38 44 40 1 4 4 
3 6 0 47 40 4 5 2 
6 3 7 60 43 0 8 2 
8 6 12 31 46 8 6 0 
1 6 25 27 41 4 2 1 
0 2 24 52 63 6 4 5 
6 1 22 40 58 0 5 1 
1 5 57 55 47 1 5 8 
3 4 34 30 43 7 1 2 
4 1 53 24 46 9 7 7 
9 3 34 9 48 9 4 4 
7 2 0 45 36 6 3 7 
6 7 5 33 30 2 4 9 
6 6 28 54 36 8 5 8 
6 6 0 55 77 2 6 1 
5 9 20 50 26 3 8 3 
9 8 0 46 38 9 5 5 
4 4 28 61 30 9 7 6 
4 8 23 57 59 3 7 9 
7 2 63 28 54 3 0 0 
7 5 0 44 73 6 5 9 
8 0 42 72 0 7 8 6 
9 0 51 79 35 0 5 0 
9 6 20 25 36 3 5 9 
9 5 13 35 24 0 4 1 
5 1 13 35 48 6 7 7 
4 8 76 28 46 5 7 0 
4 0 64 73 42 1 9 0 
5 7 73 66 27 1 1 1 
9 8 38 53 52 0 4 4 
8 6 0 52 47 9 4 3 
1 4 0 60 42 4 6 7 
5 2 33 49 37 3 0 9 
0 7 47 48 54 4 4 6 
6 0 33 7 46 9 5 1 
8 1 50 59 55 1 7 9 
9 3 13 53 36 7 3 3 
1 4 30 58 64 4 5 5 
9 4 15 64 60 3 5 7 
8 5 20 68 33 6 5 0 
2 7 38 21 47 8 7 9 
4 7 24 69 13 8 9 5 
1 2 0 31 67 5 4 4 
4 7 6 52 55 2 6 8 
9 0 13 50 63 8 1 5 
0 6 32 73 47 5 2 9 
7 9 5 58 66 5 9 7 
5 7 59 42 35 9 1 3 
2 2 67 51 39 1 1 4 
3 1 32 45 39 1 3 7 
4 4 88 29 56 9 9 9 
1 5 26 16 23 1 5 0 
2 3 60 48 40 5 7 2 
4 7 36 84 50 2 4 7 
3 0 39 48 37 0 7 2 
9 3 39 56 67 3 2 0 
4 5 13 23 61 7 0 6 
4 4 10 53 62 4 3 2 
8 7 24 51 53 7 7 1 
5 4 56 56 81 3 2 6 
8 9 43 46 91 4 9 7 
2 8 17 53 38 6 3 6 
0 1 14 40 61 5 0 1 
3 5 6 40 87 1 3 2 
5 0 21 46 43 6 2 4 
5 3 18 39 34 8 8 0 
0 8 36 9 68 3 4 6 
8 4 20 69 55 2 1 6 
8 1 29 97 70 1 9 9 
0 1 36 23 70 3 8 8 
9 6 14 35 54 2 1 1 
1 7 33 61 31 8 0 4 
5 6 0 38 32 0 3 1 
3 9 28 26 47 0 8 5 
7 5 11 49 36 9 5 2 
2 3 31 52 40 4 1 7 
1 8 19 93 26 5 3 5 
1 3 23 12 68 1 5 6 
4 5 23 31 21 3 1 7 
6 2 21 67 39 3 7 0 
2 8 25 66 0 9 6 8 
6 5 36 85 69 3 2 9 
7 9 0 69 46 4 7 1 
8 1 11 46 67 5 1 0 
7 9 18 36 50 2 0 6 
9 4 39 10 59 4 4 6 
1 0 65 58 87 4 9 9 
6 6 11 53 57 7 9 4 
0 7 0 56 67 6 3 6 
8 2 34 64 38 2 2 7 
9 0 23 56 49 7 9 2 
7 4 11 44 85 2 3 7 
5 5 38 37 68 5 1 4 
4 1 59 64 0 3 7 7 
1 8 48 31 66 0 3 3 
9 4 39 15 28 4 9 1 
5 3 43 59 54 5 5 1 
9 2 19 30 55 7 9 8 
7 6 1 53 53 7 6 4 
6 4 45 44 84 9 7 6 
1 4 62 78 56 2 5 4 
3 3 13 86 46 7 8 1 
7 7 62 42 45 4 7 1 
1 4 21 44 78 1 6 0 
3 6 78 49 49 6 4 5 
2 4 39 55 62 6 7 8 
9 2 52 55 75 3 9 9 
2 7 73 73 21 7 2 0 
2 2 75 46 61 2 1 7 
3 1 42 57 49 7 1 0 
6 3 9 39 71 3 3 5 
6 1 10 58 75 9 8 5 
9 3 42 48 66 6 7 3 
6 7 69 35 51 5 9 3 
0 8 41 47 43 3 1 6 
9 1 26 19 65 4 1 9 
5 5 42 59 76 0 0 1 
1 3 52 36 34 8 0 5 
3 1 34 36 32 1 3 3 
3 1 36 50 64 7 8 7 
5 9 30 68 73 9 5 2 
0 9 10 77 87 0 3 1 
4 2 82 40 56 3 5 8 
4 4 8 63 70 8 4 2 
4 8 45 37 38 0 5 7 
1 6 47 65 54 2 6 4 
6 2 24 68 60 1 3 5 
2 3 15 53 51 1 6 5 
3 1 0 37 64 7 6 4 
9 5 9 71 34 6 0 6 
8 2 36 47 53 0 1 9 
6 5 26 55 51 1 1 8 
5 8 53 87 33 3 9 6 
1 3 36 40 54 7 9 2 
9 6 47 46 54 9 1 9 
0 5 38 50 34 5 9 3 
6 4 4 27 50 3 5 0 
5 4 28 48 39 2 0 6 
9 0 24 69 9 0 7 0 
4 1 38 22 78 3 9 6 
4 8 48 84 67 0 4 3 
7 8 47 54 12 8 1 1 
0 7 9 60 42 6 2 3 
1 8 25 20 59 6 2 1 
0 7 35 33 54 7 6 0 
9 1 6 55 60 3 1 2 
0 7 56 25 56 1 5 6 
0 8 11 42 55 4 7 6 
2 6 39 81 47 9 7 9 
0 6 22 36 25 3 6 7 
4 8 3 63 63 6 4 4 
9 6 0 23 44 7 9 8 
0 1 47 49 41 8 5 8 
9 8 65 64 41 1 2 6 
1 9 39 42 45 4 6 6 
1 3 30 32 82 8 6 9 
4 0 0 47 74 2 6 0 
7 3 15 74 99 5 1 7 
5 7 38 22 16 9 9 6 
9 0 37 65 23 9 0 0 
2 7 55 54 40 9 4 1 
7 7 0 83 75 5 4 0 
4 2 7 25 42 2 5 9 
5 3 25 33 23 5 8 4 
7 7 55 60 61 3 4 9 
7 3 41 95 60 7 0 9 
3 6 20 40 55 7 8 9 
5 7 0 1 26 0 8 2 
5 7 14 76 28 8 8 0 
1 0 3 34 9 5 1 8 
5 6 18 71 53 8 6 4 
7 7 31 46 59 4 3 8 
7 1 1 58 46 5 5 2 
5 4 76 70 92 6 0 8 
4 6 23 30 84 6 5 7 
4 7 33 8 64 1 5 3 
1 9 30 64 25 4 3 6 
2 8 46 30 79 2 6 0 
3 2 63 85 46 2 0 2 
9 3 36 70 57 8 8 1 
6 3 42 14 49 2 5 8 
1 8 55 55 59 2 3 3 
6 1 41 67 45 5 0 1 
6 0 28 49 58 5 1 6 
2 8 34 76 42 1 4 4 
3 7 53 48 64 3 5 6 
7 5 18 34 39 1 4 7 
2 5 14 47 62 8 8 0 
1 1 0 57 80 1 5 3 
7 9 33 63 90 1 3 5 
3 2 44 61 55 0 5 9 
2 0 47 45 46 2 9 1 
4 0 17 65 52 4 7 9 
4 2 42 59 44 9 8 3 
6 8 0 60 22 7 9 2 
6 9 23 30 77 1 4 9 
4 9 34 48 26 9 5 9 
2 3 4 79 50 5 9 7 
2 1 30 35 17 6 2 3 
9 9 28 53 33 4 5 0 
4 7 25 41 46 1 9 4 
3 8 2 63 32 5 2 9 
8 1 46 18 78 3 6 1 
1 3 65 51 65 6 2 4 
7 4 50 62 14 7 1 2 
3 3 21 56 21 4 0 6 
2 2 3 43 38 9 1 9 
0 4 18 56 40 8 3 5 
9 3 56 47 55 6 9 8 
2 4 9 47 28 9 6 9 
0 1 2 67 86 8 6 7 
9 7 10 65 61 1 4 7 
9 3 24 53 39 3 1 5 
7 2 16 32 63 8 4 5 
8 2 17 15 61 6 1 4 
6 9 14 37 63 5 5 5 
4 5 39 47 35 4 9 8 
6 0 33 81 79 5 4 9 
4 4 32 58 88 7 8 5 
9 2 1 58 26 9 5 7 
8 2 0 71 44 0 6 7 
4 3 69 38 29 3 7 7 
8 6 22 0 24 8 7 1 
0 1 11 71 34 7 5 8 
7 2 27 39 19 0 8 7 
1 1 52 44 28 1 1 9 
4 9 46 54 56 6 2 9 
9 2 44 40 48 7 7 7 
2 7 12 61 67 7 0 0 
