8 2550
1 2 21 34 24 4 9 5 
8 7 27 59 52 6 8 5 
8 8 0 56 48 1 4 4 
6 3 34 67 75 7 8 1 
4 9 37 19 54 1 7 6 
5 4 26 39 40 3 5 3 
5 2 49 29 25 7 5 0 
4 5 71 79 90 4 6 2 
9 2 31 65 82 2 4 2 
3 2 14 14 48 1 2 3 
4 8 41 56 68 7 0 9 
0 6 13 42 57 4 2 4 
3 7 0 68 48 4 9 7 
9 9 17 19 91 8 7 7 
2 0 42 37 31 9 9 7 
8 1 54 59 22 3 3 3 
2 0 28 28 30 6 8 3 
1 0 16 66 40 2 6 3 
2 2 41 67 61 9 8 2 
7 2 0 58 57 0 3 5 
1 8 19 51 40 1 2 7 
9 9 40 64 30 9 4 2 
2 1 23 64 87 0 0 2 
8 3 40 27 36 8 1 6 
4 6 15 28 39 6 5 8 
6 2 47 57 24 8 0 7 
1 1 18 61 43 5 7 1 
9 6 23 25 89 0 9 0 
5 8 18 41 57 8 6 7 
6 5 16 36 46 2 2 0 
4 4 59 65 39 2 0 3 
5 2 62 48 42 6 4 4 
9 7 15 87 53 4 3 3 
2 1 16 53 61 7 8 6 
0 8 44 66 23 5 3 1 
5 5 40 73 32 8 2 6 
6 1 0 22 58 7 2 7 
1 3 55 43 61 2 8 8 
1 3 67 114 8 9 2 9 
3 1 26 33 98 6 5 8 
6 9 8 40 61 4 4 0 
1 8 29 65 2 2 2 8 
5 4 14 15 0 5 0 6 
8 2 28 62 33 7 0 1 
6 7 47 32 93 1 0 3 
0 4 40 62 29 7 4 9 
5 7 46 44 61 8 2 4 
8 7 38 35 53 3 3 5 
2 8 29 41 42 1 7 9 
8 4 17 49 43 7 0 5 
5 6 9 65 50 8 0 8 
0 1 0 29 55 5 3 3 
7 3 20 77 33 4 1 2 
7 5 32 50 51 2 9 2 
7 2 66 12 76 6 4 9 
8 8 23 48 46 0 2 4 
7 1 36 56 49 2 8 9 
2 6 19 17 44 2 6 9 
2 6 49 54 40 5 8 3 
0 7 37 47 56 6 4 1 
8 3 82 27 49 6 1 8 
6 3 25 78 108 8 1 6 
7 3 63 49 38 2 8 0 
8 7 39 17 39 3 6 1 
9 4 29 76 56 3 6 7 
5 7 47 65 28 5 5 5 
3 0 26 64 71 4 2 5 
4 6 50 32 81 2 6 7 
9 4 5 60 33 8 9 4 
5 4 33 23 18 9 6 6 
1 8 10 50 21 6 4 6 
1 7 54 39 37 9 9 2 
4 3 18 29 29 7 0 4 
9 7 33 36 63 8 2 0 
6 8 7 52 63 7 2 5 
7 4 30 4 52 2 4 2 
3 4 40 54 23 8 0 8 
0 1 59 54 17 2 8 2 
6 2 18 71 47 6 0 3 
5 8 26 52 43 3 5 6 
6 7 7 74 64 6 5 7 
3 4 52 16 91 2 8 9 
6 3 30 38 85 6 2 6 
5 6 50 55 43 6 7 4 
7 5 16 89 60 0 7 2 
3 5 48 40 39 4 0 4 
5 4 28 38 67 3 1 6 
3 5 0 48 6 7 6 0 
9 6 0 18 49 6 9 8 
7 0 33 40 55 5 0 2 
5 0 6 65 35 9 6 7 
6 6 12 37 48 9 9 3 
4 4 11 58 60 0 8 8 
0 2 23 34 48 0 1 7 
3 6 35 91 60 6 1 1 
1 7 43 84 65 3 5 0 
7 8 39 65 47 2 6 4 
9 3 15 75 41 1 6 7 
9 6 0 67 46 5 8 7 
7 2 20 53 64 0 9 9 
8 3 14 49 34 0 8 5 
2 8 0 19 56 7 3 1 
3 4 36 42 49 8 2 5 
6 4 0 61 49 2 3 1 
1 9 3 31 86 5 6 1 
2 4 18 51 54 3 3 9 
0 7 37 50 50 0 5 8 
6 5 29 60 38 3 1 5 
5 9 11 77 57 6 0 1 
1 0 22 68 45 9 1 6 
9 4 39 40 36 9 1 6 
3 7 43 35 0 9 6 5 
9 9 35 51 0 5 2 6 
0 7 48 64 42 4 8 4 
2 6 34 71 29 6 3 9 
5 2 53 33 38 6 9 8 
7 9 8 80 29 0 8 6 
2 4 5 76 38 9 7 3 
4 5 25 79 48 2 3 5 
2 3 18 67 10 5 9 7 
7 9 40 48 56 1 5 8 
3 5 43 29 33 4 3 4 
0 1 26 36 74 9 2 6 
4 0 26 71 40 3 3 5 
9 3 4 44 55 7 8 7 
7 6 63 59 34 2 3 4 
3 5 13 66 65 5 3 4 
7 5 26 0 34 9 9 8 
6 1 39 41 37 6 0 4 
1 6 26 48 63 9 2 3 
7 2 20 66 62 1 4 3 
0 5 47 33 58 9 8 1 
5 1 76 59 37 5 5 1 
4 0 0 91 41 7 3 3 
2 6 26 63 50 2 1 9 
8 1 0 78 28 0 7 5 
9 4 31 40 62 6 6 1 
8 2 17 75 38 0 6 7 
3 2 41 27 66 9 5 8 
1 1 50 58 94 0 7 3 
8 9 0 18 40 7 5 8 
4 4 47 32 85 0 5 9 
0 5 54 59 78 7 8 8 
1 1 42 27 31 7 6 9 
8 0 0 52 67 5 0 8 
7 8 39 25 52 0 4 6 
7 2 8 21 77 4 7 1 
8 1 37 0 83 2 8 3 
6 2 31 79 41 8 4 7 
0 1 38 58 65 1 3 3 
7 7 70 33 83 9 7 7 
8 5 61 15 16 4 7 3 
5 0 38 49 45 3 8 5 
6 5 46 43 44 7 5 8 
3 9 9 55 38 9 0 7 
2 6 30 86 38 5 9 2 
5 8 56 43 41 8 8 5 
3 5 0 14 33 2 0 2 
5 3 52 41 53 8 9 4 
5 7 36 56 45 7 1 2 
9 4 2 22 39 4 7 4 
2 5 42 37 33 8 7 7 
3 8 69 15 15 0 0 1 
5 2 0 32 53 8 8 1 
5 8 33 65 31 9 8 9 
8 4 27 45 46 7 6 4 
3 4 46 63 44 3 7 5 
5 6 50 68 56 3 2 3 
4 5 22 39 57 6 1 6 
8 2 51 34 71 5 8 2 
6 5 0 73 73 7 0 0 
0 6 30 62 13 6 8 8 
9 1 8 21 27 3 6 9 
6 3 13 17 37 3 7 9 
4 3 23 50 61 3 0 7 
2 2 25 39 57 2 7 4 
4 0 45 35 43 2 1 1 
7 3 9 94 54 0 1 7 
2 8 28 26 42 9 4 0 
8 3 5 57 29 4 3 5 
8 9 33 39 49 7 8 4 
7 5 40 46 60 4 6 7 
1 7 32 28 46 5 0 8 
9 7 7 41 79 9 7 1 
7 0 37 64 22 8 9 4 
6 3 59 34 44 2 2 5 
7 7 27 13 42 5 6 7 
5 5 32 0 79 7 8 8 
9 9 0 34 44 6 4 7 
5 3 15 54 83 1 6 7 
8 5 0 51 45 0 6 6 
7 5 23 82 65 7 1 0 
4 9 75 63 52 9 4 1 
2 4 10 47 36 2 9 8 
3 0 12 33 77 3 6 7 
3 1 33 51 78 6 1 0 
3 9 12 77 24 5 0 0 
2 3 9 48 30 9 6 2 
7 7 36 77 51 3 5 5 
3 8 51 72 28 1 7 8 
3 7 0 64 27 5 3 4 
8 0 56 57 99 1 9 3 
8 8 0 22 74 1 6 7 
0 5 10 81 34 5 0 5 
6 0 76 57 68 1 5 1 
3 1 26 28 57 6 9 6 
0 9 43 81 65 1 1 9 
5 2 22 72 71 9 1 6 
0 6 25 40 55 9 3 5 
3 7 7 59 25 7 4 3 
7 4 35 54 36 0 0 3 
2 5 25 43 67 9 5 6 
4 7 41 65 51 5 2 7 
2 0 0 54 63 3 9 7 
2 2 37 14 50 5 6 7 
3 7 37 52 61 3 5 9 
2 9 13 25 45 1 6 2 
6 4 6 37 47 4 0 3 
3 4 38 57 52 2 6 2 
6 9 38 75 94 1 4 6 
1 2 8 70 56 1 2 2 
4 2 56 28 68 1 4 7 
8 8 28 37 53 8 1 3 
4 4 31 50 22 1 8 1 
7 2 25 23 60 0 8 7 
0 4 40 41 52 7 8 4 
7 2 42 65 58 2 0 2 
1 1 10 56 89 6 5 7 
5 8 57 34 35 0 3 2 
3 0 57 46 56 3 3 0 
4 7 44 64 33 3 9 3 
6 5 13 33 59 3 5 5 
5 0 62 52 56 2 6 7 
9 1 29 60 56 5 5 8 
0 2 37 76 40 9 3 0 
8 5 33 57 50 5 5 6 
8 6 39 58 53 0 2 6 
0 7 19 38 34 7 1 5 
3 7 48 17 50 0 1 5 
2 4 25 88 20 5 0 0 
2 0 18 52 41 5 0 5 
3 2 7 32 28 6 1 2 
2 6 43 106 75 1 5 5 
0 6 3 71 17 5 7 2 
2 4 54 50 54 5 6 4 
7 4 6 38 18 9 8 1 
2 7 39 41 0 1 7 3 
2 2 37 110 43 5 2 5 
4 5 39 37 86 3 9 0 
7 5 7 76 43 6 2 8 
9 5 43 62 33 9 8 4 
0 7 33 40 40 4 8 5 
1 1 16 11 56 1 8 2 
8 1 18 38 19 1 3 1 
7 5 3 61 33 5 5 0 
2 1 5 55 37 8 1 1 
2 6 0 44 0 4 9 7 
2 8 20 34 75 3 1 5 
6 1 91 89 52 5 0 6 
2 0 14 30 92 2 7 1 
6 8 44 59 63 6 4 9 
6 0 41 73 33 5 6 8 
8 3 23 41 40 0 6 6 
1 8 13 70 91 4 9 9 
1 3 28 51 66 4 4 5 
7 4 46 47 26 6 5 6 
1 9 48 39 53 1 6 2 
3 8 21 42 49 4 5 3 
1 4 25 40 37 6 2 0 
4 6 37 37 58 2 1 8 
0 1 34 66 64 2 3 1 
9 7 34 44 78 2 5 8 
8 3 33 32 30 5 4 7 
3 3 47 35 55 9 1 5 
6 0 62 39 7 1 8 7 
7 8 2 43 60 2 3 3 
8 0 20 59 43 2 4 8 
4 2 0 35 35 8 3 5 
7 2 0 19 58 3 9 3 
5 9 67 55 10 2 3 1 
1 9 34 47 46 3 2 0 
9 2 2 38 61 5 5 2 
0 9 75 44 31 6 5 2 
1 4 28 36 12 7 1 7 
3 6 67 42 52 3 3 7 
6 6 8 66 45 4 9 2 
4 8 3 42 58 8 9 0 
9 2 35 67 55 4 0 8 
8 0 44 43 25 1 7 9 
0 3 71 66 25 9 1 7 
2 1 60 52 14 4 1 6 
0 0 26 41 35 5 9 6 
4 5 44 81 38 6 3 5 
6 5 59 42 42 3 0 6 
9 1 40 38 55 2 2 7 
6 5 26 66 64 4 5 2 
6 6 57 86 56 2 4 9 
7 3 42 41 36 3 6 1 
1 5 18 25 47 8 0 0 
6 7 23 67 47 6 6 4 
5 6 18 56 46 0 2 8 
0 1 47 33 74 7 8 0 
0 6 57 43 56 9 3 1 
4 3 15 63 61 5 8 7 
2 5 20 24 36 6 9 1 
8 3 34 30 70 8 3 0 
1 4 0 59 46 8 1 9 
3 4 39 37 37 6 6 8 
2 7 5 69 60 2 0 6 
9 5 38 79 80 5 9 3 
2 4 23 13 23 7 5 2 
7 2 27 28 22 2 8 2 
8 2 31 53 73 8 7 1 
1 5 12 75 76 5 1 5 
4 1 27 74 3 6 8 5 
3 2 33 77 28 4 2 0 
0 3 0 27 41 3 8 2 
7 2 16 55 36 7 6 2 
8 0 32 61 22 0 1 7 
0 0 41 71 11 2 7 5 
9 2 16 58 43 8 5 0 
2 2 42 55 80 2 8 6 
6 6 32 3 77 0 2 9 
2 4 57 81 43 7 0 5 
3 0 58 51 12 4 8 0 
4 8 12 49 33 0 8 7 
4 3 17 35 49 3 6 2 
1 8 16 54 31 1 3 6 
3 1 37 55 73 4 2 3 
7 7 37 57 56 2 3 7 
5 2 37 88 56 9 5 1 
4 8 21 25 67 6 8 6 
7 9 34 62 62 8 2 8 
3 8 6 33 38 3 9 2 
2 2 31 49 59 8 3 9 
6 9 35 39 31 5 0 7 
1 6 29 21 41 7 9 5 
0 4 39 33 19 6 6 9 
4 4 32 60 21 5 6 9 
3 8 39 50 46 4 5 0 
7 4 32 54 78 0 6 9 
6 3 67 59 52 6 5 8 
7 1 13 54 77 1 7 7 
7 8 46 40 6 0 4 0 
9 1 16 50 65 8 2 2 
7 6 44 68 37 7 1 5 
7 6 55 58 100 7 5 9 
6 3 37 53 79 7 7 4 
5 5 6 36 59 8 3 0 
3 6 55 18 60 1 8 1 
8 7 37 33 12 4 5 0 
9 6 42 41 5 4 1 9 
1 5 44 47 16 1 5 4 
4 4 38 48 62 1 6 8 
9 9 24 60 41 7 4 1 
1 4 38 38 75 6 9 7 
2 8 25 3 20 1 9 7 
6 5 32 60 26 9 1 3 
9 7 27 80 30 4 2 9 
2 4 0 72 39 9 8 4 
4 0 26 80 35 6 2 1 
4 4 24 65 59 7 0 1 
4 0 59 17 46 4 9 8 
8 3 17 30 61 4 8 2 
0 2 62 58 93 2 9 8 
2 5 14 53 37 1 2 0 
2 3 43 69 43 4 5 1 
9 8 27 63 71 9 0 1 
2 9 15 51 49 5 6 8 
6 1 25 49 42 0 7 7 
5 7 59 103 46 7 9 6 
0 0 49 64 68 4 2 9 
0 5 23 68 5 1 0 0 
1 2 11 31 54 9 7 2 
9 9 31 40 37 9 1 5 
4 7 0 35 31 4 1 4 
6 1 0 70 68 5 0 8 
2 9 72 59 35 6 2 3 
5 8 12 58 31 3 7 5 
9 2 12 54 78 8 3 2 
6 3 30 70 71 5 0 7 
5 4 13 35 76 2 6 5 
7 6 27 97 32 9 9 6 
6 4 17 51 70 2 7 6 
6 5 42 41 38 6 2 2 
7 3 0 52 55 7 5 4 
9 7 16 53 43 3 3 1 
8 4 30 80 74 0 6 7 
4 6 23 46 47 9 5 8 
5 2 6 55 48 7 4 2 
0 6 22 75 55 6 3 4 
8 6 19 54 59 0 2 2 
9 4 41 45 19 4 6 7 
4 5 14 45 70 4 3 1 
7 8 1 55 56 9 6 0 
9 5 17 58 60 4 2 7 
0 5 34 32 54 7 0 4 
5 8 39 28 23 4 1 3 
8 7 16 73 26 0 9 1 
6 7 40 36 77 8 2 2 
6 9 56 27 39 4 9 9 
5 2 68 27 41 5 7 7 
1 8 57 16 67 1 4 5 
9 9 45 43 54 9 1 3 
9 1 32 29 66 5 9 5 
1 7 15 39 42 2 0 3 
6 7 0 42 52 7 5 3 
4 2 21 76 70 6 1 6 
3 1 35 44 62 0 0 1 
8 7 51 69 37 6 2 9 
9 7 35 34 64 4 7 5 
3 0 8 63 54 4 8 9 
0 7 12 66 57 2 2 4 
1 8 0 63 23 1 6 1 
2 2 50 73 61 9 9 2 
7 0 30 32 63 9 2 5 
8 1 13 39 46 7 2 7 
1 2 60 57 54 1 4 7 
4 3 62 47 54 8 2 8 
6 3 50 80 53 3 1 7 
7 6 32 96 48 4 1 5 
1 3 22 38 63 9 0 7 
2 0 0 53 40 5 7 4 
2 4 28 90 33 7 9 6 
0 6 8 54 43 8 6 3 
9 9 15 79 36 0 4 9 
8 2 50 31 56 5 9 8 
6 8 35 19 88 1 9 1 
4 0 50 43 66 6 4 3 
9 9 21 0 67 5 3 5 
8 5 30 48 61 3 2 0 
7 3 62 69 44 2 2 3 
7 1 14 37 29 2 3 5 
2 4 33 69 54 9 2 6 
6 8 41 57 60 4 4 3 
5 7 3 64 7 1 9 1 
6 9 44 39 68 7 5 0 
4 9 32 61 0 6 6 6 
1 3 9 48 60 2 8 1 
1 4 16 44 41 6 6 3 
7 7 31 10 45 6 8 3 
6 6 54 44 25 1 5 2 
7 1 57 14 29 9 6 9 
8 3 47 57 0 6 7 5 
0 8 1 20 42 5 3 3 
5 8 11 67 56 6 0 1 
8 0 30 69 45 2 4 3 
5 6 53 90 62 2 3 5 
0 1 7 48 75 9 5 8 
5 5 57 61 79 0 9 6 
5 2 10 52 15 2 1 7 
3 8 3 40 68 9 4 6 
8 8 51 82 45 6 0 9 
3 8 37 73 41 6 9 2 
9 0 16 47 56 4 9 5 
0 0 59 17 79 0 6 4 
7 0 62 71 57 1 7 1 
4 7 0 79 50 6 2 2 
9 8 13 59 93 8 9 3 
8 3 26 40 34 8 2 4 
1 6 2 52 52 0 9 6 
6 5 27 66 62 2 2 7 
8 6 56 72 42 0 2 0 
0 6 15 29 38 1 5 6 
4 6 71 70 72 5 5 0 
6 3 28 44 50 6 7 0 
9 2 44 67 12 2 4 7 
6 4 36 22 60 9 2 2 
3 0 34 38 53 5 0 1 
6 6 47 63 48 7 4 0 
3 0 60 54 28 4 6 6 
8 3 28 101 41 9 6 0 
7 7 34 34 49 5 1 8 
0 2 26 32 54 6 9 3 
6 0 22 50 23 0 9 7 
8 0 0 75 0 4 8 7 
9 4 35 57 38 5 1 5 
0 0 42 65 50 7 4 2 
1 4 55 37 53 7 5 2 
6 9 18 37 38 0 3 9 
0 9 44 34 52 3 1 5 
3 4 46 53 25 1 1 4 
3 5 47 26 33 6 8 3 
3 2 15 57 10 6 3 0 
4 9 28 122 79 0 9 5 
7 5 52 46 52 6 0 9 
4 8 46 53 36 8 9 5 
7 4 8 36 89 6 3 7 
5 8 47 60 25 4 3 2 
0 1 0 74 48 1 2 3 
9 0 56 70 49 6 9 5 
9 5 13 7 46 7 0 9 
6 5 30 53 64 4 0 7 
2 5 7 41 50 2 2 1 
6 9 26 55 40 6 4 1 
5 2 52 38 61 5 3 3 
3 6 25 96 13 8 1 9 
7 4 9 53 52 5 3 0 
1 9 72 35 50 2 4 4 
7 6 0 74 22 2 1 0 
2 6 37 80 60 0 9 6 
0 9 37 45 35 2 4 4 
5 5 73 76 44 1 4 2 
7 2 39 40 75 1 3 0 
5 8 43 63 45 0 7 5 
0 4 43 51 58 4 4 8 
7 1 44 62 32 3 5 8 
5 5 42 38 46 7 4 6 
8 8 24 19 36 1 0 7 
3 7 13 40 49 7 0 6 
0 6 35 8 12 4 6 7 
8 9 1 34 51 5 9 7 
0 4 43 37 28 2 9 8 
6 1 29 28 45 1 1 7 
0 2 39 38 70 7 2 6 
1 2 47 60 64 0 9 6 
4 7 29 53 50 6 0 3 
1 8 21 49 32 1 9 4 
6 0 22 45 36 2 1 9 
9 3 44 66 16 2 9 5 
0 2 18 44 25 5 3 2 
3 1 54 34 17 0 9 7 
4 3 74 46 64 1 2 5 
8 6 21 66 87 1 5 5 
8 4 33 67 49 7 3 6 
4 1 18 75 66 7 9 8 
2 7 24 72 23 9 4 1 
1 2 26 71 60 0 5 4 
3 5 13 78 58 8 7 7 
0 1 32 28 39 7 9 6 
6 2 0 65 52 1 4 9 
0 7 28 14 14 1 7 9 
5 6 36 47 34 5 5 2 
8 0 9 21 79 7 1 3 
0 0 39 45 18 7 2 7 
9 2 17 30 40 1 9 8 
7 9 33 44 24 2 0 3 
0 0 18 40 35 2 9 7 
8 4 45 50 50 0 5 1 
4 4 0 77 44 4 4 0 
3 5 42 53 20 8 9 0 
1 2 22 21 51 0 2 5 
8 0 15 44 34 5 3 5 
2 7 34 44 40 3 8 6 
2 0 45 43 72 3 5 6 
2 4 36 23 70 9 0 1 
6 9 8 34 73 8 7 4 
1 6 70 34 34 6 2 0 
1 6 31 18 94 0 9 8 
8 0 27 33 71 2 3 0 
8 0 0 39 49 9 6 4 
0 2 9 43 91 2 9 4 
6 7 42 49 53 7 8 8 
4 6 36 16 37 6 5 6 
4 2 36 37 62 0 8 7 
7 6 20 13 34 5 1 4 
6 5 10 39 66 1 7 2 
9 3 59 47 46 6 2 5 
1 1 9 86 62 2 5 7 
5 4 22 34 85 8 6 4 
2 0 11 71 32 0 1 3 
4 3 10 60 99 3 7 5 
5 9 26 39 98 7 8 7 
3 9 33 28 51 0 5 6 
5 6 26 24 74 7 0 5 
4 8 30 22 18 7 8 5 
0 8 65 65 30 6 1 1 
3 7 42 37 61 6 1 9 
7 0 37 48 51 7 0 5 
6 2 0 69 60 6 1 4 
9 4 42 52 66 3 6 4 
5 8 34 36 37 9 7 3 
5 5 32 57 32 1 0 0 
0 2 37 61 64 7 9 8 
6 3 27 88 74 8 5 7 
9 2 47 15 61 0 9 8 
6 2 25 10 20 3 3 7 
3 9 25 77 47 0 2 6 
3 4 8 56 17 7 8 0 
1 8 21 56 70 9 9 2 
2 9 18 74 72 8 2 6 
4 0 34 44 40 9 7 1 
2 4 29 86 81 6 8 9 
5 5 18 30 73 5 8 4 
0 9 51 45 33 2 8 2 
6 7 20 41 35 3 0 1 
9 0 38 70 74 8 9 1 
6 5 13 48 48 1 8 3 
3 6 18 52 48 1 6 1 
2 9 52 44 30 2 4 7 
5 3 23 72 41 8 8 8 
0 7 30 56 62 8 0 5 
3 4 24 49 45 1 4 0 
3 6 16 60 67 6 6 7 
0 8 39 79 56 0 8 9 
9 3 43 77 51 5 6 2 
5 0 12 66 33 4 3 2 
1 8 5 77 41 9 0 0 
6 1 26 51 49 4 8 4 
0 9 27 63 53 5 3 3 
0 6 58 55 45 9 7 7 
2 0 45 80 55 0 9 5 
6 6 46 60 70 1 2 3 
2 2 57 84 52 5 1 6 
6 7 0 31 58 6 8 2 
7 2 53 30 55 0 0 1 
3 7 42 8 26 1 4 5 
7 1 51 71 42 6 0 0 
7 6 24 12 42 0 3 4 
8 0 22 8 60 6 5 7 
9 5 28 72 55 1 8 6 
8 5 48 42 41 7 9 9 
1 2 43 72 80 3 0 2 
7 4 38 31 98 5 7 0 
8 3 22 38 51 3 1 6 
8 0 49 29 35 6 8 9 
8 7 0 59 51 8 3 1 
4 2 64 75 45 7 4 3 
2 3 38 63 52 3 0 4 
8 4 34 60 33 3 8 8 
7 5 78 81 74 2 0 7 
9 2 23 77 46 6 5 2 
3 3 15 38 45 7 6 6 
5 7 38 55 50 8 8 2 
6 3 16 44 78 9 4 4 
8 9 10 9 64 1 8 1 
3 9 29 64 25 7 2 7 
2 3 20 55 28 7 2 7 
9 0 27 17 56 2 0 1 
4 3 45 61 62 0 3 3 
6 1 40 31 22 5 6 4 
1 2 28 20 48 9 0 7 
0 8 18 24 66 2 4 8 
6 3 30 18 57 6 3 8 
9 4 41 52 35 8 4 9 
9 9 38 49 64 0 4 7 
1 3 5 36 40 0 1 6 
5 3 32 61 50 7 0 8 
2 9 38 30 46 4 2 9 
3 0 1 35 61 8 8 3 
5 4 23 50 67 7 0 4 
3 8 28 98 70 5 6 8 
8 7 42 63 52 1 1 5 
8 1 25 11 70 8 2 8 
7 9 11 54 46 7 4 0 
1 1 0 25 0 0 4 8 
7 0 26 66 64 2 7 7 
2 8 31 40 10 1 2 0 
7 4 79 29 37 2 0 2 
1 3 22 44 67 7 2 2 
4 3 0 45 38 8 3 2 
9 2 46 76 38 0 9 2 
2 3 61 24 35 3 8 4 
2 4 25 41 82 5 0 2 
2 0 31 53 67 2 3 4 
8 8 36 36 68 4 5 2 
1 5 17 34 41 3 2 1 
7 8 27 65 43 3 8 5 
6 8 29 51 6 7 4 4 
4 7 39 72 49 3 4 2 
9 3 54 40 33 2 2 5 
7 5 27 65 34 4 0 2 
5 8 2 52 60 4 3 6 
0 1 23 45 60 0 3 7 
3 5 53 56 67 4 5 3 
7 8 24 47 45 8 6 4 
0 6 0 33 46 8 9 1 
0 5 43 60 30 8 0 9 
9 1 40 38 50 9 4 0 
8 3 0 54 65 6 7 6 
5 9 59 0 32 6 4 4 
3 3 21 42 75 9 1 3 
8 9 27 72 80 6 1 6 
9 2 29 71 62 1 6 1 
6 2 55 20 53 2 6 8 
2 7 14 68 19 8 1 7 
2 5 47 54 37 0 5 4 
6 8 12 89 87 7 3 4 
9 0 33 62 45 0 9 2 
1 4 49 40 18 9 3 3 
2 2 15 50 53 7 2 9 
4 4 36 25 69 6 2 4 
0 6 44 67 39 4 6 6 
4 8 10 73 12 5 6 7 
9 1 25 24 64 4 4 4 
2 9 7 45 44 4 9 2 
2 0 0 43 45 7 0 0 
3 4 37 71 49 8 1 7 
5 3 0 72 45 5 5 5 
7 2 0 54 44 9 8 2 
6 8 27 41 41 6 7 6 
5 0 69 77 46 0 7 7 
0 9 46 26 58 9 3 5 
4 7 45 46 4 8 4 1 
9 9 48 52 68 2 9 5 
6 6 34 79 64 6 0 8 
5 3 7 56 93 5 1 2 
6 4 23 29 34 9 1 5 
8 5 33 37 65 6 5 6 
7 8 40 72 37 5 7 7 
2 9 35 40 65 4 5 4 
1 2 1 33 34 8 5 6 
4 0 41 40 64 5 8 4 
0 6 6 86 53 1 4 7 
6 7 31 37 49 1 7 1 
8 6 45 63 64 4 3 0 
4 6 21 52 59 8 9 9 
3 0 16 61 53 4 4 4 
8 6 41 40 43 8 2 8 
6 4 37 40 42 3 9 1 
8 3 21 33 36 9 1 5 
3 1 35 44 28 5 7 6 
1 4 17 78 34 0 7 3 
8 3 36 41 72 2 3 5 
3 2 47 25 42 9 7 0 
2 6 17 86 56 2 5 5 
6 3 24 45 39 5 7 9 
6 9 55 61 63 5 1 5 
8 6 48 37 41 7 2 3 
7 4 48 42 62 6 9 3 
6 2 36 54 27 8 9 5 
0 3 45 59 80 5 7 8 
6 6 51 57 71 3 9 7 
7 4 0 53 58 7 7 9 
0 0 31 50 37 6 4 6 
7 4 36 45 47 9 5 2 
9 1 32 44 50 6 9 9 
0 3 33 79 96 0 0 4 
8 7 37 38 61 0 9 9 
0 1 6 78 48 6 0 6 
0 5 22 29 77 7 3 9 
8 2 20 19 43 9 1 3 
2 6 18 42 66 0 6 3 
4 8 27 43 32 3 2 3 
9 3 39 15 47 8 5 3 
8 2 21 71 58 3 2 5 
5 0 45 41 35 8 1 9 
5 4 59 34 80 6 7 8 
3 0 19 29 35 4 0 7 
9 3 41 35 31 0 2 6 
7 2 38 57 64 1 2 5 
7 6 56 34 32 9 9 5 
5 7 7 44 81 2 3 9 
5 0 44 64 49 4 2 5 
7 3 18 49 79 1 6 0 
2 2 56 39 55 1 6 9 
6 1 21 6 78 7 2 6 
6 2 19 77 33 1 8 2 
9 5 56 41 29 5 3 5 
8 0 48 29 86 9 0 9 
9 5 39 39 57 4 3 2 
0 7 37 53 50 9 2 8 
0 3 36 24 28 3 2 7 
8 8 31 42 20 8 1 8 
7 3 38 59 83 7 9 7 
2 6 18 40 44 0 3 1 
1 3 47 39 52 2 8 8 
5 9 0 35 86 3 5 7 
1 0 28 65 30 1 7 3 
0 0 26 60 48 7 6 6 
2 9 43 39 36 4 1 8 
9 7 47 44 53 2 2 8 
2 1 28 58 67 8 0 5 
7 8 0 37 54 2 7 5 
3 8 2 42 35 0 7 2 
6 7 26 44 74 6 2 3 
2 4 16 63 47 3 5 3 
9 2 23 64 65 0 4 8 
2 9 67 0 69 9 5 0 
9 6 30 58 42 0 2 6 
8 2 53 60 94 3 5 9 
3 7 40 52 48 5 3 5 
0 2 45 52 67 7 2 7 
6 6 26 62 71 0 9 4 
2 4 34 75 69 1 2 7 
0 8 38 71 42 9 0 9 
7 7 43 60 73 1 9 2 
0 1 9 55 76 8 2 9 
1 3 42 26 70 5 1 6 
3 3 0 28 80 6 2 0 
0 3 7 30 22 7 5 4 
6 3 11 40 16 7 4 2 
8 1 10 63 69 7 2 9 
9 5 0 39 45 5 0 1 
0 3 28 47 59 9 5 7 
6 4 3 44 54 9 1 5 
4 2 40 73 56 6 3 8 
8 9 56 52 44 4 5 9 
9 4 36 32 60 7 0 8 
6 2 26 42 56 8 0 3 
2 5 44 42 73 3 1 6 
2 7 20 57 79 5 9 0 
7 5 21 91 73 7 8 8 
2 2 18 42 53 0 2 8 
5 1 22 58 48 4 5 6 
5 5 14 58 71 0 5 7 
8 9 43 61 54 0 6 4 
8 2 60 30 31 5 0 8 
4 4 10 35 14 3 8 1 
3 4 42 48 50 8 9 1 
4 0 11 49 35 2 8 7 
0 6 6 44 49 2 5 1 
3 2 19 52 46 3 1 5 
8 8 34 45 12 1 3 9 
2 3 26 66 76 7 4 3 
4 3 41 70 36 4 7 2 
0 0 6 40 31 3 2 0 
2 8 46 17 53 0 3 7 
6 2 50 71 63 0 3 9 
2 7 22 39 53 4 1 7 
9 7 0 90 40 8 0 9 
1 2 54 33 57 9 7 1 
2 0 23 72 22 4 7 8 
9 7 17 73 64 2 7 2 
2 2 47 88 40 1 7 6 
7 1 3 75 57 2 2 5 
1 5 29 61 29 7 5 5 
2 0 12 26 27 0 7 7 
7 4 30 49 54 0 1 2 
7 1 5 59 111 0 9 2 
6 2 23 17 40 1 4 4 
5 9 26 65 50 6 9 8 
5 3 0 30 80 3 0 8 
9 9 36 54 78 2 8 4 
4 0 45 22 62 0 1 5 
9 1 0 20 69 3 0 7 
7 1 56 33 41 6 9 9 
5 0 48 68 95 2 7 0 
6 6 55 30 61 3 9 6 
8 3 41 56 56 2 9 8 
8 5 22 61 51 8 8 8 
6 0 0 44 67 5 6 9 
4 8 36 53 32 7 6 9 
6 6 18 30 61 7 8 1 
0 9 28 0 55 8 4 0 
5 0 32 44 58 1 3 4 
1 9 46 52 47 1 2 8 
3 2 21 65 41 9 7 2 
8 3 60 89 80 1 4 9 
4 1 8 41 55 6 2 6 
7 2 0 47 60 2 6 9 
2 1 20 58 59 1 6 7 
2 9 29 88 42 6 1 0 
1 5 15 62 83 6 8 5 
3 4 0 27 71 6 0 5 
8 9 56 36 8 2 0 1 
6 8 40 47 84 1 2 9 
9 1 44 47 86 5 0 3 
3 5 54 66 61 1 1 6 
5 0 61 63 40 7 2 8 
7 5 36 14 35 9 0 2 
6 7 0 25 49 4 4 0 
3 7 30 37 48 7 5 7 
4 3 24 9 47 6 9 6 
4 5 35 72 53 8 7 0 
2 3 44 103 27 0 7 7 
9 2 34 42 52 0 1 6 
1 1 8 30 86 8 7 3 
7 6 0 82 76 5 3 6 
4 4 36 5 37 1 5 8 
3 9 37 68 67 8 1 4 
7 7 27 35 81 1 5 8 
6 6 51 40 76 3 1 8 
3 9 4 46 17 5 7 6 
8 9 58 44 48 6 2 2 
5 0 0 44 100 1 9 5 
0 9 1 39 48 8 1 6 
7 8 0 14 63 2 9 5 
0 8 60 62 50 6 1 5 
7 3 45 23 75 4 1 0 
0 8 17 49 56 2 4 1 
4 9 1 37 9 5 3 9 
6 7 3 51 40 8 9 6 
2 1 32 40 63 4 5 2 
6 8 21 28 66 7 0 4 
4 9 19 52 35 1 8 4 
2 9 18 44 102 4 9 3 
6 8 33 70 72 2 6 1 
5 2 40 26 51 7 7 4 
6 5 57 34 74 3 6 1 
2 6 13 87 70 2 0 3 
1 8 29 69 45 6 9 9 
7 3 19 50 44 6 3 8 
1 4 2 68 58 7 4 5 
9 5 17 39 46 1 5 4 
5 6 36 50 57 2 3 9 
2 0 22 52 44 4 8 5 
2 9 19 56 76 4 3 5 
4 7 54 38 59 1 6 2 
6 0 29 43 60 1 2 0 
1 4 57 11 12 3 8 7 
9 4 34 46 63 3 2 1 
1 0 39 61 42 3 6 2 
8 2 31 46 23 7 0 2 
9 2 35 75 58 4 2 3 
5 1 7 30 23 3 3 1 
9 2 20 53 46 7 3 6 
3 8 2 52 83 3 3 0 
7 7 26 23 72 0 9 1 
9 8 43 77 82 5 5 5 
5 8 0 60 48 5 3 0 
5 3 21 16 29 6 5 4 
5 5 33 46 35 2 5 5 
7 4 22 47 62 5 6 1 
2 5 7 44 37 8 3 7 
6 3 14 44 41 3 6 4 
1 6 6 61 30 9 9 9 
3 1 38 31 72 2 0 5 
7 4 43 74 48 6 5 6 
2 6 27 89 35 6 2 9 
5 8 53 74 42 2 8 3 
7 0 22 33 54 7 0 3 
8 2 59 32 25 4 4 9 
5 3 55 76 57 7 0 2 
6 6 10 65 28 1 0 4 
1 4 11 50 46 4 2 0 
8 9 33 43 60 5 1 4 
8 1 0 11 24 7 2 5 
5 2 7 47 63 7 1 6 
8 8 44 53 64 0 8 6 
6 2 39 54 75 7 6 2 
3 4 24 20 35 0 9 6 
8 4 40 52 78 2 3 9 
0 1 18 31 60 7 2 8 
6 2 48 40 38 8 1 0 
3 2 37 49 0 8 7 1 
5 2 18 41 48 9 5 6 
2 8 34 19 60 3 8 8 
7 0 0 3 25 2 7 2 
6 6 11 49 78 7 5 3 
8 2 4 50 45 8 9 6 
8 4 1 80 68 7 2 8 
8 9 26 40 37 6 2 7 
3 8 34 58 59 6 9 6 
3 1 7 57 49 4 9 5 
1 6 50 38 77 8 2 7 
0 4 18 46 61 2 1 4 
3 4 31 27 78 9 8 3 
3 9 10 11 25 1 3 0 
8 5 40 42 53 4 1 7 
6 5 35 32 91 6 8 4 
5 5 16 49 52 5 4 4 
7 5 27 59 61 2 0 2 
8 2 47 17 100 3 8 1 
2 7 57 77 81 7 0 2 
0 6 21 60 26 3 2 3 
9 7 27 53 57 4 6 6 
9 2 29 54 52 7 2 1 
0 2 15 45 51 9 1 5 
5 5 23 84 40 4 2 1 
3 3 52 89 57 3 5 7 
9 9 22 37 52 0 5 8 
9 7 38 33 42 9 0 7 
7 2 32 81 34 2 2 9 
8 7 4 54 22 0 2 4 
4 9 0 40 37 7 4 5 
7 8 13 7 30 1 0 9 
4 3 18 28 77 5 7 6 
7 1 19 56 25 4 3 2 
0 3 25 68 12 0 8 2 
5 8 0 36 33 2 5 7 
3 6 36 81 63 9 8 3 
7 1 74 41 52 5 5 9 
6 4 29 50 32 1 1 4 
5 0 10 59 77 5 7 4 
4 2 0 85 35 7 1 0 
7 1 0 58 50 4 0 1 
8 4 28 55 80 7 1 8 
1 7 17 69 39 3 0 9 
6 3 67 79 77 6 1 6 
9 4 47 39 54 5 7 4 
3 9 16 32 13 2 1 5 
3 2 0 48 51 0 5 6 
1 8 2 32 53 4 5 9 
5 2 60 42 46 6 4 0 
8 5 10 22 69 0 5 6 
6 9 49 52 82 5 8 8 
7 1 43 91 42 6 6 4 
6 6 55 40 53 4 8 6 
9 6 15 26 46 6 4 4 
7 4 42 46 68 3 9 6 
4 1 18 47 75 4 4 9 
3 2 25 30 37 3 0 1 
3 7 31 49 74 6 3 1 
4 3 40 70 30 8 2 4 
3 9 51 51 57 7 0 5 
5 4 16 45 44 3 7 5 
8 3 32 59 62 9 2 0 
5 1 25 80 37 1 4 9 
0 3 0 42 67 0 7 0 
7 2 35 50 18 9 7 5 
0 7 34 60 42 0 0 7 
2 0 5 49 82 6 2 1 
3 9 28 45 47 1 8 8 
3 6 0 70 44 2 0 8 
4 2 36 22 87 9 1 8 
4 7 31 50 85 9 3 1 
6 0 29 31 24 8 9 8 
9 8 55 66 67 5 8 9 
6 8 45 41 66 6 6 5 
0 1 43 26 79 5 7 9 
9 4 27 29 68 2 5 7 
5 8 45 50 40 9 4 7 
6 7 52 66 48 3 6 9 
9 5 0 60 41 1 8 0 
7 0 27 60 19 6 2 1 
3 9 0 61 53 3 8 5 
6 8 40 93 102 9 7 5 
8 5 40 19 42 4 5 0 
0 6 11 35 10 1 8 5 
0 7 2 23 85 1 4 7 
4 0 43 74 42 4 5 2 
0 9 21 73 31 7 3 5 
9 0 65 50 30 5 6 2 
9 2 17 34 39 5 4 6 
2 8 0 51 74 1 6 7 
3 4 10 50 61 5 9 7 
8 4 16 46 42 9 1 4 
6 9 65 61 49 5 5 2 
2 2 24 28 7 0 2 4 
1 4 34 60 69 5 1 1 
0 9 35 59 42 3 1 4 
4 2 22 48 21 6 0 4 
2 4 67 82 30 2 7 0 
5 5 38 50 73 4 8 1 
2 0 36 36 61 4 8 6 
9 8 67 66 48 1 7 1 
4 7 22 42 70 5 4 5 
1 1 40 43 56 3 5 2 
8 7 35 43 54 0 9 2 
1 6 25 96 47 6 3 3 
3 9 0 48 84 2 5 8 
6 0 23 48 37 7 4 4 
5 9 37 61 26 7 7 9 
8 3 60 20 45 0 9 5 
4 3 50 17 38 8 6 4 
8 0 28 54 77 0 1 7 
2 5 28 36 52 6 6 2 
9 5 0 75 54 6 9 5 
8 2 69 19 70 5 3 8 
9 0 27 53 37 5 8 5 
7 9 12 71 56 0 1 3 
3 1 25 73 46 2 1 2 
9 4 36 43 25 5 3 4 
9 3 30 49 14 5 9 3 
2 9 71 58 37 2 4 7 
0 9 27 22 38 0 6 7 
0 2 17 42 34 0 3 7 
1 8 6 13 36 4 9 4 
7 8 74 73 42 3 0 7 
2 0 33 63 80 9 1 2 
0 6 90 84 39 5 3 0 
5 1 21 52 37 6 3 6 
8 3 20 8 77 1 8 9 
5 6 46 63 50 9 8 4 
3 5 15 79 40 6 3 1 
1 9 43 25 40 7 1 6 
7 7 11 49 27 2 3 0 
0 5 53 52 69 4 9 7 
1 8 31 62 58 2 8 7 
2 9 33 34 91 1 6 4 
6 5 11 12 55 4 8 2 
4 6 0 27 17 4 4 6 
9 8 9 52 42 1 3 6 
4 3 37 55 44 4 7 9 
2 4 47 93 66 1 3 8 
3 5 36 47 57 8 7 1 
1 0 21 32 45 4 7 2 
5 2 23 24 24 9 2 0 
7 5 34 22 46 6 4 8 
1 7 6 71 45 9 4 4 
9 6 8 9 48 2 2 4 
0 5 9 46 55 5 1 2 
7 5 32 55 48 2 0 2 
7 3 71 34 90 0 7 2 
0 8 56 78 27 6 9 8 
1 5 0 24 59 9 5 1 
1 9 16 7 50 3 2 1 
9 3 23 38 36 1 5 6 
7 4 35 53 39 2 1 4 
4 0 10 17 33 9 6 9 
9 6 24 49 47 1 7 7 
8 5 16 64 76 8 9 2 
9 0 49 49 14 9 3 7 
2 8 14 45 59 1 8 6 
3 4 50 56 43 3 3 6 
9 3 20 38 0 9 3 1 
3 3 41 20 66 2 4 5 
3 1 0 59 46 0 7 2 
7 3 62 38 33 1 0 6 
3 7 0 25 65 1 2 1 
6 4 28 40 43 6 8 4 
1 4 30 88 55 4 7 6 
4 9 5 22 24 5 4 6 
3 6 50 50 72 3 5 5 
8 9 17 44 37 9 6 2 
0 2 32 45 11 0 0 5 
6 4 36 45 57 7 3 7 
8 1 0 43 65 0 7 9 
3 8 33 12 19 0 2 5 
0 2 24 42 59 4 2 8 
4 1 33 52 36 0 5 6 
7 8 0 61 48 4 7 1 
2 9 22 24 68 5 1 9 
0 6 59 80 100 1 4 6 
9 8 27 61 61 2 6 2 
4 6 36 66 69 3 6 4 
1 6 39 46 64 8 6 5 
1 6 16 66 36 9 1 9 
6 4 36 54 56 7 8 5 
8 5 48 45 51 5 6 1 
3 3 12 44 41 8 7 8 
0 2 43 11 0 3 7 2 
1 0 38 53 43 5 6 6 
1 5 73 32 87 3 3 2 
6 1 5 35 51 6 8 2 
8 7 58 49 51 5 4 5 
1 7 41 46 31 1 1 8 
8 0 11 58 65 4 1 8 
1 5 39 73 64 6 1 5 
0 8 39 64 47 5 4 3 
3 7 44 41 59 8 9 8 
6 0 37 33 72 6 8 5 
9 6 34 98 45 5 3 4 
4 4 2 53 55 7 4 4 
2 9 5 9 33 2 4 1 
0 4 34 39 70 9 9 5 
3 6 16 33 85 4 2 0 
3 4 62 80 56 9 5 5 
0 4 0 34 45 4 2 6 
4 0 5 29 75 8 0 3 
3 1 21 54 9 9 3 2 
6 7 16 52 58 1 4 0 
2 6 3 70 28 2 9 0 
5 6 69 31 34 8 3 5 
0 5 31 38 71 3 6 2 
6 2 46 0 51 6 5 4 
2 5 17 44 9 4 3 7 
4 6 46 69 15 3 1 3 
0 8 29 75 33 2 3 4 
0 4 21 48 66 6 4 2 
7 1 83 62 52 1 0 7 
9 6 6 65 71 4 9 0 
4 0 32 62 63 8 9 6 
4 0 41 32 19 0 6 6 
0 9 49 45 21 7 3 6 
1 3 0 35 7 4 1 8 
1 8 50 60 71 3 4 3 
7 8 63 40 57 4 5 9 
5 4 40 34 40 9 9 8 
9 3 9 24 49 4 2 6 
0 7 35 60 77 3 1 2 
6 8 24 40 62 3 0 0 
7 2 30 37 66 1 3 4 
6 2 57 81 43 9 5 3 
2 7 31 46 60 3 9 4 
3 8 6 46 44 6 4 4 
1 6 39 68 40 4 0 8 
1 1 40 30 62 9 8 7 
4 5 25 39 75 8 6 2 
8 4 8 56 76 8 4 5 
0 9 29 64 61 3 3 5 
6 8 63 47 70 6 2 2 
2 7 23 17 67 9 5 9 
6 7 2 63 59 5 7 8 
9 3 25 53 37 3 1 4 
6 2 23 51 76 3 4 1 
5 7 32 63 61 9 0 2 
4 5 6 46 52 1 7 8 
1 3 22 55 29 7 2 0 
3 2 54 39 59 3 9 0 
7 2 14 66 12 4 3 7 
0 2 9 73 56 9 8 4 
0 6 53 7 82 7 9 5 
5 6 6 23 75 3 0 2 
5 0 10 61 73 5 3 7 
9 2 40 39 42 3 4 3 
7 6 28 69 82 4 7 6 
0 9 26 36 26 1 4 8 
5 2 0 14 52 4 1 0 
9 6 53 43 79 9 4 4 
2 0 24 16 73 3 3 9 
0 5 40 87 87 5 8 4 
2 3 50 42 86 4 8 8 
2 4 53 30 42 8 1 4 
3 1 40 34 65 8 7 6 
5 1 0 33 25 3 1 1 
9 9 22 53 45 0 4 2 
5 0 16 12 35 5 5 2 
5 5 7 14 31 7 9 0 
7 1 22 76 61 2 8 1 
8 8 11 45 0 2 2 6 
3 4 56 68 61 1 9 1 
2 4 23 50 75 6 0 9 
1 2 39 44 41 4 3 2 
4 2 6 33 40 2 1 8 
1 5 32 50 76 5 2 6 
5 9 13 71 4 1 9 0 
0 8 52 63 46 4 4 7 
2 4 5 30 58 9 3 6 
1 1 51 28 51 6 1 3 
1 4 12 78 76 9 9 3 
5 0 20 82 41 6 0 2 
3 3 19 41 38 4 6 5 
4 8 39 43 68 1 7 3 
0 1 38 25 63 2 7 8 
7 0 24 63 38 4 9 6 
0 6 30 28 45 2 7 0 
5 6 12 72 71 4 6 0 
4 1 23 55 54 9 1 2 
3 6 1 56 49 3 0 3 
2 0 11 33 7 2 6 3 
9 6 36 52 62 4 4 7 
5 3 37 35 42 6 4 2 
3 1 0 64 95 1 9 0 
8 5 36 57 42 3 9 6 
2 8 16 45 60 8 6 9 
7 3 24 55 72 1 0 7 
9 5 5 53 43 8 0 6 
4 7 74 39 71 9 5 8 
3 9 49 46 55 8 5 8 
9 9 63 12 33 2 1 9 
6 9 11 57 24 1 3 5 
9 5 49 38 69 1 3 3 
6 5 47 38 54 2 7 5 
8 6 20 66 68 6 0 6 
8 6 84 24 11 5 0 6 
0 2 31 55 49 1 5 1 
6 1 0 52 34 3 7 9 
5 5 46 83 35 9 9 1 
6 6 24 25 65 1 1 7 
2 9 15 36 19 7 9 5 
5 9 21 39 40 7 5 6 
5 2 25 0 29 9 8 6 
2 8 42 85 39 2 1 1 
7 0 23 32 27 8 1 7 
4 3 51 45 75 3 2 4 
2 1 7 56 57 7 5 2 
0 0 23 61 0 2 9 7 
8 4 31 22 47 3 7 2 
8 6 63 64 78 7 6 4 
3 2 48 64 58 8 8 5 
2 6 8 78 39 9 5 0 
7 5 27 35 67 8 2 9 
8 7 15 40 40 0 9 5 
6 0 32 41 49 2 9 9 
3 1 0 56 30 2 0 0 
8 1 34 38 55 7 5 0 
1 3 35 59 66 9 6 0 
9 1 5 81 33 4 9 6 
5 5 39 69 34 0 4 2 
8 4 52 42 53 5 3 1 
0 5 74 71 47 9 0 0 
3 6 1 44 25 6 0 6 
8 2 10 71 26 6 2 3 
4 9 0 48 52 9 5 9 
2 3 24 57 70 4 6 1 
3 2 26 47 52 9 4 1 
6 4 26 45 61 2 1 3 
6 3 0 58 94 5 7 0 
5 1 10 34 29 8 6 2 
2 7 3 10 42 7 9 0 
5 3 63 32 65 7 7 2 
3 4 82 66 28 2 9 7 
2 0 42 34 21 3 2 0 
8 0 56 62 62 4 1 0 
4 8 37 72 95 8 7 2 
0 7 24 54 72 7 1 0 
8 1 0 30 63 4 6 9 
9 3 54 58 67 6 3 2 
8 7 48 58 36 8 1 2 
2 2 30 69 61 0 1 6 
0 0 30 83 50 0 6 1 
3 6 33 53 31 1 7 6 
8 1 16 50 50 3 1 7 
1 9 24 43 25 2 6 8 
6 8 16 34 23 3 0 0 
5 4 55 48 42 8 3 8 
5 5 33 37 70 4 9 7 
8 6 76 23 60 7 9 4 
5 7 38 0 57 0 1 9 
2 2 29 47 65 0 7 8 
2 8 1 40 52 7 0 1 
0 3 21 25 38 3 4 4 
3 4 13 16 43 9 2 0 
9 1 13 50 83 3 4 1 
8 3 41 45 41 4 2 6 
5 8 91 65 49 2 2 1 
0 3 3 16 74 4 5 7 
1 1 31 39 40 1 2 8 
6 5 15 42 33 7 4 0 
6 5 55 85 8 8 5 0 
0 1 0 21 30 6 3 5 
3 6 2 62 49 0 0 5 
3 4 32 77 52 6 6 7 
5 7 25 57 89 0 0 8 
6 4 39 35 66 4 8 9 
1 7 23 23 42 5 3 0 
8 5 24 52 72 0 7 6 
2 0 18 88 66 1 9 1 
5 0 60 35 61 6 0 0 
4 1 7 40 19 9 6 2 
1 2 16 56 68 4 4 7 
9 8 15 49 29 2 4 3 
8 9 58 38 68 3 0 4 
1 2 56 30 85 5 4 6 
7 1 15 34 88 2 2 5 
5 4 27 91 39 1 1 6 
6 8 64 23 39 6 5 6 
2 7 34 66 87 6 7 4 
2 1 0 23 43 7 2 6 
4 6 31 61 41 6 8 1 
3 7 18 60 21 8 0 7 
4 5 33 28 31 2 0 6 
9 0 29 34 24 1 1 6 
7 8 11 82 55 8 7 6 
1 7 20 59 26 2 7 2 
8 7 46 59 59 4 3 6 
1 0 12 33 47 1 6 2 
3 0 72 45 26 9 3 3 
9 5 31 40 57 0 4 0 
8 7 21 28 55 8 2 3 
6 6 35 0 29 7 5 6 
7 2 17 77 38 0 1 1 
7 8 52 10 39 4 7 3 
5 0 26 43 60 0 8 4 
7 4 62 55 61 6 2 0 
6 1 57 22 29 4 7 1 
0 0 21 72 77 0 9 6 
2 7 0 33 51 2 8 0 
0 4 0 64 44 5 9 4 
7 1 34 53 51 3 0 6 
9 0 17 26 49 9 6 6 
2 1 37 56 45 5 5 7 
3 6 34 60 51 2 2 4 
0 2 47 57 30 4 8 6 
3 5 29 64 42 8 3 2 
4 7 35 68 61 8 8 9 
8 7 16 14 59 6 0 4 
2 7 41 64 65 8 3 8 
3 9 20 62 47 4 9 3 
7 9 25 85 36 3 3 7 
0 4 37 55 53 0 9 5 
4 8 50 60 47 4 5 4 
3 7 67 26 15 3 8 7 
3 8 27 31 93 4 9 0 
7 4 12 38 21 8 0 4 
6 6 17 72 84 8 5 5 
9 8 8 82 38 5 9 6 
1 7 42 58 29 8 3 1 
1 6 22 38 53 0 2 7 
1 6 47 27 43 6 4 0 
8 5 17 68 43 3 7 5 
4 3 48 41 46 3 2 7 
0 4 52 65 47 9 2 3 
4 6 40 25 64 2 8 4 
8 8 34 41 81 1 0 4 
4 3 59 14 48 0 8 2 
2 7 65 72 88 7 4 6 
1 8 60 32 45 0 3 5 
6 7 23 20 62 2 1 6 
0 5 35 69 36 7 6 8 
3 1 48 14 34 8 3 3 
5 7 10 61 25 5 6 5 
3 0 50 24 71 3 3 0 
9 2 5 76 50 7 6 8 
2 2 23 27 60 0 7 0 
8 7 45 21 51 0 6 2 
7 0 24 60 66 3 4 9 
8 0 7 0 39 1 2 5 
3 3 33 35 61 5 2 8 
5 0 19 38 40 5 4 8 
4 0 35 54 10 0 5 5 
9 0 5 21 43 3 5 4 
7 8 32 49 28 0 3 7 
8 1 43 56 51 5 3 3 
6 3 25 14 60 7 0 2 
4 5 11 63 49 4 0 3 
4 4 17 110 38 4 9 6 
2 9 35 32 53 7 8 3 
3 6 70 41 84 5 2 4 
0 2 6 66 49 1 3 1 
8 6 62 47 43 6 8 6 
3 3 79 31 53 6 9 8 
6 8 50 78 54 7 4 8 
8 4 57 54 70 8 7 2 
3 1 30 29 120 8 1 5 
1 5 13 63 32 5 0 2 
2 9 81 54 59 0 7 8 
5 0 61 77 65 7 4 3 
7 4 22 66 42 6 1 3 
2 6 12 26 17 9 7 1 
3 0 0 87 27 9 0 6 
8 4 59 41 16 4 1 3 
1 7 38 70 70 5 0 9 
9 2 27 28 52 3 3 1 
2 5 23 21 64 3 8 5 
2 3 46 94 49 7 9 7 
7 1 25 80 51 8 2 4 
9 6 36 78 65 7 9 1 
3 8 63 22 30 6 8 9 
9 5 29 76 73 4 6 1 
0 3 19 59 30 8 4 9 
4 8 50 63 87 3 2 7 
8 7 0 41 64 2 2 6 
0 6 38 69 89 1 2 6 
6 5 36 53 52 9 6 5 
5 1 42 70 70 1 1 3 
7 2 49 36 56 0 5 0 
3 4 37 71 35 4 3 3 
1 2 29 54 33 9 4 8 
9 0 22 46 54 7 5 9 
8 0 26 79 47 2 4 5 
5 9 49 77 57 1 3 0 
6 1 5 17 38 0 6 5 
3 5 39 56 57 6 7 8 
2 2 52 13 53 9 1 8 
2 1 67 60 53 6 7 1 
1 0 52 76 51 8 2 3 
3 0 0 19 11 6 4 8 
3 4 52 57 8 5 0 4 
7 2 19 42 34 6 7 1 
7 2 41 52 88 1 8 8 
6 0 26 72 54 5 9 1 
2 7 3 51 36 7 6 5 
4 1 10 32 79 9 6 7 
7 1 25 30 51 3 3 7 
6 4 32 29 41 3 6 2 
5 1 22 43 37 9 0 1 
6 4 50 23 56 2 4 0 
5 4 51 48 36 2 6 3 
3 4 30 79 67 0 7 9 
3 4 43 68 47 1 6 5 
0 0 25 74 76 7 1 1 
8 1 74 21 63 7 0 6 
2 1 54 30 27 7 7 9 
8 0 25 50 46 0 2 3 
8 2 0 60 19 0 1 6 
2 3 7 65 6 9 2 7 
2 9 35 36 89 1 3 0 
8 3 42 38 34 8 2 8 
9 3 11 54 54 4 3 4 
6 6 33 55 45 0 5 3 
6 6 0 53 78 6 0 1 
4 2 29 75 68 9 7 7 
1 9 28 88 17 1 3 6 
9 5 0 89 59 8 9 5 
7 8 42 58 52 7 2 3 
4 5 12 0 14 8 7 1 
9 1 30 59 50 2 8 5 
9 7 22 71 84 3 1 8 
3 9 20 42 70 9 1 9 
1 3 19 54 31 2 1 7 
1 4 23 65 40 9 8 8 
6 8 14 26 46 1 0 1 
7 3 8 68 8 7 5 1 
3 2 0 44 76 4 3 2 
6 2 28 47 63 9 0 4 
1 7 9 21 38 3 0 0 
8 7 24 10 56 4 5 7 
4 1 37 31 60 3 1 7 
3 0 23 108 67 9 3 3 
6 2 35 26 27 0 5 0 
3 1 10 15 34 6 9 3 
2 9 29 42 41 6 2 1 
9 7 32 29 40 6 1 2 
0 2 55 44 65 7 9 9 
6 1 38 58 52 5 7 9 
8 3 36 86 60 1 0 2 
8 2 8 41 45 8 0 8 
0 6 30 35 38 6 0 3 
5 3 57 85 52 4 6 5 
5 4 48 42 44 6 7 4 
8 7 48 48 36 4 3 2 
6 9 7 51 81 4 0 1 
4 2 3 52 17 8 5 4 
2 3 50 40 34 5 1 3 
9 2 34 89 48 1 7 1 
4 8 37 41 64 8 9 8 
5 5 4 63 68 4 5 7 
0 6 5 53 59 1 2 0 
4 4 23 29 100 7 5 4 
2 5 33 59 45 3 5 3 
0 3 35 22 49 3 1 4 
5 7 41 80 56 3 3 5 
9 2 26 31 63 6 2 2 
9 6 0 48 20 4 8 5 
8 5 32 73 52 8 2 1 
4 8 17 75 72 0 6 7 
4 4 49 45 66 9 0 0 
9 3 3 57 80 2 5 4 
4 6 19 52 47 0 6 1 
2 9 31 39 74 2 6 9 
1 4 24 49 50 8 7 4 
7 0 31 48 49 4 6 9 
6 8 44 36 41 3 3 0 
5 1 21 54 40 6 8 6 
0 8 15 37 51 1 8 9 
5 4 28 57 41 2 1 3 
0 7 19 75 50 2 5 9 
3 8 33 63 42 5 2 7 
3 6 27 38 47 4 4 6 
2 7 29 51 71 2 5 1 
3 5 65 64 34 7 1 6 
6 3 5 37 41 9 1 9 
5 4 58 67 82 4 8 6 
2 6 37 73 47 5 2 8 
7 7 20 51 26 8 7 4 
8 3 4 34 24 5 0 4 
9 2 10 42 49 0 3 6 
7 7 21 30 28 5 1 9 
6 8 16 49 14 6 7 3 
8 0 58 50 36 9 1 4 
2 1 5 54 45 5 5 0 
5 5 35 59 69 4 6 2 
6 6 7 57 29 5 0 1 
3 9 63 41 52 7 1 5 
5 5 53 76 55 3 5 6 
9 6 45 61 98 4 2 3 
6 5 35 70 66 1 5 0 
0 4 26 71 77 7 5 2 
8 4 65 44 32 9 9 9 
1 6 16 44 52 9 0 0 
7 9 55 10 52 4 2 7 
8 0 0 57 58 5 5 9 
9 0 19 42 56 6 1 8 
2 3 0 0 35 9 9 8 
2 4 81 20 56 5 7 1 
4 2 57 16 89 7 4 5 
4 5 22 40 25 3 3 0 
1 7 38 52 56 6 0 9 
5 8 0 40 29 7 0 1 
6 0 28 43 30 8 5 8 
2 1 37 74 80 1 0 0 
1 1 43 41 38 2 1 5 
8 8 14 50 42 6 6 6 
1 5 24 75 43 8 0 4 
2 7 0 47 33 7 4 0 
1 0 46 70 40 0 6 9 
6 2 43 41 86 3 1 3 
1 4 46 35 42 8 3 6 
4 4 50 40 80 8 0 7 
3 2 18 65 72 1 7 3 
3 6 56 35 24 2 7 4 
6 4 0 78 56 4 1 8 
8 5 37 10 7 4 0 6 
9 9 13 25 66 8 2 3 
0 9 47 56 44 5 0 6 
9 0 37 38 63 9 1 0 
0 7 17 58 38 1 9 9 
6 7 0 72 71 6 0 2 
2 6 14 30 52 3 8 6 
1 4 33 36 55 7 2 5 
8 0 16 59 40 2 5 3 
8 6 12 42 32 9 8 0 
7 2 20 76 51 2 8 1 
9 9 39 50 34 8 0 5 
4 5 0 49 60 9 4 6 
4 8 56 71 64 4 3 5 
0 6 0 53 45 8 3 4 
6 6 0 42 38 3 4 6 
2 3 41 51 57 5 3 7 
7 3 80 42 34 7 2 6 
0 9 13 43 17 9 6 2 
2 1 30 32 76 7 3 9 
1 2 26 94 39 8 3 0 
1 7 36 21 64 0 7 3 
3 0 13 76 14 2 1 9 
2 0 35 41 23 1 9 3 
5 7 59 30 61 4 6 9 
3 5 11 44 36 3 7 2 
9 8 10 67 87 4 7 3 
3 3 40 74 67 5 7 8 
2 1 0 63 68 6 9 9 
1 3 38 51 73 4 0 9 
0 8 55 31 59 9 2 4 
4 8 26 31 37 8 2 2 
7 2 35 37 33 7 2 0 
7 4 40 39 53 3 7 6 
8 8 25 57 60 9 7 3 
3 3 37 11 54 9 0 2 
1 8 36 81 76 4 8 6 
6 8 62 38 64 8 7 3 
3 3 3 81 42 3 2 6 
6 0 29 66 54 3 1 3 
1 1 42 47 52 9 2 7 
0 1 56 49 50 6 0 8 
2 1 16 33 40 5 8 8 
1 3 49 37 66 9 1 3 
3 7 39 50 52 4 9 6 
3 1 42 28 78 8 0 7 
8 1 9 88 64 5 0 2 
9 4 31 60 38 4 4 3 
5 1 81 46 70 7 1 5 
2 2 20 43 37 3 5 0 
9 5 38 29 52 8 0 0 
5 9 17 33 62 1 9 2 
7 2 31 32 74 7 6 4 
9 5 23 52 45 9 9 2 
7 9 41 45 51 2 4 0 
3 7 14 74 50 0 9 1 
3 8 30 35 31 3 1 3 
1 5 23 35 52 2 4 1 
0 5 25 43 55 6 1 9 
5 2 39 39 33 2 6 5 
2 1 35 50 14 6 1 8 
2 0 0 89 24 1 7 7 
6 4 11 39 0 2 0 4 
1 1 48 92 11 7 9 6 
8 8 20 70 48 6 4 8 
4 3 29 56 59 8 3 4 
0 8 57 35 15 3 2 2 
8 4 36 77 37 0 1 1 
5 7 25 50 69 4 2 8 
3 1 46 24 46 8 0 7 
8 1 9 42 52 7 0 0 
4 2 0 47 26 2 5 3 
5 5 53 26 65 9 4 3 
1 4 29 81 43 9 1 4 
1 5 32 39 29 4 6 8 
3 4 6 35 51 7 2 0 
1 8 42 57 38 3 3 9 
4 9 40 44 44 4 0 5 
5 9 4 51 67 1 4 0 
3 7 37 45 45 6 1 5 
8 6 47 85 36 3 0 4 
0 2 47 33 41 9 1 9 
2 5 38 49 25 2 8 5 
5 6 20 50 70 0 0 6 
9 7 12 66 82 2 0 6 
4 6 29 27 47 4 9 4 
0 8 8 63 48 4 1 3 
5 1 18 32 30 6 1 5 
5 3 25 34 67 2 1 0 
8 6 32 47 56 2 5 4 
3 7 35 47 54 7 5 5 
9 9 39 68 45 8 9 7 
7 9 39 67 41 3 6 5 
1 1 35 45 69 7 4 5 
6 0 56 60 68 5 2 9 
7 8 41 53 59 3 2 6 
3 4 34 67 32 3 2 0 
9 0 49 70 19 5 0 1 
2 0 30 6 52 9 6 6 
4 0 80 58 61 8 5 8 
9 9 1 34 47 3 6 9 
9 9 0 13 95 0 3 7 
9 2 45 81 11 9 1 4 
5 1 30 52 38 7 6 3 
1 3 47 18 68 5 1 0 
8 6 38 57 49 9 0 7 
9 8 61 40 49 7 9 4 
7 6 3 85 90 5 9 3 
7 2 12 46 66 0 9 8 
4 0 47 51 52 8 4 5 
5 5 39 63 38 3 1 6 
8 3 49 72 17 6 8 8 
9 4 28 57 47 6 4 1 
1 3 43 38 13 3 1 3 
5 1 71 62 50 0 8 0 
5 6 9 60 41 0 3 3 
6 7 46 73 24 9 0 4 
9 7 37 25 53 9 1 8 
6 4 24 76 71 3 2 5 
1 4 46 44 30 3 5 5 
1 7 82 58 26 2 6 7 
8 2 17 59 48 4 4 9 
1 3 25 50 15 3 7 9 
4 8 45 69 32 9 9 7 
7 0 45 28 51 1 9 5 
8 0 47 57 53 6 3 6 
1 9 10 71 36 1 9 5 
8 9 5 57 71 0 5 0 
8 3 77 74 29 9 1 9 
7 0 42 35 44 5 6 3 
7 0 46 62 33 0 7 0 
5 7 41 12 0 5 3 4 
6 3 44 56 52 0 6 7 
3 9 3 70 30 0 4 6 
9 7 18 83 23 6 8 4 
9 6 0 57 48 8 0 2 
9 8 0 72 22 9 6 6 
9 9 46 39 56 0 2 6 
0 8 30 43 39 2 1 0 
9 1 44 39 59 0 2 4 
2 1 47 0 53 4 1 6 
8 6 39 44 64 1 6 4 
5 1 64 51 38 7 2 8 
4 0 38 62 57 1 3 6 
3 9 40 73 46 5 5 2 
1 4 49 73 51 4 5 3 
3 6 59 63 39 0 3 7 
4 8 49 78 46 8 0 2 
7 2 9 51 81 8 7 8 
9 0 18 49 30 2 4 4 
1 4 50 52 71 5 8 3 
5 6 86 58 47 0 7 6 
0 1 22 27 0 0 2 1 
8 1 33 29 51 0 1 8 
5 3 26 52 29 0 6 0 
9 0 0 84 36 1 3 3 
3 0 4 35 45 6 7 7 
0 9 54 58 51 1 9 9 
8 6 48 83 62 6 9 3 
8 3 47 74 57 3 8 7 
4 8 31 36 33 5 6 5 
0 8 24 21 69 2 1 7 
6 4 15 62 56 5 6 1 
0 8 29 13 50 5 2 0 
9 6 27 36 68 3 6 3 
2 0 31 42 56 0 7 2 
7 6 17 48 44 0 4 0 
4 9 48 57 64 1 1 7 
8 8 35 49 7 0 7 0 
5 8 47 23 65 5 9 9 
9 8 51 32 52 1 6 0 
9 6 49 54 52 8 1 3 
9 4 51 50 8 9 5 6 
9 6 0 51 56 0 3 0 
2 0 48 66 0 8 5 5 
8 4 51 81 34 0 5 6 
5 8 14 26 8 6 6 6 
2 6 56 20 49 8 6 4 
5 1 37 70 2 4 3 3 
1 8 32 27 67 6 2 2 
8 7 41 39 44 8 2 4 
5 2 47 52 79 1 2 6 
6 3 40 43 33 8 3 1 
1 7 12 51 31 2 1 0 
5 3 16 80 69 9 1 7 
8 2 35 23 48 8 8 7 
4 2 34 54 41 8 2 8 
7 4 34 36 38 9 5 3 
0 0 28 77 19 0 8 3 
0 9 41 39 82 3 4 9 
7 5 2 31 66 4 5 4 
5 0 26 17 46 9 1 7 
5 1 38 74 45 0 6 8 
6 1 5 26 50 7 2 9 
6 2 0 49 29 4 3 8 
8 5 13 34 41 6 5 6 
8 9 53 20 7 4 2 8 
7 4 26 72 38 3 4 9 
2 4 0 85 39 3 0 0 
0 9 18 23 52 1 1 1 
9 6 26 31 52 6 1 0 
1 3 6 63 20 3 1 3 
2 0 22 87 52 8 5 3 
3 5 20 62 43 5 4 3 
3 9 32 28 0 6 4 4 
4 3 51 66 35 2 3 3 
2 8 13 69 29 2 3 2 
1 3 16 48 44 2 0 7 
0 2 4 74 35 4 5 8 
2 4 20 53 37 4 7 5 
0 4 26 11 38 4 1 2 
9 3 44 57 53 4 7 4 
1 6 30 64 82 7 9 3 
5 0 30 55 26 5 3 2 
9 6 31 50 25 7 7 2 
0 0 33 45 55 8 1 0 
8 0 17 74 56 6 9 6 
2 2 16 12 21 5 3 9 
0 7 13 69 39 4 6 1 
9 0 55 43 9 8 0 4 
9 3 27 46 37 2 7 0 
0 8 11 37 81 3 8 5 
4 7 39 53 44 7 9 1 
1 8 66 41 78 4 2 7 
8 8 39 53 78 8 2 1 
2 8 55 47 33 5 0 3 
7 2 22 65 91 6 2 3 
0 6 70 43 19 1 7 5 
4 8 7 44 59 3 3 6 
1 0 43 56 17 0 1 9 
9 5 13 33 43 0 9 8 
5 3 20 27 53 8 2 1 
7 6 5 50 38 1 3 1 
0 0 24 50 27 8 9 6 
4 8 39 46 41 4 6 0 
5 1 26 51 53 4 5 1 
1 2 29 68 46 7 6 4 
2 4 27 47 59 1 7 1 
0 8 6 28 71 7 7 9 
3 2 17 50 52 3 6 5 
1 9 48 55 42 1 1 8 
2 7 33 58 81 0 0 8 
3 6 18 75 31 5 1 3 
5 6 26 17 41 6 8 3 
4 1 13 35 58 3 2 4 
1 9 0 38 70 4 4 8 
1 8 44 42 59 5 8 0 
2 7 55 20 36 3 7 4 
2 1 35 51 48 1 4 1 
2 3 25 87 50 7 0 0 
3 7 17 64 39 9 1 3 
7 9 41 57 40 4 9 9 
3 0 19 52 44 0 3 7 
6 6 3 41 89 7 1 5 
5 0 55 59 57 4 9 0 
9 2 31 39 22 8 6 7 
7 5 35 48 61 0 4 9 
9 2 8 94 29 9 9 5 
0 5 33 78 79 4 6 9 
1 9 43 45 52 9 7 2 
7 6 22 38 66 4 8 8 
1 8 22 51 61 1 6 0 
2 2 24 68 55 9 0 1 
2 6 39 62 28 4 7 0 
2 8 32 56 109 9 5 3 
9 0 42 43 53 2 8 4 
2 7 6 18 82 6 9 0 
3 8 20 62 45 5 6 4 
3 9 48 40 41 4 0 4 
8 5 0 75 63 6 7 1 
9 6 22 70 91 0 3 9 
7 4 37 50 53 7 3 4 
2 9 25 31 41 9 4 7 
0 7 0 40 56 6 4 5 
1 0 24 31 87 7 6 8 
0 8 26 34 61 1 0 2 
6 4 48 36 55 8 7 3 
1 1 45 57 75 4 1 5 
7 6 0 73 55 4 8 9 
4 3 31 60 34 9 1 1 
9 0 42 23 38 7 0 9 
7 9 30 17 38 8 0 4 
5 2 47 22 30 4 1 6 
7 7 48 60 31 0 6 2 
2 8 0 42 55 4 1 6 
6 7 47 42 37 4 2 2 
9 6 27 36 25 4 1 4 
7 2 0 52 37 2 7 5 
5 1 49 35 8 9 6 4 
9 4 34 10 54 5 9 2 
9 5 42 78 49 7 5 5 
0 3 2 20 68 5 9 0 
1 3 32 66 75 3 3 1 
0 8 0 74 68 9 3 5 
4 9 12 59 42 9 7 0 
5 2 41 23 33 0 8 4 
3 4 25 48 78 2 8 5 
6 6 50 28 46 8 8 7 
9 3 18 54 49 2 5 0 
8 9 40 5 52 9 5 5 
6 3 0 37 47 4 5 2 
2 1 53 11 57 6 8 6 
0 9 43 14 28 8 1 5 
5 8 15 60 55 2 6 8 
4 6 59 69 63 9 5 1 
2 4 11 76 55 0 2 5 
6 4 22 25 69 5 9 7 
1 1 26 45 23 9 0 7 
0 2 64 76 30 4 3 2 
7 7 17 20 39 2 7 7 
0 9 0 59 50 0 2 0 
4 6 41 51 81 3 3 8 
7 9 18 60 48 5 4 1 
0 7 67 51 55 8 8 0 
0 4 55 70 67 4 5 8 
8 3 11 47 30 2 9 0 
7 5 23 44 22 6 3 6 
9 3 6 31 42 0 0 4 
4 2 33 41 49 2 8 5 
4 4 64 67 51 3 7 0 
9 9 36 19 43 7 4 6 
2 2 30 62 15 8 7 1 
4 2 35 14 54 2 2 2 
6 0 46 78 104 4 7 3 
2 2 38 53 53 1 5 9 
1 0 29 46 70 9 1 9 
2 5 51 3 55 3 9 9 
3 8 57 65 59 6 1 4 
3 2 44 69 36 2 7 4 
8 5 17 89 78 8 8 7 
0 5 30 52 53 1 4 0 
4 6 30 38 14 7 1 6 
7 7 8 48 58 0 8 7 
5 4 30 34 40 8 4 4 
5 7 15 96 64 1 4 4 
5 2 35 21 48 2 5 4 
1 9 24 56 29 5 1 7 
3 8 35 46 18 1 4 0 
9 1 16 74 29 6 7 2 
5 1 37 79 55 8 6 7 
0 8 42 86 90 3 9 6 
2 9 50 57 57 2 3 0 
9 8 33 22 90 3 8 4 
9 5 35 58 37 1 5 4 
6 8 11 71 48 5 6 0 
9 0 51 54 67 6 8 4 
8 7 51 29 61 3 6 5 
7 5 21 5 67 9 3 0 
4 9 25 61 39 8 6 2 
5 8 35 47 61 9 5 9 
5 8 33 52 48 9 1 1 
1 0 49 8 19 2 6 5 
7 5 2 45 29 4 0 9 
3 3 35 36 87 6 3 6 
6 5 37 53 37 0 7 8 
7 4 0 57 79 5 4 3 
1 6 31 46 10 0 9 8 
0 2 37 58 67 8 0 4 
2 2 0 31 60 8 2 6 
0 0 19 25 27 9 0 5 
4 7 0 49 57 9 0 5 
8 2 52 37 74 4 1 3 
4 5 63 3 64 1 0 3 
8 0 37 39 67 3 7 4 
4 8 67 50 69 1 1 6 
0 0 29 46 23 4 3 3 
7 9 52 62 33 0 9 4 
0 7 0 62 31 4 5 2 
1 2 21 72 49 9 3 6 
0 8 17 83 13 8 2 8 
6 3 29 57 25 2 6 9 
3 8 12 50 75 9 7 9 
0 3 58 45 88 0 7 9 
3 5 42 46 31 3 7 2 
5 7 45 42 33 5 2 1 
9 2 18 14 82 8 3 3 
5 4 65 63 99 0 7 7 
7 4 0 12 38 0 6 7 
5 6 12 38 43 9 6 9 
5 4 36 41 45 6 0 0 
8 2 12 55 58 9 7 8 
4 7 7 53 28 8 8 0 
6 6 18 58 30 3 6 1 
1 0 0 13 25 2 4 2 
0 7 58 78 68 1 0 8 
0 8 73 74 22 5 2 4 
0 5 48 50 57 7 0 2 
7 4 46 55 72 3 7 9 
2 3 45 89 38 0 2 1 
0 2 35 40 44 5 8 5 
8 5 0 39 75 6 4 8 
3 2 16 41 35 9 4 0 
0 3 7 24 45 1 9 8 
7 9 17 56 39 5 3 1 
1 6 48 68 53 0 7 0 
0 2 50 50 45 6 0 4 
6 9 61 51 74 3 7 3 
7 5 0 67 30 6 9 6 
3 3 20 35 69 6 6 2 
0 8 0 43 45 7 4 6 
1 4 29 15 73 0 2 3 
6 8 31 0 44 5 3 1 
1 4 3 42 9 9 5 3 
7 4 8 50 65 1 3 8 
2 4 7 41 34 9 6 2 
7 8 39 62 66 9 5 6 
9 0 70 51 25 8 2 6 
7 3 40 34 16 5 0 9 
3 4 3 47 66 6 9 0 
8 1 58 29 0 9 6 4 
6 9 59 39 51 8 2 7 
1 8 32 34 84 7 3 1 
6 6 32 54 34 6 4 6 
3 1 36 41 73 4 8 1 
4 2 35 33 33 3 0 2 
9 4 32 68 32 5 0 6 
6 3 16 34 33 2 7 6 
7 9 29 15 92 0 5 4 
3 9 15 42 36 8 3 6 
3 8 43 49 44 9 6 7 
2 5 12 49 74 0 7 9 
5 5 27 51 40 2 7 0 
5 6 38 22 38 8 2 9 
4 8 65 29 36 2 3 5 
5 7 0 43 44 6 9 6 
3 9 4 84 84 4 5 4 
3 9 31 62 38 5 1 8 
9 9 0 70 24 1 7 0 
1 3 11 82 49 6 9 0 
3 0 59 75 31 5 4 1 
3 7 29 42 35 9 1 3 
1 6 0 40 22 1 6 1 
1 5 39 34 48 1 0 5 
5 4 52 28 40 9 1 4 
0 9 22 60 57 0 8 8 
3 3 15 37 46 0 8 3 
9 0 13 69 33 2 5 3 
1 7 41 53 51 0 3 2 
3 9 13 47 63 6 1 0 
0 7 22 47 54 8 6 5 
3 7 28 18 48 7 0 4 
9 4 37 53 11 0 7 4 
0 5 32 72 21 6 6 9 
8 2 7 63 34 3 8 0 
4 0 13 62 54 9 0 1 
9 8 12 22 75 2 8 0 
3 8 8 61 83 1 5 4 
4 6 35 51 83 0 6 8 
5 1 26 67 74 8 3 6 
7 0 11 70 47 0 0 2 
4 2 56 69 38 7 9 5 
8 7 43 26 63 8 4 0 
7 4 19 74 79 8 0 2 
4 3 7 54 88 7 2 2 
4 7 27 40 46 3 6 9 
5 6 15 82 50 8 0 6 
5 4 17 41 56 2 4 3 
2 6 32 7 53 6 0 6 
5 1 18 49 64 0 5 7 
9 8 45 37 45 8 7 3 
9 6 0 24 21 6 1 3 
7 5 12 39 57 2 5 9 
7 6 47 66 72 4 0 9 
0 1 3 64 52 4 2 9 
6 6 30 31 36 8 6 7 
8 1 29 67 64 9 4 2 
4 6 22 57 54 1 3 1 
5 4 28 87 61 6 1 6 
2 7 22 69 41 6 0 5 
2 2 41 0 32 2 8 2 
0 6 48 46 54 7 6 8 
1 2 50 51 43 3 6 1 
7 0 6 42 29 4 4 5 
1 8 12 52 73 7 6 0 
7 8 22 22 71 7 3 8 
6 3 0 40 32 5 8 3 
6 6 4 86 55 0 3 8 
9 7 3 54 67 7 4 3 
8 4 37 48 46 4 3 9 
2 5 12 45 50 6 3 6 
4 0 19 40 53 9 0 6 
1 2 0 33 66 6 3 8 
4 7 19 74 69 9 3 2 
7 4 0 27 44 3 2 5 
4 5 70 82 25 0 9 3 
7 8 25 15 47 6 2 7 
3 6 27 64 48 5 1 5 
9 0 28 35 32 2 3 8 
5 5 41 16 80 4 0 8 
4 0 25 72 28 8 1 8 
0 6 30 32 34 3 2 9 
1 0 4 42 49 8 9 0 
8 5 53 71 78 3 6 3 
7 7 12 33 31 7 0 8 
6 7 29 33 48 2 5 6 
4 1 24 36 4 9 6 8 
9 6 1 61 61 1 8 8 
7 2 19 71 47 7 1 6 
3 6 32 33 39 3 9 3 
8 6 4 105 64 5 3 4 
3 3 0 25 59 1 5 7 
2 1 24 17 63 2 6 2 
8 9 32 72 68 5 9 7 
0 0 7 44 66 3 2 5 
3 0 3 26 17 4 3 3 
1 8 50 16 26 9 0 3 
0 4 0 29 59 4 2 0 
1 5 30 36 69 7 3 8 
5 9 22 15 78 6 4 4 
3 8 62 12 34 5 5 8 
1 2 57 89 82 9 6 4 
0 5 1 83 49 4 6 2 
4 1 22 15 56 5 6 1 
3 6 8 56 45 2 3 9 
5 6 32 27 28 6 2 4 
9 4 53 36 42 1 1 9 
6 3 21 64 51 1 8 9 
1 3 23 17 73 4 2 8 
4 2 37 55 54 2 2 9 
0 6 0 55 75 0 3 3 
0 0 66 41 49 5 3 4 
4 7 39 43 44 0 5 2 
5 4 48 41 61 6 1 0 
7 0 23 21 52 9 9 8 
8 5 13 52 40 3 4 8 
6 2 6 61 30 6 1 3 
2 4 44 17 66 6 8 4 
0 6 25 26 27 8 9 9 
7 4 21 51 12 1 9 7 
7 3 50 54 91 7 2 7 
5 3 45 69 26 4 9 3 
4 1 16 65 78 6 7 3 
4 0 31 49 55 6 8 5 
9 0 18 83 53 5 7 9 
1 7 53 47 77 3 2 9 
3 2 47 41 58 2 2 7 
4 9 0 51 35 7 2 5 
0 9 69 41 65 3 0 0 
5 1 55 83 47 5 6 4 
9 0 27 43 45 4 9 1 
3 3 56 52 7 4 2 8 
9 4 20 21 46 9 2 6 
5 6 62 53 29 9 7 1 
0 5 40 49 38 9 6 4 
0 4 2 60 34 6 7 2 
7 3 53 44 60 1 3 1 
3 2 11 51 34 9 9 4 
9 9 0 93 27 4 4 9 
4 5 11 38 52 7 1 8 
8 2 13 66 21 3 3 3 
6 7 17 67 53 8 7 0 
6 6 0 35 44 0 4 0 
6 5 36 71 54 0 8 2 
4 1 0 42 57 8 3 8 
6 1 5 39 35 7 1 9 
7 8 19 32 76 3 7 7 
4 7 25 48 34 2 7 5 
4 1 27 65 66 9 0 4 
5 7 57 68 77 7 0 7 
0 9 30 49 68 7 9 9 
0 8 22 73 64 5 7 1 
8 6 32 49 66 1 9 0 
4 0 33 40 34 3 8 1 
6 3 33 24 59 4 2 9 
9 9 37 87 53 3 5 9 
9 3 17 58 55 6 8 6 
8 7 33 51 44 2 9 9 
5 7 16 60 74 6 8 5 
6 6 23 62 54 8 6 7 
5 5 29 57 53 7 6 7 
8 9 35 38 43 0 2 4 
9 2 0 29 52 3 0 2 
9 8 11 83 79 0 5 3 
0 7 26 51 59 0 4 7 
4 2 45 12 38 8 8 6 
3 3 49 49 60 8 6 6 
7 2 71 41 38 2 0 6 
6 6 29 76 64 6 6 2 
7 2 50 55 33 8 0 0 
3 7 16 58 38 1 7 4 
9 5 52 39 41 2 7 5 
2 5 12 67 65 7 2 4 
4 0 27 30 41 8 4 1 
7 5 40 58 67 5 9 2 
1 4 52 67 62 1 6 3 
1 4 2 64 36 9 1 5 
9 2 17 66 50 5 3 6 
6 1 0 26 40 0 7 2 
9 6 31 75 66 0 0 5 
3 8 33 70 32 0 9 7 
7 6 0 29 56 5 8 2 
3 6 20 63 51 9 9 2 
5 2 44 75 28 7 2 2 
4 4 22 29 32 2 5 9 
0 0 18 59 23 8 4 4 
5 5 0 49 33 1 1 0 
1 9 42 44 57 5 4 5 
0 3 38 25 51 7 2 4 
3 6 18 43 53 7 7 3 
4 9 19 31 66 4 5 5 
9 8 11 49 42 6 0 9 
3 8 7 50 52 9 0 0 
5 1 26 25 47 6 8 0 
3 5 50 55 39 4 8 8 
9 7 23 59 46 9 4 6 
4 3 0 41 24 1 3 4 
4 8 4 63 44 2 7 3 
4 4 39 69 43 5 6 1 
5 7 25 65 16 5 1 5 
3 2 53 42 44 3 7 5 
9 0 29 51 73 0 3 8 
8 6 19 58 57 8 1 6 
6 7 33 27 62 6 1 5 
5 5 32 20 51 3 3 1 
6 8 36 72 19 2 4 0 
7 0 30 9 75 4 3 6 
9 5 8 38 29 6 2 9 
1 0 0 78 46 9 4 8 
9 5 43 53 78 3 1 5 
4 0 15 54 72 7 6 9 
8 8 0 32 46 0 5 0 
4 7 60 62 41 5 8 6 
3 9 50 39 54 7 7 6 
1 4 0 30 72 1 1 7 
0 3 37 58 55 1 2 4 
7 8 69 49 27 3 4 7 
8 6 60 84 70 3 5 3 
9 0 28 57 56 6 3 6 
7 1 54 40 33 5 9 9 
9 3 45 43 58 0 4 9 
4 0 0 50 53 6 6 9 
1 5 80 61 88 7 2 8 
3 0 18 42 47 4 2 5 
9 0 29 48 60 4 7 8 
4 4 0 31 40 6 9 9 
5 8 50 32 31 4 0 9 
0 5 22 51 16 3 5 7 
9 0 41 20 75 9 7 9 
5 1 29 67 10 5 8 2 
4 7 19 54 64 0 5 8 
0 7 8 24 58 5 5 8 
2 6 0 50 11 9 4 6 
8 7 11 26 42 6 2 1 
7 2 30 74 72 7 3 2 
7 8 43 62 19 1 6 6 
5 2 19 19 75 0 6 5 
8 2 28 27 58 3 0 6 
6 7 3 44 61 1 3 9 
3 7 29 37 72 6 6 5 
7 1 41 47 10 5 4 5 
8 8 51 84 32 2 3 9 
1 0 75 49 11 1 4 7 
4 0 38 66 28 1 1 0 
8 4 74 27 41 4 0 8 
9 8 49 48 65 7 8 3 
3 6 32 43 30 8 6 3 
9 7 45 41 18 2 8 4 
9 8 40 50 21 2 0 2 
4 2 50 33 36 3 5 3 
6 8 31 56 22 3 0 2 
0 6 44 55 38 5 7 7 
7 3 16 21 41 8 4 6 
8 4 15 52 42 8 3 6 
7 8 44 35 30 5 8 0 
7 5 36 22 55 9 2 0 
4 9 36 80 40 6 2 3 
0 8 28 25 18 8 5 5 
4 7 70 37 81 5 5 8 
3 5 38 60 61 1 1 3 
7 6 10 71 39 0 5 1 
9 7 29 52 40 5 3 7 
3 1 25 68 23 3 9 8 
3 4 42 57 47 9 7 7 
9 6 53 36 49 3 3 4 
3 3 38 36 94 3 4 0 
9 3 14 37 76 2 9 8 
5 7 22 49 13 2 8 5 
4 1 18 41 4 3 5 3 
1 6 20 69 19 4 3 5 
7 6 33 48 16 1 4 6 
4 9 26 57 59 2 6 5 
2 6 26 75 48 6 6 9 
9 0 44 30 29 0 9 6 
0 2 40 41 18 1 8 4 
9 4 48 48 46 5 2 4 
5 8 32 97 41 2 7 0 
8 5 26 77 19 9 4 5 
4 6 0 48 44 6 2 8 
0 6 66 38 58 9 4 8 
6 4 4 44 79 7 6 4 
8 5 27 34 77 8 4 8 
4 7 37 43 68 1 4 9 
6 5 41 52 57 7 1 0 
1 6 24 47 23 7 5 6 
6 6 71 38 44 6 4 9 
2 4 27 70 41 0 4 1 
9 6 51 63 18 4 5 4 
7 2 53 42 90 4 4 1 
1 8 8 84 102 3 7 1 
3 4 62 54 72 6 6 6 
6 6 42 52 43 6 8 3 
3 0 42 67 28 0 6 4 
1 2 25 92 39 6 8 9 
4 2 16 25 15 5 6 0 
9 3 44 43 34 9 4 9 
9 4 33 34 42 5 2 7 
7 0 31 98 42 5 0 6 
8 1 52 8 44 8 6 4 
1 0 59 20 64 0 3 9 
6 0 24 46 47 2 8 1 
4 6 22 52 16 7 5 4 
2 8 5 40 33 0 8 8 
3 9 28 65 43 0 0 6 
0 2 10 57 72 8 3 4 
9 0 45 78 59 3 8 4 
5 4 46 79 55 2 3 2 
8 8 22 61 62 9 5 1 
5 8 55 56 20 0 8 5 
5 3 26 68 45 8 5 8 
6 2 0 79 19 0 4 4 
6 9 44 49 48 2 6 0 
3 1 43 63 42 6 7 1 
2 8 9 73 11 5 8 7 
8 6 19 30 54 4 2 1 
3 0 0 46 45 7 4 3 
9 9 0 62 54 6 7 5 
5 8 15 40 47 9 4 7 
9 0 37 71 30 0 7 3 
9 2 17 25 47 4 5 5 
3 3 59 49 32 0 5 6 
0 0 32 18 71 7 6 6 
9 7 30 59 48 2 4 9 
9 7 51 58 64 8 7 3 
8 7 0 56 93 2 7 1 
3 6 48 51 52 2 0 5 
7 1 43 68 86 3 0 1 
4 0 18 78 64 4 1 6 
0 8 34 89 3 1 9 6 
0 8 39 58 43 6 5 7 
1 1 7 76 45 8 2 7 
3 8 3 71 55 9 1 4 
0 4 20 67 55 1 8 9 
9 7 51 25 47 8 4 1 
1 5 80 59 98 9 1 2 
0 9 37 36 67 1 0 9 
4 5 4 33 23 7 6 2 
4 1 40 40 46 2 4 2 
0 2 50 42 40 9 8 1 
1 1 44 31 63 9 9 0 
8 4 12 55 30 6 0 5 
3 9 49 41 60 5 9 7 
5 8 30 46 60 7 3 3 
4 0 37 23 74 0 7 7 
6 5 22 69 9 8 3 1 
7 2 0 32 60 1 5 0 
4 2 10 32 30 7 2 4 
6 3 49 44 43 1 6 8 
4 4 54 16 18 3 4 9 
4 4 17 59 37 0 6 4 
8 5 6 48 9 7 7 2 
7 4 48 58 37 9 2 9 
2 0 38 54 29 9 9 9 
4 5 23 15 25 8 3 4 
7 7 25 28 31 3 9 2 
9 3 0 61 83 1 2 3 
2 0 39 52 80 7 8 2 
9 6 41 58 103 9 9 0 
7 4 42 47 39 4 6 4 
4 7 45 57 66 8 8 5 
2 1 26 45 20 0 9 9 
1 9 41 66 57 8 7 1 
4 9 4 0 47 6 8 4 
9 1 0 31 49 0 5 2 
9 7 4 35 29 1 5 5 
2 1 34 20 65 7 6 0 
7 0 39 84 80 5 8 5 
6 2 40 18 64 1 8 3 
7 6 46 45 62 2 6 0 
8 8 57 38 67 6 1 8 
3 9 36 71 58 6 9 5 
2 0 32 39 90 9 5 6 
9 7 7 91 0 3 8 0 
1 3 29 58 31 2 8 7 
0 3 24 31 30 2 8 7 
3 9 40 67 28 3 7 1 
8 1 33 42 24 8 1 9 
4 7 58 48 39 7 2 2 
0 3 55 56 66 1 5 1 
9 3 14 61 66 3 3 5 
3 4 16 71 44 8 9 4 
6 2 18 67 28 3 8 3 
7 4 39 68 43 9 6 1 
0 6 46 24 42 9 3 3 
6 4 62 32 35 7 7 1 
0 6 4 49 40 7 3 9 
6 4 10 30 19 1 3 0 
5 0 47 48 61 4 1 8 
3 0 15 53 47 3 7 3 
1 8 2 47 17 0 4 5 
2 8 25 6 69 7 5 8 
0 6 14 56 63 1 3 8 
0 9 28 56 38 1 3 8 
5 8 73 51 58 4 9 4 
2 3 28 6 50 1 8 4 
2 1 32 28 21 6 0 4 
0 7 42 50 58 0 2 0 
0 2 42 49 38 7 4 2 
7 1 45 42 62 0 2 1 
9 3 39 30 52 4 0 3 
8 9 50 27 54 1 3 1 
6 7 32 72 44 3 7 0 
2 1 36 12 44 6 6 8 
2 2 20 42 47 6 9 2 
8 6 22 55 58 9 2 2 
5 2 7 57 49 9 5 9 
2 6 26 44 91 4 3 5 
4 9 50 55 37 5 1 0 
8 4 24 67 72 6 0 6 
2 3 45 28 64 3 8 5 
5 9 54 43 47 6 3 6 
3 1 38 43 69 4 2 6 
8 3 44 46 50 8 9 7 
9 0 66 99 90 7 1 7 
1 5 53 25 47 6 0 3 
4 7 44 71 40 6 1 8 
5 1 45 40 26 5 7 0 
9 3 0 71 65 7 2 5 
7 5 44 66 81 1 5 9 
3 3 13 75 58 3 1 8 
4 9 24 59 32 4 8 4 
1 7 26 60 69 5 3 8 
0 8 57 36 71 3 4 2 
4 7 53 43 36 2 2 0 
2 2 55 34 28 8 3 8 
9 4 8 37 46 4 6 8 
0 4 20 80 72 0 5 7 
2 4 22 67 57 1 0 6 
9 9 67 46 50 7 4 1 
8 0 59 47 49 3 7 3 
6 0 43 69 38 2 4 8 
7 1 0 61 42 6 6 7 
9 9 29 44 28 8 3 2 
4 3 40 55 65 9 8 1 
3 6 33 51 45 9 4 0 
1 5 30 54 76 6 1 6 
5 4 20 23 79 3 7 1 
5 0 65 18 46 0 6 1 
0 0 10 57 42 1 2 9 
2 0 0 72 38 3 1 1 
1 1 35 57 32 4 4 9 
4 9 29 49 72 8 1 2 
5 4 28 64 66 3 7 1 
8 4 5 26 64 8 2 0 
7 2 50 67 74 6 8 0 
6 0 24 83 32 7 1 0 
2 8 34 41 51 1 4 1 
7 6 27 53 44 9 3 5 
5 5 26 61 72 0 7 9 
3 7 21 61 13 9 0 4 
1 1 0 60 63 9 6 5 
9 9 44 63 66 5 9 2 
9 4 37 43 45 5 1 5 
3 6 30 24 27 3 0 4 
2 3 44 79 42 2 9 9 
4 8 46 17 44 3 5 7 
6 6 50 63 63 9 3 6 
6 8 64 78 51 5 3 3 
2 7 33 71 36 7 5 0 
8 2 17 75 47 0 6 5 
6 6 11 35 37 4 6 2 
3 4 2 20 37 0 4 1 
7 9 27 26 67 1 2 0 
9 6 67 89 99 8 4 2 
4 4 33 46 66 2 9 6 
8 3 0 46 52 4 4 3 
7 8 37 56 35 3 7 9 
8 2 19 29 21 6 3 9 
0 9 63 49 47 9 3 4 
7 4 52 50 45 6 4 8 
2 3 31 50 71 6 3 7 
4 7 49 21 53 4 9 7 
8 5 25 29 81 5 4 7 
4 9 40 38 51 6 2 3 
4 0 42 46 40 8 6 1 
3 5 1 70 27 5 9 8 
6 7 37 14 39 8 6 8 
4 8 51 30 46 7 7 6 
1 2 24 20 60 7 6 3 
5 0 26 26 33 0 9 0 
9 8 0 45 74 2 8 8 
6 7 47 2 41 1 6 7 
9 6 1 43 65 6 3 7 
9 0 25 91 63 6 1 5 
5 8 1 71 47 5 9 4 
6 7 37 27 85 5 0 0 
1 7 66 64 28 6 1 2 
9 6 44 53 22 5 3 7 
6 8 49 17 54 6 4 8 
7 8 7 54 47 8 6 0 
7 7 57 47 42 0 1 0 
6 3 44 51 72 5 9 0 
6 6 14 86 68 3 4 9 
9 4 42 57 53 2 0 5 
0 8 14 63 43 2 1 8 
2 5 31 32 89 4 8 1 
0 6 26 51 20 7 8 3 
7 0 42 37 25 3 6 3 
0 8 0 54 39 6 5 7 
5 7 50 44 63 8 4 3 
4 5 64 47 46 0 8 0 
9 9 11 55 59 7 6 4 
1 6 31 84 24 1 4 2 
2 2 58 45 66 9 0 4 
0 2 0 42 40 7 8 9 
7 6 25 72 38 4 3 8 
1 3 24 70 62 1 2 3 
7 7 60 66 44 5 7 7 
3 1 38 64 65 1 5 6 
5 5 4 48 44 1 8 1 
1 2 31 68 61 0 0 5 
4 0 26 40 24 5 7 7 
8 9 0 52 57 2 1 0 
8 8 14 55 58 7 9 5 
1 1 17 50 31 8 5 8 
3 7 39 46 39 3 6 2 
1 2 41 54 40 7 6 9 
3 8 26 65 53 3 6 9 
3 6 33 61 51 4 0 8 
3 7 22 64 38 8 7 1 
9 3 26 62 45 4 1 8 
1 6 45 45 51 5 1 1 
1 9 30 51 101 1 5 8 
4 4 35 28 17 9 1 5 
5 3 10 14 12 6 8 2 
1 2 23 58 20 9 5 3 
0 1 51 70 55 0 4 2 
3 8 14 32 60 3 2 2 
9 3 15 29 6 2 6 8 
3 7 48 63 40 8 6 6 
4 9 0 52 71 9 2 5 
0 6 35 0 41 4 7 3 
4 1 0 42 61 5 3 7 
8 9 0 48 63 0 5 6 
3 0 29 58 51 7 6 5 
8 1 35 20 43 0 4 3 
5 9 39 48 46 8 1 9 
7 2 0 44 41 9 2 7 
1 7 9 13 51 7 3 5 
1 2 35 53 71 6 9 7 
2 7 27 4 60 4 8 1 
8 2 115 58 52 3 4 8 
6 0 46 34 49 9 7 4 
5 5 57 52 11 6 6 4 
2 1 46 61 76 5 8 5 
0 9 29 39 21 0 9 7 
6 9 34 65 71 7 8 7 
2 2 32 60 16 1 1 5 
7 7 17 76 60 3 4 5 
7 5 41 30 53 0 4 6 
5 3 8 78 77 2 6 1 
0 6 6 46 69 0 7 8 
7 6 66 61 86 1 6 5 
9 6 0 44 49 6 9 5 
4 2 7 55 36 1 5 0 
7 1 27 31 52 3 2 3 
4 1 0 36 84 3 4 4 
1 5 2 48 49 5 7 6 
3 0 28 25 70 5 6 5 
0 3 7 25 31 6 8 9 
0 3 2 56 62 7 6 8 
8 8 67 42 37 6 5 6 
3 4 69 50 26 1 4 4 
9 1 32 41 49 7 5 8 
4 9 24 86 50 9 1 1 
7 8 42 70 62 5 3 1 
0 0 16 44 39 1 2 6 
3 9 13 46 38 2 7 0 
5 6 80 21 69 7 2 1 
1 5 23 38 28 8 1 0 
6 6 47 43 56 6 3 5 
9 4 37 60 47 1 2 1 
1 6 38 69 80 7 0 5 
7 5 7 34 59 5 8 4 
0 9 31 71 21 8 4 9 
3 0 51 16 50 7 6 6 
0 1 43 52 30 5 0 5 
5 4 21 32 60 4 7 8 
9 7 0 95 74 2 6 8 
0 8 48 52 34 4 0 2 
5 6 0 48 47 0 5 7 
2 5 35 59 52 1 0 1 
0 0 62 65 88 1 2 9 
0 1 42 53 55 8 8 8 
5 7 59 50 62 2 0 5 
6 8 15 57 36 8 4 9 
7 3 31 10 54 8 4 2 
9 2 4 27 51 9 7 6 
8 6 44 87 50 7 4 5 
3 2 45 34 38 6 2 6 
4 3 50 37 59 2 8 8 
9 0 64 34 63 0 9 2 
6 1 0 42 54 3 6 9 
7 6 30 62 68 0 0 1 
1 2 32 46 39 7 9 5 
9 6 44 48 50 3 2 8 
