8 2700
1 6 71 71 31 8 1 3 
1 5 36 43 32 1 7 9 
4 4 57 42 58 3 7 4 
7 1 62 44 37 6 3 3 
1 0 52 60 78 9 0 1 
1 9 38 73 60 9 5 7 
9 4 33 59 48 6 4 7 
6 7 15 57 36 2 7 3 
5 9 43 56 59 9 4 6 
0 9 44 47 49 7 7 4 
1 9 29 57 46 5 9 6 
4 5 27 33 35 6 6 1 
1 2 40 56 90 2 2 5 
9 6 25 23 61 7 3 2 
3 7 32 30 72 9 9 8 
8 0 4 58 88 4 0 4 
8 6 79 29 23 7 9 1 
3 2 58 52 38 9 7 2 
3 3 25 56 62 8 1 8 
8 5 48 74 0 1 1 3 
9 3 29 36 57 9 6 2 
8 4 41 41 24 4 0 8 
6 6 42 40 64 2 8 3 
8 8 28 43 21 6 7 3 
3 6 30 52 61 8 7 6 
1 6 33 24 104 6 3 1 
7 4 15 83 50 3 9 2 
7 6 27 50 48 0 4 1 
7 7 47 60 30 0 9 4 
5 5 7 40 42 0 4 1 
1 1 8 81 60 5 8 4 
1 8 0 32 61 5 2 9 
0 8 31 75 34 4 3 9 
1 5 17 85 60 1 8 7 
5 8 7 35 45 7 5 2 
7 4 10 47 42 8 5 9 
2 2 28 109 50 5 0 4 
0 3 9 74 20 0 4 5 
6 0 65 29 44 0 2 1 
5 2 21 51 80 7 9 8 
9 5 25 51 69 6 9 7 
8 5 31 15 29 5 4 0 
6 5 28 24 26 4 5 2 
8 5 39 47 77 8 5 2 
9 2 34 47 24 8 4 4 
0 0 39 72 27 3 2 0 
1 1 9 23 82 4 4 0 
2 2 8 51 52 0 7 4 
4 1 38 63 39 8 7 8 
4 9 37 4 81 9 3 1 
6 0 38 28 61 6 9 8 
6 8 51 61 18 9 4 3 
7 8 46 100 13 3 5 7 
6 9 47 59 32 5 9 9 
2 3 7 55 81 3 5 5 
8 0 0 42 65 4 5 6 
3 0 33 64 70 8 2 1 
9 6 2 49 45 1 4 6 
6 5 0 44 67 7 3 1 
3 1 66 72 83 4 2 4 
2 4 47 31 44 0 2 7 
2 3 18 71 37 6 5 0 
3 6 34 71 26 1 2 4 
9 5 43 67 56 8 2 1 
7 6 56 0 55 0 5 3 
8 8 19 27 47 4 0 5 
1 9 41 61 6 2 3 3 
4 4 53 31 33 7 7 5 
9 4 3 44 89 6 6 2 
0 8 19 42 70 0 2 1 
9 4 46 68 14 8 3 6 
5 9 24 47 14 1 2 0 
2 4 35 23 28 1 7 5 
1 6 46 51 78 2 1 9 
3 6 11 22 30 7 6 8 
1 5 60 72 13 7 8 7 
5 6 12 44 57 4 6 8 
0 5 26 27 51 6 6 0 
2 5 38 93 50 7 3 1 
2 3 45 65 25 9 8 0 
1 3 65 24 58 0 9 8 
1 5 34 26 42 2 1 8 
1 8 72 81 50 5 5 4 
1 0 13 94 17 3 1 2 
5 9 0 40 24 1 8 7 
1 4 51 42 48 7 6 5 
2 5 36 56 41 3 1 2 
0 9 19 75 66 9 0 6 
3 3 26 59 42 9 2 5 
5 3 7 58 34 3 2 5 
1 8 4 90 70 3 0 1 
4 2 24 35 28 1 1 9 
1 1 1 74 64 4 3 1 
1 4 62 39 73 3 1 9 
0 7 52 64 47 7 2 9 
1 2 20 71 11 6 7 5 
8 5 13 85 47 3 6 1 
9 3 48 32 46 7 6 7 
1 3 26 34 38 9 2 7 
9 5 34 64 63 1 2 0 
4 2 20 54 84 5 3 6 
1 3 13 41 74 2 9 7 
9 3 17 36 47 1 5 1 
8 6 22 57 16 5 7 4 
8 5 40 33 39 5 4 3 
4 0 30 66 28 6 6 5 
4 6 53 50 55 7 7 9 
1 5 12 60 57 0 9 0 
1 2 14 82 48 6 7 9 
8 5 0 37 34 4 3 3 
2 0 24 49 70 8 7 8 
9 2 24 81 59 7 8 2 
2 9 41 25 1 1 1 4 
9 3 52 67 42 8 5 1 
2 4 35 52 60 5 6 4 
6 1 20 54 69 9 9 9 
0 8 54 55 46 6 6 2 
9 4 42 56 50 8 1 7 
9 0 0 42 41 2 7 9 
0 9 51 35 8 6 8 2 
9 0 40 24 56 9 9 7 
2 4 44 10 66 6 8 5 
2 0 0 31 50 6 3 7 
3 6 45 55 27 4 2 2 
6 3 15 24 84 4 2 9 
4 3 15 80 81 5 2 6 
0 5 41 41 46 3 3 6 
8 2 57 92 60 6 8 0 
4 5 8 57 73 9 2 1 
1 3 10 35 63 2 7 7 
0 5 54 54 77 3 7 6 
1 5 36 51 59 7 9 2 
1 4 52 53 81 3 9 9 
4 8 27 15 53 1 5 8 
7 2 42 78 48 8 5 5 
1 7 30 53 30 3 2 3 
6 5 61 58 28 1 5 6 
9 7 35 24 34 1 0 8 
3 7 13 54 33 6 5 4 
6 9 70 37 20 0 9 7 
9 7 34 39 82 9 9 3 
5 3 21 9 59 9 5 4 
2 5 28 51 63 0 2 0 
6 1 68 69 56 1 5 5 
7 2 20 73 48 3 4 2 
0 3 47 34 32 9 1 5 
9 2 44 19 61 1 1 5 
3 1 53 29 29 1 7 7 
5 5 28 47 50 8 0 1 
0 3 35 29 41 5 8 9 
0 0 37 72 42 3 8 6 
8 3 0 67 35 7 8 7 
8 1 25 81 44 5 7 2 
0 5 25 55 39 2 6 7 
7 9 24 20 69 7 5 0 
7 5 32 27 45 0 0 6 
0 9 0 92 17 9 5 0 
9 1 49 30 42 4 4 4 
8 3 38 68 101 1 4 6 
4 7 2 89 54 6 2 7 
7 8 11 72 13 2 3 0 
4 8 37 37 104 9 5 1 
9 5 15 42 71 0 1 1 
6 5 49 44 53 4 5 4 
8 3 27 25 48 2 3 7 
4 9 47 48 53 1 7 5 
0 2 40 36 44 7 6 2 
0 9 25 36 25 9 8 3 
6 9 32 80 26 2 4 5 
8 5 52 56 40 2 2 2 
9 8 37 17 39 1 9 4 
8 2 29 61 67 8 7 0 
4 7 7 68 71 4 8 0 
2 3 54 53 0 8 0 4 
5 0 56 50 5 3 5 3 
3 5 42 58 70 7 3 9 
8 0 16 54 6 3 5 9 
6 9 60 0 17 3 5 9 
7 5 18 52 78 9 2 7 
1 8 34 23 63 9 6 0 
5 8 47 49 69 6 0 0 
2 5 34 72 34 7 4 0 
3 9 8 45 47 2 3 9 
0 1 37 68 84 1 6 1 
7 2 0 38 88 0 0 7 
8 0 18 54 60 0 9 4 
0 1 47 39 53 3 7 6 
6 3 24 32 53 4 0 0 
8 7 14 41 45 9 5 3 
3 2 30 44 74 3 2 2 
8 5 17 48 66 8 3 3 
1 1 22 0 36 6 8 2 
9 8 22 22 45 5 0 2 
5 7 18 65 78 5 2 4 
7 2 15 58 36 2 3 2 
1 4 10 32 56 5 7 3 
7 1 38 4 41 7 7 2 
3 7 31 35 20 1 1 9 
4 6 8 72 40 0 5 7 
3 1 0 28 61 3 2 9 
4 7 4 0 31 5 1 3 
2 8 36 58 37 0 1 7 
6 5 20 52 84 0 7 9 
4 6 46 54 78 5 8 1 
2 9 9 29 37 1 9 5 
1 9 54 43 61 4 3 3 
8 2 25 39 29 1 2 1 
8 2 2 26 33 0 0 9 
2 4 3 30 30 1 4 6 
4 4 23 38 32 6 6 9 
6 4 70 52 46 4 9 3 
4 5 58 80 48 7 4 2 
8 7 23 37 30 0 8 7 
1 9 59 101 17 1 8 5 
5 6 9 49 59 0 4 3 
5 7 16 38 44 5 2 7 
5 3 19 23 58 0 0 5 
5 8 44 75 69 4 3 1 
1 6 61 72 43 3 4 5 
4 3 10 48 27 6 4 2 
4 1 25 47 60 4 3 8 
6 1 0 73 24 3 4 2 
9 4 26 30 49 5 9 8 
4 6 42 53 51 5 1 8 
4 2 56 10 43 5 7 8 
5 1 35 12 79 1 6 7 
7 9 40 73 66 4 2 2 
9 1 17 52 51 5 9 6 
1 6 27 29 37 9 4 0 
4 1 24 43 103 0 1 9 
4 5 2 20 60 9 1 4 
8 6 46 31 27 3 9 9 
7 5 21 73 55 9 1 0 
0 4 4 27 46 8 3 8 
8 6 26 40 90 0 5 4 
7 4 26 77 50 0 1 8 
9 8 46 49 57 7 4 8 
0 3 11 43 53 0 1 5 
4 5 20 50 2 4 2 6 
9 0 33 71 32 0 4 9 
1 2 17 57 40 6 5 8 
2 0 15 67 62 6 1 5 
2 9 34 44 51 5 7 7 
6 1 54 41 46 8 6 7 
7 1 68 31 43 1 5 0 
9 6 31 34 47 2 3 8 
7 1 54 54 59 0 1 6 
8 7 36 27 73 9 6 7 
8 1 41 43 53 8 2 4 
0 7 49 59 52 6 7 0 
0 3 34 74 23 6 3 0 
1 7 35 43 63 5 2 2 
8 5 50 64 1 6 3 9 
9 7 37 37 53 3 2 2 
1 2 33 81 61 4 2 2 
5 8 24 46 27 4 3 3 
0 7 12 54 51 3 6 6 
4 9 65 31 49 5 7 9 
1 2 56 98 50 6 5 6 
4 0 47 33 30 6 0 1 
1 4 29 37 73 7 0 0 
0 4 65 22 28 1 1 0 
2 9 30 25 63 4 2 9 
7 5 31 52 62 3 1 3 
3 5 40 75 47 7 8 1 
4 5 17 56 72 6 5 2 
1 5 34 48 71 9 3 5 
5 1 0 29 24 8 7 5 
1 8 29 49 75 8 2 0 
9 3 0 71 51 1 7 5 
2 6 42 57 71 2 7 3 
2 6 22 42 84 9 8 6 
6 6 44 60 54 1 3 9 
7 2 20 81 28 4 1 9 
9 7 15 45 61 3 7 3 
0 3 28 65 14 7 9 0 
8 7 34 51 38 8 7 3 
4 6 0 22 40 6 5 3 
9 3 21 63 43 7 0 0 
5 1 12 62 39 8 7 0 
8 3 21 47 62 1 4 5 
2 8 51 70 19 9 9 8 
6 5 65 72 57 7 9 5 
9 4 37 46 97 6 5 2 
3 1 48 27 56 8 5 2 
4 5 24 70 83 0 7 3 
2 6 27 65 39 7 4 1 
0 8 23 68 12 1 7 6 
2 9 60 34 6 7 8 5 
3 1 61 59 36 5 1 0 
5 9 10 68 62 8 0 0 
1 2 53 0 37 6 5 8 
7 4 8 27 72 5 6 9 
8 6 14 24 26 1 1 3 
9 9 40 69 54 7 1 3 
7 0 30 6 51 6 0 7 
2 2 0 43 55 9 0 5 
9 2 54 39 48 5 6 6 
3 1 55 74 67 7 1 2 
4 0 0 58 22 5 0 2 
9 0 16 80 48 9 7 7 
1 8 16 63 31 5 5 9 
1 1 27 48 56 3 9 5 
3 8 28 23 71 0 2 4 
1 4 55 86 39 4 8 6 
2 0 45 35 68 8 2 1 
5 5 57 44 0 5 0 7 
1 5 45 64 45 0 2 3 
9 7 37 69 36 6 7 2 
5 7 15 67 64 3 9 5 
4 9 13 78 34 4 3 0 
9 2 37 26 7 3 4 0 
6 7 14 95 35 6 4 0 
5 6 33 37 33 5 2 6 
4 2 55 19 50 0 4 6 
8 8 29 39 31 6 1 6 
3 0 45 40 52 7 4 5 
2 1 11 73 58 0 1 1 
0 4 23 49 4 4 7 6 
1 6 25 52 61 5 2 2 
2 8 44 56 44 7 1 4 
5 1 0 53 24 5 0 4 
6 3 9 50 100 4 1 1 
0 6 20 26 71 1 6 7 
4 4 27 29 49 3 0 2 
3 9 63 96 59 5 3 5 
9 9 26 49 61 4 3 8 
9 2 64 52 65 6 4 9 
1 6 43 41 44 7 1 8 
2 1 50 16 34 6 5 3 
6 9 57 21 64 6 2 8 
8 5 14 51 59 5 9 7 
4 7 21 69 24 6 5 1 
2 0 51 46 61 5 8 8 
9 0 26 67 71 3 5 2 
7 0 1 35 25 1 3 3 
6 9 57 64 36 6 4 0 
6 8 70 28 44 6 7 1 
4 8 26 35 68 1 0 4 
7 2 21 44 59 8 2 3 
9 2 18 67 76 1 2 5 
3 3 56 39 42 5 0 3 
4 3 37 59 55 5 8 0 
2 9 19 65 79 2 2 9 
0 9 52 48 29 5 5 4 
6 3 0 48 59 7 1 8 
4 2 0 46 42 1 8 1 
5 2 42 37 38 9 5 8 
9 6 23 52 47 2 6 6 
6 1 48 35 25 3 8 0 
0 2 61 68 27 8 9 3 
7 2 15 50 54 9 1 1 
3 9 29 88 52 5 6 8 
1 2 47 29 41 2 8 2 
5 6 41 22 39 8 8 6 
7 7 38 52 30 5 3 9 
6 2 25 41 64 8 9 1 
7 0 1 53 96 2 0 0 
8 1 34 40 50 0 9 5 
9 2 45 58 27 8 8 7 
7 1 32 59 72 6 2 6 
3 4 54 52 75 4 1 1 
3 8 17 74 54 9 6 3 
4 6 42 46 83 6 8 7 
8 5 56 86 51 2 3 5 
4 1 0 70 65 1 8 7 
8 4 13 59 5 9 3 3 
2 9 45 77 86 1 1 3 
3 0 41 70 46 7 3 6 
8 1 29 59 40 3 9 9 
6 4 30 11 90 1 7 9 
4 7 31 84 75 3 6 5 
7 0 45 70 63 4 6 5 
2 8 26 99 60 4 0 3 
0 8 26 44 44 9 5 2 
5 2 31 64 66 0 6 9 
9 3 37 45 48 1 3 8 
7 7 26 76 31 4 2 2 
8 8 42 46 28 8 6 9 
9 5 36 70 32 9 8 0 
3 4 0 31 102 1 8 5 
7 5 50 47 39 2 5 6 
2 2 45 36 44 9 3 8 
2 8 45 66 62 3 8 1 
8 9 63 65 40 0 3 7 
8 1 3 40 64 6 5 3 
3 6 40 64 47 9 4 6 
2 7 46 54 61 7 4 1 
9 5 14 42 52 5 8 8 
7 0 26 37 63 7 1 9 
7 0 34 81 49 6 3 9 
4 3 25 37 45 0 5 2 
9 8 20 8 51 3 6 4 
7 6 27 52 55 7 1 0 
6 3 42 33 68 1 3 0 
2 8 13 56 49 8 7 1 
0 1 18 33 30 1 3 9 
8 4 45 65 66 4 4 5 
8 3 49 65 42 1 5 5 
6 2 20 105 8 5 9 2 
1 0 30 31 49 9 6 0 
7 3 56 61 11 6 2 3 
7 2 39 43 45 2 3 2 
6 7 40 77 64 0 0 4 
9 1 62 10 17 2 2 1 
4 0 6 30 50 0 8 3 
5 4 44 73 58 2 1 9 
6 3 0 35 18 9 0 2 
9 6 0 55 22 1 0 0 
0 6 37 38 47 9 7 7 
0 2 12 58 43 7 3 6 
3 3 18 88 35 6 2 8 
1 5 64 25 23 3 9 4 
1 7 14 49 22 4 3 3 
0 2 45 55 93 5 4 9 
1 1 24 50 49 0 1 4 
1 8 31 50 87 2 5 5 
6 9 64 36 97 4 5 3 
0 3 34 51 70 8 9 7 
9 6 2 56 63 9 5 6 
4 0 0 52 40 1 3 2 
9 7 40 39 11 6 2 8 
5 2 11 54 43 7 9 5 
2 5 7 73 44 8 4 2 
9 1 4 45 65 3 9 4 
7 3 40 58 27 5 1 4 
2 7 17 37 83 2 4 4 
1 1 34 18 53 9 3 6 
2 1 23 21 29 1 3 0 
4 7 64 35 53 0 4 0 
1 4 18 40 36 7 5 5 
1 6 24 0 59 0 7 2 
5 7 23 30 26 4 3 5 
7 5 29 27 31 2 2 0 
3 8 40 31 43 7 7 1 
3 8 30 61 41 1 8 5 
4 1 46 29 58 8 1 6 
6 6 0 34 29 5 4 0 
2 6 11 81 41 3 6 3 
3 8 47 57 18 2 3 2 
9 1 58 42 51 6 6 6 
5 6 29 53 47 0 7 0 
2 9 0 28 88 9 2 6 
9 3 75 38 54 8 0 5 
5 1 60 27 32 0 3 1 
6 5 2 74 57 5 1 8 
6 7 58 47 44 4 9 5 
1 4 61 76 68 7 7 8 
1 2 0 50 88 2 3 8 
7 4 58 38 24 8 4 8 
9 1 0 0 54 8 3 0 
6 7 25 58 64 6 3 0 
7 1 9 26 69 6 1 5 
9 2 43 18 52 1 4 6 
3 2 18 78 60 5 0 6 
8 9 0 91 13 5 4 9 
1 1 13 43 19 5 3 4 
6 4 26 57 80 1 3 2 
9 0 45 18 49 7 0 1 
2 7 19 77 20 0 5 9 
7 0 11 69 42 2 3 8 
6 4 29 52 44 2 0 4 
5 0 42 75 41 8 9 8 
8 6 17 5 46 1 9 2 
6 1 9 53 63 6 2 6 
4 8 40 42 59 0 4 2 
4 3 42 42 32 8 4 4 
6 9 29 99 16 7 8 4 
1 2 35 36 0 5 7 7 
9 7 24 39 59 5 5 5 
7 8 20 70 18 4 2 6 
8 9 26 25 63 0 2 0 
9 0 62 4 27 5 3 5 
4 3 50 30 57 0 5 9 
1 8 71 21 51 6 3 0 
9 5 37 49 18 2 5 7 
4 1 27 59 60 8 2 8 
9 5 23 42 38 9 5 4 
8 6 0 48 87 1 6 2 
1 9 43 76 57 2 4 8 
4 0 40 48 50 2 8 5 
8 0 36 63 60 9 5 2 
3 7 15 80 48 3 4 8 
2 1 33 21 71 8 1 4 
0 1 40 37 59 8 0 5 
2 9 29 71 69 4 0 6 
2 4 3 47 27 8 0 4 
5 4 54 46 66 0 4 9 
6 2 21 72 67 8 7 3 
1 2 73 23 37 3 6 9 
2 5 49 43 42 5 4 3 
0 6 10 34 41 6 7 4 
0 8 38 61 42 8 6 8 
5 9 3 36 33 8 1 5 
1 4 52 73 45 3 6 7 
2 1 11 69 21 5 8 9 
6 6 0 36 51 6 9 7 
3 8 37 45 24 6 7 5 
5 3 5 66 58 5 0 3 
0 2 24 39 44 7 3 1 
9 2 36 0 20 5 8 7 
4 0 33 75 38 2 6 2 
6 0 63 23 38 3 8 8 
6 9 44 90 29 5 5 8 
5 2 27 56 41 4 6 8 
7 3 65 62 24 4 3 6 
3 0 49 73 21 5 7 6 
0 3 0 77 46 0 4 5 
9 9 37 25 43 8 2 6 
1 4 34 64 43 6 4 8 
5 9 47 73 55 3 7 3 
9 5 36 84 55 5 5 8 
7 3 36 46 7 8 9 2 
1 4 23 74 32 2 5 8 
1 1 6 0 67 0 4 2 
9 1 43 44 58 2 0 2 
9 4 2 53 47 3 5 3 
3 1 34 78 70 3 4 3 
2 3 28 63 52 6 0 3 
9 0 41 63 45 6 2 3 
5 5 28 53 20 9 3 6 
6 7 3 48 22 6 1 0 
6 1 22 92 25 6 7 3 
0 5 40 12 68 4 7 6 
6 1 51 61 34 9 1 2 
3 6 35 55 52 7 5 6 
1 8 24 74 14 2 2 2 
5 3 67 55 49 8 8 4 
8 3 35 63 66 1 0 3 
5 4 17 40 61 7 4 0 
2 0 29 74 54 2 5 9 
3 3 35 64 86 8 8 3 
3 3 4 33 70 5 2 9 
8 4 40 12 29 4 0 3 
7 1 22 57 30 4 7 0 
6 4 21 68 39 0 1 4 
5 8 49 37 54 6 4 8 
0 2 31 51 42 1 5 5 
4 7 66 66 33 3 7 3 
5 2 12 41 72 5 0 4 
1 9 32 34 27 8 7 1 
7 0 47 45 66 8 5 6 
0 2 20 56 85 9 6 0 
2 2 0 48 63 1 8 7 
1 9 14 35 18 9 3 8 
8 5 53 60 40 0 1 3 
3 7 31 60 43 9 3 0 
7 2 32 77 28 7 2 6 
8 4 4 78 44 1 9 7 
8 1 41 18 86 5 9 8 
3 5 56 47 34 7 5 7 
8 2 53 37 33 2 0 7 
6 4 46 42 62 7 4 9 
0 5 48 29 74 0 9 1 
2 1 13 54 50 7 0 6 
9 4 31 33 56 0 2 4 
6 4 43 48 78 4 0 1 
5 4 23 76 28 1 6 7 
8 3 46 33 62 0 4 6 
9 2 43 49 41 8 2 0 
1 5 33 16 48 0 7 2 
6 6 12 35 47 2 9 9 
5 5 45 95 54 3 2 0 
2 3 19 67 69 3 9 3 
0 2 31 14 59 0 8 2 
2 4 22 54 40 3 9 6 
4 5 27 65 72 5 9 2 
5 2 23 36 67 2 4 2 
9 0 15 88 54 3 2 3 
9 3 50 30 87 7 1 1 
8 0 37 46 42 3 0 4 
0 6 10 38 68 8 7 8 
4 7 72 70 44 9 5 9 
3 6 23 5 49 5 0 6 
7 3 8 77 64 4 7 3 
6 2 30 81 51 2 2 5 
9 5 52 43 59 1 7 4 
4 0 23 19 44 9 0 9 
6 5 17 97 41 3 4 9 
1 9 27 55 41 0 7 9 
9 5 8 34 88 0 3 4 
9 7 28 73 56 7 3 0 
8 9 0 45 58 2 0 9 
7 7 39 61 39 9 8 9 
1 2 0 60 46 9 5 1 
8 0 69 63 44 6 6 2 
5 1 50 79 24 8 1 4 
7 1 0 46 34 8 9 5 
3 8 46 30 67 1 7 4 
6 9 70 70 54 6 4 9 
1 9 32 68 9 3 4 1 
9 0 45 32 25 7 5 0 
5 2 0 69 41 4 8 6 
9 2 35 72 66 9 4 9 
3 6 33 71 53 5 4 4 
4 6 27 26 49 3 9 0 
2 1 39 65 21 9 1 4 
4 2 22 67 1 5 1 0 
0 4 42 58 45 0 5 1 
7 4 0 59 30 6 8 1 
6 0 52 11 81 3 5 5 
1 0 27 52 30 1 5 7 
4 9 41 52 34 8 1 8 
1 4 48 39 7 6 8 6 
1 0 39 42 69 7 3 5 
0 4 14 57 38 0 4 3 
5 0 28 61 49 3 3 9 
2 6 1 59 55 4 5 0 
8 6 27 60 65 1 0 6 
0 1 29 53 36 7 9 8 
8 4 40 75 73 6 4 9 
4 4 23 68 50 1 7 3 
4 3 40 42 82 3 4 2 
3 3 18 55 40 6 6 4 
9 8 35 11 63 5 9 6 
0 7 23 77 41 1 7 5 
9 2 40 24 79 3 0 7 
6 0 18 67 36 9 3 9 
5 4 0 55 41 4 2 3 
5 6 38 46 19 9 0 5 
3 0 25 16 84 7 4 5 
7 4 13 16 33 6 6 7 
5 8 31 66 73 5 0 1 
8 1 9 24 61 5 7 5 
9 0 2 57 40 4 2 9 
6 0 21 49 62 2 3 0 
4 3 37 112 30 2 1 1 
2 7 20 34 62 4 7 5 
7 1 21 40 41 4 7 5 
5 7 26 36 30 0 0 4 
4 1 46 72 81 5 8 0 
0 2 61 45 59 3 3 0 
3 2 48 42 90 7 0 8 
0 0 40 83 40 2 7 1 
6 4 15 27 78 6 9 5 
0 7 70 67 48 3 4 7 
3 5 32 20 71 1 2 6 
4 9 0 35 59 4 0 2 
8 3 20 34 37 9 9 2 
3 9 27 30 43 1 1 7 
7 8 33 75 69 8 4 4 
9 6 68 32 43 7 3 0 
9 7 31 52 67 5 1 7 
3 2 15 32 38 2 2 7 
5 7 49 69 42 2 2 1 
9 0 7 74 69 5 7 7 
4 6 24 70 53 2 6 6 
3 1 65 59 14 3 9 1 
5 0 9 62 24 2 5 8 
1 3 0 55 41 8 2 5 
6 9 47 39 49 4 3 4 
9 6 53 44 32 7 6 5 
3 6 37 75 34 0 5 2 
6 0 53 55 75 9 6 2 
7 9 58 82 29 2 9 0 
9 3 30 39 47 5 0 0 
6 2 0 41 49 7 0 8 
2 4 34 34 52 6 4 6 
3 7 19 36 36 3 8 3 
5 0 32 66 61 8 0 1 
1 8 16 60 38 9 4 8 
3 3 43 38 49 1 0 9 
6 6 28 60 35 2 3 8 
1 4 39 87 40 1 0 9 
4 1 16 45 58 0 2 8 
4 2 52 35 58 4 4 6 
5 4 21 36 60 5 3 9 
7 4 26 22 55 7 1 7 
4 1 10 41 48 4 9 6 
4 3 0 9 46 9 2 1 
7 2 22 29 57 6 7 6 
6 8 73 85 57 0 0 1 
5 0 37 45 58 7 7 9 
1 5 3 65 62 0 4 9 
9 0 33 69 73 6 9 6 
0 9 29 53 65 2 9 2 
4 5 29 29 45 6 6 3 
2 7 27 26 21 7 6 0 
8 6 45 40 65 5 3 6 
5 5 47 47 73 0 1 6 
0 3 38 67 51 8 6 1 
7 9 24 70 33 4 0 8 
0 4 12 79 28 7 8 1 
2 4 16 77 92 6 0 1 
3 4 55 36 74 2 2 5 
7 4 19 60 72 8 2 0 
5 9 3 46 38 5 7 7 
7 6 30 27 37 3 2 7 
1 7 53 93 40 5 2 7 
3 8 10 49 7 2 9 2 
7 6 18 58 78 4 3 6 
2 4 19 44 56 1 3 9 
8 3 25 63 30 2 7 4 
2 1 28 41 49 1 1 5 
6 8 63 16 38 5 8 2 
1 9 42 36 65 7 6 5 
9 4 0 38 26 9 6 0 
1 2 14 6 61 3 0 2 
5 2 17 32 45 8 9 2 
4 5 39 72 79 4 7 8 
8 1 0 38 28 7 4 1 
8 2 13 94 28 3 7 1 
7 2 33 15 49 1 0 3 
0 1 38 49 86 2 1 8 
2 8 76 54 72 9 2 1 
9 9 14 14 32 3 4 2 
7 0 0 61 62 6 5 6 
4 0 34 66 86 3 0 6 
0 2 17 96 43 0 6 4 
1 9 18 45 51 5 7 2 
5 7 35 62 77 4 7 1 
9 6 37 40 25 5 7 2 
3 4 15 33 42 2 2 5 
3 7 57 53 72 4 1 0 
8 8 48 52 47 9 7 3 
9 6 32 26 62 2 8 2 
1 7 13 23 51 3 3 6 
1 5 11 65 39 0 4 4 
3 7 25 90 46 3 4 2 
0 3 52 74 54 8 4 3 
2 9 31 71 53 1 5 1 
1 7 19 36 48 9 5 3 
6 8 64 49 18 7 3 5 
6 9 9 77 84 1 6 6 
0 6 26 35 23 5 1 7 
8 2 19 52 58 3 6 5 
1 8 21 44 61 8 1 1 
0 4 23 26 72 6 1 8 
6 9 29 25 49 6 1 9 
5 3 7 42 61 8 0 3 
9 2 65 66 50 2 3 0 
7 8 23 0 72 3 5 0 
7 0 39 19 33 3 0 1 
5 6 0 21 70 6 7 6 
3 1 22 29 55 5 7 9 
2 9 26 33 55 7 1 0 
3 3 16 90 65 8 7 8 
0 2 46 30 14 7 5 7 
6 9 52 36 8 2 3 8 
2 6 0 44 27 6 7 0 
5 7 30 72 29 5 1 3 
8 2 49 40 36 7 5 9 
1 0 60 71 23 3 5 2 
5 6 29 51 83 3 5 7 
0 6 31 42 57 1 5 8 
6 0 44 55 42 2 5 3 
7 9 28 20 46 4 7 8 
9 4 28 48 66 1 6 3 
0 0 30 16 53 8 6 0 
9 3 24 68 70 5 2 5 
1 1 33 72 79 2 0 8 
8 9 8 74 61 2 0 4 
9 8 36 78 77 2 1 2 
3 8 27 79 42 7 1 7 
5 8 19 39 67 8 7 2 
4 7 21 29 46 6 4 8 
6 7 74 20 69 0 6 3 
0 3 63 58 64 2 4 0 
1 2 55 51 51 7 7 4 
4 6 39 28 25 1 0 3 
3 6 0 62 25 9 6 2 
9 1 7 45 22 0 0 1 
8 8 3 46 28 8 4 2 
9 2 24 55 42 8 2 9 
0 7 10 70 58 6 2 9 
5 6 0 53 25 9 0 8 
4 1 20 39 43 8 3 6 
6 9 15 34 66 5 5 5 
6 8 51 30 55 6 3 4 
9 9 14 45 28 7 4 6 
2 2 0 45 58 7 0 5 
4 6 29 56 80 5 8 8 
3 3 34 34 65 0 5 7 
8 9 5 75 48 0 8 5 
1 0 53 26 47 7 8 4 
8 5 24 67 36 8 9 9 
7 4 28 73 72 0 5 1 
5 2 50 67 50 5 1 1 
9 6 58 49 49 8 8 8 
7 5 36 16 39 3 3 5 
3 8 50 21 87 7 9 9 
9 4 10 21 69 3 8 4 
3 2 17 65 28 3 8 7 
4 6 20 50 48 5 3 4 
0 1 66 46 89 5 1 9 
9 9 34 41 55 4 6 4 
8 3 38 31 73 5 7 0 
7 6 8 39 11 8 0 0 
7 0 0 32 50 4 6 1 
3 5 49 70 43 5 7 9 
1 2 56 21 43 6 7 0 
0 7 10 54 90 4 3 6 
2 6 0 27 48 5 6 5 
7 9 42 64 19 6 3 1 
2 0 35 0 73 3 8 5 
1 3 40 46 44 4 7 5 
5 6 27 42 17 1 5 9 
9 1 41 48 47 0 2 6 
5 2 37 65 63 7 0 0 
6 4 44 80 75 8 2 2 
0 0 20 60 25 6 3 1 
4 0 12 79 38 6 0 8 
3 5 18 20 48 6 8 3 
7 2 36 60 43 0 5 3 
9 0 6 23 14 1 1 5 
0 6 34 71 32 9 3 4 
6 9 42 65 61 8 6 8 
8 6 28 66 62 0 0 3 
6 3 62 45 21 0 2 1 
9 9 6 53 37 5 8 0 
1 5 52 93 71 6 1 5 
3 5 32 58 46 2 1 4 
1 7 0 72 26 8 4 3 
5 1 3 27 60 3 9 6 
5 4 37 51 47 5 0 6 
1 4 32 34 42 3 2 4 
7 4 0 28 36 8 2 0 
5 3 101 54 81 8 9 0 
4 5 18 48 41 9 9 7 
2 1 0 54 44 9 6 5 
5 9 34 47 21 0 0 5 
8 7 27 40 70 0 5 1 
3 2 66 43 57 4 9 1 
6 8 38 74 65 1 0 7 
6 9 48 27 45 2 5 7 
7 0 40 19 52 4 4 2 
4 6 33 39 35 0 1 5 
5 7 0 68 56 2 1 1 
3 1 11 42 58 4 2 6 
0 1 20 8 45 5 5 8 
2 7 57 56 89 0 0 7 
1 3 37 18 64 4 8 9 
3 2 12 19 49 4 6 3 
8 0 36 42 75 1 6 3 
9 7 13 33 54 3 5 8 
7 4 32 67 54 5 4 2 
4 9 48 67 88 7 2 3 
6 4 16 74 33 8 3 3 
1 0 20 47 33 4 5 7 
3 7 37 40 44 8 7 8 
0 0 6 31 21 2 8 3 
0 9 12 46 10 2 9 6 
9 2 54 51 58 4 2 4 
8 1 43 44 71 3 1 8 
0 7 0 38 47 8 3 0 
7 6 54 78 48 2 0 2 
5 5 59 56 49 4 8 4 
9 6 37 81 66 3 6 3 
5 4 38 30 47 6 3 6 
9 4 8 39 51 6 8 3 
5 9 16 39 70 3 6 3 
5 7 54 71 67 1 3 5 
1 5 12 75 33 1 4 8 
2 4 20 36 78 9 6 5 
0 4 47 84 27 8 1 6 
7 7 13 28 53 0 0 5 
6 8 25 60 22 9 8 7 
1 5 24 51 69 4 8 0 
8 1 0 46 102 7 4 5 
5 6 47 30 56 6 2 3 
4 4 32 57 53 3 8 7 
2 0 9 31 78 6 1 2 
9 0 21 41 27 8 4 8 
4 8 34 48 6 6 0 6 
0 3 9 39 0 7 7 4 
9 6 0 87 54 0 1 3 
1 8 19 54 53 5 8 6 
3 5 42 47 63 2 0 7 
7 1 30 77 38 5 4 5 
5 6 27 17 66 1 7 6 
7 7 33 110 19 3 5 6 
8 3 6 58 40 3 8 0 
8 4 12 47 63 3 6 7 
8 4 48 45 50 3 4 6 
4 1 40 45 68 9 1 7 
6 4 39 45 53 5 6 5 
3 3 17 55 53 2 3 1 
5 9 51 56 0 5 8 0 
1 0 49 54 28 9 0 0 
8 7 24 44 54 1 0 5 
4 5 1 88 51 9 3 8 
9 3 49 31 39 4 8 2 
4 9 24 51 54 1 1 3 
0 8 5 36 60 5 0 9 
6 2 22 53 67 6 3 2 
8 3 21 29 30 6 6 5 
2 7 41 34 45 4 3 6 
4 1 42 49 75 5 2 2 
1 6 0 68 56 9 9 9 
9 7 16 17 37 6 1 2 
1 2 31 24 32 6 1 4 
1 3 33 37 42 7 9 9 
8 9 18 51 52 2 9 6 
9 4 13 45 36 5 6 8 
6 9 19 60 55 5 8 6 
1 5 52 60 69 8 6 5 
4 5 69 68 19 0 4 1 
3 1 34 31 64 2 5 3 
5 4 0 52 49 3 5 8 
0 1 48 31 38 9 2 7 
4 1 71 66 77 3 9 7 
5 8 48 19 71 8 8 7 
8 8 13 71 85 4 6 1 
0 2 4 33 0 0 6 1 
7 9 34 50 101 1 8 4 
3 3 51 21 70 3 0 6 
8 0 34 83 45 7 8 4 
7 6 36 60 64 4 0 8 
5 5 53 0 54 6 1 1 
1 2 20 20 52 0 7 8 
4 0 36 43 64 2 7 1 
6 5 53 55 48 9 7 4 
9 6 34 65 50 5 5 2 
7 9 48 4 32 9 7 7 
5 2 35 18 27 5 9 8 
3 7 57 29 7 9 1 2 
4 1 18 72 56 4 2 7 
4 2 0 39 72 0 6 0 
0 1 47 51 11 1 5 7 
4 9 0 65 38 7 2 0 
4 6 60 80 55 2 7 7 
0 6 22 56 39 3 9 0 
8 2 22 37 40 5 8 7 
5 5 18 66 31 2 5 1 
1 1 54 36 50 9 9 1 
9 4 0 58 63 8 0 7 
7 2 0 77 43 4 7 3 
5 7 42 59 59 0 1 2 
3 5 56 64 59 2 9 2 
0 4 22 49 73 2 9 0 
3 8 18 46 100 4 8 1 
2 8 7 32 61 5 2 5 
7 7 43 54 35 7 8 0 
1 1 34 37 71 6 2 4 
7 4 22 68 82 8 6 4 
2 7 11 71 69 0 5 2 
0 8 31 32 88 2 3 3 
8 5 27 77 50 7 3 9 
6 1 32 79 45 6 8 7 
9 2 1 84 59 1 8 6 
5 3 56 34 82 9 7 0 
5 5 40 39 55 1 1 5 
8 5 43 33 19 8 8 4 
2 1 34 49 61 9 8 9 
9 2 29 53 62 0 6 7 
2 8 0 21 24 0 8 0 
5 0 5 81 34 3 3 7 
6 3 47 45 52 6 2 0 
3 4 41 18 54 6 1 4 
4 2 45 20 41 8 6 7 
2 8 35 26 61 1 3 8 
9 5 13 54 50 3 3 5 
0 6 57 51 49 6 0 8 
4 5 30 54 75 6 4 7 
6 9 17 32 75 3 1 2 
2 3 42 23 81 2 0 4 
9 0 16 95 34 2 6 2 
1 5 26 46 36 6 8 0 
9 2 49 26 62 5 6 4 
5 5 49 79 10 5 0 1 
1 9 30 74 57 8 4 4 
1 6 14 47 55 5 2 5 
7 0 2 41 35 2 8 6 
9 0 60 42 49 9 2 5 
3 2 12 55 75 1 8 1 
5 9 40 16 74 5 7 0 
8 8 25 67 37 4 8 8 
6 9 40 53 62 5 4 6 
0 9 18 51 58 2 9 8 
7 4 8 68 0 8 9 1 
5 3 25 74 81 0 3 4 
8 6 66 63 27 9 6 1 
9 0 30 83 64 9 1 5 
4 1 30 45 70 5 0 4 
6 5 32 41 11 7 1 4 
4 2 36 70 34 5 6 3 
1 0 45 55 25 4 3 5 
4 8 56 70 24 7 3 9 
3 4 8 17 69 5 1 5 
5 8 27 36 40 1 0 9 
9 2 46 99 16 3 4 2 
8 8 48 22 41 3 9 5 
6 2 33 32 32 2 0 3 
6 3 26 29 58 0 5 2 
1 1 21 41 51 4 2 3 
3 3 31 27 36 2 1 5 
2 4 43 31 39 4 9 6 
1 6 25 101 38 6 9 2 
6 6 30 56 77 9 7 6 
1 0 63 72 35 8 9 6 
0 7 50 28 80 9 9 9 
3 6 10 58 36 6 4 4 
4 5 0 45 95 6 3 7 
5 7 37 75 57 3 7 0 
0 2 0 51 48 1 8 3 
3 1 19 35 54 5 7 4 
2 1 7 93 16 6 0 2 
8 5 0 71 72 0 1 1 
2 5 66 17 46 5 3 0 
2 7 15 31 56 2 2 3 
9 4 46 45 37 6 8 1 
8 5 0 39 53 7 6 5 
5 7 26 76 58 5 9 3 
9 9 23 74 74 5 8 4 
6 8 0 44 40 9 7 8 
8 2 27 43 46 2 5 7 
3 5 32 28 32 3 2 7 
5 0 40 66 60 9 4 3 
9 9 25 25 79 3 7 6 
4 5 23 40 69 4 5 3 
9 0 35 43 70 5 0 9 
4 5 19 66 44 8 1 2 
1 8 55 84 50 4 4 6 
2 9 2 56 42 4 0 7 
9 5 17 75 51 8 4 2 
3 8 33 42 33 2 4 1 
4 1 32 85 53 8 6 9 
4 9 23 22 47 3 7 5 
2 3 38 85 29 0 7 1 
3 6 8 54 65 3 7 1 
4 2 36 82 62 2 4 3 
5 7 46 49 50 8 1 9 
8 0 34 45 50 2 6 2 
6 3 40 49 80 6 0 4 
4 9 28 78 46 8 7 6 
0 2 11 5 41 0 6 0 
0 5 50 8 78 9 2 9 
3 6 53 14 45 2 2 3 
1 2 2 28 98 6 6 4 
8 7 49 41 22 0 2 8 
3 0 35 0 12 0 2 3 
5 6 18 62 48 2 1 6 
1 8 29 42 61 9 1 5 
2 0 49 61 76 8 5 5 
2 8 45 43 66 9 5 5 
0 5 13 75 38 2 7 0 
5 9 38 25 30 1 5 1 
4 9 14 56 77 1 5 7 
6 6 49 55 63 3 7 5 
2 4 35 84 37 8 1 8 
2 4 32 88 53 1 7 6 
1 0 33 49 14 8 6 7 
6 5 34 35 59 1 2 2 
0 5 28 55 49 6 9 2 
3 8 29 40 46 4 6 4 
6 8 31 56 71 5 7 2 
0 4 70 89 13 4 4 2 
6 2 23 46 90 1 7 6 
1 1 21 39 16 2 9 0 
5 8 32 41 48 9 8 7 
1 8 31 23 50 8 7 6 
8 5 47 71 53 8 1 6 
2 7 30 43 39 9 2 4 
0 1 36 56 90 8 6 4 
9 2 20 52 43 6 7 2 
2 7 12 78 36 8 5 8 
9 5 30 62 29 1 9 8 
0 3 60 73 89 6 5 3 
4 0 15 57 51 3 8 9 
7 9 38 53 47 7 8 8 
8 0 31 46 70 8 6 5 
4 9 47 40 39 5 2 9 
8 2 54 49 49 0 5 8 
7 3 32 60 49 8 3 0 
9 4 32 78 40 5 9 7 
8 5 10 47 59 1 1 3 
9 5 39 70 60 3 8 0 
0 3 20 51 23 8 5 6 
6 8 6 63 45 0 7 5 
3 5 5 44 46 0 7 5 
3 1 22 31 54 6 6 4 
8 5 45 51 67 2 5 7 
8 2 48 58 44 3 7 3 
2 0 56 39 45 4 9 0 
5 9 11 90 82 3 7 8 
8 8 44 79 58 7 3 1 
9 6 49 75 47 9 9 4 
9 0 61 49 69 0 8 8 
9 3 35 41 28 5 8 7 
3 5 49 26 49 1 6 7 
7 9 24 33 47 3 8 9 
6 8 30 56 36 6 9 4 
3 4 64 38 37 3 3 8 
4 0 18 51 81 6 5 4 
3 0 54 52 14 2 4 4 
7 6 58 74 30 4 5 4 
5 1 22 77 27 9 7 7 
1 6 20 48 41 6 2 8 
9 8 5 33 45 7 3 3 
2 1 43 28 46 6 9 2 
4 5 36 34 29 6 8 4 
5 9 51 60 61 5 3 7 
3 7 0 73 87 1 7 2 
1 6 60 21 64 9 4 7 
9 7 10 33 75 4 8 0 
6 6 40 44 34 6 0 9 
4 2 58 51 61 2 5 7 
6 1 44 41 39 0 1 3 
0 3 18 68 62 1 9 7 
6 5 3 45 63 9 3 5 
0 9 27 48 20 2 2 1 
9 2 47 30 59 7 3 5 
9 5 48 81 11 5 3 3 
5 6 2 31 72 1 9 0 
3 6 26 69 46 6 1 9 
7 4 40 25 71 6 4 8 
9 2 0 54 39 6 1 9 
5 0 2 27 73 4 1 9 
6 3 0 66 68 8 1 4 
2 0 10 40 74 4 3 6 
1 9 14 36 43 8 8 6 
1 7 23 49 59 9 5 9 
1 9 28 53 63 8 4 6 
7 6 16 54 72 1 6 6 
7 0 46 57 43 0 7 8 
9 5 46 34 73 0 6 2 
0 7 37 47 40 3 0 4 
7 0 25 33 18 9 6 0 
7 8 21 73 86 8 7 0 
4 7 29 41 62 2 9 4 
0 4 52 68 48 9 4 3 
4 1 12 93 75 7 0 7 
9 1 14 32 22 1 4 9 
4 0 67 36 43 0 5 4 
4 8 21 62 52 0 7 1 
5 4 24 29 48 8 8 0 
7 2 9 90 46 0 5 9 
2 1 62 27 83 0 4 4 
7 5 26 37 45 6 3 7 
8 8 42 55 55 9 7 6 
3 2 35 30 61 1 5 8 
4 1 16 55 77 1 8 2 
3 3 34 62 0 8 9 7 
2 3 18 54 49 6 1 5 
6 2 40 45 47 4 6 0 
7 6 61 68 27 2 7 9 
6 3 29 48 45 0 0 3 
3 4 0 49 57 7 2 6 
6 9 8 45 49 4 0 4 
0 9 6 63 12 9 6 6 
1 0 52 56 75 2 5 8 
4 8 50 56 67 0 8 1 
9 1 27 53 62 2 8 3 
7 9 65 64 61 2 2 3 
5 1 81 29 27 1 9 5 
5 3 9 82 56 1 2 5 
0 0 78 40 33 4 2 0 
9 8 40 61 58 6 7 6 
9 3 45 52 56 9 4 2 
3 2 26 7 41 6 0 6 
0 6 20 42 42 1 6 7 
5 9 11 94 50 3 3 8 
9 6 74 66 52 8 6 2 
5 0 2 34 57 5 4 6 
5 1 51 53 43 5 5 3 
8 4 28 25 76 9 4 9 
0 5 42 14 14 4 3 5 
5 7 44 38 81 6 1 7 
6 3 50 43 22 9 0 1 
9 4 21 59 61 8 6 3 
3 0 53 35 80 4 4 2 
1 6 21 63 54 7 1 3 
9 4 21 56 49 2 8 7 
6 3 39 15 63 4 7 8 
1 8 18 53 25 7 6 8 
3 2 20 32 18 6 9 1 
4 4 48 49 48 7 1 0 
9 5 43 51 49 5 0 9 
6 7 15 16 80 4 1 3 
0 7 31 62 43 0 4 0 
7 2 25 39 48 6 5 1 
3 3 50 51 46 6 3 2 
2 9 57 75 80 8 4 4 
0 5 14 22 33 2 3 4 
7 7 25 23 39 5 1 8 
7 0 39 69 54 4 2 3 
8 5 0 45 42 7 4 7 
9 9 35 80 70 4 1 7 
4 7 44 39 85 7 7 4 
1 2 5 75 89 9 3 3 
8 7 29 39 16 9 4 9 
9 5 60 26 51 3 8 0 
3 3 63 33 74 0 5 8 
2 2 45 29 16 7 6 4 
8 7 72 50 56 5 7 9 
4 6 1 60 64 1 5 1 
3 1 13 28 67 8 7 2 
3 7 60 54 30 4 1 7 
0 2 73 64 59 1 0 7 
6 1 44 43 36 8 8 5 
0 5 17 27 81 4 6 0 
2 0 38 97 67 3 1 8 
3 4 23 63 69 8 7 2 
4 3 3 73 37 2 1 4 
2 8 39 51 47 4 2 4 
1 5 21 62 40 1 9 5 
1 5 22 28 0 2 7 5 
4 9 47 42 30 6 1 0 
1 2 31 33 56 6 9 8 
6 2 44 25 31 6 5 4 
2 6 48 36 48 3 0 2 
8 1 33 67 19 0 7 5 
6 9 34 90 49 8 7 9 
7 3 0 55 80 8 8 8 
9 6 36 31 57 2 6 4 
6 0 27 92 69 1 6 9 
7 7 19 42 27 1 4 9 
3 0 44 17 41 4 8 4 
7 1 51 8 8 4 7 2 
8 3 36 29 33 8 2 3 
5 4 19 39 56 8 4 1 
0 5 11 66 18 6 1 9 
7 7 23 25 59 9 1 8 
8 6 41 32 46 0 5 8 
9 6 28 68 59 2 7 7 
2 5 53 20 84 1 4 2 
3 9 32 37 62 6 5 8 
2 7 65 55 19 8 2 8 
4 8 73 64 73 4 7 7 
8 8 65 61 35 8 0 1 
8 3 40 31 53 0 2 2 
7 3 48 65 69 5 7 1 
2 2 63 44 80 4 8 3 
3 2 17 50 67 1 5 3 
4 5 8 4 37 2 5 5 
4 0 32 53 57 4 5 3 
2 6 36 61 46 3 6 3 
2 8 50 47 68 0 1 2 
1 2 4 86 47 9 1 4 
3 5 27 41 49 7 2 3 
7 9 19 81 39 6 7 4 
6 3 22 28 42 6 4 7 
7 3 39 78 55 8 1 9 
0 6 38 42 55 0 9 5 
4 6 54 42 31 9 4 8 
0 9 34 77 51 4 9 0 
3 0 34 62 61 5 4 4 
2 0 3 40 37 2 1 6 
3 9 42 40 58 8 9 6 
4 1 49 62 70 5 5 1 
8 6 41 15 77 3 5 8 
2 9 33 70 34 5 3 6 
3 9 22 34 62 2 0 5 
5 5 37 50 45 4 8 7 
4 3 37 61 48 4 2 7 
5 1 13 51 41 8 9 9 
4 8 40 77 81 7 3 3 
2 2 31 74 51 3 0 1 
3 2 13 57 42 1 6 9 
5 6 46 15 95 2 6 6 
8 1 37 43 12 2 8 2 
0 3 40 19 47 5 2 7 
9 9 16 10 66 1 5 1 
9 5 35 0 82 9 4 4 
5 3 22 15 46 6 6 7 
1 6 33 33 46 8 5 0 
9 8 17 15 36 2 4 6 
9 4 34 49 34 5 4 5 
1 3 66 77 48 3 6 2 
6 5 17 26 81 1 6 0 
7 6 8 82 64 4 7 7 
2 5 10 44 49 3 8 9 
7 3 41 11 20 6 1 2 
5 2 33 74 42 6 1 9 
4 4 49 54 20 5 3 7 
9 3 28 44 65 2 1 1 
0 5 27 39 61 7 5 6 
5 7 15 79 56 0 2 2 
6 9 19 47 74 8 4 1 
1 0 34 45 34 8 6 9 
2 6 12 44 65 1 6 1 
1 9 27 65 65 5 8 2 
2 1 52 62 25 4 5 2 
1 7 7 28 37 2 4 3 
7 9 12 30 59 6 4 5 
1 4 19 43 60 6 2 9 
8 5 42 34 30 6 5 5 
0 0 22 64 49 4 4 1 
2 1 5 35 37 6 7 9 
8 4 41 26 16 4 1 3 
2 5 36 25 54 2 3 7 
9 8 0 69 69 9 8 7 
2 6 48 59 37 1 8 1 
2 3 40 28 67 1 9 5 
3 2 32 41 47 8 0 1 
6 0 38 37 49 2 7 8 
9 2 7 48 33 6 0 9 
3 4 30 31 58 7 5 0 
8 3 30 63 27 0 3 2 
6 3 37 31 73 5 8 0 
4 9 75 81 23 7 5 2 
1 1 52 37 44 6 8 9 
3 9 15 14 72 0 2 1 
0 2 23 30 57 9 4 1 
7 3 36 12 59 4 1 4 
5 6 24 80 41 9 5 1 
5 0 20 19 37 2 1 3 
3 8 48 65 32 1 4 8 
1 8 31 93 31 8 2 9 
6 4 19 53 63 1 7 0 
5 9 37 59 62 9 2 7 
5 4 24 13 72 7 4 0 
3 5 16 78 54 3 3 3 
3 9 51 18 38 5 6 3 
7 8 43 52 60 6 6 9 
7 8 0 39 70 4 9 1 
0 9 19 47 53 1 0 9 
1 2 43 61 38 4 8 1 
4 1 21 76 68 9 3 2 
8 9 36 50 62 2 3 5 
0 6 7 62 64 7 3 5 
8 4 28 49 59 9 5 9 
0 6 49 36 54 0 0 6 
3 6 12 36 60 4 7 8 
6 5 14 44 37 4 5 1 
1 6 50 15 35 1 9 3 
7 5 49 99 44 2 0 9 
4 4 36 43 32 4 1 8 
7 4 32 40 85 4 5 2 
8 6 16 42 69 7 4 8 
5 4 81 56 72 3 3 2 
3 6 0 40 53 2 2 5 
3 6 18 45 57 2 7 3 
1 7 50 52 50 0 4 5 
0 3 46 52 67 2 2 6 
5 4 18 52 55 1 7 4 
0 9 54 11 41 2 8 1 
4 7 0 38 32 1 8 6 
8 0 64 67 82 0 8 0 
5 0 47 43 49 7 5 2 
8 6 2 69 32 6 6 0 
8 8 44 29 59 9 6 3 
8 5 16 63 58 5 9 6 
4 6 34 81 66 9 2 6 
0 2 26 66 69 9 2 9 
1 5 56 20 87 8 0 7 
6 9 0 38 57 0 6 0 
3 3 66 74 36 3 2 5 
2 8 0 34 62 1 1 5 
2 2 6 47 72 2 0 9 
1 2 2 70 7 8 1 4 
0 4 20 55 63 3 6 4 
2 6 3 52 37 3 4 9 
0 4 34 22 40 7 9 6 
7 5 0 74 13 3 5 7 
9 5 11 35 54 0 6 3 
6 6 29 73 55 8 7 6 
1 5 31 42 39 2 5 2 
5 2 18 37 78 5 3 3 
7 4 25 55 79 0 2 8 
5 5 19 44 76 9 9 7 
6 0 0 41 40 0 0 5 
5 8 0 48 56 2 0 7 
8 4 45 31 63 8 1 0 
1 9 64 59 68 3 0 4 
2 7 0 17 32 6 3 6 
1 0 28 50 70 1 3 4 
0 8 41 62 19 0 5 2 
5 3 0 84 36 0 1 3 
6 0 11 76 57 5 3 7 
4 6 23 45 76 4 9 2 
2 4 35 47 24 9 2 5 
7 5 46 65 44 6 0 2 
6 8 49 49 79 1 7 3 
4 4 0 29 56 0 7 7 
8 2 21 60 47 4 4 3 
7 8 83 48 0 4 6 0 
8 8 19 43 48 9 1 7 
4 2 20 73 52 8 5 5 
6 7 29 41 67 8 7 6 
5 4 33 67 64 2 3 1 
0 0 75 66 79 1 5 6 
6 8 31 53 16 0 7 0 
1 7 25 28 20 3 9 6 
7 3 0 60 58 5 7 0 
0 1 16 57 65 5 7 1 
3 3 0 75 43 4 0 9 
1 6 28 20 58 8 4 0 
9 4 37 35 67 0 5 5 
1 0 58 40 66 0 3 1 
8 0 27 60 92 4 8 3 
9 8 11 43 48 8 4 4 
7 1 27 82 46 7 6 0 
2 8 32 74 54 6 1 5 
9 6 59 18 39 4 7 5 
0 9 9 43 54 5 1 5 
0 5 36 29 71 6 4 5 
8 9 62 40 27 5 2 6 
9 8 0 60 44 8 4 2 
5 3 34 27 39 1 5 0 
9 1 3 33 84 1 5 6 
2 5 52 44 67 9 8 7 
5 3 17 31 57 7 7 6 
2 2 57 30 96 6 2 0 
6 5 23 35 30 8 0 5 
1 1 48 18 0 3 4 0 
8 3 0 64 24 0 7 5 
7 7 23 31 27 8 6 1 
6 6 51 49 57 4 3 2 
6 7 54 57 26 0 7 1 
1 0 0 53 57 6 9 1 
6 9 44 32 77 4 4 0 
1 8 33 75 49 4 8 0 
4 6 41 42 43 9 1 7 
7 7 42 45 41 7 3 5 
3 3 22 33 86 8 0 6 
7 1 32 82 30 6 2 7 
5 1 34 36 27 3 1 8 
3 9 62 61 34 0 4 1 
6 0 55 36 38 0 7 1 
1 9 64 35 62 8 4 9 
9 3 0 8 54 9 4 5 
1 4 1 64 62 5 5 9 
1 7 43 54 57 1 6 4 
8 3 23 75 29 9 6 9 
0 5 0 23 87 1 1 8 
2 1 79 34 77 5 5 7 
8 2 25 28 34 2 0 0 
3 6 29 69 65 4 6 6 
3 8 6 32 76 5 9 2 
4 2 0 44 47 1 8 7 
6 5 25 43 40 9 5 2 
0 6 44 48 67 3 9 9 
2 8 29 78 47 2 5 0 
2 3 30 31 30 0 3 2 
5 7 18 16 36 2 0 7 
9 5 13 69 80 0 3 6 
6 3 40 54 58 7 8 3 
6 2 32 54 55 2 7 5 
9 1 38 60 61 6 0 7 
3 2 0 50 56 8 3 1 
1 6 0 54 53 3 6 6 
6 7 35 66 19 6 1 3 
3 8 32 28 2 5 7 4 
8 5 28 41 50 2 6 0 
8 7 24 73 81 0 8 1 
7 1 8 59 60 2 6 4 
2 6 21 61 61 3 6 2 
6 8 0 41 70 0 8 7 
6 8 54 66 53 4 1 3 
1 4 28 69 56 3 6 4 
8 9 22 52 34 7 3 4 
2 0 50 65 79 8 9 0 
5 5 0 56 49 5 7 5 
9 0 26 44 55 5 0 1 
9 4 57 33 62 9 6 3 
4 5 0 15 20 2 9 7 
9 5 19 64 90 0 9 5 
8 7 37 26 45 6 5 0 
9 2 34 50 44 0 0 3 
9 5 14 38 63 7 0 9 
2 7 36 43 38 2 2 0 
8 9 31 21 24 4 2 6 
7 7 47 69 64 7 2 9 
6 0 10 95 46 7 4 4 
8 6 51 22 77 3 3 6 
8 5 15 72 19 2 6 7 
9 3 39 39 53 0 5 0 
4 9 24 73 88 4 6 4 
7 0 60 58 28 0 3 1 
2 1 46 50 33 9 7 6 
9 7 50 43 40 7 0 8 
9 5 33 38 22 4 0 6 
5 3 0 84 75 9 5 8 
6 5 17 5 19 1 4 9 
0 0 30 70 29 1 3 3 
9 2 12 38 64 6 6 6 
5 7 5 59 60 0 4 4 
9 5 41 58 73 8 3 6 
8 3 31 44 45 4 0 8 
2 9 62 37 78 4 6 5 
9 6 0 80 57 3 9 1 
8 2 0 68 53 2 0 1 
5 2 19 59 41 4 8 6 
2 7 59 33 60 5 6 5 
9 3 41 31 83 9 7 8 
3 9 0 41 36 3 0 2 
4 4 48 32 37 7 7 2 
0 6 0 24 69 7 5 2 
6 4 68 37 30 4 1 8 
4 5 0 61 66 1 8 7 
0 0 0 47 57 3 1 0 
5 4 18 83 35 4 1 2 
0 3 49 87 59 2 4 6 
7 4 29 33 25 1 9 3 
0 0 31 31 61 2 2 9 
9 5 23 52 43 8 6 6 
2 3 19 25 38 7 6 1 
0 2 31 34 21 9 7 2 
8 3 51 39 34 5 8 2 
6 5 46 64 65 8 7 2 
1 7 20 50 59 1 2 1 
5 0 39 55 35 5 7 9 
9 6 55 24 48 0 8 5 
7 0 11 32 57 4 4 1 
0 3 2 63 44 6 4 3 
7 6 43 27 18 3 0 7 
3 9 20 54 51 6 7 9 
9 6 33 63 49 4 2 3 
5 1 0 46 65 8 5 1 
0 6 25 82 25 4 3 2 
0 8 81 47 89 7 2 8 
9 1 48 53 46 3 6 6 
0 4 52 63 83 5 0 2 
6 6 51 28 30 8 1 5 
7 4 0 42 65 2 1 4 
4 6 15 9 105 8 5 5 
3 1 8 53 68 4 7 1 
3 9 16 76 39 0 6 6 
7 2 19 56 36 4 2 6 
4 7 34 33 45 3 8 4 
5 8 36 38 49 2 3 0 
4 2 55 52 43 0 7 9 
3 6 26 46 47 5 3 8 
7 7 48 70 100 8 1 2 
7 8 4 73 50 1 7 6 
1 5 17 45 23 2 2 6 
3 9 46 24 59 3 3 8 
0 6 2 31 61 6 2 9 
3 7 6 43 58 3 3 3 
7 7 22 21 67 9 9 5 
3 7 38 13 26 7 7 8 
1 3 6 58 36 7 1 6 
1 3 67 62 14 0 2 7 
9 2 51 55 44 7 3 8 
8 0 40 16 63 5 8 1 
6 5 36 54 51 0 9 1 
4 0 66 52 54 1 0 1 
9 7 52 18 55 7 7 2 
8 0 10 27 29 7 6 1 
2 0 39 68 30 3 2 9 
4 7 40 58 59 1 6 3 
5 0 41 55 73 4 8 8 
4 9 32 16 51 0 5 3 
1 8 49 41 49 1 2 1 
0 5 2 61 36 9 4 6 
0 1 0 42 45 2 3 8 
6 4 14 56 16 2 8 2 
0 7 23 54 96 6 1 7 
6 2 36 51 76 4 5 0 
9 6 45 54 33 5 0 6 
7 2 56 66 72 4 3 3 
3 4 32 45 74 2 1 9 
3 0 42 46 38 3 7 8 
9 8 15 43 84 1 8 3 
6 3 22 58 42 8 8 1 
7 3 24 64 78 4 7 8 
4 7 27 45 83 1 7 3 
1 5 10 68 31 8 1 5 
1 7 26 54 48 0 2 6 
0 7 19 56 21 9 4 6 
9 0 25 37 37 8 7 6 
2 0 18 58 22 8 4 2 
9 3 37 33 102 4 9 9 
7 0 17 32 56 7 2 6 
6 7 37 29 48 4 8 2 
3 0 32 66 33 2 1 5 
1 9 7 60 53 3 7 4 
8 0 43 66 42 9 1 0 
0 8 32 4 60 3 8 5 
6 4 48 57 80 6 4 3 
0 0 26 41 47 4 7 3 
7 3 16 46 57 6 4 8 
9 8 46 45 33 1 8 9 
6 3 64 49 58 5 4 7 
6 6 85 58 61 2 5 3 
3 4 0 2 53 2 1 1 
3 2 41 39 19 9 7 4 
8 3 19 36 60 7 7 2 
6 5 30 18 48 6 0 5 
1 7 0 71 22 0 8 9 
4 3 28 30 58 2 5 5 
8 9 40 18 31 4 5 0 
0 3 60 92 46 1 4 9 
9 1 31 51 28 1 5 6 
1 1 45 43 38 7 5 5 
2 9 25 61 63 1 6 2 
1 4 3 37 60 6 4 2 
5 9 50 50 69 9 5 8 
2 3 24 1 27 7 6 5 
7 2 46 57 37 9 7 7 
1 4 66 68 60 2 3 2 
5 5 24 72 9 6 1 4 
3 7 33 68 56 3 6 0 
0 2 52 33 68 2 3 8 
4 2 22 43 71 6 6 5 
3 7 53 42 36 9 7 6 
2 0 8 79 55 3 0 4 
2 6 22 31 58 9 7 3 
7 0 20 77 43 3 9 4 
5 1 20 54 46 9 9 0 
1 0 61 40 49 1 0 6 
2 8 12 34 56 3 3 0 
2 9 21 37 70 1 1 8 
6 2 87 52 64 9 0 6 
0 9 53 51 49 4 2 9 
9 1 48 45 64 0 8 6 
7 8 43 22 22 9 2 6 
9 2 31 64 80 5 8 7 
5 3 36 15 96 7 6 6 
2 0 35 60 49 5 2 9 
4 3 18 62 71 8 3 2 
0 7 12 28 43 5 2 8 
5 4 32 57 78 9 4 3 
3 6 41 53 45 4 1 9 
0 9 22 47 75 0 3 6 
1 5 43 26 16 2 8 8 
8 1 65 60 28 8 1 3 
1 0 70 59 40 2 1 1 
9 0 26 41 97 8 0 0 
2 1 72 78 37 2 1 3 
0 1 18 56 36 7 6 9 
6 3 40 51 30 8 2 1 
3 8 9 38 57 2 0 8 
6 8 0 45 37 4 1 5 
1 0 29 55 58 8 5 0 
0 1 11 55 38 2 5 4 
5 4 37 46 45 5 7 7 
9 6 40 51 55 5 2 0 
6 8 30 85 22 2 6 9 
2 6 56 14 63 1 7 2 
2 3 10 50 72 5 5 2 
4 0 0 78 30 4 1 1 
3 6 29 17 56 2 3 8 
9 0 8 81 59 8 5 9 
0 2 15 64 22 3 7 3 
7 4 59 60 46 6 6 0 
3 5 55 47 96 3 8 5 
9 8 8 86 61 8 1 7 
4 8 0 54 69 4 2 8 
7 1 29 32 82 9 6 7 
1 4 23 41 60 6 7 7 
0 7 4 46 27 6 2 4 
2 7 33 24 39 9 4 6 
9 1 32 37 21 3 2 8 
1 4 49 66 65 0 6 9 
3 8 26 29 54 7 5 7 
7 5 33 57 64 8 2 4 
8 6 30 54 95 1 7 0 
2 9 0 43 62 6 9 0 
4 3 46 34 14 6 3 9 
6 4 31 31 68 7 6 6 
3 2 39 29 40 2 4 2 
5 7 49 53 51 6 7 4 
6 4 21 76 64 2 5 6 
5 4 31 27 78 7 5 5 
1 0 51 60 67 2 6 9 
2 5 36 34 66 7 5 7 
5 2 64 0 62 9 7 8 
6 4 10 34 31 7 1 3 
0 8 55 51 37 0 5 3 
3 3 51 48 4 9 9 1 
1 5 8 29 58 8 8 3 
6 2 18 0 52 0 5 7 
9 1 3 82 51 6 8 1 
3 0 65 30 59 9 8 4 
8 9 12 44 35 3 9 6 
4 9 30 30 46 9 8 1 
8 0 9 59 55 6 2 5 
4 2 39 53 78 0 4 3 
3 0 25 70 48 1 5 6 
1 3 35 44 57 7 5 9 
0 7 9 35 46 7 1 1 
3 6 65 44 85 2 3 1 
0 4 25 25 91 0 9 5 
9 8 56 35 63 8 2 5 
2 1 36 59 42 6 9 5 
5 4 8 20 73 3 8 2 
7 5 37 40 34 1 8 5 
0 0 0 12 76 2 6 8 
4 4 23 19 28 8 3 7 
1 1 38 44 84 3 5 2 
4 1 10 51 70 1 3 8 
5 5 4 54 28 4 1 9 
9 9 40 32 90 1 3 4 
8 2 47 56 77 9 9 7 
7 1 63 68 67 8 0 6 
8 3 34 22 38 1 8 4 
7 4 27 50 55 5 2 1 
0 0 57 50 58 4 7 3 
1 6 62 20 31 6 8 4 
5 1 23 68 67 5 6 3 
1 1 7 42 55 9 8 6 
8 1 38 60 28 0 7 6 
7 7 23 0 57 2 6 6 
4 9 30 67 51 9 8 2 
7 5 41 40 61 2 3 0 
3 7 21 51 46 9 8 8 
8 8 39 20 2 5 9 0 
6 7 59 99 51 1 3 4 
5 5 21 24 35 8 5 9 
0 8 12 49 64 3 2 7 
7 6 61 33 50 7 6 6 
8 3 0 62 46 2 3 6 
8 8 6 36 31 7 8 4 
7 4 54 27 36 2 5 8 
1 8 5 94 53 1 5 0 
3 7 7 48 76 1 7 9 
5 8 53 49 39 3 6 2 
5 0 12 35 53 0 2 6 
0 0 0 32 46 4 8 9 
0 1 22 58 29 6 4 5 
0 1 29 28 37 5 5 2 
9 7 43 72 29 2 7 4 
0 8 0 58 100 4 3 3 
3 1 22 78 59 7 6 0 
3 0 12 60 51 4 4 8 
2 5 35 62 39 7 7 5 
8 2 46 31 49 8 4 7 
8 2 78 63 48 0 9 6 
5 3 24 66 16 1 0 6 
3 9 8 51 46 2 3 7 
6 5 42 25 53 1 7 4 
6 6 46 40 62 8 2 8 
2 3 0 45 52 6 3 1 
4 5 31 46 65 1 0 1 
0 7 32 47 66 0 7 5 
2 0 32 28 55 7 9 3 
3 9 60 21 73 8 4 9 
4 6 55 59 64 6 1 0 
4 7 36 47 74 2 9 3 
3 0 48 24 61 5 5 6 
2 7 31 66 53 9 5 9 
5 4 33 35 71 7 0 8 
2 6 10 31 38 1 0 0 
2 0 56 41 56 6 4 8 
7 7 22 41 43 7 4 8 
2 0 21 57 33 4 0 8 
7 6 41 45 74 7 4 5 
1 6 30 44 71 9 8 3 
2 7 30 64 85 4 9 2 
4 9 50 33 42 7 0 7 
0 3 63 42 60 6 3 0 
9 9 2 52 34 1 1 6 
4 4 34 35 37 1 8 1 
6 7 12 80 41 2 6 8 
4 9 29 73 58 3 1 9 
0 1 52 41 42 3 3 7 
5 7 26 27 16 3 1 4 
1 5 29 16 39 4 3 1 
7 3 25 14 40 5 5 7 
6 3 42 51 37 1 5 9 
6 4 24 83 32 2 8 7 
2 4 2 56 47 5 1 8 
9 2 39 26 29 9 2 3 
2 6 34 72 14 9 5 7 
7 4 71 59 66 9 3 9 
3 7 22 43 58 3 3 2 
1 7 41 37 81 6 2 6 
4 6 5 57 58 1 9 7 
6 8 6 28 38 5 7 4 
7 0 0 71 40 8 4 0 
1 6 0 19 15 9 2 6 
1 7 22 68 74 9 7 6 
6 3 52 47 18 6 0 3 
6 6 22 61 62 3 3 0 
7 9 45 77 75 4 7 2 
5 7 22 24 6 6 4 3 
2 2 23 33 22 0 2 8 
7 5 26 32 51 9 3 0 
3 5 16 66 74 8 0 1 
5 0 37 51 47 8 4 4 
1 5 41 58 23 3 3 4 
1 0 13 69 55 4 2 7 
3 3 25 58 72 4 5 3 
0 4 7 54 49 7 2 4 
7 8 47 76 26 2 4 0 
8 2 52 71 58 4 2 2 
6 7 42 59 65 7 8 8 
4 7 41 80 74 3 1 4 
5 9 6 64 43 3 7 6 
1 6 0 62 47 5 9 9 
9 3 25 64 33 3 0 2 
3 8 25 53 39 8 2 0 
7 4 41 27 83 7 6 7 
0 7 36 47 50 0 8 4 
3 1 0 77 44 1 8 9 
2 1 34 60 37 9 3 2 
2 1 39 29 51 1 5 4 
8 9 4 68 67 6 6 3 
1 7 13 17 35 8 5 2 
2 8 43 54 10 6 7 8 
7 7 25 71 48 6 8 5 
6 8 67 27 29 1 5 2 
4 9 20 62 34 9 5 3 
5 5 0 71 71 1 3 7 
5 5 0 46 62 9 7 6 
1 1 7 21 53 4 6 9 
8 4 0 30 38 1 7 8 
9 9 53 69 54 9 2 4 
5 7 24 34 20 9 3 1 
6 5 63 28 61 1 2 3 
5 0 14 34 65 1 0 3 
7 8 31 35 90 5 7 8 
3 3 16 54 67 3 0 4 
5 8 30 65 52 2 4 7 
4 2 37 63 66 1 8 2 
8 6 44 0 58 8 3 9 
7 0 0 36 29 8 6 7 
6 6 38 28 53 1 8 6 
4 0 32 56 72 4 8 3 
7 0 63 54 83 7 0 5 
8 3 5 93 72 3 5 9 
8 5 32 82 34 7 5 8 
7 7 12 37 38 2 8 2 
5 2 2 72 29 1 2 2 
4 6 40 78 18 7 5 1 
3 9 13 56 62 6 6 5 
8 1 49 88 63 0 4 1 
9 6 32 24 37 4 0 7 
1 1 0 80 15 3 9 4 
0 1 38 65 49 6 8 3 
0 4 25 88 57 2 6 3 
9 5 43 89 103 4 2 0 
0 3 17 39 38 8 9 2 
2 4 29 25 41 9 6 8 
6 1 59 49 61 7 0 6 
4 6 0 53 54 3 8 4 
2 0 0 56 44 1 3 4 
6 9 11 42 70 4 3 7 
9 1 56 69 11 5 9 6 
8 0 59 50 49 6 0 5 
0 3 51 51 78 1 9 3 
6 3 57 43 64 7 8 5 
9 8 14 62 46 0 9 7 
6 5 27 42 26 0 5 8 
2 9 1 72 61 4 3 0 
2 4 31 51 79 3 3 3 
8 5 43 46 45 6 5 8 
7 8 45 26 33 3 7 6 
4 4 27 43 26 5 7 8 
7 8 17 62 39 9 2 7 
3 9 40 41 72 2 0 9 
7 9 48 48 55 9 8 2 
9 2 43 50 35 1 3 8 
5 7 41 42 55 5 2 5 
4 7 55 3 22 0 7 3 
3 1 20 65 84 7 1 5 
0 0 4 57 61 6 4 0 
2 9 33 28 39 8 7 3 
0 1 28 84 22 8 8 2 
9 8 21 35 58 2 7 3 
5 8 20 60 63 4 8 3 
1 0 14 32 83 2 0 6 
3 3 37 33 60 8 9 6 
3 3 45 29 45 3 9 8 
9 1 29 58 64 5 3 7 
5 3 1 63 95 7 0 2 
5 5 28 52 80 4 1 9 
5 9 52 54 60 2 3 4 
2 5 28 62 35 7 5 0 
6 1 0 67 83 1 7 9 
5 4 13 84 43 7 8 1 
4 9 0 61 53 7 6 6 
3 2 22 61 83 2 2 1 
8 9 49 58 35 3 2 9 
4 6 31 41 63 2 2 5 
7 8 56 87 45 5 7 2 
7 6 38 28 43 0 2 4 
3 1 0 35 33 0 6 5 
1 4 13 56 84 1 4 7 
0 5 31 79 65 4 2 1 
1 0 42 51 37 6 6 0 
9 9 39 53 76 4 3 2 
8 8 11 40 68 4 3 1 
9 8 0 47 68 3 4 2 
3 5 59 45 67 2 3 7 
6 0 2 41 31 7 0 9 
7 2 24 52 38 1 3 7 
9 5 20 34 45 9 0 9 
6 9 0 72 36 3 3 1 
4 6 19 109 83 1 7 7 
8 0 65 10 44 5 5 3 
9 9 40 72 66 8 1 0 
4 0 34 36 46 5 5 9 
2 4 30 71 41 2 4 5 
7 7 23 79 45 4 9 7 
0 4 21 62 46 9 1 3 
7 1 0 90 76 6 8 3 
4 8 10 44 0 3 3 2 
0 9 22 33 67 1 2 8 
2 9 18 60 5 7 3 6 
3 9 4 61 53 4 8 7 
5 0 62 35 82 2 7 8 
9 3 48 45 23 3 5 5 
9 8 47 31 36 9 6 4 
7 0 46 34 56 6 5 3 
5 9 28 26 40 1 6 1 
4 5 30 0 64 0 7 7 
2 3 53 74 10 4 7 9 
2 1 0 30 36 4 6 2 
1 9 15 32 14 5 1 1 
9 2 36 20 64 8 9 7 
4 1 13 94 62 1 7 9 
1 5 31 67 49 6 9 5 
2 1 30 56 18 8 8 8 
9 4 20 69 81 5 3 5 
6 0 0 43 38 9 7 2 
4 1 47 38 38 9 9 7 
9 8 8 32 14 6 8 5 
9 4 24 78 66 6 8 3 
3 8 29 60 56 4 8 1 
1 3 30 31 10 1 7 6 
1 0 30 81 19 7 3 4 
9 2 34 83 62 5 6 8 
3 6 39 34 39 9 6 8 
8 3 33 59 29 1 8 0 
5 9 46 40 55 1 9 4 
6 4 42 45 67 9 1 6 
4 8 52 67 58 9 6 8 
9 2 23 66 41 9 5 0 
1 2 13 34 30 2 1 3 
2 4 51 43 41 0 8 4 
3 4 24 37 32 6 4 8 
2 6 24 87 49 3 8 0 
7 0 59 64 41 8 0 8 
0 6 0 51 58 7 1 3 
9 8 28 55 0 5 2 2 
1 9 46 63 45 4 5 0 
8 7 32 55 29 1 9 6 
6 9 19 51 13 4 8 2 
1 6 36 19 77 3 9 4 
0 7 42 29 48 5 1 9 
3 1 0 50 18 6 9 2 
6 2 25 54 25 8 2 5 
4 2 18 29 36 2 8 0 
4 0 28 104 64 4 9 9 
7 5 46 27 64 7 6 6 
3 3 53 83 34 1 0 7 
2 0 54 48 58 9 2 1 
4 2 2 19 39 6 3 5 
8 1 46 37 61 5 0 8 
1 2 20 50 33 2 4 2 
4 5 24 33 70 3 4 3 
1 3 14 52 24 3 1 3 
0 7 56 53 39 5 9 1 
9 5 8 38 45 9 0 5 
9 9 52 28 69 3 1 9 
7 1 68 62 44 6 4 9 
4 6 51 48 41 8 2 5 
7 0 7 17 62 3 7 8 
0 2 36 34 50 0 8 5 
1 5 37 60 41 4 7 2 
0 2 9 0 65 5 2 4 
8 1 16 55 99 5 9 2 
0 3 42 79 63 9 8 5 
1 1 30 72 30 7 4 8 
8 5 50 50 65 5 3 8 
7 8 26 69 56 0 7 2 
0 1 22 48 48 1 1 1 
6 7 31 46 39 6 2 2 
2 1 41 25 32 4 2 0 
2 7 20 51 97 5 0 3 
9 0 48 74 36 8 8 4 
6 3 64 27 65 2 2 6 
8 5 30 41 26 0 9 0 
7 5 41 38 55 0 2 2 
0 3 26 40 36 2 6 9 
6 4 27 17 70 1 5 7 
8 8 32 63 20 3 0 2 
3 0 64 48 37 5 1 7 
3 8 0 47 5 6 8 6 
7 0 46 31 5 3 9 6 
4 9 52 45 65 3 6 1 
5 3 27 59 55 0 5 3 
4 2 0 43 24 6 7 1 
0 0 0 52 17 3 4 9 
2 7 8 26 48 0 7 5 
6 4 0 39 49 7 0 2 
8 4 62 20 66 3 5 4 
1 0 0 27 64 1 0 6 
1 3 9 25 77 1 1 8 
1 6 47 74 43 3 3 8 
3 1 19 56 45 4 4 3 
3 8 35 58 50 7 4 2 
4 7 41 50 40 2 7 0 
9 3 28 37 17 6 1 2 
4 2 10 8 42 4 1 4 
8 3 49 76 57 6 3 4 
1 4 51 29 44 6 4 1 
5 8 16 77 39 5 4 7 
6 3 4 69 77 0 0 3 
9 8 58 58 1 5 8 0 
0 4 46 33 63 7 5 7 
0 9 0 34 78 4 4 3 
2 9 76 15 54 6 0 2 
5 0 13 77 44 7 7 7 
8 2 62 67 51 3 7 2 
7 7 0 44 73 4 2 2 
9 0 31 32 51 7 6 9 
1 8 18 36 68 3 3 4 
5 5 57 38 61 4 2 8 
6 7 48 21 41 9 0 7 
7 1 50 54 47 1 0 7 
0 6 79 62 60 1 8 9 
1 5 25 59 40 4 7 8 
5 8 41 67 43 2 5 7 
3 3 50 14 29 1 4 1 
0 3 27 44 61 6 7 7 
1 5 41 27 105 9 0 4 
2 7 1 54 60 5 0 6 
4 2 53 53 66 3 4 0 
8 2 32 29 52 6 6 2 
6 8 10 16 36 2 1 9 
9 2 72 45 66 9 1 0 
1 0 15 61 68 9 3 5 
7 1 0 68 77 6 7 6 
7 5 52 45 64 8 2 4 
9 4 52 41 70 5 6 3 
4 5 17 35 56 1 1 0 
4 2 56 49 63 8 6 9 
6 0 80 30 64 1 2 7 
0 9 9 39 46 3 0 4 
9 6 23 36 58 6 7 3 
6 7 13 54 24 2 7 7 
3 8 17 47 9 0 5 6 
4 9 0 52 26 3 0 9 
9 9 16 20 21 5 8 8 
3 8 63 55 42 3 8 7 
4 7 32 39 26 8 3 7 
7 1 52 18 50 5 2 6 
3 2 61 48 54 5 8 7 
1 1 20 33 58 9 9 7 
0 0 4 24 43 6 4 5 
1 7 31 31 36 2 1 8 
3 9 50 52 37 2 8 6 
2 5 21 56 50 6 8 4 
6 4 43 31 34 4 8 2 
0 5 8 25 55 0 2 8 
6 8 47 52 117 9 4 1 
2 3 32 80 9 4 1 2 
1 8 24 64 35 9 0 9 
4 4 54 44 28 2 4 5 
5 5 77 51 75 6 6 3 
9 9 52 32 33 4 4 7 
0 9 6 70 57 8 7 0 
4 3 43 71 35 5 5 9 
7 4 26 53 68 3 0 5 
2 2 51 92 63 0 8 2 
2 5 30 42 33 1 3 8 
7 0 22 56 67 7 4 6 
7 1 45 32 25 7 9 1 
9 1 72 25 29 2 6 7 
0 5 0 62 55 2 0 0 
6 5 0 44 55 0 6 3 
6 8 13 51 42 8 5 9 
4 8 48 20 59 0 8 0 
0 1 0 24 102 1 2 3 
6 1 17 66 40 3 3 7 
9 3 34 78 49 3 9 8 
3 7 79 67 27 7 1 8 
2 6 15 34 53 3 2 3 
9 8 20 24 86 0 4 4 
6 6 60 40 72 9 3 2 
9 1 23 17 76 8 5 3 
1 2 8 49 33 5 1 5 
6 0 46 39 46 0 4 7 
1 4 28 55 44 1 4 9 
4 0 9 37 50 4 6 8 
3 4 54 39 31 7 1 0 
0 0 16 53 12 2 6 1 
6 4 28 60 78 5 6 2 
0 8 61 74 39 2 8 5 
9 1 34 34 15 4 4 2 
4 1 18 60 78 1 0 8 
4 3 17 7 49 4 2 4 
6 2 38 78 51 6 1 3 
7 0 13 56 16 0 7 8 
6 9 14 32 59 9 4 0 
6 0 15 85 19 0 9 9 
5 3 31 62 38 5 3 5 
8 6 7 83 65 2 2 5 
6 0 17 29 55 6 3 7 
3 8 16 29 39 6 3 8 
3 7 26 61 76 7 7 8 
7 6 0 70 28 1 5 1 
4 3 56 56 56 9 8 0 
6 4 29 79 5 2 9 9 
3 1 0 75 64 6 2 2 
6 7 18 44 44 0 2 0 
0 1 1 82 70 2 7 8 
1 5 58 52 73 6 4 3 
4 8 2 46 27 6 4 3 
2 7 46 33 72 4 4 4 
0 4 50 37 33 1 6 4 
1 4 52 70 44 5 2 5 
9 2 46 64 39 8 4 5 
7 6 10 34 50 3 2 5 
3 7 25 69 41 7 2 4 
0 3 52 53 56 8 7 3 
3 6 38 53 50 0 3 7 
3 0 54 56 41 4 6 2 
2 0 31 45 70 5 2 5 
8 1 34 69 10 8 2 4 
6 7 0 43 27 2 2 7 
3 4 13 71 54 0 1 5 
6 4 4 48 44 0 7 7 
6 8 42 37 71 0 5 8 
0 0 16 33 24 3 0 1 
1 5 28 64 28 1 9 2 
1 9 58 84 68 1 1 2 
5 1 9 50 77 0 7 4 
3 8 16 35 37 0 4 4 
0 5 15 102 39 7 6 8 
9 1 28 32 42 6 9 4 
4 3 45 43 48 0 1 1 
7 9 79 41 0 5 2 9 
7 7 15 51 78 1 0 8 
1 2 44 58 33 3 4 3 
6 8 16 91 74 9 4 0 
8 6 13 24 39 3 7 9 
8 4 45 59 15 0 7 8 
5 0 0 37 27 8 2 5 
6 6 46 30 43 6 8 6 
5 9 40 23 61 9 5 6 
9 1 16 43 44 4 1 3 
1 7 23 37 54 8 5 4 
8 7 18 44 24 2 6 1 
4 8 22 66 52 5 0 8 
7 0 29 31 15 8 9 6 
6 6 43 67 71 5 2 5 
2 4 28 49 50 0 9 5 
5 5 68 60 40 1 3 8 
8 8 55 34 48 9 4 1 
5 6 28 61 28 1 1 7 
0 8 42 59 49 6 9 9 
9 8 40 41 76 9 9 2 
2 0 58 83 38 8 6 5 
1 8 45 79 46 8 2 7 
8 8 14 66 70 4 8 1 
3 1 2 24 39 3 1 4 
2 2 57 72 21 7 3 7 
8 1 19 54 34 9 4 1 
9 4 39 38 50 1 4 8 
5 5 32 40 68 2 6 7 
3 3 0 36 45 7 4 9 
7 1 15 54 27 6 7 9 
2 8 32 38 111 2 1 1 
0 8 19 54 45 2 8 2 
7 2 49 62 56 8 5 7 
6 0 39 16 46 2 7 9 
7 4 5 28 64 6 7 6 
7 0 52 41 77 1 8 3 
7 5 27 64 86 7 5 3 
8 3 0 55 37 2 9 6 
1 6 53 81 42 7 7 8 
5 0 27 80 54 6 6 0 
2 1 4 24 50 1 5 3 
3 9 62 39 58 1 6 3 
6 6 11 63 51 4 9 0 
4 7 20 66 38 7 7 4 
3 4 55 55 20 2 4 2 
4 7 37 72 30 7 9 6 
8 8 29 39 63 1 2 4 
0 1 77 25 61 1 4 1 
8 4 45 75 31 9 4 1 
6 2 19 84 54 7 9 0 
2 2 53 74 46 5 6 9 
6 9 31 50 85 6 2 2 
9 4 0 52 30 0 8 6 
8 9 7 30 57 4 4 0 
7 3 69 56 32 4 9 0 
0 2 34 11 79 7 2 2 
0 3 34 98 22 1 2 8 
5 5 37 47 79 7 2 9 
7 8 39 47 35 8 8 8 
5 5 34 46 48 6 7 0 
3 7 48 12 82 4 1 9 
7 4 46 45 56 2 0 6 
1 1 3 81 72 0 9 7 
0 7 4 25 19 2 4 2 
4 4 45 11 67 0 5 4 
8 7 21 71 44 8 3 5 
9 3 38 57 47 1 4 8 
0 3 2 37 33 6 0 3 
0 3 25 47 38 0 4 1 
2 2 45 33 40 6 0 5 
1 6 23 59 63 5 4 7 
8 1 13 32 57 2 0 4 
5 6 36 47 61 7 4 9 
1 1 7 47 53 6 3 5 
5 8 26 31 29 1 9 1 
5 0 54 60 37 6 6 0 
2 3 18 60 60 8 9 2 
7 3 26 55 60 9 6 7 
2 0 54 30 44 7 2 6 
4 7 61 34 64 2 8 0 
5 6 43 11 52 0 2 2 
1 4 6 64 80 2 9 7 
0 3 20 75 11 7 2 0 
0 1 50 34 49 8 3 6 
3 7 0 52 77 4 7 0 
4 7 41 84 56 4 8 2 
2 3 27 91 28 7 1 9 
4 4 39 35 69 5 9 9 
3 3 47 77 53 3 1 9 
2 5 53 43 15 6 6 6 
7 9 0 64 48 7 7 1 
0 3 32 3 73 7 1 3 
5 4 25 30 64 7 4 1 
5 5 5 47 34 1 9 5 
2 0 58 81 10 5 2 6 
1 1 19 46 53 4 6 6 
1 8 28 38 46 6 8 9 
9 9 21 44 77 0 1 4 
0 6 14 45 37 8 9 0 
8 1 0 39 71 5 7 0 
2 1 32 42 32 5 0 5 
5 9 19 43 46 5 3 0 
6 5 7 53 53 2 4 0 
4 3 31 55 69 1 4 5 
3 2 35 59 55 2 2 7 
7 3 33 56 67 0 8 2 
1 7 27 55 14 3 6 8 
5 9 21 34 77 4 8 9 
1 6 19 99 35 7 3 1 
9 0 60 46 53 6 8 9 
6 3 33 37 57 4 8 5 
2 5 19 70 37 0 7 9 
6 4 59 51 57 9 6 6 
2 3 38 58 56 5 7 5 
6 5 46 59 52 1 7 2 
2 9 0 14 49 2 3 6 
6 0 19 58 30 7 6 2 
3 9 10 45 26 7 2 8 
2 9 18 0 69 1 2 6 
3 8 34 37 48 8 4 2 
8 8 14 51 93 7 2 7 
6 7 0 73 79 6 6 5 
8 7 8 1 26 4 4 7 
9 7 32 87 61 7 1 3 
2 0 77 26 42 4 2 4 
4 3 29 38 34 5 8 7 
9 1 37 28 50 5 0 8 
2 8 30 0 73 5 9 9 
6 8 32 36 24 0 1 3 
0 3 27 53 22 2 3 4 
8 2 0 42 61 6 7 0 
2 8 32 34 36 9 5 3 
5 8 31 73 82 4 2 9 
4 1 3 56 30 4 4 1 
3 4 13 19 29 4 0 8 
7 3 34 64 64 4 6 8 
0 5 61 25 46 5 8 2 
4 0 17 44 82 7 1 3 
1 3 27 51 60 5 7 7 
2 3 26 81 69 7 4 5 
7 0 47 54 28 1 7 2 
6 9 68 48 43 0 4 4 
2 0 32 44 35 3 5 9 
3 6 51 52 54 8 2 3 
9 2 0 34 57 0 1 1 
8 0 57 49 78 2 1 4 
0 2 56 41 71 6 4 2 
6 4 25 71 51 7 2 1 
8 7 51 87 36 4 5 7 
0 2 46 34 64 1 8 1 
6 1 44 39 7 5 7 6 
3 8 38 75 30 5 5 1 
7 8 57 55 33 6 0 5 
0 1 18 29 35 8 0 4 
1 7 42 25 29 1 6 2 
4 9 0 54 51 3 2 1 
0 1 16 58 98 4 7 4 
2 2 7 79 21 8 9 5 
8 2 12 30 36 7 3 4 
7 3 20 46 20 6 3 2 
6 2 24 73 50 5 2 6 
8 2 27 43 67 3 4 2 
9 2 36 34 67 4 6 6 
2 7 41 58 61 8 6 0 
4 0 38 62 58 1 8 0 
5 7 37 102 11 7 9 4 
8 4 40 62 50 7 4 2 
9 3 0 73 29 5 1 7 
1 4 37 52 39 3 7 3 
2 8 39 60 84 7 2 0 
1 6 33 54 58 8 6 1 
1 7 2 66 23 3 7 8 
7 7 26 55 39 2 4 5 
8 5 16 39 77 5 9 7 
1 5 12 65 55 7 1 3 
2 2 36 74 45 1 6 0 
1 9 27 39 65 7 8 1 
0 7 51 77 64 8 8 9 
2 7 33 53 55 5 2 8 
8 4 6 63 65 5 8 5 
7 9 16 35 50 5 0 8 
7 7 38 40 45 3 7 4 
2 3 45 56 38 6 1 6 
2 5 22 69 29 2 1 2 
5 3 66 31 51 2 9 5 
9 0 34 55 30 1 7 8 
0 3 21 70 58 3 0 4 
7 4 39 30 107 0 0 6 
1 5 39 35 42 8 9 4 
3 5 0 74 36 4 5 6 
0 5 7 34 79 1 8 2 
2 5 44 32 64 1 3 5 
8 1 0 50 53 1 4 0 
1 7 37 60 60 8 1 4 
3 4 15 22 78 3 3 9 
9 6 28 58 68 4 1 8 
3 4 16 54 44 8 3 6 
6 5 37 46 44 3 4 1 
8 8 73 57 35 0 0 8 
2 8 46 69 20 6 5 3 
6 8 1 16 59 2 8 7 
1 1 23 67 49 6 1 4 
6 7 21 63 37 4 3 2 
8 4 11 35 40 5 9 7 
5 2 42 18 62 3 6 8 
3 9 73 60 77 5 6 1 
1 6 44 43 82 9 3 5 
7 9 22 21 74 7 0 7 
1 7 18 39 86 2 5 6 
8 1 0 42 61 0 9 6 
2 2 0 68 34 7 0 7 
4 4 39 88 59 4 9 7 
3 9 16 80 70 8 1 7 
6 5 5 53 65 8 1 0 
9 5 0 40 62 9 0 3 
1 7 21 41 27 0 6 5 
7 9 43 24 8 1 4 8 
7 4 38 92 30 2 3 0 
9 0 19 77 51 5 1 5 
2 3 56 44 43 1 6 1 
9 7 55 62 62 2 5 4 
9 1 37 37 67 8 1 7 
2 3 18 13 68 6 8 5 
8 5 44 40 40 9 8 0 
6 4 75 42 102 0 6 3 
2 3 26 55 73 3 5 9 
8 9 34 57 23 6 9 3 
7 8 38 43 28 2 9 2 
2 7 15 46 18 4 7 9 
1 7 39 63 49 3 6 5 
9 1 0 64 52 0 7 7 
4 8 29 29 74 0 6 6 
4 6 8 55 59 5 7 8 
0 4 20 43 54 5 1 5 
4 1 20 65 56 0 8 0 
2 6 28 59 52 0 8 3 
6 3 29 29 20 7 5 7 
1 3 0 74 40 4 8 5 
3 0 12 53 47 8 8 0 
8 1 52 27 49 7 9 4 
0 1 6 60 74 4 8 8 
8 6 0 32 46 7 9 1 
1 2 27 58 78 2 2 8 
1 8 23 33 56 2 8 3 
0 2 9 32 33 7 9 5 
3 3 10 52 81 2 9 9 
3 2 29 55 39 6 6 8 
1 8 49 37 69 1 4 0 
1 7 18 57 100 3 9 6 
9 7 16 66 46 7 6 8 
3 2 29 55 73 8 6 4 
0 5 17 66 39 4 1 4 
3 6 9 85 59 6 8 0 
7 8 60 49 64 8 5 0 
5 3 59 78 90 9 6 0 
8 4 22 14 39 8 3 5 
4 4 4 27 55 5 1 9 
8 9 22 73 53 5 7 8 
3 3 30 52 60 0 7 1 
2 2 20 59 41 8 4 4 
5 6 58 45 8 7 0 6 
0 2 25 52 20 5 1 7 
3 7 62 29 17 8 7 6 
3 8 32 55 63 0 5 2 
8 1 76 45 55 1 9 0 
2 4 62 20 83 1 8 5 
6 5 62 24 19 1 1 3 
3 7 0 22 55 4 3 9 
2 2 17 63 14 9 9 1 
5 5 36 54 46 7 7 8 
4 7 32 37 57 9 3 5 
9 1 35 79 65 4 8 9 
5 6 23 37 26 8 9 5 
1 0 26 21 64 2 7 5 
1 3 0 74 32 8 4 3 
9 6 33 57 32 6 7 3 
1 5 18 61 28 4 9 5 
4 2 56 16 14 7 7 3 
5 8 30 57 77 2 6 1 
2 0 27 71 7 0 3 2 
2 4 34 60 52 7 6 6 
7 2 29 39 70 2 6 7 
6 3 36 46 50 7 8 7 
6 8 28 36 32 6 4 4 
4 4 24 29 58 8 7 2 
8 5 16 52 52 3 4 3 
4 7 43 46 17 8 9 2 
6 4 57 51 25 5 5 6 
4 6 14 65 62 9 6 1 
5 7 32 23 25 1 5 1 
1 2 54 57 38 1 5 2 
1 5 19 38 55 2 9 9 
3 8 61 87 60 9 7 4 
9 3 12 12 40 3 5 9 
8 8 7 43 8 1 4 8 
3 7 40 53 68 4 9 7 
6 8 48 47 45 4 1 1 
2 2 45 45 40 1 8 1 
4 4 52 36 75 0 2 7 
8 2 17 89 36 4 3 6 
9 8 78 69 58 8 6 6 
3 0 23 42 76 4 2 7 
3 8 71 61 62 0 5 3 
5 1 52 49 34 7 7 5 
7 9 29 73 27 8 0 0 
0 8 45 20 45 0 3 8 
2 3 50 63 56 2 6 1 
8 1 58 60 34 6 3 2 
0 3 53 53 77 2 7 8 
1 8 30 31 43 1 3 6 
2 0 14 54 29 2 6 4 
0 3 38 61 44 5 9 6 
0 4 53 35 58 7 7 4 
4 2 46 71 91 3 7 7 
1 4 35 42 21 5 0 6 
8 2 70 71 65 0 6 0 
1 5 21 61 29 6 6 4 
1 8 32 85 42 2 0 6 
1 2 36 15 23 1 9 6 
5 8 22 47 37 1 4 6 
4 9 12 62 13 3 4 5 
8 3 26 66 58 0 7 3 
6 8 26 32 24 6 7 5 
0 0 29 0 36 3 3 2 
6 5 59 77 39 0 2 9 
2 3 48 53 83 5 7 0 
8 8 31 37 42 2 4 5 
3 1 0 59 50 9 8 9 
1 3 30 32 63 4 1 6 
2 5 18 68 67 0 6 4 
3 6 60 58 49 5 1 6 
1 2 44 18 46 7 7 4 
3 3 0 69 49 1 3 9 
3 8 0 57 51 0 4 3 
8 7 3 58 83 7 7 6 
9 6 12 58 31 8 1 4 
4 0 43 67 63 1 0 1 
9 2 39 49 50 6 5 3 
2 2 37 28 69 5 2 8 
5 7 19 61 29 7 9 3 
4 0 58 38 54 1 4 8 
3 5 23 16 72 2 1 0 
5 7 22 38 28 6 5 3 
1 3 65 50 75 5 4 1 
4 6 37 0 23 9 2 1 
4 0 26 14 53 8 2 2 
3 3 55 65 24 7 2 4 
5 6 31 28 58 4 7 7 
7 1 37 61 60 7 0 3 
2 7 29 25 34 4 3 4 
7 1 16 24 52 9 1 7 
1 2 21 25 50 2 1 7 
1 6 19 35 31 3 0 1 
1 7 36 33 53 1 2 3 
7 0 53 22 54 7 1 2 
1 9 24 53 21 4 8 7 
5 8 36 23 51 0 0 2 
8 6 33 0 34 3 3 6 
2 0 0 54 51 2 9 0 
9 1 50 40 55 5 6 2 
4 9 51 69 22 3 8 6 
1 3 20 31 71 1 4 4 
0 0 43 70 24 5 1 4 
5 6 28 40 49 2 0 5 
2 3 20 67 59 2 2 5 
2 4 17 37 43 8 1 9 
4 2 64 40 45 5 8 0 
1 9 65 49 64 3 8 0 
6 6 26 58 30 4 4 7 
6 8 45 58 66 0 4 1 
7 7 34 26 57 5 7 8 
8 3 46 47 56 8 3 0 
5 4 37 74 88 4 0 3 
0 7 18 59 20 4 2 1 
0 9 0 44 54 3 4 7 
0 8 15 65 75 8 8 9 
4 1 38 43 74 3 0 5 
3 9 16 42 37 8 2 0 
4 5 47 49 35 6 2 6 
3 5 6 111 62 8 3 5 
1 1 30 42 58 6 7 1 
8 9 1 40 25 2 3 8 
0 9 17 5 47 6 0 2 
5 6 24 30 39 6 0 4 
1 4 38 43 24 9 0 9 
4 8 16 64 93 8 5 7 
5 2 33 45 48 0 7 9 
5 1 37 72 0 0 0 6 
7 8 24 51 44 7 0 3 
0 9 8 67 81 0 8 0 
8 7 24 62 84 0 8 2 
6 1 23 36 42 0 5 6 
3 8 40 51 76 2 7 1 
7 6 34 57 15 8 5 8 
8 7 0 98 66 8 0 8 
0 8 0 62 15 5 0 5 
0 5 0 22 69 6 2 5 
0 2 23 25 82 9 9 0 
4 8 53 78 30 0 5 2 
1 9 50 67 46 7 7 5 
0 5 28 38 54 5 3 4 
5 0 4 57 62 1 1 6 
5 7 23 54 68 8 6 9 
6 5 78 59 39 2 2 4 
0 3 66 47 69 9 9 3 
2 5 47 43 80 0 3 3 
8 4 0 47 47 3 8 6 
7 0 35 46 47 4 0 1 
3 2 15 31 49 7 9 7 
3 8 19 67 56 2 7 4 
0 2 3 51 73 8 8 0 
7 4 8 23 65 7 6 7 
0 0 53 79 98 4 3 5 
2 2 62 66 72 5 6 3 
6 1 49 45 61 9 0 3 
5 9 33 55 53 7 2 0 
1 2 43 65 37 4 3 8 
0 7 51 48 54 0 3 1 
3 6 68 94 45 4 6 8 
4 0 37 43 72 3 4 8 
2 1 9 51 40 2 9 8 
1 4 29 51 30 2 4 1 
1 1 50 73 100 6 4 7 
1 6 69 53 28 4 5 6 
0 9 3 54 33 8 0 0 
8 6 75 45 74 5 4 7 
3 3 15 23 38 3 2 3 
0 6 92 27 45 2 2 4 
3 9 13 25 26 9 2 7 
5 1 28 54 66 2 5 9 
4 3 8 23 82 7 8 6 
6 9 12 17 51 4 1 3 
9 7 27 38 35 4 4 1 
2 0 32 59 57 2 3 5 
4 7 46 43 68 1 7 0 
3 0 0 39 46 9 2 0 
4 8 44 47 76 6 5 3 
8 0 18 33 55 3 1 3 
4 1 0 59 56 6 1 2 
8 0 38 63 36 0 2 8 
5 8 23 53 67 3 2 5 
5 3 43 39 74 2 1 0 
4 7 28 54 36 2 5 1 
2 9 38 37 76 0 9 3 
5 6 46 65 34 7 9 9 
7 8 11 103 86 5 9 2 
9 4 30 48 58 9 2 3 
5 3 35 95 58 7 8 9 
6 3 5 38 43 1 5 8 
9 4 15 56 58 2 5 8 
7 4 24 69 20 0 8 9 
9 0 21 54 71 5 7 7 
4 9 50 30 71 7 5 7 
9 0 46 56 20 0 7 7 
0 3 41 61 64 3 3 3 
6 3 43 50 17 0 9 1 
3 1 60 74 18 2 7 3 
2 8 53 48 46 3 8 2 
4 2 56 55 57 5 8 5 
4 5 25 51 54 2 8 8 
7 8 0 81 30 8 8 4 
5 1 2 48 58 3 2 8 
5 1 30 48 60 9 6 0 
4 8 53 48 51 2 0 2 
8 3 1 60 70 7 4 4 
1 1 37 77 35 2 7 2 
0 8 61 49 35 8 0 6 
8 2 74 75 32 9 0 4 
9 5 0 68 16 7 6 5 
6 4 31 16 23 1 6 4 
1 9 44 80 54 7 3 7 
9 5 0 44 43 7 4 3 
8 7 24 44 51 1 2 3 
6 0 29 66 57 8 1 2 
5 7 11 60 30 5 9 9 
5 7 57 29 71 8 6 2 
7 0 21 40 65 8 4 3 
1 5 26 77 55 8 6 6 
6 2 20 40 34 9 5 3 
7 0 26 33 53 8 9 6 
4 2 42 23 85 3 6 2 
8 0 45 41 32 9 7 9 
1 5 11 36 45 7 8 1 
5 4 24 49 63 9 7 9 
0 6 22 59 58 9 8 0 
9 4 0 29 44 0 3 7 
8 0 39 66 53 1 3 3 
5 7 2 85 55 9 4 1 
9 7 25 38 53 7 7 4 
9 8 0 32 50 3 9 2 
2 0 8 62 37 8 3 2 
3 5 13 58 38 7 3 2 
8 9 13 26 30 4 3 4 
0 4 0 50 48 8 0 8 
2 4 15 58 56 8 0 6 
0 1 34 84 43 6 8 7 
4 1 48 19 39 8 7 6 
5 4 47 37 37 5 5 8 
3 8 49 83 49 6 3 3 
4 1 19 46 48 3 8 5 
6 4 24 59 39 3 9 8 
6 9 38 41 76 8 8 5 
4 1 69 51 20 2 5 6 
3 5 43 24 56 8 9 0 
6 1 35 42 48 2 1 9 
5 4 42 45 32 1 8 0 
5 4 59 35 75 3 5 1 
3 3 22 47 75 4 1 2 
1 9 42 51 37 4 8 1 
0 6 50 88 32 0 6 9 
8 6 69 57 44 9 1 1 
7 3 20 47 47 4 4 2 
6 7 34 40 45 7 3 9 
0 7 0 62 29 9 6 3 
0 6 34 11 50 2 9 3 
6 9 20 21 69 7 8 3 
0 1 38 70 62 0 0 8 
9 3 51 62 62 3 9 1 
7 2 7 25 56 2 1 7 
0 4 32 45 54 3 7 3 
7 5 46 50 50 3 0 1 
8 7 35 54 61 2 9 0 
3 3 25 30 54 9 1 0 
7 7 39 56 22 8 7 4 
3 7 29 57 35 7 1 1 
3 1 4 22 58 3 5 8 
8 8 23 45 37 5 4 8 
4 3 41 66 78 8 3 1 
9 9 4 55 54 6 7 7 
9 1 51 43 56 3 9 5 
7 3 33 53 34 0 5 0 
9 7 7 41 51 2 4 4 
4 6 8 69 50 1 3 9 
6 6 7 56 49 9 0 9 
7 9 57 41 51 2 2 6 
6 9 47 78 66 3 7 0 
9 9 24 41 63 0 8 2 
6 6 69 33 74 9 5 9 
2 3 21 13 52 1 2 3 
2 1 67 40 14 3 6 5 
0 6 36 49 80 5 2 5 
4 3 37 61 3 9 6 5 
6 9 57 29 35 8 1 8 
8 8 37 29 50 7 5 1 
0 4 54 48 37 3 7 0 
9 9 38 52 9 3 3 3 
5 5 31 41 54 2 6 7 
5 8 24 77 47 1 9 8 
0 1 54 31 93 6 9 0 
2 2 30 43 51 2 1 1 
2 3 26 42 0 9 5 6 
4 0 32 45 58 8 1 0 
6 0 53 44 35 9 8 1 
5 3 8 56 48 0 9 7 
1 7 8 33 53 9 0 6 
9 3 29 49 48 2 4 8 
3 2 7 35 18 8 3 7 
5 4 37 39 25 0 8 2 
1 9 34 76 45 7 5 4 
2 9 16 81 49 6 5 6 
1 9 0 24 19 8 4 6 
3 7 27 26 44 4 5 2 
5 4 31 57 46 8 5 1 
8 9 28 49 84 7 1 3 
8 4 43 45 58 2 2 9 
6 8 17 73 35 6 6 5 
7 8 51 39 4 4 9 3 
4 0 36 44 63 7 4 7 
3 4 17 95 37 2 1 7 
8 3 0 29 34 8 3 3 
3 5 13 33 17 1 2 5 
8 8 50 53 75 2 8 0 
1 1 47 27 37 0 6 7 
5 9 27 43 90 4 7 2 
8 6 42 67 33 7 3 1 
6 7 21 80 46 5 6 2 
1 8 37 43 52 6 0 9 
5 9 18 51 37 1 4 0 
8 5 37 75 50 5 4 6 
3 5 31 35 39 1 2 4 
3 3 55 56 52 6 6 4 
2 6 24 76 53 3 9 1 
5 6 29 33 54 3 9 2 
7 4 64 26 69 2 5 5 
5 1 44 53 55 2 3 5 
9 0 9 59 10 8 8 3 
6 4 74 48 91 3 7 9 
9 8 45 32 43 9 5 6 
6 0 38 36 26 8 4 4 
4 5 0 75 89 1 3 0 
4 9 38 30 36 8 8 8 
2 1 9 26 31 5 6 5 
3 4 33 68 42 5 9 8 
