8 2800
1 9 11 65 28 9 1 6 
2 3 27 69 25 2 6 2 
6 2 27 73 42 7 7 9 
2 4 27 35 92 8 6 0 
6 9 0 45 68 0 6 1 
1 5 53 28 65 1 4 9 
9 2 31 44 68 3 7 2 
0 7 48 70 38 0 2 0 
2 9 0 34 36 3 6 0 
4 7 9 49 37 7 6 7 
4 8 0 83 35 7 8 7 
7 5 28 56 45 4 9 2 
6 1 14 71 65 3 9 9 
4 0 7 47 57 5 4 8 
8 5 13 13 43 1 0 1 
3 4 78 10 50 7 7 8 
2 1 45 87 37 9 7 0 
8 9 24 42 47 4 3 6 
8 3 31 32 75 9 0 8 
3 6 43 29 45 2 7 5 
9 9 0 63 44 6 6 5 
0 0 42 18 7 0 8 2 
9 8 41 61 63 7 5 6 
6 0 0 69 17 9 4 6 
2 1 41 63 40 3 0 6 
4 6 18 34 67 1 1 5 
8 7 27 46 42 9 4 4 
6 1 0 66 38 5 4 8 
2 5 0 52 72 9 4 9 
6 8 21 42 30 2 9 8 
3 8 4 51 60 0 0 7 
9 0 79 47 55 1 3 1 
1 8 52 19 39 4 8 9 
1 2 36 20 60 0 2 4 
6 3 26 74 48 5 2 6 
2 8 9 49 68 4 0 0 
4 5 52 47 40 9 6 1 
4 4 16 47 42 9 9 2 
9 0 60 68 53 8 3 0 
8 4 0 42 57 0 5 6 
9 5 0 42 58 1 2 4 
2 3 55 40 42 2 2 4 
0 7 26 63 37 4 7 4 
1 5 16 48 30 3 7 9 
2 3 35 85 57 3 8 2 
3 5 47 76 44 6 8 7 
5 4 26 29 28 4 8 3 
8 8 12 29 56 4 1 2 
9 9 45 72 40 3 8 4 
0 9 53 63 54 5 0 4 
5 7 77 76 4 9 7 2 
5 2 15 48 69 9 7 7 
6 5 4 36 42 4 0 9 
1 1 24 39 64 1 3 1 
7 7 0 37 40 9 1 0 
4 6 5 27 44 6 7 8 
3 0 28 55 92 4 4 5 
4 8 14 41 55 7 5 7 
1 7 0 33 9 5 1 3 
7 2 30 76 60 0 4 0 
6 2 29 77 35 7 6 9 
2 1 0 24 43 3 3 3 
2 1 38 35 28 0 6 2 
6 0 2 22 62 2 0 2 
0 7 65 13 38 2 5 3 
5 3 2 30 72 7 3 2 
8 4 58 26 26 8 7 0 
1 5 27 58 30 3 2 5 
4 4 26 44 9 6 6 1 
1 9 40 32 45 3 8 7 
5 8 28 23 61 2 0 8 
1 3 37 45 57 8 2 4 
4 5 40 84 61 1 3 3 
0 7 32 30 30 7 1 6 
3 4 30 56 60 9 0 3 
6 7 20 34 42 8 3 2 
4 8 0 80 56 5 3 0 
3 3 58 12 0 6 7 1 
8 0 42 75 68 7 2 9 
5 1 24 38 52 5 5 8 
7 6 34 42 27 9 2 1 
1 2 37 69 56 8 3 1 
2 9 32 31 47 1 8 2 
0 5 36 76 80 6 7 2 
6 7 45 48 62 2 0 6 
7 9 45 36 42 4 6 2 
4 7 1 65 41 2 2 1 
8 0 33 61 73 7 0 9 
2 8 37 45 57 7 5 6 
9 7 40 0 68 3 4 4 
8 0 7 72 28 7 3 9 
3 0 37 39 36 2 5 9 
7 1 57 56 46 5 5 8 
2 1 59 77 44 4 4 3 
7 8 15 74 22 5 6 2 
9 7 21 73 38 7 8 9 
0 1 45 34 58 7 4 0 
7 3 23 49 43 3 3 8 
8 1 51 78 6 8 7 6 
9 1 29 67 90 7 8 9 
8 5 0 59 67 9 3 3 
6 4 33 58 49 6 8 8 
9 0 8 53 71 0 2 8 
4 0 47 99 62 7 1 5 
8 4 0 64 54 3 1 3 
2 2 17 69 46 8 4 6 
9 3 30 53 69 0 1 2 
1 9 38 77 28 5 2 6 
5 8 40 63 61 2 3 6 
8 6 5 16 87 4 3 7 
8 4 22 68 38 5 2 9 
1 5 11 51 66 4 6 0 
1 7 2 51 64 3 9 8 
9 4 36 85 30 1 8 3 
5 3 42 43 27 3 6 9 
5 8 36 67 108 3 5 5 
0 6 37 52 12 8 9 6 
0 2 35 52 70 3 2 4 
3 2 11 32 68 9 5 4 
5 4 45 50 63 4 5 9 
0 0 19 25 69 1 6 4 
3 7 37 24 86 3 2 6 
8 5 22 49 60 5 5 6 
5 1 71 45 43 7 4 7 
4 8 0 33 70 3 8 4 
9 2 42 51 59 0 9 2 
7 0 43 56 72 2 4 0 
1 2 46 49 57 0 5 9 
0 3 6 55 43 9 5 4 
4 4 36 44 85 5 7 6 
2 2 32 54 27 2 7 5 
7 6 70 83 66 6 7 8 
2 1 42 66 52 3 5 8 
3 1 46 46 59 5 4 9 
3 5 32 54 56 4 5 9 
0 8 29 83 78 3 4 4 
7 0 53 45 45 4 0 8 
3 2 84 62 63 4 5 5 
2 2 10 36 62 1 2 1 
2 9 34 45 67 4 8 2 
4 7 29 50 66 6 0 2 
4 6 14 80 55 5 5 6 
3 5 32 0 30 3 2 7 
2 1 15 41 66 5 4 9 
1 1 64 40 102 7 4 8 
9 2 30 41 60 9 0 4 
0 2 53 39 27 3 7 6 
1 6 41 54 56 5 8 0 
7 3 1 50 55 5 1 3 
9 0 31 19 53 7 2 0 
9 0 0 50 26 3 3 0 
6 0 55 28 59 5 3 2 
0 7 54 72 47 8 0 4 
8 4 37 32 24 5 2 7 
8 2 22 48 50 6 6 7 
3 0 92 56 62 9 5 8 
3 2 23 46 81 2 5 6 
4 6 26 19 84 9 2 5 
7 5 19 38 65 2 1 9 
7 4 57 71 74 9 9 8 
0 5 49 37 46 0 3 9 
0 0 19 57 66 8 2 5 
5 7 12 53 46 9 1 0 
7 9 17 31 62 0 6 2 
3 5 23 61 55 8 6 7 
5 1 19 68 42 3 6 0 
8 4 27 24 55 0 5 0 
4 8 13 33 52 1 9 9 
0 3 45 22 29 5 4 8 
5 3 9 80 63 9 8 2 
3 2 2 82 54 8 2 3 
6 7 14 54 85 0 1 8 
0 1 13 63 41 1 9 1 
9 9 50 7 86 0 5 8 
8 2 3 33 21 6 5 3 
7 9 29 53 49 0 1 2 
9 9 36 58 69 7 3 0 
1 7 34 45 86 3 2 4 
9 9 15 26 80 4 2 8 
4 5 14 25 57 2 0 4 
8 1 9 47 61 9 7 9 
2 5 28 58 56 3 7 0 
4 9 60 32 34 4 7 0 
4 1 48 47 86 5 7 3 
9 6 33 40 61 7 1 7 
6 9 38 44 27 5 9 1 
7 1 62 63 59 9 0 2 
1 0 25 33 33 0 1 4 
8 1 38 60 98 2 6 0 
0 4 0 91 64 3 0 0 
9 2 16 46 75 0 0 7 
4 8 2 80 50 8 3 1 
9 1 28 27 48 7 9 8 
4 9 26 38 57 8 1 9 
8 5 9 62 15 5 0 9 
8 1 51 72 51 0 2 6 
0 3 40 44 37 8 9 1 
7 1 13 63 64 1 7 5 
6 1 40 51 37 7 4 7 
9 7 66 35 37 5 9 3 
8 0 22 47 51 2 4 2 
9 0 32 41 68 0 8 4 
1 1 36 48 49 5 9 0 
1 8 28 32 22 2 6 0 
6 2 21 25 58 6 4 3 
3 1 67 45 49 1 4 7 
3 7 30 38 38 2 2 0 
5 9 60 49 65 5 7 4 
3 2 60 46 57 5 7 8 
1 1 12 54 51 7 9 5 
0 5 47 18 44 7 9 1 
6 1 45 85 42 7 8 8 
6 4 51 63 63 8 5 2 
6 5 58 50 86 3 5 7 
6 7 0 28 36 5 8 2 
9 4 47 65 61 9 2 6 
8 1 4 83 52 4 3 8 
5 4 23 67 47 3 1 4 
5 8 38 35 14 8 3 8 
5 9 22 48 48 7 4 3 
0 8 53 54 40 1 6 9 
4 6 28 49 68 4 8 0 
6 7 20 46 57 8 0 6 
9 4 16 48 61 4 9 2 
9 8 45 47 40 4 1 0 
8 9 33 53 51 9 5 1 
3 3 58 69 20 2 4 1 
0 1 19 60 68 3 5 8 
3 7 0 50 34 3 5 8 
5 4 22 55 54 2 1 8 
6 8 14 38 87 6 9 3 
1 3 22 43 51 2 6 7 
4 5 23 44 63 7 4 9 
1 3 14 62 41 4 9 4 
7 4 31 62 37 7 9 4 
7 6 0 35 28 7 4 3 
2 5 31 6 56 8 1 7 
1 7 26 1 75 2 2 3 
3 0 49 51 56 3 4 6 
1 4 24 39 43 0 0 1 
3 6 36 64 23 8 6 9 
5 7 12 62 69 4 1 7 
3 2 45 56 52 7 8 8 
6 7 37 52 76 0 1 8 
0 2 36 75 52 2 8 0 
7 8 41 50 54 3 3 9 
2 5 9 37 41 5 5 8 
6 6 42 85 60 9 1 7 
3 2 39 72 32 4 8 2 
5 3 20 46 62 7 0 7 
0 9 36 28 35 2 8 7 
6 2 15 34 25 0 7 7 
2 1 53 58 49 0 7 1 
9 4 41 52 58 0 5 2 
4 5 41 62 50 5 2 2 
3 4 58 68 22 4 5 0 
1 9 31 44 29 1 2 5 
9 2 62 38 48 4 2 7 
8 7 28 38 55 6 4 6 
9 3 7 50 13 4 7 1 
4 9 53 30 59 3 4 5 
8 1 20 52 11 0 3 7 
2 0 38 46 29 3 9 2 
4 4 43 49 54 5 0 9 
2 0 33 80 41 3 0 1 
2 9 55 41 51 7 5 1 
1 3 22 51 71 5 6 8 
0 0 28 43 58 8 7 3 
3 8 57 70 82 2 9 0 
6 7 41 36 40 4 6 8 
1 7 33 64 55 4 5 9 
4 5 25 66 68 1 4 9 
7 2 16 49 41 6 7 0 
8 4 34 34 73 8 7 1 
1 3 12 59 62 6 8 6 
9 6 25 11 44 5 9 8 
3 7 0 10 82 4 7 2 
8 8 12 108 59 4 9 4 
6 4 35 64 66 0 3 9 
5 8 17 58 38 8 8 9 
6 3 35 56 73 5 9 5 
4 1 40 4 27 1 0 1 
1 8 57 30 53 7 1 0 
8 5 41 45 73 8 2 7 
2 9 20 59 57 2 6 0 
1 2 30 61 61 2 5 5 
5 1 40 71 42 3 6 0 
5 0 37 54 76 0 8 2 
9 0 19 84 61 6 2 4 
8 5 28 52 40 0 4 5 
8 2 56 42 51 6 1 6 
5 6 60 43 77 5 0 5 
8 7 28 54 46 9 9 8 
1 4 52 61 42 7 7 8 
1 9 3 91 40 4 6 3 
9 4 2 48 50 5 0 2 
0 8 53 78 22 0 5 2 
4 7 36 29 38 7 4 4 
8 7 34 70 58 3 7 1 
3 0 43 67 42 4 1 4 
3 3 41 61 11 0 0 7 
8 0 8 73 28 8 5 9 
9 5 0 0 55 4 9 3 
4 4 24 46 32 1 7 9 
5 8 25 76 32 2 4 5 
8 6 0 38 52 0 2 6 
3 5 29 44 49 2 9 3 
2 9 31 55 62 4 2 4 
1 3 52 33 68 9 5 8 
8 6 63 40 57 1 6 3 
3 4 46 29 81 2 1 7 
6 1 13 45 54 9 8 3 
6 3 8 83 86 9 5 5 
0 8 31 35 53 3 9 6 
1 9 37 27 77 9 1 7 
5 3 35 40 73 1 0 6 
6 5 51 64 40 4 5 4 
9 5 34 53 68 6 8 2 
4 2 40 54 41 1 6 8 
4 0 67 31 55 9 0 7 
0 7 57 66 68 9 0 5 
4 5 10 49 28 2 5 7 
9 2 41 60 74 0 8 9 
8 5 29 37 29 5 0 1 
3 1 30 47 0 1 3 3 
3 4 36 54 45 1 3 5 
7 7 18 77 37 3 0 1 
7 5 5 72 63 7 6 9 
9 8 0 54 19 0 6 9 
1 1 14 54 51 3 3 9 
3 4 46 21 94 4 5 0 
3 9 0 46 38 4 5 4 
0 7 21 29 27 3 9 0 
5 4 16 56 50 0 6 5 
3 4 34 52 76 7 2 9 
1 7 22 47 46 4 2 8 
1 0 71 56 49 8 0 8 
5 6 31 78 76 2 5 4 
7 0 37 45 28 3 0 2 
2 8 0 54 44 2 7 1 
4 1 10 57 61 4 2 9 
2 1 11 25 34 0 8 5 
8 6 54 40 40 9 2 0 
2 0 40 34 47 1 3 3 
1 4 60 16 40 3 6 4 
6 0 1 34 7 2 4 7 
8 6 64 48 59 7 6 9 
7 9 66 87 79 6 7 0 
8 5 37 57 68 6 4 0 
0 6 27 57 38 2 1 5 
3 5 19 12 61 8 0 0 
2 0 23 83 67 8 9 1 
2 4 18 61 44 5 2 4 
7 5 53 67 46 2 8 0 
2 5 41 63 9 7 1 5 
8 3 35 46 38 6 5 1 
1 5 45 38 80 1 0 6 
5 9 39 56 24 4 0 6 
9 6 41 49 26 8 4 0 
5 3 4 45 23 6 4 0 
6 0 41 36 29 2 3 6 
5 8 26 27 100 1 3 8 
8 8 0 52 79 7 6 1 
6 4 13 61 56 5 6 9 
0 9 0 37 58 2 9 1 
1 1 47 64 62 1 4 9 
7 3 47 47 82 8 3 3 
7 2 32 9 76 6 4 2 
0 7 21 33 86 9 5 2 
0 1 51 92 35 6 2 3 
1 7 32 108 21 4 1 5 
8 8 25 68 33 9 7 7 
1 6 36 19 73 7 7 3 
6 5 63 55 54 3 3 1 
0 8 10 71 94 9 2 8 
9 3 14 44 68 6 3 4 
8 0 36 39 45 3 6 1 
3 8 47 52 36 1 4 5 
5 0 73 49 29 6 7 8 
9 1 27 30 20 6 7 2 
1 3 75 76 51 9 1 4 
0 6 20 87 51 3 6 2 
7 9 32 51 23 8 4 3 
7 9 34 58 5 0 5 1 
7 3 67 70 47 9 2 6 
9 0 27 34 71 1 5 5 
4 6 47 72 54 1 5 9 
7 4 19 35 0 7 2 3 
0 7 32 47 47 5 9 6 
6 5 0 40 50 9 0 0 
3 7 8 58 40 0 7 4 
6 9 50 87 50 5 1 8 
2 0 48 59 11 5 6 4 
9 3 43 71 30 3 3 2 
6 8 0 58 60 6 6 9 
9 4 9 25 73 7 5 1 
8 9 35 38 29 8 8 7 
8 2 6 22 50 8 5 6 
5 5 26 26 65 1 3 0 
5 1 42 34 57 8 6 3 
5 1 32 0 79 3 0 3 
9 3 0 38 29 0 6 7 
4 7 39 45 45 8 6 1 
9 9 22 37 25 3 0 1 
7 1 26 75 37 6 0 5 
9 2 33 49 60 2 6 5 
4 4 12 63 16 5 8 7 
5 0 20 60 59 4 8 0 
5 4 13 31 39 5 5 1 
0 3 47 24 66 6 5 2 
9 1 14 55 59 6 9 2 
2 3 15 52 69 6 1 9 
7 3 28 40 46 5 9 4 
0 3 46 72 87 4 6 3 
9 2 46 70 79 3 2 3 
5 7 51 25 73 8 3 8 
6 6 8 53 41 6 0 9 
1 9 31 26 55 9 2 5 
4 5 39 81 81 6 6 6 
1 8 52 55 73 9 2 6 
4 1 15 64 62 1 2 4 
1 6 9 78 84 8 5 7 
4 9 0 78 86 8 9 6 
0 7 29 39 56 0 0 2 
2 0 0 62 32 0 1 5 
2 5 55 47 49 8 8 8 
1 2 19 54 37 6 5 1 
0 5 35 28 54 9 1 2 
1 8 0 14 42 7 2 5 
0 5 46 36 79 5 2 3 
4 5 30 31 0 8 2 7 
1 8 62 40 87 8 7 6 
9 3 62 54 45 2 7 2 
6 6 34 52 43 1 9 9 
5 9 40 54 65 9 0 4 
2 4 61 44 56 7 7 6 
3 0 60 58 48 4 9 9 
1 6 68 42 43 3 5 8 
6 7 11 37 35 1 7 7 
2 9 44 73 47 7 4 1 
8 9 32 56 76 1 6 2 
1 2 37 63 79 1 0 6 
0 5 17 57 61 3 5 6 
9 6 42 67 36 1 7 6 
6 6 28 25 30 1 9 1 
2 0 27 34 31 1 8 2 
4 0 38 54 45 4 7 0 
7 6 62 30 58 9 8 6 
6 6 43 66 32 6 4 9 
4 9 64 58 40 8 0 1 
6 8 5 79 6 9 6 8 
4 0 47 23 68 2 1 9 
1 8 14 63 56 4 0 5 
8 0 34 55 50 8 7 2 
0 5 47 37 65 3 0 7 
0 6 59 38 23 1 7 6 
3 6 10 88 42 3 9 2 
3 5 24 57 48 5 9 4 
8 3 15 70 55 1 9 0 
9 4 27 32 70 7 1 8 
4 5 25 63 72 8 0 8 
9 7 27 4 34 1 8 2 
4 9 7 43 84 0 6 8 
1 4 0 42 27 3 2 4 
7 2 44 86 80 3 5 1 
2 3 6 42 25 6 6 9 
0 4 39 81 85 7 9 3 
4 2 42 55 35 6 0 3 
0 8 56 73 23 6 2 5 
4 8 78 57 41 5 1 0 
8 9 60 61 35 7 2 4 
0 9 0 30 68 1 4 7 
0 1 60 46 21 1 8 0 
8 3 44 42 50 2 5 7 
3 9 58 68 45 4 6 9 
3 3 20 50 54 5 5 6 
1 2 54 69 56 0 6 9 
2 3 3 31 35 7 5 5 
6 4 3 56 74 7 4 8 
7 7 31 58 60 5 4 0 
8 8 34 40 45 7 9 2 
7 1 38 30 30 6 3 1 
2 8 0 35 37 8 1 7 
4 1 58 17 23 9 8 6 
3 9 47 79 65 1 0 1 
9 2 26 57 81 9 5 1 
2 9 41 46 74 6 6 4 
4 6 38 35 35 8 7 5 
8 6 70 7 75 4 0 9 
2 1 55 49 56 7 6 2 
7 2 9 68 88 6 6 4 
9 9 20 34 21 4 2 8 
3 9 10 50 61 9 9 6 
0 4 66 15 46 3 7 4 
4 6 0 57 75 6 2 9 
9 6 18 35 57 3 5 9 
6 6 27 61 10 1 9 5 
9 2 89 29 31 6 7 7 
7 3 30 52 53 6 5 8 
6 8 13 21 40 8 7 2 
9 9 30 45 67 6 6 2 
3 6 22 22 56 8 6 5 
2 3 33 60 50 4 9 8 
5 3 34 57 81 4 7 9 
1 9 39 54 46 0 5 0 
8 2 26 79 66 4 3 3 
6 0 64 47 36 6 7 0 
2 9 34 74 41 3 6 8 
5 6 0 28 59 6 9 5 
6 4 50 52 23 8 9 4 
9 7 42 55 62 8 3 4 
7 2 50 53 36 5 5 3 
1 7 10 50 73 5 1 4 
1 2 4 59 52 5 0 5 
6 2 45 39 40 8 4 0 
2 9 0 59 49 7 1 0 
3 0 15 91 96 1 9 7 
1 3 31 30 82 2 4 3 
3 6 10 28 52 7 6 9 
6 0 28 57 70 3 5 9 
0 6 0 46 52 5 3 7 
8 9 0 16 56 1 7 7 
2 5 32 51 89 4 2 5 
4 7 29 74 53 0 6 8 
2 9 0 35 30 2 7 6 
1 7 30 48 45 5 0 8 
3 2 26 31 44 7 9 2 
1 2 35 68 84 0 5 1 
2 2 43 57 49 5 7 6 
6 5 42 25 23 2 3 1 
5 8 47 54 79 6 9 4 
0 6 51 56 42 4 8 2 
2 0 30 51 35 5 4 8 
7 6 59 43 88 4 3 9 
5 9 0 43 67 5 5 6 
7 1 48 71 70 9 8 2 
6 5 48 29 79 6 6 7 
6 1 46 50 75 5 7 1 
1 9 19 56 32 6 3 7 
8 3 31 38 48 7 7 9 
9 4 38 48 80 9 5 5 
3 1 15 30 25 4 1 9 
6 8 10 43 57 8 4 0 
5 2 30 38 40 5 5 1 
1 9 22 46 31 6 6 8 
0 9 71 41 104 5 9 3 
0 8 31 101 44 2 1 6 
6 9 52 33 41 1 1 0 
1 7 22 52 43 7 6 3 
4 4 26 42 65 2 7 4 
8 0 49 51 69 2 6 3 
6 9 39 52 27 8 7 1 
0 7 33 43 42 7 3 4 
1 3 11 58 23 0 4 2 
7 0 25 37 50 6 9 6 
6 0 24 49 67 5 6 5 
5 5 21 56 60 7 0 2 
6 4 48 40 33 0 4 6 
0 2 7 29 52 9 6 7 
5 7 65 50 69 9 2 0 
8 7 0 44 27 0 1 3 
9 9 0 64 47 6 5 7 
5 2 41 65 64 2 5 8 
8 7 33 20 69 1 3 7 
5 6 33 27 46 4 8 7 
4 4 36 50 39 9 7 2 
5 5 17 63 63 4 1 2 
0 7 7 45 45 0 0 1 
2 7 19 37 27 7 3 9 
8 2 0 85 74 6 3 1 
3 4 55 56 37 1 5 2 
3 0 67 48 70 3 3 8 
3 8 50 63 30 5 8 0 
8 9 40 35 45 9 2 0 
3 0 35 56 51 3 4 0 
2 4 38 44 70 7 6 2 
4 1 27 48 29 0 3 8 
4 2 39 45 44 6 9 4 
8 6 12 26 48 2 7 3 
4 8 43 66 10 9 3 4 
7 9 37 46 65 6 5 8 
4 8 9 32 29 4 1 9 
0 2 22 19 63 2 2 4 
9 8 61 61 46 3 0 3 
3 8 16 33 54 7 4 1 
9 5 66 56 61 2 8 7 
8 4 12 66 39 9 9 2 
5 4 15 96 9 4 3 0 
2 6 32 5 67 3 9 6 
1 4 0 59 7 3 2 9 
7 1 48 52 30 8 5 8 
9 5 13 70 61 6 3 1 
6 7 49 16 47 6 8 4 
3 0 24 33 69 0 4 2 
2 3 20 55 33 9 7 9 
1 4 6 63 60 9 2 7 
6 1 8 24 39 0 9 9 
0 1 4 44 63 9 6 4 
4 0 53 71 39 4 3 9 
6 2 25 42 106 6 4 2 
8 6 48 48 46 7 9 8 
4 4 39 68 43 1 4 1 
3 7 66 58 44 9 7 8 
1 8 36 66 30 3 5 2 
0 4 15 43 32 7 7 7 
1 2 17 60 36 4 7 3 
7 0 78 26 9 9 2 3 
0 0 38 61 65 5 8 8 
9 7 30 46 73 9 1 5 
7 8 0 41 19 4 8 7 
9 6 4 48 43 4 1 7 
5 3 35 29 68 0 6 0 
9 6 47 69 59 2 2 6 
3 4 39 27 62 8 7 4 
7 3 21 61 42 1 1 3 
4 7 30 65 31 2 2 4 
9 0 28 54 54 3 3 6 
8 2 5 50 58 6 4 4 
1 4 25 78 29 7 2 2 
8 4 37 63 25 8 4 6 
8 6 0 54 50 3 2 9 
4 7 41 73 66 8 0 7 
3 2 39 68 67 7 3 8 
7 5 29 36 34 9 5 7 
8 3 24 50 21 6 8 0 
0 1 65 43 43 5 3 0 
9 3 29 0 40 2 4 0 
8 7 44 37 48 0 3 5 
8 4 35 43 39 8 2 4 
3 0 45 71 48 4 4 9 
5 8 56 44 26 2 5 9 
2 8 39 50 24 1 4 9 
4 8 15 46 49 1 1 0 
9 2 47 40 53 4 6 7 
8 9 0 46 56 4 1 5 
1 1 8 53 43 2 3 0 
8 2 10 42 49 3 6 7 
4 0 58 60 23 2 3 6 
4 4 48 5 38 6 2 8 
6 2 24 64 49 5 6 9 
6 3 25 67 32 2 4 0 
3 3 15 44 16 5 3 1 
9 3 0 59 27 2 0 2 
4 1 53 26 37 5 1 6 
7 5 35 53 55 5 3 9 
0 2 70 48 30 8 7 0 
2 0 84 47 86 3 8 9 
2 4 2 79 53 7 5 3 
2 3 36 49 65 8 8 5 
4 2 25 57 81 4 0 4 
5 3 37 35 40 5 1 4 
1 0 13 78 67 5 2 0 
5 1 49 29 47 0 5 2 
5 8 83 27 80 1 2 2 
0 0 48 38 40 0 8 4 
2 6 26 0 88 4 7 0 
0 1 14 39 71 0 3 4 
1 2 65 33 41 8 6 2 
4 0 7 31 29 9 4 3 
4 6 33 35 41 3 9 2 
5 5 9 39 91 0 0 2 
9 4 13 67 60 8 1 5 
9 0 27 105 53 4 1 7 
9 7 26 91 45 7 6 3 
1 8 37 30 0 1 6 7 
6 5 31 40 56 3 0 8 
0 8 79 83 66 4 9 6 
9 5 26 77 47 0 1 6 
3 1 49 50 43 7 0 0 
7 4 41 48 31 5 9 9 
1 6 43 60 44 4 3 7 
7 6 45 41 62 1 3 0 
5 4 34 29 31 7 0 2 
6 9 45 24 47 3 3 0 
0 3 7 39 22 1 0 4 
4 3 23 54 71 1 4 6 
0 8 51 50 57 5 1 0 
3 7 35 41 74 8 4 4 
2 2 40 78 53 3 0 9 
0 2 42 39 21 2 5 9 
0 3 10 52 40 6 6 2 
6 4 34 47 32 9 3 0 
5 7 16 0 71 3 4 7 
2 2 23 88 25 5 8 6 
4 8 46 44 51 8 3 7 
5 6 27 43 58 6 3 9 
5 8 0 62 38 4 1 4 
1 4 33 16 47 7 9 8 
6 3 26 47 91 9 6 4 
8 7 24 58 20 1 2 0 
8 0 18 56 84 7 4 7 
4 0 39 54 40 3 4 4 
3 4 37 76 22 1 1 4 
9 3 55 46 91 1 5 7 
6 1 25 48 32 7 8 7 
4 5 55 62 46 3 8 2 
5 7 1 43 43 4 1 5 
9 1 47 40 19 9 2 2 
5 5 5 79 44 2 1 5 
4 8 5 68 28 2 3 0 
1 5 37 42 106 8 2 8 
3 2 49 62 51 4 7 1 
2 2 40 28 81 3 6 3 
4 8 38 110 18 6 7 9 
7 3 14 51 45 2 5 3 
9 9 29 44 54 1 8 4 
6 5 17 54 52 8 0 9 
7 1 32 47 39 9 7 2 
8 8 13 33 9 8 2 9 
1 9 19 25 55 2 5 3 
6 8 26 77 51 7 5 2 
2 2 26 48 54 4 4 4 
4 2 40 42 48 3 8 6 
7 9 28 36 76 6 0 6 
9 3 8 60 36 9 9 9 
7 9 20 84 85 5 6 1 
2 3 35 70 31 2 0 6 
3 7 47 55 60 8 0 8 
9 7 47 45 28 0 5 1 
2 5 45 32 64 7 0 4 
8 2 30 29 46 3 0 5 
1 0 16 39 42 5 4 3 
4 5 32 33 7 7 1 5 
5 3 49 34 46 7 5 3 
4 2 46 21 60 5 6 5 
9 8 51 46 56 9 9 7 
6 1 58 20 56 7 9 1 
5 2 26 29 38 6 2 6 
1 7 2 20 57 4 5 3 
2 3 21 55 64 7 1 3 
8 9 30 63 48 0 8 0 
8 8 60 47 33 9 3 2 
7 3 14 42 17 7 8 4 
1 9 0 26 47 7 3 5 
3 4 34 32 52 9 5 6 
9 0 47 51 67 4 1 4 
5 6 68 24 44 2 8 9 
3 9 16 21 33 1 4 3 
1 7 26 59 44 1 3 4 
5 6 31 61 76 4 4 6 
5 0 11 56 40 6 6 2 
0 0 25 26 43 3 5 8 
3 7 0 66 42 6 0 7 
7 2 58 31 64 5 5 3 
4 6 2 22 45 7 1 0 
6 5 69 41 32 6 1 9 
0 6 21 42 45 5 2 0 
0 7 27 83 29 3 0 3 
4 2 50 62 46 1 4 7 
5 0 18 71 72 4 9 7 
9 2 69 46 64 9 9 9 
1 9 6 47 14 7 4 8 
4 4 31 43 78 8 0 4 
8 9 32 76 17 7 6 9 
0 7 57 91 34 0 2 3 
9 4 50 17 53 8 3 7 
8 6 39 55 35 6 8 7 
8 7 30 61 20 2 9 4 
0 2 25 80 75 7 6 4 
9 5 0 8 49 7 4 8 
3 2 38 85 52 5 9 2 
3 1 32 27 64 2 9 6 
6 0 88 73 56 3 2 5 
4 4 52 44 55 7 3 7 
6 3 40 54 57 6 2 2 
6 6 0 43 84 2 3 4 
0 2 38 95 61 7 5 3 
3 9 46 54 106 3 3 6 
6 1 33 71 51 9 1 8 
0 7 28 42 23 8 0 0 
3 8 36 40 63 1 9 5 
8 6 31 63 62 3 9 7 
3 9 0 59 44 8 5 6 
0 4 49 39 15 6 3 4 
7 9 63 48 33 0 9 1 
5 5 10 44 54 4 6 6 
3 6 14 60 31 5 5 2 
5 1 26 57 52 7 9 9 
0 6 53 75 86 5 6 2 
0 8 34 73 44 2 0 2 
6 5 20 33 74 3 8 8 
0 1 29 45 66 2 0 5 
2 1 0 39 73 5 3 3 
9 3 39 24 42 3 7 5 
1 5 25 37 62 0 9 0 
1 1 47 72 27 3 6 7 
2 0 4 72 65 4 4 3 
8 2 14 53 29 1 8 1 
3 3 56 64 55 6 3 1 
8 2 58 26 23 0 6 5 
4 8 50 16 49 1 5 9 
0 4 13 88 51 1 0 8 
3 7 52 88 41 3 5 8 
3 0 9 42 38 2 7 7 
4 3 0 64 52 5 9 5 
0 8 29 42 3 5 5 2 
3 8 12 55 71 1 4 8 
7 0 60 82 46 0 0 3 
8 8 48 55 40 9 0 2 
8 4 35 71 81 0 4 8 
2 4 7 61 44 2 8 9 
2 6 0 59 44 6 8 8 
1 6 24 59 96 3 5 8 
5 8 0 70 58 7 0 0 
0 3 0 42 54 4 2 5 
8 3 42 52 58 6 0 4 
1 6 45 65 41 5 5 8 
4 7 58 1 40 9 5 4 
7 8 69 60 57 7 1 2 
9 9 38 36 57 0 9 7 
8 3 5 63 69 7 6 8 
7 9 21 49 42 6 3 3 
6 3 59 41 43 2 5 8 
1 3 68 3 52 0 3 1 
5 5 0 39 35 5 4 9 
0 4 10 36 32 2 5 0 
8 3 5 42 50 4 8 9 
1 6 5 37 48 4 2 2 
2 8 19 45 38 2 8 3 
3 3 45 60 45 7 1 6 
1 3 11 51 41 2 7 0 
8 9 49 54 68 3 0 3 
6 4 65 44 48 9 5 4 
7 2 0 48 32 5 7 3 
3 8 46 35 16 9 5 4 
7 6 39 59 79 8 7 2 
3 2 19 86 55 1 2 9 
2 7 1 54 112 0 6 8 
6 9 55 56 63 1 6 5 
7 0 55 64 56 9 9 1 
9 2 38 45 53 5 5 8 
8 9 34 51 26 8 0 5 
5 2 21 26 89 6 4 0 
5 6 24 39 66 7 4 2 
4 7 63 57 40 6 2 5 
4 4 40 30 55 9 8 7 
9 4 22 57 59 0 8 9 
4 5 41 51 57 9 9 2 
7 9 0 22 80 1 2 2 
9 3 14 32 27 9 2 2 
1 3 5 68 30 6 5 9 
0 9 26 39 45 2 7 2 
2 9 0 39 26 6 3 2 
3 3 0 49 29 9 9 1 
4 4 43 69 59 1 0 1 
2 4 62 46 79 0 7 9 
9 8 6 54 58 3 3 2 
6 8 30 51 36 6 9 0 
1 3 34 55 40 8 3 4 
3 0 33 91 23 5 7 5 
7 0 43 49 46 8 6 7 
8 8 10 67 38 6 8 6 
9 8 30 87 56 3 7 2 
3 3 0 50 46 2 0 5 
5 4 54 55 73 6 0 5 
3 9 44 69 62 9 9 3 
1 5 35 8 43 1 4 1 
9 0 25 40 41 8 8 4 
7 2 72 45 71 2 8 8 
4 9 1 72 27 8 8 4 
7 6 0 48 59 9 3 4 
9 1 32 57 35 9 8 5 
6 3 14 62 51 3 4 1 
5 8 17 63 23 6 6 5 
2 6 8 32 63 2 8 3 
2 2 21 38 32 8 9 1 
9 5 31 35 14 7 7 8 
8 1 23 26 67 2 7 5 
2 5 56 74 66 7 7 2 
9 7 40 29 39 4 1 2 
7 3 37 31 22 3 1 8 
1 4 3 30 38 0 5 9 
7 8 9 12 36 6 9 0 
5 4 28 54 52 6 0 6 
5 0 53 73 43 6 4 5 
9 3 35 44 58 6 4 9 
2 0 0 59 71 0 9 9 
0 6 0 29 72 7 0 3 
9 2 30 34 60 1 4 5 
8 8 43 75 11 5 8 4 
1 6 50 69 34 0 8 2 
0 7 14 69 42 4 9 4 
1 3 35 27 35 6 4 4 
1 5 27 34 41 7 8 4 
1 5 65 51 67 8 4 4 
8 1 0 85 24 4 1 6 
2 8 33 41 1 7 8 1 
3 6 58 45 48 3 6 6 
4 0 15 35 52 4 7 7 
7 5 0 51 48 4 2 3 
4 5 19 81 39 0 8 3 
9 2 18 97 57 5 3 8 
3 5 61 47 36 3 6 3 
9 1 22 51 20 1 6 4 
9 4 56 44 56 1 6 4 
7 4 22 52 23 4 6 2 
4 9 71 64 88 2 9 0 
9 4 7 37 54 6 3 2 
4 5 59 45 55 3 7 9 
8 1 73 71 80 4 0 1 
3 3 8 58 57 2 4 2 
4 7 9 35 88 2 7 6 
0 7 10 28 27 0 7 9 
1 6 37 29 73 1 7 9 
0 0 0 46 57 2 9 3 
3 4 0 71 30 6 9 6 
7 1 39 97 57 1 1 9 
0 9 57 26 31 0 2 6 
6 9 12 78 27 6 0 9 
8 7 41 56 43 9 7 2 
6 7 26 49 27 2 4 7 
9 8 20 31 61 8 4 5 
4 6 7 46 93 6 3 5 
7 0 22 36 37 4 9 6 
1 9 9 43 65 3 9 9 
8 0 29 79 15 5 0 4 
8 0 0 30 30 6 8 0 
2 0 22 65 39 6 4 8 
8 4 37 55 66 2 2 3 
1 8 45 32 48 9 6 4 
0 6 0 51 32 0 3 1 
7 2 56 55 24 9 6 7 
2 3 39 49 44 7 0 8 
3 3 28 41 35 1 2 0 
5 2 35 45 33 1 6 1 
1 8 40 44 59 9 3 4 
2 4 10 28 74 3 3 2 
0 6 6 34 27 9 2 7 
5 4 21 38 4 9 7 9 
0 0 0 58 68 7 5 2 
4 0 20 70 52 0 8 7 
2 0 41 30 50 3 5 2 
1 0 65 59 32 2 0 4 
3 3 36 62 26 0 5 6 
2 3 41 48 45 4 3 8 
1 5 0 58 52 3 6 8 
6 1 68 14 57 5 9 4 
8 0 21 62 50 6 8 7 
0 9 42 37 24 4 4 9 
5 3 68 57 32 9 9 2 
1 5 26 24 76 2 4 6 
1 6 0 54 83 0 7 0 
4 8 0 32 40 2 6 9 
7 7 4 80 25 9 1 0 
5 5 5 65 67 0 5 5 
1 9 37 55 59 6 8 3 
2 9 15 71 50 4 5 4 
3 7 0 65 77 7 7 0 
8 8 22 71 60 0 8 6 
9 4 29 65 31 7 9 9 
2 4 20 83 40 8 9 6 
5 4 6 25 22 8 0 8 
3 7 52 46 50 1 1 7 
2 8 13 52 39 0 2 2 
1 2 16 38 49 0 2 7 
1 6 0 66 49 0 6 4 
5 8 8 39 78 0 9 8 
1 9 71 22 38 9 4 1 
2 0 49 25 24 6 0 6 
4 7 12 9 60 1 6 3 
2 1 50 46 56 6 9 3 
7 8 37 29 51 3 9 8 
0 3 47 50 37 0 3 6 
5 7 55 41 26 1 4 3 
3 1 20 41 57 5 3 7 
4 1 54 29 85 5 9 2 
6 7 41 62 50 0 2 7 
4 0 13 34 23 9 7 0 
3 9 42 46 51 0 7 9 
9 7 25 23 68 0 2 0 
5 5 24 41 77 4 9 3 
3 2 50 57 75 2 2 6 
5 0 37 51 31 6 1 7 
7 0 2 69 40 5 0 5 
1 8 16 69 24 3 2 1 
3 5 5 40 57 2 7 4 
0 9 70 63 57 2 1 7 
6 8 5 43 54 6 7 5 
3 5 10 52 73 5 2 1 
5 0 32 63 30 5 7 5 
0 8 59 23 16 6 0 1 
0 7 24 32 32 9 0 0 
2 2 30 54 46 8 0 5 
2 4 33 26 79 2 4 0 
3 0 41 20 10 1 8 3 
7 6 53 29 41 1 2 8 
9 9 0 31 50 0 3 1 
6 5 23 50 47 4 9 3 
3 4 11 47 45 4 2 6 
4 4 45 107 36 8 4 8 
5 8 0 57 13 5 2 6 
1 1 32 47 34 2 8 5 
0 7 45 119 33 2 4 7 
7 2 3 26 35 1 9 0 
5 3 18 73 34 0 3 4 
6 2 11 58 47 3 7 7 
0 0 64 72 42 4 3 4 
6 2 35 66 39 2 7 7 
6 4 39 70 55 5 6 7 
2 2 37 48 46 7 6 8 
8 4 20 24 46 1 4 3 
7 1 51 49 49 8 2 7 
4 2 35 28 113 9 4 9 
8 2 29 44 47 5 4 3 
5 9 15 34 63 5 1 2 
9 5 21 67 45 0 4 4 
6 7 0 44 58 6 1 0 
9 0 16 48 42 3 1 7 
6 8 19 47 60 9 8 7 
0 6 32 33 20 1 4 7 
6 2 6 46 53 6 5 2 
7 3 38 70 27 3 1 2 
6 9 24 44 77 4 4 8 
0 1 35 75 51 3 0 4 
0 4 5 29 68 4 9 2 
6 3 46 23 47 2 1 4 
5 7 18 65 56 9 9 2 
9 8 0 72 36 9 2 6 
0 1 39 19 67 9 7 0 
8 4 0 0 59 8 9 2 
7 9 36 50 28 7 6 0 
5 9 0 102 73 8 2 7 
1 7 0 61 62 3 0 6 
1 2 26 72 65 5 5 0 
9 2 18 97 27 0 0 1 
0 1 0 32 52 3 9 1 
5 4 19 21 36 9 7 9 
4 7 33 37 54 9 1 2 
0 2 46 63 85 7 8 2 
6 8 34 55 24 5 3 7 
6 5 3 35 45 2 8 0 
4 4 19 25 31 8 6 0 
0 3 17 24 30 8 1 6 
5 2 24 44 75 5 6 8 
6 2 30 59 44 8 4 9 
6 1 82 35 29 0 4 8 
3 2 36 22 0 6 9 1 
8 7 23 36 53 5 7 9 
5 9 24 61 78 6 3 6 
4 3 9 36 74 7 2 2 
7 7 11 77 47 5 5 9 
1 1 52 42 53 1 0 9 
7 3 63 45 37 4 4 8 
3 9 14 48 76 9 0 8 
3 6 75 67 89 9 2 5 
4 7 20 62 47 6 3 2 
7 4 18 66 22 6 3 9 
7 0 1 51 71 9 1 4 
1 3 52 57 60 5 5 6 
3 2 51 39 65 7 5 6 
5 0 2 22 59 9 6 0 
7 4 31 50 78 4 9 3 
6 6 43 28 11 9 6 2 
6 0 45 43 80 4 2 8 
0 0 6 58 46 0 1 0 
3 9 33 84 30 2 0 0 
8 5 0 45 33 3 7 6 
4 6 47 45 38 3 8 7 
9 9 60 6 64 2 8 6 
7 7 38 57 7 1 0 6 
1 4 22 42 58 2 1 9 
3 9 0 55 33 1 0 3 
8 6 30 32 88 9 9 1 
4 8 45 58 39 4 8 3 
6 4 49 2 48 3 1 7 
2 9 18 35 20 7 8 5 
2 2 41 75 0 8 7 2 
9 7 27 69 34 2 5 6 
5 5 39 37 83 3 1 6 
8 1 17 53 43 4 1 4 
5 8 26 59 41 4 6 5 
2 8 20 52 39 8 0 5 
7 1 48 56 47 6 4 4 
2 0 0 105 58 0 9 2 
5 8 41 48 33 6 8 9 
2 0 41 22 31 5 3 3 
9 4 0 102 71 4 5 1 
8 4 2 14 85 5 1 6 
0 8 33 42 50 4 0 6 
5 2 78 30 52 6 3 9 
5 8 0 45 32 5 1 9 
3 8 27 57 62 8 6 5 
8 1 31 73 90 3 5 4 
1 7 26 76 57 0 4 0 
1 8 54 71 31 5 6 9 
7 0 65 30 75 4 7 5 
8 1 52 83 67 8 0 2 
0 9 68 65 80 0 7 1 
0 7 16 68 29 2 4 1 
2 4 66 15 43 6 8 4 
7 9 58 46 68 5 3 8 
1 2 89 29 25 0 6 5 
3 5 45 69 56 6 9 9 
4 5 5 51 74 8 3 3 
0 1 61 34 66 9 6 2 
4 7 39 38 54 5 2 4 
1 1 45 100 49 0 5 6 
0 5 19 53 47 6 0 1 
5 1 50 10 37 2 9 3 
5 6 54 59 62 7 3 2 
3 1 26 6 32 5 0 8 
3 3 31 72 71 4 7 3 
6 6 27 32 27 8 8 0 
7 0 60 11 52 3 2 2 
3 2 52 48 60 5 3 8 
2 4 11 61 82 9 3 6 
4 1 45 65 77 1 7 1 
1 7 70 45 56 2 2 9 
1 3 36 55 55 7 6 1 
6 2 32 55 95 8 4 7 
4 9 57 51 69 1 1 7 
1 8 50 61 46 1 3 6 
7 5 25 27 44 1 2 6 
4 8 42 12 66 8 3 8 
3 3 34 54 51 6 1 3 
8 2 46 23 38 4 3 3 
0 4 48 85 94 8 3 9 
0 8 25 41 30 7 7 0 
9 1 17 50 59 7 1 3 
7 9 37 71 56 0 9 0 
5 7 55 59 30 9 1 4 
1 3 31 86 54 2 9 4 
5 1 0 72 60 8 7 2 
3 3 11 50 40 1 8 2 
3 0 34 47 43 6 5 6 
9 2 28 24 7 9 7 0 
0 3 18 38 38 8 2 9 
3 2 44 23 51 0 7 6 
1 9 42 57 55 8 2 5 
3 0 12 41 0 5 4 8 
3 5 41 80 62 5 4 3 
4 4 52 61 76 5 1 3 
7 4 48 53 38 8 8 4 
6 5 0 36 67 0 7 5 
7 2 47 39 66 5 1 9 
3 3 29 35 48 1 1 5 
6 1 24 24 38 0 1 4 
7 6 31 48 41 0 9 3 
0 6 0 62 26 8 1 2 
3 3 37 70 28 4 1 7 
8 2 49 52 55 4 4 3 
2 7 0 53 33 9 0 8 
9 8 54 49 31 6 2 8 
6 5 33 12 49 1 6 9 
7 8 16 96 86 9 0 2 
4 0 18 24 66 1 2 7 
1 4 44 59 72 2 7 0 
0 6 52 37 74 3 0 4 
3 4 3 48 61 8 1 3 
6 1 0 43 34 5 9 1 
4 3 31 46 66 5 1 6 
2 5 23 27 60 4 0 2 
2 9 15 68 39 4 4 3 
7 8 50 12 35 5 1 0 
0 5 35 33 54 1 5 7 
0 1 14 77 59 6 4 2 
7 5 29 73 96 8 3 1 
8 0 6 32 86 3 3 1 
9 7 28 72 58 7 1 0 
7 8 48 31 66 9 9 5 
7 3 57 78 56 6 2 2 
2 4 42 44 42 1 3 3 
9 5 26 78 70 1 8 9 
9 4 8 41 63 9 8 5 
7 0 73 12 79 4 0 7 
5 0 32 68 52 8 2 1 
4 7 0 69 32 6 7 1 
8 1 34 69 29 5 2 9 
9 1 0 54 88 7 0 1 
7 0 55 29 67 4 2 9 
6 1 0 53 75 6 3 4 
5 2 50 59 32 1 9 2 
5 3 8 30 1 9 9 1 
0 7 20 52 87 3 3 4 
6 9 13 38 47 6 2 6 
7 9 38 47 49 6 9 3 
6 3 40 48 80 0 6 1 
5 7 45 28 72 1 1 0 
3 4 24 57 51 1 8 9 
9 5 42 64 38 1 0 6 
6 7 52 90 77 8 5 0 
5 6 10 32 73 2 0 3 
7 4 24 32 46 7 6 1 
7 2 31 53 53 8 3 1 
7 1 23 73 82 2 0 0 
1 5 9 37 35 5 1 9 
2 4 35 38 36 0 2 1 
4 6 32 68 89 6 9 2 
4 9 5 50 56 1 8 2 
8 2 46 71 42 7 8 8 
8 8 13 87 33 4 3 5 
9 7 13 62 39 2 0 4 
2 8 14 68 76 3 0 2 
4 5 11 56 58 9 0 7 
1 6 25 56 54 4 3 4 
4 3 12 46 79 2 4 4 
0 5 26 49 60 6 7 4 
5 7 46 44 48 0 5 2 
7 6 23 49 1 5 3 7 
7 3 28 57 43 7 1 3 
2 8 17 31 64 1 9 8 
9 2 30 54 55 2 8 4 
0 8 0 48 17 3 6 6 
0 6 49 29 71 4 2 9 
7 5 53 26 60 1 4 2 
1 9 29 32 70 6 2 6 
6 2 0 35 54 1 7 8 
8 8 9 56 55 2 1 5 
0 5 41 51 48 1 6 4 
4 3 51 66 98 6 2 2 
0 3 23 59 64 5 2 7 
6 5 48 71 61 1 2 5 
3 9 35 68 15 0 8 2 
3 6 47 27 18 3 4 3 
6 3 44 80 67 2 8 3 
1 2 68 45 60 9 8 9 
2 9 40 59 75 4 2 6 
9 1 3 26 17 6 1 7 
0 8 28 45 57 0 2 1 
4 6 2 55 37 3 1 2 
8 6 27 27 45 5 1 3 
7 5 28 24 16 4 4 8 
9 6 11 59 65 8 2 3 
2 6 46 48 57 5 1 0 
4 3 0 71 47 4 1 9 
2 1 22 21 36 4 0 1 
2 8 33 62 46 1 7 3 
8 8 22 6 25 9 7 4 
0 8 52 27 26 6 2 0 
9 1 54 39 43 2 2 7 
0 0 38 12 78 2 9 5 
4 3 47 53 40 1 4 4 
5 2 38 67 60 3 8 1 
7 1 42 53 46 0 6 1 
3 1 66 38 84 1 5 9 
0 3 0 40 66 7 8 3 
1 9 47 37 58 4 8 3 
6 6 44 27 61 4 8 5 
9 6 9 86 71 3 9 8 
2 0 36 63 40 3 7 8 
1 4 26 16 64 5 4 2 
8 1 0 72 53 2 6 5 
7 9 70 51 56 7 7 6 
4 6 61 68 37 1 6 1 
5 9 32 98 40 7 5 1 
0 0 35 30 36 9 5 6 
4 8 64 35 79 2 9 9 
3 0 46 20 67 5 0 6 
9 3 23 58 63 7 2 3 
5 7 28 49 79 3 3 8 
9 8 66 20 68 7 1 9 
9 1 66 18 52 1 0 7 
4 0 46 62 85 6 3 0 
9 8 4 64 72 7 2 7 
1 0 12 15 46 7 2 2 
4 0 43 61 54 2 1 0 
8 2 41 77 42 1 0 6 
9 6 24 75 35 1 6 3 
1 4 55 34 57 4 0 0 
1 6 33 77 43 3 4 5 
7 1 46 28 22 8 4 1 
3 5 14 34 19 7 8 8 
1 7 39 47 21 1 5 4 
7 5 47 63 32 8 1 5 
8 1 47 18 50 7 5 5 
3 7 23 75 49 1 0 5 
6 9 0 48 38 3 1 0 
1 5 23 41 0 5 6 0 
0 8 12 57 58 7 8 6 
7 4 22 25 24 0 2 7 
9 1 24 46 38 3 6 4 
8 2 63 64 41 7 7 8 
4 8 31 37 68 2 0 1 
6 5 62 69 29 5 3 4 
5 2 28 87 29 9 2 6 
9 7 1 48 58 4 1 5 
5 2 31 73 59 0 9 0 
9 8 39 0 52 8 5 5 
4 7 40 69 19 6 1 1 
8 3 70 64 35 1 0 7 
2 8 39 35 55 3 4 1 
2 0 37 34 33 8 9 2 
6 5 19 35 37 4 8 6 
2 2 18 51 63 0 2 9 
9 8 5 63 14 9 4 3 
5 5 0 61 60 5 0 9 
4 7 22 23 40 1 2 5 
3 8 25 27 49 0 0 8 
0 2 41 73 32 6 9 9 
8 5 61 46 55 5 2 3 
6 2 12 54 74 7 6 5 
0 4 15 84 62 3 3 8 
8 4 0 21 65 1 3 3 
6 3 16 53 67 5 1 7 
3 1 29 33 35 2 3 3 
9 3 0 49 90 8 3 2 
5 9 16 43 85 6 8 0 
0 4 7 25 23 9 6 9 
1 7 0 32 56 9 2 8 
5 3 36 46 52 1 0 5 
5 3 61 69 13 9 1 8 
5 7 39 13 41 4 0 2 
9 9 4 57 31 5 4 1 
2 1 27 40 41 0 3 1 
4 0 24 31 37 9 1 8 
0 6 37 52 76 7 1 9 
6 6 27 39 35 6 2 2 
6 8 0 79 76 8 5 1 
8 5 36 71 23 3 2 7 
5 4 0 4 22 2 3 1 
2 3 13 73 75 3 9 3 
8 8 55 23 48 1 3 1 
8 3 74 47 72 7 6 1 
1 7 82 43 65 0 3 3 
4 0 21 35 5 1 5 9 
9 3 53 56 50 0 3 6 
8 3 9 39 27 3 9 9 
9 0 43 70 85 4 1 9 
3 3 33 42 61 8 3 2 
3 4 6 35 50 2 0 9 
1 7 13 26 69 6 4 2 
3 4 20 42 45 0 8 8 
3 9 8 39 103 6 0 8 
7 9 5 46 52 9 9 8 
6 5 43 50 55 3 8 6 
6 9 35 39 6 0 1 0 
3 3 19 86 67 2 8 7 
4 8 25 87 67 5 4 7 
3 8 0 38 54 6 7 9 
7 2 38 16 55 4 0 5 
2 1 19 54 77 9 1 6 
5 5 32 71 66 1 6 9 
4 5 9 28 83 6 9 2 
7 9 48 60 31 6 9 7 
9 3 14 52 59 7 8 8 
8 4 7 37 63 5 2 8 
0 6 32 93 28 5 1 9 
3 0 13 30 58 8 7 7 
8 7 30 29 43 6 5 0 
2 1 50 38 47 7 5 2 
1 7 42 44 31 7 8 2 
2 0 63 56 57 1 4 0 
1 3 61 58 58 5 0 4 
4 3 13 39 56 9 7 2 
5 3 0 32 0 3 9 5 
9 6 22 32 37 9 5 2 
2 4 30 39 44 7 6 0 
5 1 45 51 67 1 3 9 
1 5 53 58 31 9 3 6 
8 8 7 55 58 3 3 7 
1 2 19 68 49 7 5 7 
0 8 0 62 32 3 9 4 
1 0 67 35 39 8 9 7 
5 9 0 11 31 3 0 0 
8 6 62 43 41 7 6 6 
3 7 38 38 71 0 3 1 
5 7 26 16 24 3 1 8 
5 9 26 37 54 3 7 4 
4 9 30 63 0 5 4 6 
9 0 59 72 65 4 6 6 
7 5 28 80 46 6 6 3 
6 6 73 43 52 6 9 5 
3 4 11 24 4 4 5 9 
3 6 12 28 46 6 7 5 
9 5 41 57 73 5 7 4 
9 8 54 28 63 9 9 5 
6 7 45 28 17 5 4 9 
5 3 40 53 32 0 8 2 
2 3 12 53 36 7 1 5 
4 9 50 36 55 0 8 1 
4 8 15 46 55 9 4 9 
6 1 49 72 48 0 4 6 
8 5 6 19 40 6 2 8 
5 9 56 78 72 7 3 7 
5 1 42 19 36 2 7 1 
0 6 30 39 64 9 9 4 
0 6 33 40 22 2 9 8 
9 4 0 51 75 5 0 4 
1 2 16 14 48 4 1 7 
7 8 36 53 47 7 3 1 
2 6 49 80 55 1 5 0 
8 8 56 24 74 6 9 9 
0 1 32 42 67 3 0 7 
9 6 22 48 49 9 8 4 
0 6 26 39 58 1 0 3 
4 5 20 56 57 1 5 1 
3 8 33 82 14 9 0 8 
9 1 49 55 8 8 9 3 
8 6 39 66 50 2 4 9 
8 9 36 63 57 8 0 9 
9 1 62 58 41 1 4 8 
2 2 0 54 29 9 6 5 
4 5 54 49 59 7 4 0 
9 6 7 27 51 6 4 8 
6 5 31 49 36 3 8 1 
8 5 40 60 87 3 8 9 
7 4 33 47 72 9 4 2 
6 1 44 53 60 3 3 4 
9 8 38 1 40 4 1 6 
2 6 31 1 66 5 0 7 
5 9 53 55 41 4 8 1 
0 6 39 16 24 1 5 2 
5 6 40 76 24 8 8 5 
0 0 60 9 51 9 7 2 
5 3 47 84 74 0 3 9 
3 3 79 41 90 9 7 8 
7 4 0 67 44 2 9 5 
1 6 30 36 92 3 0 1 
1 6 13 43 16 4 1 8 
2 6 56 60 56 7 1 7 
8 6 13 74 53 6 9 0 
5 5 25 52 39 6 9 7 
5 8 57 48 58 6 4 4 
5 5 10 35 54 8 9 2 
5 0 0 67 43 6 6 6 
2 5 10 57 43 7 3 2 
8 7 27 53 43 1 6 5 
1 1 39 42 3 9 6 8 
8 3 13 36 49 7 2 7 
8 6 28 47 71 2 1 9 
4 0 0 28 69 3 0 7 
5 2 26 47 48 5 5 0 
2 4 35 70 46 8 1 6 
4 3 29 50 102 9 1 6 
5 2 39 84 39 9 6 9 
4 8 11 35 60 4 7 3 
4 1 0 59 39 8 7 4 
8 5 43 53 37 0 3 2 
3 3 55 61 76 6 2 6 
2 7 62 44 42 6 0 0 
4 6 53 74 32 7 2 1 
2 1 30 32 69 2 1 1 
4 0 40 28 54 6 2 9 
0 9 76 64 37 1 7 4 
9 8 23 71 45 7 3 7 
9 0 57 0 28 5 1 1 
1 3 0 32 55 8 9 0 
3 4 34 17 37 0 7 0 
3 7 24 37 88 4 2 2 
5 7 33 63 108 6 0 9 
6 6 35 16 62 9 5 6 
7 0 27 69 49 4 0 4 
9 7 17 46 94 8 1 6 
3 2 28 22 51 2 6 4 
0 6 26 30 39 2 5 1 
3 9 24 57 55 3 1 7 
4 5 67 29 40 7 1 9 
4 6 35 49 73 3 7 8 
6 5 1 0 40 0 2 9 
1 8 27 33 69 6 2 7 
4 0 26 58 40 7 4 3 
9 9 48 36 63 9 8 8 
9 2 33 39 42 8 8 9 
2 9 31 45 101 0 0 3 
7 5 17 39 71 0 0 1 
2 3 41 30 61 4 0 0 
8 6 45 44 42 3 6 7 
8 0 30 29 38 0 5 3 
6 6 25 40 75 8 3 0 
5 5 54 40 86 5 2 6 
8 6 37 60 57 5 3 7 
5 7 13 47 35 2 3 5 
0 8 46 61 1 7 9 5 
5 8 20 15 52 8 7 4 
5 0 29 46 50 6 9 1 
2 2 18 26 16 2 9 7 
3 2 48 103 32 1 6 9 
5 2 30 50 62 5 6 0 
1 7 0 39 20 7 1 1 
4 8 59 39 68 4 8 4 
0 1 38 66 5 9 1 8 
9 5 26 45 21 9 0 5 
5 8 28 53 37 7 2 2 
0 5 21 57 56 5 2 5 
1 9 82 89 56 9 1 7 
9 5 8 43 49 0 7 7 
9 0 0 43 32 8 2 5 
2 5 46 56 77 2 8 9 
0 2 26 50 54 7 3 6 
8 2 18 79 39 0 5 8 
2 1 23 51 85 0 9 2 
0 7 22 21 50 4 3 6 
5 9 56 44 48 7 2 7 
2 5 51 78 82 4 6 1 
1 0 8 45 50 6 8 1 
4 4 2 32 60 4 0 2 
5 7 20 40 81 8 7 4 
4 6 0 55 60 8 5 7 
2 1 14 74 83 9 8 3 
8 7 78 43 30 1 1 2 
2 4 24 63 60 9 9 2 
7 2 40 51 59 9 2 7 
8 0 17 54 32 1 8 3 
6 4 36 99 74 0 8 9 
2 2 0 31 33 8 2 1 
3 1 45 43 45 9 9 2 
8 2 47 79 8 0 8 1 
7 4 28 50 79 6 0 3 
9 5 36 50 47 0 9 9 
7 0 9 25 56 2 5 0 
7 3 66 23 53 9 6 8 
7 2 0 74 44 5 2 2 
3 3 33 74 33 7 0 9 
8 9 16 56 67 4 0 3 
9 9 31 45 45 8 3 3 
2 9 38 70 21 1 1 3 
1 7 28 49 65 6 4 0 
8 1 34 54 35 0 9 0 
6 1 41 60 46 5 8 6 
4 2 12 14 54 2 6 8 
1 3 14 39 14 7 3 7 
1 9 38 66 90 8 6 0 
9 5 28 58 62 0 2 0 
7 8 45 29 55 9 1 4 
7 9 41 62 36 7 5 0 
3 6 14 22 95 7 8 7 
3 1 45 61 40 1 2 8 
7 6 11 27 43 1 7 0 
8 6 24 60 53 8 4 3 
2 2 13 56 47 5 7 8 
3 5 30 53 40 2 4 0 
6 9 10 52 16 7 5 0 
4 2 4 4 41 5 9 9 
7 0 31 78 32 6 2 1 
1 9 29 90 38 3 6 1 
4 1 17 70 33 9 3 4 
7 8 31 34 21 0 0 0 
0 9 20 33 44 4 7 9 
8 3 2 36 39 7 4 5 
1 7 29 80 61 2 8 3 
8 5 49 55 38 5 0 5 
0 8 0 54 38 3 1 9 
0 5 27 48 65 6 3 1 
4 5 49 29 87 7 5 6 
5 8 16 89 33 6 0 6 
2 8 27 75 62 7 0 6 
9 4 31 65 53 0 7 7 
5 4 0 46 42 9 5 4 
2 6 39 50 64 1 5 9 
8 0 60 43 71 6 6 7 
3 1 40 4 56 8 4 9 
6 7 0 44 50 7 1 9 
3 4 19 44 28 7 7 6 
2 5 48 54 36 1 6 1 
9 0 27 33 73 2 3 9 
8 8 43 62 56 2 5 6 
1 5 45 53 98 1 0 2 
0 4 18 52 47 4 5 6 
9 8 46 57 37 2 2 6 
3 1 42 71 46 3 9 9 
8 6 73 42 26 0 2 0 
6 3 18 22 100 4 2 8 
3 3 0 18 63 4 9 5 
7 6 9 51 25 5 0 8 
9 9 77 24 72 7 7 7 
2 9 48 38 78 1 5 8 
4 3 0 51 60 1 6 5 
9 6 18 79 52 8 2 8 
0 8 15 19 65 1 2 4 
7 0 7 73 76 0 3 1 
2 1 20 69 60 8 1 2 
2 1 20 17 68 9 6 2 
6 4 50 76 28 8 1 4 
3 0 13 44 79 9 6 2 
5 9 19 35 37 1 2 3 
3 8 33 48 45 6 9 0 
1 1 22 25 43 5 8 3 
2 8 27 82 61 4 1 0 
2 1 55 35 20 3 3 5 
1 5 0 49 18 7 3 6 
1 6 46 77 91 6 7 9 
8 1 40 85 33 0 2 1 
3 6 35 46 25 4 0 0 
8 9 54 44 89 2 3 0 
2 8 19 71 44 9 2 5 
2 1 17 44 51 1 0 2 
9 3 74 36 32 1 8 5 
3 2 70 89 36 0 3 5 
1 1 34 58 12 7 1 1 
5 5 36 63 32 1 5 1 
5 4 14 33 71 8 2 8 
7 9 37 61 51 7 5 5 
9 5 0 31 52 8 3 0 
0 4 26 14 73 1 1 5 
4 1 24 56 49 0 5 0 
0 0 99 87 37 7 3 2 
9 6 36 71 85 4 7 3 
5 1 49 54 72 6 9 2 
8 2 54 59 48 3 0 8 
3 8 59 23 49 0 9 7 
6 5 12 64 25 5 7 5 
6 0 21 83 66 6 0 3 
5 2 34 25 57 8 1 9 
7 8 1 43 65 3 4 7 
6 6 66 52 44 9 1 1 
3 9 14 42 29 3 1 9 
4 1 54 42 104 4 4 4 
4 5 43 29 39 9 0 8 
2 3 41 30 46 5 3 0 
2 1 36 62 69 8 5 5 
7 9 33 85 51 9 8 3 
8 1 42 53 68 1 2 9 
6 4 62 50 59 8 0 9 
5 0 12 25 42 0 0 4 
2 3 52 44 25 3 7 7 
8 5 4 80 36 5 5 2 
0 9 73 53 59 6 2 6 
5 3 26 63 57 0 6 8 
0 2 6 50 27 6 0 5 
7 5 14 0 29 0 5 4 
6 1 7 57 58 5 3 1 
7 1 41 23 80 3 1 5 
4 8 24 50 33 9 3 6 
6 6 4 52 39 9 2 7 
8 1 31 57 89 1 5 3 
7 5 55 52 72 1 7 7 
8 8 34 61 52 8 1 6 
3 4 53 42 18 3 5 9 
1 4 38 67 27 4 8 5 
6 0 16 34 24 1 9 2 
2 0 0 37 52 2 8 5 
2 2 13 56 64 9 7 8 
1 4 11 33 4 7 8 4 
9 1 45 11 39 0 5 8 
5 6 53 42 82 0 3 8 
7 7 36 28 93 9 5 7 
4 8 53 36 40 6 0 5 
7 6 44 41 90 6 9 8 
6 2 17 30 103 8 0 1 
8 4 18 57 20 3 5 9 
9 7 87 70 19 7 6 0 
5 9 34 33 69 9 0 2 
5 0 55 28 53 1 1 9 
1 7 29 42 70 6 6 4 
2 9 10 38 47 7 8 5 
8 0 43 86 81 4 3 4 
3 8 49 35 29 0 4 7 
3 4 17 37 47 2 4 7 
7 2 0 75 42 9 4 0 
9 1 35 93 8 3 7 8 
9 5 16 80 33 9 3 4 
8 5 37 80 50 2 9 2 
1 5 30 34 52 5 4 9 
1 8 18 38 45 2 4 3 
4 1 5 17 45 8 5 7 
7 8 34 81 36 5 4 0 
4 3 58 43 40 4 9 6 
5 1 12 46 39 1 4 5 
4 6 13 43 45 0 7 4 
9 5 44 46 54 7 3 1 
1 4 2 48 18 2 5 0 
0 5 39 32 55 2 2 1 
6 1 38 26 42 1 1 8 
1 4 0 46 49 5 9 0 
4 9 13 46 39 4 9 8 
8 8 56 72 59 4 3 9 
4 0 13 44 39 0 9 6 
7 1 33 52 86 9 1 6 
0 7 44 52 60 4 4 3 
5 1 42 34 83 3 9 2 
1 8 32 55 63 5 0 1 
4 5 12 51 51 6 0 2 
1 4 10 73 57 0 0 4 
7 6 13 103 70 5 2 7 
6 0 52 55 98 5 2 6 
8 3 33 0 37 5 9 3 
2 6 62 109 49 2 7 6 
1 8 39 60 52 7 9 4 
3 0 42 58 49 0 7 0 
6 8 51 70 39 5 6 8 
7 0 15 64 58 8 7 7 
4 1 19 79 36 6 2 6 
5 3 48 61 43 2 4 8 
5 6 15 58 52 9 0 1 
6 5 28 59 83 8 0 2 
3 5 38 61 20 6 9 7 
9 0 36 75 21 1 2 7 
5 8 23 67 59 7 0 7 
7 2 4 36 38 3 1 7 
0 4 0 35 57 9 3 7 
7 2 28 95 87 9 9 9 
6 9 35 26 64 3 0 0 
1 8 6 79 33 6 6 1 
3 2 37 60 52 7 7 3 
6 4 49 52 57 2 8 0 
2 2 28 49 22 7 1 8 
4 0 10 41 37 0 9 9 
3 0 28 54 62 6 0 9 
1 5 0 57 16 1 6 1 
4 3 6 16 53 7 0 5 
6 0 60 45 45 0 4 8 
2 2 12 64 70 7 9 3 
0 6 24 22 112 0 6 0 
8 2 43 31 87 0 7 6 
1 6 18 50 3 5 3 9 
8 7 44 36 27 7 3 6 
1 2 61 101 18 1 0 6 
1 1 3 37 46 2 8 2 
5 4 17 91 59 1 3 7 
3 7 58 73 50 3 9 2 
6 8 75 55 32 6 7 5 
7 8 73 72 50 9 9 6 
0 3 50 2 23 5 4 9 
8 3 25 35 38 5 8 5 
7 4 14 69 33 1 5 4 
5 6 47 42 62 2 9 6 
1 1 48 37 62 5 7 4 
4 2 32 73 33 0 4 5 
3 7 31 50 18 6 0 6 
7 1 0 22 62 2 0 7 
1 9 21 48 37 4 4 3 
3 3 23 35 69 7 1 1 
8 1 81 54 43 4 6 5 
0 6 47 14 79 9 6 9 
4 8 34 60 63 0 3 9 
7 6 22 26 70 5 1 8 
1 4 54 64 57 1 4 3 
9 3 60 28 35 9 5 8 
9 1 25 52 45 6 4 9 
3 9 27 36 57 9 3 0 
6 8 71 44 71 5 2 7 
2 3 36 54 0 0 8 6 
2 7 32 56 27 9 2 0 
5 3 24 66 42 9 4 3 
4 0 46 60 37 0 7 8 
6 4 19 44 51 1 0 9 
5 2 7 53 29 1 1 5 
5 9 52 66 54 4 8 3 
9 8 34 57 11 5 5 8 
4 2 81 96 51 5 7 0 
2 8 33 49 54 1 8 5 
4 8 52 61 43 7 6 9 
9 1 18 93 34 8 2 8 
8 3 9 30 44 3 9 5 
3 0 4 19 36 6 5 9 
0 8 58 63 28 1 0 8 
4 4 26 53 40 7 7 9 
8 0 5 62 48 1 9 7 
5 2 34 78 46 4 8 7 
6 7 41 90 33 0 8 3 
6 0 1 3 102 1 2 2 
8 1 20 43 35 3 0 0 
2 3 23 29 15 3 8 3 
8 7 67 40 32 9 2 4 
4 3 46 17 72 7 5 4 
5 3 0 54 35 3 8 5 
3 6 24 80 52 6 2 6 
3 6 32 53 67 8 0 8 
5 0 33 54 71 5 7 7 
8 6 3 26 33 8 8 3 
3 9 35 53 46 1 4 7 
4 5 40 31 27 7 7 9 
6 7 35 44 53 6 0 5 
4 8 15 42 28 8 4 9 
0 1 18 42 29 0 2 6 
7 0 44 74 31 6 0 0 
6 5 52 28 32 6 0 6 
7 6 45 40 58 5 6 9 
9 0 0 57 72 4 6 3 
4 5 50 65 63 0 9 5 
6 8 28 18 61 8 7 6 
7 7 8 68 21 8 2 2 
1 1 0 26 22 7 3 4 
4 4 19 71 48 2 9 5 
8 5 11 69 43 8 8 3 
0 5 25 68 27 9 3 3 
7 2 37 49 75 9 7 8 
1 5 41 30 75 4 8 5 
9 8 48 59 45 2 3 1 
3 3 0 21 51 7 7 7 
5 9 1 47 50 0 3 7 
4 7 17 62 54 7 4 2 
3 9 1 33 49 6 9 9 
9 3 71 54 22 8 9 7 
2 4 42 44 91 6 9 1 
0 7 23 59 31 2 8 6 
1 6 20 44 21 9 9 1 
4 2 33 71 39 1 8 3 
1 9 42 29 32 0 1 2 
2 4 31 80 79 3 6 9 
0 6 25 35 52 8 2 3 
9 4 14 50 40 3 5 6 
9 8 9 55 57 1 8 1 
8 1 19 54 79 5 4 5 
9 2 44 113 70 9 9 5 
6 5 35 37 105 9 0 5 
1 4 64 72 38 8 0 4 
4 0 14 35 40 1 2 2 
5 2 12 64 22 4 0 7 
9 5 36 17 93 8 7 4 
7 4 22 74 56 3 5 1 
5 1 47 31 46 5 1 4 
0 0 69 34 45 4 4 2 
1 8 28 58 28 8 7 8 
5 5 51 31 20 1 7 3 
5 3 18 35 62 8 7 1 
6 5 42 14 38 1 2 1 
2 7 20 27 70 3 5 2 
9 4 5 21 69 9 9 9 
9 0 37 58 42 5 6 3 
0 5 61 51 72 0 9 0 
9 1 4 23 50 2 9 0 
0 8 39 34 60 3 9 2 
9 6 37 63 18 4 0 4 
4 7 63 43 39 7 0 3 
1 2 7 115 67 6 5 1 
1 2 18 66 82 7 9 5 
9 8 64 103 14 4 5 1 
1 0 71 58 31 8 7 9 
9 7 42 38 42 7 9 4 
1 7 40 22 65 0 0 9 
6 3 62 61 66 0 6 6 
6 4 69 28 57 4 9 0 
3 2 54 17 76 8 3 3 
5 6 30 49 59 2 6 0 
7 7 40 0 86 7 0 1 
6 9 35 86 9 7 3 7 
4 7 74 37 86 1 6 6 
6 7 47 75 53 1 1 2 
0 6 54 69 24 5 0 0 
2 0 19 37 43 9 7 3 
4 5 0 58 76 7 7 0 
6 6 40 42 45 0 4 2 
7 9 24 60 47 8 3 9 
9 8 16 54 72 9 8 6 
0 1 31 34 67 8 7 8 
4 4 17 49 92 6 0 1 
1 5 18 95 42 5 5 8 
2 9 4 89 82 8 2 7 
9 5 28 40 65 9 6 8 
7 2 43 61 69 5 5 3 
3 2 22 29 63 2 8 6 
5 9 9 42 55 1 2 5 
4 3 82 44 79 0 1 7 
0 8 0 46 39 3 7 3 
6 8 42 59 22 4 8 7 
3 0 27 47 60 0 4 1 
3 3 39 68 75 4 9 2 
6 3 61 35 31 7 7 6 
4 4 5 42 45 3 3 8 
5 0 46 67 21 4 0 4 
1 5 36 48 26 6 9 1 
5 8 21 62 93 9 7 9 
3 5 6 77 0 7 1 9 
1 5 31 48 88 2 5 1 
8 9 37 52 52 3 4 8 
6 8 59 53 60 4 6 6 
4 2 58 23 65 0 9 7 
5 9 45 34 53 7 7 5 
7 2 0 0 32 6 0 3 
5 8 28 46 63 2 2 2 
3 0 56 50 57 3 9 4 
2 5 12 50 48 2 8 2 
6 8 52 57 13 9 5 2 
9 3 57 41 45 7 9 5 
1 2 30 57 44 0 1 3 
6 4 37 40 62 7 8 1 
5 8 7 42 37 4 7 5 
0 6 37 55 58 6 0 2 
8 6 23 63 58 3 7 8 
2 3 38 58 51 4 8 1 
3 6 34 73 65 7 2 1 
6 4 21 43 28 3 8 3 
2 3 42 59 29 7 3 7 
2 5 11 48 35 7 7 8 
3 2 50 63 88 1 9 0 
7 9 58 55 70 2 7 5 
3 4 53 49 54 6 5 9 
2 9 33 72 30 5 9 7 
4 2 21 33 53 5 8 4 
3 3 19 66 48 1 6 7 
2 1 16 43 14 2 8 7 
6 1 25 53 46 3 9 8 
0 4 45 73 13 8 7 8 
6 9 8 14 14 7 1 5 
8 7 15 73 35 1 3 3 
7 6 15 36 25 4 6 6 
9 4 21 65 52 8 0 1 
7 5 39 16 80 5 0 4 
7 8 50 59 41 4 4 8 
7 1 22 59 67 3 2 8 
3 8 29 57 39 2 9 4 
2 7 36 37 96 7 2 0 
8 7 36 4 24 5 6 0 
1 2 11 51 11 0 0 4 
9 3 16 52 59 6 8 3 
0 2 31 44 29 0 4 0 
6 8 36 89 43 0 0 4 
8 2 18 40 29 2 9 5 
1 0 6 53 29 7 6 5 
5 1 14 0 61 0 9 3 
7 7 0 45 89 3 8 6 
8 0 29 33 49 8 3 4 
5 4 27 52 40 6 8 1 
4 7 28 41 17 8 4 7 
3 3 59 51 34 7 5 4 
8 7 44 33 27 3 3 0 
1 7 87 35 72 9 3 2 
9 1 36 61 68 4 6 3 
5 2 2 40 79 3 2 5 
7 0 46 74 0 8 1 6 
8 0 42 31 40 2 3 4 
9 3 51 31 71 8 4 7 
0 0 45 93 51 9 9 1 
8 5 30 27 45 3 7 2 
3 8 12 12 58 1 4 4 
6 8 38 30 72 7 8 0 
6 0 7 60 63 6 7 3 
4 1 18 50 51 5 0 4 
0 5 21 38 75 1 9 4 
6 6 2 37 24 4 5 3 
2 2 32 58 31 0 1 1 
5 2 63 82 33 6 4 0 
3 4 31 50 41 6 4 9 
6 5 14 43 86 2 9 8 
2 1 74 43 59 4 3 8 
0 4 47 39 52 4 8 9 
1 4 33 65 34 1 6 8 
8 5 35 39 81 9 3 8 
9 5 0 21 7 5 2 3 
5 0 0 47 25 3 7 6 
0 1 15 47 44 1 8 6 
9 4 70 36 51 2 0 6 
6 0 80 37 55 9 5 2 
2 4 46 49 25 8 7 0 
8 2 24 39 51 4 5 0 
3 3 39 65 55 6 8 9 
9 3 20 42 39 4 9 7 
9 5 57 48 47 8 9 3 
1 5 24 57 50 1 6 7 
0 6 3 32 60 1 5 7 
0 6 41 23 78 8 0 1 
5 1 43 48 44 4 1 1 
8 3 21 100 39 1 9 9 
0 7 28 80 54 2 1 9 
3 2 16 22 25 7 5 3 
8 4 0 34 52 6 1 9 
4 8 55 30 0 4 6 5 
5 2 51 10 77 6 9 3 
4 5 39 29 71 8 0 9 
7 4 53 53 99 3 8 6 
7 4 21 58 14 9 6 3 
7 1 11 64 59 7 2 3 
6 4 52 31 34 9 8 7 
7 6 46 61 26 9 7 1 
5 5 57 75 39 9 2 6 
7 7 19 32 78 2 1 7 
3 5 69 40 51 0 4 5 
3 1 18 46 23 8 0 0 
2 4 6 59 14 8 9 5 
9 5 7 60 79 2 6 9 
2 0 20 37 77 9 5 7 
1 4 53 50 54 5 0 1 
6 7 57 33 32 0 6 6 
2 4 38 40 39 0 2 0 
1 5 42 41 55 5 5 8 
9 3 25 64 34 9 9 9 
8 4 43 55 38 3 5 8 
6 8 34 26 67 3 5 4 
2 9 37 55 53 2 8 2 
6 1 42 53 60 3 0 0 
9 9 32 52 56 2 1 1 
7 0 25 37 69 8 2 7 
9 4 48 57 34 5 6 5 
5 4 40 49 82 9 5 0 
3 6 13 68 65 7 0 9 
5 5 6 63 96 7 5 9 
6 7 28 71 48 2 1 8 
7 1 21 8 29 9 4 8 
9 9 63 19 43 9 2 3 
8 0 45 43 73 8 0 3 
8 8 24 73 39 5 9 5 
8 6 20 85 20 2 8 7 
8 0 0 57 52 2 7 4 
5 6 46 50 54 1 8 4 
9 4 33 65 36 5 7 9 
1 4 0 65 30 7 5 5 
2 9 24 86 46 1 2 6 
5 1 7 62 73 6 5 6 
9 0 39 72 71 8 3 4 
8 1 16 74 59 4 0 6 
4 7 30 45 49 8 6 0 
5 5 45 69 45 1 9 1 
3 8 46 74 50 2 1 1 
7 4 21 66 27 8 3 2 
5 8 29 22 63 4 8 6 
0 0 31 20 40 3 3 3 
5 3 74 57 48 5 0 0 
2 3 29 29 52 5 8 7 
7 2 11 48 36 4 5 4 
8 1 21 39 58 5 1 6 
2 5 31 59 7 7 6 7 
3 4 69 10 50 5 0 5 
0 7 17 53 65 4 7 1 
2 8 39 49 66 0 5 1 
1 0 47 56 20 2 8 8 
8 1 45 72 70 1 0 8 
5 9 41 48 54 0 4 3 
7 5 12 46 55 5 3 4 
5 0 14 70 48 0 7 3 
7 4 12 67 29 6 4 9 
0 8 43 66 39 1 7 5 
4 9 38 36 38 3 8 7 
6 6 0 80 22 7 8 0 
5 2 39 29 52 6 1 0 
5 1 89 83 47 7 8 9 
4 7 30 17 21 4 2 5 
0 9 9 44 2 7 5 4 
6 5 58 67 12 5 9 0 
3 2 59 63 42 1 2 5 
5 6 26 55 43 6 9 9 
3 9 17 65 77 4 2 3 
2 6 30 37 69 7 8 1 
6 5 71 28 44 2 3 8 
0 9 6 62 47 0 0 3 
0 5 25 75 47 5 1 1 
1 9 28 32 44 9 5 8 
3 1 24 28 58 2 1 1 
3 1 27 73 34 9 4 2 
7 1 61 83 39 5 0 2 
0 9 48 38 78 0 4 7 
6 5 15 6 61 7 6 6 
2 7 0 0 47 8 5 6 
5 9 51 59 72 8 2 8 
7 6 21 80 61 3 6 2 
1 2 31 47 52 9 0 9 
1 0 63 35 34 8 7 6 
0 7 27 62 68 7 9 2 
6 0 7 40 42 5 1 2 
6 5 28 68 52 4 8 8 
5 7 12 26 89 1 1 2 
1 4 58 5 63 2 9 7 
7 4 28 36 19 9 9 3 
4 6 51 64 67 3 4 8 
5 0 72 30 46 3 4 9 
9 7 37 81 31 7 0 0 
3 2 48 22 18 7 1 2 
5 0 0 79 35 0 1 4 
4 5 26 33 22 0 3 7 
9 3 25 42 71 3 7 8 
4 8 22 59 49 9 0 2 
2 8 16 37 96 7 2 8 
5 5 22 61 62 1 3 3 
0 2 7 56 53 0 4 9 
2 9 21 54 36 5 3 5 
5 8 55 77 53 0 3 7 
5 1 48 46 72 5 5 5 
3 5 12 28 39 1 4 8 
3 8 24 64 65 5 9 5 
2 8 59 67 57 6 0 0 
9 0 34 50 42 9 1 4 
8 7 20 52 41 4 5 9 
3 9 70 57 60 5 9 2 
3 4 17 58 94 7 2 7 
4 2 14 41 64 0 5 4 
5 5 38 66 52 7 3 3 
5 1 47 59 55 7 1 3 
2 9 28 15 46 1 8 4 
2 7 11 22 62 8 2 1 
7 5 28 94 49 5 1 9 
9 2 23 68 20 6 7 1 
2 8 52 62 32 8 4 4 
4 3 4 31 22 8 0 0 
2 9 17 44 27 9 9 0 
7 9 28 45 36 0 9 3 
6 2 20 24 19 2 7 6 
1 4 25 60 11 4 9 3 
2 5 35 58 53 8 5 5 
4 8 27 4 24 4 3 0 
8 9 13 84 69 3 3 4 
8 6 0 28 76 5 1 5 
7 4 62 74 45 3 3 8 
8 3 39 44 58 4 7 1 
7 3 25 59 71 0 0 4 
0 9 2 48 62 9 0 3 
1 1 45 70 71 8 0 0 
7 6 25 50 24 6 4 0 
7 6 0 62 49 8 9 8 
0 9 37 36 73 2 5 6 
6 1 37 46 55 2 4 9 
9 6 38 30 32 3 5 6 
4 8 32 39 71 8 5 5 
6 7 59 54 49 8 7 3 
2 2 15 44 40 6 0 0 
9 9 0 57 73 1 6 2 
0 6 39 56 75 4 5 3 
8 7 51 39 35 3 2 8 
0 0 19 74 16 4 1 5 
1 4 22 64 75 5 6 9 
9 6 63 55 36 2 3 5 
9 7 12 3 68 9 4 8 
7 2 17 44 33 3 3 7 
3 9 19 70 57 0 9 0 
0 3 72 26 16 6 7 5 
4 9 44 54 74 1 2 7 
2 5 89 67 35 0 1 4 
5 4 28 40 33 4 4 4 
5 2 46 65 26 4 2 1 
6 1 76 103 28 2 9 2 
2 4 11 41 87 0 0 0 
5 9 48 39 92 8 7 1 
2 3 0 59 42 6 5 0 
9 7 7 65 51 0 7 5 
4 6 28 20 62 7 5 9 
7 4 45 22 67 4 3 0 
8 7 57 38 60 0 0 1 
9 0 10 35 36 1 4 2 
3 6 41 45 40 4 3 6 
5 5 33 28 87 6 0 3 
2 4 33 62 53 9 9 6 
2 8 47 26 39 0 0 9 
7 2 51 35 52 3 9 0 
7 5 10 33 72 8 4 1 
1 8 36 73 69 0 9 7 
3 8 47 81 45 4 8 0 
2 6 28 33 61 3 5 4 
1 8 20 41 62 8 0 5 
6 3 69 19 55 0 6 4 
6 2 0 34 41 5 2 3 
6 1 40 35 51 4 0 6 
9 9 23 72 68 4 1 0 
9 2 26 57 30 7 3 0 
4 3 66 49 52 3 1 9 
0 9 63 103 71 7 6 0 
4 1 78 49 62 1 9 9 
4 7 0 83 66 9 2 3 
7 1 24 56 70 2 4 8 
3 5 4 71 59 0 6 5 
5 1 14 45 80 6 4 5 
4 0 45 73 68 7 3 1 
3 6 23 65 20 2 4 7 
7 2 24 74 79 6 4 4 
3 6 16 67 52 7 2 2 
6 4 49 62 51 2 6 0 
9 7 4 24 40 5 8 3 
4 2 28 34 49 1 9 8 
5 9 46 61 31 5 8 4 
7 4 26 30 76 7 5 5 
2 9 42 60 34 2 9 1 
8 7 39 12 48 0 3 7 
3 4 0 45 56 3 0 5 
8 0 42 80 21 8 2 3 
7 9 41 33 42 1 4 9 
1 8 61 83 57 9 8 3 
9 5 0 31 66 5 6 9 
0 2 43 21 62 6 9 7 
2 0 23 61 76 4 8 6 
7 9 21 56 42 3 1 8 
6 9 5 36 64 1 4 1 
9 3 0 41 39 0 1 0 
5 8 0 56 71 6 2 7 
4 7 36 58 62 1 6 0 
8 5 5 57 27 0 5 5 
5 4 26 50 80 9 2 6 
8 3 54 22 67 5 0 4 
9 9 40 30 27 2 6 2 
4 5 51 47 44 0 1 9 
2 4 48 51 27 9 1 1 
3 3 21 32 54 8 3 7 
9 2 46 68 31 9 6 4 
9 6 37 48 92 7 9 9 
6 9 37 57 79 2 3 4 
2 0 28 59 32 7 1 3 
2 5 34 56 47 0 4 0 
3 1 39 68 31 4 4 7 
2 4 32 56 43 6 0 7 
8 0 41 37 73 0 7 8 
6 6 28 48 33 6 7 6 
8 9 30 54 52 6 2 2 
0 3 36 9 38 1 5 2 
1 2 42 54 56 9 5 8 
8 0 62 59 74 3 2 2 
7 8 0 44 29 3 1 0 
7 5 11 80 19 5 2 9 
5 4 27 54 63 3 2 1 
6 5 24 41 70 7 4 0 
8 4 35 61 51 0 6 3 
5 9 28 61 13 3 1 1 
4 7 31 73 23 2 5 5 
7 9 32 53 61 7 9 0 
0 4 31 43 37 7 1 5 
4 6 32 54 62 7 2 0 
7 6 29 56 2 0 4 3 
2 2 24 75 24 1 0 4 
4 8 36 32 44 8 8 9 
0 9 32 49 33 8 0 9 
4 3 88 33 44 6 9 1 
4 4 35 49 33 3 9 1 
1 2 11 94 47 7 2 9 
3 6 55 41 37 3 8 3 
8 4 24 55 70 1 5 3 
2 2 56 37 45 0 3 2 
5 0 35 84 36 6 4 4 
6 0 51 40 19 7 5 4 
3 5 17 56 60 6 6 1 
5 2 31 80 44 1 2 3 
3 4 38 20 10 6 6 5 
3 3 58 47 26 2 4 3 
0 2 11 73 52 7 6 5 
2 0 40 71 36 6 9 6 
0 4 0 83 81 7 3 7 
8 2 60 54 38 6 6 1 
4 6 0 39 55 9 5 2 
9 0 36 51 25 5 1 9 
9 8 12 60 62 0 1 4 
2 2 45 42 52 4 6 4 
4 7 0 63 66 2 8 3 
1 8 28 71 46 4 4 5 
2 6 35 51 59 0 8 0 
6 7 79 56 50 3 3 7 
2 3 13 39 16 2 8 4 
0 7 31 38 60 7 5 5 
9 4 21 56 14 0 6 5 
1 5 41 74 70 5 2 3 
6 1 10 35 54 7 0 8 
0 6 24 59 78 9 2 1 
1 2 31 58 19 2 1 4 
1 4 57 59 44 4 6 2 
4 4 58 48 76 2 8 1 
5 2 52 37 58 9 3 5 
5 8 54 36 50 7 5 7 
4 7 42 64 67 9 4 8 
3 6 0 55 109 2 0 4 
9 3 42 61 85 1 3 5 
9 8 40 49 32 2 0 2 
2 0 31 50 46 7 5 2 
0 0 43 47 44 7 7 4 
5 3 0 34 35 5 7 3 
4 4 30 58 54 9 4 6 
1 3 0 47 32 0 5 6 
2 1 31 39 78 3 2 2 
3 1 49 84 89 0 0 1 
7 3 13 72 42 9 7 0 
7 8 50 32 41 7 7 5 
4 6 36 64 29 4 6 1 
8 8 41 32 67 8 1 6 
3 5 65 86 72 4 0 2 
6 9 3 74 18 8 0 5 
9 1 16 38 32 2 4 1 
1 7 10 49 48 9 6 4 
5 3 0 29 59 7 0 5 
5 1 10 47 21 1 1 2 
5 4 5 27 80 5 7 3 
4 7 26 54 60 4 0 5 
5 2 61 26 68 3 6 4 
0 5 53 68 35 9 8 3 
0 9 25 63 53 7 0 3 
5 4 0 40 72 4 6 6 
5 6 8 33 72 6 4 8 
6 7 25 40 63 3 2 2 
6 1 29 37 53 1 1 8 
7 6 54 50 75 3 5 0 
1 3 31 62 62 4 5 6 
9 9 51 60 39 9 0 6 
6 9 12 65 47 8 6 7 
0 0 2 31 34 2 0 5 
1 9 19 89 62 0 1 6 
7 4 35 32 15 2 0 6 
5 0 57 35 62 9 0 3 
7 8 1 78 65 7 0 8 
9 6 40 32 54 4 9 8 
6 7 11 67 31 2 6 0 
7 0 72 41 24 5 5 3 
3 2 42 80 21 6 5 4 
5 2 4 54 55 0 5 4 
2 4 43 47 54 6 0 4 
2 9 38 59 51 9 9 6 
6 2 19 62 68 4 0 5 
9 5 10 38 58 6 1 5 
5 0 23 23 49 6 1 5 
4 3 43 13 56 4 2 9 
4 0 60 53 15 8 5 1 
7 6 49 39 27 4 2 4 
2 1 19 67 49 7 7 0 
3 2 20 52 76 0 3 1 
5 7 55 54 47 9 0 7 
5 4 46 36 70 5 4 7 
7 3 22 12 46 9 6 2 
2 0 21 59 41 9 8 7 
7 1 34 48 54 5 5 2 
2 9 19 62 54 0 8 3 
5 8 22 77 56 4 3 7 
1 6 68 64 40 8 7 6 
0 5 30 56 27 5 8 4 
9 3 29 75 41 1 9 3 
5 9 30 51 11 8 9 0 
1 4 25 27 23 7 2 4 
4 6 64 26 50 0 5 2 
3 3 38 63 53 9 8 4 
7 4 27 47 66 3 6 4 
0 3 28 46 45 9 6 3 
3 0 3 70 38 2 2 6 
9 5 69 20 17 3 0 3 
2 0 0 38 39 9 7 2 
9 9 51 31 59 0 5 0 
3 8 0 87 74 1 1 8 
1 2 21 36 60 7 4 3 
8 7 23 59 54 6 4 0 
1 5 54 55 17 5 1 8 
7 2 44 53 42 1 2 3 
5 4 15 40 58 1 8 9 
7 4 28 50 47 7 4 7 
3 7 53 48 16 1 8 7 
9 4 40 56 40 2 8 9 
4 2 24 22 65 9 4 5 
5 3 69 59 33 9 7 1 
4 8 30 32 43 3 2 1 
4 8 31 65 26 7 0 3 
3 1 39 47 57 7 0 2 
2 6 66 52 0 3 3 8 
0 3 14 56 27 6 2 8 
4 5 27 50 58 9 1 4 
4 8 17 58 52 8 5 4 
6 4 40 63 40 0 1 7 
6 6 0 76 33 9 2 8 
3 1 23 48 14 7 8 2 
6 1 0 33 66 0 7 1 
3 6 36 53 24 3 6 7 
7 4 53 53 50 9 8 2 
4 5 40 53 84 6 7 1 
8 3 22 32 77 1 4 2 
8 8 56 39 62 6 5 3 
9 4 29 52 15 3 3 4 
0 3 36 16 98 8 8 7 
2 9 29 52 82 4 2 4 
1 5 17 36 80 4 5 9 
8 3 0 105 40 7 4 7 
6 5 8 41 77 8 5 1 
3 5 49 27 54 6 4 7 
0 5 28 64 35 3 9 0 
5 9 43 43 86 7 4 7 
0 2 57 38 79 9 0 5 
5 5 29 61 68 0 3 2 
3 7 25 42 52 1 8 2 
8 5 36 54 28 1 0 2 
3 8 36 34 25 6 6 0 
7 4 24 18 60 6 8 1 
5 6 64 31 61 5 4 0 
0 6 14 31 58 1 1 3 
3 8 41 52 76 6 1 8 
1 9 28 13 46 2 9 0 
6 3 18 31 82 0 3 0 
3 4 42 48 51 8 6 4 
6 4 20 27 35 1 3 2 
8 1 6 52 5 5 7 6 
2 7 39 69 21 3 2 3 
7 6 50 35 39 2 1 7 
1 2 0 36 27 3 4 9 
7 2 20 34 61 0 9 6 
1 2 17 44 64 5 0 8 
8 1 46 73 45 8 1 2 
0 2 25 19 45 1 9 5 
0 1 3 22 70 4 3 5 
2 0 0 66 31 6 4 8 
5 1 45 41 32 3 0 0 
1 1 36 38 80 7 1 8 
3 6 0 44 61 6 2 4 
1 7 23 50 47 4 2 3 
9 5 21 57 52 2 0 6 
5 1 63 4 46 3 5 3 
3 3 27 28 31 6 3 3 
7 0 31 63 34 6 7 9 
3 1 41 66 64 4 8 0 
1 4 28 100 84 4 3 8 
4 9 34 40 54 4 0 8 
0 6 54 88 72 3 2 4 
5 3 28 43 34 8 9 0 
5 4 31 66 109 9 5 3 
3 8 11 45 73 1 0 3 
0 6 26 31 37 7 9 2 
8 2 34 67 25 5 4 2 
5 4 37 55 25 8 0 1 
0 1 66 71 35 4 3 7 
4 7 46 39 55 7 7 1 
8 8 39 31 42 3 4 2 
4 4 12 39 66 9 2 4 
5 8 23 51 29 2 8 4 
1 8 28 60 7 2 9 0 
2 6 0 52 34 1 4 1 
5 7 61 69 64 3 2 5 
7 4 49 73 62 5 1 3 
7 9 24 53 40 7 6 2 
0 1 51 34 67 4 5 0 
0 1 23 56 40 1 6 2 
0 8 29 67 63 4 1 5 
5 0 11 43 30 7 2 0 
7 0 51 35 75 7 9 4 
0 2 11 64 66 4 7 7 
8 5 43 43 18 5 5 5 
4 5 16 64 45 6 6 6 
8 1 0 34 59 6 8 3 
3 4 46 47 41 8 2 7 
2 9 17 21 31 9 4 5 
5 2 20 31 58 4 8 9 
6 8 2 57 25 9 3 6 
3 4 42 51 57 3 9 8 
6 4 21 71 69 6 0 1 
9 5 16 30 56 6 8 2 
5 7 19 29 83 8 0 6 
5 2 36 44 69 1 9 3 
4 3 29 76 41 4 0 6 
6 8 20 85 62 5 8 6 
7 6 31 66 55 4 3 5 
7 7 34 24 3 6 3 1 
9 3 49 87 82 9 1 7 
4 3 56 22 21 4 5 7 
9 6 24 47 58 8 3 5 
1 0 18 21 40 1 4 8 
5 6 0 63 42 2 3 4 
8 8 27 70 63 6 1 1 
8 8 16 55 50 4 7 3 
1 3 18 8 33 1 3 0 
4 1 50 60 67 4 1 1 
9 6 43 41 55 6 9 5 
8 7 64 36 17 9 9 4 
8 7 15 35 78 5 1 8 
9 3 45 29 34 9 6 0 
4 9 0 75 26 7 5 4 
2 6 57 31 84 4 0 1 
3 9 44 38 44 9 5 1 
3 5 51 63 84 0 4 6 
8 7 0 42 61 9 9 6 
6 1 33 70 31 7 0 5 
0 8 10 75 75 7 5 2 
4 5 9 68 66 3 2 8 
6 7 22 19 18 1 6 5 
2 4 46 40 57 0 3 5 
5 7 1 73 4 4 2 4 
6 1 0 45 51 2 1 8 
0 8 43 13 18 5 3 8 
8 7 15 18 61 9 3 3 
3 8 1 24 92 8 0 0 
4 6 44 56 76 5 1 2 
1 2 0 38 35 9 5 0 
7 1 63 70 15 3 2 3 
6 3 30 28 32 0 7 4 
8 6 0 72 51 3 0 2 
8 9 39 71 88 8 3 2 
2 9 23 36 47 2 3 2 
1 2 35 38 28 7 3 7 
3 1 6 48 80 8 1 8 
8 1 38 14 48 8 3 6 
6 0 44 46 42 5 8 3 
3 3 18 42 46 4 8 3 
1 4 32 70 42 9 8 8 
9 7 27 48 87 7 0 1 
7 2 21 64 58 8 1 1 
0 7 28 70 35 8 6 3 
8 7 52 31 54 5 6 8 
0 5 49 41 70 3 5 7 
0 0 56 61 48 0 4 2 
8 7 13 53 49 0 7 1 
2 6 17 45 42 8 6 1 
2 9 31 59 72 3 4 0 
4 5 28 59 25 1 0 2 
3 0 9 67 24 1 9 8 
1 2 38 34 51 8 3 5 
5 0 62 77 72 1 5 2 
3 9 19 44 57 6 8 4 
8 2 39 76 64 3 4 8 
7 7 24 53 60 6 8 9 
5 3 36 80 0 0 3 1 
5 1 0 48 78 8 2 7 
3 2 17 29 66 2 2 3 
6 5 0 53 44 5 1 5 
6 1 52 34 52 4 6 9 
8 7 12 75 53 0 1 4 
6 5 25 55 59 4 7 3 
6 3 17 57 47 0 8 7 
0 9 56 28 61 9 0 3 
7 5 11 53 59 6 9 9 
7 2 28 53 58 4 0 6 
8 4 10 30 42 7 8 7 
9 1 7 68 67 2 7 9 
7 1 40 12 86 7 4 2 
2 3 52 30 36 1 9 9 
7 3 30 70 57 8 3 1 
9 3 65 34 65 7 3 3 
6 0 62 65 43 4 7 7 
2 5 45 47 29 2 5 9 
8 2 22 22 40 7 0 8 
6 6 41 74 84 3 0 0 
8 4 0 32 72 9 2 1 
6 5 37 83 73 5 0 1 
0 2 36 60 36 6 9 2 
1 8 64 9 52 8 2 2 
0 6 55 19 21 1 6 7 
3 6 14 14 107 8 6 9 
5 4 25 67 54 3 4 8 
6 5 12 59 33 2 7 3 
3 1 43 96 39 5 9 0 
0 1 41 36 75 3 3 9 
5 3 79 34 50 6 8 9 
6 1 20 51 64 4 2 1 
0 8 41 76 42 2 0 7 
7 1 35 39 2 0 8 9 
2 3 60 49 70 8 5 1 
4 8 35 67 28 7 8 3 
9 7 1 54 44 3 7 0 
6 8 40 61 46 8 2 7 
1 7 33 94 61 4 3 5 
8 7 52 43 59 3 0 6 
6 1 38 56 65 6 9 0 
6 5 42 49 54 0 7 9 
1 6 29 76 52 4 4 9 
5 2 68 52 41 4 4 9 
9 5 11 60 54 5 7 0 
2 2 17 54 35 0 3 5 
2 4 57 59 37 6 2 4 
1 3 27 31 74 2 4 5 
6 7 20 75 62 2 9 1 
9 5 38 54 15 6 8 0 
6 2 45 94 65 9 0 0 
8 9 27 81 80 4 8 9 
0 5 25 13 50 2 8 3 
6 6 46 56 82 3 8 1 
0 0 32 71 65 3 8 8 
0 7 0 67 46 1 4 3 
8 9 45 44 64 6 0 1 
4 4 18 32 59 1 4 3 
6 7 0 60 31 3 5 8 
5 6 37 63 48 8 6 5 
4 2 25 43 45 6 9 1 
3 8 25 44 58 2 4 5 
9 9 31 54 75 9 2 6 
1 9 27 71 37 4 8 2 
8 8 35 49 49 3 9 9 
6 5 58 50 53 0 0 5 
0 0 46 57 51 6 4 3 
8 2 28 60 45 7 3 0 
4 9 20 58 40 5 8 1 
5 1 28 24 51 5 9 7 
3 6 38 34 14 2 5 6 
0 4 30 59 17 0 2 2 
7 1 60 51 27 5 5 8 
8 1 57 26 46 2 1 7 
6 3 24 72 84 0 2 3 
7 8 3 44 51 4 4 7 
1 0 41 22 56 6 6 8 
0 9 31 36 33 6 5 2 
5 4 26 80 71 4 3 9 
8 5 58 51 65 3 1 0 
0 2 18 15 47 2 0 9 
9 2 49 32 52 2 2 6 
1 4 22 29 26 0 6 4 
4 9 9 32 39 3 9 6 
5 1 35 69 60 5 2 5 
5 6 45 32 68 3 4 6 
3 8 34 40 61 7 8 5 
1 5 0 34 53 3 8 8 
6 6 33 54 67 8 3 3 
5 2 45 70 40 6 5 3 
3 1 19 44 28 1 6 9 
1 2 0 94 12 2 8 5 
2 3 28 31 56 5 3 6 
5 8 23 82 84 8 4 5 
8 9 24 30 49 7 9 9 
2 2 68 18 49 0 2 1 
9 8 0 63 36 0 4 0 
0 0 18 86 0 7 4 9 
8 1 12 11 52 4 8 3 
4 6 45 36 37 2 7 2 
3 2 26 41 74 5 5 3 
7 9 18 24 50 0 6 2 
9 1 38 38 12 2 9 2 
8 5 32 9 43 2 3 6 
5 3 43 62 53 1 5 7 
6 2 58 117 57 2 1 0 
3 9 26 55 68 9 9 8 
3 2 0 58 48 8 1 5 
2 6 48 74 47 9 7 7 
3 3 29 67 58 4 2 7 
0 9 24 85 71 9 1 3 
7 7 33 61 51 8 4 7 
3 5 20 92 69 0 5 4 
2 2 21 48 33 8 0 2 
6 7 11 72 49 0 2 8 
9 9 49 39 41 1 7 8 
5 8 62 48 14 3 2 5 
6 5 52 49 44 9 0 2 
7 3 56 84 36 2 2 4 
9 2 36 40 20 1 8 4 
8 8 48 80 43 9 6 0 
9 0 24 40 24 2 6 3 
8 2 23 32 32 4 2 9 
8 8 33 59 70 0 0 1 
4 1 45 19 65 9 0 6 
8 8 59 64 44 4 8 3 
5 4 46 69 51 9 7 3 
6 4 74 52 37 7 0 0 
7 6 37 58 63 7 4 7 
8 6 17 45 21 3 5 9 
1 5 42 62 50 5 3 4 
7 4 22 38 33 4 7 1 
8 3 40 52 61 2 0 2 
6 3 11 22 76 4 5 3 
1 1 36 55 47 4 1 7 
6 2 87 58 51 9 0 5 
5 1 32 79 60 6 2 0 
0 7 21 85 43 0 8 8 
4 8 14 46 46 8 2 8 
0 3 59 33 40 1 3 8 
4 8 24 52 65 5 0 8 
3 3 73 61 100 6 1 2 
4 8 0 25 77 0 4 4 
2 7 23 53 56 6 5 4 
9 2 45 38 27 9 8 0 
1 4 48 52 59 1 5 7 
9 5 36 70 65 4 4 0 
3 8 57 63 48 1 1 7 
2 8 12 30 48 6 5 5 
9 3 35 44 40 1 2 2 
3 6 49 48 9 1 9 9 
0 8 43 22 55 3 4 0 
5 9 51 21 48 0 6 0 
7 7 16 82 53 8 0 9 
3 2 26 67 59 2 4 3 
8 3 0 22 22 0 2 3 
7 0 0 16 39 7 0 2 
9 6 60 37 79 5 5 6 
3 5 24 34 51 4 8 0 
5 7 40 25 37 7 4 8 
2 3 33 29 42 3 5 7 
9 0 44 27 78 1 3 5 
7 8 44 87 42 6 3 1 
4 6 53 92 95 6 1 6 
0 6 35 65 79 0 5 5 
2 0 20 25 35 9 1 4 
7 6 27 46 74 0 4 2 
5 7 22 21 61 7 0 1 
8 3 1 22 44 1 3 0 
0 4 26 45 49 9 2 3 
5 1 45 61 57 3 5 8 
3 8 25 27 40 4 6 3 
7 6 30 38 57 4 3 4 
6 5 55 51 27 2 3 6 
0 6 30 51 68 1 9 1 
4 2 6 46 48 8 9 4 
0 3 0 42 30 4 0 1 
0 6 56 25 39 8 6 7 
0 8 4 24 39 2 5 0 
6 3 54 40 40 0 8 2 
1 7 6 53 23 9 6 0 
2 0 0 66 68 7 9 5 
5 4 9 64 75 6 7 1 
9 0 20 33 42 9 6 5 
8 5 18 44 57 2 8 8 
7 5 5 53 33 7 2 9 
3 1 15 42 59 9 7 0 
4 1 58 30 78 0 3 4 
2 4 12 70 24 3 2 2 
7 8 33 61 38 4 9 7 
7 6 0 40 70 2 8 5 
4 3 49 33 79 2 9 6 
4 7 45 29 43 3 0 7 
5 3 36 41 48 2 2 0 
2 2 39 84 79 4 0 5 
1 5 32 30 61 6 7 7 
2 7 66 36 43 5 8 2 
1 1 17 35 71 4 9 0 
6 7 31 54 46 9 9 3 
0 7 18 72 9 1 7 6 
1 8 56 17 70 8 4 4 
9 2 33 45 24 6 9 6 
4 9 16 49 29 0 0 1 
5 7 18 51 37 7 4 9 
8 0 30 48 74 7 2 3 
6 4 8 37 37 7 7 7 
6 9 19 57 26 8 8 3 
7 7 10 77 40 7 7 8 
0 1 0 29 70 3 6 1 
2 1 1 54 66 7 2 1 
4 5 72 68 40 0 6 5 
4 7 0 3 54 1 1 7 
7 3 70 57 45 8 7 4 
7 6 28 95 80 2 4 3 
8 8 69 39 51 6 5 7 
7 6 62 40 74 2 6 1 
6 9 49 45 78 4 4 2 
5 7 45 63 42 1 9 5 
8 8 27 66 14 0 1 5 
8 9 27 74 41 1 5 1 
3 8 64 33 51 5 5 1 
5 7 44 7 59 8 7 9 
3 3 20 32 55 9 0 7 
4 1 0 16 28 0 0 4 
1 9 12 64 64 6 6 7 
8 0 25 78 40 5 4 6 
1 7 0 35 65 6 8 3 
8 9 30 29 58 3 8 2 
5 9 21 78 69 1 5 2 
7 3 60 19 67 5 3 1 
8 1 29 82 19 5 5 3 
2 2 49 58 29 8 6 6 
3 6 1 48 68 3 2 0 
3 1 18 30 61 5 3 7 
5 2 15 60 46 4 7 2 
1 2 33 58 62 3 2 0 
9 3 13 26 52 3 5 0 
8 3 19 70 57 6 9 9 
1 7 14 46 66 0 2 6 
1 9 21 79 53 6 6 1 
1 8 14 48 52 3 1 1 
7 9 0 0 36 8 7 1 
7 4 73 50 66 2 2 6 
9 6 0 47 27 4 4 9 
6 4 40 46 52 9 9 7 
4 0 11 41 42 9 8 1 
4 8 14 46 79 1 4 2 
7 0 0 23 71 6 7 1 
7 2 16 46 71 4 0 0 
2 4 17 77 40 3 5 8 
0 8 27 22 32 6 1 8 
0 3 0 33 56 3 2 7 
6 4 11 63 66 7 4 1 
5 9 30 48 59 3 1 5 
5 2 11 63 77 2 4 4 
5 3 4 44 30 3 5 2 
8 0 24 20 57 7 7 8 
2 6 21 40 95 6 7 2 
1 6 29 22 26 7 4 7 
8 3 15 79 36 7 5 6 
5 9 44 43 35 3 7 1 
8 6 70 56 58 8 8 4 
7 5 21 34 33 7 2 8 
5 4 7 73 56 9 5 7 
0 6 29 70 44 0 9 9 
3 3 16 2 39 7 5 1 
3 9 44 44 66 0 9 2 
4 0 23 56 31 3 7 3 
0 8 36 22 51 1 2 9 
4 3 62 104 35 7 6 5 
7 4 35 44 64 9 6 4 
5 7 28 46 33 4 8 5 
1 6 30 52 19 2 3 4 
2 6 53 26 61 8 0 2 
0 4 48 50 37 8 8 9 
0 7 44 90 82 9 8 6 
8 3 44 37 62 3 2 7 
2 3 39 43 53 4 1 9 
5 2 9 78 61 8 5 9 
0 3 18 69 66 0 8 9 
5 1 51 55 58 0 2 4 
4 2 55 71 98 2 6 1 
4 3 31 30 21 0 8 8 
3 1 28 39 53 8 8 5 
3 6 9 44 38 9 1 7 
2 6 24 25 31 2 9 4 
2 8 37 37 36 9 3 1 
6 7 10 61 31 1 2 3 
6 6 0 17 59 7 9 7 
3 4 27 54 79 8 3 0 
2 1 12 81 51 2 6 2 
8 0 23 25 101 4 0 3 
7 9 58 39 20 3 6 4 
3 5 50 45 63 2 0 1 
6 0 3 18 63 4 5 6 
0 7 48 48 95 5 1 2 
8 5 18 30 39 9 9 0 
9 0 34 53 82 1 6 5 
6 6 34 46 33 1 6 1 
7 3 19 33 45 6 2 5 
3 5 26 67 53 9 7 0 
3 7 20 40 0 9 1 5 
5 6 12 65 48 6 4 7 
9 1 10 70 40 8 7 3 
7 5 32 54 79 5 9 7 
0 8 32 38 66 3 2 1 
5 2 5 37 68 5 1 2 
0 2 86 62 38 9 5 3 
2 0 6 68 50 3 5 8 
9 6 15 7 49 0 3 1 
6 7 28 57 30 4 7 6 
1 1 54 50 37 0 8 9 
3 7 25 40 57 2 3 9 
0 0 15 61 18 2 1 0 
6 2 31 53 74 5 2 8 
0 1 4 48 33 7 3 8 
5 6 34 75 54 9 3 8 
1 0 26 71 65 0 2 1 
0 8 21 55 75 8 3 5 
3 7 56 88 83 6 6 7 
0 4 50 67 29 2 9 7 
7 0 40 62 29 0 4 3 
8 3 43 56 76 3 2 5 
2 3 71 78 49 7 9 1 
1 3 0 68 47 7 0 2 
7 1 32 43 48 0 3 7 
2 0 50 50 41 4 8 1 
5 5 0 39 0 8 0 4 
7 0 41 31 39 8 0 6 
3 9 30 48 78 6 8 8 
6 3 49 62 46 7 9 0 
6 5 55 30 55 3 5 9 
4 3 55 62 72 2 8 5 
4 5 24 54 62 8 2 4 
8 5 37 85 63 0 7 2 
5 7 44 39 63 8 9 9 
3 1 10 49 35 0 9 3 
3 8 17 61 54 5 1 5 
