8 2850
1 0 24 89 40 0 7 3 
2 7 43 34 71 3 0 9 
2 2 50 61 34 9 4 8 
8 0 42 56 45 7 6 0 
0 8 28 53 28 5 7 2 
2 5 37 40 26 9 0 6 
7 2 30 53 75 7 9 4 
3 6 31 0 39 4 2 3 
4 2 0 104 95 5 8 7 
0 4 46 62 50 3 8 2 
6 5 34 40 64 3 7 3 
9 5 16 43 50 8 0 8 
8 6 32 50 6 7 1 9 
3 5 0 32 46 6 4 2 
0 3 43 68 31 6 5 2 
3 8 40 53 28 9 3 8 
7 5 34 48 70 8 1 1 
4 5 29 65 95 4 0 4 
0 6 47 41 75 2 4 1 
8 5 1 40 56 6 1 3 
3 1 39 31 91 5 1 3 
3 7 35 26 32 7 3 7 
2 2 55 73 59 9 2 1 
5 0 39 55 51 3 8 0 
6 1 22 38 78 1 8 5 
5 1 55 14 54 5 4 8 
1 3 33 39 93 4 7 7 
8 5 34 52 37 3 0 7 
1 2 8 65 60 2 1 5 
5 0 30 5 64 2 1 6 
0 3 5 0 86 2 0 2 
0 2 36 30 31 1 1 9 
5 8 23 47 55 3 1 6 
4 4 0 76 36 9 5 9 
4 1 60 60 77 8 4 5 
8 6 58 52 72 2 2 2 
7 5 0 76 35 2 4 0 
7 6 37 34 44 3 7 1 
2 7 26 57 12 7 6 8 
5 9 34 33 56 3 0 9 
9 8 22 41 44 6 4 9 
3 7 42 47 24 2 2 2 
1 3 4 41 59 0 5 7 
4 0 29 65 39 4 3 2 
1 9 69 37 47 8 2 2 
9 9 24 8 35 1 3 3 
6 9 20 57 57 4 1 9 
0 3 38 39 46 9 8 6 
6 6 9 28 40 2 3 5 
1 5 28 68 67 6 4 6 
9 7 0 58 72 9 5 3 
9 7 59 23 47 0 4 1 
7 3 20 74 17 2 2 9 
4 2 64 56 44 1 8 1 
3 6 38 34 86 2 8 7 
3 4 43 34 74 0 0 1 
5 0 27 81 52 8 6 9 
1 5 50 9 73 4 2 7 
4 6 50 28 67 5 4 0 
8 7 26 25 35 2 8 6 
1 4 8 28 54 9 8 6 
4 0 8 63 40 2 4 5 
7 2 15 42 63 2 5 7 
1 5 6 11 58 4 5 3 
4 1 43 31 73 7 3 7 
5 1 55 80 0 8 9 8 
1 8 31 46 56 4 4 1 
2 4 7 53 45 1 8 6 
8 1 32 73 48 8 4 7 
5 4 19 68 18 0 6 6 
6 4 22 57 66 2 1 9 
7 1 8 49 34 7 3 0 
4 1 38 46 73 7 5 4 
2 6 64 27 56 5 9 8 
1 4 36 52 11 5 1 7 
4 1 0 48 63 5 2 9 
3 5 26 31 54 6 1 2 
4 7 40 27 71 7 5 8 
7 2 36 79 61 9 9 3 
2 6 27 38 69 6 0 2 
3 1 41 58 18 2 2 8 
6 8 0 43 57 2 5 0 
0 6 9 26 63 3 2 6 
5 0 52 48 73 5 4 9 
8 0 23 54 36 5 9 0 
2 8 49 45 18 6 6 1 
1 2 21 50 66 3 5 9 
7 1 18 58 77 3 7 2 
5 4 33 48 47 4 8 8 
1 2 3 56 37 5 5 5 
7 6 37 42 56 9 1 1 
2 5 32 48 73 9 2 0 
6 9 31 69 40 4 5 6 
0 1 4 49 14 6 9 6 
0 0 14 46 32 8 2 4 
8 7 33 43 65 6 5 5 
9 9 31 27 60 0 6 1 
9 8 58 15 48 4 4 8 
4 5 24 18 22 4 8 6 
7 6 1 0 88 0 5 5 
5 7 43 58 31 9 1 0 
7 6 0 44 40 1 8 2 
2 1 25 30 44 6 8 7 
1 1 31 40 29 1 1 3 
6 3 6 50 23 5 2 7 
2 1 24 81 77 6 8 0 
9 9 16 54 49 2 3 6 
5 7 22 21 37 6 9 3 
7 3 12 66 38 5 2 8 
5 4 56 63 43 0 9 9 
2 9 53 37 84 6 0 2 
8 9 27 31 70 5 1 8 
4 2 39 7 24 9 6 2 
6 0 37 38 23 0 6 6 
2 4 38 40 41 7 5 2 
2 8 61 40 62 3 0 6 
3 1 34 58 0 7 2 7 
2 6 15 92 85 2 8 9 
4 2 41 74 50 4 8 1 
7 6 38 52 56 9 4 1 
7 8 33 57 77 4 4 1 
3 0 42 33 81 7 7 2 
9 8 49 55 34 4 2 1 
7 5 20 26 35 5 3 6 
6 9 31 84 46 4 4 2 
0 9 33 80 40 9 9 1 
8 6 29 28 47 7 3 2 
6 2 48 50 33 5 1 5 
6 6 44 58 57 1 3 5 
2 3 20 46 53 8 8 9 
2 4 0 44 62 1 3 1 
0 3 21 77 57 9 8 6 
7 2 61 43 56 2 7 3 
9 7 25 33 35 7 1 3 
7 3 10 52 65 6 9 8 
0 3 10 80 45 5 5 7 
2 0 32 31 13 7 4 0 
4 9 0 48 46 6 1 6 
6 9 25 82 67 8 8 9 
9 2 11 75 35 7 2 3 
0 5 30 54 36 2 7 7 
1 9 25 12 41 7 0 9 
3 5 47 51 38 5 4 4 
4 9 4 20 18 6 7 3 
8 4 34 26 48 5 8 2 
8 0 11 43 44 8 1 4 
0 9 30 23 101 9 7 6 
6 4 20 44 81 9 4 5 
2 7 50 63 34 6 0 8 
6 2 47 66 21 9 5 5 
5 6 4 61 0 4 7 9 
8 7 62 53 33 4 6 3 
0 1 7 77 57 3 7 4 
9 4 34 60 49 7 1 0 
7 9 53 54 14 9 3 0 
8 7 0 60 71 4 0 4 
2 3 45 60 36 6 6 3 
4 2 7 58 61 0 6 3 
5 6 33 18 23 5 5 2 
5 7 9 75 26 3 9 8 
7 2 66 20 63 3 3 8 
2 6 0 42 27 0 9 3 
7 0 37 55 53 6 0 2 
6 2 20 43 39 1 6 7 
2 1 21 92 54 2 9 3 
2 3 45 62 50 0 8 6 
8 1 45 22 57 9 6 6 
8 6 36 74 74 6 0 9 
8 7 50 70 47 2 5 4 
7 2 12 46 26 6 5 0 
1 6 38 65 31 4 7 3 
6 3 42 74 81 7 3 4 
7 5 33 50 25 8 2 7 
3 7 13 80 27 1 7 0 
2 4 65 70 66 9 5 6 
2 8 14 86 40 7 7 3 
2 7 55 35 53 2 4 3 
8 6 8 72 44 1 9 1 
6 6 33 51 93 3 3 2 
1 4 35 70 25 9 1 1 
0 5 42 46 29 6 1 3 
4 7 0 61 54 7 3 9 
8 3 26 84 44 8 6 9 
5 3 39 101 10 3 5 3 
6 0 12 43 31 3 1 1 
1 0 45 79 28 7 8 1 
5 6 42 52 20 0 8 1 
3 9 91 25 42 1 3 9 
7 0 48 63 33 1 1 7 
3 1 15 55 68 1 3 2 
5 3 36 52 39 5 6 3 
7 5 67 59 92 6 6 9 
1 8 12 88 54 3 9 2 
1 9 13 57 9 6 0 5 
7 0 7 67 52 5 8 2 
3 1 3 62 46 4 4 3 
2 2 15 59 32 1 7 2 
6 4 11 22 0 4 4 9 
2 2 14 42 68 3 5 3 
1 1 9 42 27 9 8 1 
9 1 28 46 65 7 9 2 
3 7 10 28 40 5 5 8 
5 6 12 61 31 6 4 8 
4 0 12 54 40 1 2 7 
8 3 39 73 33 2 6 3 
7 0 27 59 30 2 0 0 
1 4 19 63 42 1 8 8 
0 8 1 44 74 4 1 8 
0 8 56 45 27 5 7 8 
5 5 11 68 64 1 4 3 
6 8 49 55 82 0 2 1 
6 3 48 54 34 9 6 7 
2 7 27 50 66 1 9 6 
8 5 18 46 47 0 9 6 
8 3 54 67 70 4 0 1 
8 3 15 76 31 1 3 1 
6 6 35 73 50 0 5 7 
0 2 42 54 15 3 1 0 
2 7 40 54 57 1 9 5 
1 1 42 52 36 7 2 0 
2 5 8 47 28 0 6 3 
0 2 87 37 5 2 1 9 
8 6 62 29 27 8 7 7 
2 4 1 35 61 1 3 8 
2 9 24 0 43 9 7 3 
5 8 44 17 11 4 2 6 
0 6 57 41 62 5 7 6 
3 8 9 78 53 3 2 4 
7 3 37 45 23 6 9 2 
3 4 0 32 72 8 8 2 
1 5 57 75 70 7 2 6 
7 5 14 47 59 1 2 2 
2 8 34 37 29 1 4 1 
2 6 30 56 66 3 3 7 
8 1 16 58 33 4 8 3 
9 9 56 45 62 6 8 1 
1 6 54 64 56 4 5 5 
3 1 10 77 50 5 4 3 
7 4 48 44 98 7 3 5 
4 8 65 17 35 7 9 5 
1 8 5 37 54 2 4 3 
6 2 40 29 0 7 3 8 
4 2 0 49 90 8 1 9 
2 3 26 55 37 6 3 2 
4 7 8 63 46 2 2 0 
1 5 9 84 68 6 2 7 
0 4 40 34 32 2 1 5 
5 8 12 66 24 6 9 0 
8 4 42 63 42 0 4 6 
4 1 49 23 45 0 1 6 
0 3 13 65 47 0 6 2 
1 2 21 69 60 8 2 7 
1 9 14 63 64 4 4 2 
1 0 7 30 85 6 2 0 
1 7 53 57 59 5 5 8 
6 5 10 43 29 2 7 6 
1 4 48 31 40 9 9 1 
5 8 25 38 35 3 0 7 
3 5 7 40 77 9 0 2 
3 4 44 28 74 2 3 7 
4 1 18 46 41 3 0 7 
3 9 42 53 34 4 9 2 
9 8 16 52 65 6 6 8 
8 3 29 72 58 5 8 2 
6 3 33 0 54 7 5 0 
5 2 7 63 17 3 1 3 
7 4 75 65 82 2 1 5 
9 5 21 33 42 4 1 2 
6 6 6 87 34 8 6 7 
3 7 4 47 47 9 1 9 
1 3 15 39 34 1 9 4 
8 9 0 28 50 1 1 3 
7 0 16 35 68 4 2 1 
7 1 43 64 88 6 1 9 
8 1 7 51 49 2 5 4 
5 0 32 64 31 3 9 3 
1 7 36 53 81 1 6 7 
4 2 62 5 65 6 7 7 
2 3 0 33 24 8 3 2 
7 5 62 21 58 6 9 1 
3 1 0 29 72 6 0 2 
2 7 23 44 58 3 9 4 
4 1 29 83 28 3 7 9 
8 8 44 28 97 8 7 6 
1 5 24 9 50 2 0 4 
6 6 33 20 69 9 9 4 
5 7 26 57 45 2 5 7 
5 8 68 96 47 4 7 8 
1 9 44 36 46 8 3 2 
8 9 46 44 52 6 4 6 
1 9 15 46 70 7 6 0 
4 8 42 58 30 6 1 1 
9 4 0 44 78 0 7 5 
8 4 54 55 71 1 8 9 
6 7 32 55 14 9 1 6 
9 5 25 53 56 5 6 7 
9 6 9 69 61 1 0 4 
7 0 24 21 80 3 0 6 
5 5 41 59 52 3 1 2 
8 8 14 68 42 9 2 3 
3 2 29 45 61 8 9 5 
0 9 40 21 51 0 7 6 
2 3 6 57 67 6 1 8 
0 5 16 24 25 5 3 4 
1 5 48 47 85 8 5 8 
0 0 52 29 49 3 2 5 
8 4 53 49 52 9 3 6 
9 9 30 40 40 5 9 1 
9 0 29 47 59 0 0 3 
2 6 28 52 48 9 6 4 
6 1 20 49 53 2 8 9 
3 8 12 56 49 3 4 8 
7 0 54 14 52 0 6 6 
1 4 60 26 73 1 5 1 
9 8 36 65 47 3 5 1 
3 2 55 30 25 9 9 2 
9 7 0 72 22 4 9 4 
0 8 41 78 28 8 5 4 
3 3 0 43 20 2 0 8 
7 7 39 63 63 4 6 5 
6 4 10 64 72 0 0 8 
7 1 24 36 56 3 8 9 
3 6 26 82 80 8 1 2 
8 3 2 44 32 0 6 7 
2 7 60 78 47 9 8 8 
0 8 4 57 92 2 0 2 
1 1 21 56 65 0 1 1 
0 9 7 67 41 5 1 7 
3 4 51 55 46 3 6 1 
0 0 5 59 78 0 0 3 
8 9 38 69 0 6 0 8 
3 3 0 20 82 7 8 4 
5 7 20 49 95 9 0 4 
8 5 34 37 56 6 7 2 
5 3 13 23 29 5 7 4 
4 0 34 90 36 6 3 9 
2 6 8 87 64 2 5 4 
8 1 42 48 38 4 8 8 
0 3 0 81 37 0 1 6 
8 0 58 12 17 8 6 0 
7 0 23 41 46 6 6 6 
5 1 19 29 61 6 9 5 
6 2 20 41 63 2 4 9 
8 5 46 66 21 8 3 1 
3 7 3 73 16 4 7 0 
0 4 34 38 46 1 7 0 
6 9 15 40 33 4 5 3 
0 0 52 45 41 2 3 4 
9 9 16 39 62 2 8 9 
7 2 35 52 44 2 7 9 
4 9 19 40 6 2 3 0 
6 5 37 30 34 7 3 0 
4 3 46 84 22 7 0 5 
5 5 50 54 45 2 9 6 
6 0 15 44 47 9 9 3 
7 7 16 48 64 4 2 0 
7 0 28 75 27 7 7 8 
8 6 57 36 103 9 6 1 
3 6 52 74 42 9 2 1 
9 1 22 60 37 8 1 1 
4 6 32 33 82 0 4 7 
6 7 10 39 51 3 1 5 
9 4 19 37 20 5 4 8 
9 4 0 52 55 7 8 0 
0 7 32 46 51 5 8 1 
0 1 22 34 57 1 4 4 
2 1 43 42 12 5 4 6 
9 4 5 30 34 0 7 7 
7 2 55 59 70 0 3 6 
4 2 55 78 39 7 2 6 
7 1 76 51 43 2 9 2 
4 3 2 32 71 5 9 9 
1 7 10 52 30 9 8 2 
6 6 7 51 9 4 0 0 
3 6 10 0 42 7 1 8 
1 2 21 10 19 0 6 9 
4 2 32 31 44 0 9 8 
3 6 23 52 27 3 0 3 
4 0 69 60 34 5 5 2 
4 8 9 25 88 9 0 5 
7 5 72 47 28 3 5 0 
0 9 7 34 60 6 7 4 
4 6 54 40 96 4 9 3 
5 5 45 88 45 5 3 5 
7 1 23 72 38 3 5 3 
4 3 25 48 37 2 9 5 
7 7 37 41 65 2 5 4 
9 2 34 48 55 2 8 4 
4 5 61 91 54 9 8 9 
5 1 10 56 63 9 1 4 
5 5 30 54 38 0 1 5 
5 1 30 21 77 3 3 7 
2 1 30 57 72 7 7 0 
7 9 32 56 51 8 5 1 
7 1 29 78 64 0 7 8 
2 9 55 34 22 6 0 1 
6 7 62 58 16 3 3 6 
8 1 40 51 28 9 4 3 
6 7 8 88 49 9 3 2 
8 7 65 51 0 3 8 7 
6 1 34 59 0 7 3 6 
9 0 0 19 60 2 5 3 
9 5 33 56 54 1 7 8 
8 8 20 83 52 0 4 3 
4 1 49 32 45 4 5 1 
2 6 23 60 47 0 2 4 
7 2 8 69 75 5 3 7 
4 2 37 57 40 0 3 9 
3 1 12 72 85 3 6 9 
0 6 40 77 58 0 5 9 
3 5 48 58 65 5 6 3 
9 3 21 42 23 9 5 4 
9 0 11 99 62 6 2 9 
8 0 33 18 55 1 7 1 
1 4 103 0 57 3 6 3 
7 9 30 59 26 4 5 2 
0 1 38 21 33 0 4 8 
9 5 36 62 57 4 1 9 
4 3 63 53 0 6 4 8 
5 6 0 63 63 2 4 8 
0 1 1 48 14 8 7 2 
9 7 25 59 56 0 0 1 
9 2 24 58 0 9 3 3 
1 4 45 75 64 5 0 5 
4 8 39 54 83 0 6 9 
1 5 51 45 22 3 6 1 
3 9 4 40 83 8 8 0 
3 7 38 38 37 4 6 9 
6 1 15 58 17 5 1 7 
5 2 37 52 47 5 9 3 
1 8 54 35 61 0 9 9 
2 1 32 52 39 1 9 1 
2 2 25 60 31 7 7 0 
4 8 6 51 65 8 4 5 
8 8 44 61 21 1 8 7 
3 0 7 42 55 9 1 9 
2 1 40 31 36 3 2 5 
9 4 43 60 52 5 1 0 
0 4 41 49 66 8 5 7 
0 8 11 30 70 1 2 5 
1 9 29 82 33 5 0 5 
4 6 36 44 71 2 6 3 
5 5 62 60 59 1 3 8 
7 7 23 47 37 2 9 0 
2 9 2 25 84 5 4 4 
2 0 28 51 64 7 8 3 
7 2 47 46 92 9 8 1 
5 7 41 76 45 3 5 1 
3 0 36 51 48 0 2 5 
9 1 21 69 46 7 3 8 
8 9 17 73 21 0 4 8 
6 2 35 46 40 0 1 6 
0 1 61 51 78 8 9 7 
3 7 58 59 45 7 9 9 
5 8 37 61 65 4 1 7 
1 2 19 42 40 4 2 1 
5 0 52 11 40 1 0 3 
3 1 22 34 72 5 6 3 
0 0 17 20 48 8 9 3 
1 6 17 60 43 3 8 8 
1 8 48 70 54 6 4 8 
7 6 27 56 86 9 1 1 
6 3 15 69 62 0 8 1 
9 1 29 55 50 0 3 6 
0 6 51 51 25 9 0 6 
3 9 61 34 18 1 6 8 
6 8 56 46 29 0 0 3 
0 4 59 35 0 2 1 9 
9 5 17 50 51 0 9 7 
7 8 87 58 41 8 4 0 
9 7 42 74 53 2 1 8 
6 1 35 59 47 9 2 7 
4 0 1 49 67 3 4 8 
2 0 41 37 70 2 7 0 
3 5 1 44 14 5 2 8 
7 5 62 67 61 5 1 0 
1 8 37 28 39 3 9 3 
3 3 9 107 21 7 1 9 
1 0 34 24 42 3 7 7 
7 4 14 70 72 0 8 0 
1 2 29 58 51 6 6 1 
8 1 18 88 28 6 8 0 
4 6 37 28 62 9 5 4 
9 6 37 78 39 5 3 1 
2 2 51 69 13 2 6 8 
7 8 54 20 37 2 6 6 
4 3 29 74 24 1 8 1 
2 3 47 88 36 3 4 6 
6 8 12 54 39 1 8 1 
1 3 25 75 30 3 4 7 
8 6 18 65 79 7 5 1 
2 6 49 33 55 4 3 1 
3 5 47 48 68 6 8 9 
0 7 65 56 25 0 4 4 
9 0 22 81 83 0 5 5 
9 6 19 33 106 1 5 1 
7 9 17 45 41 9 7 2 
3 2 52 67 31 9 2 3 
5 1 0 27 12 4 0 4 
1 5 44 49 26 1 2 2 
6 5 42 71 36 6 7 4 
8 3 26 65 37 1 2 2 
1 9 18 65 36 6 6 4 
3 1 42 52 31 8 1 7 
4 7 35 58 57 5 0 0 
2 4 24 49 60 7 9 5 
9 6 67 62 41 9 8 3 
2 3 0 52 23 8 7 9 
2 6 20 38 65 4 8 8 
5 6 47 66 24 6 5 8 
5 2 23 74 33 0 7 9 
9 4 40 49 31 7 3 9 
7 6 41 44 76 5 6 3 
6 8 35 61 32 6 0 8 
3 2 10 79 26 3 4 8 
6 9 11 41 71 3 8 1 
4 3 5 53 34 1 7 8 
1 8 22 34 58 9 1 0 
0 9 35 39 50 1 0 3 
3 0 17 53 75 3 9 9 
9 0 38 44 49 5 1 4 
5 5 2 63 45 6 0 1 
8 3 37 51 43 1 4 4 
5 9 18 64 82 8 9 6 
6 1 13 80 12 6 1 2 
6 1 48 54 41 3 8 3 
6 0 31 48 46 2 0 0 
2 8 67 26 70 9 5 7 
1 5 11 38 35 9 8 6 
9 0 69 31 64 4 1 3 
4 6 52 13 38 8 5 3 
2 4 26 20 47 1 8 3 
0 6 49 30 64 1 3 2 
5 9 61 73 30 8 5 4 
0 7 19 43 44 3 4 2 
5 5 46 43 79 7 2 1 
2 2 0 52 40 0 7 5 
6 0 35 22 57 1 0 1 
6 7 15 43 48 1 0 2 
4 8 19 57 31 2 5 2 
9 5 44 48 29 5 3 2 
7 1 0 37 60 5 9 9 
0 7 21 42 75 7 3 9 
7 5 52 75 0 5 7 2 
5 3 34 48 35 0 0 2 
2 1 46 44 53 4 4 4 
5 2 0 67 65 3 6 1 
5 1 23 48 43 9 7 1 
0 6 14 21 32 9 5 9 
5 3 51 69 74 2 1 3 
3 8 32 43 42 0 4 6 
8 7 37 98 40 6 4 0 
5 5 28 65 43 8 7 9 
6 1 37 60 72 3 6 2 
2 0 44 80 84 8 9 0 
5 0 24 62 44 6 9 2 
1 0 0 21 67 8 8 2 
0 4 53 48 75 2 1 7 
8 6 20 81 45 1 3 5 
7 5 34 46 15 5 1 0 
8 4 8 51 76 9 3 0 
6 9 51 80 16 1 7 5 
3 9 31 96 91 4 3 1 
7 5 16 40 31 5 9 4 
3 1 35 45 61 3 1 1 
2 6 48 34 42 5 5 1 
4 5 57 67 5 7 4 2 
7 2 40 33 46 0 4 5 
4 2 31 67 45 5 4 1 
7 6 19 47 32 1 2 3 
3 0 32 37 53 4 2 2 
5 1 4 60 80 4 6 2 
5 1 54 51 74 0 3 8 
6 3 31 6 64 9 1 4 
5 1 34 54 27 6 5 6 
9 3 22 31 46 8 6 7 
5 7 14 58 62 3 4 9 
7 2 17 69 35 5 5 7 
2 9 19 93 53 5 6 0 
4 0 27 54 61 2 2 3 
5 8 22 61 69 6 1 5 
4 8 65 65 51 5 0 5 
2 2 32 41 97 8 1 9 
7 7 34 60 65 0 0 4 
9 8 2 53 63 3 9 9 
1 9 50 66 41 1 2 0 
4 9 39 68 61 2 3 3 
4 3 79 38 84 4 6 9 
7 1 7 53 63 2 1 9 
7 6 9 45 59 8 9 0 
9 9 37 41 55 2 8 2 
1 7 76 60 54 4 8 4 
1 1 19 60 24 2 3 9 
1 2 4 45 55 7 0 6 
8 1 10 51 70 0 1 7 
8 0 13 53 71 5 8 0 
9 4 0 16 78 8 9 3 
9 5 11 47 41 0 1 5 
9 4 33 37 49 8 9 2 
8 3 34 28 30 4 8 9 
7 0 45 89 49 7 8 1 
1 4 32 56 81 1 2 7 
9 0 43 38 73 4 0 8 
6 7 11 44 8 4 4 1 
4 8 34 69 25 3 3 5 
8 4 25 80 32 4 8 7 
4 4 0 3 56 9 6 6 
7 5 0 96 38 2 5 1 
9 2 35 42 4 3 1 9 
2 7 37 57 50 3 6 5 
1 7 21 22 65 9 1 7 
8 1 37 42 54 2 5 6 
2 9 79 31 48 5 0 7 
7 9 52 58 70 4 1 7 
5 0 0 57 6 3 2 9 
5 2 26 55 66 8 4 6 
6 9 50 24 27 4 9 1 
5 5 7 69 21 2 5 7 
8 9 36 51 36 3 0 1 
9 7 31 28 67 7 0 0 
7 2 37 62 43 9 9 4 
8 5 16 19 45 2 7 2 
0 5 9 54 55 6 1 8 
6 4 10 13 47 0 0 9 
9 2 23 24 68 4 3 9 
1 1 32 47 41 3 3 8 
9 9 0 96 35 7 3 9 
4 1 7 43 82 3 6 1 
3 0 18 74 34 1 3 1 
4 3 26 45 59 9 0 2 
7 4 0 44 71 6 6 2 
0 4 13 71 33 6 9 6 
6 6 37 60 53 4 4 9 
6 4 26 21 90 8 9 7 
6 3 59 29 53 5 1 0 
9 6 46 44 42 7 7 8 
1 0 9 81 43 0 9 6 
7 6 18 33 45 1 1 0 
7 7 11 58 69 3 3 2 
6 5 2 23 54 4 1 3 
0 4 44 36 44 8 0 8 
5 6 25 43 71 0 0 1 
9 1 24 34 34 8 6 7 
1 5 6 67 49 9 3 6 
4 8 37 12 54 0 1 5 
1 5 28 59 52 6 0 2 
2 0 49 54 72 9 8 0 
2 7 41 47 48 0 8 5 
8 4 14 45 55 0 0 3 
1 2 22 55 48 8 9 8 
0 2 23 50 47 2 4 8 
2 4 8 53 70 1 2 0 
5 5 68 58 64 1 8 8 
6 3 47 61 37 3 0 7 
4 0 0 23 44 7 1 8 
7 4 46 42 75 7 0 7 
9 5 15 86 40 8 1 0 
5 3 57 57 10 2 9 7 
7 6 88 57 64 1 2 9 
0 3 10 24 75 4 2 6 
4 2 20 48 40 0 8 3 
5 0 15 19 47 9 4 6 
6 6 45 64 65 2 5 9 
0 4 23 68 50 4 5 6 
4 3 45 56 64 8 9 0 
0 7 0 56 8 8 9 5 
0 1 34 70 60 3 0 0 
4 2 67 61 55 6 0 8 
6 0 39 14 22 9 5 9 
5 7 41 46 61 7 4 9 
4 7 0 64 36 5 4 8 
7 9 20 13 49 6 7 2 
5 1 22 57 55 6 1 2 
5 9 32 90 44 0 6 9 
5 1 45 73 11 0 8 6 
2 9 0 72 66 0 7 7 
3 7 30 49 53 5 2 0 
8 6 12 65 31 1 1 5 
1 9 33 32 49 1 2 4 
3 9 27 9 34 9 2 2 
7 4 0 34 69 8 7 0 
5 5 50 63 50 9 5 6 
8 8 43 55 49 9 7 7 
0 7 0 45 57 8 5 2 
9 0 18 71 39 1 2 9 
7 8 35 72 65 5 3 9 
6 6 22 42 65 6 6 9 
1 6 40 50 13 2 2 4 
3 2 35 68 21 7 6 0 
8 8 16 21 69 0 5 1 
3 9 46 28 15 6 5 8 
1 7 55 56 90 7 3 1 
5 2 39 71 53 5 5 1 
5 7 58 46 71 2 6 2 
3 2 20 58 83 9 5 0 
3 9 2 69 20 3 6 0 
1 5 16 49 15 1 5 3 
7 7 42 67 19 6 3 2 
3 1 64 55 61 6 9 5 
4 2 43 42 73 5 2 6 
9 3 21 63 71 5 9 4 
1 2 26 47 47 3 5 4 
0 6 47 71 37 8 8 4 
3 5 43 48 82 1 0 7 
6 1 56 73 59 2 9 2 
2 9 17 72 41 5 9 3 
8 2 38 36 5 3 7 3 
1 5 60 39 45 7 9 2 
8 2 74 14 50 3 7 1 
0 8 61 24 33 4 1 8 
0 5 67 45 51 5 3 9 
6 0 35 35 34 4 6 4 
1 2 31 52 12 8 5 4 
3 8 23 26 60 2 6 5 
9 4 30 83 44 7 0 6 
0 3 42 52 61 7 7 0 
3 9 22 31 20 5 2 2 
5 3 46 60 72 7 2 1 
8 8 0 49 35 2 9 7 
8 0 28 27 42 2 4 9 
4 8 33 1 33 6 1 6 
1 5 23 40 44 2 2 6 
3 4 40 30 60 8 6 8 
9 9 17 22 89 6 2 9 
4 8 44 62 48 7 2 6 
7 2 9 74 76 8 8 0 
7 0 17 48 54 5 8 1 
1 8 28 56 26 3 4 4 
7 1 10 37 87 3 6 3 
3 4 34 39 32 5 5 0 
6 9 11 78 42 2 2 6 
8 0 48 49 48 0 5 4 
2 7 35 73 38 3 7 5 
6 3 50 53 44 4 6 0 
5 9 48 29 58 0 8 2 
6 6 27 53 58 3 2 5 
4 9 29 60 11 3 3 3 
0 1 13 63 13 9 5 7 
7 8 39 87 40 2 8 5 
5 7 49 50 72 0 2 4 
6 2 53 61 64 2 5 1 
7 3 15 24 59 3 5 5 
5 5 44 38 83 3 2 1 
4 3 29 38 38 1 1 8 
7 2 64 48 45 6 2 7 
4 7 24 67 73 9 4 7 
7 0 47 28 78 9 6 5 
5 5 12 24 84 5 5 2 
6 3 28 54 0 5 1 7 
8 2 10 40 71 5 6 8 
4 4 1 47 82 9 5 1 
0 6 17 42 16 0 3 2 
6 6 46 73 41 4 5 6 
2 6 66 55 57 7 8 2 
9 9 46 46 55 3 5 8 
0 3 7 94 48 0 1 3 
8 9 0 77 69 8 7 7 
3 4 25 40 65 6 3 1 
2 6 41 59 75 4 7 9 
6 4 11 74 43 7 5 4 
7 0 15 56 77 7 2 1 
2 2 14 57 60 5 6 5 
9 0 13 72 51 5 4 8 
3 3 37 75 47 4 4 0 
5 2 33 68 84 5 8 1 
2 7 30 65 64 3 9 2 
1 4 75 51 79 4 7 8 
5 1 45 41 0 6 8 9 
1 8 17 42 28 9 7 3 
0 1 54 23 55 8 2 9 
9 9 5 44 74 3 2 9 
3 4 44 45 25 6 7 0 
4 1 66 74 90 6 7 8 
0 8 0 58 59 5 3 8 
8 0 8 61 21 3 2 3 
3 6 81 49 54 2 9 4 
0 7 34 73 52 2 5 3 
1 6 17 60 44 9 5 0 
6 3 35 58 95 5 8 2 
6 8 19 23 85 5 8 3 
1 3 38 39 13 4 9 1 
2 0 66 50 86 3 7 0 
3 3 13 65 65 4 1 1 
0 5 21 48 56 1 8 5 
8 3 40 49 53 5 1 1 
8 4 13 60 79 4 6 4 
8 3 6 48 65 3 1 4 
8 2 17 51 22 1 7 7 
5 5 9 38 42 7 5 1 
2 9 31 72 81 5 8 5 
4 6 25 50 32 0 5 2 
0 6 20 14 63 1 1 6 
9 4 91 68 48 6 0 1 
5 2 21 37 31 0 6 5 
2 2 52 50 10 6 2 5 
2 6 0 33 46 0 3 7 
8 1 18 43 13 8 1 5 
3 2 34 28 47 3 3 6 
9 1 16 23 58 9 0 4 
7 9 15 34 42 2 4 5 
2 8 6 39 54 0 2 6 
3 9 37 65 35 6 9 9 
7 1 21 69 65 4 3 7 
7 2 53 28 47 8 3 2 
9 4 12 16 37 3 4 4 
7 7 26 35 34 4 7 9 
6 4 21 88 62 7 0 6 
2 9 44 12 83 0 3 9 
6 4 0 31 41 9 1 0 
5 1 28 61 39 8 7 4 
5 7 76 40 23 1 5 8 
2 9 24 43 42 8 8 0 
3 7 18 53 52 5 6 5 
3 9 19 0 41 3 8 5 
9 7 16 47 48 6 0 9 
7 1 20 30 12 5 1 1 
2 6 19 25 31 8 0 9 
2 8 5 43 37 2 7 2 
3 2 27 64 32 0 9 2 
2 5 32 31 60 7 4 9 
4 0 21 39 73 1 8 7 
1 0 8 63 56 3 8 0 
9 6 10 62 50 7 9 9 
3 4 66 60 45 3 0 0 
2 7 41 27 69 1 3 3 
8 5 63 29 32 7 4 0 
4 1 58 64 66 3 6 4 
6 5 35 54 14 4 4 1 
6 9 52 42 15 7 6 1 
2 2 48 52 84 8 0 1 
2 1 15 53 68 6 6 4 
7 5 76 46 61 7 4 0 
6 0 13 87 13 5 4 6 
6 2 58 95 55 8 4 3 
4 0 29 49 42 3 0 3 
4 5 23 28 40 4 0 8 
8 3 28 47 34 5 8 0 
3 4 27 80 39 4 4 9 
1 2 6 41 39 2 0 9 
3 2 38 48 84 7 8 9 
3 6 20 40 92 9 1 7 
9 2 25 44 55 4 1 6 
2 1 9 62 50 0 7 9 
6 0 58 84 72 9 2 8 
3 3 54 34 53 4 6 8 
3 6 25 52 29 6 8 1 
0 5 30 38 23 3 8 5 
7 1 61 59 56 6 4 5 
4 4 78 55 57 3 2 3 
9 2 28 32 48 8 1 1 
3 5 32 1 67 4 8 4 
0 0 31 4 63 5 5 4 
5 6 43 69 43 2 3 2 
8 1 53 47 28 4 9 9 
7 6 98 73 41 1 5 6 
7 1 64 33 71 0 4 6 
9 3 29 12 40 5 9 7 
6 2 19 50 78 2 1 6 
7 7 52 48 38 9 5 8 
5 5 18 73 81 7 8 3 
8 0 53 43 57 8 5 3 
3 9 41 48 50 5 4 9 
6 0 37 50 68 5 7 3 
0 9 31 28 66 6 3 4 
6 6 61 57 52 7 2 8 
1 1 16 23 41 2 6 1 
0 0 36 26 22 6 4 8 
9 2 44 90 55 6 9 7 
8 0 20 67 49 2 2 1 
2 9 49 95 58 7 6 4 
1 8 70 60 77 1 6 5 
9 8 37 56 51 7 5 6 
7 0 28 64 69 1 5 2 
4 5 38 51 54 2 6 8 
9 8 27 51 54 3 5 1 
9 5 15 74 33 3 5 3 
9 8 40 69 28 2 5 4 
9 2 0 24 57 5 7 4 
5 8 40 56 67 6 8 2 
5 1 32 43 27 9 3 7 
3 6 22 32 25 7 5 4 
9 7 43 47 3 4 5 9 
5 2 23 70 102 4 7 1 
6 2 5 77 70 1 9 7 
7 9 20 25 37 9 5 6 
8 6 28 21 48 3 8 2 
5 5 36 61 67 1 7 2 
4 8 26 45 67 6 7 3 
4 4 64 58 13 2 8 0 
8 9 42 55 118 9 4 3 
9 1 28 17 47 1 7 3 
9 2 25 53 65 5 7 2 
4 3 65 52 35 2 8 4 
3 8 29 67 40 2 3 1 
0 0 26 27 78 2 7 6 
7 3 46 34 40 9 9 9 
9 2 0 4 70 6 4 4 
8 5 23 42 31 3 8 4 
6 2 44 58 46 0 1 3 
4 0 66 60 43 8 3 1 
1 7 8 29 40 0 9 0 
0 5 28 35 40 2 3 4 
4 2 37 35 33 9 6 1 
9 2 7 38 81 0 5 7 
0 9 3 22 48 9 6 4 
9 5 43 49 49 3 9 5 
8 1 33 70 49 9 9 9 
3 7 33 65 52 2 1 7 
7 0 49 22 60 3 0 8 
5 8 35 25 78 1 9 5 
0 7 26 19 23 7 9 1 
6 7 67 50 74 6 6 6 
2 5 61 36 35 0 7 9 
2 8 16 15 61 5 9 2 
8 8 24 60 45 5 5 7 
9 9 24 54 93 6 4 5 
1 4 44 28 31 7 0 3 
6 3 24 31 52 1 8 1 
5 2 4 57 58 7 5 0 
6 0 36 42 54 4 2 0 
3 1 0 51 86 0 4 0 
0 9 23 45 45 6 7 3 
7 8 38 52 78 4 6 4 
9 7 42 69 15 7 9 3 
6 1 31 42 62 4 4 7 
8 7 52 62 44 7 6 3 
1 1 49 66 65 5 3 9 
4 3 36 19 45 1 1 2 
3 2 5 28 17 0 9 7 
0 0 24 34 62 7 4 0 
4 2 50 5 78 5 6 2 
5 7 24 43 86 5 1 1 
1 3 59 55 55 5 3 4 
8 2 65 59 89 3 1 9 
5 5 29 39 32 6 7 1 
6 1 17 58 27 7 2 2 
5 3 40 60 76 0 7 4 
3 6 59 69 17 6 1 3 
4 2 22 60 24 9 5 5 
7 7 25 47 80 4 5 5 
0 5 32 47 37 6 9 8 
9 1 54 70 33 5 7 7 
5 9 0 76 49 5 0 2 
9 9 46 75 70 1 3 5 
6 8 36 56 48 5 9 3 
3 2 57 59 62 7 6 1 
6 1 17 16 79 6 4 7 
8 3 30 43 54 7 8 6 
0 8 16 38 55 5 4 6 
7 1 32 44 78 9 1 8 
4 1 24 87 29 1 4 3 
6 4 2 41 26 6 1 2 
6 9 21 60 41 2 6 5 
6 0 6 45 15 7 3 7 
6 0 43 47 69 4 8 5 
0 3 38 37 57 7 9 9 
9 7 62 57 27 7 0 6 
1 1 37 74 28 1 9 0 
9 3 56 32 0 9 4 6 
5 5 5 66 24 0 1 0 
3 9 31 41 49 6 4 3 
8 3 22 67 51 1 2 1 
4 3 15 42 93 8 2 7 
9 3 46 57 41 6 8 0 
8 6 26 35 32 8 2 0 
9 7 9 24 44 9 4 3 
1 6 35 53 68 2 8 7 
5 7 46 42 59 1 4 9 
4 3 16 29 64 8 0 0 
9 7 46 46 71 1 1 5 
8 7 50 91 45 1 9 6 
7 8 5 66 58 9 0 7 
9 8 19 15 54 5 4 0 
0 7 12 40 39 9 7 2 
0 3 45 82 79 5 6 7 
6 4 58 84 43 4 3 0 
0 4 66 43 21 4 4 7 
7 5 34 68 41 9 7 9 
6 1 0 64 54 4 5 9 
0 7 30 54 46 3 7 5 
8 9 0 46 40 0 3 7 
9 9 32 50 24 7 0 5 
0 2 14 38 58 9 8 3 
4 2 0 76 55 4 4 9 
5 2 20 35 42 3 3 4 
7 5 40 49 55 9 0 3 
4 5 16 54 57 5 9 0 
7 1 91 43 56 1 4 4 
9 6 19 40 54 1 2 3 
3 8 46 63 47 5 3 1 
3 6 28 48 79 6 5 3 
7 7 28 67 51 5 0 5 
1 0 3 47 64 8 8 6 
9 9 38 106 19 0 1 4 
1 3 40 49 44 2 3 7 
3 1 12 34 18 7 7 4 
4 0 36 66 53 3 5 8 
4 2 12 85 0 5 5 1 
9 6 29 34 50 7 1 8 
2 0 48 48 50 9 6 2 
3 5 0 51 62 0 1 3 
1 6 0 16 34 4 5 1 
4 4 6 24 49 1 9 2 
5 4 20 83 45 7 6 6 
3 9 61 40 44 6 2 3 
8 4 24 19 38 5 5 2 
1 5 59 64 46 5 3 4 
5 6 44 57 58 7 1 1 
2 0 4 55 77 4 8 3 
1 1 30 39 81 2 9 4 
3 1 41 75 36 7 3 2 
3 0 35 64 15 8 4 7 
4 5 27 24 67 5 8 7 
8 0 5 91 35 0 6 4 
8 1 44 51 43 5 9 4 
1 4 21 27 44 6 9 5 
8 7 46 78 29 3 4 8 
7 3 59 43 62 7 7 2 
2 0 20 46 61 4 0 6 
9 7 0 77 52 4 5 6 
5 8 22 91 73 8 0 6 
9 7 43 45 47 5 3 9 
9 7 31 84 33 3 6 1 
3 6 34 64 30 3 4 6 
1 4 50 54 7 9 3 8 
4 6 20 67 36 7 6 2 
9 6 35 77 37 7 2 6 
3 6 29 34 56 0 7 2 
2 5 39 39 34 7 6 0 
8 1 46 62 32 1 5 5 
6 2 5 62 22 0 6 3 
9 9 15 60 25 4 5 8 
1 7 28 33 58 0 2 0 
3 5 20 45 35 4 3 8 
1 4 32 64 85 2 2 0 
9 4 8 42 70 5 8 6 
1 8 39 70 49 6 5 4 
0 7 31 70 49 0 0 4 
0 8 63 20 23 6 8 0 
1 3 45 17 44 6 2 4 
3 1 25 70 70 8 2 8 
0 0 42 41 51 2 3 5 
4 3 57 51 65 9 3 5 
8 6 34 70 44 9 4 2 
9 5 59 100 58 5 4 4 
1 3 5 56 31 1 9 0 
4 0 24 35 77 4 4 8 
9 7 21 66 48 1 6 2 
1 7 13 48 79 7 2 1 
4 6 33 34 44 4 0 3 
8 5 42 54 57 3 8 1 
1 8 64 56 62 7 9 2 
5 2 63 34 7 3 7 0 
5 3 28 59 31 9 2 0 
8 2 25 53 25 4 8 8 
6 4 23 42 71 7 2 9 
5 1 9 83 81 1 4 3 
7 9 32 72 38 4 6 4 
6 2 53 20 21 4 2 8 
5 4 23 62 78 3 1 1 
7 9 21 40 58 4 9 0 
6 7 15 70 53 9 1 7 
0 7 20 52 40 4 1 9 
4 3 8 53 56 5 2 8 
3 0 24 10 54 0 5 1 
2 2 8 64 19 1 4 8 
3 7 26 80 78 6 1 6 
0 3 35 52 21 4 0 6 
4 5 54 68 51 9 3 6 
5 4 26 70 55 2 4 1 
9 7 39 78 41 5 8 8 
3 1 13 57 53 9 3 4 
7 7 25 61 72 3 3 9 
1 1 11 60 25 2 9 6 
1 1 37 40 61 8 5 6 
9 8 30 54 24 5 1 0 
2 2 8 36 55 7 3 3 
4 4 20 50 52 2 4 0 
5 8 18 46 56 8 7 5 
5 6 30 67 30 6 3 3 
0 9 0 73 66 1 4 2 
2 4 23 57 35 1 7 7 
8 2 29 34 29 3 9 4 
3 5 57 41 37 9 4 8 
8 7 24 30 16 8 7 3 
8 0 3 86 59 0 0 2 
6 3 46 77 68 9 7 3 
3 2 15 46 33 6 7 5 
8 2 21 38 61 4 5 7 
4 4 0 32 60 9 9 5 
2 7 0 59 49 3 7 7 
0 9 24 41 69 8 0 2 
2 1 19 32 61 9 7 9 
0 9 56 46 7 5 1 4 
6 3 22 79 34 0 4 5 
5 1 0 49 98 2 9 2 
0 2 16 21 53 5 7 1 
8 4 46 25 43 7 6 2 
0 6 10 46 55 6 8 0 
3 5 25 53 56 4 3 8 
8 9 43 62 36 4 2 6 
4 8 24 51 58 5 5 5 
3 7 12 22 42 8 9 3 
1 0 45 36 54 7 0 9 
5 0 4 29 52 7 6 2 
5 4 21 56 49 5 4 2 
7 6 36 32 63 9 1 4 
9 3 48 1 46 5 2 0 
8 2 22 15 58 7 4 6 
1 9 2 30 29 7 0 4 
5 1 39 55 53 7 5 7 
8 0 31 23 43 1 3 6 
6 3 25 33 39 2 7 6 
6 9 86 47 16 9 5 8 
5 5 18 34 97 2 3 9 
5 2 15 71 9 2 3 7 
2 8 35 50 57 5 7 8 
5 3 22 51 10 4 9 0 
6 2 49 61 52 2 6 4 
2 9 40 54 52 5 4 0 
2 3 55 39 12 6 1 6 
0 1 21 48 28 2 6 4 
2 3 55 51 74 2 1 7 
3 6 51 48 35 6 5 8 
9 2 53 40 58 3 2 4 
2 9 0 81 82 6 4 4 
4 6 43 55 24 8 4 9 
5 9 48 17 10 3 8 6 
1 2 15 49 66 3 6 6 
6 0 0 87 49 0 9 3 
9 4 33 63 62 7 7 1 
5 6 44 38 85 2 5 4 
4 6 19 72 59 6 9 0 
5 0 16 56 32 2 6 9 
0 7 35 64 49 9 8 2 
1 4 10 33 84 9 3 8 
2 7 42 68 45 2 1 0 
9 1 27 31 93 8 2 1 
3 2 42 47 66 3 0 0 
5 2 15 73 63 8 4 5 
4 8 35 43 40 4 0 0 
6 0 16 35 92 0 2 6 
6 6 57 64 55 7 4 6 
7 1 50 42 43 1 0 1 
8 7 53 49 0 3 0 9 
6 4 33 55 66 3 9 2 
9 6 38 25 58 5 2 8 
5 7 43 42 63 7 1 2 
1 3 7 30 48 3 3 1 
7 0 16 72 31 4 3 8 
1 1 38 59 39 2 6 5 
7 0 50 41 73 6 8 7 
1 9 37 44 39 5 8 7 
9 4 16 49 15 5 4 1 
8 9 54 60 64 8 6 4 
9 8 25 49 59 3 6 0 
7 5 35 21 72 9 0 6 
5 3 45 67 74 5 1 0 
3 5 27 3 52 1 9 8 
4 1 32 35 26 3 3 5 
0 9 62 69 86 2 5 7 
1 6 74 73 26 5 0 2 
8 2 9 82 83 8 0 2 
5 5 0 73 43 7 3 0 
9 5 9 25 64 2 3 3 
2 8 50 73 12 7 0 4 
8 4 58 0 45 4 1 3 
6 5 35 38 33 7 4 2 
8 9 57 42 68 9 8 4 
3 2 25 38 68 1 6 8 
2 1 72 87 48 5 0 5 
7 0 0 68 62 7 9 6 
5 0 21 33 37 4 2 6 
1 8 22 64 63 7 2 8 
0 7 4 60 52 4 7 3 
6 7 31 64 35 6 3 3 
6 2 29 25 45 1 4 7 
9 2 23 73 27 5 2 1 
5 1 46 44 48 0 3 2 
4 9 84 7 34 9 8 8 
7 1 37 30 39 7 1 8 
9 2 25 36 19 1 9 8 
0 3 20 67 40 9 7 7 
8 6 30 59 34 8 6 4 
0 1 42 41 34 1 0 8 
9 6 46 91 77 1 4 5 
8 7 37 46 41 5 5 1 
5 5 63 61 45 1 8 4 
4 9 67 52 52 0 2 9 
8 3 39 44 63 2 3 9 
5 1 28 96 42 1 6 8 
5 7 26 54 24 1 5 2 
3 5 21 27 55 2 3 6 
6 8 36 43 69 1 3 4 
8 7 35 26 42 4 1 7 
5 5 15 17 38 5 5 6 
4 2 59 49 40 1 8 9 
1 0 38 57 62 5 4 5 
9 0 43 49 20 4 7 5 
9 1 13 51 67 5 8 3 
2 1 35 65 0 7 2 9 
5 3 0 81 68 0 4 1 
6 7 1 50 59 0 7 6 
1 7 0 37 42 6 0 4 
9 0 25 47 27 9 0 1 
7 4 44 58 52 9 6 4 
2 4 45 58 47 7 3 9 
8 2 32 51 52 1 4 4 
6 4 60 81 44 4 5 3 
7 2 6 58 67 0 4 7 
5 0 28 28 45 4 9 7 
6 0 59 20 20 5 7 2 
2 0 24 66 39 6 1 8 
7 3 0 31 39 9 9 1 
1 3 20 63 72 1 9 8 
5 5 36 50 51 7 7 5 
9 5 46 65 46 4 9 8 
9 9 32 68 43 2 2 2 
6 4 11 55 61 1 8 0 
2 4 25 39 53 6 6 9 
7 2 21 27 42 7 5 2 
1 3 41 29 48 0 8 2 
7 1 12 47 21 2 0 6 
8 0 72 43 23 8 8 1 
7 5 54 48 57 5 5 2 
4 2 0 8 59 1 2 3 
6 3 54 60 29 3 1 2 
9 6 44 49 59 0 0 9 
2 8 42 72 48 5 6 7 
8 0 40 66 27 3 4 3 
6 7 55 8 91 2 3 1 
0 9 39 76 33 0 0 5 
2 9 23 43 47 8 6 0 
3 7 0 50 29 4 5 0 
9 9 16 36 3 2 0 2 
3 7 4 50 68 0 5 9 
0 5 34 26 56 9 6 9 
9 7 11 10 57 8 6 2 
3 7 23 49 44 9 5 4 
7 2 30 6 68 8 4 5 
0 4 57 45 69 4 4 0 
4 5 18 19 103 3 3 1 
1 1 50 37 36 3 0 7 
4 6 34 36 16 1 2 7 
1 4 36 40 32 4 9 0 
2 4 39 37 69 2 6 6 
5 4 36 68 27 9 9 4 
9 6 27 50 12 8 9 2 
8 3 15 41 38 1 5 4 
3 1 43 44 52 1 6 5 
8 1 22 65 62 7 3 2 
3 4 26 33 41 4 9 6 
6 9 37 65 79 1 0 2 
9 0 20 80 14 7 3 1 
1 3 43 56 57 7 5 3 
1 1 24 57 0 6 5 1 
2 3 0 29 29 3 5 5 
1 6 54 47 24 6 4 3 
7 7 9 57 37 2 0 4 
1 4 24 24 38 4 6 9 
5 9 46 48 65 5 7 7 
6 0 17 34 60 4 9 0 
4 6 4 60 70 4 8 2 
1 0 32 69 82 4 7 4 
5 5 0 33 47 3 0 9 
3 3 0 48 100 5 9 1 
7 7 23 115 64 7 4 8 
5 7 68 53 62 9 0 1 
5 0 52 32 44 3 8 9 
3 9 49 0 54 0 6 8 
8 7 0 82 68 3 8 1 
9 2 26 72 13 0 8 2 
6 4 48 37 60 9 8 4 
5 1 0 53 64 6 4 6 
4 5 50 67 54 2 4 1 
4 7 27 75 80 7 2 8 
4 1 18 65 36 5 7 9 
3 4 15 38 61 1 6 8 
3 9 32 64 30 3 5 0 
9 7 14 62 29 0 8 9 
2 2 22 47 38 6 4 8 
8 3 61 78 46 8 8 0 
3 9 31 66 46 0 2 1 
3 3 29 68 50 4 1 8 
0 8 38 85 49 4 4 0 
3 1 39 40 57 2 3 3 
7 7 64 22 79 5 6 7 
6 0 15 55 50 1 0 9 
3 9 36 43 88 6 6 7 
1 7 39 70 40 8 2 5 
7 2 48 35 83 9 6 4 
6 6 42 4 63 4 7 4 
4 4 20 14 32 3 3 6 
5 3 10 68 76 2 5 6 
5 0 10 58 59 8 3 3 
4 4 58 49 41 8 5 1 
0 0 16 66 95 4 4 6 
5 8 39 43 38 1 6 7 
4 6 18 25 30 2 8 5 
6 6 0 38 50 3 8 9 
1 0 0 75 48 0 1 2 
9 3 44 39 54 7 4 3 
4 6 24 24 67 3 3 9 
9 6 23 53 37 8 3 4 
5 8 36 8 61 9 2 4 
5 0 43 63 51 2 8 6 
2 6 28 47 19 3 8 1 
5 9 39 54 15 3 5 0 
3 0 30 43 51 5 9 8 
8 5 13 19 56 1 4 5 
6 9 23 49 37 0 1 0 
4 7 9 34 69 4 0 2 
1 1 33 71 44 4 1 6 
6 6 24 57 77 4 8 1 
2 0 3 55 36 8 2 3 
4 7 31 55 71 8 4 8 
6 8 85 57 36 1 8 5 
7 8 66 74 43 3 0 5 
2 8 31 90 76 2 1 0 
8 7 21 32 13 7 4 7 
0 9 26 66 61 3 2 1 
8 7 29 42 47 5 6 9 
9 3 28 58 54 6 7 0 
2 0 23 37 71 6 8 0 
1 8 13 41 76 3 5 1 
2 4 40 52 32 4 2 0 
1 6 47 68 14 3 7 3 
4 2 51 66 62 0 3 1 
9 4 26 42 18 5 4 2 
7 0 5 62 40 7 5 6 
0 4 10 52 66 5 2 7 
9 8 29 22 91 0 4 5 
7 4 6 58 56 7 3 3 
8 2 1 50 53 9 3 4 
5 3 7 39 62 6 8 3 
4 3 34 32 68 0 1 3 
0 6 18 70 21 4 8 4 
7 9 20 58 33 5 1 7 
2 4 9 31 45 1 0 0 
7 9 55 49 49 6 4 7 
0 5 61 85 67 5 2 0 
7 4 41 67 52 4 1 6 
8 8 30 73 22 7 4 7 
0 2 14 51 46 5 5 4 
1 4 33 46 42 4 3 2 
2 3 23 71 68 5 9 7 
9 5 24 39 29 7 8 2 
1 7 12 7 77 9 3 2 
4 2 0 54 62 5 0 9 
9 8 36 52 23 6 4 3 
9 1 2 67 68 6 6 4 
8 5 3 32 37 2 4 0 
2 8 0 48 80 7 3 4 
8 8 0 46 35 8 2 6 
6 9 23 67 26 5 1 4 
2 0 67 38 32 5 9 1 
0 7 6 77 45 4 7 4 
7 1 7 51 45 5 3 0 
6 2 40 18 74 7 5 1 
9 0 0 46 4 1 2 1 
7 0 47 52 43 0 6 0 
2 8 46 80 45 0 3 3 
7 0 0 26 41 4 5 4 
9 3 45 34 32 4 4 3 
9 8 20 85 45 9 6 8 
5 8 15 20 54 9 7 3 
2 6 68 87 47 7 8 7 
1 2 18 102 18 8 2 5 
5 0 37 18 37 5 4 5 
1 8 18 92 54 6 1 7 
7 5 58 50 72 7 0 7 
8 7 0 1 35 0 6 0 
3 1 34 38 52 3 5 7 
1 2 26 42 69 8 0 6 
1 4 20 0 22 0 3 6 
6 4 47 17 40 5 7 3 
4 1 31 61 78 6 8 9 
9 7 37 43 66 2 1 9 
3 0 31 44 63 4 8 9 
8 6 54 69 37 8 3 3 
8 6 53 57 29 9 6 6 
0 3 23 54 85 8 3 7 
1 0 15 59 78 1 8 5 
8 7 0 56 66 9 3 1 
8 5 20 17 90 2 4 3 
5 1 0 50 36 7 5 9 
5 7 40 50 45 0 3 9 
4 7 42 28 46 5 0 1 
3 5 8 22 63 2 6 9 
9 6 72 50 65 2 4 8 
8 8 25 32 56 0 7 8 
6 9 28 56 13 0 6 4 
0 3 20 53 70 6 3 1 
8 0 63 59 22 4 4 4 
5 2 0 6 39 4 3 8 
4 2 31 61 46 6 1 9 
0 4 5 85 68 7 7 6 
9 9 9 34 56 1 3 9 
8 2 67 76 63 1 9 4 
7 8 68 64 65 2 0 3 
8 4 47 43 52 7 9 0 
5 0 10 67 52 9 6 2 
4 6 57 84 57 5 9 0 
0 0 7 42 27 6 7 8 
5 4 49 41 34 9 4 1 
1 3 11 61 57 0 2 6 
4 9 32 28 40 3 6 2 
2 9 25 81 58 9 4 6 
5 7 48 57 50 8 1 1 
3 5 13 60 67 8 2 8 
5 4 32 8 38 6 4 3 
1 0 44 36 85 1 4 9 
9 7 16 46 28 0 3 7 
7 2 11 66 46 8 4 7 
9 8 19 44 54 4 8 8 
3 9 29 25 36 8 3 9 
6 8 14 43 73 3 3 1 
9 7 44 22 66 7 5 6 
0 5 13 31 52 0 6 2 
6 9 35 71 60 3 9 9 
2 4 49 67 39 7 6 7 
3 4 28 56 44 4 7 0 
7 2 44 71 55 2 8 4 
3 7 15 57 67 6 5 3 
9 8 14 36 60 6 3 6 
0 6 58 34 77 6 2 7 
8 7 32 55 64 6 7 9 
3 5 33 49 36 1 5 3 
5 6 53 39 89 5 3 8 
5 4 55 7 59 1 6 7 
1 6 34 45 62 8 5 4 
9 4 37 80 61 5 4 8 
8 9 41 37 56 2 3 1 
8 3 34 53 53 8 2 2 
3 7 61 51 31 4 8 3 
1 5 7 53 68 0 9 2 
5 3 24 51 60 6 9 1 
7 1 12 67 63 5 7 5 
9 1 59 29 47 5 1 5 
8 8 36 24 48 5 6 5 
7 7 26 24 50 4 2 4 
4 8 28 56 87 7 9 6 
9 1 25 32 52 6 0 3 
4 1 45 17 62 6 8 4 
7 4 32 58 66 5 4 4 
9 2 0 74 43 7 8 8 
9 2 13 41 45 2 7 9 
1 5 0 94 55 3 8 4 
8 3 26 53 77 4 5 5 
1 3 17 74 73 9 5 1 
6 3 43 62 64 4 1 4 
8 6 40 117 74 3 7 8 
1 1 48 58 58 4 1 1 
5 1 20 69 60 7 9 6 
4 9 45 76 45 8 7 2 
3 6 31 45 34 8 2 1 
0 1 23 20 56 8 9 9 
7 3 76 68 27 0 3 1 
9 5 39 78 55 4 3 5 
4 6 47 59 53 1 5 7 
8 8 32 96 68 4 0 9 
6 0 1 73 36 5 0 4 
7 3 0 24 27 5 4 4 
9 7 39 58 34 0 4 3 
3 9 51 28 43 4 3 8 
4 8 30 76 52 5 4 0 
5 1 38 70 31 9 7 8 
0 0 0 28 7 9 3 6 
8 9 19 79 21 6 2 8 
9 0 31 48 71 1 9 9 
9 6 16 48 68 7 7 9 
6 4 43 64 36 9 4 7 
8 3 14 49 52 1 2 2 
9 6 24 34 53 2 1 5 
2 8 27 28 48 3 7 9 
9 0 28 50 35 6 6 3 
3 5 5 15 62 1 0 7 
7 4 26 37 34 0 7 0 
9 0 25 60 76 8 4 8 
6 5 23 16 43 6 0 8 
2 4 0 56 34 9 9 7 
9 2 71 69 35 3 8 1 
3 2 14 66 44 4 4 1 
4 6 19 20 36 1 5 1 
4 1 7 56 30 4 3 0 
7 9 30 55 56 3 8 5 
9 3 56 65 70 2 0 6 
3 4 60 77 61 4 1 9 
4 6 0 71 48 3 5 9 
6 3 14 28 61 1 8 4 
4 7 13 35 43 1 1 2 
0 5 56 32 26 2 2 3 
2 8 62 54 54 5 5 5 
0 8 22 35 70 4 7 9 
4 9 66 23 76 7 7 6 
2 7 68 49 63 3 2 5 
1 4 30 49 57 3 2 4 
3 9 0 96 28 6 2 1 
6 8 74 51 62 9 8 6 
0 0 26 57 48 2 6 0 
3 4 17 35 40 9 1 1 
7 3 23 18 46 8 0 5 
5 2 20 49 30 7 9 6 
0 6 39 24 39 8 1 8 
8 8 31 67 39 6 3 3 
3 1 12 21 76 9 6 4 
4 0 30 70 26 7 5 5 
2 6 31 50 23 5 7 0 
3 2 16 73 71 9 2 3 
8 4 0 32 84 4 6 8 
0 1 30 57 38 2 4 4 
4 0 80 77 56 4 8 1 
3 0 15 98 94 9 9 6 
4 7 31 35 41 0 8 6 
2 9 50 75 47 3 7 0 
2 7 74 70 65 8 3 3 
2 0 16 45 59 1 0 3 
6 0 51 59 55 8 7 6 
6 5 52 56 79 6 2 1 
9 6 33 39 45 4 8 6 
5 1 22 36 44 6 6 2 
2 9 46 97 58 9 8 3 
4 6 40 53 33 3 2 0 
4 3 41 37 18 0 4 9 
0 5 42 71 93 1 5 3 
8 2 14 73 52 9 9 6 
6 6 37 66 41 0 1 0 
0 8 0 52 53 3 7 5 
4 2 35 33 72 3 4 4 
4 1 32 63 64 5 4 9 
3 1 22 25 62 3 0 1 
4 7 27 22 84 7 8 3 
6 7 69 46 43 0 1 7 
5 3 0 47 46 9 3 6 
1 9 47 46 9 6 4 7 
9 2 45 51 49 8 2 3 
0 5 39 31 46 2 7 2 
4 9 22 74 41 5 7 6 
2 0 35 52 80 3 3 8 
8 9 27 56 27 7 4 1 
8 3 2 20 69 2 7 2 
4 1 26 52 50 6 4 1 
4 6 30 43 49 9 6 2 
9 1 21 47 70 1 0 7 
9 3 72 40 58 9 3 5 
6 1 75 68 58 8 3 2 
4 3 26 68 53 4 0 3 
9 2 27 89 36 0 9 0 
2 0 12 81 46 6 3 0 
4 3 24 63 52 1 8 6 
8 0 0 69 29 6 8 6 
1 3 55 17 36 0 9 4 
6 2 8 48 36 5 9 9 
7 8 20 53 78 8 7 2 
1 8 16 69 69 5 9 3 
3 6 29 37 55 7 9 2 
9 6 60 50 31 6 3 3 
8 0 37 45 43 3 7 6 
0 7 9 63 60 5 3 6 
4 4 26 13 59 0 6 2 
8 3 35 34 26 8 9 9 
8 2 12 29 49 9 9 0 
1 3 68 36 25 3 5 9 
7 0 13 45 52 0 2 3 
1 3 27 58 13 5 0 6 
3 3 18 62 58 5 5 9 
3 0 33 39 64 0 5 8 
8 0 12 43 35 9 7 1 
9 0 28 26 66 9 8 0 
0 8 18 50 34 6 7 9 
7 0 35 63 58 9 3 0 
5 4 13 31 50 6 4 8 
0 8 48 56 63 3 6 4 
6 8 55 21 51 7 8 7 
5 8 25 42 50 2 8 1 
1 0 34 63 23 7 8 7 
3 5 28 36 68 5 5 9 
2 3 47 75 64 4 5 9 
1 7 0 19 49 9 9 0 
6 4 63 9 73 4 1 4 
1 9 35 44 34 9 2 7 
0 8 44 18 22 1 3 9 
0 0 11 28 66 0 0 3 
0 4 0 47 38 7 4 1 
7 4 21 33 51 2 5 5 
0 5 3 55 53 2 4 6 
2 6 34 53 58 9 0 0 
4 1 57 36 53 0 8 4 
0 9 0 59 54 9 4 8 
7 2 25 22 78 0 1 8 
4 0 56 51 22 0 2 7 
3 0 29 87 113 1 3 6 
5 0 20 21 65 4 8 4 
1 4 0 41 78 2 0 0 
4 6 18 72 50 7 3 2 
3 7 19 70 40 8 0 5 
3 3 22 59 27 8 6 0 
0 6 18 12 57 6 9 4 
9 0 46 45 43 2 7 8 
5 2 0 45 78 6 0 0 
1 6 0 62 56 7 8 3 
9 0 51 37 59 4 5 9 
6 2 23 58 66 7 0 1 
6 3 58 34 69 8 2 3 
9 8 28 45 56 5 4 1 
4 2 50 63 56 8 9 7 
5 8 63 84 35 6 3 3 
3 6 19 57 29 7 3 8 
4 0 11 35 41 2 8 8 
9 4 43 36 38 6 3 4 
9 5 37 66 49 5 7 9 
0 2 54 26 47 9 4 8 
2 8 21 63 56 3 1 9 
9 4 48 54 53 3 9 6 
9 9 24 47 64 2 4 6 
2 6 0 26 52 5 4 2 
8 6 44 35 22 8 9 6 
1 0 30 50 77 4 1 3 
9 0 77 46 19 1 4 0 
2 4 39 51 75 3 3 2 
9 9 20 52 43 1 6 8 
4 3 44 37 47 6 0 3 
6 1 33 59 47 6 2 5 
6 4 36 89 46 3 3 8 
2 9 50 43 57 0 7 7 
0 7 29 16 51 0 4 9 
2 2 42 72 49 2 0 9 
6 6 45 88 33 3 0 4 
7 4 56 61 32 0 3 3 
2 7 40 46 62 2 4 2 
2 1 45 52 83 4 6 6 
8 4 25 57 59 9 9 4 
7 8 51 56 79 9 0 5 
0 1 0 34 43 1 7 2 
6 2 0 40 24 1 2 6 
2 9 46 30 63 1 7 0 
4 0 14 57 12 8 6 6 
0 2 74 59 52 6 5 3 
6 8 28 70 62 7 7 1 
8 1 0 31 41 7 3 2 
4 6 31 59 24 9 7 0 
3 7 36 24 70 3 7 8 
6 0 0 11 35 3 1 3 
0 7 54 41 57 4 7 1 
2 7 54 19 54 3 4 7 
9 3 27 56 41 9 2 3 
2 5 89 41 11 1 2 2 
0 9 16 66 88 0 5 6 
3 1 33 57 8 5 1 8 
1 7 41 73 41 3 3 8 
0 6 62 44 51 4 8 9 
8 7 9 55 55 4 0 1 
8 6 35 46 30 7 1 4 
5 8 31 25 66 5 2 3 
7 9 31 43 9 6 5 3 
1 8 32 48 74 7 6 7 
8 8 22 61 73 9 2 4 
3 0 37 42 25 9 5 2 
1 9 42 57 59 2 0 3 
4 1 18 75 78 4 1 3 
8 6 12 54 9 7 3 1 
5 8 21 32 63 8 2 0 
2 1 10 61 36 7 1 7 
5 9 3 61 69 6 0 0 
5 4 10 83 70 8 2 0 
0 3 42 65 65 2 1 4 
9 7 72 39 29 6 0 5 
7 5 38 60 19 8 2 3 
2 4 46 65 42 2 2 2 
4 2 5 38 58 0 0 5 
6 8 24 73 32 8 3 8 
6 7 35 44 70 7 7 1 
4 7 39 30 90 6 7 7 
4 9 38 35 25 5 5 6 
4 5 32 63 55 9 3 1 
0 5 50 55 20 6 3 6 
3 6 6 29 40 6 2 9 
2 2 33 38 49 0 1 9 
6 6 26 46 46 4 2 3 
6 7 6 57 54 5 3 4 
7 8 34 20 39 6 8 2 
6 8 29 86 71 7 0 0 
0 3 2 59 43 3 0 6 
5 3 25 38 56 5 2 7 
7 7 16 77 8 6 9 5 
2 7 30 82 38 8 6 0 
4 0 56 68 69 1 9 3 
7 2 21 10 53 3 3 7 
4 6 33 63 55 5 5 1 
2 1 49 59 46 3 8 3 
7 4 31 75 20 7 0 8 
7 7 26 27 50 2 4 1 
2 9 46 64 66 2 5 5 
1 8 32 48 31 8 2 8 
1 8 19 30 56 9 0 6 
5 6 55 44 67 7 8 6 
6 5 27 79 62 9 1 5 
3 5 24 35 18 8 0 3 
4 6 0 40 46 6 9 4 
8 1 44 57 53 3 0 2 
3 9 20 94 85 9 8 6 
6 7 31 78 29 7 3 7 
6 2 7 12 40 4 2 1 
3 2 22 71 19 0 4 6 
8 2 39 45 30 4 1 6 
6 5 57 46 35 8 0 3 
1 4 43 33 50 0 0 8 
0 1 36 26 49 3 2 0 
4 3 67 20 37 1 4 5 
6 1 37 39 61 6 1 9 
8 9 15 2 23 3 7 4 
3 9 38 78 82 2 7 5 
8 3 24 50 40 6 8 1 
6 1 19 85 31 2 9 8 
4 9 65 20 33 6 9 9 
7 1 55 84 73 8 6 2 
9 4 48 64 32 2 7 8 
4 6 31 44 88 6 2 7 
1 0 31 42 84 3 7 5 
5 0 38 71 47 7 7 5 
7 9 24 59 29 7 8 4 
9 2 61 28 87 4 3 9 
0 3 11 50 45 4 2 1 
7 7 26 39 9 5 9 7 
4 7 49 89 81 7 4 4 
7 6 28 41 74 6 9 1 
4 9 46 80 49 1 8 2 
7 7 21 9 52 9 7 1 
7 0 23 23 21 7 0 3 
9 9 25 47 22 5 7 5 
8 0 34 32 37 2 3 5 
7 2 60 1 56 5 8 6 
3 9 40 62 71 0 4 7 
8 7 97 54 43 4 1 6 
6 9 10 54 62 1 5 7 
0 3 7 78 51 6 4 5 
4 0 0 30 29 0 5 6 
3 1 32 46 50 5 0 7 
6 6 0 63 57 5 4 2 
2 1 30 33 38 0 9 1 
8 7 10 22 62 9 9 6 
3 6 7 33 88 1 5 9 
6 5 34 37 69 2 1 9 
6 0 38 58 74 0 0 2 
7 9 34 52 50 8 2 8 
6 8 0 40 80 1 4 3 
9 3 37 59 68 1 3 0 
8 0 13 61 54 1 1 1 
2 4 0 44 37 0 3 9 
6 3 64 10 23 1 8 2 
9 0 21 79 75 8 6 5 
7 3 0 53 65 3 8 5 
3 8 33 0 64 8 7 2 
3 9 58 21 41 9 7 4 
2 9 52 23 61 6 0 5 
8 3 67 86 31 6 4 1 
3 7 39 50 49 5 7 6 
6 4 25 76 46 3 9 8 
3 8 49 43 82 0 1 0 
5 7 56 18 59 5 6 4 
1 7 0 33 21 9 7 4 
0 2 34 56 76 0 7 7 
4 2 55 66 29 1 9 1 
0 4 21 53 30 6 0 7 
6 1 37 37 75 5 6 2 
4 2 29 46 23 6 0 5 
1 7 16 33 37 7 6 7 
4 5 21 67 44 1 0 6 
3 6 21 24 66 1 7 7 
3 3 0 39 43 4 6 8 
3 8 51 8 40 1 9 2 
5 8 49 70 61 4 4 1 
4 3 37 75 55 7 0 8 
4 7 47 33 36 9 8 4 
0 2 19 33 40 4 3 5 
8 4 33 84 58 7 4 4 
6 0 46 67 92 0 4 7 
9 8 9 68 34 1 3 9 
7 2 29 48 46 0 3 0 
6 0 1 71 18 8 6 2 
6 6 30 66 66 2 1 9 
1 7 38 71 40 2 8 9 
2 6 34 66 34 5 9 6 
2 1 2 36 42 4 5 3 
3 6 31 28 57 9 0 7 
9 3 3 68 48 8 6 0 
4 0 53 59 41 6 8 0 
4 7 15 47 38 8 9 6 
6 8 16 53 43 1 6 7 
9 8 0 51 67 0 3 1 
7 2 33 46 32 6 1 4 
1 9 73 100 40 5 4 5 
3 5 0 29 68 0 3 9 
5 8 10 79 53 0 7 0 
7 5 40 78 40 1 2 3 
7 1 37 12 53 9 4 6 
6 2 34 62 92 1 3 2 
5 8 24 89 68 3 3 9 
6 7 27 35 66 4 4 1 
7 3 23 54 86 8 7 2 
0 6 14 81 43 1 1 7 
9 3 52 87 84 9 8 5 
4 4 41 43 35 1 9 1 
4 5 48 49 46 0 5 5 
3 2 0 75 55 1 5 6 
8 8 79 56 57 0 7 1 
6 3 19 62 13 8 7 0 
7 8 5 43 61 9 5 5 
3 2 38 56 36 6 4 4 
0 2 13 19 75 0 5 6 
9 1 36 30 86 7 7 8 
2 7 46 43 47 0 2 3 
5 3 48 62 51 9 5 1 
3 5 42 41 59 3 5 0 
6 5 30 75 19 1 2 4 
4 3 42 80 86 1 4 5 
8 8 7 78 75 0 1 6 
6 6 50 56 32 5 0 9 
0 9 39 58 74 7 2 5 
3 7 69 58 73 4 9 6 
3 7 10 16 40 8 9 2 
6 0 72 54 67 7 9 8 
7 9 20 62 18 7 6 8 
9 4 39 24 80 9 8 7 
0 2 9 25 54 7 9 5 
8 2 39 70 64 2 7 9 
4 6 30 55 55 4 7 3 
5 3 1 17 63 4 4 9 
0 8 21 61 68 6 3 7 
8 7 50 31 64 4 3 4 
9 2 47 62 26 3 3 8 
3 0 8 47 43 3 8 9 
5 3 25 79 74 9 4 3 
4 9 56 47 84 7 5 0 
3 3 0 10 54 3 5 0 
8 6 28 13 66 4 8 0 
3 5 0 51 69 2 9 2 
5 5 31 37 39 3 2 3 
5 9 9 34 41 6 1 0 
4 5 42 50 27 2 6 7 
8 1 66 57 51 1 0 0 
8 2 27 61 73 4 1 9 
4 3 42 34 57 9 8 0 
3 0 35 86 51 6 5 9 
1 1 26 60 45 0 7 0 
5 3 57 68 65 1 6 5 
2 6 44 100 45 1 7 3 
4 0 10 84 77 4 0 4 
5 5 18 56 54 2 0 1 
7 6 23 55 56 7 1 5 
3 7 16 81 79 2 3 2 
2 8 28 46 78 2 7 1 
5 7 14 32 24 5 5 8 
0 9 27 55 66 5 4 5 
8 6 21 37 78 6 5 5 
1 4 39 47 46 1 1 5 
1 1 33 43 48 4 8 2 
0 0 53 0 5 0 5 9 
0 9 35 20 71 4 1 3 
9 5 35 30 67 5 0 1 
0 2 44 28 40 3 7 3 
6 9 30 62 59 4 0 3 
9 8 67 32 13 8 7 9 
5 1 24 54 71 8 7 0 
8 7 75 42 53 2 4 6 
9 7 0 54 51 4 9 4 
6 0 5 31 54 5 8 7 
2 7 15 57 44 6 5 8 
0 3 19 9 70 6 3 3 
6 2 20 91 52 8 3 1 
4 7 41 68 53 4 2 5 
6 3 35 81 18 1 4 1 
0 7 0 28 63 6 4 2 
4 0 46 73 0 8 0 0 
0 0 20 34 31 4 0 1 
8 8 46 59 61 3 5 9 
2 5 21 71 32 6 0 3 
0 4 23 78 67 0 5 9 
0 6 39 56 76 8 9 4 
2 0 37 22 53 5 1 7 
1 1 50 25 39 2 6 1 
7 4 62 35 0 5 4 3 
7 0 43 34 65 2 9 9 
6 8 44 50 80 3 2 6 
1 0 45 71 39 5 7 4 
8 2 7 43 68 0 0 9 
4 8 54 38 45 4 9 2 
5 9 12 54 60 5 9 3 
1 3 61 76 39 7 1 9 
4 9 23 76 27 8 3 1 
1 3 9 63 63 0 3 0 
0 2 0 36 4 6 3 7 
2 9 21 81 71 3 9 8 
1 3 40 43 72 9 1 8 
1 4 4 31 61 6 6 9 
6 6 45 40 33 7 7 1 
5 7 39 49 47 1 4 7 
2 9 41 43 36 6 2 8 
5 8 56 49 51 4 7 2 
2 9 26 34 23 2 5 5 
5 4 6 6 53 0 0 5 
0 9 3 60 39 0 4 6 
1 4 37 11 34 7 5 6 
3 9 31 51 11 1 5 1 
1 8 14 81 56 9 1 8 
6 3 35 54 42 8 2 8 
1 8 44 51 64 5 9 3 
2 8 44 54 46 9 3 0 
2 4 19 28 67 0 1 9 
9 1 0 0 39 1 2 3 
4 4 9 52 59 0 1 1 
0 2 34 48 45 9 7 2 
8 5 48 70 59 6 1 4 
3 6 47 45 47 2 7 9 
5 3 46 39 63 1 0 9 
8 1 43 46 57 2 0 3 
0 3 31 42 44 2 1 2 
7 0 13 63 77 6 8 7 
2 9 7 43 61 8 1 8 
8 5 25 32 42 0 4 0 
5 4 24 53 53 9 3 3 
3 8 5 87 43 6 2 1 
3 8 0 61 62 1 2 0 
8 5 21 78 81 6 6 7 
7 0 57 42 45 7 6 9 
9 0 55 38 61 3 6 2 
8 5 41 54 69 1 1 5 
3 8 20 67 66 0 8 6 
4 4 9 24 43 2 1 7 
3 0 14 60 44 0 9 4 
7 6 48 67 40 2 0 9 
9 6 5 63 22 6 8 4 
5 9 56 28 69 1 2 1 
1 3 0 38 38 9 0 6 
2 8 50 60 95 0 3 0 
5 6 23 26 57 5 2 5 
8 3 19 29 30 7 7 7 
9 6 42 49 26 6 2 9 
5 4 14 42 40 8 6 8 
2 6 51 45 27 2 6 7 
1 9 35 57 73 2 0 0 
3 9 63 46 80 4 6 6 
1 7 0 86 40 8 4 0 
5 3 36 52 47 1 8 9 
5 8 32 49 13 3 6 1 
7 8 43 56 55 5 0 7 
8 1 17 46 97 3 2 4 
7 9 38 59 68 4 0 5 
6 7 0 21 28 7 0 3 
0 5 36 40 53 5 4 4 
6 8 47 24 20 8 8 8 
5 4 17 41 72 0 5 9 
3 6 40 55 31 0 6 1 
1 0 20 25 91 8 2 4 
3 7 46 65 30 7 7 7 
2 8 65 52 48 0 4 8 
9 4 19 14 61 5 1 3 
7 9 0 63 67 8 5 2 
5 5 40 42 93 9 6 0 
1 8 58 64 37 9 7 6 
0 1 53 28 27 5 0 6 
4 4 6 51 48 8 9 3 
1 9 29 66 59 9 5 5 
8 4 52 31 66 5 0 4 
2 9 49 57 33 1 6 6 
0 5 47 16 51 6 3 9 
4 5 40 35 74 4 8 0 
7 1 31 55 54 6 8 6 
7 1 38 47 67 9 3 4 
7 3 4 42 36 9 4 0 
4 1 17 65 57 2 4 4 
2 1 32 4 64 7 0 2 
4 9 45 50 52 0 5 0 
8 7 18 28 84 8 3 3 
6 6 69 16 43 7 6 4 
5 1 38 51 23 6 4 7 
0 1 40 60 23 6 2 1 
4 9 30 15 61 3 0 3 
1 8 27 18 31 7 0 2 
7 8 39 19 63 9 9 3 
0 0 31 106 45 0 2 0 
1 2 43 39 95 1 3 1 
1 0 49 15 41 2 9 7 
0 4 25 19 48 0 7 8 
4 2 70 99 32 0 6 2 
3 7 0 45 78 8 7 6 
5 2 59 55 76 2 5 6 
4 5 41 42 64 8 2 0 
9 6 32 45 46 7 0 6 
4 3 34 52 67 5 6 4 
9 6 16 43 20 5 6 2 
0 2 67 47 40 7 8 5 
4 0 55 35 17 7 0 9 
4 1 59 80 66 6 9 3 
4 7 47 80 48 1 9 1 
2 7 26 45 43 4 6 5 
0 3 34 59 60 7 4 9 
0 5 32 67 57 9 0 4 
3 9 34 63 71 5 2 3 
4 4 23 26 46 9 3 1 
8 9 40 66 64 2 5 4 
0 7 33 35 27 7 6 9 
1 4 75 22 78 9 4 2 
5 2 0 30 13 9 8 6 
3 4 33 50 73 0 9 6 
5 7 0 0 41 0 7 9 
5 4 34 79 42 1 8 6 
7 9 27 70 50 7 6 4 
2 9 21 44 72 3 0 9 
4 3 61 15 31 1 7 2 
7 7 18 66 12 3 9 9 
9 4 37 44 57 8 5 1 
1 3 21 34 88 9 5 5 
7 0 40 40 28 7 4 2 
0 3 58 55 51 7 2 1 
0 6 25 73 34 3 3 3 
4 4 18 38 48 1 3 1 
4 8 12 40 69 2 9 6 
7 5 74 59 25 3 4 4 
2 2 19 59 38 8 2 6 
6 1 11 48 42 5 7 4 
4 0 43 71 29 3 8 1 
5 9 36 31 64 4 5 5 
8 7 34 104 54 3 7 2 
0 6 19 9 51 3 6 6 
6 3 32 42 32 6 6 6 
1 8 36 57 64 8 8 9 
5 7 21 90 56 8 6 1 
5 1 27 53 73 9 1 1 
9 6 63 54 48 0 9 2 
6 2 0 51 53 0 3 5 
0 0 17 25 35 6 9 4 
7 2 17 81 23 7 8 3 
4 4 35 71 17 1 7 7 
0 5 11 60 64 1 5 0 
6 5 39 70 47 6 5 7 
4 9 25 10 56 8 6 0 
2 8 38 33 29 9 2 3 
4 6 67 79 73 1 4 8 
0 9 60 46 54 6 0 9 
2 3 5 67 55 8 3 5 
0 5 50 49 77 5 0 7 
8 2 44 43 47 5 3 8 
4 5 23 10 26 3 8 6 
1 9 19 35 34 9 8 6 
2 1 30 28 23 0 4 1 
7 4 48 84 42 7 5 1 
6 0 9 69 57 7 5 5 
0 7 27 49 26 0 6 8 
8 3 42 57 68 0 4 3 
7 4 48 39 32 0 6 0 
4 6 0 27 63 2 9 8 
7 1 43 34 22 6 2 3 
8 8 0 29 59 4 6 1 
9 4 13 41 51 4 7 8 
4 7 4 49 16 9 6 4 
4 2 44 62 65 3 5 8 
3 6 48 30 51 9 6 1 
5 8 7 38 47 2 4 9 
3 1 49 48 67 2 2 8 
9 4 16 33 60 3 9 7 
6 3 36 56 48 1 5 5 
3 4 24 54 52 8 6 1 
3 9 3 26 25 5 1 3 
0 6 6 83 69 3 6 9 
3 1 65 75 82 6 2 2 
6 7 25 68 29 1 5 5 
9 5 15 43 24 4 2 4 
9 9 20 0 47 9 0 5 
9 6 7 19 54 2 2 1 
8 0 37 59 47 9 9 6 
5 2 25 53 27 5 9 5 
9 9 56 62 65 8 9 9 
5 5 37 45 22 1 9 2 
6 2 40 45 38 9 1 8 
8 7 30 50 26 3 0 7 
0 0 18 83 50 3 3 5 
8 9 60 42 35 4 0 1 
7 1 38 87 70 2 8 7 
6 3 44 89 33 1 9 1 
2 2 18 8 62 7 9 8 
9 7 58 35 62 2 1 7 
4 5 8 16 46 2 7 2 
9 7 34 43 63 4 5 6 
8 2 38 0 40 9 0 4 
4 7 38 22 45 2 5 2 
1 4 59 67 46 1 0 3 
3 8 31 51 45 2 1 6 
5 0 40 69 76 9 7 9 
5 1 23 51 40 6 9 7 
4 4 20 51 68 4 7 0 
3 1 16 60 27 1 6 0 
3 5 33 54 40 6 2 4 
8 4 37 68 47 8 0 5 
2 3 18 49 76 0 9 6 
8 9 52 25 79 7 0 5 
3 9 35 55 39 2 5 1 
3 7 41 47 82 4 3 2 
3 5 81 26 31 6 3 5 
9 8 23 55 56 2 5 0 
9 4 27 62 64 1 0 6 
7 2 28 93 73 6 3 6 
1 6 36 53 48 2 9 6 
4 4 61 75 105 9 5 7 
4 8 28 56 52 3 7 5 
4 5 35 30 56 5 0 9 
9 4 41 73 39 1 1 4 
4 0 50 72 44 4 3 6 
3 8 25 51 45 6 5 3 
0 8 57 30 40 5 4 1 
7 1 19 62 16 2 9 8 
3 8 37 27 21 5 1 0 
0 1 32 26 56 1 9 9 
0 5 33 47 26 4 7 4 
5 6 68 39 50 7 4 5 
4 4 20 40 75 8 9 3 
5 8 23 59 19 7 9 5 
5 2 42 38 50 7 1 4 
3 2 13 45 64 8 0 8 
9 9 26 42 66 4 4 8 
8 2 46 59 67 7 0 7 
0 1 70 31 14 7 9 2 
8 3 5 43 57 5 8 5 
2 8 24 41 29 0 3 2 
9 5 51 46 61 9 4 4 
7 0 21 59 84 0 1 6 
8 6 0 40 44 2 1 5 
9 4 41 34 52 8 2 3 
6 7 64 59 63 9 8 1 
3 8 76 56 73 1 9 8 
2 8 74 46 39 3 2 4 
2 8 22 23 28 0 8 8 
6 9 8 41 77 0 0 3 
4 5 21 68 25 6 8 2 
3 1 42 42 35 4 8 0 
7 0 80 57 23 7 7 4 
0 8 37 66 38 8 0 2 
8 0 35 60 76 4 6 2 
1 7 37 61 53 4 2 5 
3 3 34 45 39 0 2 8 
2 6 0 42 31 4 2 4 
1 7 37 57 47 1 6 1 
1 1 19 37 1 8 7 5 
0 4 54 35 65 8 9 2 
2 1 13 20 39 1 6 9 
8 1 37 51 14 8 8 3 
9 2 56 50 40 9 0 4 
8 4 54 69 24 2 7 9 
8 6 19 23 84 8 3 2 
1 7 27 43 112 4 5 3 
3 9 26 20 62 7 8 5 
1 6 24 30 53 1 4 7 
3 2 78 65 55 8 4 3 
2 5 25 37 70 8 8 0 
6 4 59 23 43 3 2 5 
4 5 27 40 61 5 5 7 
4 1 14 33 37 4 9 4 
7 7 10 49 60 9 0 0 
0 8 18 62 25 5 0 4 
9 1 27 32 84 4 3 6 
8 7 29 52 62 8 3 7 
8 2 54 28 84 5 1 5 
1 4 32 73 89 3 6 8 
8 8 51 77 57 1 5 2 
6 7 28 46 33 6 6 3 
7 3 20 33 57 0 7 5 
7 6 22 40 70 9 6 2 
3 2 40 24 68 2 2 7 
3 8 4 59 34 9 9 5 
8 1 0 56 53 3 2 2 
1 8 32 51 65 6 8 5 
3 7 7 55 61 1 1 9 
4 4 46 28 57 2 3 8 
8 5 30 57 30 5 1 9 
4 8 26 50 37 3 3 8 
4 6 18 35 52 0 2 9 
2 8 4 39 12 6 5 7 
6 1 24 62 20 1 2 7 
1 6 28 90 68 7 0 5 
4 2 46 53 61 6 0 3 
9 3 0 56 47 6 9 7 
9 7 16 57 44 6 4 8 
3 1 26 14 68 4 7 1 
7 3 34 40 45 0 4 6 
0 9 43 47 24 4 5 4 
3 9 31 55 68 3 3 5 
2 1 11 73 96 2 8 4 
7 4 63 78 34 4 9 1 
7 5 17 69 74 9 1 0 
3 7 26 35 60 7 9 5 
4 3 22 28 66 6 5 8 
8 5 18 53 28 1 9 0 
6 6 73 80 70 2 2 8 
3 9 23 69 96 4 7 3 
5 6 34 48 30 1 5 3 
0 0 31 75 64 7 8 6 
4 7 45 73 70 3 2 4 
1 8 35 79 58 6 3 2 
1 6 46 56 49 4 9 6 
7 3 21 51 68 8 8 6 
9 2 20 49 73 2 1 2 
7 4 12 40 74 0 3 5 
4 7 42 74 18 0 1 9 
2 1 1 45 73 4 3 0 
6 1 33 66 70 9 1 8 
6 0 47 43 56 6 3 2 
3 8 45 51 52 2 4 3 
4 2 15 46 61 5 5 8 
7 2 36 52 54 6 7 6 
4 2 32 80 66 5 8 7 
7 8 48 40 61 4 5 4 
7 1 22 59 72 2 5 6 
2 2 55 77 51 3 7 5 
1 6 65 90 65 0 0 7 
4 5 51 14 14 7 1 1 
7 8 57 55 54 0 4 1 
8 0 51 42 42 7 4 6 
1 2 4 20 73 7 6 9 
2 5 18 48 38 3 2 2 
7 7 23 74 39 0 5 1 
3 0 20 56 32 9 8 7 
1 9 0 60 50 0 8 9 
7 9 78 75 12 0 6 8 
5 1 39 81 63 1 6 5 
3 7 26 36 37 8 4 4 
2 0 55 60 52 8 6 1 
6 6 8 57 70 4 8 5 
9 0 15 24 49 7 1 4 
4 2 73 77 91 5 0 8 
3 7 81 64 35 1 2 9 
7 6 41 43 60 1 9 8 
3 6 0 38 67 9 1 7 
2 5 3 33 47 8 1 7 
9 9 19 58 38 7 7 1 
8 1 33 48 42 2 7 2 
5 1 43 48 63 6 6 2 
3 6 40 40 32 5 9 6 
4 3 0 58 59 2 4 0 
7 7 21 55 50 0 8 1 
4 2 0 55 87 6 7 9 
6 5 43 55 61 8 6 2 
0 8 30 79 71 4 9 1 
0 3 0 23 54 6 4 0 
7 0 36 38 13 3 3 6 
7 1 40 47 55 4 7 5 
9 9 16 51 71 9 2 9 
1 4 0 64 28 7 2 5 
8 2 7 48 43 3 6 1 
6 2 29 34 54 5 7 7 
2 8 4 51 100 7 9 0 
4 9 25 17 13 5 9 5 
0 8 62 46 43 9 8 3 
4 0 0 56 33 2 8 6 
6 4 44 64 12 4 5 1 
9 0 28 50 59 0 7 9 
6 8 47 35 38 4 1 4 
7 1 13 44 61 0 7 7 
9 1 52 66 52 4 9 7 
0 3 13 60 59 7 0 3 
1 9 18 69 32 7 1 7 
7 5 31 48 46 3 3 4 
3 4 38 41 55 9 4 4 
8 5 64 10 60 5 8 9 
9 5 27 27 33 1 7 3 
2 9 41 31 40 4 7 9 
6 9 27 39 41 1 1 9 
6 0 11 49 77 8 2 7 
9 2 49 17 53 0 6 8 
9 6 0 92 36 1 7 5 
2 5 20 32 56 0 4 4 
5 7 50 33 94 8 3 3 
0 8 47 45 67 1 5 2 
2 8 78 33 64 6 5 2 
3 2 22 54 65 6 7 2 
0 8 43 41 10 4 0 8 
2 0 4 83 50 9 6 6 
2 6 72 66 46 9 8 1 
5 7 50 22 29 6 0 2 
2 7 38 58 56 2 6 6 
0 4 16 26 37 1 3 4 
2 6 59 60 27 1 9 8 
9 0 0 54 39 8 3 1 
8 7 10 43 62 8 3 7 
1 8 34 49 45 4 0 9 
1 5 32 36 67 4 7 3 
3 3 0 30 33 7 3 8 
1 8 36 28 40 8 5 3 
1 1 23 73 55 4 4 7 
9 6 36 34 1 1 3 0 
7 7 65 54 44 5 7 9 
0 4 35 28 73 5 1 7 
3 9 36 43 47 1 1 4 
9 6 53 47 11 2 5 8 
2 1 12 49 57 9 2 4 
2 1 0 54 47 6 6 3 
0 3 0 61 82 5 3 2 
8 1 61 92 75 1 8 8 
5 5 49 43 54 4 6 4 
9 3 50 38 68 7 3 2 
9 1 18 32 48 9 2 6 
4 4 7 53 71 3 1 2 
0 8 25 35 35 8 0 4 
6 8 18 31 71 6 8 5 
1 7 0 48 49 2 8 2 
3 9 36 44 25 7 5 2 
5 1 16 72 11 7 4 0 
4 5 20 55 35 9 8 0 
0 0 6 48 56 9 8 3 
8 2 0 42 55 8 3 4 
7 0 16 57 34 4 9 6 
0 0 11 57 40 6 2 4 
5 7 20 51 60 5 4 3 
5 5 50 43 65 1 6 6 
7 7 38 65 72 1 5 5 
3 7 38 0 64 1 5 6 
7 6 59 51 50 9 5 2 
1 9 27 45 55 7 1 4 
1 5 16 75 30 0 9 4 
7 9 45 38 20 2 3 4 
1 9 16 39 44 3 0 3 
9 5 66 44 67 3 7 8 
4 4 48 20 44 3 9 0 
2 7 16 71 65 6 1 8 
0 8 29 10 57 9 7 9 
2 2 8 99 72 1 5 3 
7 1 32 43 43 3 5 1 
7 9 0 70 38 9 8 9 
6 8 46 42 40 8 8 7 
0 6 40 30 57 5 7 0 
4 8 51 83 68 0 0 4 
7 1 28 60 37 8 6 0 
3 2 0 24 35 1 5 7 
0 6 53 26 22 3 2 6 
9 7 37 44 31 5 3 9 
5 7 17 34 49 0 4 7 
7 9 9 26 14 3 6 0 
4 1 31 63 66 2 9 0 
5 3 19 47 50 0 0 3 
8 3 0 25 82 6 7 7 
7 7 18 32 70 1 0 1 
0 3 48 50 58 4 5 4 
3 3 34 45 63 7 6 6 
5 2 1 42 42 4 6 6 
9 5 75 78 9 1 8 4 
2 9 13 18 62 7 5 8 
7 9 63 33 86 8 3 2 
6 9 42 34 17 3 9 9 
3 3 31 60 65 2 2 3 
3 1 33 51 70 1 1 3 
5 1 41 37 56 6 5 1 
2 4 14 77 61 1 1 4 
6 1 42 72 47 5 7 6 
3 4 10 79 48 3 6 7 
5 9 0 36 31 4 5 3 
2 9 0 46 24 1 5 9 
2 9 49 58 77 6 4 7 
7 7 40 47 42 5 2 8 
8 7 38 36 89 7 8 6 
9 1 60 87 39 5 8 8 
5 5 21 18 23 7 5 0 
5 5 15 90 52 9 9 1 
7 7 21 31 34 4 7 4 
8 3 10 63 54 2 2 1 
8 8 23 55 24 3 5 4 
4 3 17 29 32 7 4 0 
0 6 24 74 57 7 3 8 
3 7 0 0 41 1 2 6 
1 8 20 18 52 1 9 4 
6 6 56 68 58 1 8 8 
5 2 26 22 55 9 8 1 
7 6 40 41 45 0 7 2 
6 9 25 49 67 3 1 3 
2 2 32 73 77 1 4 1 
5 5 69 42 93 4 1 8 
6 6 28 27 47 3 3 5 
8 1 20 73 39 6 9 5 
9 7 38 19 46 6 4 1 
4 2 48 78 48 2 0 6 
2 3 0 72 32 4 3 3 
6 1 66 35 22 2 3 5 
7 8 22 25 73 2 9 1 
0 0 65 37 72 5 3 0 
2 3 31 64 47 4 2 3 
1 8 43 60 27 0 2 2 
3 6 15 69 57 4 9 0 
7 6 58 65 43 2 8 0 
5 2 7 50 56 8 2 4 
5 7 0 54 78 6 1 8 
3 7 26 86 46 1 2 4 
6 6 32 41 60 0 7 5 
1 1 28 51 27 3 9 7 
8 4 41 57 76 1 3 8 
9 2 36 52 54 8 4 4 
9 2 0 36 45 3 5 4 
0 4 0 97 66 1 7 3 
0 1 51 32 37 9 0 2 
0 6 55 46 41 8 5 0 
9 0 23 46 57 5 0 3 
7 7 28 42 75 5 5 7 
5 2 41 15 13 0 4 3 
0 3 22 51 60 9 1 8 
0 3 34 93 34 4 8 6 
5 5 29 52 30 5 6 8 
1 3 50 39 26 0 0 2 
8 1 48 62 42 0 2 4 
2 8 50 74 50 1 4 2 
8 8 52 34 48 0 5 1 
1 6 15 51 49 7 1 4 
6 7 34 43 31 2 3 2 
0 7 43 21 54 4 9 1 
3 1 41 38 55 0 9 3 
5 4 30 47 59 2 0 5 
2 4 17 43 22 4 3 9 
7 5 50 59 57 3 3 9 
1 8 23 90 33 0 8 8 
5 8 0 10 61 5 9 7 
5 3 52 86 44 7 5 5 
9 9 57 48 73 3 6 3 
2 0 15 53 21 2 7 9 
8 7 65 25 21 2 3 5 
8 7 25 15 55 5 5 8 
6 9 33 34 32 3 8 2 
2 7 22 22 41 4 1 1 
2 0 12 56 67 5 4 4 
9 7 44 75 30 6 2 0 
4 2 26 37 83 8 1 0 
6 0 5 94 63 8 2 6 
8 6 28 9 49 4 4 0 
4 5 20 43 46 5 3 2 
8 0 0 39 56 2 4 7 
3 1 61 27 5 4 2 8 
1 6 7 36 78 4 6 2 
5 4 42 49 85 3 2 6 
5 3 35 21 49 3 6 9 
7 2 72 33 72 8 8 7 
8 5 12 59 35 4 5 5 
5 2 44 69 95 8 5 0 
5 3 25 69 40 5 7 4 
6 3 1 43 79 7 2 6 
0 7 13 65 66 4 6 3 
7 0 0 16 41 6 9 0 
3 6 39 31 40 4 0 7 
5 0 0 61 50 6 7 3 
0 1 77 59 56 8 9 8 
6 4 7 69 34 8 2 7 
4 2 45 19 62 2 9 2 
5 9 26 72 42 0 0 9 
1 5 26 33 0 3 8 4 
2 6 0 37 82 7 5 6 
3 2 19 53 36 2 4 0 
9 0 36 28 62 4 5 9 
6 8 23 48 68 8 6 0 
8 5 19 55 2 2 6 2 
3 1 36 37 38 1 4 0 
8 0 20 33 52 3 9 3 
1 4 25 66 59 6 2 9 
7 6 23 44 63 9 8 4 
2 1 29 29 30 4 3 2 
4 7 0 25 57 0 0 6 
0 8 77 63 50 1 5 1 
9 3 17 46 65 6 1 2 
9 9 38 73 34 7 8 3 
2 8 51 16 54 9 1 7 
2 4 36 92 39 7 0 4 
5 2 0 68 30 7 1 1 
3 5 14 66 21 2 7 9 
2 8 23 68 57 4 2 1 
2 8 10 37 59 9 5 4 
5 9 27 67 43 9 1 9 
4 6 30 29 59 4 5 0 
8 0 36 11 44 3 1 4 
2 2 29 77 62 0 4 3 
9 3 11 42 95 0 8 1 
8 2 19 59 45 8 5 4 
5 4 29 39 34 0 5 3 
0 3 9 67 44 9 8 6 
1 9 37 32 26 3 6 9 
3 2 6 22 59 6 9 2 
0 6 28 39 68 6 5 4 
1 5 31 52 55 9 4 4 
7 3 28 31 69 8 3 8 
3 4 28 76 50 3 7 8 
3 5 4 35 34 5 0 2 
4 5 24 26 40 3 4 7 
9 5 44 66 68 5 6 1 
1 5 22 80 52 5 2 5 
9 3 18 38 82 2 1 2 
4 5 30 83 52 9 5 6 
7 2 48 69 29 1 1 0 
6 7 26 36 30 7 8 5 
3 5 27 62 29 8 2 6 
5 2 13 37 28 1 6 0 
5 8 33 27 39 0 9 4 
8 8 50 48 2 0 7 4 
0 8 41 51 51 8 7 8 
6 5 10 59 60 8 4 1 
0 5 32 52 39 0 4 9 
9 8 18 48 28 5 4 8 
3 0 35 55 59 9 5 2 
6 8 55 68 38 9 1 1 
7 5 4 60 9 7 4 5 
5 2 17 61 9 4 2 1 
6 2 55 71 68 2 6 5 
3 2 43 51 34 1 5 4 
5 5 59 42 74 8 4 5 
7 1 36 43 55 7 1 2 
3 9 0 71 54 5 1 1 
1 0 43 93 68 5 4 1 
1 5 11 13 67 9 6 4 
0 0 33 49 63 3 8 7 
8 0 50 36 67 1 0 9 
2 4 56 40 33 9 5 1 
2 8 51 44 63 3 0 7 
3 7 4 35 45 8 7 7 
6 4 43 33 32 7 4 8 
1 2 81 72 31 3 0 4 
5 0 49 47 47 3 1 3 
0 8 13 30 45 4 8 4 
8 0 3 87 52 3 6 5 
7 7 38 28 42 3 6 8 
9 9 60 8 56 5 3 0 
0 4 23 38 95 1 7 1 
7 3 23 75 39 9 2 9 
7 0 16 68 24 9 0 6 
4 0 21 65 24 4 8 9 
6 5 28 64 38 1 1 1 
5 8 16 32 61 0 6 6 
4 3 44 38 18 6 1 4 
2 2 34 51 49 5 8 8 
7 5 31 33 18 6 5 7 
7 8 29 32 46 2 4 7 
0 0 18 50 44 6 3 0 
7 8 49 36 61 2 2 9 
1 3 20 81 51 3 5 8 
0 5 61 80 43 3 9 1 
0 4 16 60 71 0 3 7 
2 1 9 48 63 2 2 2 
2 3 12 58 48 1 0 4 
5 6 33 55 68 2 8 6 
3 7 3 34 31 2 0 9 
3 5 19 38 73 1 9 2 
1 4 26 63 80 3 0 4 
6 1 50 40 25 9 6 0 
0 8 26 74 39 6 5 8 
4 8 6 57 76 5 2 3 
1 1 90 30 31 8 3 3 
0 9 9 65 52 9 8 4 
4 9 28 58 21 5 0 1 
2 0 27 65 23 1 3 3 
1 8 61 70 59 9 8 8 
5 4 27 23 63 2 0 2 
7 3 7 45 36 8 8 9 
1 1 2 43 66 2 4 0 
4 3 23 19 25 4 5 4 
6 0 16 79 18 2 7 8 
9 6 35 73 77 8 8 5 
2 2 23 47 61 8 6 5 
9 2 15 39 36 4 5 2 
6 0 13 14 15 8 8 6 
2 9 43 22 23 6 8 5 
1 6 15 66 46 5 5 5 
7 9 30 40 46 2 7 8 
9 5 0 81 57 4 2 0 
8 0 40 36 75 8 3 6 
0 0 5 69 66 6 9 1 
5 6 39 7 45 6 4 4 
7 9 1 54 61 8 0 1 
6 4 27 19 74 7 2 1 
5 9 4 31 26 0 0 7 
1 2 5 46 48 7 5 9 
6 1 42 51 63 8 7 8 
0 0 56 29 61 0 9 3 
1 7 0 52 41 0 3 4 
3 8 48 56 16 9 0 5 
6 7 9 58 64 6 6 7 
0 7 38 41 59 4 9 7 
9 4 19 22 56 8 9 4 
4 1 23 74 47 9 1 0 
3 3 0 33 57 6 4 5 
1 6 53 98 45 2 0 1 
2 8 70 64 69 9 0 4 
6 1 37 78 56 3 2 0 
9 7 34 22 17 2 2 1 
2 8 27 45 77 4 4 2 
8 4 46 25 22 9 9 5 
4 0 60 49 39 6 0 8 
1 1 45 56 38 0 5 6 
9 8 20 29 66 4 8 8 
8 0 8 83 52 2 4 0 
6 6 43 64 51 1 2 8 
7 7 18 52 72 2 3 0 
0 7 19 30 27 1 8 8 
5 4 47 59 71 5 6 0 
3 3 40 58 55 9 9 6 
8 6 62 57 64 8 6 3 
7 0 16 34 55 6 8 8 
3 0 35 50 106 2 7 2 
6 8 20 55 27 1 9 5 
4 7 52 71 79 7 4 3 
0 0 43 44 38 3 8 5 
9 8 22 86 45 7 0 1 
9 2 5 75 37 4 7 3 
3 3 31 43 63 9 4 1 
5 7 32 30 58 7 3 0 
8 7 48 29 52 5 5 2 
9 8 7 42 17 7 2 9 
3 5 8 35 30 3 5 7 
6 8 9 50 22 4 7 3 
4 4 27 43 49 0 9 8 
4 9 3 24 58 4 3 3 
3 7 21 27 61 0 2 0 
7 9 35 64 51 2 0 6 
8 8 59 15 33 4 0 4 
8 2 47 7 70 8 5 1 
2 3 66 48 36 8 8 8 
5 7 19 25 78 7 6 1 
9 6 44 21 50 3 4 6 
5 8 33 35 19 3 3 8 
6 5 53 42 11 3 6 3 
1 3 35 26 52 1 9 1 
8 9 20 33 45 6 9 1 
3 2 1 69 64 2 8 9 
7 5 43 69 87 9 5 5 
1 7 58 25 49 4 7 3 
9 9 19 35 47 7 3 5 
8 0 71 59 56 3 6 5 
4 5 24 66 27 6 5 7 
9 8 32 49 46 1 7 9 
5 5 43 62 62 4 1 7 
5 2 54 66 52 9 9 3 
5 2 13 53 59 9 0 4 
4 3 53 29 48 7 8 9 
6 8 14 80 66 1 1 3 
7 9 11 46 43 3 1 9 
8 8 0 29 29 4 5 7 
8 7 51 55 60 5 4 2 
6 3 11 56 42 9 7 7 
8 5 17 55 48 2 0 6 
6 5 0 48 56 7 1 2 
5 5 31 36 30 9 0 9 
4 2 29 72 9 2 7 9 
5 7 36 56 53 2 7 7 
1 9 25 58 36 0 7 2 
5 7 42 51 56 4 4 0 
5 8 23 44 51 2 0 2 
9 0 24 65 26 1 8 4 
1 0 35 48 49 9 1 4 
2 9 26 19 15 9 4 2 
2 4 0 23 50 0 5 5 
9 3 72 34 107 8 0 2 
5 6 0 29 28 6 7 4 
7 5 70 62 31 5 1 3 
3 0 18 78 42 0 7 3 
0 6 26 19 49 7 3 9 
4 3 22 32 75 7 9 6 
0 6 32 57 13 7 2 7 
5 9 46 50 43 7 2 7 
1 4 30 29 69 4 1 2 
2 2 42 44 49 7 7 7 
3 6 0 16 33 6 0 0 
9 0 21 62 14 1 9 2 
2 6 15 20 60 7 3 7 
4 0 23 49 85 3 1 0 
7 9 18 51 48 3 6 4 
9 1 18 76 46 0 7 8 
6 7 56 79 58 0 5 9 
5 0 11 18 73 1 6 4 
6 8 25 38 76 7 3 2 
8 8 42 27 50 6 1 3 
0 9 10 37 0 2 4 9 
3 8 59 11 85 3 1 5 
4 8 9 33 62 4 5 3 
6 0 38 70 64 8 8 4 
3 0 0 75 57 7 6 3 
9 5 6 33 35 9 0 5 
0 8 44 42 67 2 9 9 
8 1 16 81 72 3 9 2 
9 9 56 72 28 5 3 5 
5 0 67 47 68 8 2 7 
3 5 25 67 47 9 7 5 
9 5 2 31 51 9 3 1 
7 4 23 40 49 3 7 3 
3 1 19 52 27 5 3 9 
9 6 55 67 49 1 9 4 
2 4 0 61 48 3 1 2 
7 1 24 99 60 6 7 0 
3 5 25 30 39 8 1 6 
3 7 31 32 76 6 6 8 
4 7 35 105 57 0 4 2 
9 9 31 52 48 8 2 4 
7 1 51 75 62 4 3 7 
2 8 5 39 23 7 3 8 
0 9 46 25 50 5 1 4 
1 9 63 36 37 3 6 9 
6 5 26 19 59 6 1 9 
9 4 30 86 42 1 5 0 
7 5 42 23 49 3 1 5 
3 2 34 47 29 2 7 1 
0 4 0 38 89 7 2 5 
3 5 11 46 48 4 6 3 
4 5 37 67 51 6 7 2 
1 2 24 44 50 2 3 3 
4 0 61 50 32 5 4 4 
6 3 39 54 41 5 4 3 
7 7 0 79 54 5 4 5 
9 6 47 31 48 2 6 8 
2 2 22 56 56 9 3 4 
7 1 7 96 46 5 7 2 
8 3 14 58 4 3 5 4 
6 0 53 55 45 2 3 0 
5 3 16 91 97 7 7 1 
6 5 17 36 36 4 3 1 
6 4 10 79 38 3 8 2 
2 6 60 41 69 8 6 3 
7 1 16 22 23 8 5 6 
3 5 39 28 78 2 8 1 
8 9 36 54 41 7 8 4 
2 9 44 42 62 7 0 7 
3 8 21 42 39 3 4 2 
4 4 37 50 55 2 8 7 
7 6 35 72 35 3 3 8 
7 4 17 63 44 8 7 2 
2 4 23 84 59 6 4 2 
3 8 43 56 57 9 0 5 
0 1 28 50 53 9 5 4 
2 0 65 77 64 4 8 9 
8 3 14 45 8 2 1 1 
8 6 21 55 60 2 3 6 
5 4 29 52 70 2 6 1 
9 1 42 36 49 5 3 6 
5 2 26 25 36 7 8 4 
4 0 62 32 26 0 4 2 
0 1 31 72 65 4 7 9 
6 6 61 51 72 5 4 0 
4 9 40 36 43 5 8 3 
9 5 9 77 60 2 2 5 
2 1 49 44 53 2 1 1 
0 8 33 73 40 1 9 9 
5 3 0 59 29 3 3 8 
6 4 14 63 22 2 6 9 
5 1 30 59 28 5 2 0 
3 9 14 20 35 6 1 1 
8 8 24 25 53 9 2 9 
4 8 71 77 31 1 1 3 
3 6 11 52 73 2 4 3 
2 5 0 52 38 2 3 2 
9 1 58 41 43 3 4 9 
5 0 26 50 33 3 8 5 
7 5 18 64 49 6 8 4 
3 3 53 102 25 8 9 1 
6 7 19 51 67 9 4 8 
5 4 38 39 30 9 5 8 
9 8 37 77 80 4 7 6 
9 1 6 44 74 8 8 8 
3 7 60 66 56 0 0 5 
5 7 45 55 83 4 7 5 
1 7 12 21 89 0 2 7 
2 7 12 85 44 5 8 0 
1 7 44 63 78 2 5 5 
0 0 44 44 22 2 8 8 
5 4 18 54 31 5 3 1 
3 5 35 92 60 9 2 4 
6 4 42 65 69 2 1 8 
9 2 22 58 34 0 3 4 
8 8 23 18 20 0 9 7 
9 9 10 80 24 2 1 3 
7 9 74 59 42 5 9 3 
7 8 4 40 72 8 9 4 
5 2 37 79 81 1 7 3 
0 0 60 74 49 1 7 7 
9 4 35 31 16 0 4 2 
9 4 63 35 18 4 0 3 
8 3 46 23 82 6 0 2 
0 4 27 46 75 4 0 6 
4 2 20 87 66 8 1 0 
6 6 0 49 23 8 8 1 
8 8 21 13 0 1 4 5 
0 3 18 43 20 1 9 0 
1 3 18 68 89 8 3 6 
1 8 43 30 63 6 4 2 
6 1 19 63 63 4 0 6 
3 7 29 38 39 5 3 4 
7 5 27 77 62 3 1 3 
8 2 53 60 39 6 4 9 
2 1 23 69 54 2 9 1 
5 9 4 32 33 2 4 9 
4 7 24 30 42 5 0 4 
7 8 63 55 68 6 4 2 
2 4 23 53 82 3 7 7 
6 3 43 55 42 0 5 4 
4 1 29 47 63 7 0 8 
8 0 23 38 71 4 8 4 
8 4 11 45 41 8 6 8 
7 3 73 38 103 8 4 9 
1 7 50 72 51 9 0 2 
7 7 36 54 68 4 6 6 
0 1 11 36 79 3 7 1 
4 2 18 35 95 8 2 6 
0 9 59 46 54 1 2 9 
6 7 44 73 49 3 0 5 
1 3 24 47 47 5 7 3 
7 7 17 64 46 6 1 3 
1 2 41 28 58 2 4 5 
1 8 36 10 42 2 2 3 
0 1 4 34 36 3 0 7 
0 4 31 52 49 2 7 3 
3 3 5 85 61 6 2 5 
9 4 12 58 33 9 4 1 
5 4 8 85 44 3 3 0 
3 1 20 62 38 4 4 6 
3 8 24 48 44 1 7 8 
4 8 9 80 8 9 2 5 
8 4 61 69 54 9 5 0 
7 4 35 82 86 4 7 9 
9 7 45 57 57 8 1 3 
6 9 6 94 58 3 8 8 
5 7 33 57 74 8 1 8 
7 9 44 75 49 0 6 2 
3 1 0 55 59 0 3 5 
4 6 57 44 61 7 8 3 
3 0 39 63 62 4 7 8 
6 9 28 31 72 4 3 0 
3 1 28 74 71 5 2 1 
0 7 16 40 32 2 0 7 
5 6 23 52 92 9 3 1 
7 9 55 18 73 5 6 0 
0 9 38 38 83 3 7 9 
9 1 13 52 34 4 9 0 
7 1 73 50 48 0 0 4 
7 7 26 56 55 8 9 1 
4 8 10 39 46 7 6 0 
5 8 0 78 73 6 4 2 
1 1 0 45 38 2 4 6 
4 6 46 66 40 0 6 4 
4 3 62 35 46 8 3 1 
2 8 11 59 39 9 5 6 
1 8 10 72 59 5 5 4 
2 9 34 54 76 8 4 8 
1 1 27 51 56 4 7 9 
4 1 18 28 23 5 5 6 
5 4 0 55 56 8 4 2 
1 9 44 54 68 1 3 7 
3 6 26 65 65 7 8 8 
3 3 53 78 26 0 1 9 
2 9 34 47 25 2 0 8 
2 3 61 44 44 7 2 9 
5 8 31 38 48 7 4 6 
6 5 60 38 59 7 2 3 
3 5 21 62 38 6 4 2 
9 3 42 75 86 2 5 7 
