8 2900
1 1 41 54 27 0 2 0 
2 0 0 30 17 4 4 6 
8 1 25 87 13 6 1 8 
2 2 1 31 16 7 3 7 
7 9 33 66 19 4 8 1 
7 0 33 51 46 3 0 1 
0 3 24 23 50 7 8 6 
6 9 64 55 44 0 8 1 
8 1 16 35 68 2 0 8 
2 4 13 51 41 7 8 9 
5 8 0 50 72 9 7 8 
0 5 15 67 63 3 2 4 
1 1 40 33 66 1 3 9 
2 9 14 60 39 8 3 6 
1 2 11 70 20 9 4 6 
8 4 56 47 48 7 1 2 
6 1 21 21 69 1 4 8 
2 6 51 33 47 8 9 1 
2 4 15 67 46 4 0 6 
1 6 51 62 61 3 9 8 
3 5 21 37 63 9 1 1 
3 0 45 73 58 2 1 3 
2 5 26 30 46 9 5 8 
4 6 4 83 39 1 3 8 
1 9 29 79 55 2 3 3 
9 2 48 47 62 2 9 2 
0 2 19 68 45 6 4 3 
7 8 40 34 53 4 2 7 
1 5 4 75 48 3 2 4 
5 7 5 35 81 7 7 6 
1 8 25 51 32 3 7 0 
9 7 11 63 59 0 3 4 
7 7 15 41 57 8 0 5 
0 9 30 37 14 4 8 0 
1 5 21 47 51 6 3 1 
8 6 0 44 36 3 9 2 
4 7 11 18 52 4 1 6 
0 0 51 27 41 1 3 7 
2 2 19 48 58 1 1 3 
1 4 33 85 0 4 2 3 
3 8 0 82 75 3 6 7 
5 7 45 67 79 2 3 5 
7 6 49 56 54 3 2 3 
1 0 12 30 82 5 4 0 
0 5 23 32 48 3 8 4 
7 9 29 78 34 6 8 2 
3 6 23 62 54 6 1 6 
4 5 47 70 51 1 8 9 
4 6 13 47 54 0 5 5 
3 6 0 36 67 6 1 7 
7 6 52 30 42 9 8 3 
2 3 12 47 24 1 9 5 
3 5 0 82 43 8 3 1 
7 7 0 61 71 2 1 9 
8 3 0 58 51 1 4 3 
9 3 18 94 86 8 3 9 
6 0 17 55 56 7 8 1 
5 2 22 48 61 2 2 1 
2 9 21 24 43 8 4 6 
5 2 19 37 47 0 8 6 
6 8 47 71 1 6 2 5 
6 7 54 23 66 8 7 3 
9 0 11 52 36 5 9 8 
9 1 54 33 76 3 4 3 
6 5 38 51 52 0 8 4 
8 8 26 76 66 0 2 3 
5 8 28 49 33 3 6 1 
2 6 41 64 37 3 4 2 
6 1 34 39 55 2 1 5 
6 5 11 15 60 8 0 5 
5 7 24 40 71 3 3 3 
5 4 37 36 69 0 5 0 
6 0 33 38 68 8 8 7 
3 5 16 31 42 7 6 6 
7 3 46 28 40 8 7 2 
7 3 48 53 70 5 0 7 
2 6 41 31 25 4 4 3 
0 9 17 55 51 8 8 4 
5 3 12 49 45 4 4 0 
0 8 29 59 58 7 0 5 
9 2 30 54 74 2 8 9 
0 0 39 61 33 4 9 6 
5 8 35 26 38 4 6 5 
2 4 0 59 29 7 8 2 
8 8 14 16 86 6 2 5 
0 8 22 56 93 7 4 5 
7 2 4 46 61 4 9 4 
4 8 37 22 58 3 4 0 
4 5 66 40 69 2 6 1 
7 5 33 74 93 4 4 4 
8 4 33 55 56 9 3 8 
1 7 38 25 32 2 5 9 
7 6 5 45 71 0 5 2 
7 4 28 55 39 6 5 3 
2 6 31 28 45 5 3 2 
1 7 15 3 74 9 3 7 
3 4 47 66 70 6 2 7 
8 8 47 66 41 5 6 2 
5 5 0 34 62 2 6 0 
2 6 17 52 60 4 9 7 
7 0 0 37 63 4 6 8 
2 4 49 68 46 4 1 6 
2 8 32 20 19 4 6 4 
9 6 27 27 79 8 1 9 
8 3 67 36 43 3 7 4 
8 3 9 63 61 4 4 8 
2 9 17 34 30 8 1 4 
0 2 10 37 38 8 8 4 
4 4 46 54 29 6 4 2 
8 2 12 26 28 1 9 0 
6 5 23 57 15 8 3 5 
7 0 16 45 60 9 3 8 
6 4 72 54 40 3 7 8 
4 5 33 58 54 7 9 7 
8 8 33 60 67 8 1 2 
8 9 24 70 42 8 3 9 
0 9 29 34 81 5 9 7 
1 9 46 61 50 1 7 9 
7 2 62 26 71 7 2 7 
3 7 11 47 80 0 4 6 
4 7 17 24 42 8 7 0 
8 9 35 47 67 7 0 7 
2 3 1 51 68 8 0 4 
0 9 47 71 16 6 6 9 
3 0 51 27 30 1 2 1 
5 8 34 64 60 7 1 9 
3 0 64 80 76 0 6 8 
3 6 43 42 14 4 5 7 
9 6 0 58 55 7 0 5 
5 8 32 52 43 9 1 0 
1 5 13 96 53 3 3 3 
0 6 6 56 36 2 1 5 
4 6 56 48 41 0 2 0 
8 9 0 3 36 2 0 8 
5 2 38 40 56 6 5 8 
0 4 23 25 43 7 3 6 
5 6 45 51 32 2 9 7 
1 0 30 55 30 2 0 6 
1 3 38 86 86 7 4 8 
4 8 0 25 36 6 4 0 
9 3 34 61 16 8 8 4 
3 4 2 75 49 3 3 3 
9 3 49 18 31 9 3 6 
0 6 20 42 20 7 2 3 
3 5 8 2 44 2 8 4 
4 8 0 24 61 8 5 5 
3 0 77 0 63 2 8 0 
6 6 19 58 29 5 0 2 
7 0 23 16 91 9 8 1 
3 4 19 23 0 1 5 1 
8 6 26 91 43 8 0 3 
0 2 20 55 101 1 3 6 
9 9 45 78 58 3 8 6 
7 1 22 52 43 7 8 5 
7 8 37 10 43 6 9 0 
2 5 25 26 44 7 7 9 
9 9 30 82 55 6 3 8 
2 5 18 37 4 6 0 7 
4 6 13 78 64 5 6 5 
8 7 16 56 22 8 7 6 
9 2 25 44 38 4 7 3 
3 3 1 38 63 4 8 1 
1 9 43 76 46 7 6 3 
2 2 31 79 81 2 4 9 
5 9 0 59 90 2 9 0 
2 9 52 64 67 3 0 7 
2 6 32 59 52 8 5 6 
9 2 29 40 66 6 9 0 
5 8 30 42 42 4 9 8 
6 2 32 62 34 4 3 8 
9 2 32 45 72 3 6 1 
6 3 30 82 68 1 4 3 
8 2 0 51 54 8 7 6 
1 6 29 74 48 1 1 8 
8 6 59 28 44 6 3 7 
7 6 64 28 72 6 7 9 
6 5 22 65 26 8 8 1 
7 0 0 52 85 4 2 7 
6 0 1 66 54 3 5 0 
9 1 45 77 71 2 9 1 
3 3 25 17 42 1 2 5 
9 4 8 60 71 4 3 6 
4 7 14 90 33 5 1 6 
5 4 4 49 57 7 9 4 
0 3 21 69 61 9 3 7 
6 8 57 46 76 7 7 3 
4 4 13 55 66 9 8 2 
7 5 32 49 43 1 5 5 
1 7 12 44 27 9 4 0 
8 1 24 74 70 8 6 1 
2 8 58 26 31 1 5 8 
5 9 3 40 27 5 8 4 
3 2 30 16 86 9 1 1 
5 6 23 14 53 8 0 1 
6 6 39 65 58 0 4 5 
9 1 21 68 77 9 0 1 
1 1 55 69 38 5 1 1 
8 9 17 53 43 0 9 2 
9 4 27 70 38 0 4 9 
1 6 0 56 60 0 2 5 
3 7 75 31 42 8 4 3 
3 8 28 38 42 7 1 0 
7 8 50 32 58 3 0 4 
9 8 21 88 27 3 1 3 
0 1 49 45 39 6 3 3 
1 0 0 65 73 3 6 4 
3 6 2 76 48 9 2 1 
1 7 21 30 56 3 1 2 
8 8 15 20 33 9 3 0 
1 2 24 51 76 9 3 2 
0 1 34 51 42 1 0 2 
3 2 48 54 67 7 4 0 
0 0 40 47 50 9 0 9 
5 9 35 34 48 9 4 8 
3 8 44 55 49 6 9 3 
2 6 32 70 32 8 4 8 
6 9 59 89 50 4 3 8 
3 7 0 63 32 2 4 3 
3 0 81 74 18 6 1 7 
9 6 35 47 40 3 4 0 
4 0 26 45 49 3 1 5 
5 8 54 17 100 6 2 1 
3 1 38 68 55 3 9 5 
0 4 0 33 59 6 1 0 
9 4 17 49 34 7 6 6 
3 6 25 4 48 4 9 8 
0 0 40 50 46 0 8 1 
3 8 41 52 11 0 1 8 
9 4 0 93 46 1 4 1 
4 1 80 53 62 8 5 1 
2 4 23 85 30 0 2 6 
1 7 32 46 32 9 6 6 
5 1 6 86 20 1 9 8 
3 0 21 44 22 5 0 1 
2 7 32 64 53 8 3 0 
3 4 12 31 40 1 5 6 
8 0 0 54 38 4 0 5 
9 0 16 65 37 0 4 5 
4 0 24 58 84 4 4 7 
2 6 13 43 72 9 7 6 
3 3 13 32 33 6 7 6 
1 1 47 46 28 9 5 9 
7 9 48 52 45 9 7 5 
0 5 0 26 42 3 2 5 
6 4 34 27 58 8 2 8 
2 2 67 68 76 4 6 9 
3 0 71 30 40 5 1 8 
3 6 59 49 57 2 3 9 
3 6 10 2 75 1 1 7 
3 0 38 65 29 1 3 3 
3 5 15 78 40 2 7 6 
7 9 0 61 50 2 6 8 
7 4 0 46 82 5 2 0 
4 8 54 57 60 0 7 5 
4 0 44 37 40 1 9 1 
9 7 1 47 59 4 9 3 
0 0 5 77 48 2 6 4 
9 2 35 86 87 2 2 2 
4 0 36 10 66 9 5 1 
9 8 63 45 22 8 0 1 
4 0 8 73 44 6 2 0 
4 9 32 84 76 9 2 2 
2 5 53 47 8 5 4 2 
5 0 40 50 59 5 7 9 
5 1 45 62 37 9 1 6 
0 6 42 50 30 9 6 2 
1 5 21 15 58 4 9 2 
9 6 26 27 28 6 9 2 
6 9 22 57 53 1 9 4 
8 4 37 36 28 2 2 2 
8 5 32 51 15 5 7 0 
3 7 43 90 48 4 2 4 
9 2 27 23 68 0 5 4 
4 5 40 24 27 2 7 1 
1 4 15 59 66 7 7 5 
9 8 0 60 34 7 8 4 
4 6 27 30 82 6 2 9 
4 2 46 51 16 0 2 2 
2 7 15 34 72 0 7 6 
0 7 0 22 57 4 7 8 
7 4 41 51 0 5 2 9 
7 7 38 45 50 9 1 6 
8 3 35 53 23 2 9 0 
3 5 16 24 22 5 2 1 
7 5 22 15 40 1 8 6 
3 8 34 27 14 4 4 2 
3 5 31 53 25 6 3 7 
4 6 18 51 35 3 6 4 
0 0 37 65 24 5 0 7 
5 9 47 88 89 6 8 7 
7 7 33 41 72 0 6 9 
8 9 26 56 54 7 0 9 
8 8 34 19 43 7 7 6 
6 5 35 58 15 1 2 5 
9 6 58 45 63 0 8 5 
7 5 31 41 89 8 6 1 
3 7 0 62 75 3 7 9 
4 5 3 46 96 3 5 0 
8 2 15 63 82 0 3 2 
5 4 0 46 35 5 2 2 
6 8 0 63 70 5 6 7 
6 5 73 48 18 3 8 9 
5 0 10 59 66 1 4 0 
9 8 22 50 53 3 9 5 
6 6 7 25 74 8 9 4 
0 0 42 64 74 3 7 8 
1 2 35 48 52 9 0 7 
6 5 25 39 44 6 0 8 
4 6 77 90 40 8 2 0 
4 9 41 58 36 8 2 9 
6 1 24 53 77 2 3 1 
4 0 10 62 33 2 1 7 
3 0 0 49 52 9 9 2 
7 1 0 38 77 9 7 4 
8 8 44 40 51 9 9 2 
7 2 18 33 73 7 1 2 
7 0 38 12 65 8 9 0 
3 3 56 56 86 1 0 0 
4 9 48 70 65 8 7 0 
9 7 0 26 43 9 1 8 
1 3 32 51 59 3 0 8 
3 3 34 70 56 4 8 7 
1 2 10 50 46 0 3 4 
7 3 52 80 55 3 3 4 
2 4 56 64 48 9 8 5 
5 9 0 47 77 8 7 7 
7 5 11 16 60 1 4 7 
9 1 62 45 48 9 3 1 
0 1 0 66 67 5 8 8 
0 6 31 26 43 7 1 7 
1 2 41 64 82 2 5 2 
7 5 41 108 25 7 2 9 
1 3 52 102 62 5 4 0 
1 0 28 41 47 7 0 4 
2 6 19 29 72 7 2 5 
3 3 63 40 80 3 4 5 
7 9 48 62 55 2 9 6 
0 8 27 44 34 7 6 5 
4 3 39 53 52 9 2 9 
7 3 19 38 61 4 5 4 
1 0 54 46 70 2 0 3 
6 1 21 40 37 6 9 0 
1 7 27 41 39 3 7 9 
9 0 19 73 43 2 7 1 
5 0 20 66 64 6 1 5 
6 9 47 75 71 0 8 3 
6 4 70 72 45 2 0 6 
4 7 34 28 43 7 2 4 
2 3 5 69 73 6 0 0 
0 6 0 33 53 7 8 4 
2 5 30 17 38 0 6 0 
7 6 44 36 101 7 5 9 
7 8 1 44 20 6 7 5 
1 9 30 42 45 7 9 1 
4 4 48 38 38 7 6 7 
1 2 51 30 76 5 3 3 
4 1 54 34 56 3 3 7 
3 1 3 72 51 3 1 2 
0 8 31 37 66 4 1 9 
5 3 63 38 66 0 5 2 
6 4 8 73 49 2 8 7 
1 8 11 80 34 2 3 9 
5 2 36 36 29 1 6 0 
0 5 27 35 54 8 3 9 
4 8 0 73 40 1 7 0 
6 6 15 49 59 1 8 2 
2 4 10 19 30 7 0 9 
2 8 16 38 60 1 7 9 
1 2 40 65 64 1 9 4 
6 1 0 52 77 7 7 4 
9 9 26 44 36 9 4 3 
7 0 19 29 92 6 5 6 
5 8 32 52 65 0 6 0 
3 7 27 72 39 0 1 8 
4 1 32 56 49 7 2 9 
1 0 11 77 40 1 0 1 
7 4 61 45 61 0 5 9 
7 8 39 50 45 3 0 6 
9 7 46 87 68 0 2 8 
0 2 52 45 58 6 9 0 
8 7 7 79 35 6 2 0 
8 6 20 75 11 9 7 4 
4 3 33 39 79 2 9 5 
9 2 1 68 44 1 1 9 
0 8 32 56 42 9 5 8 
0 2 26 66 39 4 8 5 
0 7 67 107 67 8 8 4 
1 3 33 67 9 7 3 6 
6 3 30 1 35 3 0 4 
2 7 59 41 35 4 9 7 
4 3 11 28 79 5 3 7 
1 8 50 77 35 9 0 6 
6 5 22 60 49 1 9 8 
9 2 0 56 36 0 5 7 
9 2 22 72 38 7 2 2 
7 6 31 65 29 5 9 4 
0 2 29 49 62 0 5 5 
5 3 27 51 24 7 0 9 
2 7 62 50 74 6 8 1 
2 4 24 80 23 3 9 7 
6 4 27 61 26 0 7 8 
3 1 25 66 19 1 3 9 
2 3 13 37 36 8 4 6 
0 8 24 77 33 1 0 6 
6 9 20 67 28 8 5 7 
3 8 36 64 32 4 2 3 
1 1 42 34 48 2 2 1 
3 9 4 74 41 2 7 6 
8 5 52 53 91 6 9 2 
1 0 35 58 29 4 5 7 
7 3 0 38 52 6 1 1 
7 9 33 59 64 6 5 4 
9 5 14 60 68 1 5 7 
0 4 21 82 74 8 1 9 
8 6 3 58 43 7 4 7 
7 8 11 50 33 1 8 6 
1 1 56 46 48 6 2 1 
2 1 37 46 94 9 3 7 
2 4 28 39 45 3 2 4 
1 1 27 109 57 7 4 0 
6 4 17 39 44 9 0 2 
6 0 13 75 62 0 4 7 
6 3 16 41 80 8 5 2 
7 1 15 36 61 7 1 4 
2 2 33 39 16 5 0 6 
3 8 28 70 35 8 1 9 
7 9 50 62 91 7 8 5 
5 3 6 43 38 2 9 4 
6 2 42 74 43 1 3 5 
3 5 0 48 94 9 1 3 
5 4 48 106 52 3 4 2 
1 3 36 0 55 0 5 1 
9 8 65 5 41 6 5 7 
2 2 33 75 60 9 5 6 
2 0 23 59 72 5 9 9 
6 9 32 43 19 6 5 9 
5 3 49 55 76 5 7 9 
3 5 17 98 85 6 9 3 
0 9 48 69 78 9 8 8 
5 9 29 71 48 0 2 0 
1 5 26 55 83 2 1 9 
7 3 26 55 68 5 0 6 
6 9 44 25 49 8 0 1 
0 1 12 65 29 7 8 1 
2 0 13 17 59 4 9 3 
4 4 29 41 27 8 9 2 
8 9 28 73 70 6 9 6 
1 1 22 58 10 5 0 0 
0 1 22 46 59 6 4 1 
9 9 33 89 87 8 5 7 
3 0 25 51 28 1 7 0 
9 5 26 66 77 3 2 2 
3 7 41 60 45 6 7 0 
4 7 39 48 50 3 5 5 
1 6 27 29 40 3 4 0 
4 0 26 75 61 8 9 1 
4 4 41 66 26 9 6 2 
1 0 30 46 20 4 9 2 
2 1 20 40 21 1 2 6 
6 6 38 74 48 0 7 0 
6 8 38 78 39 2 5 6 
2 9 21 44 48 5 5 9 
0 9 38 63 56 5 0 1 
3 6 65 73 27 4 0 1 
5 0 28 51 48 9 9 5 
8 7 42 74 57 6 7 1 
7 1 0 54 45 5 0 9 
0 0 45 69 75 0 9 8 
3 4 0 37 56 9 9 9 
3 5 17 58 49 6 2 5 
8 8 70 29 44 7 9 9 
0 9 20 64 27 3 9 6 
7 9 3 41 79 5 8 5 
2 9 17 69 45 0 0 6 
0 1 56 54 78 8 2 8 
1 2 9 89 38 0 4 9 
3 4 31 66 55 9 1 9 
4 0 35 77 53 8 9 8 
5 1 21 39 52 6 1 1 
0 1 26 38 41 5 5 0 
6 3 7 84 65 4 7 4 
5 9 0 55 21 0 4 8 
1 3 37 37 47 9 4 8 
0 2 1 76 55 9 8 5 
4 7 25 39 40 7 3 6 
5 4 22 53 29 3 6 2 
1 6 55 84 63 1 8 4 
7 2 0 76 52 0 0 7 
4 7 18 82 61 5 0 9 
4 9 56 79 34 9 4 8 
2 6 29 68 51 4 7 3 
0 7 22 34 63 9 1 0 
5 1 43 71 33 1 2 1 
6 0 15 93 47 5 6 1 
7 2 43 69 20 6 5 2 
7 7 16 57 38 7 6 4 
7 1 14 53 40 8 2 3 
8 6 62 39 65 0 9 9 
0 9 50 61 90 7 2 9 
6 3 50 24 54 4 6 3 
2 5 28 54 35 2 5 0 
7 4 9 41 69 4 0 5 
6 0 33 52 51 6 4 6 
4 7 0 28 49 9 4 2 
7 2 0 48 75 9 7 1 
9 8 56 36 65 1 5 2 
5 0 9 41 26 7 8 2 
6 2 21 64 47 8 6 8 
2 1 34 75 35 2 6 3 
2 2 57 56 64 2 5 4 
3 7 30 49 79 5 7 1 
4 9 14 85 23 9 3 0 
6 3 43 21 31 0 5 1 
9 8 38 32 33 4 4 8 
8 2 54 31 31 4 2 4 
3 5 0 40 19 3 0 0 
9 9 42 10 26 2 2 4 
9 4 22 69 69 4 3 7 
0 2 23 37 77 5 0 8 
9 5 61 79 5 1 7 8 
1 6 29 38 54 6 2 4 
5 4 36 29 25 1 3 5 
4 0 10 50 97 3 4 8 
6 9 25 59 58 0 2 9 
2 2 24 26 63 5 5 0 
9 9 2 49 65 0 7 7 
6 1 8 68 52 0 0 8 
2 7 62 40 59 3 8 4 
7 7 62 70 29 5 3 9 
1 9 56 26 39 4 4 7 
9 8 41 87 32 2 5 2 
1 3 6 78 56 5 0 9 
6 1 53 72 68 4 7 5 
7 4 0 48 46 1 7 1 
1 2 7 26 43 4 4 1 
2 1 31 59 50 1 0 7 
5 7 20 32 28 7 8 6 
6 0 22 34 38 1 4 8 
6 2 44 22 77 8 2 8 
5 1 55 32 43 4 9 9 
2 4 39 72 46 6 4 4 
1 8 26 51 41 0 3 5 
6 5 0 30 61 1 4 5 
5 2 28 90 48 2 4 5 
0 2 12 25 34 1 7 8 
6 0 1 72 34 3 8 3 
4 8 67 49 28 6 7 7 
1 7 21 81 38 5 7 8 
7 2 43 27 69 2 5 3 
2 7 13 44 47 8 9 0 
2 1 28 51 21 3 1 8 
8 8 49 71 31 7 9 6 
1 6 35 23 48 4 5 6 
5 3 11 36 30 0 0 4 
1 6 21 35 34 8 6 2 
4 2 24 72 76 9 7 6 
8 5 50 22 54 2 6 6 
0 4 23 33 82 6 3 2 
4 5 37 42 46 1 0 6 
4 8 25 86 34 9 3 8 
6 7 53 43 52 2 7 2 
5 5 27 52 56 5 0 6 
7 8 42 60 68 2 6 8 
8 8 32 33 45 1 4 2 
4 6 24 37 58 3 3 5 
5 0 51 50 28 8 6 9 
3 6 1 45 20 8 3 9 
2 3 15 72 94 2 7 9 
1 5 17 34 59 4 9 1 
2 6 35 46 67 9 2 4 
7 3 0 17 43 2 2 4 
3 9 18 13 89 6 0 3 
8 9 7 29 10 1 5 3 
4 7 0 42 27 5 1 4 
8 6 17 58 14 6 8 8 
9 7 21 64 38 1 0 4 
2 5 80 42 51 9 3 6 
6 5 49 48 43 6 7 6 
0 6 32 57 91 2 9 4 
4 0 26 1 74 5 5 4 
4 2 52 73 48 5 7 3 
4 2 59 87 34 7 6 8 
5 3 64 42 31 8 3 1 
5 6 11 44 42 2 3 1 
5 9 69 36 27 6 2 1 
7 6 16 43 9 8 4 9 
1 1 35 25 45 1 7 1 
2 9 34 58 56 1 7 9 
6 0 25 65 48 1 3 3 
3 5 0 33 41 1 7 4 
9 4 39 38 55 5 2 8 
7 7 44 51 77 7 9 9 
1 5 41 85 33 5 9 7 
3 1 41 70 27 6 8 0 
4 0 10 53 69 3 5 0 
8 0 16 63 27 7 8 9 
5 9 39 46 53 9 0 5 
8 1 51 50 49 9 7 7 
7 8 50 44 35 0 4 6 
0 9 42 50 27 3 3 5 
1 2 57 28 46 4 7 4 
4 2 17 68 62 0 4 4 
0 0 52 55 0 3 5 4 
2 0 29 31 53 1 0 6 
1 8 59 18 61 2 6 7 
3 1 42 48 48 9 7 4 
2 9 0 42 44 7 9 0 
9 9 48 50 86 3 8 5 
0 1 39 43 55 4 8 9 
6 0 19 62 61 6 2 6 
5 1 12 39 53 7 7 5 
7 0 51 55 54 3 1 5 
3 0 20 69 35 8 1 4 
1 2 0 111 68 6 3 7 
3 3 40 42 62 5 9 3 
2 1 43 51 24 8 6 4 
3 7 20 61 32 4 3 4 
3 1 41 68 43 9 7 8 
0 2 49 64 21 6 3 2 
4 0 36 26 57 5 5 0 
5 1 2 70 101 4 0 0 
9 1 32 36 48 2 0 3 
8 9 65 16 21 6 6 0 
8 9 14 26 77 8 4 6 
0 1 44 17 74 2 4 5 
8 0 2 47 27 4 1 7 
4 8 25 22 39 8 5 0 
3 5 36 11 37 4 8 8 
2 8 18 85 21 0 7 6 
4 7 17 61 41 8 2 1 
4 3 29 61 56 5 9 1 
3 4 15 79 53 6 3 8 
6 5 49 43 69 8 6 2 
5 5 31 29 37 0 5 6 
8 9 29 11 35 0 5 2 
3 1 79 34 38 4 8 3 
1 8 45 43 31 1 6 6 
9 3 24 28 74 2 8 8 
1 2 0 52 18 0 6 1 
3 2 29 102 84 8 7 0 
7 5 52 22 84 5 3 2 
1 3 55 62 36 6 4 7 
3 3 49 8 44 3 4 4 
4 0 26 42 52 3 9 2 
7 6 31 38 74 1 2 3 
1 0 59 55 52 9 7 9 
9 8 2 88 31 9 7 8 
0 0 28 86 29 5 1 4 
7 8 49 35 34 4 0 5 
5 8 27 71 70 3 7 7 
3 7 36 51 38 9 3 8 
7 3 23 69 77 5 2 3 
6 5 41 39 45 0 7 7 
2 3 44 63 64 5 7 1 
0 0 72 72 53 0 0 1 
9 1 4 33 38 8 3 7 
1 1 55 20 46 9 7 2 
0 0 48 32 48 5 8 2 
7 4 38 46 60 2 6 5 
8 9 35 41 51 6 9 2 
6 5 32 42 17 3 9 8 
2 2 30 19 38 8 0 8 
2 5 15 94 36 7 9 4 
8 0 13 66 55 2 7 1 
2 0 16 8 66 7 7 2 
4 4 20 36 43 4 9 5 
5 4 0 22 50 0 4 8 
2 2 59 24 69 9 6 0 
9 8 38 61 4 6 2 0 
6 2 10 40 39 1 9 1 
5 8 79 32 59 6 5 4 
9 5 0 80 69 1 5 8 
4 6 21 46 68 4 3 0 
6 1 25 53 56 2 9 1 
2 9 11 29 63 0 4 7 
0 9 16 89 13 7 0 7 
9 2 33 63 58 9 7 4 
5 9 0 40 104 7 7 2 
5 0 60 53 10 2 8 9 
6 1 36 98 9 9 0 3 
5 3 24 50 48 3 2 0 
7 8 40 36 87 4 0 1 
9 7 58 22 35 2 1 6 
3 5 10 58 36 1 5 7 
8 0 0 57 83 5 1 6 
7 8 20 17 55 2 7 9 
1 7 10 83 38 7 0 0 
9 2 26 47 67 8 7 4 
1 3 9 66 64 3 1 5 
7 4 9 51 64 7 8 3 
2 5 28 82 32 2 1 8 
0 3 40 70 58 3 0 6 
8 2 40 79 45 7 3 1 
8 7 7 45 33 9 1 7 
5 5 20 83 47 5 9 6 
8 4 4 62 62 5 4 9 
0 8 4 31 25 9 6 5 
4 6 0 75 24 4 2 1 
1 2 52 48 56 1 7 5 
4 6 51 54 28 0 1 3 
5 4 39 48 30 2 5 6 
8 5 56 45 36 4 2 1 
3 7 31 36 30 9 7 2 
7 1 26 78 31 2 2 9 
5 6 52 47 28 4 8 7 
3 8 47 45 31 6 2 7 
8 9 55 64 42 8 3 6 
0 9 28 80 7 6 3 3 
5 8 26 85 30 2 7 9 
1 1 62 79 34 0 7 0 
3 4 22 21 43 0 0 8 
5 6 41 23 71 8 2 2 
3 2 24 0 0 9 5 0 
8 8 9 51 51 5 4 0 
6 5 44 55 40 0 3 0 
7 8 50 40 25 5 1 1 
1 2 31 65 16 3 8 2 
6 5 25 51 61 7 9 4 
9 5 39 40 0 2 1 6 
2 4 26 41 61 3 0 6 
6 4 33 54 47 3 9 5 
1 0 58 67 43 0 0 7 
6 6 47 69 33 2 2 8 
1 4 12 15 84 0 6 4 
4 5 31 58 82 1 4 1 
3 3 34 75 30 9 2 6 
2 6 31 64 41 0 4 6 
2 3 17 65 49 6 5 7 
2 5 35 45 73 2 9 0 
6 2 41 36 62 1 6 4 
7 3 27 56 25 0 6 2 
4 8 37 45 57 1 8 4 
5 6 48 28 46 6 0 1 
4 3 50 9 13 7 5 9 
9 1 44 38 54 9 2 0 
1 6 39 44 46 8 9 5 
5 3 76 59 78 6 1 9 
5 9 35 57 25 6 2 7 
4 5 60 64 61 1 6 1 
5 7 61 38 35 0 9 8 
4 6 11 54 104 6 8 4 
4 6 63 80 48 7 6 6 
0 1 29 85 7 2 2 6 
1 9 79 64 46 9 9 3 
2 1 17 59 63 3 6 9 
9 4 53 34 46 1 8 8 
2 3 51 84 58 1 9 6 
2 8 73 0 65 9 8 7 
9 8 23 96 74 6 1 5 
5 1 40 75 64 8 7 9 
2 9 81 79 61 5 0 7 
0 1 30 78 47 6 0 8 
7 5 60 58 39 2 2 6 
8 9 10 57 27 2 3 5 
4 9 47 45 78 4 4 1 
9 5 7 49 51 4 2 6 
6 4 23 26 37 9 6 9 
2 2 68 24 50 7 4 7 
4 8 36 48 64 3 4 4 
6 5 0 49 62 8 0 0 
5 7 36 48 73 9 0 7 
5 2 27 44 67 3 2 6 
2 1 53 62 37 6 9 6 
6 9 12 75 42 5 7 2 
2 9 8 69 50 1 2 5 
1 0 37 39 58 6 1 3 
2 7 34 26 69 0 9 1 
4 0 41 57 17 2 5 6 
7 4 52 59 55 9 0 1 
8 8 17 44 28 4 2 0 
3 1 0 6 7 6 2 3 
7 7 28 58 47 5 5 1 
2 8 0 20 48 7 8 8 
8 2 19 70 21 7 9 7 
5 2 42 45 29 7 3 9 
2 7 39 64 60 4 1 7 
2 2 12 105 42 2 7 5 
5 7 23 10 60 8 8 1 
6 6 36 43 67 4 0 6 
7 7 20 49 49 5 3 3 
9 2 68 64 11 8 6 2 
3 6 7 25 44 2 7 5 
0 9 21 48 79 8 4 0 
0 0 38 49 77 9 7 7 
9 8 52 37 59 0 2 6 
8 7 25 70 42 3 5 3 
6 8 4 50 88 9 7 0 
7 0 16 40 73 9 3 4 
5 4 56 30 71 4 9 9 
0 2 31 34 84 7 6 6 
0 9 72 38 46 0 1 1 
4 9 67 50 29 2 4 2 
0 6 32 43 16 2 2 7 
0 1 51 74 63 4 9 4 
1 6 53 83 13 0 2 8 
9 9 7 38 29 1 0 7 
7 3 54 49 63 1 0 4 
5 5 22 62 43 4 0 0 
0 9 9 66 43 0 2 7 
8 8 51 48 113 2 2 8 
9 2 7 51 50 2 3 0 
9 7 12 32 85 4 9 7 
8 5 63 37 40 0 4 9 
0 8 25 41 38 5 6 4 
1 8 12 70 34 0 4 2 
6 3 13 58 64 1 2 6 
2 2 17 81 94 1 6 1 
6 9 48 44 38 1 8 9 
4 7 14 38 67 3 8 0 
2 5 0 42 32 8 9 7 
9 0 32 60 18 2 1 4 
3 3 51 20 31 1 3 8 
2 1 68 86 8 8 5 1 
7 5 40 45 48 5 5 6 
8 5 24 27 31 4 4 3 
6 2 38 56 42 0 8 1 
4 8 24 26 43 3 9 8 
2 3 20 54 51 5 5 1 
4 6 43 41 41 2 3 6 
1 5 9 46 54 9 1 0 
1 0 66 78 30 4 5 5 
4 5 0 72 71 0 0 5 
6 9 39 39 46 7 7 2 
8 2 43 44 65 8 4 4 
6 1 16 40 81 2 8 6 
3 3 0 18 40 3 0 6 
1 5 47 75 51 6 0 3 
7 4 23 60 70 0 3 5 
7 7 9 70 29 9 6 4 
9 6 2 60 59 2 3 2 
0 9 25 46 53 5 8 9 
2 8 51 44 70 7 1 6 
4 3 42 60 47 4 6 7 
4 9 38 69 67 7 6 6 
4 1 60 39 30 4 4 4 
7 6 34 40 54 2 1 3 
9 6 9 34 21 9 3 2 
8 3 28 41 66 5 2 2 
0 9 17 45 51 3 5 3 
3 8 37 38 77 5 1 5 
4 4 0 27 34 1 3 1 
9 5 35 57 62 7 0 6 
4 5 27 5 89 0 7 1 
5 2 61 47 43 4 0 1 
3 3 21 0 39 4 3 2 
2 4 57 37 49 5 2 2 
6 1 0 0 39 3 7 0 
4 4 0 39 37 3 6 1 
1 9 52 0 41 2 2 2 
8 6 11 23 54 1 9 6 
9 3 55 31 24 8 4 7 
7 1 17 48 27 3 1 6 
1 4 33 23 88 2 4 0 
7 1 42 23 52 0 3 8 
1 0 40 45 9 0 5 8 
9 6 52 70 58 3 3 3 
9 2 41 12 59 0 8 4 
1 4 59 46 57 2 2 1 
0 0 33 46 78 5 7 2 
2 7 26 59 33 7 9 4 
3 6 34 59 75 6 8 6 
6 3 52 41 34 5 7 8 
6 0 18 34 36 5 2 2 
3 6 19 74 61 1 0 7 
4 4 0 23 29 1 4 5 
7 1 23 23 82 8 5 3 
9 8 15 56 63 3 4 1 
1 0 18 57 40 3 6 8 
3 7 45 62 59 6 4 3 
9 0 37 11 61 2 9 4 
3 6 29 68 20 0 9 4 
5 8 32 43 30 0 1 5 
0 8 6 66 30 7 2 3 
1 4 53 100 18 9 2 2 
2 8 44 52 43 7 9 9 
1 5 53 22 49 2 5 4 
7 9 4 54 43 0 6 0 
4 3 14 26 23 5 5 3 
6 7 51 53 16 5 6 3 
2 0 27 49 20 2 8 5 
6 2 61 91 39 2 9 8 
8 8 42 92 81 9 4 8 
1 4 31 29 112 3 5 1 
8 4 19 69 37 9 3 8 
6 2 45 61 59 9 5 0 
6 9 29 39 51 7 0 5 
7 4 22 60 41 8 3 5 
7 6 15 84 38 8 7 6 
5 6 43 43 38 0 8 7 
8 3 14 12 0 9 3 7 
2 7 0 61 31 8 7 7 
4 5 6 10 57 2 1 2 
5 2 6 78 41 2 6 7 
6 1 35 41 43 3 3 4 
7 3 40 41 40 5 3 1 
1 8 3 48 34 8 5 3 
7 6 75 52 42 9 7 9 
0 2 13 45 34 2 2 2 
4 0 34 53 30 2 2 0 
9 3 46 40 69 9 4 5 
6 7 17 34 17 5 0 0 
5 2 11 91 38 3 8 6 
0 0 54 66 82 9 0 2 
9 9 49 43 74 0 8 1 
3 5 31 54 53 5 4 1 
8 1 36 29 45 9 1 3 
8 1 32 5 35 4 9 0 
7 7 22 43 32 1 6 8 
8 7 5 3 70 2 8 1 
6 3 34 12 61 9 0 4 
6 1 51 103 27 1 1 4 
6 6 16 64 86 9 2 5 
6 0 31 67 53 9 4 2 
6 4 38 62 29 3 6 0 
9 5 37 27 37 8 0 8 
8 9 18 52 42 5 4 4 
5 2 43 53 76 1 6 9 
0 4 21 40 35 3 9 7 
9 9 7 102 39 2 8 7 
7 8 26 73 60 7 7 8 
6 7 11 61 44 3 5 8 
6 8 33 54 62 3 5 6 
1 1 8 36 43 8 2 4 
5 7 2 52 43 5 7 2 
1 6 21 53 58 6 7 9 
5 1 70 50 72 8 8 2 
6 8 42 39 78 2 9 2 
1 0 22 75 42 8 3 8 
5 8 0 86 98 2 7 6 
4 9 72 0 44 1 8 0 
5 7 2 63 13 2 8 2 
1 9 12 33 38 6 2 9 
9 1 23 67 34 6 5 1 
9 6 8 27 40 2 5 4 
1 0 26 42 32 7 4 6 
6 6 18 59 37 6 3 3 
6 7 74 26 69 6 5 9 
1 6 39 6 69 4 4 0 
8 4 3 91 66 4 4 3 
8 3 45 8 65 3 0 5 
6 4 37 56 78 8 6 2 
8 7 49 48 66 2 5 7 
8 6 14 12 26 4 2 3 
0 5 49 48 60 2 2 9 
6 5 48 37 6 6 1 0 
0 8 44 45 50 2 1 7 
4 2 24 51 42 6 8 1 
5 2 51 67 35 7 6 7 
7 8 22 33 23 2 9 0 
1 4 69 58 31 3 7 1 
5 4 11 59 27 0 8 9 
5 1 81 38 47 0 4 6 
3 5 57 85 77 7 5 5 
5 3 35 55 60 9 2 3 
7 4 25 47 51 3 5 1 
1 0 37 17 33 1 9 1 
5 6 47 70 54 7 5 7 
2 3 0 36 42 2 3 1 
2 9 9 37 33 8 4 4 
3 9 0 66 39 0 1 2 
3 4 43 65 21 0 4 0 
5 7 14 26 37 0 9 2 
1 6 24 55 66 8 5 5 
8 8 26 79 28 2 7 2 
9 2 53 65 33 8 8 2 
0 5 73 45 27 3 6 2 
0 8 33 26 76 4 9 0 
3 5 17 40 43 2 7 2 
0 6 28 86 63 0 8 3 
9 5 50 85 77 0 1 4 
9 6 30 64 34 4 3 7 
7 0 3 67 24 7 0 7 
8 6 67 20 56 5 0 0 
1 3 0 67 19 0 8 1 
3 2 10 24 53 3 2 8 
5 9 69 37 59 6 2 6 
9 4 65 41 48 4 0 2 
6 9 9 19 33 8 5 2 
2 0 21 61 76 8 6 9 
5 2 27 39 57 2 2 4 
1 4 5 17 49 0 8 2 
2 7 35 42 10 2 0 5 
1 2 17 54 66 0 5 3 
6 5 6 78 87 6 7 2 
4 2 6 50 21 6 7 4 
8 7 7 32 30 1 2 7 
3 9 28 80 33 1 4 3 
4 2 22 45 75 3 2 1 
2 7 13 18 23 8 8 2 
8 4 42 5 64 3 7 2 
1 1 40 38 32 4 9 5 
9 6 11 44 75 0 5 9 
4 6 24 28 38 9 6 4 
1 3 29 70 47 4 6 4 
2 1 8 62 59 2 9 1 
0 2 36 64 84 4 2 7 
7 2 0 46 80 9 7 0 
7 9 0 55 54 2 0 8 
8 0 15 59 66 7 0 5 
1 1 72 25 77 9 1 6 
9 7 46 67 44 8 5 8 
0 3 0 56 32 9 0 7 
4 1 22 62 68 3 9 9 
1 3 0 29 73 4 2 4 
5 5 43 0 4 0 8 8 
3 5 19 74 83 5 2 9 
4 9 27 91 41 1 5 6 
4 4 20 62 40 9 5 3 
0 6 40 49 37 8 0 2 
8 7 1 23 45 8 6 5 
0 1 42 18 84 6 2 5 
0 5 56 71 66 3 5 4 
4 2 19 9 64 5 2 0 
0 1 0 58 49 7 5 4 
5 4 68 53 67 8 5 1 
2 4 21 82 5 2 6 6 
2 8 82 68 15 4 7 2 
7 2 32 61 36 7 2 4 
6 8 42 91 34 4 1 0 
9 7 28 69 31 2 2 9 
8 1 39 55 86 5 1 7 
3 7 32 91 25 3 2 5 
7 6 29 40 35 1 2 8 
8 9 47 63 30 1 8 7 
1 9 10 18 23 3 3 2 
8 8 33 40 61 3 1 1 
8 7 16 38 58 3 7 1 
4 7 6 50 19 8 4 5 
9 6 52 26 33 1 3 9 
1 1 40 28 41 6 4 4 
4 4 33 37 84 5 7 1 
3 8 33 37 38 6 3 9 
1 9 21 81 37 5 8 0 
5 0 0 46 62 7 8 0 
3 9 16 48 68 7 4 9 
9 1 13 19 37 9 6 9 
1 8 59 52 32 4 2 1 
3 5 17 60 60 5 9 0 
8 4 3 58 64 7 1 2 
0 6 14 19 19 0 0 4 
6 9 11 54 43 0 9 5 
5 7 37 48 50 2 3 6 
4 0 37 43 63 5 4 4 
3 7 37 83 25 7 9 7 
2 9 16 47 38 4 5 6 
6 8 41 56 85 9 2 9 
6 6 17 61 25 6 0 4 
1 4 17 25 55 0 2 0 
1 4 1 43 45 5 6 8 
5 3 25 59 3 2 7 8 
7 7 31 68 76 1 5 0 
4 2 7 18 41 1 2 6 
9 2 15 43 46 4 0 9 
0 5 26 36 62 9 1 0 
2 9 28 97 43 3 7 9 
3 0 29 48 42 5 4 9 
0 8 36 26 45 1 7 3 
6 3 23 65 62 6 1 3 
9 9 0 62 52 0 0 1 
7 3 26 34 17 6 2 7 
1 3 60 16 50 1 3 7 
8 8 33 11 38 6 8 3 
6 9 34 34 63 4 5 7 
1 7 45 23 44 2 0 3 
1 1 0 47 87 5 6 7 
7 6 15 81 66 3 0 6 
8 8 28 40 40 9 1 2 
6 2 23 85 60 7 4 8 
0 3 36 61 62 8 5 2 
4 5 39 34 90 6 2 1 
9 9 9 36 53 0 8 0 
1 7 2 66 48 2 9 6 
5 0 7 60 60 0 8 7 
4 3 26 34 75 3 8 0 
6 9 36 45 60 7 1 8 
1 6 8 83 24 5 6 4 
8 3 19 60 35 4 4 5 
0 4 39 63 53 4 2 6 
5 8 21 51 49 8 9 0 
9 2 15 40 38 4 4 8 
0 3 36 23 35 2 1 7 
8 6 1 38 55 1 7 5 
4 3 0 28 68 6 3 5 
7 1 41 36 69 1 1 2 
8 1 64 61 17 9 9 2 
8 8 33 95 43 2 8 0 
4 5 50 46 35 6 8 0 
0 2 60 49 56 1 3 0 
6 2 68 70 50 2 6 0 
1 2 27 68 64 2 7 8 
9 2 55 66 37 6 5 1 
1 5 25 35 44 8 6 4 
6 0 39 46 46 2 8 9 
2 3 35 60 56 1 6 3 
7 5 79 48 33 1 1 2 
1 4 15 13 58 4 7 6 
3 3 75 45 64 3 8 1 
3 0 45 25 88 2 3 8 
2 2 11 54 32 2 7 0 
4 7 51 23 53 6 9 9 
3 2 21 65 59 3 9 2 
8 9 33 71 18 3 0 1 
6 7 62 34 78 2 5 2 
1 3 13 62 44 8 1 3 
9 1 0 42 69 3 4 0 
8 0 47 67 56 8 6 5 
6 2 14 29 34 3 0 0 
0 1 0 77 45 9 5 2 
0 8 0 25 52 4 3 9 
3 0 33 26 15 7 6 8 
1 2 40 67 41 9 1 6 
8 5 31 48 59 0 7 3 
8 5 34 63 70 1 4 9 
4 1 30 67 63 8 0 2 
2 8 35 78 28 9 4 4 
8 2 57 65 72 8 5 4 
2 4 0 67 48 1 7 7 
8 0 25 33 65 4 0 0 
5 9 73 57 66 9 0 8 
3 8 24 31 30 3 5 1 
0 2 31 86 52 5 8 5 
1 0 20 60 92 1 8 8 
7 0 23 79 78 5 5 1 
9 7 43 75 29 1 7 3 
9 6 46 52 34 7 6 5 
6 8 38 20 59 5 9 4 
9 9 8 24 48 9 6 4 
9 3 33 53 39 4 5 7 
1 3 28 50 27 7 0 9 
0 6 0 67 11 2 1 3 
5 7 47 78 74 0 2 2 
2 6 15 44 25 2 3 1 
0 5 47 48 70 8 6 2 
2 2 13 15 65 2 2 7 
0 5 22 49 49 2 1 9 
5 3 43 49 42 4 5 0 
8 2 45 13 101 1 6 1 
6 4 23 57 0 8 2 2 
3 3 0 16 27 7 4 7 
0 8 56 47 47 5 3 0 
1 8 48 47 19 4 7 8 
4 0 1 60 28 3 7 1 
1 2 54 39 29 5 5 9 
2 0 25 41 23 9 5 5 
2 4 40 40 49 7 4 8 
9 8 24 44 38 2 0 9 
7 4 0 53 27 7 0 8 
1 8 79 51 61 3 3 2 
6 4 30 40 22 0 3 0 
7 9 22 23 56 4 4 1 
8 5 11 72 57 4 1 4 
9 0 54 72 25 5 5 0 
1 0 38 59 25 7 6 8 
4 6 24 30 39 3 5 4 
9 2 20 56 73 7 3 4 
0 6 18 61 69 7 6 5 
7 9 39 69 35 9 8 1 
8 8 35 32 34 0 5 7 
5 0 28 37 59 6 7 9 
3 7 35 36 30 9 2 1 
9 2 21 0 49 1 4 4 
0 6 44 43 84 1 0 0 
4 0 29 33 32 6 5 5 
5 3 22 30 39 4 1 6 
9 7 14 20 57 9 8 8 
4 9 36 93 67 7 1 5 
9 1 34 90 64 0 9 6 
7 2 67 64 41 3 4 4 
3 6 19 58 46 4 7 3 
3 0 28 46 50 8 4 2 
1 9 8 42 57 6 1 3 
3 9 57 68 33 2 9 6 
7 5 29 54 51 1 0 2 
2 8 40 74 37 0 2 0 
3 6 19 51 33 6 1 5 
3 8 58 30 72 4 8 3 
0 3 16 80 68 5 0 2 
9 3 9 62 37 3 8 3 
0 3 0 63 36 5 1 4 
7 8 34 50 55 5 8 5 
6 5 10 55 73 7 8 5 
9 0 37 25 77 4 4 9 
1 3 21 31 52 2 3 9 
0 4 9 17 81 8 1 9 
6 0 36 45 22 6 4 5 
4 1 39 68 87 0 2 1 
8 5 49 57 20 0 8 1 
1 4 45 76 56 4 0 2 
0 5 14 53 60 8 3 4 
4 6 12 65 49 0 3 7 
1 3 50 51 29 4 5 6 
1 8 9 41 0 3 0 5 
8 3 5 57 85 1 8 0 
1 2 64 60 97 8 5 9 
4 9 2 71 66 9 7 2 
4 4 50 59 58 1 1 0 
7 4 36 63 57 8 9 0 
7 4 50 66 37 8 2 4 
8 8 34 46 52 1 4 5 
4 2 54 57 45 1 1 3 
4 0 33 55 58 3 0 6 
7 3 33 64 12 1 4 5 
3 7 18 73 32 8 1 4 
2 7 41 87 61 1 5 7 
6 4 41 61 70 3 5 7 
9 3 57 61 59 4 0 7 
4 7 29 61 55 1 3 4 
0 4 0 29 79 5 8 0 
4 5 21 42 49 6 3 4 
9 1 46 34 31 9 0 7 
1 9 39 44 31 6 4 4 
6 5 42 52 0 6 1 0 
3 4 20 44 4 8 9 6 
5 8 22 31 85 2 6 6 
6 2 0 78 22 6 0 5 
3 8 69 52 60 7 4 8 
6 9 48 30 68 2 1 3 
2 4 39 53 53 8 9 4 
2 5 11 48 66 9 9 0 
4 9 26 54 32 9 0 7 
9 5 12 33 73 2 2 1 
3 5 79 83 40 9 5 3 
2 9 62 72 44 7 3 1 
7 1 54 86 43 8 5 8 
0 3 29 15 77 1 5 3 
8 5 56 41 61 1 8 0 
2 1 23 76 62 7 1 3 
3 6 31 44 30 2 9 6 
0 4 76 20 92 8 7 8 
0 3 40 37 46 7 0 2 
3 1 38 16 15 3 7 7 
2 7 20 61 55 0 7 9 
1 8 1 44 46 3 3 6 
9 0 26 22 57 0 4 5 
4 0 7 52 71 4 1 2 
1 5 0 9 49 9 4 7 
3 8 37 51 58 9 5 3 
6 7 59 61 29 8 2 4 
4 2 58 16 50 0 4 5 
6 2 35 68 12 2 2 2 
1 9 2 18 62 2 1 0 
2 0 0 42 45 4 6 4 
1 4 8 33 31 8 8 9 
5 1 34 34 39 4 3 0 
6 7 39 57 58 9 4 2 
1 6 63 21 33 3 1 1 
6 9 49 89 61 7 0 8 
6 4 37 34 56 5 2 3 
3 4 79 70 76 7 1 1 
3 1 22 33 16 5 9 5 
4 8 20 52 62 9 6 0 
1 5 16 46 55 2 3 9 
9 3 41 59 59 1 7 3 
5 0 35 47 28 2 3 9 
3 0 20 7 50 2 3 1 
8 7 0 35 67 5 6 2 
7 4 21 41 65 0 3 5 
7 8 24 75 58 9 0 4 
8 3 39 68 39 5 4 4 
1 8 0 76 30 8 2 2 
6 6 29 42 0 9 1 4 
9 9 69 40 35 6 2 1 
3 6 12 76 52 4 7 6 
6 4 36 32 38 5 8 2 
4 2 47 47 67 9 5 8 
4 4 23 14 30 0 8 5 
1 4 35 16 62 0 8 7 
3 9 20 53 34 3 3 8 
9 1 34 38 40 4 2 4 
7 9 23 35 59 5 8 7 
0 1 67 25 71 6 6 1 
6 4 17 30 40 5 6 7 
2 9 21 39 37 0 1 9 
2 4 36 39 65 2 8 6 
9 0 0 61 41 8 6 9 
7 9 30 48 18 8 8 6 
5 8 3 109 56 2 2 7 
5 0 0 93 58 0 4 0 
4 1 27 68 41 5 2 5 
2 7 38 94 23 6 6 8 
2 0 29 75 58 8 1 6 
5 9 78 83 42 1 4 4 
8 7 0 75 64 7 3 5 
7 9 56 48 34 5 7 3 
3 5 45 61 35 5 4 3 
4 3 47 8 66 8 8 2 
7 1 15 72 57 8 6 9 
4 1 21 52 59 0 4 6 
2 0 29 15 56 8 5 8 
6 6 26 53 43 0 3 5 
3 2 1 84 43 3 1 6 
4 5 7 42 55 3 4 9 
9 6 31 40 60 4 0 7 
2 6 32 40 23 3 3 4 
0 1 34 53 23 8 0 4 
2 0 43 47 43 4 3 1 
4 9 57 24 39 2 7 0 
1 9 29 26 23 2 7 1 
5 3 24 35 60 2 2 2 
2 6 34 47 30 4 5 8 
5 9 29 62 47 2 8 7 
7 8 72 75 68 0 4 3 
8 4 69 56 66 2 6 4 
7 3 30 75 73 0 9 2 
3 7 47 35 47 5 8 2 
3 8 32 17 65 6 3 9 
9 5 15 75 17 0 6 5 
4 9 18 56 18 9 6 2 
5 9 33 71 28 7 3 6 
0 1 26 31 44 6 2 0 
1 1 60 67 42 2 7 4 
2 1 87 50 56 0 5 8 
4 4 45 20 47 4 6 5 
9 3 59 44 62 0 1 0 
3 0 16 77 90 4 4 4 
7 3 20 16 72 5 0 0 
2 2 52 18 73 5 0 6 
5 3 19 51 82 3 7 3 
3 8 38 23 42 2 2 0 
2 2 58 81 30 7 2 8 
1 1 14 9 43 7 3 2 
2 3 23 76 66 4 3 7 
3 7 21 37 52 0 9 4 
9 4 31 72 61 1 0 4 
0 3 37 53 43 0 7 9 
1 7 11 49 65 3 7 0 
3 3 40 69 66 7 4 2 
9 8 2 92 49 3 8 7 
9 6 71 63 21 0 0 4 
6 8 8 74 67 0 0 7 
5 3 38 20 73 7 6 2 
5 9 77 34 47 2 4 4 
2 7 37 46 50 6 4 3 
8 6 23 45 70 6 9 3 
8 1 50 84 67 2 9 7 
8 5 48 59 56 1 4 8 
1 2 39 48 73 0 4 2 
4 2 20 72 103 6 0 3 
2 4 0 39 62 9 3 4 
4 4 23 54 13 8 4 8 
9 5 54 20 59 6 8 2 
2 8 13 76 60 2 0 1 
3 7 29 26 9 5 5 9 
2 9 0 74 34 0 4 9 
6 7 43 32 30 4 5 0 
3 0 35 68 68 0 9 9 
2 6 51 49 54 3 9 1 
3 6 45 57 51 9 4 1 
8 7 26 29 52 0 5 0 
8 0 8 56 3 1 6 0 
9 5 62 52 46 4 8 9 
9 0 33 49 39 5 0 5 
5 9 32 38 39 3 4 1 
3 3 21 40 63 4 4 7 
8 2 14 13 60 8 4 5 
2 4 25 24 52 7 1 4 
9 5 33 64 28 1 0 4 
1 9 56 71 29 7 0 2 
5 2 13 36 8 1 3 8 
1 1 41 64 61 4 5 7 
6 9 64 58 114 8 0 3 
1 0 33 47 88 9 6 3 
2 5 30 51 51 4 5 5 
1 0 45 23 62 0 7 7 
1 8 30 65 32 3 3 2 
3 8 8 53 30 5 2 7 
6 0 22 73 31 0 0 0 
2 7 19 33 55 1 3 6 
3 5 40 21 64 3 0 6 
6 5 30 37 86 9 0 2 
8 3 29 57 60 2 9 3 
8 4 10 75 69 2 1 0 
8 0 14 50 61 6 8 4 
3 8 37 15 57 0 1 8 
0 5 16 41 58 4 5 7 
9 3 39 62 66 2 7 8 
0 6 22 31 39 1 5 0 
7 3 45 49 98 3 6 6 
5 9 21 63 76 9 3 3 
3 4 20 55 106 8 1 3 
3 2 27 31 51 4 1 5 
0 8 28 69 64 1 3 4 
0 6 59 27 31 9 3 8 
7 2 13 72 28 0 8 3 
9 5 31 33 67 3 4 1 
6 0 50 58 58 5 7 5 
1 4 18 55 30 7 1 9 
3 7 3 66 38 0 5 2 
3 4 0 59 42 1 5 4 
3 2 7 84 67 9 4 5 
0 1 23 36 58 8 9 7 
4 8 13 50 22 9 8 4 
1 7 28 31 71 6 8 2 
6 7 33 53 37 5 2 1 
7 1 43 69 53 8 0 9 
5 8 23 63 36 3 9 9 
1 5 13 45 65 1 6 6 
0 4 11 84 77 9 2 1 
1 8 55 36 74 4 1 4 
9 8 85 47 29 0 4 9 
6 5 36 53 88 1 4 9 
4 4 30 49 45 6 7 5 
2 0 57 29 54 5 8 3 
4 3 43 53 64 2 9 2 
4 4 82 32 68 7 7 6 
0 0 0 65 6 8 7 3 
6 7 54 70 90 3 3 0 
8 9 57 65 10 0 6 9 
0 3 58 32 37 0 4 7 
6 3 12 72 65 7 6 6 
8 3 37 26 16 2 6 3 
7 3 50 15 69 2 0 7 
7 5 39 75 14 8 6 9 
8 3 15 60 58 4 4 3 
4 8 23 33 38 3 3 7 
5 9 72 62 75 1 2 3 
9 1 30 74 60 0 4 4 
0 3 18 41 0 7 7 9 
8 8 19 37 70 7 0 5 
7 5 31 46 61 0 0 9 
6 1 16 13 37 5 8 5 
4 3 31 77 34 9 7 6 
8 2 36 85 78 0 4 3 
4 1 36 49 85 2 1 0 
3 9 45 77 63 6 3 9 
3 5 33 63 66 6 2 1 
2 6 25 59 25 8 5 0 
6 5 49 62 65 9 2 3 
3 6 13 60 27 8 1 6 
0 2 0 15 44 5 3 7 
9 0 41 54 55 1 4 3 
4 1 46 58 65 1 9 2 
0 2 4 44 41 4 0 8 
5 4 0 20 32 6 8 5 
7 1 14 37 39 5 1 7 
5 9 21 63 69 1 1 2 
7 2 30 68 74 1 2 3 
3 3 18 33 33 4 9 6 
9 0 57 49 9 7 8 6 
5 2 42 68 51 3 5 7 
8 0 19 2 41 6 9 2 
6 4 18 42 37 2 9 4 
8 3 52 48 45 4 4 9 
8 7 6 81 6 7 4 4 
9 8 18 26 49 2 1 8 
0 2 17 68 34 4 8 9 
7 7 43 59 81 2 8 0 
9 8 10 61 53 0 8 6 
0 6 17 72 52 9 0 0 
0 3 7 18 22 8 7 0 
2 1 8 56 32 5 9 7 
8 1 31 63 40 0 0 1 
9 7 37 32 35 8 2 2 
3 8 34 66 57 8 3 8 
6 5 56 67 36 6 2 4 
2 6 54 22 67 6 6 4 
3 7 5 63 57 4 7 1 
0 7 11 88 7 0 4 4 
0 6 55 55 48 8 2 8 
5 4 63 39 77 7 8 9 
6 2 54 94 58 0 3 7 
0 0 33 16 63 3 7 7 
7 3 12 21 68 6 0 8 
0 9 26 63 56 5 0 6 
2 7 41 57 47 2 0 1 
5 2 16 68 65 0 2 6 
8 4 11 37 54 0 5 6 
2 2 59 66 52 2 1 4 
9 5 0 87 54 2 9 0 
6 2 50 25 38 8 8 6 
6 4 0 32 42 5 7 9 
3 5 4 52 87 4 0 2 
3 4 51 41 56 5 0 7 
5 2 28 48 66 1 8 5 
4 4 18 34 29 1 7 8 
9 8 29 45 61 8 6 2 
8 1 0 40 10 7 1 5 
3 6 59 64 62 4 0 1 
1 4 68 18 76 0 7 6 
0 5 19 63 76 8 7 3 
2 6 54 35 37 2 7 9 
8 6 15 53 46 0 9 0 
8 8 42 41 70 7 3 9 
1 2 4 7 48 4 2 4 
6 4 36 47 60 5 3 6 
8 5 26 44 24 7 9 9 
2 2 50 48 61 3 8 1 
8 1 27 60 33 8 6 1 
2 2 31 30 20 4 8 6 
6 0 22 38 51 3 2 1 
8 3 65 94 69 7 1 2 
8 6 31 25 66 1 1 0 
2 4 4 26 60 6 6 4 
3 6 3 24 42 7 6 9 
8 7 40 40 66 0 9 5 
4 2 0 44 23 7 5 0 
8 3 19 68 38 6 6 1 
7 3 43 50 58 5 8 3 
8 6 35 55 74 3 6 9 
8 8 42 65 14 7 1 6 
3 4 13 61 39 9 3 5 
5 5 16 52 69 8 4 9 
0 9 5 31 39 1 5 7 
1 4 32 49 77 3 4 1 
2 7 22 7 25 1 6 9 
2 6 6 33 48 5 2 6 
3 8 20 74 51 8 5 0 
6 6 0 51 84 5 6 3 
9 8 51 81 56 0 4 8 
9 3 30 30 71 9 1 7 
9 8 50 54 53 2 6 8 
9 1 27 44 59 6 2 6 
4 4 9 66 54 7 1 2 
0 4 21 35 84 0 6 0 
2 4 49 15 87 2 0 2 
4 0 25 29 45 6 4 8 
3 4 93 53 48 9 4 3 
9 9 35 77 65 0 3 3 
7 2 0 50 35 9 2 4 
1 0 16 58 24 4 3 8 
6 2 0 84 32 5 8 9 
6 7 50 97 53 3 9 1 
7 4 9 25 29 3 2 1 
2 4 0 11 24 1 1 2 
4 3 50 3 33 1 0 2 
7 3 38 44 59 8 2 4 
1 3 55 47 36 0 9 5 
7 7 32 74 71 9 4 9 
9 2 25 56 44 5 8 5 
9 4 32 42 48 7 4 5 
5 1 13 35 42 5 3 2 
4 3 8 40 81 1 9 1 
9 1 55 74 77 2 3 7 
2 7 0 88 0 7 0 9 
6 8 18 35 37 6 9 3 
7 3 38 66 53 4 5 5 
8 2 37 25 41 4 8 9 
8 5 16 38 57 0 4 5 
2 8 23 11 21 8 4 7 
3 6 28 91 90 2 6 1 
5 1 71 38 61 0 6 8 
4 7 39 60 20 4 2 8 
8 3 35 79 40 0 5 0 
5 7 18 57 75 7 4 2 
2 6 71 10 52 6 8 7 
4 7 3 58 98 2 0 0 
7 7 74 83 78 8 8 0 
8 4 25 55 38 2 3 0 
1 6 25 45 36 2 2 2 
6 0 41 59 53 9 9 1 
8 4 63 29 49 7 5 4 
3 8 28 32 52 1 7 2 
1 7 65 35 78 6 5 2 
1 3 41 54 0 6 9 3 
1 2 0 40 38 8 9 9 
8 7 12 51 59 5 0 2 
6 2 42 44 51 4 6 7 
7 8 19 67 48 6 6 5 
3 2 18 37 26 3 7 2 
7 5 61 58 36 7 2 3 
5 8 47 49 37 3 1 8 
1 9 34 49 63 9 1 1 
0 6 5 71 15 8 9 4 
6 7 31 63 39 1 1 7 
9 5 0 45 39 1 4 9 
1 0 6 41 76 7 6 2 
4 3 28 45 76 2 6 3 
9 2 66 86 34 8 7 3 
7 3 11 32 47 7 6 9 
3 2 54 78 62 3 1 9 
9 8 72 72 21 9 9 1 
3 3 13 46 35 6 6 4 
9 6 53 67 56 1 8 9 
3 7 12 31 74 9 3 2 
1 4 0 48 18 7 1 8 
9 3 9 58 41 0 4 5 
0 3 43 67 22 8 8 0 
7 7 11 50 43 0 2 9 
0 6 42 37 47 0 0 5 
3 7 36 47 48 7 3 4 
8 8 57 71 22 1 0 0 
1 7 34 43 34 5 0 6 
2 0 14 69 91 0 2 9 
9 6 8 63 67 4 2 8 
4 3 25 27 50 8 7 1 
3 8 30 58 33 9 5 7 
7 1 47 55 78 7 6 9 
7 8 38 7 35 7 7 7 
2 4 36 64 62 3 5 0 
9 4 25 88 30 2 4 7 
5 1 47 25 51 6 4 1 
6 9 0 96 85 5 5 0 
7 3 28 81 44 2 7 9 
4 4 5 22 44 8 1 5 
8 4 30 38 55 5 9 7 
7 1 13 41 40 6 4 9 
1 6 24 73 69 5 5 1 
2 7 33 57 86 4 5 6 
6 4 0 54 55 0 0 7 
3 1 37 61 68 5 9 2 
3 0 9 11 52 3 5 2 
4 7 50 25 42 7 6 6 
7 8 16 60 77 2 0 4 
9 8 43 90 43 7 9 7 
5 6 17 14 34 1 0 1 
6 5 16 63 49 6 8 2 
4 3 45 48 54 9 3 9 
6 3 21 64 51 9 0 6 
5 0 38 43 62 9 8 0 
4 7 2 95 41 4 2 1 
3 0 29 54 51 1 4 2 
2 1 10 64 60 3 0 4 
8 2 42 26 76 2 8 0 
9 9 39 52 59 2 1 4 
2 2 5 17 34 1 1 8 
4 7 34 24 66 7 0 9 
9 6 35 57 64 4 7 0 
4 9 28 45 74 6 4 2 
4 4 86 87 3 7 0 2 
5 8 27 55 53 3 0 1 
7 5 16 29 44 0 6 8 
3 2 3 20 72 7 1 8 
3 2 39 58 58 7 9 6 
9 1 44 70 86 5 0 9 
4 9 0 30 54 8 3 2 
9 4 22 51 31 8 9 1 
1 2 22 11 55 8 1 2 
0 8 24 98 65 6 3 3 
8 7 56 50 61 6 9 5 
0 3 21 50 95 5 1 5 
0 2 46 51 49 0 5 0 
2 5 36 24 49 0 6 2 
6 5 34 64 51 3 7 0 
4 0 12 85 81 6 4 4 
4 4 0 94 58 3 2 1 
8 7 23 35 59 2 0 3 
7 0 14 38 31 4 7 8 
5 2 0 70 75 6 2 1 
1 5 30 23 75 1 2 7 
7 3 12 30 36 8 6 1 
5 6 0 24 35 2 7 4 
0 3 36 26 54 2 5 2 
6 1 22 47 78 5 2 1 
3 0 54 3 58 8 2 2 
4 9 27 15 42 8 3 7 
2 6 36 88 64 7 5 0 
4 7 58 36 56 3 3 7 
6 4 39 29 59 1 7 3 
8 1 0 38 44 6 2 7 
2 8 28 49 53 3 1 7 
5 8 50 31 57 4 1 5 
3 6 61 86 83 8 8 2 
9 3 13 64 11 3 7 2 
6 6 27 45 30 0 2 5 
5 6 16 17 64 3 9 4 
2 7 58 77 102 1 9 3 
5 4 0 65 57 0 7 4 
9 2 31 37 55 3 4 5 
9 6 48 42 39 3 6 9 
7 0 13 64 61 1 2 4 
1 6 17 92 27 8 5 1 
4 0 20 77 22 5 7 3 
4 2 41 66 48 3 5 2 
6 8 18 49 48 5 3 7 
4 6 33 50 58 3 0 2 
3 4 51 33 34 9 9 1 
6 6 45 68 28 0 5 6 
4 2 23 54 56 5 3 2 
9 3 9 43 75 7 1 4 
0 0 82 27 55 5 0 3 
9 8 37 25 22 4 0 6 
8 3 36 39 31 3 0 0 
2 6 32 58 66 7 7 0 
2 9 29 78 6 3 2 5 
2 0 42 64 84 5 5 3 
1 8 67 37 59 6 3 0 
0 3 60 9 27 6 6 5 
0 4 56 44 50 6 2 8 
3 6 57 77 20 7 1 8 
6 7 22 64 60 3 6 3 
5 3 34 10 64 0 6 2 
1 7 7 91 46 7 5 4 
4 6 25 43 52 3 1 4 
8 8 49 67 52 2 2 1 
4 1 48 79 55 6 1 4 
0 9 14 55 16 4 7 1 
4 1 5 24 66 5 9 4 
5 8 75 33 28 4 8 0 
3 2 13 51 89 9 2 0 
0 0 17 63 79 3 1 8 
5 5 0 67 36 8 1 8 
5 5 18 75 42 7 9 8 
3 1 81 67 59 9 2 9 
9 0 64 36 25 0 9 5 
2 7 55 54 47 7 9 6 
7 7 23 61 57 4 9 3 
7 9 40 35 26 4 9 4 
8 0 75 46 56 3 6 3 
3 8 16 64 69 7 8 6 
1 3 12 33 32 7 5 3 
3 8 17 49 69 4 2 1 
4 3 21 12 59 2 4 2 
8 9 25 40 62 5 5 3 
5 4 54 69 64 1 8 7 
0 0 6 66 0 1 6 2 
5 1 19 58 46 0 1 4 
5 3 29 36 86 7 8 8 
5 4 9 56 53 7 3 1 
0 1 8 64 23 0 1 7 
2 0 43 41 64 3 3 5 
1 5 29 58 49 4 1 2 
6 4 62 74 48 2 3 4 
7 0 32 58 78 7 5 5 
4 4 36 51 58 4 5 6 
5 3 32 62 63 2 0 1 
6 6 13 51 62 1 3 6 
1 1 19 34 55 7 4 9 
7 7 53 60 34 7 2 4 
2 9 46 62 16 7 7 2 
9 5 39 41 50 8 1 8 
3 3 96 74 10 8 9 0 
7 8 51 45 39 8 4 9 
2 6 28 86 30 1 1 8 
3 1 5 36 50 6 8 1 
5 2 10 103 58 0 9 0 
4 7 0 35 56 0 6 2 
5 0 97 65 46 8 4 8 
0 6 14 70 59 7 7 3 
0 4 49 65 40 4 9 7 
6 3 53 58 46 6 1 9 
3 8 34 20 24 8 3 9 
7 2 28 47 28 3 5 3 
2 1 20 12 14 2 9 9 
3 2 19 62 83 4 7 3 
6 8 3 46 4 0 6 6 
4 4 37 46 26 4 7 2 
7 7 22 50 63 9 5 8 
9 2 27 45 72 7 8 5 
8 8 17 49 38 3 5 5 
1 0 32 49 80 5 1 9 
9 7 28 44 61 9 1 5 
7 3 22 50 73 2 7 8 
6 7 2 76 65 0 5 3 
3 3 40 52 61 9 4 3 
3 4 13 55 41 8 4 9 
8 7 47 65 56 9 0 2 
1 3 43 84 51 0 8 5 
8 9 52 15 28 6 6 2 
4 0 51 19 46 9 0 0 
5 7 36 63 76 9 9 7 
2 8 43 9 55 8 8 3 
9 1 24 49 50 3 0 0 
5 4 31 12 40 6 8 4 
0 2 39 36 16 2 1 4 
7 4 28 68 38 8 2 6 
5 6 0 33 38 1 9 8 
9 1 10 59 47 4 6 1 
7 3 15 51 49 3 5 8 
4 4 52 76 44 4 0 5 
2 8 47 21 60 3 2 0 
0 0 27 30 23 5 3 8 
9 0 40 53 37 5 6 7 
7 6 50 26 17 7 1 1 
8 3 20 106 40 8 0 4 
7 8 4 47 50 4 3 3 
1 6 13 44 8 3 9 1 
4 6 63 52 72 5 2 5 
9 4 30 23 22 6 3 6 
1 8 44 13 15 4 5 5 
1 1 41 72 27 4 2 4 
6 9 10 35 59 6 0 9 
0 9 39 75 73 5 4 3 
4 1 24 69 28 6 5 8 
2 9 52 72 55 4 9 0 
7 0 11 14 36 3 3 4 
4 3 19 68 33 6 4 8 
3 7 0 73 45 8 4 5 
1 8 82 35 41 1 4 8 
3 4 27 33 11 8 2 1 
0 8 9 58 33 6 2 1 
2 3 19 37 8 5 5 9 
8 5 3 48 59 4 6 7 
9 8 36 37 44 5 4 7 
8 4 36 86 52 8 6 6 
4 8 7 83 27 7 5 4 
6 5 17 23 64 7 6 2 
1 6 53 66 72 2 6 2 
7 7 14 40 40 8 2 2 
5 1 26 41 37 1 3 7 
4 4 43 72 59 5 0 3 
7 6 30 24 25 2 7 4 
7 2 28 10 16 9 3 4 
1 4 70 41 45 1 5 9 
3 0 21 19 75 3 0 6 
9 5 40 0 55 5 8 0 
4 2 73 51 68 0 0 3 
0 6 15 79 42 0 3 9 
7 5 16 74 75 7 5 6 
7 4 25 73 55 6 0 1 
2 6 52 39 43 4 3 3 
9 6 85 64 37 8 9 6 
6 2 10 21 92 3 8 4 
0 9 41 37 53 6 7 6 
9 7 8 38 16 2 5 6 
8 1 20 95 76 0 7 5 
1 3 8 44 72 7 5 5 
1 1 55 25 76 2 1 3 
3 2 38 44 52 1 5 9 
9 0 55 85 56 4 6 6 
7 0 18 57 40 5 6 5 
8 4 45 61 46 6 5 4 
6 4 67 59 34 5 1 8 
4 5 12 27 53 7 0 8 
4 7 23 51 41 3 8 0 
3 3 51 16 73 9 6 2 
5 8 72 73 38 7 8 5 
9 7 35 58 80 6 9 4 
1 0 44 78 51 2 0 1 
2 7 51 53 7 5 1 7 
7 4 34 48 54 7 1 2 
1 4 13 45 43 3 2 3 
9 3 15 56 64 0 3 1 
5 7 18 90 73 0 5 5 
1 6 39 63 40 0 0 1 
6 4 33 52 38 6 9 9 
9 1 75 73 44 1 3 5 
3 5 12 57 57 6 5 9 
1 3 39 63 49 5 8 3 
2 3 0 22 53 7 8 3 
7 3 27 51 21 3 6 5 
0 7 45 43 25 0 0 3 
1 2 37 66 61 5 1 7 
9 8 45 54 40 1 4 0 
0 3 61 49 35 5 4 7 
1 6 55 58 41 6 9 9 
8 1 19 50 69 2 7 5 
3 7 28 78 69 3 5 9 
3 1 42 29 38 9 1 9 
8 9 15 55 47 8 3 4 
8 8 18 64 44 2 8 3 
6 9 51 34 41 6 5 5 
4 3 60 90 72 1 8 3 
9 5 36 43 40 8 6 1 
8 0 32 49 75 0 6 9 
7 2 7 64 21 2 6 9 
3 4 8 46 45 8 0 1 
2 8 22 50 67 0 2 1 
3 5 24 35 66 3 3 5 
0 0 0 15 41 2 0 4 
9 7 46 55 92 6 7 1 
5 8 38 51 48 7 6 1 
9 6 48 35 73 7 7 4 
9 1 22 61 0 1 7 9 
3 7 46 47 52 4 0 5 
9 9 7 36 69 0 6 1 
1 8 10 36 59 8 7 0 
4 2 38 38 54 5 0 2 
7 9 46 68 0 7 1 7 
9 2 49 48 67 7 4 8 
8 3 2 28 66 8 4 3 
1 2 43 42 58 0 4 7 
9 4 73 30 18 0 6 1 
8 4 22 69 53 4 8 7 
3 7 29 48 61 9 2 9 
8 9 35 64 33 1 2 0 
5 6 63 77 67 6 6 6 
2 0 55 65 60 9 8 7 
8 7 27 11 27 2 0 3 
8 3 50 64 47 6 1 1 
2 2 41 22 10 0 5 6 
3 8 45 65 50 4 7 0 
2 9 3 41 70 1 7 1 
8 9 66 29 47 2 9 4 
2 0 62 56 43 4 5 7 
8 6 15 57 48 4 9 4 
2 8 38 76 36 0 7 5 
9 4 35 47 50 2 6 6 
2 4 47 51 82 6 3 1 
8 3 34 84 53 1 6 9 
8 5 46 23 46 3 2 6 
1 4 43 58 44 5 7 8 
3 6 54 53 58 2 3 3 
1 6 3 71 46 2 3 8 
2 0 19 46 40 2 5 7 
4 4 56 65 49 5 6 9 
0 6 16 66 61 5 6 7 
8 1 57 71 0 5 7 9 
7 2 15 63 98 9 1 3 
9 3 69 16 2 6 7 5 
2 7 0 94 46 7 5 5 
9 4 0 54 31 3 5 4 
4 7 22 55 58 9 6 8 
7 6 0 64 55 6 6 6 
9 1 27 38 58 7 3 4 
9 6 0 46 58 4 6 6 
8 7 36 70 40 8 5 4 
5 1 12 53 32 9 8 6 
2 1 38 47 35 0 6 5 
6 3 31 24 54 1 7 2 
2 2 9 21 68 8 1 9 
2 0 13 62 23 0 3 7 
6 9 11 41 30 6 3 6 
3 6 0 17 37 0 0 3 
7 5 9 47 15 0 8 5 
3 1 49 24 35 6 3 4 
4 0 7 46 64 8 7 4 
4 9 57 68 40 3 0 2 
7 6 22 39 40 0 4 8 
7 8 41 49 37 0 3 6 
2 2 11 67 26 6 6 6 
3 1 57 54 38 4 2 2 
8 5 54 37 29 5 0 1 
1 6 19 82 42 2 4 1 
6 4 12 60 69 9 5 5 
0 2 0 25 55 8 9 2 
1 4 38 70 64 9 1 0 
1 3 77 35 58 4 2 4 
6 6 54 70 51 2 1 5 
4 9 26 58 0 7 5 5 
4 8 54 28 73 8 7 7 
2 2 16 70 51 1 1 6 
3 6 41 39 36 7 6 7 
6 4 36 23 81 8 9 7 
7 6 27 40 17 3 3 5 
4 1 28 19 52 5 1 9 
9 7 49 24 46 9 0 4 
9 2 38 59 94 8 6 4 
5 2 11 44 22 5 3 5 
6 5 7 21 79 5 4 3 
0 4 58 44 42 9 4 8 
1 2 33 37 47 7 2 5 
9 6 50 2 33 9 3 8 
4 0 42 48 38 0 3 2 
9 3 19 59 61 7 8 1 
2 5 32 14 19 9 5 8 
7 7 13 29 66 9 1 5 
1 7 22 42 94 8 1 7 
0 5 65 25 46 6 0 1 
6 2 16 42 62 8 1 3 
5 3 21 69 58 4 8 7 
3 0 26 43 49 5 0 1 
0 5 50 39 53 8 7 6 
0 6 50 49 38 4 1 5 
5 6 20 62 17 1 2 5 
8 7 26 55 48 8 1 1 
2 0 0 50 31 4 2 1 
7 8 59 58 61 4 3 2 
1 2 47 38 55 9 3 8 
3 0 72 65 121 5 1 4 
2 1 50 34 30 6 6 5 
5 0 29 54 58 0 1 9 
8 7 18 19 26 2 6 8 
6 7 47 65 34 4 0 1 
4 2 34 64 37 3 6 6 
4 6 22 49 62 2 1 4 
2 6 17 21 66 3 9 9 
6 8 36 29 36 7 6 6 
3 7 6 36 49 2 0 5 
1 0 39 45 35 0 3 3 
6 8 0 57 75 6 8 3 
3 9 52 14 28 2 2 7 
5 6 34 51 16 2 5 8 
0 6 43 37 54 6 0 0 
8 3 8 43 66 7 0 0 
6 6 33 64 75 8 5 3 
7 2 56 27 0 6 6 8 
8 4 0 23 37 2 7 6 
6 5 31 49 57 6 9 1 
4 8 62 24 33 7 0 4 
7 2 37 86 41 0 6 4 
7 3 40 43 43 5 8 7 
4 2 4 53 63 3 7 6 
8 4 62 82 86 1 3 8 
2 2 25 43 51 2 7 6 
4 2 0 30 33 1 4 0 
8 7 41 59 80 4 2 6 
4 2 50 27 66 9 6 1 
3 1 44 69 50 6 3 4 
7 7 62 57 66 7 8 1 
9 6 3 21 79 0 8 4 
6 2 5 59 8 5 8 0 
0 6 31 67 25 5 4 9 
9 9 55 48 45 9 9 4 
5 7 0 81 42 6 2 0 
1 1 9 46 54 0 3 2 
9 0 33 33 85 6 7 5 
3 1 59 52 33 1 3 9 
6 4 40 47 73 4 0 2 
8 6 0 48 18 8 0 5 
4 6 31 26 43 3 0 2 
3 2 0 54 59 9 9 1 
7 3 55 42 65 1 4 5 
5 5 48 44 52 9 7 3 
7 8 33 48 36 6 0 8 
7 0 20 37 68 6 9 5 
3 5 26 66 39 2 2 9 
8 0 52 30 55 1 2 4 
6 0 40 44 59 6 2 2 
9 6 73 41 46 1 5 9 
6 6 39 53 68 4 2 5 
6 7 56 57 57 9 5 6 
5 3 25 66 24 3 1 0 
5 2 13 50 47 7 5 9 
5 5 51 86 62 5 9 0 
3 7 34 23 34 5 8 5 
0 5 21 65 10 7 6 8 
3 5 29 42 38 1 7 9 
7 7 47 70 79 5 2 3 
2 0 53 52 41 6 1 3 
6 8 41 64 26 7 4 9 
2 7 16 42 58 2 7 9 
8 5 38 70 76 9 0 1 
5 4 0 57 65 0 6 0 
5 6 28 62 12 5 2 5 
1 8 62 48 99 4 6 7 
7 8 31 47 33 7 5 1 
2 1 15 30 59 0 4 0 
9 4 34 30 65 1 4 5 
5 7 27 32 52 1 5 8 
4 9 41 28 50 9 8 5 
2 1 15 38 69 0 4 1 
2 9 33 36 39 8 1 7 
5 1 28 68 31 4 1 0 
1 6 43 45 101 9 3 4 
9 1 57 46 64 2 7 9 
7 2 50 53 35 7 5 9 
4 2 53 24 30 4 6 0 
6 1 30 63 84 9 2 6 
0 5 48 28 0 6 4 2 
9 5 40 40 24 5 1 1 
6 1 49 76 32 0 6 8 
4 2 24 66 36 9 4 6 
2 8 47 59 83 9 0 1 
5 7 0 51 82 4 8 9 
8 2 44 68 26 3 7 9 
6 5 49 38 43 8 7 4 
6 9 54 28 31 2 5 2 
7 2 9 39 60 8 4 9 
7 9 33 36 27 0 2 9 
1 0 26 31 47 9 4 4 
6 4 7 32 33 0 7 4 
3 4 36 62 80 6 8 2 
5 0 35 17 62 8 1 2 
5 8 25 86 70 0 4 7 
9 0 16 54 62 8 5 7 
7 9 51 52 34 6 1 4 
8 5 8 37 84 2 5 9 
9 6 25 35 30 2 0 9 
4 3 77 64 54 2 6 1 
5 0 32 63 37 4 8 9 
8 0 23 82 39 2 4 3 
5 8 0 35 56 2 6 3 
0 7 45 101 57 6 4 3 
6 6 38 42 59 9 1 3 
3 9 63 65 74 6 6 4 
3 0 73 41 78 5 8 5 
0 4 0 27 59 4 0 4 
2 5 31 73 63 0 8 4 
8 7 41 57 28 2 1 2 
9 0 0 72 57 0 2 1 
8 7 0 45 16 5 9 4 
2 3 0 23 53 8 5 2 
4 7 36 50 52 5 9 3 
3 9 27 71 14 4 4 1 
7 4 43 45 46 9 4 7 
6 1 33 52 47 1 0 0 
2 2 32 9 11 3 3 8 
9 6 2 62 63 9 5 5 
7 2 9 37 36 9 3 7 
5 7 17 50 54 7 4 3 
4 7 3 61 14 2 1 1 
0 8 0 1 73 9 6 3 
8 6 25 53 18 9 9 9 
2 9 36 43 43 1 7 6 
9 7 2 38 46 2 6 8 
6 5 9 62 13 9 7 7 
0 1 0 28 3 9 3 1 
7 5 48 57 28 9 2 7 
3 8 11 60 48 2 7 0 
3 3 21 38 66 9 1 1 
6 3 29 94 44 8 1 0 
2 1 31 59 25 0 6 0 
8 3 22 48 29 6 6 1 
1 1 41 77 51 4 3 2 
8 9 36 43 60 9 1 9 
7 7 27 39 80 5 1 8 
0 0 28 12 41 6 7 0 
4 5 1 108 31 1 8 1 
5 1 16 71 50 7 3 6 
0 1 35 21 36 6 6 9 
6 3 25 83 64 3 4 0 
0 3 4 1 53 6 3 7 
5 5 60 15 58 3 2 4 
5 1 0 81 42 0 2 1 
6 8 0 66 64 5 5 4 
8 8 44 43 32 6 0 2 
4 8 12 67 41 0 9 8 
5 4 17 48 45 6 1 6 
9 2 38 73 40 2 3 6 
6 5 9 71 76 2 1 7 
1 7 28 44 14 7 0 6 
2 1 38 0 79 1 5 4 
7 4 7 18 43 3 7 8 
7 4 39 56 35 4 2 9 
8 5 26 37 55 3 7 4 
3 0 25 62 39 2 9 1 
1 7 23 64 8 7 6 5 
4 7 21 33 53 7 2 9 
7 9 47 61 74 8 9 2 
2 8 22 22 7 2 8 8 
4 6 0 42 70 2 5 8 
4 4 61 31 58 1 5 4 
0 4 40 74 25 1 4 2 
0 2 28 61 31 2 1 3 
2 0 44 39 45 5 8 6 
2 4 14 38 56 2 7 8 
5 9 17 41 31 0 1 3 
2 0 0 40 30 3 0 2 
2 9 35 18 42 5 9 7 
8 9 56 63 75 2 2 8 
0 5 20 24 65 1 1 4 
5 1 44 28 50 8 8 5 
3 8 41 57 38 9 6 4 
7 8 5 74 49 8 9 2 
3 7 29 43 82 0 1 7 
1 0 67 51 61 8 5 5 
3 2 38 41 8 8 5 0 
4 8 26 6 42 4 6 4 
2 8 23 73 28 9 9 4 
6 4 0 42 69 8 8 1 
9 3 50 29 50 1 9 4 
9 5 24 48 80 4 9 1 
7 9 20 25 68 3 9 0 
5 2 3 23 50 4 2 2 
9 1 27 46 5 9 0 6 
5 7 39 47 19 1 9 1 
4 9 4 62 61 3 5 4 
4 9 47 23 42 7 4 6 
6 4 18 56 48 8 4 4 
6 4 26 22 27 7 5 6 
5 5 15 25 64 4 0 0 
7 6 13 19 59 0 2 4 
8 7 53 28 37 8 6 8 
0 1 22 44 43 4 2 4 
1 6 8 63 57 8 8 2 
1 1 60 45 59 2 0 0 
7 6 0 36 28 3 1 9 
1 3 30 37 35 6 5 3 
9 6 45 45 63 0 2 0 
0 8 39 67 48 5 2 0 
0 5 36 0 51 6 5 5 
0 1 11 48 51 0 2 4 
2 3 29 59 44 1 4 2 
0 9 32 25 77 4 0 0 
3 7 40 31 31 3 9 8 
4 2 30 32 61 6 6 3 
5 1 26 20 63 0 3 8 
6 4 33 36 59 5 6 6 
7 6 28 43 17 4 3 9 
7 1 7 51 56 2 6 2 
7 9 69 52 27 8 3 7 
6 6 45 70 27 4 8 8 
6 4 24 29 53 6 6 8 
6 4 27 56 40 4 1 1 
8 2 25 41 30 9 3 5 
1 6 79 71 103 7 8 9 
0 3 40 76 83 4 3 8 
7 2 31 59 59 4 9 7 
2 4 31 61 57 0 3 0 
7 0 0 4 60 2 8 9 
6 2 30 85 45 0 8 4 
6 2 33 34 39 7 9 7 
2 5 0 64 25 7 9 5 
8 7 41 39 45 7 2 2 
3 3 50 73 74 1 5 4 
3 6 50 66 55 3 2 2 
9 5 46 46 62 5 3 7 
9 1 12 23 62 3 0 4 
6 3 11 49 54 5 1 5 
8 0 36 58 41 8 2 5 
4 7 37 49 48 3 4 9 
5 1 63 41 27 7 6 5 
7 3 13 58 47 7 8 6 
6 5 45 66 53 9 1 8 
9 9 76 57 58 1 5 5 
9 5 35 107 32 4 3 9 
7 9 0 79 37 8 3 8 
0 7 34 39 16 4 0 2 
9 3 47 72 22 5 1 9 
8 3 25 41 41 7 5 0 
7 4 0 17 22 3 3 7 
5 5 32 56 84 8 7 5 
9 2 19 23 67 8 3 8 
6 5 42 37 52 0 8 8 
2 9 21 75 18 6 5 5 
3 1 30 37 45 4 1 6 
5 4 20 32 57 8 6 2 
7 7 59 63 51 8 5 8 
3 1 21 49 69 0 0 2 
2 2 8 40 101 8 3 0 
9 3 15 45 74 9 8 6 
3 9 22 63 30 5 2 4 
2 4 31 28 36 0 6 8 
2 9 0 11 34 8 6 8 
9 1 20 41 45 0 8 5 
9 5 33 60 28 7 2 6 
3 1 14 49 38 9 0 1 
8 7 58 39 61 5 0 0 
5 6 42 60 68 9 8 1 
6 6 30 124 21 3 7 7 
0 7 11 51 63 1 9 3 
9 7 31 80 82 5 9 5 
8 3 16 42 14 8 0 4 
7 9 14 50 67 6 5 3 
5 4 20 31 31 5 4 1 
3 4 21 17 40 6 8 3 
6 9 21 63 69 3 5 4 
3 2 29 62 59 6 7 4 
4 1 34 26 55 5 6 7 
1 7 25 52 73 2 7 0 
5 4 25 62 72 4 6 2 
2 5 38 46 37 0 6 5 
5 3 26 44 64 5 6 6 
6 0 27 40 47 2 2 4 
4 3 10 14 60 5 8 2 
8 9 27 49 31 1 5 4 
2 5 36 63 46 9 5 7 
6 6 11 32 39 1 4 8 
3 2 30 33 35 9 9 1 
6 2 3 50 55 5 4 0 
6 8 26 30 21 3 1 6 
8 5 42 59 30 0 5 2 
6 6 12 28 46 3 5 5 
0 6 32 68 42 1 7 3 
1 3 32 28 18 2 9 5 
1 9 58 74 67 8 6 8 
4 8 14 39 42 9 1 3 
8 3 32 38 51 9 6 5 
1 4 53 53 29 9 4 1 
2 3 37 56 0 3 2 0 
2 3 9 79 63 6 7 9 
6 1 33 43 43 5 4 1 
0 2 24 82 37 0 8 3 
1 7 54 81 62 7 2 6 
3 7 62 51 34 6 4 4 
0 6 0 42 50 7 1 6 
3 3 11 26 42 9 1 9 
0 8 19 53 41 3 9 2 
3 1 49 67 70 1 5 2 
2 7 3 59 22 5 7 2 
2 3 12 53 47 3 0 2 
3 0 68 42 57 6 3 1 
3 3 15 29 43 5 0 2 
9 6 21 58 51 7 8 4 
4 5 54 48 42 1 3 9 
1 9 38 48 71 2 6 9 
9 8 29 41 76 8 7 3 
8 3 60 11 42 3 2 4 
0 9 17 64 33 6 6 1 
5 3 26 53 3 5 3 0 
4 7 24 62 64 7 9 2 
0 4 15 45 34 6 7 4 
6 5 0 34 26 1 9 5 
7 1 17 42 60 3 5 1 
9 6 6 36 28 6 6 3 
6 2 44 51 56 5 3 8 
5 2 37 39 26 2 3 4 
7 5 42 58 65 1 4 7 
0 7 15 58 44 9 8 3 
3 4 40 54 61 1 1 8 
5 7 20 43 45 9 9 3 
7 9 43 50 54 5 8 0 
3 5 0 12 76 2 7 9 
0 4 33 19 71 8 1 5 
4 3 28 55 28 2 9 4 
6 2 19 37 70 1 2 3 
6 5 42 69 27 1 5 7 
6 8 34 54 74 0 2 7 
9 3 60 31 23 5 5 2 
0 0 29 77 20 2 5 5 
5 6 43 79 37 6 0 1 
2 1 15 41 27 6 8 6 
8 0 13 41 61 4 4 4 
8 8 14 22 61 4 5 3 
8 4 12 62 43 5 5 7 
0 2 0 94 72 0 4 6 
5 6 46 33 55 7 2 5 
7 3 49 49 11 4 2 6 
3 0 10 49 31 9 8 0 
9 8 49 46 66 6 7 2 
4 5 24 34 29 9 4 4 
1 3 33 57 46 0 6 2 
8 1 29 73 47 3 1 6 
9 5 72 37 27 1 4 5 
1 0 71 75 58 3 5 8 
9 1 48 6 53 5 5 7 
9 8 16 76 59 2 6 9 
7 6 34 60 42 6 6 6 
0 3 29 22 22 8 6 9 
3 3 3 41 52 5 8 0 
2 7 17 64 44 7 8 9 
7 4 20 70 60 0 8 4 
3 8 22 59 64 2 0 8 
7 0 23 68 36 8 8 9 
4 1 19 87 60 0 9 4 
7 1 48 23 65 5 0 2 
4 4 22 58 14 3 6 8 
2 1 19 42 64 3 4 6 
7 9 19 28 19 0 2 9 
4 2 25 59 33 6 2 0 
8 8 51 54 10 9 7 5 
6 0 73 45 29 9 7 9 
9 0 44 38 47 0 7 1 
8 4 29 20 38 9 7 9 
8 2 38 71 38 5 6 3 
5 1 32 48 54 6 6 5 
4 3 0 38 76 5 1 0 
0 8 28 86 56 1 8 5 
5 4 8 14 26 0 9 7 
5 1 27 50 29 2 0 5 
8 5 28 54 49 3 7 0 
7 6 34 46 35 9 1 5 
9 3 0 28 55 1 7 8 
5 2 10 29 36 4 2 3 
8 1 13 35 64 4 1 1 
8 3 10 46 42 7 8 3 
4 1 52 20 20 4 0 0 
0 2 0 73 12 6 5 2 
2 9 16 47 53 8 6 4 
3 9 22 74 67 2 6 0 
7 1 16 62 92 3 7 8 
9 8 58 62 44 2 4 2 
1 7 14 59 27 3 5 6 
6 4 3 53 33 8 0 3 
6 1 35 67 35 1 9 4 
0 1 24 21 60 6 1 0 
8 1 53 71 16 0 3 1 
6 6 18 85 54 2 5 5 
4 4 35 53 56 1 0 0 
2 0 23 53 87 3 6 2 
7 7 6 65 32 8 0 4 
5 4 36 58 30 7 6 3 
1 6 38 50 41 6 8 5 
6 0 34 67 54 3 2 9 
0 1 27 66 32 2 3 3 
7 6 20 3 14 6 8 4 
4 7 80 11 32 3 1 1 
8 6 41 76 49 3 1 9 
0 3 35 65 54 3 5 9 
2 9 26 57 62 9 8 0 
0 8 51 75 8 0 8 4 
6 0 19 77 19 3 0 3 
2 7 47 29 28 4 6 9 
5 1 38 20 58 9 3 0 
3 7 7 71 70 4 6 2 
9 9 35 67 71 0 0 8 
4 9 0 50 64 0 7 8 
8 7 49 70 44 1 0 0 
0 1 40 83 91 9 2 6 
8 1 52 79 59 2 8 5 
1 0 17 61 33 5 5 3 
2 8 12 14 84 6 0 2 
9 7 0 63 60 4 2 9 
4 8 43 33 60 7 6 7 
0 4 22 64 57 4 7 9 
4 5 29 53 44 8 6 9 
2 2 22 43 23 7 5 0 
6 7 27 50 62 5 0 0 
5 0 43 91 52 2 3 8 
9 5 0 65 57 8 8 9 
3 0 38 62 40 8 2 3 
2 9 47 34 61 4 3 7 
4 1 9 60 81 5 6 9 
6 5 38 87 13 9 4 8 
2 0 55 21 27 7 7 4 
8 9 75 33 41 7 8 9 
5 3 0 91 65 7 8 7 
3 4 14 52 39 4 5 8 
2 3 39 62 25 6 4 9 
9 4 34 44 58 1 4 1 
9 1 3 47 25 9 5 1 
9 2 31 21 55 9 5 9 
0 3 40 62 12 2 9 6 
0 8 5 32 9 1 7 2 
6 9 16 36 75 3 6 7 
7 6 49 30 37 2 8 4 
8 2 74 47 21 8 8 5 
2 5 38 62 42 9 4 5 
5 5 34 32 44 8 1 2 
8 0 40 70 37 3 5 5 
0 0 35 52 46 3 8 7 
9 8 13 40 64 1 0 3 
4 3 17 55 61 8 6 8 
2 9 0 80 28 6 1 5 
4 6 36 37 26 7 5 2 
6 1 11 46 40 2 2 2 
6 4 37 41 46 9 7 8 
9 3 20 59 97 5 7 8 
6 5 17 44 36 5 2 5 
2 0 50 9 43 3 3 4 
0 4 19 37 39 7 9 9 
5 3 7 38 7 8 5 3 
1 6 43 35 41 1 8 4 
9 0 24 57 38 6 1 2 
5 7 10 44 52 8 4 9 
2 7 15 56 13 6 4 9 
2 0 38 34 31 3 7 3 
7 2 22 56 75 6 2 8 
1 6 19 75 80 5 3 4 
8 2 2 74 49 6 2 1 
6 4 10 71 49 8 7 5 
2 1 27 28 27 9 6 3 
6 7 55 29 55 9 3 6 
6 1 42 74 41 5 9 7 
4 0 35 56 43 9 7 2 
3 3 55 82 40 0 3 0 
8 7 45 56 28 2 7 6 
0 1 61 24 58 0 5 0 
4 3 20 51 61 1 4 5 
9 2 39 79 14 8 9 9 
6 1 26 44 50 9 9 1 
5 6 27 27 46 5 3 1 
9 5 0 53 86 3 4 4 
7 5 0 44 79 3 1 8 
3 2 20 61 34 1 0 6 
1 1 0 48 64 0 1 5 
7 1 18 62 48 0 4 4 
6 5 36 46 35 3 0 7 
6 2 15 62 56 8 7 9 
4 7 39 31 56 0 4 8 
1 2 48 66 28 5 4 0 
2 3 42 36 57 5 9 1 
1 4 7 37 30 6 2 6 
2 3 10 9 57 1 9 6 
9 0 40 50 68 5 7 3 
5 0 25 71 41 4 2 4 
2 9 4 45 35 4 5 0 
6 2 27 50 65 2 8 5 
3 5 16 66 52 6 0 1 
4 1 18 72 0 4 7 4 
9 3 32 73 34 4 7 6 
6 3 0 67 67 8 7 1 
2 3 52 48 50 1 0 0 
9 1 33 69 29 8 0 3 
0 0 0 18 26 2 0 4 
5 3 27 72 51 4 0 9 
9 9 10 30 14 5 7 0 
3 9 76 67 66 7 9 9 
2 1 3 33 85 4 8 3 
1 8 38 64 56 4 5 9 
1 6 35 34 67 7 9 5 
5 8 40 4 30 7 7 1 
0 3 31 20 29 7 8 4 
8 7 39 56 54 9 7 9 
0 0 25 38 52 5 1 8 
9 1 6 38 26 0 9 0 
3 9 20 59 33 5 6 6 
3 8 62 58 59 2 6 6 
9 9 7 62 66 0 0 5 
8 1 20 31 60 8 7 1 
2 7 4 36 94 4 4 6 
1 8 60 49 65 8 6 2 
6 2 0 48 69 6 4 1 
3 1 51 26 28 6 0 4 
1 3 56 65 81 9 9 6 
9 4 31 52 54 3 5 9 
8 8 61 50 66 1 3 2 
4 5 57 72 47 9 3 2 
7 3 24 64 51 2 2 5 
6 2 32 71 44 1 2 2 
9 0 40 66 59 3 7 2 
8 9 6 34 48 3 3 6 
4 4 35 40 38 4 5 4 
1 7 0 48 66 8 3 1 
7 0 16 54 54 3 2 8 
3 3 24 52 81 0 3 0 
5 7 11 49 16 1 5 0 
1 2 31 44 104 0 3 4 
0 6 40 28 86 7 5 4 
4 2 92 33 34 9 6 8 
9 8 9 43 9 3 0 0 
9 8 57 34 41 7 4 2 
7 7 0 21 46 6 4 0 
3 2 7 73 55 9 7 0 
2 5 38 56 43 5 0 1 
2 7 22 62 16 3 7 5 
5 2 44 64 75 6 8 9 
8 5 39 40 51 0 6 8 
6 6 42 77 43 1 0 4 
4 4 5 39 56 6 0 8 
2 6 22 74 66 0 1 7 
7 7 20 18 45 8 3 3 
4 6 15 63 46 7 7 0 
7 6 17 10 31 1 5 7 
7 2 0 58 69 0 4 8 
3 5 0 65 48 4 4 5 
6 9 0 76 25 1 2 5 
8 4 16 60 50 7 7 4 
4 5 62 51 74 7 9 3 
1 2 45 57 36 8 8 7 
4 2 9 40 45 3 8 8 
3 0 25 59 36 0 0 5 
8 1 67 57 75 5 6 6 
5 3 23 31 72 6 2 8 
9 1 25 28 46 7 3 2 
9 9 13 77 12 4 6 8 
8 0 45 28 48 0 2 4 
9 4 34 9 11 3 2 0 
0 7 6 76 98 7 3 5 
9 4 43 48 45 0 2 1 
2 5 4 58 38 7 4 6 
6 0 0 71 37 1 5 7 
4 2 46 61 79 2 4 5 
8 2 74 35 37 4 2 6 
2 9 0 50 61 1 2 1 
0 2 0 49 76 7 5 3 
1 7 13 93 61 2 1 5 
8 5 5 64 60 3 3 6 
2 9 21 3 17 4 1 4 
4 6 27 46 28 6 7 9 
1 1 50 22 74 4 6 3 
9 0 37 74 0 8 1 4 
8 1 17 16 0 2 9 1 
4 5 31 34 34 0 5 4 
8 1 10 37 47 8 0 6 
0 2 40 49 26 7 7 2 
0 7 0 32 33 8 5 6 
4 3 56 81 76 4 6 3 
2 2 35 18 67 2 4 1 
3 6 63 39 72 3 1 6 
5 0 58 11 28 9 9 1 
5 3 16 52 66 6 5 0 
5 8 0 23 57 5 7 9 
7 0 26 48 30 4 5 7 
2 2 12 70 20 4 7 3 
4 8 19 84 39 0 5 1 
5 4 3 56 32 5 0 6 
3 3 30 61 68 7 5 5 
4 2 1 71 22 9 3 2 
5 4 56 46 43 3 5 2 
3 8 30 66 49 0 5 1 
8 1 27 32 54 0 1 9 
1 3 52 32 52 9 2 0 
0 3 19 46 54 4 7 2 
0 7 29 21 75 5 4 4 
2 8 0 20 42 0 6 9 
9 7 33 45 39 6 8 5 
0 5 18 41 10 0 1 8 
6 0 14 42 18 5 3 4 
5 6 37 39 37 5 7 1 
6 2 0 60 79 6 0 2 
7 5 41 38 53 0 1 7 
9 2 63 53 69 5 1 2 
3 2 20 79 51 8 7 1 
8 2 90 46 32 2 3 3 
6 2 8 77 67 9 7 4 
9 7 56 30 67 8 0 6 
6 0 38 86 83 6 3 6 
2 3 46 60 62 7 6 4 
1 8 3 19 73 1 3 6 
5 1 0 26 45 5 1 5 
0 0 10 55 23 8 0 0 
2 7 51 70 32 3 0 8 
5 2 13 72 66 0 8 0 
2 4 32 67 40 8 1 5 
7 5 37 17 57 7 2 6 
8 5 53 70 29 8 5 1 
4 0 20 56 44 0 2 0 
1 7 23 51 62 4 7 7 
8 5 19 47 39 6 6 1 
7 0 0 33 35 8 6 2 
3 1 4 47 68 0 6 1 
9 7 35 88 66 2 1 7 
5 7 65 49 81 8 8 2 
7 9 25 65 50 2 2 3 
1 7 38 19 61 9 3 3 
5 9 29 37 47 1 6 3 
9 9 54 48 52 7 3 2 
5 4 28 72 54 6 8 2 
7 0 45 70 68 1 1 5 
2 3 54 67 38 3 5 4 
9 7 1 17 42 7 5 2 
0 0 34 44 36 1 1 9 
5 4 41 38 50 0 0 0 
3 7 0 42 52 5 3 0 
3 4 39 22 40 9 1 0 
0 7 49 38 55 1 7 6 
9 6 17 21 44 8 6 5 
9 2 49 49 71 8 9 9 
2 8 32 77 79 5 8 9 
1 1 71 67 47 3 2 3 
3 0 0 55 41 5 1 1 
1 3 19 70 70 0 3 9 
1 2 9 37 30 9 5 7 
2 4 61 43 90 7 8 2 
2 0 23 47 56 3 0 6 
3 5 70 83 43 5 2 5 
4 9 36 45 24 2 4 5 
9 0 18 32 71 0 9 3 
7 5 2 44 63 7 9 0 
6 5 64 77 82 9 9 1 
7 9 23 49 49 5 1 0 
1 0 15 80 40 0 9 5 
2 3 11 54 79 5 6 5 
6 4 39 31 44 9 1 2 
2 6 56 30 39 8 7 3 
0 4 50 44 51 4 1 3 
7 8 35 60 51 7 5 0 
8 3 36 34 46 6 2 2 
6 1 29 55 38 2 4 5 
8 5 21 28 5 9 3 4 
2 0 0 48 66 3 7 4 
1 0 29 8 45 7 8 0 
2 6 16 30 23 6 3 0 
6 8 35 43 43 0 4 6 
3 6 51 30 25 3 6 4 
1 4 56 51 33 7 3 2 
7 7 29 63 47 9 7 9 
9 2 45 70 41 3 0 7 
6 4 0 51 54 1 8 2 
7 4 22 53 42 4 8 4 
5 7 37 30 63 3 6 5 
0 0 33 45 45 2 5 9 
3 7 0 57 49 3 8 7 
2 1 3 55 53 8 4 6 
8 9 39 42 80 2 6 7 
4 3 14 16 43 9 8 2 
0 8 18 65 49 4 2 1 
3 1 34 81 77 5 6 9 
2 4 73 33 78 6 9 7 
1 6 43 34 60 0 3 9 
4 0 30 40 36 1 7 3 
6 2 32 44 41 0 5 1 
1 3 49 53 30 2 7 6 
2 6 40 59 50 8 3 5 
8 2 26 77 63 4 3 6 
0 1 74 38 55 9 5 3 
9 2 21 56 36 1 2 9 
8 3 29 50 59 2 0 0 
5 2 8 39 48 6 5 6 
5 4 75 76 60 9 6 1 
9 8 20 101 71 0 3 2 
9 9 7 0 49 7 6 1 
3 5 5 73 56 1 2 7 
6 2 23 69 64 3 0 6 
1 2 47 49 58 7 9 6 
0 6 38 52 37 6 4 6 
8 3 13 26 59 4 7 2 
6 9 33 18 78 7 8 4 
9 2 11 39 54 2 7 1 
9 9 5 35 60 9 7 1 
2 1 0 29 43 1 8 4 
9 3 30 13 36 5 4 0 
2 5 16 31 0 7 1 0 
1 2 60 77 50 4 0 9 
3 9 33 52 31 0 5 3 
9 0 19 61 22 9 2 3 
0 4 51 53 55 4 7 7 
9 1 46 59 67 3 7 8 
7 3 30 19 20 3 4 3 
8 2 51 39 30 0 0 8 
4 1 11 38 25 0 2 8 
1 0 9 44 59 7 9 3 
4 1 33 74 67 2 6 1 
7 3 35 13 15 0 2 5 
2 0 1 43 25 1 1 1 
5 6 29 58 7 9 3 1 
8 6 0 4 89 4 5 3 
9 1 29 64 51 9 2 0 
4 3 29 63 49 1 5 7 
4 2 65 46 68 3 2 9 
7 9 10 40 44 1 7 6 
4 8 0 42 61 7 8 0 
1 3 55 59 60 2 9 8 
0 5 37 31 45 4 2 9 
4 5 34 34 45 6 3 5 
2 7 46 48 51 4 5 7 
5 4 0 39 23 7 3 6 
4 6 21 26 39 7 8 0 
0 8 12 89 36 5 9 9 
8 5 51 74 35 5 7 7 
8 0 9 39 65 7 1 7 
2 4 21 30 42 8 4 7 
9 6 49 31 34 2 7 4 
4 5 36 51 28 1 4 0 
7 8 22 48 48 9 8 7 
3 2 1 19 37 2 7 0 
7 0 13 38 72 9 6 3 
1 7 23 40 45 7 7 6 
9 0 30 58 17 3 9 6 
9 6 23 38 96 9 7 9 
1 4 25 68 37 3 0 1 
3 6 34 49 59 8 6 8 
7 1 20 42 36 7 7 0 
3 1 31 50 47 0 8 9 
8 9 52 42 97 0 5 6 
8 5 52 37 75 2 3 5 
2 6 66 6 57 8 5 2 
5 6 9 5 48 0 8 6 
6 9 3 52 43 2 9 2 
4 2 25 8 38 0 8 7 
5 0 9 63 21 3 6 5 
5 9 19 45 42 7 1 2 
7 0 7 101 69 1 7 5 
6 9 63 73 21 9 9 7 
4 2 36 65 40 5 9 3 
5 7 29 31 59 3 5 5 
4 1 57 27 37 4 0 2 
4 5 44 20 27 2 7 7 
1 2 0 43 32 3 3 1 
7 5 42 43 38 1 3 2 
4 0 26 19 37 2 7 3 
9 3 54 31 47 6 9 7 
1 1 0 87 20 0 5 9 
5 1 9 89 61 6 9 0 
6 1 62 55 31 8 8 7 
9 9 33 22 47 7 2 2 
1 0 32 57 64 7 5 0 
4 3 61 32 51 9 9 9 
7 6 0 45 70 1 3 3 
7 2 40 41 76 8 9 5 
9 4 25 39 83 8 8 2 
2 1 65 0 62 6 7 8 
4 3 32 60 63 9 6 9 
9 7 52 31 64 4 4 8 
8 0 59 66 54 5 4 0 
7 1 5 71 30 7 8 3 
4 3 54 61 63 8 5 0 
6 5 18 64 56 6 4 8 
8 9 30 31 53 2 9 0 
3 8 71 39 42 1 1 9 
5 4 43 73 73 4 3 7 
0 3 26 12 69 5 5 8 
5 0 68 39 32 7 1 6 
1 3 6 87 44 1 3 7 
5 5 41 79 46 7 0 3 
6 8 62 67 75 3 1 3 
1 7 5 54 33 7 3 1 
7 4 20 105 76 9 5 9 
3 4 36 46 71 9 6 6 
7 6 15 57 33 3 1 9 
7 0 44 65 78 2 5 5 
7 2 54 54 54 3 1 1 
1 9 55 47 65 3 1 3 
6 1 24 33 54 2 6 6 
1 6 5 40 72 0 7 8 
5 6 25 56 35 1 2 5 
3 0 23 47 40 4 5 8 
8 7 71 64 48 8 8 3 
6 3 0 50 70 5 0 5 
6 8 7 23 38 7 6 5 
9 9 47 33 38 9 1 2 
9 2 15 50 51 8 1 9 
1 7 28 73 53 1 8 0 
0 1 64 44 46 4 2 4 
2 9 14 26 69 8 8 6 
9 3 26 71 37 7 1 5 
5 1 41 68 42 6 7 8 
4 3 0 57 49 6 9 5 
7 3 14 35 33 9 6 1 
4 2 47 46 11 2 8 8 
2 2 62 60 51 3 1 0 
4 0 44 23 64 1 6 8 
4 9 3 60 41 0 6 4 
1 7 28 70 50 7 9 9 
0 4 44 57 36 4 3 3 
1 1 38 45 34 2 0 1 
4 0 69 72 23 9 1 9 
0 0 58 57 69 6 1 5 
2 2 62 18 16 8 7 9 
9 0 36 14 32 1 8 9 
1 2 39 74 50 7 2 8 
6 4 0 18 75 3 0 0 
4 4 3 20 66 9 7 7 
3 4 33 47 30 4 1 4 
5 4 47 67 45 5 1 4 
6 2 16 56 60 0 3 2 
7 2 0 14 49 1 8 6 
9 8 21 35 17 7 9 3 
1 4 67 46 56 6 8 4 
5 3 30 35 53 6 9 0 
4 5 13 66 39 1 7 3 
5 6 41 26 72 7 4 4 
8 5 3 31 53 3 0 7 
4 7 38 52 78 3 2 1 
1 4 0 51 34 6 0 7 
1 3 16 20 26 3 4 6 
1 7 18 36 33 1 1 1 
0 9 73 35 74 2 3 1 
6 9 18 75 44 6 8 1 
7 6 32 44 55 5 8 3 
4 2 24 65 63 6 7 0 
6 0 34 36 49 2 9 6 
3 8 26 22 47 4 0 8 
0 3 32 58 52 8 6 8 
6 3 59 57 41 4 9 2 
0 1 33 75 60 9 8 6 
2 4 40 73 39 5 4 9 
7 8 43 41 68 3 9 6 
4 6 21 41 74 1 8 2 
9 9 23 26 58 0 9 4 
5 8 12 77 46 8 9 2 
6 0 47 49 79 6 3 0 
3 1 40 34 43 1 3 5 
3 5 30 72 60 8 0 6 
8 6 38 25 22 4 8 7 
4 5 23 26 47 2 2 2 
8 7 62 39 50 9 8 8 
6 9 15 57 49 2 6 5 
2 8 38 72 47 9 7 1 
9 4 36 85 57 2 9 7 
3 9 24 84 60 9 0 4 
3 3 33 22 22 0 6 0 
1 7 26 55 61 7 8 3 
2 4 7 68 68 2 5 0 
6 4 15 75 25 5 8 8 
5 1 25 46 41 2 0 4 
0 7 54 84 41 3 9 2 
7 2 30 26 20 1 5 6 
4 7 69 11 42 9 1 0 
4 6 50 51 44 8 3 3 
7 5 27 103 20 3 0 6 
3 9 18 52 40 5 8 5 
8 2 19 90 16 7 8 2 
4 3 45 36 83 1 0 5 
9 8 10 60 32 5 1 0 
7 6 40 27 35 1 0 8 
3 9 59 43 70 8 1 7 
0 7 0 51 76 8 8 3 
9 9 19 19 67 7 9 6 
5 0 29 37 24 5 7 1 
9 3 16 64 59 3 9 8 
0 5 36 57 49 4 7 9 
1 1 11 58 62 0 5 0 
9 8 46 20 70 0 7 7 
8 5 28 125 42 3 0 8 
9 5 43 70 56 8 3 6 
8 6 50 61 37 5 6 9 
7 9 32 38 47 4 7 9 
4 1 44 42 86 0 8 2 
6 8 5 66 89 5 9 3 
2 3 18 37 69 3 5 7 
2 6 5 71 44 9 9 8 
1 3 17 51 63 9 8 8 
4 0 4 71 63 1 2 3 
4 1 2 57 33 0 4 3 
3 1 57 52 61 8 7 1 
3 7 32 34 22 7 0 1 
0 9 31 29 42 0 2 4 
2 4 43 59 15 3 5 4 
1 8 36 35 54 3 7 4 
1 1 20 57 65 1 4 3 
5 5 51 6 54 6 7 7 
3 7 42 58 26 1 0 3 
2 8 26 27 43 7 8 7 
1 2 53 81 46 2 4 2 
4 0 0 47 61 4 3 2 
7 1 18 37 23 5 4 7 
8 0 0 54 57 7 2 6 
5 5 27 43 22 1 1 9 
4 0 57 65 6 4 5 4 
5 0 0 35 76 7 9 4 
0 8 28 74 88 8 0 9 
7 7 8 30 16 4 3 2 
2 6 26 9 46 0 0 5 
7 2 37 64 49 9 4 0 
5 1 0 33 73 9 8 3 
7 4 15 66 72 4 1 5 
0 2 0 49 16 7 3 2 
3 6 23 23 30 2 2 5 
9 8 0 49 41 8 4 7 
1 6 34 52 47 7 2 1 
1 3 40 69 50 6 7 6 
9 8 66 14 36 4 4 6 
0 9 0 73 48 3 8 1 
2 4 25 62 34 5 7 0 
6 8 18 27 18 0 1 2 
7 1 58 43 61 2 6 0 
9 9 29 53 58 4 6 5 
6 3 36 73 78 6 0 2 
9 0 31 59 47 7 7 7 
4 8 38 53 48 2 9 0 
4 1 4 53 31 0 9 7 
9 3 38 0 42 2 2 7 
1 5 10 65 30 2 2 4 
8 4 5 35 47 9 7 0 
2 5 9 29 47 0 9 8 
8 5 0 78 47 2 7 3 
3 7 17 65 25 8 3 7 
3 6 0 61 53 3 8 3 
6 7 32 74 37 8 9 2 
5 3 56 58 70 2 3 4 
1 0 46 15 81 9 1 0 
6 5 59 39 41 9 5 7 
9 0 33 0 73 9 2 1 
8 5 42 33 68 0 7 9 
1 2 23 13 60 8 4 0 
2 9 28 20 45 9 9 4 
9 2 74 57 57 4 8 3 
9 0 62 52 38 2 0 6 
