8 3050
1 5 13 43 49 2 8 0 
2 2 42 28 68 6 6 7 
5 9 22 64 11 5 4 7 
2 0 57 50 78 6 5 0 
6 1 6 66 22 4 1 2 
4 8 30 22 65 8 1 1 
7 2 29 56 103 0 5 5 
7 0 31 62 17 6 4 2 
5 2 46 51 49 3 4 1 
1 4 69 53 71 9 9 0 
3 5 4 52 43 6 6 5 
5 4 15 55 35 5 6 1 
9 6 27 30 28 3 9 0 
9 2 22 55 67 2 2 8 
5 9 0 56 61 4 1 5 
9 6 14 37 70 0 1 3 
2 2 20 44 39 3 9 6 
1 8 33 11 41 1 2 4 
3 9 27 71 36 5 8 2 
7 6 0 53 24 1 9 7 
0 2 26 59 24 3 2 5 
2 1 45 52 22 1 4 3 
3 5 23 39 55 4 6 0 
9 4 31 42 26 7 2 0 
7 3 75 68 10 5 7 6 
9 1 31 57 14 7 0 8 
8 3 24 60 48 2 3 5 
2 7 0 19 14 5 1 9 
4 5 11 54 75 0 2 7 
3 7 21 6 52 5 8 8 
7 7 50 63 63 7 2 1 
1 1 17 45 69 0 8 1 
1 6 2 36 75 2 9 3 
8 1 23 55 31 4 0 6 
1 6 42 33 65 8 5 6 
0 0 52 75 38 2 5 0 
6 7 23 68 15 0 0 9 
3 0 21 21 49 1 8 1 
7 8 29 63 65 0 9 3 
8 4 30 59 58 2 5 0 
0 3 23 57 43 5 3 3 
7 5 39 45 67 3 4 3 
8 0 22 26 75 7 3 2 
5 9 38 18 68 9 0 1 
3 4 39 66 31 8 4 7 
4 0 27 59 67 7 1 5 
4 6 48 71 0 5 8 8 
8 2 37 56 76 7 2 2 
7 6 68 15 59 4 8 7 
2 1 26 32 27 7 7 6 
6 6 26 49 47 6 3 9 
9 0 35 80 27 7 3 3 
0 3 33 66 41 0 9 7 
2 2 27 53 26 7 7 0 
5 8 36 43 78 4 0 2 
6 8 53 46 100 1 7 5 
7 1 13 83 77 3 8 9 
6 8 28 47 60 4 6 8 
9 7 39 58 15 4 5 1 
7 4 56 48 64 3 8 7 
1 2 39 19 79 4 4 6 
1 0 63 40 24 0 5 9 
8 0 16 62 47 5 2 0 
2 9 38 58 71 1 5 2 
9 4 9 38 49 2 7 0 
9 9 21 56 65 3 0 3 
7 9 21 30 60 1 2 2 
9 0 51 44 25 7 4 3 
5 5 28 45 29 9 9 0 
9 1 37 61 81 3 6 5 
8 4 52 45 79 3 4 6 
2 2 34 55 36 1 8 0 
5 1 32 73 1 6 5 9 
0 3 48 50 41 4 6 4 
0 1 17 1 60 5 5 8 
8 7 28 59 78 3 3 7 
1 0 56 16 70 8 2 7 
6 1 35 30 31 1 1 3 
9 5 0 58 48 2 1 5 
1 4 14 50 39 2 5 8 
6 5 22 81 42 7 5 0 
4 1 26 41 66 1 0 5 
4 8 68 40 49 5 2 9 
2 3 14 40 63 0 3 0 
9 8 44 41 34 3 3 6 
3 6 66 76 57 4 5 7 
2 4 44 16 46 1 5 0 
3 8 2 36 32 7 1 8 
6 3 43 53 56 3 6 8 
3 1 19 89 81 0 7 5 
1 8 69 31 61 5 5 2 
8 8 1 39 48 7 5 2 
7 5 12 24 67 0 8 4 
7 5 0 104 55 9 3 2 
3 3 0 45 62 7 6 6 
7 0 18 67 46 7 6 3 
7 8 46 81 39 3 9 4 
6 3 39 56 49 1 5 2 
6 2 52 75 100 0 2 6 
2 0 14 72 61 8 7 6 
8 3 40 43 45 6 8 7 
4 3 25 42 46 3 1 1 
7 6 33 51 58 0 6 3 
0 6 13 12 41 5 5 6 
9 4 58 102 73 0 7 0 
1 0 14 91 52 8 4 2 
4 4 20 74 63 2 4 6 
2 9 0 64 82 5 7 4 
2 1 27 77 25 9 8 9 
9 9 66 57 26 9 8 8 
1 0 0 50 55 1 8 6 
8 0 29 68 41 6 9 7 
1 9 8 22 46 9 1 0 
3 9 16 52 56 0 2 3 
4 3 44 76 10 4 7 8 
6 5 24 42 45 8 6 1 
9 3 22 87 20 0 2 9 
4 7 37 46 74 0 3 1 
6 1 27 56 36 2 9 6 
5 3 40 25 22 8 5 9 
2 5 0 64 60 5 0 9 
2 0 0 60 5 8 4 5 
2 2 59 42 30 0 6 7 
5 0 63 38 40 1 5 1 
0 7 71 54 39 4 0 0 
5 8 54 71 62 4 4 3 
2 0 26 52 82 1 9 0 
3 3 47 60 36 7 4 6 
9 2 24 29 65 1 1 8 
1 7 30 93 38 5 3 0 
2 2 0 63 80 0 8 7 
0 6 8 57 54 7 6 4 
5 6 2 22 42 9 4 0 
2 5 32 79 44 6 6 2 
9 5 0 44 63 3 1 7 
2 2 34 60 37 3 1 7 
9 2 18 42 46 2 2 2 
9 9 52 82 59 6 7 4 
6 4 21 60 2 8 4 5 
4 3 14 42 39 7 2 9 
9 2 71 63 64 2 3 4 
8 4 59 63 80 2 5 9 
6 3 44 50 41 0 6 4 
8 2 24 82 44 1 1 6 
6 3 36 90 35 8 5 5 
4 4 0 58 10 0 6 7 
3 7 48 49 48 7 7 9 
1 7 24 35 51 5 8 1 
8 8 0 32 75 4 8 5 
0 3 41 25 83 7 5 2 
1 0 35 85 26 2 8 9 
4 0 64 47 67 6 3 8 
7 5 25 27 90 5 5 3 
4 5 21 52 59 9 2 7 
1 9 41 57 50 0 1 7 
5 9 0 38 62 1 6 4 
8 0 52 55 52 5 8 5 
6 5 11 0 58 8 3 4 
8 9 63 44 55 6 3 0 
2 5 32 59 74 9 1 4 
3 5 31 73 44 8 6 6 
8 1 44 68 62 9 5 5 
5 7 29 65 45 4 7 2 
0 8 1 33 11 3 1 9 
2 2 41 61 67 3 1 8 
6 5 29 77 52 3 1 7 
4 5 32 24 44 3 3 7 
0 0 43 20 78 3 0 1 
9 6 0 61 18 1 4 5 
9 1 36 75 40 9 8 0 
2 1 0 51 53 7 7 1 
9 6 41 27 37 5 2 0 
7 0 31 58 73 7 0 9 
0 7 18 48 52 6 7 7 
6 0 25 36 44 6 9 6 
7 5 42 17 28 5 8 5 
0 4 73 50 75 0 7 4 
0 3 34 48 54 5 1 8 
8 0 38 46 56 4 6 5 
5 8 49 59 82 1 3 3 
8 2 23 32 37 9 9 7 
4 6 27 79 36 6 5 6 
4 7 7 73 46 4 7 2 
0 5 37 53 46 4 6 7 
4 5 0 44 49 4 2 0 
5 3 46 62 63 8 9 1 
0 2 41 52 55 1 8 5 
5 9 5 69 39 9 0 6 
7 7 58 13 68 9 9 8 
6 7 0 30 41 3 2 8 
0 6 0 34 47 2 0 4 
5 0 4 46 62 0 4 9 
9 8 23 11 57 0 9 3 
3 7 17 31 44 1 0 0 
0 2 36 31 62 1 5 5 
7 6 37 54 58 6 5 4 
9 8 16 41 12 5 3 6 
0 2 28 31 65 1 4 5 
1 7 10 49 50 4 1 6 
2 4 0 3 6 6 0 4 
1 1 30 5 80 3 5 7 
8 8 34 44 62 1 0 7 
7 9 52 86 30 9 4 6 
3 6 0 109 33 5 1 3 
8 0 3 26 27 1 3 3 
5 9 10 68 38 9 3 5 
9 3 57 51 41 1 6 0 
6 5 22 53 33 0 4 7 
2 8 4 70 20 2 9 0 
1 1 14 31 10 0 1 2 
2 7 33 65 39 3 4 0 
4 4 40 44 57 2 6 6 
8 4 74 30 73 3 2 4 
5 7 45 69 55 9 1 4 
8 2 0 41 36 8 1 3 
2 0 15 26 38 0 0 7 
9 6 41 51 41 6 9 7 
0 8 60 21 71 5 4 3 
4 4 31 61 48 5 4 7 
0 1 28 90 47 6 9 9 
1 5 59 76 36 7 5 2 
4 0 14 31 49 6 6 4 
6 4 25 100 7 7 2 7 
5 7 42 21 36 5 4 6 
7 0 34 87 22 1 3 6 
4 1 4 61 62 5 4 0 
7 2 16 78 61 3 9 2 
7 9 53 86 20 7 7 9 
4 1 0 47 34 2 2 3 
5 9 11 33 67 2 2 4 
6 5 0 63 74 4 8 9 
6 3 32 73 26 7 5 1 
7 2 0 13 48 6 2 7 
0 0 0 52 46 9 3 7 
2 8 53 27 92 4 0 9 
3 4 77 67 32 7 4 8 
6 5 49 38 36 1 4 3 
0 1 28 3 37 1 7 7 
5 3 29 72 54 8 9 7 
4 8 8 42 39 3 8 5 
3 9 9 67 61 1 6 9 
4 9 48 64 43 9 1 1 
5 5 27 61 29 6 4 0 
4 8 12 64 47 6 7 6 
8 8 40 49 32 7 4 5 
3 6 9 64 83 9 9 0 
9 6 17 45 39 9 7 5 
9 6 36 31 37 7 3 4 
7 6 37 72 62 6 1 5 
6 1 0 44 74 5 7 5 
1 4 29 48 42 5 0 9 
8 7 27 68 46 5 3 9 
2 7 33 35 45 6 7 9 
0 6 0 72 52 5 8 4 
3 8 19 75 66 3 7 7 
1 6 22 60 34 4 7 8 
2 6 6 35 60 9 4 5 
8 7 0 77 21 6 3 6 
7 5 11 75 33 8 9 1 
5 7 0 39 92 8 6 5 
6 7 20 52 0 9 2 9 
9 3 54 67 56 5 8 7 
5 7 35 61 55 5 5 8 
0 8 55 59 13 4 8 4 
4 4 0 22 68 6 0 6 
5 4 55 22 66 1 7 8 
0 9 30 39 30 9 7 4 
0 0 34 82 44 7 2 0 
6 2 4 69 23 5 9 9 
7 4 15 5 41 4 1 6 
0 0 6 63 65 6 6 3 
7 0 31 40 42 7 5 0 
9 8 28 64 48 2 7 4 
9 8 49 55 39 8 2 5 
8 2 11 52 40 5 6 0 
6 3 59 76 55 3 0 5 
4 7 34 25 66 0 7 6 
2 4 30 88 26 3 0 2 
2 5 30 37 83 5 6 2 
8 9 25 39 56 0 2 4 
1 1 42 66 54 5 7 3 
0 4 19 68 59 3 3 1 
1 4 18 22 45 6 5 1 
1 3 11 35 45 3 3 9 
5 2 35 84 95 9 2 2 
1 7 53 54 51 5 6 5 
7 0 26 52 26 7 3 0 
3 9 16 64 34 9 2 5 
1 5 31 103 78 3 6 7 
8 5 10 58 41 0 7 9 
1 1 16 49 16 3 5 7 
5 1 0 56 63 0 4 3 
1 2 32 44 60 2 8 5 
1 9 27 79 36 9 4 9 
2 1 0 45 73 1 1 4 
3 7 52 45 65 0 9 7 
2 8 58 66 30 0 9 7 
7 0 11 67 44 7 7 0 
2 7 39 75 51 0 0 8 
5 2 35 44 73 3 0 2 
1 4 24 31 4 2 3 3 
0 9 11 46 36 2 3 0 
1 8 8 34 37 1 8 5 
5 8 6 61 59 9 1 4 
7 4 11 29 75 0 2 0 
5 2 34 46 31 5 9 1 
2 4 46 69 80 2 1 7 
9 3 26 42 51 7 2 5 
5 1 45 58 39 7 6 0 
4 2 9 38 33 8 7 5 
3 8 0 12 45 4 8 3 
0 2 38 68 36 8 4 3 
7 9 41 45 13 4 2 9 
8 4 26 49 81 1 3 6 
0 4 10 43 42 9 1 7 
0 0 29 72 70 1 7 1 
3 0 8 39 6 1 1 5 
4 2 39 29 38 0 9 2 
3 4 13 56 93 1 2 8 
2 7 56 71 52 9 9 1 
2 9 44 53 65 1 4 0 
5 5 35 37 29 6 4 4 
6 9 35 57 75 0 1 6 
6 1 27 4 36 5 6 8 
3 4 23 31 45 9 0 7 
5 5 26 71 59 9 8 4 
4 7 15 28 67 5 5 8 
0 6 46 41 80 5 6 9 
1 7 65 6 42 5 4 4 
9 4 7 21 30 5 7 9 
2 2 17 52 54 1 1 5 
9 2 8 32 37 2 1 0 
6 7 22 21 29 6 2 2 
6 9 33 36 53 4 4 5 
6 2 0 59 18 7 2 3 
0 3 89 35 40 4 7 7 
7 9 6 46 46 0 6 3 
6 4 0 54 66 4 8 3 
6 6 13 7 55 5 7 7 
4 4 65 32 46 0 3 7 
5 9 25 40 66 3 0 7 
7 2 9 19 54 6 2 1 
3 3 50 30 57 3 4 4 
3 6 5 41 50 5 5 8 
6 2 50 71 24 7 4 4 
5 3 27 76 71 9 4 0 
5 2 13 34 69 0 1 7 
8 9 38 21 56 0 4 3 
0 3 4 11 52 8 8 3 
9 8 47 27 30 2 2 9 
8 5 54 81 53 3 5 8 
1 2 41 41 33 2 8 5 
5 1 75 32 27 1 4 3 
8 0 0 36 26 1 5 6 
6 7 25 46 87 5 7 9 
8 3 37 65 49 9 4 6 
7 9 56 104 50 5 7 5 
0 0 43 45 80 5 3 8 
1 8 17 27 56 6 7 3 
9 6 15 68 70 6 4 3 
8 9 34 62 63 3 4 9 
2 5 7 48 52 1 5 8 
2 0 43 72 64 2 4 2 
7 6 8 109 56 0 1 1 
6 9 9 65 26 2 6 4 
8 2 19 67 71 1 3 7 
5 3 0 36 74 6 3 2 
0 5 35 41 87 2 4 5 
8 8 33 26 44 9 3 4 
5 2 40 66 52 3 2 1 
9 9 8 45 56 0 2 6 
2 6 29 30 41 1 5 6 
3 6 10 47 33 8 2 1 
2 6 19 49 32 8 0 2 
5 0 24 39 42 7 8 9 
6 7 48 50 59 2 0 0 
1 2 25 42 38 7 0 4 
5 3 13 0 64 8 7 9 
9 5 10 83 55 0 0 3 
7 6 16 33 32 2 6 9 
3 1 47 82 73 2 1 9 
3 9 50 1 34 9 7 5 
4 4 39 36 56 5 7 9 
7 8 44 45 44 4 9 5 
3 6 25 13 59 3 6 1 
4 7 15 59 66 4 7 6 
8 0 4 48 55 0 5 5 
0 1 49 61 41 7 0 7 
3 3 26 59 80 8 8 1 
2 3 21 69 43 4 5 5 
8 3 7 84 48 2 5 6 
0 9 23 58 51 8 4 4 
7 5 34 44 72 2 7 5 
1 8 39 35 52 5 0 5 
6 9 23 40 33 3 8 5 
8 5 13 38 52 3 5 2 
0 0 47 49 29 0 6 6 
3 6 28 44 59 4 3 2 
3 2 50 45 27 0 9 8 
0 3 57 59 37 9 2 8 
5 4 63 72 48 4 4 1 
2 1 54 28 74 2 7 0 
9 7 10 58 36 7 5 3 
5 8 27 69 47 2 4 1 
1 1 16 41 31 3 7 4 
9 4 37 54 48 8 6 5 
6 2 33 47 31 7 7 6 
0 3 25 60 4 4 4 3 
8 8 34 50 61 8 4 4 
6 1 36 22 68 1 9 2 
0 9 17 79 50 3 1 7 
5 0 13 61 69 6 3 0 
5 9 36 62 23 2 3 4 
0 1 9 27 64 8 7 7 
7 9 15 32 40 5 3 7 
5 1 45 77 18 6 6 5 
8 5 27 38 62 6 8 9 
0 4 33 32 47 0 5 5 
4 5 31 71 41 0 3 2 
9 4 62 38 26 4 9 8 
7 7 54 61 43 1 6 7 
8 1 31 45 68 1 0 4 
2 1 47 63 33 5 4 6 
0 9 21 60 32 8 9 1 
9 4 31 37 44 3 1 2 
8 1 42 17 71 7 8 6 
5 2 15 98 20 7 6 4 
1 3 22 88 23 6 2 5 
9 8 33 54 54 8 2 3 
9 4 19 32 49 1 2 5 
5 6 38 46 73 9 1 4 
4 4 16 111 67 1 7 9 
3 6 20 27 39 8 7 2 
1 3 5 50 48 5 8 0 
3 9 23 18 48 3 9 1 
5 6 53 21 49 0 0 9 
8 9 6 78 83 4 4 7 
1 6 44 58 51 4 7 2 
1 7 37 20 48 0 7 6 
5 2 41 65 59 5 8 5 
1 6 33 18 0 1 9 0 
9 4 33 60 42 4 9 2 
0 3 32 75 55 3 1 0 
5 3 37 47 7 5 3 8 
1 8 8 57 24 7 4 6 
4 2 19 46 42 4 7 0 
9 4 29 67 59 4 9 3 
2 2 12 75 55 2 9 5 
4 4 35 37 46 4 8 3 
7 2 6 43 52 0 3 6 
4 7 25 43 60 9 1 7 
5 9 46 58 38 2 2 1 
6 2 35 35 45 9 5 5 
0 5 78 71 52 8 8 5 
0 0 7 78 28 4 4 1 
8 9 36 49 36 4 5 4 
6 6 41 30 52 7 3 0 
2 4 51 60 50 1 2 2 
1 2 11 43 57 9 4 7 
9 7 1 7 68 4 8 6 
3 7 47 44 26 4 8 1 
2 7 22 40 65 8 8 2 
8 7 21 67 61 3 9 4 
1 7 0 74 22 1 1 0 
7 4 10 56 42 0 9 6 
4 8 15 65 25 9 0 2 
6 3 18 46 36 6 7 2 
7 6 16 30 44 2 3 6 
2 7 23 32 49 2 2 3 
3 5 2 44 48 8 8 8 
8 0 15 49 47 9 4 3 
2 0 21 57 26 1 0 0 
2 3 37 48 60 0 6 0 
3 1 33 55 23 9 1 5 
9 0 30 78 75 3 0 1 
4 0 16 75 67 8 3 5 
1 6 21 58 54 0 3 6 
4 6 17 36 31 0 6 3 
3 5 60 57 77 1 8 6 
9 8 23 76 70 0 7 3 
2 5 16 64 23 8 3 4 
6 7 43 68 64 5 9 8 
5 7 12 31 49 4 5 5 
8 0 40 62 71 3 6 3 
5 5 43 21 40 8 8 9 
4 3 19 92 46 4 0 5 
7 3 39 39 52 0 8 9 
2 1 37 54 87 1 8 6 
5 5 49 40 49 7 3 2 
5 9 70 39 75 9 2 0 
4 6 25 61 55 5 1 0 
8 7 28 73 42 3 5 1 
5 5 14 56 85 6 4 3 
7 2 37 58 61 5 3 3 
8 0 40 28 48 9 5 3 
2 2 39 33 52 8 1 7 
4 0 18 50 65 8 0 2 
4 9 27 43 26 4 3 0 
0 3 25 47 50 4 9 1 
4 0 17 65 24 8 9 3 
2 9 76 54 34 7 1 6 
1 3 39 63 75 1 8 4 
9 2 42 27 51 3 7 1 
4 4 23 37 66 5 1 4 
9 5 29 85 35 1 7 0 
8 6 0 48 48 5 0 9 
6 2 34 54 53 2 8 4 
1 9 55 45 59 7 7 6 
6 8 40 70 56 4 0 9 
3 3 36 53 24 4 4 7 
7 5 46 38 40 1 9 5 
1 9 0 60 33 2 6 9 
4 7 3 73 52 9 9 5 
7 7 39 41 27 9 8 9 
7 5 31 66 51 3 6 1 
1 6 41 69 47 5 1 3 
4 3 48 56 47 5 9 0 
0 1 30 27 53 8 0 8 
6 5 52 43 50 7 9 7 
9 8 78 43 13 4 3 3 
6 2 32 12 69 5 5 2 
2 7 35 66 61 5 5 3 
8 6 13 68 43 5 5 8 
5 6 66 82 61 0 2 6 
7 3 30 44 76 2 9 5 
2 6 20 26 63 9 9 7 
7 0 22 39 44 0 9 8 
0 4 19 35 78 7 5 3 
9 1 50 14 63 9 7 3 
2 0 17 24 58 3 8 8 
0 6 47 14 60 5 3 6 
7 3 41 72 54 0 2 4 
7 0 41 87 22 4 0 6 
1 2 35 44 67 3 1 0 
7 4 5 33 67 2 7 4 
4 5 3 79 116 7 8 1 
3 3 51 60 50 8 7 6 
7 9 18 49 50 4 1 8 
8 6 48 61 73 1 0 1 
9 5 65 59 73 4 7 0 
2 7 3 49 68 2 3 9 
7 8 32 52 12 0 8 4 
9 5 37 93 69 1 0 9 
5 9 17 65 11 8 9 3 
3 9 40 32 57 2 8 8 
2 6 5 35 47 8 7 4 
7 2 13 63 67 2 3 1 
2 8 13 32 11 2 9 8 
5 6 4 68 51 1 0 5 
6 8 55 73 37 2 6 9 
3 5 37 44 37 8 7 8 
1 1 47 37 54 6 3 2 
4 2 14 94 82 2 7 7 
2 1 58 57 40 9 3 0 
9 5 29 54 37 6 0 8 
4 0 50 57 51 8 7 2 
8 3 31 19 56 0 4 5 
2 8 6 72 51 8 8 5 
3 2 17 33 54 5 6 6 
9 1 68 42 39 3 6 7 
5 9 25 68 70 3 8 1 
3 1 60 41 49 8 8 0 
0 9 53 63 28 3 7 4 
2 6 44 5 41 7 7 8 
9 5 33 37 77 2 0 5 
1 7 63 32 51 3 5 7 
7 2 7 26 45 9 8 1 
8 7 35 28 42 2 5 9 
9 7 29 66 46 1 2 0 
2 0 16 41 66 4 7 8 
9 1 36 66 15 0 0 4 
2 5 56 55 57 3 0 6 
2 1 50 46 51 0 8 3 
3 3 10 54 72 5 4 9 
2 0 8 62 52 0 6 6 
4 0 28 76 30 4 2 0 
5 2 0 54 34 1 3 7 
7 9 37 65 53 2 7 4 
5 1 14 59 85 3 0 1 
1 6 41 60 70 7 0 8 
7 4 18 46 15 0 5 6 
9 6 6 64 57 4 0 1 
2 4 45 43 43 4 4 5 
5 6 29 58 16 9 1 5 
1 3 36 100 44 1 7 5 
2 0 14 44 52 3 0 4 
3 6 58 61 66 6 2 5 
9 1 35 46 42 3 5 4 
3 0 29 61 20 7 2 3 
8 0 26 24 88 4 8 2 
9 8 12 28 61 3 8 1 
1 4 28 42 23 8 6 4 
9 7 51 40 35 4 8 2 
5 4 55 66 61 5 2 0 
1 0 0 47 48 7 7 0 
3 2 9 65 21 3 6 2 
0 6 22 25 28 0 9 4 
2 5 59 50 48 0 9 1 
6 1 7 47 67 5 4 9 
8 6 0 40 67 9 4 4 
8 9 32 56 39 0 3 6 
0 3 13 43 13 2 2 4 
9 0 49 34 47 1 9 6 
3 6 18 45 44 2 9 5 
9 1 17 52 40 0 6 8 
7 3 35 35 91 7 2 8 
7 7 13 49 49 9 2 8 
6 3 35 61 63 8 8 6 
9 8 32 51 32 8 7 7 
3 1 30 61 21 0 1 2 
2 2 40 55 80 2 3 7 
5 2 0 34 49 7 4 9 
1 9 34 39 24 4 0 1 
4 8 19 39 22 7 2 2 
6 7 44 38 5 4 2 0 
1 2 53 47 38 8 4 6 
5 1 21 54 40 4 5 0 
3 5 15 32 71 3 2 6 
4 5 41 90 73 1 1 0 
3 8 60 84 73 6 9 4 
4 4 33 50 61 8 0 9 
2 4 29 48 37 9 9 1 
8 9 16 65 34 1 5 7 
3 6 43 49 58 7 4 7 
2 0 42 22 29 8 8 1 
1 0 0 30 81 4 1 3 
0 3 53 88 35 0 7 1 
7 1 58 62 49 4 9 9 
4 6 53 39 27 3 2 4 
8 1 47 52 32 6 0 2 
3 3 25 68 52 7 8 2 
6 9 13 47 39 4 0 2 
7 4 30 1 57 0 8 6 
4 6 59 41 35 0 6 7 
1 2 20 15 61 1 9 0 
9 9 6 43 70 9 1 7 
0 8 16 66 31 4 9 9 
8 9 12 64 87 3 3 9 
4 0 38 51 54 6 9 6 
3 6 14 72 31 0 1 5 
1 2 53 82 54 7 4 1 
0 2 25 39 63 2 3 6 
5 2 29 77 56 0 1 3 
8 4 0 16 47 5 5 3 
6 9 14 46 44 5 3 7 
3 6 19 33 69 2 9 0 
7 3 47 71 63 6 0 5 
3 4 38 26 65 2 5 4 
4 4 36 46 67 4 0 7 
9 9 26 62 33 7 6 0 
5 4 33 44 90 6 8 5 
7 6 17 18 88 2 5 6 
4 3 20 76 65 3 8 6 
4 0 8 43 44 0 8 5 
9 0 82 70 56 3 4 4 
3 2 18 76 49 0 4 0 
9 3 41 40 54 2 0 6 
4 8 42 45 43 8 8 6 
3 7 42 9 73 2 1 3 
6 5 19 46 66 9 2 0 
1 5 19 56 113 8 0 1 
6 9 19 40 49 6 8 7 
4 7 30 35 16 1 7 6 
0 4 38 9 48 2 4 7 
9 1 37 0 34 9 2 7 
3 1 45 0 35 4 9 3 
4 2 54 95 58 6 0 3 
4 3 42 77 72 2 5 1 
3 4 21 112 27 4 1 4 
5 7 22 42 48 6 2 5 
0 2 36 18 63 5 9 1 
3 9 53 78 60 3 5 3 
1 1 6 40 17 3 5 6 
6 3 39 52 51 3 8 4 
4 1 57 60 50 9 1 8 
4 5 0 80 21 2 5 5 
0 0 89 53 45 6 9 3 
3 4 3 30 80 9 6 8 
3 4 23 43 35 6 5 4 
8 6 30 46 0 2 5 0 
6 9 56 50 74 1 9 8 
3 9 31 26 57 5 2 4 
4 1 28 77 45 1 6 9 
1 5 75 82 47 4 9 6 
2 8 16 42 44 3 4 6 
7 1 59 60 57 9 0 1 
5 3 42 72 33 5 8 2 
5 6 0 22 27 5 5 5 
8 3 3 28 41 3 4 3 
8 8 31 12 29 6 5 1 
5 2 27 63 57 8 3 7 
7 5 20 49 79 8 3 0 
2 2 19 45 36 7 6 9 
3 0 15 27 72 2 4 1 
9 3 32 61 53 2 1 4 
3 0 37 43 24 8 9 6 
3 3 4 33 47 1 2 3 
0 0 15 26 53 9 2 3 
7 5 3 50 37 9 5 0 
1 8 0 5 5 7 6 4 
2 0 39 72 70 4 2 9 
3 3 65 15 63 5 2 4 
5 8 32 28 67 6 5 0 
8 6 51 63 42 0 5 4 
1 7 28 0 69 4 6 8 
1 7 20 26 42 5 0 6 
9 7 14 56 65 4 6 1 
8 4 28 15 70 1 4 0 
3 8 13 43 17 3 9 4 
4 2 41 52 78 9 7 9 
7 6 48 45 69 0 2 9 
4 1 16 52 75 6 2 4 
5 3 0 73 46 3 1 9 
6 4 15 47 48 1 6 8 
1 9 32 68 58 8 2 7 
7 2 26 47 63 9 6 4 
0 7 30 28 10 9 8 1 
5 7 46 78 79 8 8 6 
0 6 36 71 70 6 7 9 
5 5 74 64 30 2 4 0 
7 4 36 96 55 1 9 8 
7 7 59 91 37 4 4 4 
3 2 10 35 27 1 7 2 
9 6 15 64 81 6 1 6 
2 1 23 54 31 6 6 3 
2 8 4 47 94 0 3 6 
6 8 18 25 67 5 3 1 
7 3 22 43 44 8 9 9 
2 6 0 86 68 2 9 6 
8 8 7 65 47 4 0 9 
1 6 34 90 40 1 7 7 
0 8 12 23 54 7 9 6 
6 8 2 18 39 0 2 5 
7 4 47 65 30 2 1 1 
3 4 22 22 41 3 0 2 
0 3 58 60 44 8 0 0 
2 5 31 25 27 4 7 0 
7 2 35 28 73 9 8 1 
8 2 51 52 58 5 2 5 
1 9 30 60 36 0 5 3 
1 1 36 32 13 3 4 9 
7 6 43 37 58 2 1 6 
2 6 0 79 37 2 5 3 
0 3 17 49 71 4 0 8 
8 3 31 17 61 2 1 9 
0 7 18 45 68 3 1 4 
0 8 49 42 9 3 6 2 
7 6 26 38 44 6 5 9 
8 4 62 16 52 4 0 9 
2 5 46 18 22 1 8 4 
1 3 0 26 80 4 7 5 
7 3 41 71 67 8 5 1 
1 1 20 86 68 2 3 6 
2 2 13 55 35 7 7 5 
7 7 49 49 42 2 4 6 
8 9 47 58 46 1 0 9 
9 2 40 58 39 2 5 1 
5 1 15 54 97 8 4 3 
9 5 36 50 69 2 4 5 
3 0 42 41 74 1 4 2 
8 4 25 65 57 3 7 3 
4 3 67 45 58 5 9 0 
6 5 24 19 47 6 7 7 
4 6 62 63 35 2 3 6 
5 2 63 10 29 4 0 1 
6 3 52 60 67 2 7 1 
6 5 2 33 90 3 9 4 
6 2 48 42 41 9 2 0 
0 0 7 81 37 0 8 2 
0 1 41 46 41 2 5 3 
1 8 67 26 19 0 4 3 
6 8 20 62 43 4 2 5 
4 5 12 70 21 1 1 4 
2 5 17 57 59 4 1 4 
3 5 56 59 59 0 7 6 
4 6 24 63 84 2 0 0 
6 4 23 22 66 5 4 8 
3 4 47 38 55 5 1 7 
7 0 19 37 52 0 9 7 
4 4 52 49 37 1 6 2 
5 6 69 54 15 2 3 9 
8 9 0 31 79 1 7 7 
2 9 10 31 45 2 4 0 
3 7 36 104 53 4 9 1 
8 5 40 54 37 2 6 9 
5 8 33 23 46 8 2 5 
2 3 30 67 20 0 6 9 
4 2 43 68 36 0 8 1 
7 1 18 71 29 9 9 8 
1 3 32 17 33 0 6 7 
9 9 42 29 45 8 1 5 
3 5 27 28 95 3 3 7 
1 9 48 30 112 8 3 0 
0 9 20 67 55 4 1 3 
1 9 55 44 25 7 4 8 
8 8 83 54 50 5 4 7 
4 1 32 54 57 4 0 2 
0 7 46 50 63 1 7 6 
2 8 55 33 55 0 1 5 
4 4 27 26 8 0 0 7 
5 6 17 25 16 0 8 5 
3 3 37 72 43 8 0 2 
3 4 22 73 27 7 7 2 
6 6 0 49 59 9 7 8 
7 3 38 60 60 7 5 9 
2 6 0 24 32 1 0 7 
8 7 35 50 58 3 3 6 
5 5 0 57 33 5 8 5 
3 4 39 64 39 5 8 8 
5 2 35 60 50 7 4 9 
1 1 8 36 72 5 7 1 
1 8 29 51 40 7 5 2 
6 7 33 41 70 3 0 9 
4 1 0 55 52 1 0 0 
7 6 0 36 26 3 1 9 
5 9 13 0 73 1 5 4 
9 0 6 73 39 0 4 9 
7 8 42 75 85 7 6 7 
3 4 29 80 55 3 9 5 
2 5 46 90 64 1 9 8 
2 2 73 48 45 5 2 9 
8 5 29 25 35 7 4 1 
0 6 8 70 30 7 1 6 
2 2 35 72 35 8 6 1 
6 5 82 24 14 7 2 3 
8 3 45 64 50 2 5 7 
9 3 23 91 31 5 3 9 
1 3 15 22 59 5 6 4 
2 6 17 77 62 6 6 0 
1 1 30 34 46 2 6 0 
2 9 9 82 38 8 8 1 
3 8 36 71 23 4 8 9 
1 8 34 41 17 5 9 3 
9 9 59 83 53 5 6 2 
3 2 43 65 45 5 5 1 
2 2 31 70 60 2 9 7 
6 5 34 24 57 7 1 0 
7 0 15 11 82 0 4 1 
2 6 32 69 58 8 3 0 
4 2 5 48 25 9 9 3 
1 5 47 63 60 7 6 3 
7 3 22 51 34 5 9 6 
9 9 29 67 84 3 8 1 
8 2 40 55 67 7 2 5 
5 2 68 109 86 9 6 6 
9 3 34 23 72 7 3 8 
8 9 50 40 75 2 2 7 
9 9 40 56 45 3 3 0 
8 3 25 37 31 7 5 6 
6 3 29 33 77 7 9 7 
4 9 55 42 6 6 2 0 
3 7 48 44 81 6 7 7 
6 5 1 85 101 1 4 1 
6 2 7 27 33 1 5 5 
7 9 38 34 40 4 8 0 
3 4 23 33 72 8 7 7 
9 3 23 46 26 7 4 3 
6 3 31 41 83 3 8 8 
7 0 43 49 28 4 7 4 
2 8 5 59 60 3 7 6 
6 5 0 71 32 4 4 9 
0 1 37 52 53 8 7 6 
1 3 23 57 39 2 9 4 
0 0 40 44 54 6 5 3 
8 2 24 25 49 7 2 8 
9 7 26 44 31 7 4 8 
5 6 21 87 78 1 7 8 
7 8 12 65 49 1 0 1 
6 6 27 47 32 5 5 8 
5 0 65 72 46 8 4 2 
0 0 50 40 49 7 0 7 
9 5 26 34 53 2 0 8 
8 0 39 72 48 6 9 2 
6 9 36 32 21 6 3 2 
8 9 28 80 38 4 9 2 
9 1 13 65 52 9 0 7 
0 7 36 26 33 8 3 0 
9 9 24 67 28 1 1 3 
8 4 26 81 47 3 4 6 
2 6 52 35 59 4 2 5 
1 4 43 67 31 8 9 2 
6 8 36 54 39 7 9 4 
6 9 3 18 32 3 1 7 
0 9 9 29 40 3 9 2 
9 1 5 28 60 4 3 9 
8 7 24 11 47 6 2 4 
8 0 34 37 15 7 1 0 
5 7 6 67 69 9 7 9 
0 5 35 51 31 4 4 6 
8 8 26 21 53 9 1 7 
0 7 33 85 70 4 2 2 
4 4 48 72 81 8 5 9 
6 7 67 42 52 2 9 2 
4 0 5 40 26 0 3 8 
4 6 18 33 79 4 6 9 
0 8 61 61 77 6 8 8 
3 1 3 13 54 0 2 6 
3 3 0 40 89 2 2 3 
5 4 39 50 46 0 4 1 
6 0 20 70 46 7 1 6 
7 2 43 42 65 7 7 1 
8 5 51 25 49 2 7 5 
8 0 46 71 51 0 3 3 
2 7 43 59 68 3 3 0 
9 3 43 37 91 3 5 0 
6 3 41 77 43 1 5 3 
3 9 25 76 45 0 0 1 
9 4 61 16 32 7 4 1 
6 2 42 29 60 5 3 3 
9 4 48 92 63 5 9 2 
7 4 50 32 58 6 2 5 
1 1 48 9 63 2 8 2 
2 3 13 66 15 7 9 2 
1 3 66 35 36 3 8 5 
5 4 13 65 45 2 0 1 
0 9 0 49 19 1 1 0 
8 4 11 88 67 9 7 1 
8 6 57 19 40 0 7 9 
6 7 6 71 41 3 9 9 
7 2 7 39 62 2 7 0 
9 3 57 40 68 7 5 5 
5 0 32 66 75 1 7 6 
7 7 36 45 16 6 8 9 
4 9 47 45 88 8 4 7 
6 3 19 76 63 0 5 4 
4 2 36 45 41 7 8 4 
9 3 27 49 42 2 2 3 
5 1 42 47 43 0 2 1 
5 3 0 49 0 8 8 8 
0 6 27 72 5 5 5 6 
1 4 41 60 39 9 0 4 
6 6 47 17 32 9 4 6 
3 6 49 62 19 7 5 5 
6 4 28 79 81 2 0 6 
3 6 31 60 73 2 7 4 
5 2 45 90 62 5 1 8 
5 8 28 50 73 5 7 1 
5 0 59 73 38 4 1 8 
5 9 45 43 31 2 2 8 
7 6 53 68 75 4 6 9 
5 0 17 23 27 9 7 3 
2 9 39 27 39 8 0 0 
5 7 22 79 8 0 3 6 
1 1 5 38 75 8 0 8 
6 9 37 67 79 7 5 6 
6 5 44 46 67 4 3 0 
9 7 25 66 59 7 3 0 
3 0 29 60 32 0 3 1 
7 5 49 33 53 1 2 1 
4 1 22 27 25 7 2 3 
4 1 0 39 54 9 5 9 
7 9 23 34 60 5 5 5 
8 4 33 34 48 0 5 1 
2 9 39 66 56 3 6 5 
2 3 22 67 24 2 8 4 
5 2 31 54 71 2 4 0 
8 9 19 30 49 2 8 0 
8 2 35 56 65 8 3 5 
3 6 20 69 32 0 8 1 
2 4 10 98 63 1 8 9 
3 1 70 2 37 3 0 8 
6 7 30 64 37 8 7 2 
1 4 26 77 28 3 2 6 
9 3 0 62 65 8 2 8 
1 8 28 64 71 5 9 8 
4 7 47 16 15 7 7 4 
5 3 18 50 27 5 3 2 
1 4 39 44 51 6 6 0 
9 2 45 49 45 5 8 1 
1 3 13 52 44 1 6 8 
4 6 50 69 43 9 0 6 
6 2 46 58 62 1 0 5 
2 7 35 63 54 7 1 0 
0 7 55 7 44 7 8 3 
1 9 28 40 49 7 6 3 
7 9 22 47 59 3 2 7 
8 2 30 87 63 5 2 7 
0 7 56 48 41 3 9 5 
1 5 30 64 67 3 7 4 
6 8 54 30 65 7 3 9 
7 5 60 64 39 5 7 1 
2 8 36 27 77 5 2 3 
0 0 15 62 25 5 3 6 
7 0 21 55 42 8 6 2 
7 6 41 40 61 9 8 5 
0 2 38 52 54 4 7 0 
2 6 64 38 60 0 5 2 
8 1 58 14 58 9 4 6 
7 4 30 25 27 6 3 2 
2 1 20 27 34 5 8 6 
2 3 49 29 56 9 6 7 
6 3 35 47 75 1 4 8 
1 5 32 60 8 9 7 7 
7 7 60 70 42 5 9 2 
2 1 31 49 52 9 1 6 
9 7 43 50 1 6 9 4 
5 5 22 73 38 6 9 5 
6 0 34 62 41 4 7 4 
8 3 23 34 51 6 6 0 
8 2 19 64 56 0 2 0 
4 2 24 35 57 6 7 4 
7 8 16 46 41 1 6 2 
0 2 45 27 71 3 2 0 
2 8 45 82 117 2 7 0 
7 6 21 73 37 2 4 0 
8 1 43 39 44 8 3 2 
6 5 5 47 51 1 1 3 
9 2 61 26 53 4 6 2 
3 0 60 43 76 8 6 6 
3 0 68 45 42 5 4 2 
5 8 2 52 75 4 9 4 
8 0 66 58 33 2 9 0 
4 5 0 63 18 8 1 4 
0 2 11 39 41 7 1 7 
7 0 57 29 75 8 1 5 
2 6 17 54 50 8 5 7 
5 9 55 58 56 5 2 9 
3 2 37 67 61 1 3 9 
1 6 22 71 28 3 2 7 
9 6 45 37 12 8 1 3 
9 8 24 46 63 7 8 6 
9 8 44 41 41 1 8 8 
8 1 5 31 43 9 0 8 
7 6 6 37 26 6 8 3 
7 8 54 61 56 6 6 0 
4 2 25 31 59 2 6 3 
4 9 39 36 12 8 1 8 
4 2 18 41 49 1 0 1 
4 1 41 40 51 8 6 3 
2 6 19 65 77 7 4 2 
0 2 55 89 44 3 6 7 
3 9 32 9 22 8 1 3 
4 4 65 45 65 0 4 8 
1 5 40 55 38 2 3 4 
3 2 75 55 44 0 0 1 
1 4 10 57 45 3 1 2 
1 9 43 75 0 3 8 1 
7 2 17 52 59 5 6 3 
8 7 47 63 92 4 9 6 
9 6 20 89 29 7 5 9 
5 6 23 39 41 7 7 1 
6 9 11 57 80 5 5 4 
0 8 0 47 61 0 2 7 
9 0 47 48 84 8 4 9 
9 3 44 68 63 4 5 0 
6 3 33 63 40 1 5 9 
3 1 42 20 29 5 7 4 
3 5 74 53 14 3 8 3 
3 8 18 51 43 7 4 0 
2 1 26 70 19 7 8 5 
7 0 17 27 43 6 1 5 
2 7 41 62 38 0 0 3 
8 5 14 63 37 5 8 9 
4 4 16 36 46 9 9 0 
8 2 59 39 11 2 2 8 
0 8 18 34 66 3 1 2 
2 3 76 27 59 7 1 8 
6 3 19 58 48 7 8 3 
1 4 46 15 47 2 5 7 
0 9 0 40 49 9 2 7 
6 9 60 46 7 0 6 2 
1 7 36 47 58 6 0 6 
4 3 15 58 16 1 2 4 
8 6 82 53 27 6 9 6 
2 3 32 28 29 3 0 6 
9 2 17 44 69 9 5 0 
4 2 12 13 77 1 3 6 
4 6 54 57 76 5 9 0 
3 5 67 43 47 8 1 1 
9 2 17 56 74 6 0 0 
8 2 0 38 6 4 5 8 
5 3 23 52 49 4 5 3 
5 0 40 28 49 4 6 0 
8 9 17 34 49 0 8 7 
3 7 19 16 48 8 6 8 
9 5 32 53 63 2 8 8 
3 6 31 55 83 1 2 8 
2 2 0 75 61 5 7 5 
5 8 27 61 80 9 2 6 
3 7 25 65 25 7 0 0 
6 8 38 19 56 3 4 9 
1 2 33 44 41 6 5 9 
1 3 73 58 65 1 5 5 
7 8 37 62 50 1 5 4 
2 8 35 43 58 0 6 8 
4 9 31 72 49 7 6 9 
9 3 18 49 65 9 5 7 
9 8 36 73 54 6 9 8 
9 9 46 73 64 3 0 3 
3 6 15 58 55 4 2 9 
0 2 19 49 60 1 5 1 
9 3 49 45 71 7 0 9 
1 8 32 55 70 0 6 1 
2 1 36 74 45 7 5 9 
8 2 28 55 56 9 8 5 
3 7 55 19 71 0 8 7 
7 8 26 64 31 8 4 9 
0 8 8 31 36 2 1 9 
4 8 30 58 79 7 9 0 
3 8 53 35 53 2 4 7 
9 8 49 33 26 8 4 7 
7 2 36 66 65 7 8 7 
2 3 46 55 41 3 7 0 
5 6 38 48 52 5 5 8 
1 6 31 86 77 1 4 1 
6 7 49 58 17 0 7 0 
2 4 12 57 32 0 7 3 
0 5 20 76 67 9 0 8 
6 3 58 50 43 3 8 3 
0 2 44 26 76 2 7 5 
6 4 56 45 26 7 6 1 
5 1 28 36 30 5 7 5 
5 5 40 56 78 6 6 8 
8 2 62 31 72 6 1 8 
1 9 35 46 42 3 0 2 
1 0 55 7 44 1 7 3 
8 2 97 53 62 9 5 3 
9 1 20 51 43 2 4 9 
5 6 52 74 44 1 0 9 
8 8 36 12 63 9 1 2 
6 3 33 29 33 3 0 6 
4 3 4 54 23 0 3 7 
7 1 26 54 38 8 3 5 
3 5 25 14 53 6 2 3 
1 3 44 32 42 9 3 6 
5 2 33 59 28 1 4 4 
1 6 22 13 73 1 7 1 
7 9 51 73 47 7 3 4 
6 9 25 19 83 6 4 8 
7 5 30 67 17 4 6 5 
7 6 37 49 68 1 5 4 
2 7 48 21 71 8 4 2 
1 3 31 24 70 2 5 5 
9 1 7 2 42 5 6 5 
5 4 40 73 27 3 8 1 
6 5 23 80 0 8 9 5 
3 8 52 42 18 0 9 5 
5 8 44 56 40 0 2 9 
2 4 48 39 109 1 9 4 
3 7 38 63 71 2 8 6 
7 4 39 39 51 3 6 4 
7 6 23 89 57 1 0 2 
6 7 1 55 69 7 3 3 
8 7 0 52 17 2 9 5 
4 1 20 12 15 3 6 1 
1 6 17 53 61 8 1 6 
8 1 72 34 32 0 8 3 
6 4 24 59 52 5 1 0 
3 7 36 84 52 5 4 1 
5 7 21 59 41 7 5 6 
1 5 19 59 60 3 1 1 
8 4 0 57 55 8 3 8 
4 9 14 49 28 4 9 3 
6 0 30 56 73 9 5 6 
5 7 51 91 71 7 3 6 
0 1 3 51 58 9 3 8 
5 3 0 45 49 1 3 9 
5 7 13 60 33 4 0 5 
9 0 66 96 63 7 6 6 
2 4 5 43 52 9 0 1 
3 4 30 16 5 6 4 9 
5 8 70 42 75 3 2 8 
3 0 21 57 64 4 5 0 
6 2 67 68 45 9 9 3 
7 5 35 63 66 4 4 7 
3 2 27 65 53 6 1 1 
2 5 40 50 32 6 1 2 
2 1 49 33 78 2 4 5 
2 6 48 61 30 0 5 1 
7 9 22 6 49 0 9 8 
8 8 37 61 34 7 4 6 
1 2 22 45 85 5 6 2 
9 1 6 57 30 2 9 6 
8 5 26 39 52 2 2 1 
3 2 22 8 66 6 5 4 
0 5 50 42 33 7 9 5 
4 8 28 48 78 0 5 3 
4 9 49 25 44 1 6 1 
6 6 27 93 37 1 5 5 
5 8 0 38 50 6 7 0 
2 3 0 50 40 8 0 0 
1 7 0 71 73 9 3 9 
0 8 52 65 75 9 4 9 
2 8 6 72 40 3 5 3 
3 6 0 12 56 5 1 7 
9 8 45 11 67 6 6 2 
1 8 26 61 32 3 0 1 
1 7 21 50 79 6 3 5 
5 4 13 70 50 7 0 7 
2 7 55 28 107 7 8 2 
0 3 2 63 22 9 4 9 
9 1 0 45 55 7 5 9 
4 1 39 101 88 9 1 9 
1 4 34 43 21 1 9 3 
8 3 43 29 51 7 8 6 
6 0 27 38 24 0 5 0 
2 2 34 33 53 0 6 3 
2 4 0 56 19 5 8 7 
4 6 44 34 32 4 5 6 
8 2 29 0 43 8 2 4 
7 5 13 63 67 5 7 8 
1 1 29 18 50 3 8 5 
3 4 46 26 56 7 9 5 
0 5 0 15 65 2 2 1 
0 4 54 16 50 5 1 9 
6 1 35 17 62 9 0 3 
9 5 43 70 30 1 7 1 
2 3 43 62 52 0 2 7 
7 9 18 57 47 0 5 8 
8 5 22 83 82 9 4 0 
0 2 53 85 50 9 9 0 
1 1 28 83 64 3 7 9 
9 9 30 89 29 5 3 4 
4 6 11 86 23 9 2 3 
1 9 14 17 33 6 8 6 
5 4 21 75 82 3 1 5 
0 5 2 45 53 7 9 7 
1 8 12 93 81 9 1 4 
3 6 29 45 38 9 8 8 
7 3 2 20 80 0 1 6 
9 3 26 44 31 5 9 0 
6 9 2 26 73 8 2 1 
4 0 29 97 0 4 8 7 
9 7 44 76 20 5 4 2 
6 7 41 30 83 8 3 7 
2 4 56 51 41 7 3 5 
2 5 22 64 62 3 4 7 
8 1 28 22 50 6 5 1 
5 8 28 45 53 8 1 3 
5 7 70 30 39 3 8 8 
4 7 31 60 56 2 7 3 
6 3 22 42 65 0 4 4 
1 1 21 98 19 0 0 1 
3 9 54 91 26 1 1 7 
9 8 45 15 85 2 5 6 
3 5 43 42 66 0 0 1 
9 2 25 37 62 4 0 4 
0 6 43 24 37 8 0 3 
6 8 72 92 10 5 1 6 
6 9 17 57 45 3 8 9 
0 6 0 27 40 5 4 9 
4 3 0 41 69 9 0 6 
3 3 17 14 55 2 9 1 
2 1 10 68 74 9 3 6 
6 2 0 48 81 6 1 2 
2 2 39 59 56 7 7 3 
2 7 39 51 80 8 5 7 
6 9 30 17 39 1 5 1 
5 4 56 41 82 3 5 4 
1 4 23 44 21 7 4 9 
6 6 23 25 69 9 6 0 
9 6 34 58 56 6 2 1 
9 7 25 79 76 3 0 5 
6 8 33 50 64 2 6 3 
3 5 63 79 37 8 3 8 
8 5 29 38 56 9 2 5 
8 6 36 22 67 3 1 4 
7 0 0 33 63 6 2 0 
6 0 38 47 63 3 5 2 
0 5 14 43 77 6 7 2 
4 1 6 49 103 0 2 8 
6 5 72 34 45 3 5 7 
7 7 65 70 73 9 3 3 
8 0 25 58 69 4 8 3 
5 5 0 41 80 1 9 9 
3 5 50 65 39 7 6 0 
4 8 43 11 35 5 9 3 
3 5 21 23 27 4 7 7 
4 9 31 55 40 1 7 6 
8 6 23 38 73 3 7 0 
7 3 26 56 41 6 7 9 
2 4 0 59 53 0 5 4 
3 5 10 41 33 1 3 8 
0 7 11 69 84 4 9 3 
7 5 79 58 22 2 1 1 
4 1 27 36 43 4 7 3 
4 5 40 38 32 5 6 8 
9 6 26 31 47 6 4 9 
2 5 38 40 14 0 1 9 
2 5 55 47 18 4 1 3 
2 5 20 37 61 9 9 1 
9 8 29 71 43 5 8 7 
5 4 24 41 49 1 4 5 
5 0 12 24 39 9 0 6 
3 3 46 61 57 3 5 8 
0 5 22 48 53 1 5 5 
9 9 17 84 72 8 0 6 
0 1 62 66 28 0 0 5 
8 4 12 50 80 0 0 5 
2 7 42 43 71 4 9 9 
9 2 63 40 87 1 3 9 
4 9 62 50 39 3 6 5 
2 6 42 17 57 7 1 1 
5 5 10 61 51 6 5 9 
0 1 61 33 37 7 4 4 
7 1 9 47 67 1 7 5 
4 4 0 30 77 1 7 4 
5 9 4 27 70 5 3 0 
0 1 45 13 44 8 3 1 
2 3 18 53 39 2 8 7 
0 5 49 57 72 1 1 4 
8 9 28 73 81 6 6 4 
8 3 44 77 64 5 6 2 
3 2 66 66 55 9 3 2 
6 4 44 74 52 0 5 3 
8 1 50 50 55 2 1 0 
5 3 22 61 42 7 4 8 
1 7 43 70 45 9 0 5 
3 8 26 66 32 4 2 3 
0 5 50 71 71 2 4 7 
6 4 52 30 53 7 3 3 
5 6 8 45 59 3 0 5 
2 2 50 40 45 6 8 3 
4 5 15 55 17 3 8 4 
7 4 7 65 25 3 9 1 
8 2 36 98 39 3 0 4 
6 6 31 65 62 5 2 6 
7 6 43 53 33 3 1 4 
7 0 25 18 38 5 6 6 
1 8 0 83 69 3 6 2 
8 6 23 52 52 0 6 2 
7 4 55 22 53 3 6 0 
7 2 45 31 15 9 8 1 
9 7 16 53 39 7 2 7 
7 1 16 41 60 5 4 4 
7 5 23 61 96 6 1 5 
8 3 9 17 42 5 3 4 
3 5 27 39 41 3 7 9 
6 0 52 65 58 8 9 1 
6 7 83 52 62 2 5 7 
7 0 48 89 80 5 2 1 
7 9 56 102 30 9 8 4 
4 2 17 78 27 8 6 5 
5 8 56 17 47 4 0 9 
2 0 51 28 84 8 4 9 
2 7 39 48 53 9 9 3 
4 9 36 55 19 9 2 5 
4 1 27 50 49 5 2 5 
0 1 26 52 58 2 8 9 
0 7 23 41 58 7 1 3 
1 2 45 49 72 1 6 9 
0 3 22 32 32 0 8 6 
3 8 12 65 38 5 4 3 
4 1 18 113 73 6 3 3 
1 0 6 48 58 9 9 7 
7 0 11 25 41 7 9 2 
6 0 26 28 65 4 7 3 
3 1 16 25 16 4 5 5 
4 5 19 75 42 1 0 2 
3 9 0 78 63 0 0 4 
9 5 68 52 54 2 1 1 
6 1 53 38 68 0 9 5 
4 2 59 57 36 7 1 5 
2 4 0 22 65 1 6 0 
1 3 23 65 34 6 7 3 
8 0 17 52 21 0 3 6 
4 3 56 23 63 5 2 7 
6 8 57 72 70 4 8 3 
8 4 17 26 45 2 9 3 
8 6 51 40 40 8 1 0 
1 2 48 66 64 9 6 5 
9 3 20 65 55 6 7 0 
4 6 17 55 68 2 3 5 
4 0 31 45 46 9 6 1 
7 5 9 51 70 0 1 0 
7 8 38 16 30 1 0 2 
0 5 40 5 13 8 5 5 
6 4 41 38 52 3 4 7 
7 8 21 67 28 1 4 5 
4 3 44 69 49 2 3 7 
4 4 51 10 43 8 2 0 
9 4 61 59 54 0 2 8 
4 0 0 58 44 3 0 8 
8 4 15 19 66 0 5 5 
4 7 43 110 43 9 3 8 
2 4 65 63 52 0 1 4 
0 9 53 18 53 7 4 6 
7 5 3 62 56 1 2 3 
1 1 7 20 62 6 4 1 
1 8 34 77 36 4 5 9 
6 7 43 39 66 2 9 8 
1 3 4 76 63 1 1 3 
9 0 0 71 41 9 8 9 
1 1 18 44 63 8 4 5 
7 3 21 28 73 5 6 3 
1 2 41 57 41 3 6 4 
7 5 11 46 66 1 7 8 
9 7 53 67 37 6 2 4 
7 1 12 62 88 9 5 3 
5 1 16 20 34 0 3 4 
9 0 39 100 35 4 2 2 
0 9 17 55 36 4 4 0 
7 5 4 58 14 8 0 8 
0 5 28 20 10 3 6 7 
5 0 46 48 49 6 8 3 
5 9 47 51 59 6 6 7 
7 9 39 68 27 6 9 9 
8 6 22 67 39 9 0 4 
6 0 18 44 27 4 6 2 
4 0 0 56 59 3 6 8 
7 7 19 80 40 9 6 1 
6 0 39 41 53 8 4 1 
4 2 30 40 47 0 9 7 
1 5 49 39 54 3 6 7 
0 6 68 0 0 9 5 5 
7 3 24 53 33 0 0 6 
1 3 0 40 40 0 3 1 
7 0 37 58 20 0 1 6 
3 0 19 42 60 8 2 9 
3 6 50 3 54 3 1 5 
2 8 41 71 67 7 9 3 
4 1 51 66 71 5 9 2 
4 8 61 47 41 0 7 2 
8 8 31 38 47 9 9 1 
5 3 23 28 83 1 0 1 
6 5 30 67 27 5 8 0 
7 7 1 46 0 1 1 1 
8 7 18 42 102 0 2 1 
2 6 0 37 0 4 3 6 
1 1 0 73 54 2 5 7 
5 6 16 89 50 1 7 8 
5 2 58 78 16 7 4 7 
0 9 6 64 34 7 5 6 
6 1 41 48 40 8 0 7 
6 2 28 45 64 2 7 2 
9 8 30 55 38 5 3 9 
2 9 0 24 18 6 6 0 
4 7 42 58 61 5 1 2 
5 9 26 71 22 4 4 4 
9 0 43 9 26 3 5 9 
4 5 57 56 22 4 2 4 
8 1 40 68 28 2 3 4 
9 7 70 60 54 0 4 5 
1 5 38 61 58 7 9 7 
4 9 42 51 61 7 9 2 
2 7 4 40 36 7 6 9 
3 8 18 62 46 3 3 7 
1 6 43 64 26 7 4 1 
3 3 37 47 38 1 9 1 
8 5 18 43 68 0 2 4 
3 5 58 48 61 5 7 5 
9 0 50 75 25 5 2 5 
4 5 31 99 49 3 1 1 
9 3 23 61 21 6 2 1 
1 2 42 32 39 2 7 6 
1 8 47 35 65 6 2 6 
4 0 21 53 74 9 9 4 
7 1 44 75 52 5 0 5 
1 7 45 53 37 3 7 1 
0 6 19 64 55 2 1 2 
7 9 36 73 68 9 7 2 
1 8 27 50 36 8 1 1 
2 6 52 28 31 1 7 8 
2 9 44 23 82 1 5 3 
7 6 39 60 76 8 4 8 
4 7 0 75 50 7 4 1 
8 8 50 76 53 4 9 8 
3 5 8 30 50 2 7 1 
0 5 24 29 59 1 6 9 
6 5 20 42 69 5 2 6 
7 7 32 21 48 8 6 3 
7 2 18 93 57 5 2 4 
3 7 10 29 49 4 6 0 
1 0 60 54 66 0 9 9 
3 2 24 64 32 5 4 1 
7 4 19 31 71 1 7 2 
9 1 0 32 37 7 9 4 
9 5 36 33 59 1 0 8 
9 3 26 60 80 9 6 8 
7 5 41 43 1 0 6 4 
3 1 19 74 72 8 2 4 
1 1 44 53 55 6 7 0 
8 9 26 28 34 4 0 4 
1 6 46 34 52 4 6 0 
0 8 18 40 48 4 0 9 
2 7 6 57 55 5 7 6 
0 9 54 32 52 0 5 3 
5 8 56 56 33 3 7 0 
1 9 21 80 2 6 3 7 
9 8 9 52 48 4 9 2 
1 0 41 71 55 7 9 7 
2 4 15 42 60 5 1 5 
8 1 29 39 47 8 4 5 
3 3 45 12 46 2 1 9 
4 7 38 78 58 7 3 5 
3 5 49 15 27 8 5 2 
0 8 29 44 48 4 4 0 
1 2 6 19 68 3 8 3 
6 6 18 61 27 2 7 9 
5 8 38 31 20 9 1 4 
0 7 22 52 37 5 8 0 
7 5 53 63 18 4 9 5 
3 7 49 39 9 2 0 0 
2 5 51 34 65 2 7 7 
9 5 50 53 52 8 9 7 
4 8 68 48 42 4 1 0 
7 1 42 76 51 0 5 6 
7 3 28 34 69 7 2 5 
0 7 10 30 70 9 9 6 
1 6 48 28 55 5 0 5 
2 0 27 87 21 6 9 1 
0 9 51 53 36 6 1 1 
7 0 0 31 30 1 0 7 
6 7 55 5 9 5 5 2 
9 9 22 51 39 9 5 2 
9 9 28 18 91 3 3 9 
4 8 39 9 38 3 1 4 
5 3 42 39 3 6 3 6 
8 9 40 22 21 8 6 6 
0 5 17 70 36 0 4 9 
2 3 26 49 73 8 9 4 
6 3 20 48 35 9 4 1 
3 6 53 74 53 2 2 6 
3 2 28 8 44 2 8 8 
0 4 45 60 54 3 0 8 
4 5 22 18 73 6 7 3 
6 9 64 49 46 8 7 0 
8 6 42 51 19 4 7 7 
5 2 9 18 29 3 5 4 
9 6 21 23 68 9 9 2 
6 8 6 47 32 3 5 9 
8 6 36 53 33 6 2 2 
5 2 23 38 73 3 7 7 
9 6 27 62 63 5 2 8 
0 7 0 33 57 0 0 2 
1 1 37 53 72 1 7 3 
9 0 48 46 66 5 8 0 
9 9 42 0 37 8 1 8 
6 3 29 54 14 6 4 8 
1 5 50 34 46 3 9 2 
4 9 13 35 35 1 1 4 
6 6 0 31 53 3 2 2 
6 1 54 86 50 5 9 7 
6 4 40 51 39 6 2 3 
3 6 73 33 44 3 9 2 
5 4 57 80 54 4 2 9 
8 1 19 46 50 0 5 8 
3 2 24 37 62 6 3 0 
1 7 22 67 70 0 5 2 
0 3 29 50 69 5 0 6 
7 7 21 54 64 5 9 8 
8 9 26 30 40 4 3 6 
1 9 0 79 26 1 1 9 
0 2 23 43 19 6 5 7 
3 8 33 3 72 6 1 9 
2 3 48 23 27 5 7 5 
4 6 30 67 36 2 9 3 
0 1 3 38 59 8 7 4 
3 5 1 50 39 6 8 1 
2 3 49 45 32 7 8 2 
1 1 31 72 37 7 3 5 
1 0 27 37 33 7 7 2 
7 5 47 40 15 6 3 0 
4 3 61 71 43 6 4 2 
2 9 69 73 40 2 1 1 
4 4 4 94 54 4 6 3 
0 8 0 83 46 4 4 7 
0 8 9 53 63 9 1 3 
9 1 17 56 31 7 2 0 
6 1 31 59 54 9 7 1 
1 6 36 15 52 9 4 4 
1 7 14 58 27 0 3 0 
5 5 39 23 26 8 5 1 
8 1 0 75 76 2 6 9 
9 9 62 51 24 9 8 6 
2 2 31 49 54 4 2 0 
0 1 20 56 66 8 4 8 
1 9 10 33 57 5 9 3 
2 9 53 58 79 5 8 2 
2 0 23 39 51 7 1 3 
5 0 30 52 70 1 1 8 
8 2 0 53 75 0 7 6 
1 5 53 56 63 5 6 9 
4 1 8 58 62 0 1 0 
5 1 31 45 1 1 3 3 
0 5 44 25 55 7 0 8 
1 2 10 30 35 0 4 1 
1 3 1 78 94 5 3 1 
6 9 17 54 42 7 8 8 
1 1 27 40 75 7 7 1 
2 1 36 80 52 1 3 5 
5 2 8 51 96 0 7 8 
0 5 37 59 0 7 4 5 
1 5 12 35 58 0 6 4 
8 9 41 46 56 3 0 9 
2 2 36 69 63 9 1 2 
3 1 25 54 29 2 0 0 
0 3 23 55 58 4 7 5 
7 7 38 69 21 0 3 4 
7 7 17 53 51 3 3 8 
7 9 47 79 53 4 0 3 
1 4 31 75 58 9 9 5 
0 5 24 89 26 1 5 1 
8 5 83 57 65 8 9 9 
4 8 33 79 57 1 3 4 
4 2 32 70 31 5 9 4 
3 1 55 61 34 7 7 1 
0 7 0 67 49 3 7 7 
1 2 13 43 45 7 5 4 
8 3 40 31 63 4 0 7 
2 4 33 26 50 2 0 0 
0 4 73 50 97 6 4 5 
8 7 47 56 99 9 2 1 
2 9 0 43 39 0 6 4 
9 0 50 33 50 3 9 6 
9 9 29 68 72 8 7 5 
4 7 15 28 78 1 5 4 
0 5 0 75 45 1 1 0 
3 1 32 46 54 3 7 2 
4 6 12 64 16 9 8 4 
8 9 44 26 34 5 5 6 
9 5 43 64 23 0 2 1 
7 7 57 23 44 3 8 4 
7 4 1 55 51 2 5 3 
6 3 36 52 30 9 1 4 
9 8 46 47 80 6 0 5 
7 0 47 66 60 0 0 4 
6 3 17 79 53 0 3 1 
3 5 0 31 86 4 3 4 
1 3 46 83 67 7 6 2 
1 3 48 57 59 4 7 8 
5 1 26 56 44 5 7 9 
3 1 17 57 42 0 8 5 
3 0 36 56 56 9 3 3 
0 3 44 59 94 3 5 5 
4 5 9 58 61 6 0 9 
3 5 34 22 41 1 6 5 
5 2 0 66 69 7 6 0 
2 3 8 52 48 6 3 7 
4 5 23 37 26 6 1 4 
6 2 61 56 95 4 4 8 
7 4 21 48 57 0 8 8 
8 5 0 45 27 7 5 7 
7 6 51 16 32 4 6 7 
8 9 10 74 51 2 5 5 
0 0 35 29 79 2 1 6 
9 9 33 55 53 0 2 1 
3 2 12 54 40 5 0 3 
8 9 6 85 34 7 9 4 
6 0 12 68 41 8 3 0 
8 3 23 41 47 5 4 7 
4 1 0 60 64 1 2 1 
0 3 35 29 69 6 4 6 
3 8 48 60 16 7 8 9 
2 1 38 56 23 3 0 5 
8 7 32 29 4 3 7 1 
1 0 40 62 60 8 3 7 
3 8 0 66 65 8 8 8 
0 8 12 78 76 7 2 8 
6 8 31 33 73 7 0 0 
3 0 12 60 77 0 2 7 
5 1 35 16 45 6 7 0 
9 1 26 66 67 7 3 3 
1 1 22 26 85 0 8 1 
6 2 36 32 24 2 3 8 
3 0 10 8 59 2 2 9 
4 1 66 36 21 9 4 1 
7 6 28 49 54 7 4 6 
8 0 43 17 64 3 5 0 
6 7 52 23 48 9 3 1 
1 6 32 35 46 7 8 7 
1 1 37 91 44 4 3 0 
8 0 34 68 34 8 4 7 
9 4 58 74 48 6 4 6 
8 2 47 57 44 5 7 6 
5 3 19 17 66 2 1 9 
8 4 1 20 55 6 9 9 
6 3 28 52 61 3 6 4 
6 8 48 46 64 6 1 6 
8 5 23 37 83 0 7 3 
5 3 38 85 59 5 7 7 
6 7 18 45 83 0 2 1 
7 3 31 45 60 0 4 8 
2 6 11 65 67 1 4 7 
5 9 23 43 50 5 0 6 
2 4 20 38 47 1 5 9 
4 3 32 73 48 5 8 3 
7 4 24 74 12 8 5 9 
1 1 50 49 58 3 4 9 
8 6 53 87 32 6 8 5 
2 8 23 55 50 5 7 0 
9 8 50 64 48 0 4 1 
4 4 0 37 40 4 9 5 
2 0 0 83 55 3 1 6 
6 5 34 65 25 0 7 3 
0 3 13 16 3 3 2 7 
8 7 20 28 80 1 8 4 
5 9 32 61 27 2 5 3 
3 8 15 41 83 8 6 9 
4 5 41 37 28 5 9 6 
8 0 23 28 33 1 4 6 
8 8 30 64 56 7 5 1 
4 9 15 20 66 4 8 0 
2 6 0 2 52 3 6 6 
4 5 26 26 65 9 3 8 
3 0 69 63 94 9 3 2 
9 7 14 90 50 8 3 9 
1 4 57 49 26 5 0 3 
7 2 64 67 51 0 1 6 
0 0 6 48 44 8 2 6 
5 1 26 58 36 5 8 8 
1 1 31 62 35 8 7 3 
4 1 46 43 48 7 9 8 
5 8 34 45 66 3 0 8 
2 6 58 59 49 1 9 2 
0 4 22 59 18 0 3 4 
9 2 49 41 26 3 2 6 
5 4 55 80 41 3 2 7 
8 5 48 57 43 1 9 3 
2 5 25 26 30 4 1 4 
7 9 23 22 14 5 1 8 
8 6 49 44 52 3 0 9 
7 9 47 56 26 4 8 4 
7 5 0 75 51 8 5 6 
8 1 34 27 26 9 0 0 
6 0 0 45 74 2 2 1 
5 5 3 23 73 0 4 2 
9 2 31 0 60 7 1 7 
5 8 5 16 52 2 3 0 
7 6 22 53 64 0 2 7 
5 7 4 61 43 4 8 6 
1 8 33 32 42 6 8 4 
7 9 16 64 48 7 6 8 
5 7 32 48 49 0 4 0 
8 2 32 54 39 2 0 4 
9 4 46 53 55 3 6 8 
6 5 8 24 63 5 7 4 
6 4 32 47 62 3 4 6 
2 4 42 42 56 1 7 1 
7 8 10 58 50 2 4 7 
6 4 20 76 42 8 4 1 
8 5 0 42 41 8 4 6 
7 8 37 36 56 9 1 7 
1 1 6 28 45 6 3 7 
6 0 32 49 41 1 0 9 
6 0 30 62 59 7 0 2 
4 8 8 58 28 3 3 5 
3 3 8 32 50 0 1 0 
5 3 70 43 44 2 5 9 
9 4 38 51 62 7 9 1 
9 5 29 83 33 8 1 3 
2 8 77 50 41 4 1 5 
0 4 62 35 38 1 3 4 
5 9 24 56 59 5 4 3 
1 4 11 40 63 9 1 1 
1 7 10 81 88 5 1 8 
0 7 28 58 48 1 7 0 
8 2 69 41 42 0 3 8 
5 2 23 37 32 4 2 6 
3 6 17 67 41 8 7 1 
6 9 13 41 73 3 3 3 
9 9 22 41 20 8 2 4 
4 9 25 36 27 8 5 8 
5 7 53 76 80 8 4 6 
5 0 47 34 71 8 2 7 
9 2 0 56 37 8 6 5 
4 7 0 34 23 5 0 5 
2 5 3 92 64 6 8 4 
1 6 6 57 62 7 5 6 
8 2 0 55 58 3 7 3 
0 7 42 53 49 0 3 2 
8 9 19 11 72 3 3 1 
9 9 0 71 115 8 2 1 
3 8 43 45 18 8 4 3 
1 0 42 79 18 6 3 7 
4 6 57 30 23 3 8 1 
1 7 44 57 20 3 2 3 
7 5 0 48 40 3 5 6 
0 5 28 55 54 7 6 0 
4 4 39 60 80 1 8 0 
1 0 17 10 69 5 5 5 
2 2 42 64 52 5 1 6 
3 7 29 43 30 3 3 9 
6 1 25 46 44 1 2 4 
6 6 23 48 99 8 8 6 
4 7 59 82 22 2 5 6 
5 8 38 59 55 0 0 5 
9 2 31 49 24 5 9 4 
0 7 60 22 57 6 3 3 
3 0 39 28 45 9 0 1 
2 3 33 26 33 1 4 5 
6 6 2 1 0 3 1 5 
3 3 16 86 68 0 6 6 
2 7 27 56 48 6 8 4 
4 9 25 41 8 0 6 2 
9 7 30 62 92 8 2 7 
9 0 69 98 41 5 1 8 
3 9 30 92 46 9 9 4 
5 6 16 27 62 8 5 8 
6 2 12 26 33 1 6 7 
7 9 35 55 60 3 2 2 
0 5 33 36 32 6 1 0 
3 4 2 26 24 1 6 4 
5 8 62 42 50 0 7 5 
6 5 34 40 25 4 5 8 
4 3 14 65 56 2 9 5 
0 0 57 94 48 4 6 9 
2 6 36 84 48 6 5 9 
0 4 12 97 83 1 6 0 
6 6 33 15 54 8 9 7 
4 9 36 52 48 4 7 8 
1 0 14 69 48 0 5 8 
3 3 55 70 76 1 1 6 
4 5 18 34 58 9 1 8 
0 2 40 89 21 5 6 1 
8 5 31 62 53 7 7 1 
7 5 24 75 33 1 0 4 
6 0 81 56 54 2 6 9 
5 6 22 79 52 2 6 7 
9 0 77 57 50 1 2 2 
3 3 28 60 57 6 1 2 
0 3 53 83 53 7 7 8 
6 3 0 37 68 0 3 3 
3 3 70 65 24 0 1 4 
1 4 34 81 66 0 7 0 
1 5 34 67 26 8 1 9 
1 5 75 79 41 5 4 0 
8 6 7 52 57 7 7 8 
8 6 30 55 83 7 5 1 
9 8 10 48 46 5 6 9 
6 9 72 56 76 7 5 5 
3 0 41 33 78 7 0 1 
3 6 59 47 39 1 8 1 
0 8 30 24 39 3 8 7 
0 9 54 59 57 6 9 3 
6 2 55 91 15 5 4 6 
2 6 57 31 25 0 3 7 
9 8 10 75 66 6 0 6 
0 8 8 72 83 0 5 1 
0 3 49 82 52 1 0 2 
1 1 73 63 53 5 1 9 
9 7 14 37 62 4 1 6 
9 5 62 50 37 0 2 8 
6 1 29 53 71 1 4 1 
9 1 37 73 13 4 7 6 
2 5 18 81 11 3 7 7 
1 3 58 56 41 1 0 8 
1 8 58 64 41 1 6 0 
2 4 26 27 56 8 6 0 
5 6 39 44 20 9 8 6 
4 8 0 54 57 5 4 2 
6 7 20 37 24 7 1 0 
2 6 55 19 40 1 3 9 
6 1 60 9 39 9 5 1 
4 3 10 73 39 2 7 8 
5 7 44 52 54 5 1 1 
7 2 12 28 30 4 6 2 
8 8 66 32 52 5 1 0 
8 4 39 78 49 6 0 8 
4 0 3 54 46 0 5 9 
8 5 37 44 44 9 0 4 
9 7 22 57 55 8 9 0 
8 3 12 47 53 6 9 6 
4 0 0 77 36 1 3 2 
7 6 71 20 62 1 2 1 
0 5 36 50 45 6 4 9 
7 0 11 41 72 5 7 4 
9 4 34 73 68 8 2 5 
1 5 16 30 44 8 4 1 
7 4 32 70 61 7 9 1 
6 3 24 46 24 3 9 1 
1 2 33 75 42 8 8 6 
2 0 28 46 41 1 4 3 
0 6 64 52 68 2 8 7 
3 9 9 23 33 3 0 8 
9 4 0 79 18 7 4 4 
0 2 0 61 55 4 4 9 
5 9 22 53 64 3 1 9 
4 3 36 42 65 4 7 2 
9 6 24 36 61 6 1 4 
3 9 33 66 17 5 4 1 
3 1 39 43 49 7 9 2 
1 6 13 83 66 8 8 0 
6 7 43 29 64 0 8 3 
2 6 27 47 58 7 6 1 
2 3 26 31 70 1 6 5 
6 4 7 57 62 1 6 4 
5 0 42 57 43 4 3 9 
0 4 42 32 60 7 8 2 
0 5 30 71 41 1 0 7 
5 1 52 66 64 4 8 7 
2 2 39 76 31 2 8 9 
2 6 21 76 23 0 4 9 
3 5 10 71 51 4 8 4 
8 6 27 79 27 5 7 6 
5 9 0 21 46 7 4 9 
3 7 25 47 54 7 2 1 
0 3 35 56 56 6 5 6 
4 2 15 55 31 6 1 0 
2 6 32 57 62 3 2 7 
3 0 33 64 60 0 9 3 
5 8 76 67 23 2 0 6 
2 5 30 60 58 2 6 3 
2 0 25 41 42 2 7 2 
4 7 57 48 68 9 1 1 
3 8 20 41 28 9 4 9 
2 3 14 21 46 0 0 5 
8 0 0 64 47 6 1 6 
6 8 26 104 19 8 3 9 
1 2 9 71 55 9 2 2 
0 4 43 102 48 1 9 7 
3 3 35 50 73 9 0 1 
1 4 45 12 57 8 5 9 
2 2 27 23 65 1 1 1 
0 9 0 77 42 2 8 1 
0 2 30 47 34 4 6 6 
9 1 16 83 46 7 6 0 
9 4 37 14 32 1 9 5 
9 8 46 73 47 6 1 6 
5 8 23 68 67 0 7 7 
0 6 23 59 42 8 4 6 
8 4 5 56 39 7 8 1 
0 1 67 65 60 1 8 7 
9 4 56 52 50 9 0 2 
1 5 20 32 55 0 3 1 
1 5 23 55 25 6 5 7 
9 3 0 31 49 7 1 6 
4 9 14 56 33 0 6 1 
9 1 24 57 77 4 7 6 
3 4 34 33 39 7 3 8 
4 0 60 75 27 2 6 0 
4 8 58 35 30 6 0 3 
8 4 49 43 31 3 6 7 
3 1 57 77 17 4 3 0 
4 1 0 53 60 4 7 7 
3 9 12 15 2 2 4 9 
6 1 31 43 53 2 5 2 
2 6 16 48 111 5 8 0 
7 2 11 44 38 9 1 6 
2 4 43 59 65 5 9 0 
7 1 21 50 86 3 9 8 
1 5 18 34 59 1 7 5 
6 7 0 43 38 8 5 4 
2 6 31 44 57 7 1 6 
2 5 51 84 78 1 2 9 
7 5 27 68 64 9 3 0 
1 4 38 11 46 4 7 2 
5 8 38 38 53 2 2 1 
7 3 11 30 73 0 0 3 
6 8 43 45 61 1 5 8 
0 7 22 57 46 6 6 1 
5 7 17 43 33 2 8 7 
1 2 24 49 75 6 5 6 
3 0 31 84 55 8 6 6 
5 0 26 57 67 2 3 4 
6 3 56 71 45 6 9 7 
7 0 55 58 57 6 8 7 
3 8 34 46 22 0 5 8 
0 8 44 37 41 7 6 5 
5 2 22 52 79 6 2 0 
2 4 21 66 46 0 0 7 
4 1 39 41 39 8 1 2 
3 7 11 63 52 3 8 5 
6 3 25 48 42 6 8 0 
0 7 52 58 34 4 7 2 
1 1 22 26 28 4 3 2 
9 6 47 49 50 4 2 8 
7 8 0 40 73 7 7 9 
8 4 33 53 52 0 5 1 
0 4 33 36 11 8 5 5 
2 4 43 50 78 0 9 4 
8 2 8 70 50 9 9 3 
6 0 33 41 61 9 2 1 
1 3 17 25 46 9 0 1 
8 8 8 61 48 9 9 2 
1 0 31 65 65 6 7 4 
8 3 63 44 39 3 9 6 
0 8 42 59 67 8 1 5 
8 5 68 23 47 2 3 4 
1 5 16 31 77 6 2 6 
5 6 52 64 67 4 9 6 
4 3 38 58 21 9 7 5 
2 5 7 29 0 9 7 7 
7 3 33 41 20 6 1 6 
7 3 0 66 45 4 0 6 
3 1 68 44 39 9 9 1 
4 2 50 42 85 4 2 7 
6 9 38 36 38 1 7 4 
5 7 43 61 56 8 1 9 
8 8 22 71 66 8 5 6 
8 1 54 51 40 4 4 3 
0 7 21 59 98 9 7 8 
6 0 56 46 69 1 5 9 
6 1 0 76 43 5 6 5 
9 0 13 20 48 6 9 3 
3 6 19 47 64 4 0 9 
2 8 0 13 55 9 3 1 
1 9 16 82 32 5 3 0 
6 8 29 42 62 7 1 6 
1 2 25 52 58 0 1 1 
1 8 17 42 37 8 3 0 
0 2 26 54 42 9 2 5 
5 3 24 56 34 1 8 0 
1 9 7 23 50 8 4 7 
8 0 42 3 48 8 2 7 
8 8 6 28 39 6 4 4 
5 4 47 79 78 8 9 3 
0 0 36 33 59 0 0 9 
0 1 49 72 44 5 0 8 
2 2 38 58 73 5 3 2 
2 2 8 31 65 8 3 3 
1 8 26 50 48 9 2 8 
9 5 6 71 76 3 9 4 
8 6 51 17 58 0 6 8 
6 2 19 30 41 2 7 0 
8 8 6 66 50 9 3 6 
1 5 21 70 95 2 0 3 
3 2 63 53 40 8 0 2 
4 8 40 46 45 0 3 3 
8 3 53 64 29 8 4 0 
3 3 11 39 81 4 1 2 
1 0 34 45 60 9 6 2 
5 8 20 41 32 1 6 2 
3 4 41 23 40 3 3 1 
8 3 32 64 20 2 0 4 
2 0 0 28 42 7 5 8 
6 0 23 62 56 5 0 3 
0 5 17 77 98 0 5 2 
2 7 52 88 57 9 3 0 
2 3 25 52 49 4 4 3 
9 5 0 47 1 4 3 8 
8 2 2 35 57 9 6 1 
3 4 5 71 7 2 1 9 
3 0 89 57 55 5 8 9 
8 7 52 57 63 8 0 0 
2 3 0 55 20 8 8 8 
5 5 32 51 96 1 1 0 
5 1 43 45 85 9 2 2 
4 8 13 66 80 7 2 5 
4 5 35 84 35 8 4 7 
6 2 54 49 66 4 2 4 
5 4 20 26 61 6 6 6 
6 3 54 37 73 2 1 9 
8 5 52 40 58 9 2 6 
0 5 30 72 30 4 5 2 
9 6 1 82 33 2 4 3 
3 7 33 56 42 6 8 5 
6 9 33 24 40 2 5 9 
3 8 35 59 27 5 7 3 
2 1 3 36 51 0 2 7 
4 4 49 79 64 8 6 5 
9 8 41 88 43 0 7 8 
5 7 39 35 17 9 1 7 
2 4 48 36 42 4 7 9 
6 9 76 31 68 1 1 3 
1 1 36 49 41 8 2 9 
7 4 0 34 44 2 6 4 
6 5 26 27 53 3 7 0 
9 2 46 50 23 7 4 0 
7 6 54 60 42 4 9 2 
0 2 47 64 31 2 9 6 
0 1 37 46 18 2 7 5 
1 1 76 37 52 8 9 3 
5 6 63 39 85 3 1 8 
8 2 22 46 34 2 0 2 
7 0 10 53 84 5 1 6 
1 8 25 50 55 5 7 6 
1 6 24 49 75 1 3 0 
6 6 23 48 78 0 6 3 
6 3 19 24 22 9 2 0 
7 3 62 32 58 4 7 2 
7 9 24 25 90 7 1 7 
3 1 35 28 54 5 0 0 
3 1 22 35 82 7 8 9 
6 3 49 72 34 0 4 1 
6 8 22 55 64 9 0 1 
4 7 70 68 38 6 5 1 
2 6 58 19 69 5 6 9 
2 4 38 27 78 1 5 5 
0 8 30 23 112 8 2 5 
3 9 8 74 64 0 9 0 
7 6 13 80 45 9 8 4 
2 2 43 25 58 4 8 9 
6 3 53 11 30 5 5 0 
6 2 23 79 30 5 4 5 
0 4 13 59 59 4 7 8 
2 1 66 70 69 7 9 2 
9 9 11 77 52 6 5 1 
1 3 57 30 44 0 8 1 
7 1 8 28 43 8 3 8 
2 4 0 69 64 8 2 0 
0 5 34 67 57 4 0 7 
5 0 35 43 31 2 0 8 
0 9 24 62 16 9 0 2 
7 3 40 68 0 9 0 2 
9 3 26 44 28 9 4 8 
9 2 31 22 43 4 9 7 
4 5 52 31 32 1 7 1 
2 1 39 64 32 3 9 0 
0 2 31 71 39 1 9 7 
7 5 23 49 29 7 4 6 
5 1 75 33 60 9 7 2 
7 0 83 64 7 8 2 1 
1 5 53 31 53 6 2 0 
8 2 47 56 42 7 6 4 
4 9 65 78 37 6 8 1 
6 9 18 60 46 2 0 2 
7 6 46 62 42 7 0 4 
7 6 46 63 51 5 8 1 
4 7 0 64 47 1 3 9 
6 9 16 77 9 5 2 0 
8 2 0 5 33 0 4 1 
0 6 34 87 62 7 0 1 
4 2 9 30 32 0 8 5 
4 4 60 50 68 6 1 0 
0 8 38 60 51 7 9 1 
0 5 14 50 25 0 3 6 
5 4 36 81 14 7 1 8 
7 7 36 36 63 1 8 0 
6 9 4 71 58 6 3 4 
0 9 56 53 57 2 1 2 
3 8 1 53 30 5 6 9 
9 1 60 46 57 0 0 3 
2 3 38 53 63 9 3 1 
9 9 48 37 20 5 7 1 
5 2 46 105 94 9 1 4 
1 0 13 64 43 2 4 9 
8 5 51 20 28 0 1 9 
2 1 30 48 35 3 6 6 
3 5 42 51 38 2 0 1 
9 1 2 32 70 2 1 2 
8 7 32 19 16 5 6 3 
4 9 21 44 45 6 2 3 
3 7 19 57 35 1 6 5 
7 7 25 68 23 2 4 2 
4 1 60 33 50 9 0 9 
0 8 36 50 42 6 3 9 
4 3 15 47 91 3 4 1 
6 1 13 73 75 5 9 5 
7 8 55 28 36 8 3 0 
4 1 40 47 77 5 6 7 
8 0 9 34 55 5 4 0 
5 7 39 43 71 0 9 0 
3 9 36 37 54 3 0 7 
6 0 0 52 60 3 5 6 
4 6 60 70 43 6 0 7 
7 7 26 87 16 2 2 7 
3 4 7 90 27 3 0 9 
4 1 68 33 54 6 9 3 
2 0 41 69 68 8 0 9 
0 6 21 86 56 4 0 2 
0 8 41 57 47 4 9 8 
9 5 41 84 88 1 3 5 
8 9 24 56 62 8 5 4 
3 2 48 10 48 2 7 2 
7 4 37 12 67 9 3 6 
0 4 15 46 60 9 6 4 
2 0 31 30 53 5 0 4 
1 9 0 20 36 6 3 8 
6 7 15 46 50 3 8 2 
3 1 60 28 20 2 3 4 
0 5 0 38 56 3 7 2 
1 9 27 28 33 6 0 1 
5 4 26 47 41 5 8 2 
9 1 55 59 73 0 3 2 
0 7 54 43 52 4 5 8 
9 3 0 49 83 9 4 0 
8 6 28 58 49 9 6 7 
1 4 19 68 50 0 4 6 
4 6 6 47 28 8 1 3 
2 3 41 56 45 5 8 2 
1 5 9 42 63 0 8 9 
4 4 50 48 57 5 0 7 
9 6 18 47 51 0 2 4 
9 5 28 81 17 0 6 5 
9 7 23 31 7 7 4 3 
4 4 25 51 48 2 3 8 
6 7 37 89 32 4 6 8 
6 5 0 51 36 9 1 6 
2 0 38 30 32 3 6 6 
3 7 41 74 62 6 7 3 
0 6 54 26 49 2 8 9 
4 0 22 22 26 2 0 4 
0 4 41 49 19 0 3 0 
1 5 28 51 40 6 8 8 
3 5 10 27 33 4 7 4 
3 3 0 36 59 7 4 1 
9 2 40 48 22 4 8 6 
6 9 0 36 74 0 4 2 
2 4 0 46 47 8 9 2 
4 2 41 32 73 5 8 2 
7 2 22 48 59 5 4 0 
5 5 11 22 0 4 1 4 
7 8 25 62 60 2 4 4 
8 4 49 27 80 9 2 2 
3 2 25 48 103 2 2 8 
6 1 8 77 59 2 8 8 
5 7 48 61 31 9 2 7 
4 3 56 53 53 2 4 2 
7 2 5 39 59 8 9 1 
9 9 59 30 67 0 4 2 
9 8 28 69 34 1 1 3 
8 0 38 35 68 0 0 7 
4 2 13 62 43 4 6 5 
2 5 46 86 61 9 2 5 
4 6 14 34 57 8 0 0 
7 2 59 25 41 0 4 6 
9 0 11 47 54 3 2 0 
4 1 37 46 48 0 2 2 
4 3 37 55 102 4 2 0 
9 9 10 45 29 6 6 4 
4 9 66 59 63 1 2 8 
6 7 29 47 38 5 2 0 
0 0 62 54 63 8 0 2 
3 6 39 35 43 4 8 2 
9 6 30 49 58 9 5 3 
0 1 13 47 56 9 3 6 
3 6 36 47 73 0 9 0 
6 3 29 48 54 3 7 3 
0 0 23 65 33 0 0 2 
4 3 0 52 52 2 8 5 
5 6 43 77 85 7 4 1 
3 9 38 49 68 5 4 0 
3 3 5 24 41 1 4 6 
6 0 40 71 63 7 7 8 
9 8 63 76 77 4 6 1 
9 3 16 60 24 5 2 7 
7 9 49 43 72 3 1 7 
2 0 36 20 0 8 6 3 
0 1 10 18 73 1 0 9 
1 7 74 32 41 3 3 1 
3 8 10 28 68 1 1 5 
0 3 31 47 53 6 9 3 
5 6 51 46 62 1 7 5 
4 4 39 29 46 9 8 1 
6 1 10 60 32 6 8 4 
6 9 0 63 42 4 6 7 
6 9 33 58 26 0 9 3 
5 2 32 63 50 8 6 8 
2 2 19 31 57 1 5 1 
9 7 46 17 16 0 3 0 
0 3 24 62 4 4 1 4 
4 6 59 73 38 3 1 5 
7 4 20 44 76 0 6 3 
6 6 42 84 65 9 3 6 
0 1 37 69 35 6 7 0 
5 9 28 45 26 5 6 2 
3 6 29 25 53 1 1 4 
4 7 11 62 44 4 8 1 
3 3 49 49 50 0 5 8 
7 3 30 45 28 5 5 0 
4 5 25 45 41 5 1 8 
0 9 30 23 81 8 3 9 
1 6 46 6 38 9 0 5 
0 2 37 21 73 3 9 6 
1 1 54 55 49 1 9 2 
1 4 36 0 22 3 1 2 
2 9 12 93 51 1 3 9 
8 6 8 77 61 4 3 2 
7 7 38 30 31 3 6 3 
0 5 53 55 43 4 8 4 
0 8 46 101 63 1 2 4 
0 0 46 35 31 7 0 8 
4 4 34 47 67 0 2 3 
5 9 6 63 44 8 3 8 
6 4 34 33 77 8 2 8 
6 5 30 29 33 0 5 1 
9 2 8 33 38 2 9 8 
5 6 38 77 30 2 4 0 
2 7 0 62 22 3 1 8 
7 3 34 47 78 4 8 3 
2 7 15 69 10 5 5 9 
2 5 58 58 59 0 5 8 
5 0 26 28 68 1 0 9 
9 0 0 44 67 7 5 8 
9 3 25 65 68 9 9 5 
9 0 39 11 71 4 0 8 
8 9 11 58 57 3 7 0 
7 6 29 77 2 3 8 5 
2 8 37 47 62 5 4 5 
1 3 14 46 63 2 7 7 
9 6 4 35 58 6 6 5 
4 8 28 60 64 6 4 5 
7 1 31 9 46 7 2 3 
1 8 31 49 16 2 4 9 
7 0 25 80 51 3 0 6 
6 9 11 68 49 5 9 0 
1 2 21 40 88 9 4 8 
9 4 30 55 41 4 3 4 
9 9 42 15 68 8 0 0 
1 7 27 42 81 8 9 6 
0 4 21 39 62 6 6 7 
0 8 29 36 69 1 5 7 
3 1 60 32 51 5 4 4 
1 7 2 51 57 5 8 8 
0 3 14 26 68 4 3 3 
6 8 53 35 57 1 4 3 
3 7 38 81 84 6 4 2 
3 7 49 83 83 2 3 9 
4 5 34 44 68 6 9 6 
8 1 45 38 48 4 1 8 
5 9 45 59 71 4 7 0 
7 0 6 66 52 8 4 0 
3 9 61 43 0 4 9 0 
6 8 17 58 73 0 0 6 
6 5 39 55 88 2 2 1 
4 9 46 14 58 6 0 7 
1 9 12 59 17 8 4 2 
5 6 49 46 52 4 3 2 
1 5 21 62 38 4 4 5 
3 1 26 70 51 2 2 7 
9 7 1 33 70 1 5 1 
7 9 38 68 46 9 6 3 
4 4 32 36 51 1 6 0 
0 7 53 34 113 3 1 8 
5 8 14 40 40 4 4 9 
0 6 22 57 85 6 7 7 
2 2 19 31 20 5 0 6 
8 0 2 41 48 0 6 7 
0 5 4 42 26 8 1 9 
0 6 49 8 39 0 6 6 
4 7 17 31 84 1 2 3 
1 0 54 50 26 6 7 9 
8 5 44 75 52 3 4 1 
0 6 37 39 39 3 8 5 
1 6 39 63 53 2 6 9 
6 6 0 50 79 1 1 2 
4 7 17 62 46 5 6 7 
2 0 27 43 39 7 9 5 
8 2 61 66 53 4 3 4 
6 9 52 24 55 0 2 7 
8 3 13 55 27 2 7 0 
3 0 18 43 0 6 5 6 
1 7 21 101 53 0 1 0 
4 8 55 53 31 4 7 0 
9 6 44 29 35 0 7 7 
6 1 3 47 68 1 8 2 
4 3 37 89 46 0 2 1 
1 2 12 71 47 6 3 8 
1 8 51 41 72 3 3 3 
3 1 42 23 35 4 9 8 
8 8 28 53 49 2 2 0 
9 0 18 79 56 5 7 7 
4 5 5 99 63 0 8 1 
0 5 36 38 73 2 7 3 
0 2 43 41 47 0 3 6 
9 5 5 62 36 5 9 5 
1 1 39 70 41 8 5 8 
1 2 65 42 32 4 1 8 
3 2 32 54 87 9 4 0 
3 7 46 46 62 4 3 1 
3 1 8 67 44 2 3 6 
2 6 27 54 4 4 6 1 
8 1 35 51 53 5 0 9 
1 1 75 41 72 5 3 6 
7 5 16 27 56 2 6 0 
0 7 0 43 73 7 5 3 
7 6 3 37 49 4 0 5 
9 8 47 71 64 7 5 8 
7 5 35 53 60 9 9 4 
2 8 33 68 53 3 7 2 
2 9 0 42 17 3 1 0 
4 4 82 82 22 1 8 7 
3 6 18 61 61 0 2 9 
9 5 38 27 57 1 4 3 
9 8 17 0 63 5 4 8 
1 6 75 79 106 2 5 5 
1 4 43 72 65 4 0 3 
1 5 22 63 28 4 8 6 
3 4 51 50 45 2 8 1 
9 9 0 45 35 1 1 0 
9 2 22 50 29 1 6 7 
8 1 65 41 27 2 6 9 
7 6 25 83 24 7 8 7 
0 2 36 52 17 8 2 3 
3 9 5 42 31 7 2 0 
0 2 0 62 21 5 2 0 
5 5 25 50 60 0 8 3 
1 8 57 53 38 8 2 9 
2 8 23 54 56 6 1 2 
4 4 9 61 12 9 2 2 
5 7 50 70 44 1 6 1 
5 4 12 55 39 3 5 8 
0 4 0 41 63 6 8 0 
5 1 27 14 34 7 9 5 
1 1 62 4 43 7 9 5 
6 9 28 23 28 3 3 7 
0 6 20 78 79 4 6 5 
1 3 87 54 72 4 2 3 
3 0 14 42 89 5 5 3 
7 0 46 77 9 0 5 4 
6 5 21 28 55 3 4 3 
9 1 42 56 35 1 5 5 
3 3 37 44 42 7 8 1 
2 8 52 64 81 8 4 4 
9 5 35 70 47 6 8 3 
6 9 58 52 35 6 1 6 
2 9 24 65 85 6 6 3 
6 7 26 42 46 2 5 4 
6 9 32 64 64 8 0 0 
0 7 30 58 30 7 3 3 
8 7 50 85 44 6 5 6 
9 7 51 49 63 5 5 5 
9 2 16 54 33 6 6 1 
2 9 1 57 61 3 1 3 
8 1 51 50 71 5 5 1 
8 9 44 35 57 1 5 5 
8 2 55 50 38 7 4 0 
8 7 58 66 70 2 2 8 
3 6 34 86 69 4 5 2 
7 3 15 55 0 9 4 1 
8 0 36 39 80 5 5 4 
7 1 21 71 40 0 5 5 
0 7 23 49 23 9 6 7 
3 0 61 66 69 9 6 9 
4 9 27 74 50 7 5 6 
0 9 5 52 38 3 2 0 
6 1 18 53 55 6 8 5 
7 7 27 68 74 7 7 6 
0 6 14 83 72 5 4 6 
7 1 21 32 38 1 1 8 
7 2 40 8 58 3 7 7 
5 3 55 16 25 0 2 8 
3 6 40 37 35 7 8 3 
2 9 0 42 60 9 8 2 
7 1 40 85 68 8 9 0 
9 7 40 49 46 2 4 5 
2 4 7 3 79 4 3 8 
6 5 34 64 76 9 3 1 
1 0 34 64 59 4 8 2 
4 7 22 10 75 3 8 3 
5 3 40 61 65 1 7 3 
3 5 39 50 44 5 0 9 
1 6 19 44 51 4 9 2 
8 7 40 57 49 3 3 0 
2 5 52 52 62 3 3 7 
8 8 50 88 68 4 7 3 
5 6 15 49 70 3 2 4 
5 8 29 40 49 8 0 8 
7 8 57 63 44 4 1 8 
9 9 4 81 69 2 0 2 
0 3 33 45 38 4 3 8 
2 6 39 67 60 9 7 8 
8 2 37 44 35 8 9 3 
6 5 51 71 0 9 2 5 
5 0 25 49 59 1 5 5 
2 7 0 68 57 1 4 5 
3 7 30 69 127 5 3 6 
6 2 40 89 96 4 3 7 
5 8 53 7 24 0 9 6 
9 5 16 34 58 7 3 7 
2 3 52 86 82 3 0 5 
8 3 39 33 39 5 9 9 
7 4 2 82 47 4 6 6 
4 2 36 51 74 6 3 7 
2 2 38 57 29 8 2 6 
6 4 15 42 38 3 1 1 
8 2 28 43 57 7 3 2 
3 1 28 25 64 0 1 0 
3 9 48 64 43 2 7 1 
8 5 10 47 57 9 3 5 
8 1 23 54 35 1 1 4 
0 9 38 32 56 0 7 1 
4 6 26 41 76 8 3 5 
1 5 38 65 61 7 8 0 
0 1 34 56 81 4 0 2 
0 7 33 38 16 1 6 1 
2 1 24 48 30 9 6 0 
9 5 18 36 13 7 7 9 
5 9 19 18 91 6 5 5 
3 6 54 66 33 5 7 7 
9 0 20 49 50 5 7 0 
7 9 45 46 67 4 9 0 
1 9 10 49 31 9 3 3 
9 2 58 75 1 4 8 4 
3 4 40 22 59 6 7 0 
2 1 0 55 60 3 9 7 
2 4 59 41 39 6 4 8 
6 4 42 65 27 0 6 6 
2 0 40 22 48 6 7 0 
3 0 19 51 51 9 5 0 
5 6 36 57 55 8 4 1 
2 1 48 12 50 2 8 3 
5 5 22 57 37 3 7 9 
0 9 57 22 59 3 5 0 
5 8 30 65 38 1 2 0 
1 3 19 45 65 3 0 5 
4 8 0 30 16 9 7 4 
2 4 44 64 58 3 8 8 
6 4 9 52 56 1 3 8 
0 6 55 52 58 7 0 7 
7 7 43 27 51 2 6 2 
7 4 64 98 46 5 3 4 
9 3 18 58 42 7 3 5 
2 1 1 38 45 8 9 5 
3 8 30 59 63 7 1 5 
7 8 37 54 56 3 9 7 
6 2 22 79 60 0 8 8 
5 5 53 76 31 7 9 7 
2 8 41 43 15 1 1 6 
8 6 79 57 57 3 7 9 
1 9 44 31 72 7 5 6 
8 8 77 62 57 8 3 0 
4 2 34 51 58 0 8 8 
7 6 11 24 46 7 8 3 
2 4 69 78 54 1 2 4 
4 6 32 52 46 5 5 5 
3 2 40 63 63 9 3 6 
4 1 26 53 72 9 0 0 
0 4 51 61 48 3 9 7 
5 7 34 73 31 0 5 5 
8 9 9 58 38 7 9 0 
2 5 10 80 15 2 3 6 
0 3 54 8 57 2 0 7 
4 7 0 80 53 2 4 1 
6 7 28 24 72 4 4 8 
4 2 25 52 50 9 7 3 
5 7 7 47 35 9 7 3 
5 4 55 71 61 6 2 5 
1 6 24 49 60 7 9 2 
4 1 32 22 31 3 3 9 
8 3 44 67 77 4 4 0 
8 5 18 54 57 3 0 2 
3 4 17 40 70 7 2 0 
1 1 12 36 26 6 5 0 
6 8 12 65 40 8 5 8 
0 0 11 64 26 1 5 7 
4 8 40 32 94 4 5 5 
1 5 48 55 51 8 7 2 
2 7 9 25 36 3 4 0 
5 4 72 79 10 1 3 0 
8 1 17 29 49 1 5 2 
9 4 11 70 83 2 0 6 
6 1 7 43 73 1 8 2 
2 3 45 84 48 3 0 0 
1 3 54 70 33 8 9 4 
5 0 39 74 43 8 9 0 
2 9 30 43 51 6 8 2 
9 2 25 52 58 9 7 5 
3 9 0 48 50 0 0 4 
4 3 16 70 67 9 2 3 
5 0 34 74 47 2 5 2 
0 0 63 62 37 2 4 0 
6 0 22 56 94 1 2 3 
9 3 39 27 71 7 8 2 
8 6 31 76 28 2 3 0 
2 0 5 36 0 1 0 6 
6 5 32 38 29 1 5 6 
3 0 45 21 50 5 5 7 
5 6 35 39 15 6 6 0 
8 0 31 73 51 0 9 9 
4 1 30 61 63 8 0 2 
3 2 15 51 34 0 3 1 
9 6 0 25 67 5 7 7 
8 0 8 36 70 9 8 8 
2 7 54 40 37 8 5 2 
9 3 29 0 41 0 6 1 
3 1 48 67 65 1 1 4 
6 1 36 42 50 0 5 2 
4 3 38 47 41 1 5 6 
7 7 34 60 93 5 1 7 
5 0 28 96 38 2 1 7 
7 5 46 32 48 4 5 0 
8 1 37 67 26 0 8 3 
0 4 40 80 36 8 1 1 
3 1 0 33 100 9 5 5 
1 9 39 0 41 9 4 1 
9 6 32 55 62 4 8 6 
9 3 41 18 40 8 6 3 
9 5 46 64 31 3 2 8 
8 9 17 43 66 8 6 1 
0 5 25 36 15 2 1 2 
6 3 12 38 80 2 0 4 
6 4 40 88 27 1 4 1 
9 6 16 26 46 0 6 7 
2 6 53 50 45 6 4 3 
3 0 7 42 38 4 9 0 
8 6 26 48 51 4 5 0 
2 8 15 33 66 1 3 2 
0 9 72 88 79 7 6 9 
8 1 41 89 49 6 8 5 
0 3 36 61 52 3 4 6 
4 4 0 74 35 6 5 2 
9 1 39 51 39 0 5 5 
5 5 17 50 56 4 0 0 
1 6 0 88 45 9 3 9 
8 6 0 9 36 0 9 0 
8 2 17 61 66 3 1 4 
2 7 13 63 47 3 2 9 
1 0 0 71 34 0 1 3 
5 9 43 58 42 7 9 9 
4 9 5 56 90 5 9 9 
1 0 50 84 53 1 7 5 
5 9 72 45 46 3 7 4 
7 7 18 58 67 2 4 7 
7 5 59 64 72 1 2 8 
2 7 15 23 55 7 0 6 
8 1 11 57 55 6 0 3 
9 6 15 66 63 2 0 1 
9 9 2 57 29 1 2 2 
9 4 5 60 57 0 2 6 
6 5 41 24 63 7 9 6 
2 7 16 74 41 8 5 4 
5 1 50 59 63 6 7 9 
1 3 29 93 51 0 4 8 
3 0 27 61 15 7 0 2 
7 6 46 47 70 8 8 1 
2 1 30 26 29 2 7 4 
5 6 51 34 43 0 1 6 
5 8 51 56 59 1 0 7 
4 8 53 56 58 2 3 2 
2 3 15 50 44 3 0 7 
3 7 20 77 73 4 8 2 
1 1 45 36 60 8 7 6 
5 8 34 24 90 5 2 3 
9 1 42 53 43 6 9 5 
8 3 15 40 44 6 4 8 
1 0 18 36 66 6 6 9 
5 6 62 48 69 3 3 5 
4 7 45 45 49 0 9 6 
6 9 32 48 74 3 3 4 
6 2 16 67 56 6 7 6 
4 4 48 9 16 1 5 9 
8 2 22 46 24 3 5 5 
1 6 17 50 60 8 5 6 
7 5 12 45 29 9 0 0 
6 2 42 18 69 4 4 0 
7 2 21 64 50 2 7 7 
1 8 64 23 57 3 9 6 
5 9 19 65 66 2 8 3 
0 0 3 44 46 5 9 5 
0 6 25 43 36 0 4 1 
9 9 24 27 63 3 7 4 
1 7 32 45 74 2 6 8 
0 8 30 30 9 5 8 0 
0 4 40 15 39 9 3 2 
4 0 52 61 51 4 8 1 
6 9 29 57 51 4 1 0 
6 4 37 64 68 4 7 7 
7 8 61 57 71 9 7 7 
9 4 33 39 0 0 4 7 
4 2 27 19 43 3 2 5 
1 5 22 46 30 7 7 7 
5 2 47 67 48 3 3 1 
5 6 33 73 72 9 0 3 
6 5 52 50 26 3 4 5 
8 0 48 78 63 1 6 1 
5 8 10 8 27 1 4 3 
9 1 23 72 16 8 1 9 
9 8 0 26 17 9 5 0 
9 5 24 19 79 8 7 4 
1 7 12 42 35 1 8 8 
8 3 0 43 42 6 7 3 
2 9 0 50 33 9 2 8 
2 6 46 65 0 8 0 1 
4 2 45 67 77 2 5 9 
3 8 37 86 63 1 0 3 
1 1 58 62 26 9 1 5 
2 7 29 44 38 4 1 3 
6 2 19 37 27 2 2 2 
3 8 28 38 27 2 6 4 
5 7 10 9 8 0 8 4 
8 9 13 29 27 4 0 2 
6 3 29 57 23 2 2 4 
9 6 59 16 19 8 0 1 
7 2 58 39 61 1 4 0 
8 8 43 33 55 9 6 4 
2 4 84 9 44 6 2 8 
1 7 37 63 61 9 8 6 
8 6 19 71 80 2 5 8 
5 2 26 81 63 5 7 3 
5 2 53 46 31 5 9 8 
3 1 56 45 42 2 2 0 
2 8 45 83 63 5 4 8 
3 6 36 51 45 5 7 2 
6 7 56 65 64 9 3 1 
9 7 28 36 35 3 9 0 
5 2 49 63 47 2 0 6 
5 2 20 41 63 6 2 8 
6 0 46 70 0 7 9 0 
7 1 48 69 72 1 9 1 
8 0 28 67 8 3 9 0 
3 1 16 33 65 6 7 7 
9 6 37 53 93 1 2 6 
3 0 13 44 44 9 7 7 
0 2 21 44 41 8 2 8 
2 7 0 3 53 4 5 9 
4 6 38 37 60 0 7 0 
4 0 0 85 45 4 7 6 
5 4 43 27 42 2 2 2 
7 8 0 57 28 3 7 5 
1 8 31 50 59 2 2 2 
8 4 19 52 58 7 0 3 
4 6 33 58 41 0 6 4 
4 2 40 39 63 2 3 1 
0 9 57 29 41 1 5 0 
2 7 35 27 20 5 4 7 
7 6 22 40 28 8 5 8 
6 6 25 39 70 2 2 0 
4 9 46 39 70 8 8 0 
3 7 20 60 44 7 8 3 
8 5 40 78 51 0 7 2 
9 6 20 76 56 8 4 0 
7 5 12 16 49 5 0 2 
1 8 43 78 27 2 9 1 
1 0 42 41 65 5 7 0 
4 3 3 49 1 2 9 2 
7 2 37 48 40 0 9 0 
0 0 14 51 64 2 4 4 
2 0 53 75 69 9 2 7 
9 8 9 54 75 1 8 6 
7 4 9 28 43 5 5 2 
9 6 34 65 50 4 8 7 
6 3 24 72 30 8 5 1 
3 8 30 51 20 1 7 1 
4 3 35 46 39 5 9 5 
9 7 25 71 81 3 8 8 
7 6 0 65 44 4 8 4 
8 6 9 67 88 2 7 3 
3 4 5 89 41 3 5 4 
3 9 31 58 47 2 2 3 
6 4 10 14 36 0 6 8 
2 1 26 61 41 6 4 7 
3 6 45 35 41 4 7 5 
7 1 0 42 71 9 4 7 
7 5 12 50 34 2 9 2 
9 4 70 34 36 0 1 2 
3 4 0 53 55 9 5 4 
2 3 47 40 57 1 6 9 
4 3 0 41 71 1 3 7 
4 6 53 41 32 0 1 4 
0 7 23 69 52 0 2 8 
3 6 61 62 67 9 6 3 
7 9 48 49 9 0 0 8 
4 1 33 12 63 4 7 8 
0 1 0 61 90 0 7 8 
2 0 30 71 59 4 4 3 
2 0 47 81 66 4 5 2 
4 0 75 55 39 5 9 8 
8 8 0 50 33 9 5 7 
8 2 3 71 59 3 4 8 
0 9 11 31 41 5 8 5 
3 3 42 25 58 5 1 4 
2 3 46 33 39 0 9 8 
8 4 43 27 70 1 8 1 
5 6 24 59 51 5 9 7 
3 5 31 17 56 2 7 7 
4 7 37 75 27 5 8 1 
6 3 28 29 64 7 0 4 
9 5 3 65 67 3 0 8 
8 1 53 55 79 9 5 1 
0 3 16 34 51 0 8 0 
8 4 50 37 66 6 2 1 
1 1 19 77 75 2 4 2 
3 6 15 44 43 6 1 9 
9 8 37 34 41 6 2 5 
0 0 23 24 43 7 6 3 
9 7 11 62 26 0 9 1 
9 5 17 28 42 1 9 9 
8 6 38 0 59 6 1 3 
8 6 3 27 55 2 2 6 
5 6 0 0 1 3 9 0 
3 6 42 61 44 3 5 9 
5 1 13 21 16 2 0 7 
4 7 24 50 46 1 6 8 
1 7 19 29 53 5 3 3 
0 5 6 37 64 9 4 2 
9 7 36 62 50 5 6 4 
1 7 66 62 88 8 4 4 
1 0 53 29 47 9 1 7 
3 4 13 87 68 6 3 2 
5 5 10 52 21 9 3 0 
5 9 0 42 61 6 0 5 
6 0 32 43 34 6 7 3 
4 9 3 72 45 6 0 3 
9 6 29 25 71 1 0 2 
6 3 9 57 54 9 2 7 
5 6 35 43 19 0 8 2 
0 1 67 86 26 4 2 7 
4 2 0 85 70 2 8 4 
3 5 46 47 67 9 8 9 
9 8 39 57 43 3 6 1 
8 6 13 57 66 0 6 7 
3 1 33 57 47 9 5 6 
7 8 24 55 53 1 0 0 
3 7 56 34 41 7 1 6 
8 9 35 44 10 5 9 6 
8 6 15 64 16 8 6 4 
3 7 43 18 80 7 6 8 
2 8 11 39 37 0 2 7 
9 1 34 52 19 0 2 1 
2 4 5 47 56 4 5 6 
9 8 58 63 59 3 1 1 
3 4 20 19 63 9 5 5 
3 8 33 76 71 7 6 1 
9 0 27 51 78 7 1 3 
5 7 3 53 73 7 5 5 
6 9 0 41 62 1 0 0 
8 2 66 50 36 6 7 9 
0 2 70 0 35 9 4 4 
4 5 13 63 67 5 8 6 
4 9 20 40 69 0 0 3 
6 4 48 75 74 8 8 7 
0 9 37 46 35 4 2 1 
0 7 42 77 62 7 2 4 
3 7 30 50 34 5 4 3 
0 0 7 42 26 5 5 7 
7 0 17 48 48 2 4 1 
1 2 19 55 49 0 4 1 
5 5 54 43 82 2 7 4 
5 7 6 36 35 2 9 6 
6 5 38 0 54 0 4 2 
9 7 26 37 71 8 2 2 
3 0 0 42 46 7 8 3 
4 5 16 41 58 0 3 3 
3 5 30 32 29 9 8 1 
4 9 14 41 5 5 8 9 
2 2 29 54 59 5 8 8 
6 6 49 65 23 2 6 3 
1 7 15 42 21 8 5 1 
9 1 21 69 35 1 0 5 
4 1 52 60 51 6 5 4 
7 7 41 50 60 4 6 2 
9 5 35 26 56 4 1 1 
7 8 28 27 61 6 4 2 
2 9 47 66 41 6 4 1 
0 0 38 49 49 1 6 1 
4 2 52 104 47 3 4 1 
5 5 52 50 13 1 7 1 
3 0 8 40 44 9 1 1 
7 5 57 44 58 8 3 0 
7 3 33 52 33 6 7 5 
9 7 2 51 51 7 5 8 
3 6 15 38 26 9 7 9 
0 7 31 64 54 1 3 8 
4 9 22 22 37 8 8 8 
0 5 40 42 21 9 2 8 
9 4 17 35 48 1 1 1 
2 9 73 63 53 1 0 2 
5 0 0 60 40 9 9 5 
7 5 0 25 45 9 0 6 
8 6 72 38 28 1 3 4 
3 1 11 46 14 8 3 2 
9 1 52 38 57 9 7 9 
0 4 33 45 11 5 1 4 
9 2 0 40 51 1 5 4 
6 8 32 81 63 4 2 3 
5 8 0 58 52 8 3 5 
2 9 9 62 45 3 7 2 
0 8 48 57 41 6 7 9 
0 2 46 66 24 6 8 2 
4 8 62 53 15 2 1 9 
6 4 13 59 64 9 7 7 
1 6 36 34 39 0 0 0 
7 9 8 49 48 5 4 7 
1 0 39 21 72 9 4 9 
2 2 35 46 48 3 8 1 
6 5 17 55 51 8 5 7 
3 1 15 71 57 6 5 9 
1 0 28 42 46 9 7 8 
1 8 0 62 42 8 3 8 
3 0 38 42 30 9 5 1 
2 7 33 43 74 7 2 3 
2 6 34 52 51 5 0 0 
8 1 23 32 26 0 1 2 
0 1 37 53 85 2 5 6 
1 3 20 34 85 8 7 6 
1 9 11 23 46 3 9 2 
2 1 37 68 88 5 9 0 
7 7 31 77 31 1 8 4 
7 5 42 49 65 6 6 6 
0 3 16 67 62 8 1 2 
4 2 17 49 80 2 5 1 
6 3 38 39 36 6 3 5 
4 3 35 37 55 8 8 2 
8 3 43 54 28 3 0 7 
8 9 20 55 46 5 3 9 
7 5 9 60 45 0 1 6 
5 7 25 43 50 6 5 3 
4 9 49 53 25 0 3 1 
6 0 39 34 35 3 9 7 
8 1 36 34 66 9 6 5 
1 4 32 60 92 2 1 6 
4 8 12 62 49 9 2 2 
6 0 7 36 66 2 8 4 
7 4 46 38 31 2 9 0 
1 8 0 31 66 2 5 9 
3 6 3 69 49 3 8 1 
4 8 49 59 47 2 3 6 
1 0 18 48 34 6 3 9 
0 6 42 72 60 9 1 7 
7 7 36 70 8 7 7 7 
7 6 47 57 48 8 2 2 
6 5 30 69 27 7 2 4 
1 7 16 20 116 9 2 8 
6 7 38 51 41 2 4 1 
3 2 32 78 67 9 2 9 
7 6 24 74 40 1 8 0 
9 2 14 43 75 6 3 9 
9 4 50 36 22 3 3 1 
2 1 45 34 67 2 8 8 
1 8 61 46 14 2 4 2 
4 2 5 57 62 4 4 0 
8 2 9 42 51 1 1 1 
3 3 18 54 0 3 7 7 
5 2 44 39 34 2 2 6 
4 3 0 55 41 3 6 9 
8 5 14 45 66 7 2 3 
1 5 31 23 19 6 6 8 
5 0 19 34 9 1 9 3 
1 6 29 33 76 1 7 0 
3 6 44 52 59 5 2 4 
1 6 17 70 29 2 2 0 
1 8 31 75 38 8 5 0 
9 8 25 71 38 6 4 1 
5 1 33 52 40 7 3 0 
5 8 42 67 39 4 5 1 
3 3 51 11 43 1 4 1 
6 8 22 20 70 1 7 9 
1 3 42 55 42 6 0 4 
6 6 32 90 56 2 3 4 
1 0 23 56 37 1 5 5 
6 2 39 53 20 9 4 3 
8 7 42 51 47 5 8 5 
6 2 25 88 58 0 0 1 
3 7 21 40 45 9 8 4 
2 5 30 40 60 5 9 8 
7 9 29 54 49 0 0 1 
9 8 22 73 58 5 9 2 
4 2 34 53 48 3 0 5 
0 0 45 57 68 7 8 5 
2 4 0 40 66 1 4 4 
5 3 26 53 40 9 1 7 
0 2 24 33 76 4 2 5 
1 3 35 22 51 4 2 3 
0 5 33 32 24 8 6 9 
3 3 20 68 55 2 1 5 
9 5 26 36 51 2 4 4 
4 7 43 68 62 8 4 9 
5 4 7 58 55 2 6 2 
4 3 59 55 77 3 6 0 
1 9 84 66 39 8 4 3 
4 0 13 42 44 6 5 5 
8 0 37 55 35 1 8 0 
1 5 42 74 37 1 6 2 
4 7 15 28 26 3 2 8 
8 9 55 76 21 7 6 6 
7 9 22 35 21 9 2 6 
4 2 21 29 29 2 9 2 
5 2 27 38 43 7 7 4 
5 9 11 62 18 2 0 8 
0 4 60 35 45 6 2 5 
5 1 32 20 57 6 3 3 
2 6 39 0 79 9 5 9 
4 4 48 77 42 0 8 9 
0 5 24 85 41 2 9 3 
2 5 11 63 44 3 4 2 
3 7 32 46 61 4 6 1 
8 8 22 27 88 0 1 1 
2 5 23 72 62 9 4 4 
7 2 31 18 64 2 8 7 
0 1 60 52 76 2 9 9 
1 0 20 37 88 1 7 1 
6 6 39 36 34 1 4 4 
8 4 50 42 66 1 6 3 
8 9 54 46 47 8 8 4 
6 2 19 85 55 6 4 5 
3 8 35 15 30 2 2 2 
9 5 37 42 77 0 5 0 
0 6 63 66 54 3 4 5 
2 9 11 102 11 2 4 5 
3 6 46 63 31 0 4 9 
5 1 14 22 42 2 7 2 
6 7 35 32 54 5 9 3 
3 7 33 22 32 4 5 8 
4 3 40 38 25 4 0 2 
0 9 30 96 35 2 6 8 
1 4 21 56 74 2 2 3 
5 3 52 61 57 1 4 9 
4 9 29 55 54 6 1 7 
9 4 18 31 36 5 1 5 
4 6 20 48 79 9 4 8 
7 2 36 41 16 3 9 3 
4 4 53 52 63 4 9 3 
8 9 44 45 32 7 4 2 
5 9 28 55 59 5 1 6 
4 5 35 38 28 9 5 8 
1 6 30 63 55 5 8 8 
9 6 37 8 9 6 6 6 
3 1 47 55 28 5 9 4 
5 3 50 32 51 0 2 5 
4 5 12 45 42 7 9 7 
1 6 33 90 76 0 8 4 
0 5 5 49 13 2 8 9 
4 3 56 50 53 9 2 3 
4 6 15 71 55 9 5 0 
2 8 22 60 57 7 9 9 
7 4 44 52 60 4 4 7 
8 1 19 51 40 1 4 2 
3 3 20 19 57 4 0 0 
3 1 27 46 82 9 5 6 
4 6 22 24 48 5 3 3 
1 6 50 29 28 6 9 3 
8 0 16 27 55 2 7 2 
3 8 44 67 70 4 8 4 
3 5 30 33 43 5 2 4 
9 4 27 17 60 3 2 8 
0 1 54 53 49 1 5 3 
8 1 0 57 37 7 7 4 
4 6 30 39 78 4 8 1 
0 2 28 47 59 3 4 0 
9 9 10 81 26 1 1 2 
5 7 24 55 74 1 2 3 
1 1 43 36 73 6 1 7 
9 7 0 18 24 8 5 8 
5 6 9 60 95 4 7 6 
0 7 57 51 69 0 7 0 
9 7 17 60 43 4 4 5 
5 0 12 76 47 5 1 6 
7 0 33 47 62 5 5 7 
9 2 7 58 73 1 7 2 
5 1 21 26 52 7 3 8 
3 5 32 41 80 5 8 9 
8 8 27 55 22 0 4 1 
4 0 23 61 36 9 9 1 
4 4 0 62 83 6 4 5 
1 2 0 59 66 0 9 8 
6 1 44 20 12 6 7 3 
3 3 23 69 16 3 3 3 
2 5 10 95 55 3 7 8 
1 8 0 78 65 6 4 7 
8 4 34 58 12 5 7 3 
3 5 47 65 70 0 6 8 
9 1 16 34 65 6 2 2 
4 8 33 47 54 9 5 9 
9 8 25 60 47 5 5 4 
1 6 56 18 68 7 8 3 
6 0 38 57 35 6 7 8 
9 8 22 44 53 9 1 3 
9 6 0 88 55 0 3 5 
1 5 27 52 48 5 2 4 
9 4 2 41 58 4 8 5 
9 4 59 63 40 5 3 1 
9 6 33 31 34 8 9 3 
0 2 25 78 35 8 6 2 
1 9 59 66 38 5 6 2 
4 6 41 86 43 8 6 5 
7 2 47 36 24 7 2 7 
0 0 15 55 29 9 9 9 
0 4 44 25 69 6 5 8 
8 6 0 68 16 9 3 9 
9 6 45 40 60 9 9 3 
2 5 16 74 0 9 7 4 
3 0 33 62 33 7 0 8 
2 6 70 24 48 9 9 6 
4 1 30 31 66 2 8 3 
6 2 0 42 49 6 6 8 
7 3 21 40 119 6 0 8 
2 5 32 33 34 0 5 2 
3 7 39 98 49 0 7 3 
