8 3350
1 4 30 83 12 9 0 6 
5 7 31 55 56 4 2 4 
3 9 0 55 63 7 5 5 
2 2 20 61 58 6 2 7 
9 2 52 43 75 2 5 9 
0 7 5 42 45 2 8 7 
0 8 73 70 71 4 1 7 
6 9 22 35 73 5 3 1 
2 4 34 58 62 3 3 1 
1 9 26 20 66 2 8 2 
4 5 15 27 15 2 2 2 
2 8 26 73 78 7 4 1 
6 5 40 49 46 2 9 4 
1 0 6 69 35 5 3 0 
8 2 38 34 32 9 2 3 
9 4 6 27 57 1 1 6 
5 4 8 42 86 3 2 0 
3 3 96 18 34 0 2 1 
7 3 67 75 45 1 5 8 
9 9 2 79 56 2 2 0 
1 4 0 32 18 1 4 1 
4 0 2 47 55 2 8 0 
5 7 24 52 57 8 2 6 
4 7 24 3 0 2 3 1 
1 5 27 61 62 0 1 1 
0 3 35 13 46 3 1 5 
3 8 38 59 47 9 8 7 
9 3 58 53 56 2 3 6 
4 0 28 39 55 3 2 2 
9 5 16 27 58 0 2 4 
9 7 47 58 66 5 8 0 
4 2 24 66 40 1 1 3 
1 8 27 34 46 0 7 9 
5 2 45 66 0 6 8 6 
4 0 31 86 37 6 1 9 
7 3 52 37 49 0 4 8 
3 3 57 72 70 8 5 7 
4 2 44 94 54 8 3 1 
3 1 40 52 44 8 2 2 
1 8 56 88 32 1 5 8 
0 1 28 57 55 1 3 8 
5 7 29 42 74 5 8 7 
8 6 32 71 70 2 2 7 
6 2 55 67 59 4 2 8 
0 3 79 63 44 1 1 5 
5 9 46 16 38 1 9 6 
2 1 45 37 49 8 6 0 
0 4 45 35 66 7 5 3 
9 9 39 61 64 3 9 4 
2 4 22 48 74 2 5 4 
5 0 18 43 65 0 4 9 
0 0 0 47 25 2 1 6 
7 5 49 14 33 8 9 0 
0 4 36 6 47 5 9 0 
0 7 18 39 53 8 5 8 
1 5 26 57 39 8 3 2 
0 3 22 63 60 7 7 1 
5 7 18 72 51 0 2 4 
3 5 2 46 42 0 5 1 
8 0 32 23 53 5 9 4 
6 8 44 43 39 4 1 8 
6 5 0 30 21 8 8 5 
9 4 0 17 56 2 1 0 
2 2 24 58 36 7 8 0 
0 0 0 37 28 7 8 5 
1 6 74 71 63 4 9 8 
1 1 27 3 45 7 3 5 
2 9 60 55 42 3 8 0 
0 9 38 39 52 6 6 0 
6 3 56 76 93 3 9 8 
5 1 0 46 42 3 6 5 
9 9 46 23 68 5 2 6 
2 6 29 48 68 3 5 8 
0 8 21 0 84 9 0 5 
5 8 17 80 43 7 4 3 
5 1 16 52 73 6 9 9 
0 7 25 31 52 9 2 0 
3 6 22 56 73 8 9 3 
2 2 47 93 39 8 4 3 
0 6 41 17 36 5 1 5 
6 1 0 55 47 2 8 9 
3 0 62 39 61 1 9 2 
9 9 30 37 31 8 0 0 
1 9 44 33 19 4 5 3 
4 1 42 31 53 9 7 6 
0 9 33 32 78 8 1 9 
3 7 30 52 38 0 7 3 
0 6 16 66 31 6 6 7 
1 5 22 32 17 1 7 5 
1 7 34 49 72 3 6 4 
4 3 3 34 39 5 1 3 
2 3 13 50 45 4 6 1 
5 9 46 96 39 5 7 3 
2 9 54 12 27 2 8 7 
2 9 60 27 40 9 2 3 
2 4 33 55 54 8 7 8 
0 3 0 22 45 1 4 7 
5 6 0 44 26 9 4 0 
1 0 54 43 28 3 9 6 
7 8 26 12 43 6 5 7 
8 0 6 53 51 1 7 5 
9 7 27 62 37 9 0 2 
9 3 36 53 56 1 8 2 
4 5 27 49 54 0 2 3 
5 6 47 89 44 8 3 9 
4 2 27 87 56 6 9 2 
6 0 62 60 56 1 4 7 
9 5 38 56 55 6 0 3 
4 0 42 82 92 9 5 9 
4 9 37 41 51 6 1 8 
2 3 32 61 33 3 6 4 
1 6 45 33 52 2 5 2 
6 6 63 60 47 7 2 2 
5 6 0 74 62 5 2 0 
7 8 70 46 43 1 5 8 
8 4 25 44 7 2 2 0 
5 1 34 23 51 6 8 5 
4 8 53 49 49 9 0 3 
6 7 34 86 52 5 7 4 
4 8 25 7 65 2 9 3 
9 0 19 55 65 6 0 9 
0 0 20 51 49 4 4 5 
1 5 47 41 54 7 7 4 
5 3 0 37 26 2 4 1 
9 5 54 70 25 4 4 5 
1 3 2 73 35 9 5 1 
2 1 33 61 40 8 3 5 
2 9 19 66 44 5 0 7 
5 6 55 37 70 0 7 3 
6 2 13 40 30 0 7 6 
5 1 46 23 47 7 5 1 
9 6 44 58 55 4 2 4 
2 3 6 75 45 6 9 0 
6 0 28 42 39 3 0 7 
6 8 36 67 70 0 4 5 
9 9 16 67 35 4 9 8 
3 5 49 33 97 0 3 0 
4 6 25 53 30 7 8 6 
0 3 8 79 46 3 0 4 
8 2 31 47 63 9 4 0 
3 9 36 53 53 5 1 5 
6 4 37 57 55 4 9 1 
9 6 0 65 12 6 0 2 
7 0 32 14 37 6 6 4 
0 6 0 66 40 7 6 1 
6 7 38 94 51 5 8 4 
8 1 62 61 52 6 3 9 
1 4 19 41 86 5 0 5 
9 6 39 55 42 0 4 6 
3 1 38 49 70 2 4 1 
2 7 13 35 55 2 9 0 
2 0 0 48 59 5 1 3 
5 2 38 69 32 4 3 5 
6 8 44 30 36 2 8 2 
0 8 44 48 64 2 6 9 
9 3 33 24 66 3 1 0 
7 7 53 78 61 3 0 9 
0 3 1 51 41 7 9 4 
1 8 29 51 57 7 7 9 
3 4 51 90 59 9 6 2 
2 1 21 41 80 9 3 7 
3 9 35 42 0 1 6 8 
9 9 61 63 43 1 0 9 
6 0 51 29 77 2 4 8 
2 0 0 29 56 1 1 5 
1 3 55 28 11 4 8 3 
4 2 44 24 61 9 9 3 
5 3 22 50 70 8 4 1 
9 7 46 0 72 3 9 6 
2 3 20 65 74 9 7 5 
5 0 71 79 45 4 3 8 
9 4 64 32 56 4 0 9 
6 4 27 51 64 8 1 8 
9 2 32 33 57 1 1 4 
2 3 68 40 57 8 6 8 
2 5 0 63 48 2 5 6 
0 6 19 46 58 7 3 4 
1 3 35 24 31 4 5 1 
3 8 10 78 109 7 2 2 
3 7 27 14 64 3 6 0 
3 7 44 74 54 4 0 2 
3 2 31 44 33 4 3 3 
9 7 41 37 88 4 9 1 
2 6 19 58 52 9 0 9 
3 7 45 83 60 0 5 1 
0 1 26 24 49 1 8 1 
9 5 36 29 33 3 2 0 
0 8 68 34 19 4 9 3 
5 3 0 51 63 6 9 5 
7 5 31 67 31 9 1 3 
7 6 101 57 63 1 4 2 
2 5 53 75 65 1 3 6 
6 0 26 41 53 3 3 9 
5 0 18 15 69 2 7 5 
1 5 0 41 70 5 4 0 
2 5 66 19 51 3 7 5 
8 9 47 57 57 8 1 7 
6 5 50 62 28 7 8 3 
9 6 19 64 49 1 5 1 
9 6 50 14 11 9 1 2 
8 2 20 35 21 0 9 1 
8 3 36 64 35 8 5 7 
9 3 28 61 60 5 3 1 
5 5 13 71 57 4 7 0 
1 6 37 25 58 8 4 9 
3 1 47 63 48 5 3 2 
3 2 19 66 68 9 3 0 
5 0 0 36 45 1 1 8 
2 2 44 48 36 6 5 9 
0 5 34 39 44 4 3 8 
7 6 33 48 83 7 0 2 
8 7 8 56 80 9 1 8 
0 6 2 40 27 5 6 1 
9 9 0 21 65 7 3 0 
0 3 32 35 72 5 7 2 
8 2 16 64 27 4 1 2 
1 7 43 36 78 8 7 8 
3 9 43 42 40 1 1 1 
0 4 8 41 58 8 2 3 
7 1 48 78 45 4 0 4 
2 4 6 19 75 6 6 0 
9 3 43 40 77 8 0 6 
6 7 54 74 61 8 4 3 
6 8 0 46 36 8 6 9 
5 3 16 102 42 7 0 9 
8 6 49 58 33 4 3 0 
8 9 46 67 26 9 2 5 
2 4 28 5 65 3 5 7 
7 9 1 35 41 9 9 6 
6 0 1 80 49 5 6 5 
4 2 61 53 29 2 2 0 
1 8 21 3 21 1 8 1 
9 3 33 62 61 3 3 3 
1 5 34 56 60 1 3 5 
5 0 9 101 42 9 1 3 
4 7 34 34 68 7 0 7 
0 5 37 48 56 8 7 3 
8 9 41 58 80 7 7 3 
8 4 8 47 69 3 7 1 
1 3 11 61 47 0 5 5 
0 3 0 49 65 7 0 0 
1 1 0 51 51 9 8 1 
1 2 29 40 31 2 4 9 
0 7 10 77 56 2 9 3 
6 9 16 71 31 4 9 4 
3 1 36 83 55 7 9 3 
7 0 18 62 68 0 2 6 
1 3 51 35 33 8 9 3 
4 3 17 53 48 2 6 3 
7 9 78 64 48 2 7 6 
2 1 14 46 66 7 2 5 
6 5 40 56 49 0 4 9 
7 0 40 90 70 4 3 9 
8 5 13 87 82 8 5 2 
4 9 31 50 53 1 9 2 
1 1 0 61 73 1 3 4 
1 1 59 59 21 1 9 6 
0 7 20 61 37 9 1 2 
3 0 29 62 71 0 8 2 
4 0 14 56 46 1 9 2 
1 3 16 46 61 0 4 2 
4 7 51 96 50 2 5 3 
4 8 44 41 55 6 5 9 
3 7 15 20 63 6 7 4 
6 1 9 96 12 4 4 1 
5 1 15 41 11 6 6 5 
2 1 20 40 87 4 0 7 
3 0 23 97 44 4 0 7 
7 9 18 20 66 7 2 0 
2 6 18 98 43 7 7 1 
4 0 21 57 40 1 0 9 
9 0 57 95 34 1 7 1 
5 4 67 37 73 3 7 6 
3 4 54 34 42 8 7 5 
2 5 54 96 58 1 1 4 
1 5 39 39 84 5 6 9 
1 9 45 72 39 1 2 5 
9 6 13 72 49 6 3 6 
7 6 13 70 50 8 9 7 
7 6 44 51 36 3 4 2 
9 0 26 87 39 4 4 0 
7 0 33 19 35 0 6 3 
6 7 0 22 56 2 8 7 
4 2 0 82 42 4 1 0 
4 5 40 66 34 3 6 1 
1 6 23 53 43 2 8 2 
0 1 0 74 74 5 2 8 
8 6 24 51 14 5 7 0 
9 6 31 22 16 7 2 9 
6 4 52 28 59 2 3 9 
3 0 22 62 45 5 6 7 
2 9 61 76 59 8 6 5 
3 7 51 58 65 2 7 8 
7 7 0 54 38 4 3 5 
5 7 18 38 90 7 6 0 
7 7 28 45 62 5 7 2 
9 5 4 45 106 0 9 1 
1 0 17 52 48 1 6 0 
9 6 25 58 0 0 4 1 
1 9 24 38 87 9 1 5 
8 6 5 70 41 8 4 3 
1 2 22 50 94 7 7 7 
2 4 0 52 5 1 2 8 
5 1 6 27 34 9 8 0 
3 1 42 58 73 1 4 4 
9 9 43 57 51 7 9 0 
6 4 24 46 58 9 4 7 
3 7 0 21 23 4 0 0 
2 5 46 35 58 2 6 8 
8 0 18 29 49 4 3 4 
2 8 17 16 53 7 6 6 
5 0 53 52 63 6 5 4 
8 7 28 25 61 8 6 5 
1 1 16 70 22 8 2 2 
2 4 41 62 52 0 9 7 
8 0 57 20 82 6 0 1 
8 2 50 46 51 6 2 6 
6 1 39 37 60 6 3 5 
9 2 13 46 22 3 4 0 
5 4 81 30 47 6 1 4 
4 4 25 61 35 5 5 6 
2 0 51 59 46 8 8 0 
0 1 31 32 66 4 4 7 
4 6 27 55 77 8 4 8 
6 2 25 83 46 4 6 2 
3 3 35 3 52 6 2 2 
1 5 5 57 66 8 4 8 
4 6 62 74 17 2 7 2 
3 0 32 73 70 9 9 4 
8 8 1 17 66 9 5 0 
8 7 39 57 38 5 0 2 
2 4 12 77 48 8 0 4 
6 0 1 22 57 4 1 3 
9 1 38 55 46 3 8 1 
3 6 0 57 44 7 5 2 
3 4 20 54 4 0 8 9 
0 9 6 47 93 7 5 1 
2 2 12 38 40 9 8 0 
8 0 16 67 74 3 1 3 
2 3 22 59 74 7 0 0 
8 7 22 68 68 3 0 3 
3 3 0 23 65 3 2 7 
0 1 20 71 51 1 0 8 
8 0 13 13 58 6 6 5 
1 2 61 38 29 9 1 3 
4 1 35 47 46 0 8 8 
4 2 45 65 55 0 6 9 
9 6 64 17 34 2 0 1 
7 2 33 51 51 9 8 6 
2 2 59 28 55 8 5 3 
3 5 45 85 58 7 0 6 
2 9 38 73 76 8 8 6 
0 0 41 28 14 0 8 5 
3 3 54 54 7 3 4 8 
5 0 40 56 60 6 9 4 
2 6 6 81 67 8 8 4 
3 0 31 65 42 7 3 8 
6 9 33 63 33 8 2 4 
2 7 0 45 37 0 7 2 
5 8 21 63 43 0 3 4 
2 0 41 33 70 9 6 2 
1 8 13 25 35 6 3 7 
5 7 54 68 32 4 3 2 
6 8 18 30 81 6 3 4 
1 0 57 50 52 3 8 2 
2 3 45 11 50 2 8 6 
0 1 36 70 29 0 1 1 
9 8 37 48 14 9 7 8 
2 7 13 57 43 9 8 0 
8 4 65 83 44 0 5 5 
9 5 8 23 20 3 8 7 
0 3 13 62 57 7 1 9 
0 5 34 30 28 4 9 4 
2 2 10 32 48 8 2 0 
1 1 0 46 56 8 4 6 
5 4 0 63 61 6 5 2 
4 9 0 81 47 0 4 9 
0 4 14 56 62 9 5 4 
6 8 39 51 70 5 2 1 
9 7 37 36 48 9 4 2 
7 6 34 31 40 7 2 4 
3 4 73 2 86 1 1 0 
3 2 42 69 69 2 3 0 
9 8 32 44 57 3 7 7 
7 3 43 40 43 9 2 8 
0 1 33 51 47 3 2 9 
7 6 50 78 53 8 7 7 
9 8 9 90 76 9 3 6 
0 6 12 51 33 8 8 7 
0 9 46 32 6 3 5 1 
4 4 88 82 101 6 3 0 
9 7 39 49 27 4 5 9 
3 2 32 35 67 3 2 5 
8 6 31 31 49 9 6 1 
8 6 31 61 57 7 4 6 
0 1 11 58 81 3 4 0 
7 8 18 47 58 9 4 7 
8 3 21 20 47 1 2 6 
9 5 45 54 23 2 3 1 
0 8 24 19 50 3 3 8 
3 8 28 56 28 9 7 0 
2 3 44 88 61 4 5 4 
9 0 36 37 67 6 8 4 
3 9 31 43 56 5 9 0 
3 2 46 68 54 7 2 4 
7 8 0 87 72 3 4 3 
1 1 12 33 59 1 2 0 
2 8 70 29 23 7 2 1 
3 0 17 72 42 3 3 8 
6 6 37 61 30 1 7 9 
8 4 57 41 36 2 2 7 
9 6 7 39 69 5 8 0 
8 7 29 58 28 5 0 3 
5 9 5 29 33 0 6 7 
0 0 15 36 48 8 7 3 
8 4 72 37 76 6 0 7 
0 1 68 57 2 4 5 6 
6 7 11 82 60 3 9 7 
0 8 32 78 43 1 0 3 
0 8 26 52 63 2 9 5 
1 9 24 48 60 5 6 2 
0 5 8 25 48 5 6 8 
3 4 46 45 37 8 7 1 
8 4 9 74 39 3 2 3 
3 9 8 96 48 2 4 8 
1 9 4 95 87 8 0 2 
1 4 21 48 72 4 6 9 
8 7 32 81 33 3 5 5 
3 9 40 58 41 1 6 7 
5 2 30 43 70 6 6 2 
4 9 9 26 72 0 8 3 
8 8 33 67 75 5 0 5 
7 3 2 17 53 8 4 6 
3 5 19 36 40 4 9 3 
7 4 44 39 63 1 4 0 
5 5 42 55 96 6 1 9 
2 4 0 34 35 8 5 2 
7 5 8 22 62 4 0 7 
7 8 8 37 52 0 6 0 
5 2 36 62 43 5 7 5 
8 8 25 4 52 8 7 9 
9 4 0 41 57 9 3 2 
5 4 65 41 40 8 1 4 
3 0 9 86 80 9 8 5 
8 0 3 62 43 5 3 2 
0 4 27 55 88 9 1 8 
3 6 45 48 59 7 2 9 
1 8 37 62 49 0 2 4 
3 0 25 29 44 7 0 2 
2 2 4 35 47 4 0 7 
0 2 42 68 103 8 8 3 
6 4 43 58 31 2 1 4 
4 0 39 0 18 1 5 3 
6 8 41 51 45 7 9 3 
6 4 16 75 6 6 7 6 
2 5 34 29 33 5 1 5 
5 3 25 56 68 1 4 1 
9 5 24 17 33 4 6 6 
3 5 49 70 68 0 1 1 
1 9 29 28 55 6 7 5 
1 9 26 23 54 1 1 5 
5 6 29 51 56 1 5 1 
1 3 63 34 31 5 1 4 
2 4 45 47 43 7 5 3 
7 8 51 1 21 9 4 5 
7 5 12 50 37 3 4 8 
2 7 34 32 41 3 3 2 
5 3 31 16 76 0 2 9 
1 7 30 33 54 1 0 3 
4 6 44 41 32 6 9 4 
6 1 18 33 44 8 8 3 
9 5 0 56 65 3 3 4 
7 2 28 42 58 2 0 2 
8 5 28 97 26 5 8 8 
5 4 56 1 49 9 9 8 
1 1 42 51 55 0 5 6 
7 5 33 64 73 1 4 9 
1 1 1 53 62 0 8 2 
7 8 40 72 46 9 3 9 
5 5 36 50 52 7 1 5 
4 7 18 55 57 3 6 8 
2 6 13 16 39 4 5 1 
4 4 24 7 18 1 4 1 
0 1 17 72 64 4 8 9 
3 1 40 31 35 9 9 1 
9 9 35 57 6 7 1 8 
8 6 36 49 42 8 4 3 
8 9 34 56 70 5 7 7 
4 2 37 47 62 5 5 2 
3 8 18 33 49 2 8 8 
8 0 12 63 43 8 7 9 
8 9 0 68 66 6 8 8 
7 4 26 48 64 7 2 9 
9 2 39 41 60 1 2 1 
2 3 42 45 43 9 8 5 
5 5 0 39 78 4 9 3 
3 6 38 43 72 4 4 8 
9 4 58 53 34 2 8 5 
6 3 17 57 79 7 6 6 
6 2 66 60 88 3 1 0 
2 8 8 25 16 4 4 0 
4 3 5 33 71 3 5 4 
3 4 40 51 77 6 4 6 
6 4 0 32 28 9 4 9 
7 3 26 63 50 9 9 9 
4 6 25 87 46 0 3 8 
5 8 57 39 64 3 8 3 
7 7 7 50 78 2 5 5 
0 6 6 55 81 8 9 8 
4 9 0 17 7 5 2 2 
0 8 26 36 61 3 9 1 
3 8 0 59 46 8 4 7 
9 5 22 55 68 4 0 7 
2 7 44 63 58 0 7 3 
4 8 50 50 29 3 1 7 
4 2 0 46 23 1 8 4 
2 1 13 36 61 6 6 6 
1 0 62 19 57 8 2 2 
6 5 7 42 50 6 5 1 
4 4 50 45 40 0 4 7 
2 5 20 81 58 3 4 2 
8 5 44 36 92 4 2 5 
7 5 18 55 57 9 5 1 
4 4 43 58 56 3 3 6 
7 8 16 55 81 8 6 7 
4 9 40 35 27 0 0 0 
2 1 21 69 49 5 0 4 
1 3 16 69 23 8 8 7 
5 4 24 62 40 0 6 9 
0 3 34 56 39 4 1 0 
4 5 40 48 50 3 0 2 
6 8 48 47 20 5 9 6 
5 7 43 60 59 7 0 0 
0 3 10 53 67 9 8 2 
3 2 0 78 55 6 4 2 
9 9 34 45 40 7 7 2 
4 5 34 62 60 0 7 3 
2 5 28 60 59 5 1 6 
9 9 30 28 31 4 1 9 
3 7 11 63 35 8 8 7 
6 0 46 98 45 1 6 6 
0 5 39 33 47 7 0 2 
6 8 22 63 39 1 3 3 
8 3 42 25 75 2 6 3 
0 1 40 33 42 7 9 9 
8 8 27 41 17 8 4 3 
4 5 41 52 62 9 5 8 
7 2 28 72 75 7 9 3 
6 8 37 52 34 8 3 7 
7 7 46 60 15 5 6 5 
1 2 0 45 72 0 8 5 
1 7 39 55 32 6 9 4 
5 0 37 35 84 7 3 5 
2 1 35 69 83 2 8 6 
4 7 28 35 34 2 0 0 
3 5 9 23 39 7 5 5 
3 2 34 27 56 7 9 5 
5 6 70 61 47 7 4 7 
1 1 32 28 21 2 9 0 
1 1 45 74 61 1 4 7 
0 1 51 67 6 4 2 4 
7 0 22 55 59 9 6 6 
8 9 39 54 40 9 8 9 
3 9 27 38 61 8 2 8 
2 2 51 63 70 5 6 8 
6 7 34 50 36 4 4 3 
6 1 30 68 28 2 3 6 
1 6 46 81 62 9 7 3 
2 4 32 58 40 4 9 8 
6 4 52 39 48 9 9 3 
5 3 0 50 44 4 2 0 
6 3 38 52 56 2 1 8 
0 9 21 74 13 7 7 7 
9 1 39 50 37 2 5 2 
0 0 11 7 57 5 4 9 
0 6 29 72 28 0 8 0 
1 0 34 60 44 6 8 2 
1 1 21 67 47 6 2 3 
8 7 69 18 41 5 1 9 
1 5 34 49 4 6 1 3 
5 0 37 44 55 4 6 7 
2 4 12 14 41 9 2 9 
7 7 51 42 17 0 6 1 
0 7 22 68 66 9 7 6 
9 1 44 65 51 2 8 1 
7 4 25 34 72 3 7 5 
4 1 1 27 51 6 1 1 
6 3 39 61 36 1 5 6 
2 7 6 66 42 4 0 9 
5 9 32 23 73 4 8 5 
3 3 41 15 50 1 8 8 
9 5 12 16 48 3 5 2 
0 8 30 47 24 1 7 2 
4 0 17 63 30 7 8 9 
4 5 60 54 15 0 4 5 
7 2 0 32 66 4 9 8 
9 6 24 53 57 5 6 9 
1 0 0 80 46 4 3 7 
4 8 14 79 54 0 6 4 
1 6 48 55 46 8 0 0 
3 1 31 66 30 8 9 3 
7 5 11 34 55 3 6 3 
7 4 35 63 19 0 1 6 
9 2 18 51 29 2 5 0 
7 2 59 74 57 1 2 4 
4 4 39 62 65 0 1 0 
4 5 22 57 37 0 3 0 
4 1 47 51 66 7 1 7 
6 3 46 54 0 9 1 7 
6 7 34 17 54 6 6 6 
7 4 48 55 40 8 3 2 
6 5 3 68 22 7 7 3 
4 2 0 51 38 1 5 4 
7 2 28 51 53 7 2 5 
0 3 56 74 37 1 1 3 
1 1 23 66 29 1 9 7 
3 0 40 71 35 3 7 5 
3 5 77 25 86 0 2 4 
5 4 47 49 73 4 2 5 
2 2 39 22 35 2 6 3 
8 4 47 47 54 3 9 5 
6 4 0 60 68 5 3 9 
6 3 11 21 53 4 0 9 
4 3 30 53 36 9 1 1 
9 9 48 47 54 3 5 3 
3 4 43 76 53 1 5 6 
3 4 15 76 46 5 0 8 
4 3 3 99 76 6 6 4 
2 1 29 47 59 2 2 9 
6 1 0 44 79 6 9 2 
1 4 17 82 73 9 0 0 
3 3 11 18 53 5 6 7 
7 0 34 49 72 0 3 8 
4 0 29 76 78 0 8 1 
3 0 26 69 49 2 5 3 
3 2 39 74 37 5 4 0 
4 4 34 76 78 3 6 5 
5 9 70 45 13 7 0 3 
6 4 18 41 55 0 3 1 
4 4 17 40 40 6 6 3 
3 6 30 64 61 6 3 7 
8 6 47 64 75 8 8 4 
9 3 27 52 45 2 4 2 
7 6 58 37 50 1 3 6 
7 2 17 21 71 2 4 8 
4 7 11 37 42 7 3 4 
1 5 55 51 61 3 4 8 
4 2 34 69 76 6 5 7 
7 9 2 64 40 4 3 8 
8 0 0 43 36 0 4 6 
9 6 40 54 30 2 2 2 
6 8 34 63 48 4 2 0 
7 4 44 63 82 3 5 7 
2 4 55 37 24 1 0 1 
0 7 27 49 79 9 0 4 
3 3 27 85 57 6 8 8 
1 6 5 29 50 4 9 1 
7 9 15 69 32 9 0 3 
1 1 26 61 41 1 0 4 
7 7 65 18 33 6 6 7 
3 5 42 39 51 7 3 5 
2 1 42 56 23 5 2 8 
2 1 32 62 75 3 1 3 
2 8 0 61 26 0 3 1 
0 9 40 25 89 2 7 3 
5 7 32 57 64 8 5 9 
9 1 62 99 58 3 1 7 
9 5 57 46 57 0 2 3 
0 2 7 1 46 1 6 4 
0 0 1 44 54 0 7 3 
7 9 16 70 61 1 6 8 
9 3 48 79 67 0 6 5 
2 9 29 78 34 0 3 3 
1 7 36 65 41 4 8 4 
3 9 16 52 46 8 7 2 
7 8 22 27 53 3 8 1 
3 2 47 50 54 6 6 1 
2 0 25 55 49 9 7 7 
6 3 41 33 51 7 0 6 
0 7 30 7 66 1 0 0 
5 5 22 13 58 7 5 5 
1 3 3 46 43 6 1 3 
3 0 4 50 33 1 4 9 
0 0 0 16 43 8 2 2 
5 9 39 45 30 7 2 5 
0 9 14 58 34 9 7 2 
3 9 35 37 86 9 4 7 
9 2 5 53 32 9 6 8 
8 0 4 63 53 1 0 3 
2 4 26 0 80 6 3 1 
4 5 34 83 43 3 7 3 
8 0 51 15 29 6 4 6 
1 4 24 12 45 6 4 7 
4 5 15 58 60 4 0 5 
9 7 20 59 43 6 7 3 
5 8 46 63 111 9 4 4 
9 3 27 48 46 3 7 2 
1 2 51 87 59 3 0 5 
3 0 38 10 49 3 7 0 
8 8 35 58 51 0 1 5 
8 3 17 73 51 6 0 6 
0 9 65 37 34 7 1 5 
1 3 42 63 57 3 9 6 
7 0 32 76 50 1 8 5 
8 3 56 44 29 5 9 3 
4 5 20 21 57 5 1 1 
7 2 53 50 51 8 8 1 
6 5 31 71 80 7 4 2 
2 5 63 40 48 0 4 0 
5 1 4 44 41 8 1 2 
0 7 16 57 64 8 2 1 
8 8 15 39 76 1 2 8 
4 1 58 2 57 1 4 7 
1 1 29 39 45 6 7 2 
3 7 22 40 61 6 7 2 
4 3 34 46 39 9 1 2 
3 4 18 3 45 7 3 2 
8 1 67 63 64 8 5 0 
4 9 9 59 51 5 3 9 
9 2 29 103 67 7 6 3 
3 0 11 49 16 7 7 6 
8 7 2 12 41 5 7 3 
0 3 36 72 71 0 3 7 
3 0 43 31 38 6 8 9 
8 3 29 22 42 0 3 7 
2 7 25 65 36 7 9 0 
5 5 27 40 67 4 4 5 
0 5 0 60 29 7 4 0 
0 7 6 29 64 9 0 1 
3 7 60 44 47 8 0 5 
6 5 16 74 59 7 8 8 
9 3 31 57 66 8 3 5 
0 1 0 48 60 3 0 1 
2 8 31 48 40 7 6 9 
8 9 39 44 62 5 3 0 
7 8 28 21 71 3 0 4 
7 9 41 57 28 6 3 6 
1 5 25 22 42 7 4 8 
8 3 64 57 36 7 7 7 
0 7 42 47 37 5 5 0 
5 8 35 19 73 8 4 3 
5 8 47 55 58 9 8 7 
2 8 24 61 75 5 2 4 
3 6 17 69 48 0 4 6 
7 1 14 66 52 8 5 1 
5 0 0 57 52 4 3 3 
6 3 5 58 45 2 9 3 
8 8 41 60 68 6 5 8 
5 3 25 62 28 6 1 5 
0 2 39 86 48 7 7 3 
5 7 60 34 0 4 0 4 
4 8 54 82 89 3 1 9 
1 3 22 65 41 4 0 1 
9 1 43 38 43 7 3 8 
8 3 42 68 52 1 5 3 
6 5 53 89 48 6 5 8 
3 7 38 53 15 5 8 1 
1 3 42 48 65 1 1 8 
9 2 4 48 66 8 3 1 
7 0 33 41 21 6 1 7 
5 7 7 35 53 1 0 3 
8 6 13 16 48 1 9 4 
4 9 22 40 18 1 2 8 
4 0 19 48 57 0 9 8 
3 2 30 41 65 0 8 3 
4 9 35 49 62 3 5 9 
5 1 36 46 40 2 0 8 
5 1 34 46 57 7 5 6 
0 9 23 56 52 6 7 3 
2 6 50 55 62 4 0 1 
0 5 14 38 70 5 8 1 
2 7 3 52 53 8 0 9 
6 5 42 67 28 5 0 6 
4 4 15 45 60 8 6 9 
8 7 17 43 49 8 6 6 
6 8 28 67 25 0 0 6 
5 4 45 21 41 3 8 0 
3 5 13 43 64 7 7 4 
6 1 57 34 69 8 2 7 
9 8 27 40 56 1 8 2 
0 5 10 42 40 7 8 5 
1 5 31 53 24 4 4 5 
6 7 29 67 95 7 6 1 
4 5 52 47 67 6 3 6 
2 7 28 79 17 6 8 5 
5 6 11 34 59 7 2 5 
7 7 26 82 85 3 4 5 
1 3 59 91 40 6 2 7 
3 2 4 69 61 9 8 9 
6 8 32 52 38 1 0 6 
8 3 21 34 65 5 2 2 
6 5 13 43 53 9 0 4 
8 2 0 58 66 7 1 3 
9 2 18 53 69 5 0 8 
4 8 19 64 47 7 7 0 
6 0 17 45 20 7 5 6 
9 7 51 57 103 9 0 5 
1 5 48 71 62 7 6 8 
3 5 55 50 80 0 0 7 
5 4 0 63 50 9 8 8 
2 9 0 29 64 2 7 3 
9 3 6 79 63 0 9 7 
2 3 21 56 34 6 3 0 
9 4 16 45 17 4 1 0 
6 4 40 19 61 0 8 2 
3 6 41 62 49 8 3 1 
7 1 21 71 50 2 6 7 
2 0 0 47 28 0 6 2 
6 5 46 52 54 6 6 5 
0 6 12 65 50 5 2 6 
2 4 29 59 11 8 6 1 
9 0 34 60 45 2 8 7 
2 6 40 48 66 7 8 6 
9 0 0 19 86 6 5 0 
6 5 20 37 33 2 8 3 
1 0 53 45 35 3 1 7 
2 2 28 35 49 5 3 7 
0 9 0 24 31 3 6 2 
1 0 12 19 64 0 9 4 
2 2 57 49 80 5 1 9 
0 1 18 0 68 3 6 3 
6 6 35 40 48 9 0 2 
9 0 40 91 49 8 4 7 
1 3 33 60 65 1 6 8 
6 1 51 98 45 0 9 4 
3 6 25 21 48 7 8 3 
2 7 31 75 87 7 3 2 
4 6 16 69 40 8 1 0 
0 4 51 59 80 7 9 6 
6 0 31 56 28 5 1 1 
6 8 40 56 58 2 1 1 
6 1 17 30 41 3 7 2 
3 8 44 69 82 7 7 2 
4 1 34 64 8 7 7 0 
5 5 20 73 9 3 7 4 
9 4 0 29 86 5 7 7 
6 0 20 60 37 1 8 6 
6 2 23 73 28 1 9 2 
8 4 47 76 37 4 1 8 
6 6 41 73 82 1 6 2 
7 7 38 90 70 2 8 7 
4 9 11 98 66 5 0 9 
6 8 29 34 45 0 2 5 
7 7 18 42 63 7 7 6 
5 2 25 14 41 2 6 8 
5 5 22 28 47 4 0 0 
1 4 55 34 42 5 2 8 
4 0 50 30 61 0 4 2 
3 8 27 41 43 6 8 8 
9 9 42 76 53 7 4 9 
5 3 16 51 61 4 3 4 
0 2 16 82 67 7 6 2 
9 8 7 79 13 9 0 3 
3 4 30 41 49 8 7 9 
5 4 31 45 62 4 2 1 
0 2 32 21 33 2 2 0 
2 1 25 31 46 3 5 4 
3 4 4 35 68 0 5 3 
3 0 41 80 20 5 6 7 
8 1 7 37 61 6 0 6 
4 2 26 45 44 5 3 4 
4 1 39 15 34 7 6 8 
8 1 0 39 35 8 5 9 
7 6 34 23 52 6 2 9 
7 1 23 63 32 7 9 8 
6 5 54 87 54 5 0 3 
8 4 18 73 45 2 7 0 
5 9 12 57 43 1 9 5 
7 9 1 39 56 6 6 0 
5 3 53 64 58 3 9 4 
4 0 26 36 67 9 3 2 
6 3 0 51 2 6 4 8 
0 4 21 19 55 7 7 2 
3 6 33 75 100 4 3 1 
4 6 49 20 48 5 7 2 
9 6 0 12 74 5 0 4 
0 3 34 86 76 2 5 9 
1 0 31 66 57 6 2 0 
7 7 34 43 66 5 8 6 
4 9 52 60 53 0 6 6 
5 1 11 31 39 0 6 3 
1 9 42 34 45 0 3 2 
3 8 40 48 58 7 2 8 
6 1 0 75 91 9 7 3 
3 3 23 39 51 7 0 2 
7 8 34 19 52 2 6 1 
2 1 16 58 44 3 5 5 
9 1 26 29 80 5 6 3 
9 2 37 17 58 6 9 6 
4 7 20 32 16 9 8 9 
8 0 37 74 64 9 5 7 
8 5 40 58 75 0 6 1 
0 2 36 84 38 2 6 0 
8 2 49 42 70 1 4 0 
8 1 26 74 44 2 6 2 
1 9 0 69 61 3 7 7 
3 0 14 63 45 3 3 5 
8 2 29 36 66 1 2 3 
1 7 24 80 23 4 5 7 
7 1 25 59 47 5 0 9 
1 6 53 64 59 6 4 9 
0 2 54 83 52 0 9 6 
4 6 31 58 68 0 7 9 
3 4 19 53 82 4 9 3 
7 4 20 54 61 9 0 7 
4 1 14 22 61 4 8 5 
2 0 0 40 23 4 9 5 
8 4 0 88 55 4 6 0 
4 6 38 25 22 9 8 7 
1 3 8 66 65 4 2 7 
2 5 5 33 56 0 3 7 
1 7 43 35 39 2 1 5 
0 5 9 75 70 8 6 6 
8 5 24 30 36 2 6 5 
9 9 40 26 45 0 3 2 
8 6 32 78 53 4 3 9 
0 1 1 60 33 4 1 8 
7 2 28 42 9 3 9 9 
8 1 65 34 76 5 1 7 
9 5 61 91 53 9 2 0 
0 2 44 34 45 0 4 7 
0 5 2 58 55 9 6 0 
6 5 39 23 97 3 1 8 
7 0 48 26 58 5 9 8 
3 7 40 31 6 5 0 1 
1 5 55 35 74 5 1 4 
1 8 25 48 78 1 0 7 
9 1 60 55 58 4 5 9 
4 6 28 29 24 3 8 2 
1 3 0 68 73 3 7 8 
7 5 20 22 49 0 0 6 
1 9 53 18 68 8 7 3 
7 9 57 54 101 1 3 0 
7 3 18 59 30 9 3 5 
6 2 38 48 45 9 4 7 
5 6 34 81 50 6 4 5 
5 1 27 33 57 0 4 7 
3 9 53 53 55 9 5 6 
3 9 11 36 65 5 9 8 
7 0 10 15 50 4 4 4 
7 7 31 30 55 4 7 2 
3 3 29 57 67 5 5 9 
1 7 33 46 70 7 2 6 
6 1 28 74 55 5 5 2 
1 1 35 43 28 8 7 0 
5 4 56 55 47 9 9 2 
7 5 23 39 47 3 4 2 
6 1 15 96 10 4 0 4 
0 0 44 44 25 8 5 2 
8 4 16 73 33 6 3 5 
4 1 0 46 61 0 2 6 
1 3 0 83 50 8 0 5 
1 2 0 82 51 4 8 1 
8 3 5 66 83 4 9 1 
0 7 32 54 43 7 1 6 
1 2 61 65 66 1 7 4 
5 4 44 30 51 7 6 8 
3 6 22 73 68 5 6 8 
2 0 48 51 53 8 2 4 
5 0 33 0 60 2 1 7 
8 6 49 41 44 0 0 9 
9 9 9 25 47 4 9 2 
9 0 18 42 14 9 0 8 
9 4 33 22 40 3 3 6 
0 1 10 40 60 6 2 7 
7 4 21 55 81 3 0 7 
2 4 25 51 48 4 3 2 
3 9 7 43 54 2 5 6 
4 9 13 32 53 8 9 8 
4 4 22 57 63 3 0 3 
3 2 16 59 22 3 6 2 
9 2 40 47 41 7 8 7 
6 4 38 54 95 8 3 1 
9 6 27 40 41 5 4 9 
6 4 14 21 71 0 1 6 
1 0 40 89 73 1 8 6 
8 2 20 46 73 6 9 4 
5 4 30 61 63 3 7 4 
2 1 0 76 47 6 8 0 
7 1 46 57 33 3 8 1 
3 9 13 25 33 4 4 6 
9 0 10 62 39 9 3 8 
3 7 16 54 36 3 9 8 
8 6 11 66 51 5 4 5 
0 2 23 48 18 1 7 3 
9 3 13 54 13 2 1 2 
5 4 0 37 62 2 2 9 
0 7 40 78 49 6 4 6 
1 1 8 53 51 5 6 3 
4 5 11 64 71 9 2 3 
3 2 25 57 69 8 1 3 
4 2 19 69 55 0 8 0 
2 0 24 62 28 3 7 0 
3 5 22 48 0 2 1 3 
2 5 11 63 48 8 1 7 
8 6 12 41 50 1 0 5 
9 0 35 70 70 8 0 7 
8 0 29 17 58 6 6 8 
6 5 33 73 41 7 6 1 
1 4 11 34 36 4 3 5 
2 4 43 64 61 5 3 4 
5 8 12 61 67 0 5 6 
3 7 58 44 51 3 8 4 
1 2 38 52 58 8 2 0 
0 4 20 47 39 8 6 6 
1 4 15 0 70 1 4 5 
8 3 8 42 74 2 2 6 
0 4 37 43 68 9 4 2 
3 7 11 70 12 5 4 2 
5 7 42 25 76 0 4 5 
6 5 20 25 27 2 4 5 
1 9 5 39 51 6 1 0 
1 5 64 42 0 4 9 5 
6 5 13 47 50 2 6 5 
6 9 20 40 34 6 6 7 
6 0 9 91 32 1 8 6 
1 8 52 30 53 5 1 0 
1 7 51 74 51 9 7 7 
9 6 34 26 31 9 4 1 
4 9 36 47 33 4 9 1 
7 5 35 49 31 6 6 1 
6 9 24 49 50 7 2 1 
6 2 40 51 35 3 0 9 
5 8 0 62 52 0 8 2 
3 0 30 95 24 0 6 9 
1 1 54 55 71 3 5 7 
4 9 50 4 57 8 2 2 
2 6 27 54 51 4 0 9 
8 0 44 55 40 7 1 0 
4 1 23 69 77 4 7 1 
0 3 27 57 2 3 3 1 
7 2 5 58 15 6 3 6 
9 1 43 41 50 2 9 5 
2 6 27 76 41 4 1 6 
7 2 49 58 45 8 8 6 
1 0 40 47 33 0 4 3 
4 5 36 2 44 7 8 0 
9 1 54 62 26 1 9 7 
9 7 30 49 67 2 5 3 
1 7 31 68 73 1 0 9 
1 7 10 10 62 4 6 4 
9 9 50 4 8 9 9 6 
3 2 46 15 67 6 7 7 
2 7 60 57 18 7 5 6 
0 7 22 6 62 7 6 3 
8 7 37 38 72 3 3 2 
7 4 33 42 60 4 0 7 
8 1 40 49 53 4 7 9 
1 4 15 84 30 0 1 3 
4 5 15 45 83 2 4 4 
8 6 9 24 66 9 1 9 
8 1 26 60 49 6 1 2 
1 2 17 50 49 1 5 8 
2 3 6 54 60 3 7 2 
5 6 80 39 45 7 3 6 
1 2 55 54 58 4 1 4 
8 2 52 51 40 3 4 3 
7 4 22 27 48 4 9 9 
5 9 34 65 33 7 2 4 
1 8 53 27 59 1 1 2 
5 9 22 70 50 1 6 5 
7 1 3 71 61 8 2 5 
8 9 17 46 54 1 6 9 
3 5 16 29 51 3 2 2 
1 1 36 71 49 7 1 7 
7 3 3 62 45 4 4 5 
7 2 15 71 44 3 3 5 
9 8 39 11 68 0 5 7 
1 4 73 68 74 8 9 8 
0 2 40 52 62 2 9 0 
3 2 3 50 45 3 1 2 
7 4 51 86 38 9 6 8 
5 8 21 62 52 5 1 2 
1 6 37 13 38 9 4 8 
7 6 55 42 86 3 8 5 
4 6 64 34 64 3 6 1 
6 0 40 42 38 8 2 3 
5 4 1 15 41 5 5 1 
9 7 44 65 76 4 1 6 
4 4 6 58 23 7 5 9 
0 8 15 56 53 8 2 5 
4 6 6 31 72 5 3 6 
6 4 57 43 32 0 7 4 
7 3 0 65 23 7 0 6 
1 3 15 45 37 1 2 2 
9 8 30 75 53 3 8 8 
6 5 25 13 47 6 2 2 
8 4 29 29 40 9 9 8 
2 2 8 70 51 9 0 1 
8 3 70 15 46 7 7 1 
2 7 70 53 37 5 2 2 
7 1 46 65 73 1 8 0 
2 9 41 67 36 4 5 1 
9 2 46 58 71 1 9 4 
7 7 4 31 36 8 3 5 
1 0 32 27 80 5 2 3 
6 8 25 85 79 9 9 2 
8 3 41 45 17 7 2 9 
3 3 28 49 45 4 6 6 
5 2 27 38 38 5 1 6 
0 4 39 51 4 6 6 8 
2 8 0 63 61 6 0 6 
6 9 22 68 51 6 2 5 
9 3 0 71 68 4 2 2 
7 4 29 59 32 6 9 3 
9 0 38 42 84 3 7 9 
6 9 49 76 13 8 1 2 
7 6 49 23 68 0 0 1 
1 1 46 39 36 7 6 4 
1 8 41 51 76 8 8 6 
3 4 26 8 54 9 3 4 
0 9 30 67 60 9 8 3 
6 7 38 25 50 5 8 0 
9 1 16 63 74 9 9 6 
9 2 58 79 78 1 9 5 
9 3 35 27 52 5 7 1 
0 1 25 50 32 2 9 0 
2 3 24 59 55 1 1 4 
8 9 13 65 24 3 1 1 
0 7 0 39 52 8 5 6 
7 3 41 48 22 7 5 0 
3 4 29 63 43 2 4 4 
2 3 57 63 47 4 0 1 
8 3 35 27 20 9 7 0 
9 1 35 46 36 5 8 5 
0 6 18 40 50 2 7 7 
4 9 49 60 42 6 9 9 
0 5 57 22 54 5 6 6 
7 1 33 29 46 7 4 4 
0 1 67 15 57 3 9 9 
8 9 28 54 37 6 5 4 
1 9 12 18 62 6 7 1 
7 8 15 32 51 1 4 1 
5 1 15 73 54 8 8 7 
2 1 24 39 24 3 1 1 
7 2 0 51 34 8 2 3 
8 8 40 56 83 0 8 1 
5 3 22 87 58 7 6 7 
8 8 22 41 45 0 4 0 
8 8 44 16 60 4 5 5 
2 9 73 65 67 1 2 7 
9 0 18 48 20 8 9 0 
0 1 22 16 50 7 3 7 
9 3 6 21 57 9 8 1 
0 9 35 43 49 2 9 9 
4 3 29 60 82 9 8 0 
1 8 33 77 78 7 8 6 
1 7 0 60 61 9 5 0 
7 0 20 21 74 2 7 6 
0 2 0 60 77 2 7 2 
1 7 26 44 36 9 0 0 
5 4 20 98 71 5 7 2 
7 7 14 56 41 0 3 5 
8 0 0 51 35 1 5 6 
4 8 0 7 45 4 3 2 
2 8 0 44 38 9 7 9 
3 5 17 48 43 1 8 3 
8 9 0 39 47 5 3 1 
6 6 14 35 53 4 7 8 
2 4 37 79 13 7 3 7 
3 8 9 4 36 4 8 2 
4 7 26 20 28 8 1 5 
6 0 31 55 73 3 1 0 
5 8 25 62 20 3 9 4 
3 3 25 51 44 5 1 2 
3 1 2 56 68 3 4 6 
8 5 14 56 41 1 1 6 
9 6 41 44 38 7 3 3 
3 1 45 44 64 7 7 8 
5 8 24 72 89 2 0 6 
1 5 51 87 44 6 1 1 
9 2 33 47 70 3 4 7 
8 9 21 67 56 5 6 3 
2 8 23 45 84 2 0 9 
3 6 15 74 53 2 1 4 
6 3 22 45 79 6 5 5 
5 9 0 53 88 9 6 9 
6 1 33 40 53 5 8 2 
6 9 40 79 61 8 1 1 
4 9 22 28 35 4 6 9 
6 6 30 30 93 6 1 5 
0 5 12 44 36 2 1 4 
7 7 12 51 39 2 5 0 
7 7 21 69 56 1 0 2 
0 0 78 69 30 6 1 8 
7 0 43 46 44 0 5 7 
9 0 29 4 32 2 1 5 
6 1 24 67 6 0 1 6 
0 7 62 70 77 7 4 5 
7 7 19 18 62 9 0 4 
0 3 9 61 60 9 4 9 
8 2 15 22 43 7 4 7 
4 9 52 40 30 6 4 1 
0 1 36 85 48 2 4 2 
2 1 16 42 44 5 0 2 
1 0 3 34 72 5 9 3 
6 3 36 45 37 5 1 1 
2 5 0 45 34 8 5 4 
7 2 23 40 71 2 1 8 
1 5 28 55 44 3 6 9 
2 6 42 37 40 5 9 9 
3 2 6 38 79 4 0 2 
1 1 8 39 71 9 4 2 
8 4 0 46 98 6 5 4 
5 6 56 46 29 3 7 9 
4 6 19 35 75 3 8 2 
9 4 49 62 65 7 9 7 
5 9 28 26 32 7 1 7 
0 6 63 52 44 4 2 4 
1 9 28 67 26 6 1 8 
0 2 25 67 22 3 5 2 
5 8 11 33 44 4 6 7 
7 2 33 49 67 1 1 3 
1 4 45 21 59 1 8 1 
9 3 6 64 73 6 0 8 
6 3 21 50 26 1 7 5 
5 8 33 95 57 3 5 8 
0 7 14 51 70 4 8 4 
9 4 53 74 80 4 9 9 
1 1 6 54 68 7 9 4 
0 4 23 54 38 7 3 9 
7 8 9 68 51 9 8 9 
3 3 44 79 76 4 9 5 
9 4 33 43 10 5 1 1 
9 2 42 66 42 2 7 2 
1 2 53 53 70 4 1 2 
9 4 48 5 57 2 0 4 
0 8 36 69 60 2 9 0 
1 1 25 46 33 4 5 1 
9 3 33 51 44 9 6 5 
2 6 28 53 44 5 8 3 
6 3 18 52 56 5 4 0 
3 6 38 28 15 3 8 9 
2 5 41 56 95 0 5 0 
7 3 19 8 82 1 3 5 
8 5 9 71 1 3 0 6 
2 5 19 69 40 6 5 2 
6 3 18 50 49 9 0 0 
8 7 29 2 46 6 2 8 
4 8 0 41 59 6 6 6 
2 4 38 64 56 1 4 5 
7 8 34 2 67 1 8 8 
8 3 37 30 4 9 9 6 
3 6 33 62 50 6 4 6 
6 0 31 47 70 1 5 0 
2 9 0 26 70 8 7 4 
1 7 20 51 41 1 5 7 
1 1 29 17 57 2 6 9 
0 2 0 113 90 1 0 6 
5 8 3 71 50 9 6 6 
7 0 52 59 36 4 5 6 
9 4 41 55 38 5 1 8 
0 2 37 49 45 1 1 6 
5 6 37 56 68 9 1 9 
9 4 22 63 60 6 8 8 
8 1 11 36 121 8 3 7 
8 1 17 31 50 2 7 0 
5 7 35 33 73 0 8 5 
2 0 65 56 70 4 8 6 
9 6 10 45 37 3 3 7 
1 5 14 42 57 3 2 7 
6 0 18 22 25 6 2 9 
8 9 49 33 36 9 2 5 
3 7 14 63 16 9 7 7 
0 1 21 23 37 1 6 4 
7 7 22 50 47 1 6 9 
7 4 22 46 55 3 3 7 
2 3 38 55 72 9 2 4 
6 3 46 87 29 3 7 0 
1 6 31 91 57 8 9 8 
9 0 38 13 57 2 7 3 
8 5 16 33 75 7 8 6 
4 3 26 29 23 0 6 8 
5 4 51 28 59 3 3 7 
8 8 73 53 12 9 1 1 
3 0 11 71 30 9 3 0 
7 6 16 54 49 7 7 5 
7 8 33 74 33 0 9 9 
5 7 42 34 28 3 1 0 
2 8 22 36 61 9 9 1 
7 3 12 14 85 0 7 1 
9 9 24 43 53 1 9 8 
3 5 13 31 30 1 3 8 
1 8 12 58 47 4 5 8 
9 8 28 76 55 9 2 0 
5 2 18 68 76 2 8 2 
5 7 33 91 58 1 4 7 
6 2 0 63 66 1 6 3 
5 0 52 42 35 4 4 4 
6 0 21 56 52 6 8 0 
6 2 27 41 42 5 5 6 
3 9 59 41 42 9 5 4 
8 0 31 12 58 1 5 6 
2 5 21 36 49 3 3 1 
5 2 32 79 58 9 8 1 
8 3 13 51 77 1 7 7 
7 0 19 32 44 7 4 6 
8 9 31 70 50 5 9 7 
9 8 69 27 23 2 3 0 
5 3 42 64 40 0 4 8 
7 6 33 60 34 1 4 7 
8 1 22 67 59 4 5 4 
4 2 57 76 34 1 0 3 
6 2 58 48 47 3 1 7 
0 4 81 11 40 9 6 3 
5 5 17 60 64 4 0 5 
4 9 43 22 63 7 9 2 
1 7 12 87 19 7 0 8 
3 0 13 54 30 6 8 9 
9 1 0 75 38 4 0 1 
8 1 58 89 32 0 3 6 
3 2 32 63 36 2 5 5 
4 6 27 25 7 0 6 5 
4 9 19 43 54 1 1 8 
7 0 49 33 55 7 9 0 
9 9 11 16 29 4 2 6 
4 1 24 29 40 0 5 5 
2 5 1 22 31 9 2 1 
6 1 23 30 22 4 0 7 
6 2 47 42 69 7 5 1 
3 8 5 40 29 4 6 7 
1 9 71 42 55 3 2 7 
5 0 36 87 83 1 1 6 
5 2 0 73 37 4 2 7 
0 8 4 29 50 5 4 6 
9 2 26 10 41 7 8 2 
7 7 32 46 72 0 7 8 
3 1 17 52 83 0 1 3 
7 7 36 49 89 9 7 5 
8 2 0 23 100 7 1 2 
4 1 23 37 64 9 1 0 
7 0 34 90 70 4 0 0 
6 5 71 44 0 7 3 1 
4 6 31 32 34 4 8 7 
9 1 46 45 40 1 3 4 
9 9 21 34 43 8 0 7 
5 9 33 58 65 2 7 3 
4 4 14 51 32 9 5 3 
1 6 29 39 31 6 6 2 
0 6 19 30 83 8 8 5 
0 3 21 68 91 3 6 5 
5 8 0 38 34 7 5 7 
2 9 27 25 38 0 9 5 
8 3 55 43 25 7 5 9 
1 2 28 68 45 8 6 3 
1 7 0 15 37 0 9 1 
0 3 23 68 8 0 2 0 
7 8 51 80 47 4 3 6 
0 3 72 54 63 8 5 7 
4 8 22 77 53 9 4 2 
5 9 4 68 40 2 7 4 
8 1 18 45 85 4 4 7 
9 9 7 59 40 5 3 8 
9 3 34 44 77 7 4 7 
8 4 43 30 40 4 3 8 
9 6 17 19 42 4 7 3 
9 7 17 38 31 4 9 6 
7 8 0 36 58 9 2 6 
6 5 10 39 62 1 4 3 
1 6 77 50 31 3 3 4 
9 3 50 30 51 1 1 5 
2 9 1 44 54 8 5 5 
1 2 15 40 56 1 6 4 
0 4 28 55 55 4 8 1 
0 4 39 42 59 6 2 0 
7 0 12 35 24 7 8 9 
7 9 36 28 8 5 2 4 
5 1 20 35 50 1 8 5 
2 9 37 52 49 3 3 5 
0 2 20 40 59 7 3 8 
3 0 32 53 31 3 1 6 
4 0 2 48 56 0 0 7 
4 4 35 31 69 4 9 6 
8 7 34 54 42 1 4 3 
1 3 39 73 30 0 7 2 
4 2 0 87 27 9 3 2 
2 6 15 72 77 5 1 7 
2 6 48 41 30 2 7 7 
4 2 20 57 33 3 8 3 
7 4 10 56 78 1 3 8 
0 5 79 50 42 9 4 1 
1 5 0 43 77 1 9 3 
8 8 11 54 48 7 3 5 
1 5 46 52 32 1 6 0 
5 5 7 23 62 5 9 2 
7 9 27 63 48 0 9 7 
6 6 23 13 52 6 3 9 
8 0 30 57 60 6 8 7 
1 5 53 67 24 1 9 9 
3 4 38 32 51 5 5 9 
7 7 29 66 69 9 8 6 
7 6 49 47 92 4 8 8 
8 6 21 62 27 5 8 2 
3 3 26 67 32 0 5 2 
1 7 52 44 36 3 3 6 
4 1 50 37 44 7 4 6 
4 0 0 14 68 4 3 0 
4 7 0 61 68 9 8 7 
1 5 25 81 14 3 8 3 
6 3 18 93 74 3 7 4 
6 8 12 45 77 6 1 6 
1 4 33 77 46 5 3 5 
7 9 60 89 38 3 3 0 
6 5 7 78 18 0 4 7 
0 0 33 37 33 8 3 9 
3 8 29 85 12 5 0 2 
5 3 28 68 53 2 9 3 
6 2 64 19 47 5 3 8 
6 2 37 53 60 5 6 2 
7 5 38 91 56 7 5 7 
0 6 42 34 47 4 0 3 
2 6 15 28 11 8 3 0 
5 5 22 79 23 7 1 3 
5 9 16 64 51 9 7 4 
8 3 5 67 44 9 1 9 
0 5 15 80 51 5 6 2 
0 3 18 44 76 1 9 7 
3 8 23 0 44 1 4 7 
7 2 52 48 98 5 8 0 
9 3 17 69 43 6 3 1 
3 3 39 36 65 2 0 0 
9 3 33 55 53 4 5 8 
0 9 36 45 29 6 1 6 
9 1 9 17 19 3 3 5 
5 4 36 41 128 7 3 6 
8 7 26 67 44 9 5 8 
4 2 53 35 58 0 0 9 
3 9 60 45 32 2 9 6 
9 2 11 61 61 8 3 3 
5 2 53 62 21 1 0 5 
9 5 8 32 42 0 5 3 
8 7 19 52 52 1 7 7 
6 3 50 57 21 6 0 8 
6 6 28 65 26 3 5 0 
4 9 12 59 22 7 1 3 
9 4 37 65 67 8 1 6 
5 7 35 49 84 7 0 1 
9 4 50 75 56 1 2 7 
8 4 45 10 25 9 2 8 
0 3 31 27 60 1 5 6 
4 8 40 65 65 9 4 9 
4 0 46 34 51 8 5 4 
0 4 26 0 2 8 1 0 
7 1 29 75 77 3 4 6 
7 4 0 63 64 1 7 2 
2 3 25 40 81 9 4 0 
2 1 39 54 56 2 0 6 
0 1 12 42 47 0 6 1 
4 6 17 47 49 2 1 8 
2 9 34 34 48 6 7 3 
9 4 28 50 37 8 9 6 
3 0 30 86 36 4 9 1 
2 4 34 61 34 8 6 2 
8 9 26 78 72 6 9 8 
6 6 30 28 47 3 8 4 
1 3 20 37 12 6 1 8 
5 1 8 38 63 2 3 2 
2 1 42 61 54 7 6 7 
7 3 15 58 34 4 5 4 
0 4 25 51 31 1 5 6 
9 0 36 57 60 9 4 9 
8 9 0 88 37 7 8 3 
7 9 28 65 43 2 5 2 
9 6 42 25 53 2 5 2 
0 9 24 61 23 0 0 6 
1 3 35 66 86 1 6 3 
2 5 17 40 25 1 8 8 
5 4 35 52 55 9 7 8 
9 3 11 70 27 3 2 6 
1 7 23 37 44 0 4 1 
1 5 29 58 22 8 9 8 
2 8 54 73 41 7 0 0 
1 3 53 46 35 5 5 1 
2 4 27 75 31 3 6 3 
4 8 33 69 39 6 9 2 
3 3 26 48 68 5 1 4 
5 4 4 49 56 8 7 2 
0 0 4 42 45 1 5 2 
7 3 70 55 37 3 2 6 
3 8 58 51 39 2 8 5 
5 0 38 38 69 4 5 5 
2 9 67 52 0 8 8 0 
2 0 46 76 67 6 2 8 
4 1 35 36 54 7 1 5 
4 4 74 73 48 1 8 4 
2 8 38 67 57 4 1 9 
3 3 30 48 46 0 6 4 
6 1 26 39 61 5 2 4 
7 8 17 75 61 2 2 5 
1 0 0 17 81 8 3 5 
6 6 0 44 35 3 4 1 
1 4 35 41 62 1 5 8 
9 2 8 60 38 1 7 2 
9 2 50 19 43 3 1 0 
4 7 49 36 42 2 9 8 
3 7 55 72 57 7 2 4 
6 1 0 38 56 0 2 0 
4 2 48 36 31 7 1 1 
0 3 6 38 0 1 9 0 
3 9 30 79 47 8 6 4 
9 9 58 74 71 1 5 0 
3 4 11 44 46 1 6 0 
8 3 18 70 54 6 0 2 
2 8 0 52 63 7 6 6 
0 6 64 55 52 2 5 2 
3 9 60 44 21 7 2 0 
4 4 33 44 50 5 6 8 
4 2 53 70 44 4 3 2 
9 4 31 68 25 7 9 3 
9 8 46 58 41 1 3 1 
2 1 15 25 74 6 1 4 
0 3 1 43 82 6 4 1 
8 3 82 44 55 5 4 4 
0 9 45 49 57 8 5 9 
8 0 17 39 50 4 8 8 
8 4 39 43 73 1 3 5 
1 9 55 37 68 9 0 0 
2 8 10 60 50 6 1 0 
6 4 50 39 52 9 7 5 
3 0 57 50 60 1 6 6 
3 0 0 38 68 2 6 5 
7 4 13 33 59 2 3 7 
4 3 2 27 74 6 2 9 
5 4 0 92 42 3 8 9 
0 4 0 56 41 5 1 8 
8 2 28 5 66 7 5 5 
4 5 0 75 60 9 3 7 
2 4 22 51 48 5 0 3 
8 8 60 99 32 3 2 6 
1 5 18 80 61 2 8 6 
6 7 11 69 68 4 6 1 
6 0 14 20 33 2 1 9 
7 2 32 45 37 2 8 5 
3 1 22 74 47 9 9 5 
0 1 22 61 48 9 7 9 
4 6 38 51 57 8 6 7 
9 3 7 0 39 6 1 0 
2 5 49 29 43 4 8 2 
9 3 25 73 76 6 4 6 
2 1 32 62 46 3 4 3 
2 6 27 64 23 7 8 2 
9 3 4 65 67 7 4 8 
7 3 36 24 66 1 3 1 
1 5 30 39 68 3 6 7 
4 0 47 20 35 9 1 9 
1 6 48 30 69 7 4 2 
4 3 8 50 79 7 5 4 
5 5 46 47 66 3 6 8 
1 3 16 51 7 8 9 3 
5 8 35 38 19 0 7 6 
0 7 67 40 47 4 0 8 
2 7 68 69 57 8 6 3 
3 4 20 67 64 0 1 9 
5 6 40 53 27 3 1 8 
3 7 4 67 40 7 7 4 
8 3 10 8 26 7 4 6 
6 8 21 30 32 6 2 4 
1 2 14 34 16 4 1 2 
6 9 0 80 12 9 7 9 
9 7 29 67 63 6 0 2 
2 8 44 50 27 2 5 9 
3 3 15 10 101 4 0 0 
1 3 43 55 59 9 9 9 
1 0 36 60 17 7 1 9 
5 2 0 52 73 0 0 3 
6 3 18 41 17 2 9 1 
2 9 11 14 54 0 2 4 
8 1 23 80 62 4 5 0 
7 8 0 18 0 5 5 9 
1 6 33 80 54 4 8 3 
8 7 32 47 42 3 9 0 
9 5 20 38 78 3 8 8 
0 8 46 43 45 1 0 5 
1 3 0 57 98 8 9 4 
2 5 68 74 66 3 7 7 
4 4 39 24 44 5 8 9 
9 3 31 51 30 8 0 7 
5 8 75 69 82 7 4 6 
4 2 48 3 62 6 1 6 
5 1 18 61 32 7 1 3 
5 8 0 67 44 7 9 4 
4 0 18 46 49 3 0 8 
8 5 8 10 60 9 4 2 
2 2 46 51 23 8 9 1 
8 8 41 44 59 6 4 9 
0 0 41 57 52 1 9 9 
5 9 31 19 82 0 1 9 
6 8 43 62 40 5 2 9 
7 7 40 38 51 1 8 0 
8 0 23 77 65 4 9 6 
1 9 30 63 42 5 3 3 
2 5 50 54 40 7 4 9 
7 8 44 33 60 4 3 8 
4 9 45 63 26 5 1 8 
8 7 8 20 58 5 9 0 
2 4 46 20 45 2 4 4 
7 1 27 68 49 7 7 4 
5 3 32 50 76 8 2 1 
2 1 61 49 70 6 8 1 
4 3 40 20 57 9 6 8 
2 1 67 11 69 3 1 1 
3 6 45 64 70 5 9 2 
6 6 18 48 21 4 9 4 
9 1 39 49 53 2 1 2 
2 5 21 56 56 4 0 2 
9 0 46 53 53 4 2 2 
1 4 39 70 68 0 0 4 
4 9 36 52 63 6 7 9 
0 0 26 64 68 8 0 4 
5 1 48 47 62 5 7 3 
6 2 67 52 46 4 3 8 
5 0 23 72 82 9 0 3 
4 1 49 51 46 9 6 2 
3 5 44 36 52 9 8 5 
1 9 45 43 60 6 3 6 
1 0 38 44 90 9 3 8 
4 7 0 33 38 9 9 0 
9 3 18 78 46 5 8 8 
3 8 44 56 29 4 3 0 
8 1 27 21 31 1 7 1 
2 7 10 84 29 9 5 4 
8 4 40 34 37 4 2 5 
1 8 0 49 57 7 8 2 
6 1 28 69 53 4 9 3 
2 6 6 40 54 3 7 7 
4 3 52 73 18 7 0 0 
9 8 54 85 58 1 2 4 
1 3 27 22 48 2 7 5 
0 0 60 31 32 6 3 3 
2 2 54 96 75 6 2 6 
4 4 19 35 69 4 5 7 
9 5 37 39 60 7 2 1 
4 5 64 69 15 3 6 1 
7 6 21 38 24 2 8 7 
9 7 3 37 30 3 6 9 
8 5 0 70 35 1 1 0 
1 3 66 22 81 4 5 2 
8 8 35 32 54 0 2 1 
2 5 49 45 43 0 0 2 
2 3 21 55 40 4 3 1 
6 5 37 41 69 0 9 1 
6 5 0 31 63 4 9 9 
8 0 36 50 62 5 1 6 
1 8 24 89 47 1 8 0 
2 8 47 41 47 5 9 6 
1 7 55 67 72 6 7 9 
0 2 50 36 42 3 2 2 
0 9 43 51 31 4 6 5 
8 6 0 80 32 1 0 5 
2 7 54 32 30 2 9 8 
8 2 67 51 70 6 8 1 
0 9 43 46 53 5 8 6 
9 3 25 40 15 7 5 2 
7 3 28 13 70 7 0 5 
1 2 0 59 25 0 2 8 
1 7 29 28 76 8 7 6 
0 3 40 65 29 9 5 5 
0 7 34 86 40 4 9 0 
5 6 29 48 64 4 0 1 
5 8 59 58 59 9 1 6 
2 0 10 19 7 5 2 6 
5 3 13 32 25 3 4 8 
9 9 0 30 47 8 6 1 
6 3 30 55 71 0 3 0 
2 4 71 44 41 5 4 2 
5 0 18 86 62 3 5 3 
4 7 0 30 34 1 6 6 
1 8 24 23 45 1 5 6 
0 5 0 42 81 0 8 2 
5 9 46 48 31 4 2 4 
1 0 36 31 23 2 2 2 
5 9 31 76 48 0 0 7 
2 6 51 50 51 2 3 5 
7 8 48 25 34 2 1 9 
4 2 38 60 47 7 1 5 
5 0 0 43 39 1 8 4 
9 3 50 74 44 0 8 1 
9 5 46 51 78 3 9 1 
4 1 31 41 55 1 8 1 
9 7 46 43 50 2 4 8 
5 9 42 53 17 5 0 4 
7 5 4 76 45 3 7 5 
7 9 49 30 83 3 5 3 
4 2 10 30 54 3 6 0 
6 8 39 42 57 6 4 7 
2 1 27 54 50 1 6 6 
7 4 38 55 18 5 2 0 
2 6 38 67 93 3 5 5 
9 7 47 42 0 4 7 8 
5 0 62 21 58 4 1 4 
6 3 35 37 45 3 1 3 
5 2 7 69 36 8 0 2 
5 6 0 29 13 1 1 3 
8 4 35 42 93 3 3 5 
7 5 32 36 67 6 3 6 
4 3 31 44 46 1 1 0 
3 7 31 52 53 3 5 9 
2 1 11 38 12 3 7 9 
7 2 45 46 31 9 6 7 
4 2 21 57 70 3 5 3 
7 2 35 39 55 4 5 8 
3 0 13 24 44 2 4 5 
8 7 56 37 68 0 0 2 
6 3 14 33 55 8 9 5 
2 1 10 65 58 3 2 1 
9 2 23 41 73 2 7 1 
7 7 32 32 49 3 5 6 
1 3 33 12 62 4 3 8 
9 7 11 58 85 0 8 2 
3 4 28 47 55 7 5 5 
7 3 29 64 69 8 8 1 
9 0 49 79 55 8 0 7 
4 9 3 69 54 4 3 2 
6 4 0 31 75 1 7 4 
1 8 0 33 64 8 9 8 
6 5 17 82 49 0 5 4 
3 5 44 69 33 1 0 9 
0 7 16 110 63 0 8 8 
7 4 32 52 1 6 9 4 
5 9 36 26 52 8 3 6 
8 4 35 37 55 5 2 0 
9 3 39 45 40 8 0 8 
6 9 37 15 28 9 2 9 
1 2 38 49 51 1 3 4 
2 0 67 58 76 5 5 3 
0 0 50 53 27 4 1 2 
0 1 0 45 9 6 0 2 
5 2 30 47 38 5 6 4 
7 5 34 42 72 5 2 2 
9 5 40 25 59 8 9 1 
5 3 30 72 10 1 0 1 
3 5 44 47 66 2 7 4 
5 0 56 74 15 2 5 0 
7 8 45 43 49 2 0 3 
0 5 61 33 62 2 0 7 
8 4 18 42 38 4 9 3 
0 4 20 17 53 8 3 9 
6 8 0 51 44 6 3 0 
3 2 7 59 33 1 9 1 
1 0 14 37 43 6 7 1 
7 1 4 33 44 9 6 4 
2 3 44 75 77 9 0 3 
3 9 19 37 69 3 6 1 
6 5 31 65 62 3 3 8 
4 1 57 38 57 7 3 0 
0 8 9 59 47 1 0 9 
8 2 31 60 82 9 5 3 
9 3 73 41 59 4 0 5 
0 3 45 80 55 1 8 2 
8 4 53 67 43 4 6 0 
8 3 40 38 46 4 3 7 
6 7 29 62 16 0 2 6 
7 6 14 42 36 4 0 7 
3 7 54 40 18 6 8 0 
5 2 0 42 70 2 8 0 
5 0 19 49 48 7 0 4 
3 0 6 56 46 9 3 1 
4 2 0 65 54 7 5 6 
2 3 56 70 76 3 0 2 
0 7 60 50 28 0 2 7 
1 1 15 4 80 8 2 9 
8 7 53 18 35 1 5 1 
3 6 18 37 41 8 7 5 
7 8 40 64 63 5 7 7 
0 0 20 63 18 9 8 6 
5 7 47 31 54 2 1 9 
4 7 31 36 55 6 6 4 
3 7 51 36 102 5 2 8 
9 6 23 48 55 2 7 4 
2 1 15 44 66 4 4 3 
6 8 11 16 61 9 2 1 
3 0 34 73 75 3 2 8 
0 8 20 85 56 0 8 1 
2 2 4 83 78 6 1 9 
1 6 40 23 43 3 0 2 
7 4 45 51 22 4 7 5 
5 0 32 14 24 2 1 7 
1 3 0 15 81 6 5 5 
3 4 48 68 46 5 7 6 
5 9 13 45 37 0 1 4 
4 0 47 12 59 4 5 7 
4 5 66 62 61 4 1 6 
1 4 29 56 59 3 2 3 
6 9 38 115 39 3 8 3 
4 3 37 8 23 0 9 8 
3 9 33 45 36 3 7 1 
9 2 14 42 90 3 8 7 
9 3 28 31 50 3 4 4 
4 3 51 58 27 9 4 6 
2 3 33 67 32 9 2 6 
3 4 73 19 16 1 5 9 
6 9 33 57 43 0 1 5 
7 1 40 57 64 5 2 1 
4 2 30 35 49 5 6 9 
0 3 23 57 21 6 1 1 
3 0 21 73 38 8 9 3 
7 2 54 23 29 2 8 8 
6 7 46 47 29 6 4 3 
2 9 11 78 54 0 4 2 
5 1 0 70 55 9 8 1 
0 6 48 65 46 1 9 3 
4 4 38 8 41 1 8 6 
0 1 18 67 28 9 7 4 
7 8 15 34 67 6 5 4 
7 7 53 43 89 3 7 2 
0 2 23 53 38 4 8 6 
4 2 54 32 14 6 2 0 
6 0 33 67 53 1 7 0 
6 9 28 46 45 8 7 5 
7 4 54 34 33 0 5 1 
2 4 35 51 49 5 4 0 
7 7 65 86 65 5 2 0 
7 6 24 27 56 3 4 5 
7 1 14 27 21 1 0 7 
2 8 26 28 45 7 1 7 
0 0 35 69 52 8 3 1 
9 1 64 52 50 8 8 9 
4 1 0 57 76 4 1 4 
0 0 37 54 46 9 4 0 
0 2 50 67 58 2 9 8 
9 9 30 44 45 5 3 2 
5 5 38 85 49 4 1 1 
2 1 22 33 52 6 1 0 
7 2 9 36 41 3 4 2 
7 4 32 6 59 3 4 4 
2 1 1 46 40 5 5 4 
5 0 19 47 35 5 3 1 
5 8 27 26 49 2 8 4 
9 6 25 36 26 8 8 8 
3 1 31 69 27 5 4 2 
7 7 7 67 89 7 3 2 
8 7 34 37 41 7 9 6 
5 4 13 23 61 7 4 0 
9 0 18 29 38 8 5 1 
7 4 41 59 83 1 3 3 
8 0 27 55 19 7 1 7 
4 3 56 34 51 6 6 6 
7 2 55 55 37 0 8 0 
6 0 32 49 47 7 3 9 
4 3 34 57 82 7 2 4 
2 6 5 34 32 1 5 6 
0 1 34 54 0 7 8 3 
3 3 49 40 73 1 4 9 
7 3 39 34 66 1 2 0 
4 4 55 48 43 8 5 9 
9 7 36 49 59 5 5 9 
0 2 27 46 63 5 7 1 
7 7 31 59 59 2 0 5 
3 3 19 40 71 9 3 0 
8 2 17 65 47 7 9 7 
6 5 26 25 65 7 2 6 
3 8 27 49 51 3 9 4 
9 0 64 57 38 5 3 0 
0 8 0 77 91 1 6 5 
0 1 28 47 36 4 7 6 
0 5 44 50 28 3 9 4 
7 1 40 44 42 2 2 6 
7 8 29 53 32 7 2 7 
4 7 63 53 9 6 0 1 
7 8 8 58 57 9 4 0 
2 9 24 46 72 9 7 2 
7 1 28 70 60 5 9 4 
4 1 39 44 53 9 8 8 
0 0 38 71 2 0 6 1 
3 6 41 80 51 3 9 9 
0 5 44 54 40 3 2 5 
1 7 26 17 59 6 1 4 
3 4 12 57 50 4 7 0 
3 3 43 49 67 5 9 7 
8 0 31 39 60 1 1 9 
3 5 17 56 58 0 4 1 
9 3 18 68 15 7 9 1 
1 2 33 40 74 1 0 1 
4 1 0 8 33 0 1 3 
3 6 12 35 61 3 9 8 
9 5 25 60 51 8 8 5 
1 3 43 61 30 1 2 4 
0 6 0 47 78 4 0 2 
6 1 47 36 77 0 3 7 
7 7 50 72 20 7 1 1 
1 0 27 15 50 0 4 2 
8 8 4 39 23 2 2 0 
0 6 12 82 52 2 9 3 
2 7 31 48 52 4 3 7 
3 6 13 76 75 1 0 2 
6 4 4 55 75 5 6 0 
7 7 24 49 75 7 9 2 
4 3 36 37 25 6 3 2 
7 9 18 18 74 1 5 3 
7 2 14 51 30 3 0 4 
0 4 52 58 47 9 9 2 
8 2 42 42 67 5 6 1 
2 0 35 62 39 4 2 9 
5 6 52 41 68 4 8 1 
7 9 24 51 36 8 5 4 
9 4 36 47 0 7 3 6 
6 9 15 80 39 6 5 1 
8 8 11 48 40 5 2 3 
0 8 20 54 60 9 4 5 
9 5 55 25 51 0 8 0 
9 1 51 58 73 7 0 6 
6 7 27 11 28 4 4 6 
0 8 30 70 55 0 7 2 
7 9 24 94 55 9 7 6 
0 2 0 47 35 8 9 8 
0 2 7 53 51 7 1 8 
4 4 37 43 67 3 4 6 
6 5 33 20 76 3 0 5 
5 6 48 46 85 5 2 6 
5 7 45 65 66 9 1 6 
4 0 12 79 39 9 7 4 
1 0 22 77 62 8 9 8 
3 5 70 38 43 3 2 5 
6 6 27 10 54 7 2 6 
6 4 12 41 33 1 4 2 
3 1 38 56 69 8 0 8 
8 2 38 77 40 8 2 6 
6 1 22 19 58 1 9 6 
9 5 62 78 70 9 1 1 
3 4 36 65 85 2 7 8 
1 2 42 39 0 7 1 5 
7 9 45 44 40 8 1 3 
9 1 30 90 66 9 4 0 
6 0 32 79 22 4 8 0 
6 8 13 45 20 7 4 6 
2 2 27 35 28 5 4 8 
8 1 43 42 62 7 6 1 
5 6 20 37 10 3 9 9 
4 0 63 29 75 7 7 8 
2 0 17 46 77 9 1 6 
2 6 28 52 77 5 1 3 
1 3 17 57 72 5 9 7 
3 1 20 29 40 7 6 1 
7 4 5 84 37 0 1 2 
6 8 47 88 79 6 3 8 
5 2 14 26 39 3 2 8 
7 2 50 49 55 2 5 2 
0 6 49 21 35 2 7 3 
9 9 35 34 20 4 9 8 
3 0 37 79 48 6 5 9 
0 1 26 60 86 9 2 4 
6 6 59 69 55 4 0 3 
2 2 44 37 36 7 3 6 
5 0 24 25 73 7 4 6 
0 1 16 39 53 5 5 6 
1 4 32 70 55 5 5 8 
2 3 58 17 45 7 4 4 
7 0 24 50 49 7 8 8 
1 9 30 77 41 7 1 4 
5 9 55 92 61 3 0 8 
1 8 29 50 65 8 5 6 
9 0 12 47 61 5 2 8 
1 1 45 66 55 8 1 0 
2 3 38 2 47 9 8 2 
7 3 29 47 31 0 9 0 
9 4 31 65 43 2 3 6 
7 9 0 41 70 9 9 9 
9 4 16 58 54 1 9 6 
4 8 0 46 38 2 4 2 
3 2 0 42 35 7 3 4 
7 9 31 42 52 4 8 2 
8 1 3 14 52 2 1 9 
2 2 56 25 59 2 9 7 
7 3 31 80 28 6 9 8 
2 3 0 70 60 6 4 4 
2 2 43 86 77 4 2 9 
3 8 21 58 81 7 9 9 
8 5 39 63 34 6 5 2 
0 7 45 31 120 0 8 0 
9 2 42 23 52 9 0 2 
2 0 0 61 33 9 0 9 
0 8 14 57 40 9 3 2 
6 4 36 84 80 6 0 1 
6 4 58 27 46 5 9 6 
1 6 8 57 48 9 4 6 
7 4 17 50 66 3 8 8 
1 5 38 45 72 3 1 2 
6 4 68 75 83 9 0 5 
4 7 38 22 99 8 3 5 
9 6 40 30 54 4 7 6 
7 0 59 33 61 7 9 3 
9 0 10 64 55 3 3 4 
6 5 42 35 55 2 8 2 
0 7 34 63 46 2 0 7 
3 0 25 66 37 7 2 4 
6 6 0 16 49 8 9 8 
2 6 40 46 13 3 6 4 
6 3 22 50 46 6 3 2 
7 1 28 56 34 5 2 8 
6 6 30 41 65 7 1 8 
0 6 57 86 35 3 3 6 
4 0 0 69 66 1 6 0 
9 7 24 43 22 6 4 9 
7 9 12 76 59 3 5 5 
9 8 22 107 45 9 6 1 
5 9 13 27 59 5 6 5 
6 0 57 68 68 0 3 9 
2 3 26 53 40 2 2 9 
1 5 8 76 61 7 5 4 
9 5 49 31 35 6 1 9 
3 7 28 28 40 3 6 5 
4 0 28 52 38 9 5 6 
3 6 46 45 61 3 0 5 
1 8 34 37 36 0 0 0 
6 1 21 29 69 6 4 3 
7 8 20 86 43 0 1 6 
3 6 33 61 25 9 8 5 
2 0 0 30 75 4 3 0 
2 9 29 17 74 1 5 9 
8 2 22 28 29 8 5 1 
9 3 30 66 41 5 9 8 
2 1 26 36 27 2 7 2 
5 8 0 53 15 0 1 6 
9 5 10 45 29 0 3 4 
9 3 0 80 39 4 4 8 
9 6 37 67 55 9 4 8 
2 1 30 62 71 5 8 5 
6 4 42 74 20 9 4 2 
1 2 11 27 49 1 6 1 
1 4 55 62 67 2 5 8 
1 8 29 66 40 8 3 3 
7 0 47 62 65 3 2 8 
2 7 47 52 53 8 5 3 
4 2 36 28 45 0 8 9 
6 6 7 43 37 8 9 7 
5 7 46 39 35 3 6 9 
5 8 52 30 59 3 9 4 
2 2 16 23 26 5 3 9 
0 1 30 25 30 5 6 4 
0 9 30 65 65 5 6 2 
9 3 26 28 56 4 2 5 
9 4 3 74 49 3 3 3 
7 6 42 33 52 9 5 3 
1 4 40 34 49 8 4 3 
4 1 11 35 65 9 3 1 
4 2 61 33 37 5 0 7 
1 2 33 52 28 1 6 7 
7 8 0 48 22 9 2 9 
7 0 11 31 30 5 9 4 
6 6 18 33 47 3 0 7 
1 5 56 40 61 5 1 2 
2 6 25 36 29 3 0 2 
7 5 23 63 19 6 2 2 
3 4 20 64 70 6 0 8 
6 2 0 45 47 3 7 2 
5 0 36 35 38 4 4 6 
2 2 12 32 52 6 5 7 
9 1 7 23 55 2 7 2 
7 0 34 77 75 7 0 8 
0 6 30 31 62 7 5 5 
5 4 27 35 8 7 0 0 
3 4 31 22 74 8 8 4 
7 8 2 43 53 0 7 1 
2 3 34 78 53 1 1 5 
6 2 37 46 58 6 3 0 
8 1 43 34 57 7 9 1 
3 6 33 2 58 7 8 0 
4 4 19 10 48 5 4 5 
7 7 31 37 64 0 9 6 
2 2 42 33 25 7 0 3 
1 1 35 33 48 4 4 0 
1 4 5 43 61 6 8 5 
0 7 5 47 55 1 6 1 
7 6 31 46 46 0 7 9 
9 8 35 0 59 2 3 3 
8 9 21 28 20 7 3 9 
9 7 24 35 53 1 6 0 
8 9 24 30 41 9 4 1 
4 6 28 45 35 6 8 6 
1 5 0 23 60 1 8 8 
4 5 32 51 95 2 5 8 
2 8 32 8 55 3 1 9 
2 9 30 61 57 2 9 3 
6 9 44 35 70 3 7 5 
6 3 48 54 42 6 2 5 
7 1 21 60 43 5 1 8 
4 1 37 63 41 7 4 9 
4 7 29 36 39 8 5 7 
7 8 27 44 17 8 5 8 
8 2 39 82 50 1 6 4 
1 4 30 49 51 3 9 9 
9 7 0 32 19 8 1 8 
4 5 10 27 69 7 2 4 
4 4 32 47 57 3 6 7 
2 0 0 49 47 5 0 8 
2 8 0 91 65 6 7 6 
0 8 37 41 53 0 6 8 
3 0 27 85 46 7 9 9 
9 1 9 46 92 8 9 3 
8 0 15 32 33 2 7 0 
9 8 48 58 33 7 1 5 
1 8 33 9 53 8 8 2 
1 8 47 55 53 3 8 7 
5 2 24 14 56 3 0 0 
8 0 47 49 70 6 3 2 
2 1 13 39 53 2 8 9 
6 7 27 81 31 7 9 1 
5 6 32 49 38 0 2 2 
8 0 0 108 81 2 5 4 
1 8 4 51 48 6 8 8 
4 0 58 24 79 0 1 7 
8 6 48 69 31 9 4 8 
9 4 35 39 27 7 2 9 
8 1 18 41 56 9 3 3 
0 8 36 36 33 1 4 9 
2 8 43 31 52 9 7 1 
4 7 24 50 75 4 6 1 
6 7 10 55 56 1 6 8 
2 6 35 38 52 5 7 1 
6 1 37 28 51 3 7 5 
2 7 37 36 31 5 7 5 
8 9 29 45 31 5 5 9 
0 3 74 41 50 6 6 6 
7 8 25 41 16 9 1 6 
7 4 36 40 49 1 8 0 
6 5 21 17 83 4 8 5 
3 3 5 60 43 4 9 8 
4 6 43 55 12 8 1 1 
5 4 61 56 50 1 3 9 
5 6 41 54 23 0 2 6 
4 4 63 33 43 0 3 5 
2 3 0 22 19 6 7 5 
0 8 0 26 90 0 6 3 
1 6 32 20 39 5 6 5 
7 3 0 45 32 7 3 7 
1 4 36 52 50 0 8 3 
8 8 42 22 69 4 2 3 
1 3 18 55 50 9 5 5 
5 5 30 64 73 2 2 8 
3 0 33 70 24 4 2 4 
4 2 0 41 69 9 1 4 
4 1 11 51 27 7 7 1 
8 3 8 41 62 4 9 3 
9 8 16 45 37 6 1 5 
6 1 58 89 80 0 6 6 
9 2 24 77 47 6 9 3 
0 4 39 44 40 9 6 2 
3 7 44 43 22 2 0 0 
5 3 0 43 62 4 9 9 
4 7 17 43 48 2 9 5 
1 6 39 107 44 6 2 6 
4 3 18 56 109 0 7 1 
9 8 12 43 45 8 5 4 
1 5 37 86 48 1 1 8 
5 1 13 67 67 6 8 6 
4 7 26 69 100 8 9 8 
0 4 18 60 70 7 0 7 
7 1 17 74 61 1 6 7 
0 5 0 62 32 8 0 8 
9 6 24 23 79 6 8 6 
2 2 95 23 54 9 1 2 
7 1 42 35 61 6 9 9 
6 9 37 71 63 1 1 2 
0 4 0 54 52 6 7 0 
5 0 30 37 37 1 5 6 
9 2 29 27 61 9 1 9 
7 7 39 57 50 3 8 9 
7 4 45 33 42 8 1 5 
0 9 22 62 30 0 4 6 
7 2 21 24 49 0 2 0 
9 5 19 22 45 6 5 8 
3 1 66 41 75 8 5 7 
6 3 27 63 53 9 8 4 
6 4 37 64 59 7 7 9 
6 7 49 27 34 3 9 1 
8 6 60 60 41 3 8 8 
3 0 25 34 54 0 6 2 
3 9 3 85 56 8 4 0 
5 3 20 72 57 1 2 7 
7 2 0 61 59 8 2 2 
3 2 32 54 42 8 8 5 
0 9 0 78 45 4 6 3 
4 8 35 34 45 2 9 5 
8 7 14 65 36 2 1 2 
3 3 0 37 63 7 2 7 
9 0 14 53 76 9 2 3 
9 3 63 73 51 3 7 7 
8 5 28 52 43 5 1 1 
4 0 25 66 47 9 6 0 
6 1 50 58 71 0 3 3 
3 3 3 33 52 3 2 4 
8 6 14 66 55 5 0 3 
9 5 44 44 77 7 0 1 
9 1 22 62 63 4 3 4 
8 5 11 59 83 9 6 1 
7 3 6 76 70 0 1 8 
8 6 23 38 46 5 4 4 
2 1 47 43 12 7 8 5 
1 5 22 28 57 7 8 1 
2 4 54 75 32 5 3 6 
5 5 7 25 72 4 5 7 
7 1 44 53 64 1 2 3 
4 9 42 35 42 8 2 0 
7 4 43 28 85 2 8 2 
5 8 4 52 53 8 8 1 
8 0 36 66 48 6 0 8 
5 1 16 89 35 0 9 3 
0 9 11 67 29 2 8 6 
5 9 21 71 41 3 3 9 
6 0 9 58 86 5 5 0 
7 4 32 39 58 3 5 4 
2 0 0 75 45 9 4 7 
9 4 45 26 41 7 8 1 
3 2 37 16 45 4 7 3 
7 0 37 27 13 7 6 2 
2 4 10 58 52 9 6 4 
1 5 28 51 116 4 6 1 
4 0 23 24 32 0 8 8 
7 4 6 21 34 0 6 4 
8 4 33 28 65 2 5 5 
8 2 24 57 34 7 5 7 
4 9 30 20 48 9 7 7 
3 7 38 81 46 6 1 2 
7 6 22 40 31 8 9 2 
7 9 19 46 54 6 8 4 
0 9 9 54 0 6 9 1 
5 8 7 88 67 4 5 1 
4 5 27 43 71 9 4 2 
8 9 0 82 61 9 5 8 
2 0 26 45 39 5 8 4 
5 9 13 17 68 0 4 2 
7 5 55 56 57 7 5 8 
9 2 32 36 58 0 9 8 
5 9 16 7 71 5 9 0 
2 9 0 32 82 4 6 5 
1 5 38 57 68 7 9 6 
6 4 4 17 64 0 3 8 
9 3 17 58 45 2 9 6 
4 7 44 42 63 0 9 8 
7 3 29 40 27 2 0 6 
5 8 49 79 46 5 2 6 
7 8 31 37 86 0 4 7 
2 9 41 28 24 4 2 9 
8 8 33 44 57 3 1 5 
8 5 0 50 64 1 9 0 
6 6 39 36 81 5 5 1 
2 7 47 49 10 7 5 4 
7 6 8 51 62 3 2 3 
7 5 65 52 70 4 6 5 
0 9 47 25 25 2 8 1 
8 9 1 46 13 6 4 4 
1 3 52 53 51 2 9 2 
1 1 23 25 40 4 1 8 
7 8 42 42 64 3 2 1 
1 7 17 84 57 4 4 7 
6 4 17 56 18 3 5 7 
3 4 56 10 52 5 0 2 
7 7 45 83 83 6 0 5 
9 0 8 59 74 9 0 4 
4 2 16 9 39 3 7 1 
4 1 23 57 3 5 8 0 
5 8 23 63 64 4 6 3 
6 0 54 54 57 5 6 3 
5 4 27 35 32 4 6 0 
3 2 25 55 30 1 0 0 
5 0 10 42 60 3 0 8 
9 1 0 56 47 5 4 4 
4 8 39 50 66 9 0 2 
1 1 39 57 61 1 8 3 
6 5 35 41 45 6 2 8 
6 1 6 64 40 1 3 6 
0 3 11 0 18 4 0 5 
9 4 47 46 29 9 5 0 
1 7 33 57 7 4 8 1 
6 9 36 46 39 5 8 0 
6 7 5 69 23 1 5 6 
2 8 10 57 14 4 0 2 
9 2 17 55 72 3 7 9 
0 5 50 70 71 8 2 5 
2 1 33 47 70 5 0 9 
6 4 0 64 56 2 8 0 
1 6 32 57 66 2 3 5 
8 3 18 100 50 4 7 7 
0 2 0 3 43 2 2 8 
8 7 25 31 65 7 2 7 
5 7 24 52 53 7 5 5 
9 8 42 75 57 3 0 4 
8 3 35 29 31 0 8 1 
8 9 40 42 65 8 3 6 
1 8 39 33 53 8 8 8 
0 4 0 67 35 3 2 6 
7 8 12 69 37 9 4 2 
4 0 22 101 65 0 7 3 
4 4 77 45 48 2 0 4 
4 9 21 25 29 5 4 6 
0 2 7 41 23 5 3 3 
7 8 25 71 41 9 2 6 
6 4 0 25 47 3 5 9 
2 2 0 15 24 9 5 6 
5 8 37 65 34 5 3 1 
6 1 24 63 64 2 5 9 
5 8 24 32 33 6 3 2 
5 9 16 77 78 0 4 4 
5 2 10 53 24 0 8 5 
7 3 56 51 35 7 8 5 
8 4 84 35 49 3 1 0 
6 3 4 51 56 9 2 4 
9 5 8 44 16 3 5 6 
2 7 49 72 37 4 4 1 
2 5 0 80 88 7 3 8 
3 2 25 57 48 8 8 4 
4 9 47 46 20 8 3 6 
1 3 29 54 36 3 0 8 
2 7 6 70 28 4 3 3 
3 6 26 75 21 5 9 7 
1 6 0 29 71 1 0 0 
2 4 14 47 17 9 6 4 
4 1 58 29 35 7 4 9 
4 8 45 37 42 0 5 7 
9 5 21 45 19 0 7 7 
1 4 57 69 24 5 6 2 
0 8 9 57 62 5 3 4 
3 1 74 65 29 2 6 7 
8 1 27 53 37 3 0 8 
0 7 27 72 41 4 0 1 
4 8 50 51 35 3 4 1 
2 9 38 5 55 5 7 1 
5 1 49 30 63 3 2 8 
4 6 39 57 57 5 2 9 
6 9 16 22 52 0 2 8 
4 4 32 36 31 3 7 2 
5 9 8 73 82 9 1 4 
9 6 59 50 50 1 6 2 
2 9 26 58 85 0 3 1 
5 7 0 0 27 0 2 9 
4 6 31 20 25 4 8 7 
5 2 19 65 68 9 0 1 
4 5 4 44 53 3 1 3 
8 0 35 100 39 6 7 6 
4 9 0 39 52 5 4 0 
1 2 54 23 55 2 5 5 
0 3 13 25 61 3 0 6 
3 4 26 29 31 3 0 6 
8 0 5 32 40 2 8 4 
3 9 45 31 37 3 8 0 
6 8 5 58 17 9 6 8 
6 4 30 48 25 3 1 4 
9 8 2 22 53 0 0 9 
7 4 18 23 75 8 9 4 
6 6 16 39 36 2 3 3 
3 5 9 22 52 6 8 4 
4 7 41 49 43 9 0 3 
9 3 33 40 68 6 8 2 
6 7 61 46 61 9 9 0 
8 4 11 47 68 5 0 0 
8 8 18 90 58 9 5 1 
5 6 2 52 73 8 5 5 
4 7 16 70 65 9 9 1 
3 8 27 33 67 7 0 4 
1 5 52 32 42 2 7 4 
4 6 15 24 30 5 6 7 
3 6 62 42 50 9 9 5 
8 4 66 24 21 6 0 8 
7 1 0 29 59 7 9 9 
8 4 71 39 63 8 9 0 
5 9 14 78 28 2 3 1 
0 2 17 15 58 5 4 4 
1 9 21 24 40 4 7 8 
4 8 39 52 36 1 4 5 
9 1 22 58 48 7 5 5 
6 8 22 58 65 8 7 0 
7 8 42 37 53 2 1 9 
5 4 29 64 36 1 3 0 
5 0 37 25 26 2 1 6 
2 0 19 20 71 6 9 3 
8 7 54 51 49 3 5 8 
9 3 35 70 31 5 6 8 
1 7 21 54 37 9 1 9 
2 9 40 37 47 2 5 4 
6 5 21 58 36 4 6 1 
0 7 53 40 35 7 9 8 
6 4 32 60 66 9 3 5 
1 0 26 56 57 5 8 9 
7 4 2 30 74 9 1 6 
3 0 21 39 67 6 6 4 
0 2 29 24 58 4 0 6 
9 0 17 31 38 4 0 4 
4 0 29 41 86 5 2 9 
9 0 18 48 84 3 5 6 
5 3 25 66 38 9 0 8 
9 6 45 17 73 1 7 2 
4 4 19 25 43 8 1 1 
4 8 9 35 57 9 3 9 
1 3 37 54 37 2 4 4 
5 5 19 59 46 3 5 1 
3 1 11 63 69 5 9 9 
0 7 13 39 39 5 0 8 
2 4 31 37 56 9 4 6 
5 6 65 66 54 5 3 4 
6 7 18 28 58 3 8 2 
9 6 34 57 16 8 4 3 
2 4 45 53 50 8 4 8 
8 6 50 57 51 9 3 9 
7 9 50 45 25 6 0 1 
7 2 1 14 57 3 7 4 
6 4 65 58 22 6 8 9 
8 8 62 24 61 0 0 1 
0 2 21 39 53 3 7 4 
7 0 43 41 58 5 8 1 
1 5 28 46 68 9 6 4 
6 4 38 65 53 2 0 7 
0 4 26 75 80 4 3 9 
1 1 53 69 53 7 9 5 
2 3 12 72 61 4 5 2 
1 9 11 37 21 7 5 6 
4 2 46 43 28 8 6 5 
1 3 45 52 44 9 0 2 
1 8 0 74 48 9 8 4 
1 2 0 9 67 5 7 8 
3 2 40 58 72 5 9 1 
2 5 50 62 74 4 1 9 
4 1 22 93 85 4 8 3 
8 0 23 21 71 8 4 9 
5 3 36 53 62 9 6 6 
5 4 49 51 33 8 2 1 
4 0 73 43 50 3 6 1 
8 7 13 60 51 4 1 2 
2 7 30 64 85 4 0 6 
4 1 55 37 32 0 6 9 
9 3 16 76 69 0 2 3 
0 8 8 52 47 5 0 3 
9 6 2 49 59 6 4 6 
1 2 56 57 70 4 5 3 
7 4 6 111 83 2 5 3 
1 7 48 58 17 0 8 3 
7 0 48 28 55 6 0 6 
4 4 47 80 63 1 9 2 
2 9 8 54 57 3 3 3 
6 7 78 74 42 7 6 3 
1 9 11 36 81 4 2 1 
7 0 44 41 1 3 0 1 
1 1 8 58 81 2 4 6 
4 0 43 61 35 3 4 2 
7 8 9 42 41 1 1 0 
0 4 3 99 31 8 7 4 
6 4 0 48 21 2 3 1 
5 6 46 37 57 6 1 3 
8 2 43 36 45 3 7 1 
8 0 27 48 75 7 0 9 
4 0 33 102 68 0 8 7 
4 2 53 50 47 6 3 1 
0 0 12 29 54 4 9 4 
0 9 45 55 57 1 1 7 
1 5 59 45 54 1 2 5 
2 1 45 22 81 2 9 8 
2 4 3 48 56 0 7 3 
1 0 32 40 43 1 4 4 
2 4 53 19 52 5 2 8 
4 6 22 61 83 6 8 7 
9 4 54 66 43 7 7 0 
3 0 39 17 77 3 2 4 
8 8 34 97 66 6 2 9 
0 4 0 38 74 9 0 5 
0 4 23 41 30 7 7 5 
4 3 24 48 3 4 8 6 
2 8 32 62 49 0 3 8 
7 8 27 48 28 9 1 1 
8 6 48 37 39 6 5 1 
8 1 53 47 104 2 9 4 
6 3 38 28 63 3 8 8 
7 9 97 39 32 0 5 9 
9 9 40 38 53 3 2 2 
9 7 41 44 45 6 9 6 
5 8 6 69 59 2 8 4 
0 6 31 42 58 8 9 2 
4 1 34 47 49 9 6 1 
7 3 16 49 70 6 6 9 
8 6 0 54 69 0 0 5 
0 9 1 33 43 1 9 5 
8 1 19 62 83 9 0 9 
5 9 42 44 68 9 8 0 
6 1 36 96 58 6 2 6 
1 7 21 44 62 9 5 5 
3 9 63 43 85 0 3 9 
3 1 16 34 26 1 4 5 
8 5 33 24 39 2 5 6 
4 3 78 75 47 0 6 6 
4 2 29 36 36 5 0 4 
2 4 0 51 54 9 3 7 
1 8 32 74 40 4 2 5 
2 6 17 74 15 6 8 8 
2 5 34 55 32 3 7 5 
1 2 23 58 43 9 4 9 
4 1 37 40 30 6 3 3 
1 6 38 50 46 7 1 3 
4 4 22 43 41 3 5 9 
8 6 31 60 86 7 9 2 
4 5 6 48 63 5 8 7 
1 9 10 34 47 2 4 0 
7 2 24 20 60 0 3 6 
0 6 41 27 65 3 7 0 
5 3 23 37 67 2 6 9 
1 5 43 69 16 8 1 0 
5 3 57 49 79 3 8 5 
5 1 32 37 61 4 8 0 
9 0 8 26 41 7 2 7 
1 3 50 51 52 0 9 0 
0 7 0 40 58 8 9 7 
0 9 14 64 63 0 7 7 
9 1 32 31 38 8 8 2 
4 2 39 87 44 9 8 6 
0 1 11 76 43 9 8 9 
4 2 45 71 67 3 2 3 
3 2 32 19 56 8 7 6 
9 0 24 63 73 3 7 9 
3 6 37 67 59 5 9 3 
4 3 64 74 58 0 3 5 
7 0 34 20 18 8 0 7 
6 4 0 63 68 3 6 1 
4 1 46 52 49 1 5 0 
6 4 0 39 79 0 8 7 
6 5 31 49 46 1 9 9 
6 4 0 75 48 4 4 9 
3 0 29 72 53 2 6 7 
8 6 42 17 33 8 0 7 
5 2 53 36 55 2 1 2 
2 6 42 51 55 8 0 9 
3 3 37 45 38 2 4 7 
0 0 37 73 101 9 1 6 
7 2 39 66 45 3 0 3 
6 7 27 35 80 6 0 4 
1 4 0 54 46 8 0 3 
1 4 11 36 19 2 4 4 
5 4 51 40 41 4 6 0 
8 8 15 46 45 4 8 9 
3 2 38 52 33 2 8 1 
8 2 36 41 32 9 1 1 
8 7 58 64 59 9 2 1 
5 1 5 33 44 5 2 8 
2 0 35 47 66 0 5 6 
2 7 44 52 48 3 0 7 
0 9 36 43 79 6 2 2 
7 3 36 62 29 1 8 6 
2 3 41 62 76 4 3 9 
8 6 47 51 77 6 2 3 
9 2 63 26 39 1 3 3 
4 4 12 22 80 9 1 4 
1 9 31 33 50 3 7 7 
7 8 17 36 7 1 3 4 
5 0 37 51 61 7 2 4 
1 9 19 80 50 1 9 3 
4 0 58 35 29 2 7 4 
4 7 35 37 53 7 5 9 
5 1 25 52 68 8 4 6 
6 8 12 14 26 5 1 6 
1 0 9 40 67 3 3 7 
3 4 31 114 42 8 3 5 
6 5 25 40 65 6 3 7 
6 1 12 54 33 0 0 9 
9 6 59 28 75 2 5 5 
8 5 0 26 80 4 6 1 
2 7 25 32 33 7 1 7 
7 5 5 35 52 5 4 4 
7 9 50 60 32 5 7 1 
1 6 19 53 35 2 7 6 
3 2 65 44 57 6 4 6 
1 8 24 38 65 2 1 7 
6 7 0 43 45 8 9 2 
0 4 19 31 73 0 5 0 
4 0 49 30 62 8 0 1 
8 2 0 53 28 9 8 3 
6 7 23 45 71 2 3 7 
1 8 30 47 32 9 0 9 
6 4 53 37 85 1 5 0 
7 4 27 38 44 1 3 6 
4 8 50 30 66 5 5 8 
0 1 33 82 35 1 5 8 
1 3 23 47 51 8 6 0 
8 1 20 44 64 7 8 5 
3 3 45 45 20 2 0 6 
6 5 25 42 85 4 2 9 
6 1 31 53 60 6 7 6 
4 8 56 33 62 2 9 2 
3 6 12 36 82 9 2 3 
8 7 47 43 58 1 8 9 
3 9 22 24 70 2 9 3 
2 7 5 29 22 6 8 8 
5 0 44 44 36 4 3 1 
0 5 37 80 52 3 7 7 
1 1 57 50 50 4 7 0 
7 0 33 68 67 2 0 6 
5 1 34 81 27 6 7 8 
2 1 32 61 49 8 8 0 
3 0 28 61 19 7 9 4 
2 2 38 31 57 9 6 0 
5 7 23 5 28 9 7 7 
0 9 30 59 56 1 5 2 
4 1 58 69 11 8 8 0 
6 9 29 53 99 0 8 5 
4 0 1 72 35 6 7 3 
5 7 7 69 66 4 8 2 
0 4 0 41 84 8 3 9 
4 9 8 69 72 4 3 1 
3 4 30 55 50 0 8 6 
7 3 0 50 46 7 5 2 
9 2 46 75 62 2 3 8 
3 3 37 41 16 5 7 7 
6 7 21 43 42 6 5 4 
8 5 32 42 8 6 4 4 
4 5 25 86 64 3 0 3 
9 2 33 21 38 6 3 7 
6 4 1 33 54 5 7 9 
2 0 27 6 73 2 7 2 
7 7 17 42 49 9 7 8 
1 8 33 55 58 5 5 9 
9 2 42 80 31 1 8 7 
1 4 33 24 31 7 5 0 
8 6 10 57 81 5 6 3 
8 8 51 40 42 1 5 0 
7 9 11 43 44 2 9 7 
9 1 10 64 37 3 4 0 
0 3 19 50 44 9 2 8 
5 8 0 67 24 8 1 7 
1 7 22 63 48 0 1 8 
9 4 52 59 47 9 8 2 
6 1 9 60 45 5 6 7 
3 9 21 82 65 7 9 4 
0 7 0 37 36 1 9 4 
0 7 48 44 46 7 4 0 
6 7 35 51 71 5 0 7 
9 5 25 75 81 7 1 8 
4 0 52 61 3 9 5 0 
6 4 49 61 96 9 5 0 
7 6 36 101 115 2 8 4 
2 1 62 63 79 1 6 3 
3 3 42 6 30 8 8 4 
2 2 28 42 54 6 3 4 
4 6 46 62 29 8 0 8 
7 1 20 14 57 4 4 9 
4 6 29 98 85 6 9 1 
2 5 45 70 64 7 2 9 
0 4 78 50 69 4 6 9 
7 5 50 23 64 1 3 0 
4 5 70 57 46 7 9 9 
5 3 43 25 33 3 9 1 
4 2 31 30 46 9 0 3 
4 2 33 37 73 3 5 7 
5 1 52 62 51 2 5 1 
5 4 34 34 87 2 1 8 
2 1 24 60 40 3 6 6 
2 9 16 106 35 2 1 5 
9 5 45 40 51 5 6 8 
6 5 21 43 57 6 7 4 
8 8 36 38 47 7 7 7 
7 8 42 30 45 7 8 6 
6 5 35 62 73 2 6 1 
5 7 38 48 15 4 7 2 
6 1 23 33 53 5 5 3 
2 7 59 67 59 2 5 1 
2 5 10 46 73 1 0 2 
3 9 21 65 47 2 3 6 
1 6 52 43 50 0 6 0 
4 8 60 45 77 1 3 4 
9 8 42 47 33 8 3 6 
2 9 42 35 0 8 6 0 
9 6 0 61 94 1 5 2 
5 2 73 27 61 3 1 9 
9 6 20 49 11 2 5 4 
8 4 18 38 64 7 3 4 
8 8 36 18 56 0 9 4 
0 5 60 111 12 7 3 9 
4 2 12 35 59 2 6 7 
4 6 21 21 53 7 6 2 
2 3 30 42 66 5 4 1 
3 3 0 49 38 7 7 1 
2 8 57 31 92 2 9 1 
6 2 9 15 58 5 9 0 
0 3 50 62 25 3 5 9 
1 1 24 33 67 0 1 2 
9 8 0 43 21 4 1 8 
6 4 8 77 78 1 5 7 
3 3 0 76 67 6 0 1 
9 5 40 12 56 4 8 3 
1 6 30 47 38 9 3 7 
2 5 63 44 67 6 7 0 
0 0 20 50 0 5 0 0 
0 9 44 72 62 1 7 0 
0 5 5 6 56 2 7 1 
9 4 39 39 52 6 5 8 
5 7 52 11 56 1 5 9 
8 8 32 70 58 9 7 2 
8 2 59 56 70 7 6 7 
0 3 12 23 42 1 9 0 
3 6 0 48 0 3 4 3 
6 3 37 3 28 8 5 4 
9 1 43 61 63 3 5 8 
2 3 57 51 67 7 9 5 
2 9 29 38 51 2 0 2 
1 4 15 41 51 4 5 4 
3 0 17 17 121 4 6 7 
0 6 18 25 42 4 7 6 
8 2 15 56 16 3 4 3 
9 7 2 56 53 2 6 1 
6 1 0 33 33 5 3 4 
6 4 55 45 34 6 9 7 
7 7 15 62 65 8 2 8 
1 4 42 46 11 4 7 0 
1 3 19 52 43 3 7 6 
8 2 15 16 26 6 1 8 
6 7 58 34 13 7 6 9 
1 9 40 23 63 0 5 5 
6 6 56 48 53 4 0 8 
2 5 49 61 2 2 4 6 
0 9 50 42 77 0 6 7 
0 7 5 72 24 8 3 7 
1 8 0 54 39 6 0 8 
2 6 43 45 53 1 8 2 
1 9 30 64 43 5 1 7 
8 0 0 61 56 7 9 6 
9 8 24 13 85 0 0 9 
4 4 26 12 68 4 6 9 
1 9 47 58 19 8 9 0 
2 2 56 39 14 6 4 1 
7 6 42 69 36 5 2 4 
8 5 52 95 31 7 2 3 
9 8 24 55 57 6 0 3 
8 4 62 35 21 0 8 6 
9 8 23 37 26 9 0 9 
3 5 38 25 36 4 8 2 
9 2 5 52 45 6 4 1 
9 2 10 31 23 3 8 0 
5 2 0 27 66 8 6 5 
7 2 19 84 62 4 4 7 
1 4 54 45 65 1 8 7 
5 2 38 34 19 4 6 5 
5 5 28 47 17 4 7 0 
6 8 6 70 60 8 0 8 
8 1 40 50 71 6 3 3 
8 8 39 51 43 2 4 6 
8 7 15 51 46 3 5 2 
8 5 23 104 62 7 9 7 
1 3 38 61 78 4 0 7 
0 4 54 15 22 3 0 4 
8 8 54 50 51 8 6 7 
5 1 42 28 50 2 2 9 
0 3 5 48 73 8 4 8 
6 8 33 74 53 5 5 8 
0 1 37 54 38 7 0 3 
1 4 42 37 52 9 9 8 
7 4 18 46 24 8 9 8 
4 8 32 33 25 4 8 2 
1 6 21 50 17 2 1 3 
3 6 28 53 52 3 8 4 
4 1 42 28 39 0 0 7 
3 0 6 67 59 4 1 0 
3 1 37 42 73 3 6 6 
0 9 30 10 43 0 0 6 
1 1 21 46 34 8 5 9 
9 5 35 50 41 4 5 6 
9 4 29 33 89 0 9 4 
2 6 78 69 53 2 3 5 
9 4 1 38 17 8 1 9 
8 7 44 61 28 1 2 5 
5 7 34 54 69 6 3 9 
1 5 3 65 57 0 4 9 
2 6 25 70 36 0 9 8 
9 9 9 74 43 2 0 3 
7 2 19 72 28 3 7 1 
8 1 14 49 77 5 0 0 
7 2 2 46 43 8 0 6 
1 1 0 99 74 7 3 7 
2 6 35 60 44 4 6 9 
4 9 0 70 67 7 7 1 
0 2 23 33 74 9 0 0 
0 3 58 55 38 8 8 1 
6 5 23 84 48 7 6 9 
0 5 15 48 23 1 3 8 
9 6 1 112 22 0 7 6 
5 0 60 89 75 1 6 4 
6 6 31 39 34 7 9 7 
1 6 75 50 70 5 9 1 
8 8 24 28 96 8 2 4 
7 7 5 41 18 1 2 7 
0 3 14 56 58 9 8 0 
3 8 15 38 40 0 4 0 
3 7 32 69 82 6 7 0 
8 0 28 63 56 8 3 8 
8 7 55 62 74 6 5 5 
6 7 6 31 64 4 9 6 
3 5 38 1 74 7 7 1 
0 9 27 72 77 8 6 3 
9 1 0 0 52 5 4 8 
9 7 26 116 79 3 8 4 
2 9 38 78 14 7 4 7 
1 8 34 65 13 7 0 8 
3 9 47 53 54 3 3 4 
8 4 22 28 12 2 7 1 
1 1 27 75 33 1 3 0 
6 4 20 21 53 0 1 6 
6 6 19 48 42 9 3 1 
9 7 29 31 17 4 9 2 
0 1 30 59 71 6 0 8 
6 5 1 69 60 7 5 5 
4 2 28 67 64 1 3 1 
2 1 19 44 41 9 5 1 
2 2 28 77 90 9 9 0 
5 8 24 53 64 6 7 7 
3 7 49 57 23 2 0 7 
5 4 39 14 65 0 8 2 
6 7 51 11 26 1 7 2 
2 8 49 38 63 5 2 1 
7 6 28 62 14 8 1 6 
8 0 30 67 48 8 2 9 
7 8 38 52 12 4 8 0 
4 7 38 59 71 0 7 1 
7 6 23 62 19 8 4 2 
4 7 42 18 41 5 9 5 
2 0 48 26 57 0 6 5 
6 3 26 8 36 3 9 9 
7 0 27 29 87 2 0 3 
3 1 2 73 58 4 6 1 
7 1 73 18 47 6 2 2 
9 5 15 44 27 0 4 1 
4 6 26 50 37 5 0 4 
5 4 29 65 56 0 4 4 
9 1 28 5 71 0 0 4 
5 3 28 64 72 2 0 5 
1 6 22 58 78 8 4 5 
1 3 53 73 23 7 8 2 
8 2 9 26 42 2 1 9 
3 6 47 67 57 0 7 2 
1 7 34 47 25 0 7 8 
7 5 21 49 28 4 7 7 
2 3 0 57 37 2 7 6 
5 9 2 70 51 5 5 8 
3 0 62 98 35 0 4 2 
4 4 28 41 43 5 2 9 
3 7 30 61 51 8 5 2 
3 5 43 59 70 8 6 7 
0 1 48 24 57 8 3 4 
5 6 55 55 68 3 7 6 
5 9 39 59 53 3 5 4 
0 3 28 77 39 9 9 7 
0 6 0 61 7 0 5 3 
9 5 26 42 61 5 7 6 
3 9 4 9 40 2 9 5 
2 0 76 43 58 3 4 5 
3 5 3 56 40 7 3 7 
6 9 5 44 78 5 3 2 
1 0 47 31 54 9 0 1 
5 2 35 47 45 1 4 0 
1 8 15 45 64 1 1 4 
6 5 37 36 51 1 2 7 
6 5 16 14 15 4 7 9 
5 2 47 41 5 4 2 8 
3 7 8 50 41 2 7 4 
1 7 34 60 61 4 5 2 
4 9 56 68 57 7 4 8 
7 7 24 82 71 8 3 7 
8 0 42 13 43 2 1 3 
0 4 64 82 41 0 3 6 
8 5 45 65 63 4 9 9 
6 3 15 70 14 6 8 7 
7 2 4 59 42 9 8 4 
9 4 19 75 41 2 1 5 
8 4 31 64 45 5 8 5 
1 2 38 50 54 4 6 2 
9 3 40 48 21 5 0 5 
9 8 26 38 20 8 2 9 
0 7 59 18 11 0 5 2 
0 2 7 40 57 5 9 0 
3 4 45 77 73 4 5 4 
8 3 41 40 50 2 8 8 
1 4 35 41 63 4 3 3 
5 4 37 66 40 4 6 0 
4 5 29 24 13 4 9 2 
8 3 42 35 53 2 5 2 
7 9 33 41 34 7 0 6 
2 6 46 24 52 4 1 6 
7 6 52 39 30 4 6 7 
4 0 9 55 10 9 5 9 
4 8 0 60 55 8 1 5 
2 7 65 64 62 8 0 3 
0 7 26 58 56 7 8 6 
2 5 36 47 50 9 1 4 
4 2 0 16 36 4 7 7 
0 6 51 62 46 0 5 6 
0 1 10 46 24 6 4 1 
6 1 14 76 45 0 4 2 
6 3 26 53 49 3 6 7 
5 4 13 76 56 1 7 0 
8 7 47 50 62 7 1 2 
0 5 48 0 87 1 3 9 
3 7 37 23 47 9 1 2 
0 3 10 73 64 9 8 5 
3 0 42 62 78 1 8 2 
4 7 7 66 81 7 1 5 
7 7 66 67 59 4 3 5 
4 2 56 54 63 5 2 6 
0 3 0 40 62 0 2 9 
1 3 35 84 53 8 9 4 
0 4 8 74 34 2 7 4 
2 6 0 50 6 1 0 5 
8 4 41 44 42 9 3 9 
0 1 0 80 52 2 6 1 
3 9 36 57 28 9 1 7 
6 8 54 57 41 8 5 1 
9 9 30 89 35 6 5 2 
1 2 33 73 31 4 6 3 
8 5 62 42 67 2 0 2 
3 7 31 59 48 8 6 1 
8 8 54 73 40 4 2 0 
8 0 29 53 16 3 6 3 
2 5 33 1 20 2 7 1 
4 6 6 28 49 0 1 4 
7 2 0 46 35 1 3 1 
8 9 37 28 69 2 3 3 
1 6 39 57 102 1 7 1 
1 1 65 69 48 4 0 5 
3 6 8 109 54 8 9 8 
9 5 0 59 51 7 7 5 
9 3 0 15 48 5 1 5 
2 2 24 69 63 6 5 1 
9 3 47 33 20 3 8 1 
1 1 15 61 30 6 7 0 
1 0 63 6 72 1 2 6 
4 9 14 65 60 9 0 8 
9 6 55 55 21 3 6 1 
0 7 0 44 47 4 1 2 
5 0 12 40 74 6 6 8 
3 5 27 43 29 0 0 9 
6 1 13 37 39 1 0 7 
8 8 15 0 3 7 5 8 
5 4 35 44 66 2 7 1 
8 0 6 49 44 9 1 4 
2 4 15 43 29 4 6 9 
4 8 14 3 43 2 2 0 
8 1 37 30 41 3 0 7 
9 6 11 9 29 6 8 9 
3 2 27 89 17 7 1 5 
8 0 18 51 66 8 3 5 
2 6 1 60 36 2 1 5 
2 8 5 35 47 7 5 2 
8 6 34 70 52 7 5 9 
7 7 32 22 31 5 9 9 
4 3 13 46 79 4 5 6 
3 4 70 30 47 7 4 1 
1 1 0 51 59 1 4 3 
8 0 42 22 35 9 5 2 
7 4 20 36 48 2 9 9 
3 1 0 71 57 8 8 6 
6 4 1 60 57 7 3 7 
8 6 12 67 47 2 4 0 
2 4 1 76 61 2 8 4 
1 2 0 81 52 0 0 3 
1 3 34 75 49 7 1 8 
6 8 23 65 65 3 1 5 
4 4 27 75 38 7 3 7 
5 2 56 58 48 6 2 9 
9 2 17 35 64 4 4 2 
5 9 29 38 22 9 5 4 
8 8 14 34 70 6 7 4 
5 4 2 42 54 4 7 6 
4 2 30 64 58 0 2 8 
7 8 26 29 25 3 1 3 
7 2 56 69 57 2 9 4 
3 8 15 45 77 4 0 8 
4 5 44 37 57 3 5 1 
9 7 43 56 51 9 4 8 
9 0 31 36 18 6 8 5 
4 2 48 36 21 7 5 4 
8 9 22 57 53 4 0 9 
5 7 3 52 40 8 0 2 
8 5 17 61 49 8 4 1 
6 5 0 61 65 8 4 4 
3 8 10 36 64 6 8 3 
5 1 30 49 37 8 3 6 
2 9 43 60 47 3 1 1 
6 5 36 56 68 9 1 6 
1 4 40 33 47 8 7 2 
3 6 36 61 61 9 0 4 
7 8 24 49 23 2 5 6 
2 5 0 34 52 0 9 4 
7 9 36 26 79 5 5 9 
3 4 41 40 49 2 3 0 
6 7 55 54 56 4 8 3 
4 9 6 25 6 7 6 4 
2 6 40 58 43 9 2 3 
5 9 40 54 49 9 1 0 
6 5 28 20 25 5 1 6 
1 9 2 51 91 6 3 3 
3 3 36 29 42 2 6 3 
0 1 3 23 60 7 8 2 
8 8 36 63 41 6 8 1 
7 4 10 46 62 2 5 8 
8 8 40 55 29 7 6 9 
9 6 26 94 18 9 2 5 
2 5 40 66 38 3 4 1 
1 8 64 79 74 7 6 3 
2 7 20 48 58 6 2 2 
8 6 52 28 53 8 0 6 
7 6 31 55 51 5 2 5 
4 7 0 63 106 6 8 4 
0 6 17 67 67 8 4 1 
0 5 59 60 93 2 5 1 
1 0 0 42 48 8 6 9 
2 1 0 42 28 9 3 5 
4 8 4 31 77 3 1 2 
3 2 22 33 45 0 5 7 
8 2 24 22 67 5 4 4 
9 0 6 44 75 4 8 2 
2 2 30 27 28 4 5 2 
8 9 20 77 24 4 1 3 
0 6 43 32 47 9 8 6 
8 0 25 39 49 2 6 9 
4 8 8 16 49 6 0 8 
7 0 26 23 60 7 3 9 
0 4 39 54 30 3 0 7 
7 5 45 67 42 5 8 8 
4 1 72 32 50 1 3 5 
7 2 41 27 44 1 3 7 
6 3 12 49 32 8 6 7 
0 3 80 32 27 1 7 0 
7 9 24 48 58 4 9 2 
6 3 35 49 18 3 3 1 
9 5 31 64 53 3 0 7 
9 5 52 62 35 5 5 5 
4 8 41 19 47 6 8 3 
4 5 0 60 11 7 6 5 
7 1 0 28 74 4 2 5 
1 9 18 45 47 5 9 4 
4 9 18 60 42 8 8 8 
0 3 39 56 29 4 0 2 
8 9 0 40 76 4 2 3 
8 4 24 41 21 8 2 1 
1 1 0 37 70 4 2 9 
8 9 39 81 65 3 2 4 
1 3 26 79 18 6 5 1 
5 6 2 60 55 1 7 8 
4 6 32 36 45 5 1 6 
6 9 42 63 49 7 3 8 
0 3 23 33 30 6 7 9 
3 3 0 30 53 8 0 8 
0 0 41 39 89 6 3 7 
4 4 35 43 104 0 0 7 
1 4 49 33 66 1 3 4 
8 1 39 52 76 7 4 6 
1 6 22 8 24 9 5 8 
9 0 0 18 71 5 3 4 
2 5 15 26 57 4 5 4 
7 9 42 19 39 6 4 2 
6 5 13 9 40 6 7 7 
1 5 44 28 39 4 4 7 
9 4 40 68 54 1 8 4 
1 1 73 48 78 7 2 2 
1 1 60 82 43 2 7 6 
8 1 30 62 54 2 1 5 
4 5 0 33 68 5 8 5 
7 7 27 89 64 2 7 0 
8 4 17 23 68 9 5 5 
3 3 15 48 50 9 4 4 
1 8 0 68 41 9 0 0 
2 7 29 67 66 3 5 8 
6 7 0 47 22 1 6 1 
2 8 29 68 62 4 4 2 
5 3 11 91 43 3 5 2 
6 6 54 67 44 6 1 3 
4 1 33 20 60 3 6 8 
4 0 41 30 64 6 3 8 
0 6 38 11 34 0 5 1 
8 5 28 47 33 5 0 2 
5 1 38 49 54 0 6 1 
3 9 60 48 84 2 0 6 
9 6 22 39 66 3 8 0 
2 6 37 49 53 5 1 6 
6 8 63 46 43 6 7 6 
8 2 5 32 54 7 6 3 
7 1 18 42 42 1 8 4 
1 0 57 74 37 4 4 1 
5 4 21 58 11 7 7 5 
6 2 45 84 25 3 8 4 
7 1 24 39 32 1 9 7 
6 6 53 29 56 8 7 5 
7 4 33 31 35 8 6 6 
8 3 43 57 49 5 6 8 
4 4 27 51 28 3 0 6 
0 7 44 81 40 2 8 8 
6 8 44 53 77 5 8 9 
4 9 0 36 49 9 6 1 
6 3 40 53 32 2 6 8 
3 9 15 42 31 0 3 5 
5 3 16 38 53 4 3 6 
3 3 48 34 53 5 4 0 
7 7 20 68 48 5 4 1 
0 3 55 50 5 6 3 2 
1 5 24 31 85 3 4 1 
2 0 57 53 25 8 0 5 
2 9 22 34 22 5 7 6 
2 9 27 72 83 9 3 2 
1 8 25 62 58 1 1 6 
9 6 19 33 57 1 6 5 
6 9 0 70 51 2 0 5 
4 0 67 49 34 1 6 5 
2 7 26 80 63 3 3 1 
6 8 33 46 49 0 8 1 
3 1 32 41 23 3 0 3 
5 9 10 57 49 5 7 8 
7 2 9 43 79 1 7 4 
1 6 31 46 2 2 5 4 
3 5 39 35 70 4 8 3 
3 0 26 21 40 6 4 9 
7 2 33 76 64 2 0 0 
8 5 13 75 36 5 1 8 
4 1 112 63 46 7 8 7 
9 1 17 21 21 8 3 6 
2 6 12 81 77 0 5 8 
5 3 33 21 13 8 2 8 
2 0 19 78 74 0 9 3 
5 6 40 41 46 4 5 8 
8 0 23 32 69 7 3 8 
7 1 22 40 31 9 1 4 
8 5 32 41 28 6 0 8 
6 2 43 49 20 1 5 2 
7 5 6 38 74 1 7 2 
3 9 25 57 42 7 3 7 
3 8 9 77 30 9 4 4 
4 4 0 58 46 0 8 1 
0 5 0 31 64 4 1 7 
7 7 0 77 28 0 1 1 
6 2 39 62 29 7 1 2 
2 3 33 98 63 5 9 5 
8 0 28 36 62 7 4 1 
5 2 49 37 57 3 5 1 
4 5 47 90 44 3 6 7 
2 8 50 64 39 0 8 4 
3 1 38 105 48 8 9 1 
9 5 40 61 48 0 5 0 
9 0 49 50 0 8 5 1 
3 4 22 62 79 3 3 4 
4 8 33 61 83 0 3 7 
7 3 27 36 63 3 0 5 
8 6 55 37 61 1 6 4 
2 9 10 62 67 4 0 7 
4 8 37 25 77 4 2 4 
0 8 27 48 49 8 5 0 
7 9 56 44 5 4 1 4 
8 8 11 38 38 4 6 0 
7 4 64 89 60 1 1 4 
9 6 18 47 24 9 5 4 
5 7 6 31 52 6 1 4 
7 1 40 57 68 6 2 5 
3 5 16 58 54 0 0 0 
6 9 21 21 23 2 2 3 
6 8 57 58 45 8 8 1 
1 6 36 48 61 9 9 5 
8 0 24 66 70 5 8 0 
7 6 48 35 79 1 0 3 
9 4 19 80 82 8 2 3 
4 7 0 73 45 3 9 8 
2 9 52 44 55 4 4 3 
0 8 42 50 60 2 1 6 
1 1 54 40 39 1 6 8 
2 6 9 58 39 2 7 9 
7 0 43 43 40 9 6 3 
8 1 11 66 49 1 9 8 
1 6 44 74 22 4 0 4 
7 6 26 11 62 7 5 6 
3 7 50 55 16 1 6 4 
6 4 17 63 68 4 3 5 
3 5 18 48 46 8 5 6 
7 5 11 55 70 7 7 7 
1 4 38 60 32 4 7 2 
4 8 33 69 48 5 9 4 
7 4 6 75 43 6 1 3 
0 9 64 49 35 6 5 2 
6 2 45 31 38 7 3 5 
6 1 67 62 78 6 3 1 
0 4 15 44 47 7 6 9 
5 6 31 54 14 9 2 1 
2 7 13 0 82 9 2 5 
0 3 0 57 63 8 6 7 
6 3 0 40 78 8 4 7 
9 5 0 68 43 9 7 5 
7 1 35 26 65 1 9 4 
6 3 22 39 31 3 4 6 
2 2 18 45 91 4 8 2 
0 5 30 29 77 6 2 3 
1 6 62 49 72 7 7 3 
3 4 22 62 59 9 9 2 
5 2 62 49 35 1 4 0 
6 1 42 38 18 9 5 7 
4 8 45 5 63 1 9 0 
6 6 52 73 59 4 6 1 
3 6 16 61 15 8 8 9 
3 8 0 27 45 7 8 2 
9 2 24 67 35 8 7 5 
9 0 35 60 59 0 3 9 
3 0 57 26 53 6 9 3 
8 9 37 65 97 1 9 1 
7 1 38 52 40 0 0 6 
4 8 9 47 37 1 5 8 
1 9 29 89 55 2 8 2 
0 6 32 51 59 3 1 0 
7 2 54 37 10 3 9 7 
9 6 31 92 44 0 3 8 
0 3 72 13 44 6 3 6 
8 3 26 31 58 9 8 3 
8 5 45 68 57 6 8 7 
3 7 49 64 20 2 1 2 
3 5 35 11 26 7 2 0 
2 4 45 27 31 0 7 2 
9 9 27 67 28 8 1 1 
9 0 15 67 66 3 3 6 
8 2 45 34 56 0 1 0 
3 3 26 53 24 4 3 4 
6 4 28 41 79 9 7 0 
2 4 6 57 35 3 2 1 
2 2 64 37 61 6 5 4 
4 4 41 47 70 8 6 9 
5 1 27 56 46 2 5 2 
7 2 43 47 50 5 5 8 
7 0 0 92 15 3 9 8 
3 0 18 34 39 7 3 4 
7 7 30 32 42 1 2 5 
2 6 62 36 50 2 8 2 
7 3 65 46 23 2 0 5 
3 4 8 19 28 2 6 7 
2 7 49 28 57 6 8 7 
6 1 31 58 54 0 1 9 
9 6 42 26 118 5 0 5 
9 5 49 26 67 4 7 7 
4 7 0 44 44 7 9 3 
1 3 28 40 54 4 1 4 
5 3 37 32 37 7 7 8 
3 6 38 10 66 4 3 9 
4 3 28 27 65 2 4 6 
1 8 12 40 50 0 9 0 
2 6 38 32 92 7 0 3 
7 8 25 67 37 1 1 6 
1 9 49 14 116 8 1 1 
2 7 18 45 44 8 2 5 
7 4 45 58 77 1 3 8 
0 7 67 48 63 4 9 1 
6 4 2 25 55 7 7 4 
2 7 22 71 42 0 8 3 
4 9 42 115 6 7 2 4 
2 1 66 61 65 1 2 1 
4 3 16 9 63 1 5 3 
9 2 59 41 48 3 8 1 
5 7 67 47 36 0 3 7 
9 9 60 27 79 0 2 7 
8 0 11 61 68 7 7 9 
1 4 49 72 52 0 1 5 
1 5 8 65 51 7 8 1 
7 0 18 68 77 9 1 3 
0 3 25 89 55 7 1 8 
4 5 28 57 82 9 4 1 
5 2 0 71 59 8 1 1 
3 9 29 45 70 8 9 7 
6 2 28 59 52 4 6 9 
0 4 53 51 35 0 2 9 
5 5 19 60 52 0 3 8 
3 3 14 91 65 6 7 8 
1 4 41 31 46 4 3 9 
7 0 61 29 58 3 2 0 
1 4 52 46 54 4 8 7 
8 2 21 69 44 4 8 5 
0 5 45 76 59 6 7 6 
7 8 38 33 92 2 5 0 
0 2 12 55 59 3 2 9 
6 2 28 46 44 9 4 1 
3 2 15 56 31 9 9 6 
8 8 12 46 54 5 6 2 
8 8 0 46 63 6 8 9 
0 4 13 60 47 6 9 0 
5 8 41 54 47 9 5 6 
1 7 50 65 50 5 0 5 
4 5 22 41 33 9 4 1 
6 5 68 33 68 4 8 2 
8 7 0 39 35 9 7 5 
7 6 30 50 45 2 8 3 
0 4 0 49 40 8 0 9 
5 5 18 63 93 0 9 2 
8 5 17 41 61 1 8 5 
8 0 37 37 27 0 5 2 
1 0 23 56 54 1 6 6 
3 2 12 38 47 0 7 6 
8 7 3 38 36 6 2 3 
6 1 51 56 27 5 6 2 
2 0 4 47 40 8 6 2 
2 2 57 58 55 3 7 3 
8 7 19 71 53 8 7 9 
8 3 58 46 18 2 5 8 
1 8 16 49 30 0 2 2 
2 3 39 28 70 7 4 1 
1 4 21 84 66 5 4 4 
9 5 38 69 67 2 9 6 
8 2 41 52 12 4 3 0 
0 3 14 68 82 7 6 3 
2 2 23 46 40 1 7 7 
1 9 28 50 83 8 2 6 
2 3 28 44 31 4 6 5 
9 1 8 70 43 1 2 5 
3 6 0 64 31 1 6 6 
3 4 44 53 47 5 1 1 
8 8 40 31 39 7 0 7 
1 4 2 25 85 8 1 8 
3 2 35 26 64 4 1 2 
5 4 58 59 71 4 9 4 
6 7 72 98 38 2 0 9 
6 3 27 63 34 6 1 6 
9 7 20 14 39 2 8 2 
6 5 37 53 64 4 6 8 
2 4 14 36 37 3 9 9 
1 2 25 77 61 7 9 8 
6 9 29 45 55 6 8 6 
9 8 49 62 24 4 5 7 
4 3 18 82 57 4 7 5 
2 1 0 73 43 4 1 9 
1 2 17 57 77 9 6 4 
9 6 49 69 51 6 0 3 
1 2 0 57 44 2 0 0 
1 2 43 41 46 1 0 9 
2 5 35 83 51 1 6 4 
7 1 21 67 36 8 7 0 
4 3 52 60 29 0 2 8 
7 4 5 43 5 1 4 0 
9 1 43 69 46 2 6 0 
9 6 29 70 71 7 8 1 
5 8 42 0 17 3 2 2 
2 5 7 27 24 7 7 5 
3 0 28 33 49 3 3 0 
9 2 29 64 46 1 3 5 
6 0 46 36 92 4 7 7 
1 6 22 56 45 7 0 9 
0 1 49 14 22 8 2 9 
8 5 49 65 59 2 6 7 
1 5 44 52 70 2 8 1 
9 2 36 87 47 6 2 5 
0 9 38 79 41 3 6 7 
1 1 35 54 47 0 6 9 
8 1 13 49 7 9 6 1 
1 5 43 83 41 5 3 2 
2 8 9 68 19 3 5 4 
4 5 43 58 39 7 9 6 
0 6 30 24 59 2 9 1 
6 9 22 97 58 2 6 0 
0 6 63 63 91 1 0 4 
9 8 29 52 29 6 4 3 
2 5 0 40 47 1 7 4 
1 1 38 69 83 7 0 2 
9 8 23 58 85 0 4 4 
7 9 26 48 68 4 6 8 
8 0 17 59 33 7 2 2 
6 7 32 40 19 7 8 5 
4 8 23 71 73 7 2 8 
1 0 21 39 37 2 3 2 
3 3 54 67 19 2 2 5 
5 3 28 53 67 0 9 1 
3 6 45 52 33 0 9 8 
