8 3450
1 7 26 66 75 7 5 0 
3 6 33 37 56 2 4 8 
8 3 0 58 60 2 5 0 
7 5 35 59 20 8 4 4 
5 0 12 54 74 2 1 9 
0 2 15 49 54 4 6 9 
0 6 3 48 20 7 4 4 
2 1 36 35 56 1 8 3 
7 2 28 33 70 1 4 2 
4 7 40 43 73 5 9 5 
5 6 64 43 65 9 2 5 
8 3 18 45 47 2 9 2 
1 0 16 51 97 7 9 8 
8 4 37 65 81 5 2 3 
3 8 32 75 66 0 7 2 
8 1 31 55 68 7 1 6 
5 8 69 23 91 3 4 3 
0 0 0 69 36 7 5 3 
0 6 38 69 58 9 9 3 
2 5 0 43 62 7 9 8 
5 4 35 52 79 1 6 5 
4 5 33 42 53 3 1 0 
5 2 52 63 64 2 5 9 
0 2 26 77 57 3 0 6 
5 3 35 54 35 1 1 0 
3 9 1 58 25 2 1 4 
1 6 36 62 39 0 4 1 
6 4 23 38 58 9 7 4 
6 5 36 61 30 4 2 4 
4 6 47 42 42 4 4 1 
7 0 38 92 19 6 3 0 
0 6 50 67 69 5 5 2 
2 9 40 76 64 1 5 9 
9 4 47 48 81 1 3 1 
2 3 57 5 60 9 7 3 
8 0 29 50 68 8 3 7 
5 8 32 43 42 0 0 3 
9 3 47 48 37 6 5 3 
9 8 18 8 50 2 9 1 
5 5 12 19 30 5 9 4 
7 3 13 93 61 9 6 5 
0 0 21 70 55 1 5 7 
8 0 42 62 55 1 3 1 
2 7 8 96 42 9 8 5 
6 0 37 67 65 6 5 1 
6 5 42 51 83 6 2 3 
9 6 44 65 40 7 9 0 
6 4 61 29 33 3 4 0 
3 5 49 27 63 0 9 1 
5 9 10 50 16 2 4 9 
6 4 59 73 68 4 4 0 
5 1 26 59 68 4 9 7 
4 9 0 33 79 7 5 2 
4 8 26 28 51 1 2 9 
8 5 33 44 14 9 3 4 
1 0 24 60 46 4 3 1 
9 4 19 23 65 7 5 9 
9 0 6 45 68 4 0 6 
3 6 27 69 63 6 8 4 
6 9 55 65 31 0 0 0 
7 5 51 63 59 1 2 3 
1 6 28 83 42 0 7 7 
6 2 12 47 59 7 3 7 
6 4 66 51 5 5 4 8 
6 9 70 85 49 7 6 9 
6 5 0 38 24 7 8 5 
4 1 0 46 80 6 2 6 
0 2 26 83 27 2 1 6 
1 7 20 79 46 9 8 8 
4 0 21 53 36 3 6 4 
9 9 20 15 19 4 8 1 
8 8 23 89 32 3 8 1 
0 5 16 42 32 5 7 7 
1 9 33 32 59 6 8 0 
4 7 24 51 59 9 0 8 
9 6 16 86 82 2 1 7 
2 5 0 54 39 3 2 6 
5 5 26 73 50 3 8 6 
7 0 35 18 48 8 8 6 
9 7 0 29 67 6 8 2 
3 4 40 66 73 4 4 9 
3 5 0 41 29 7 6 8 
0 7 13 56 51 0 6 0 
0 8 7 42 72 2 4 8 
5 8 0 37 81 9 6 3 
8 7 48 41 21 3 9 8 
0 9 6 91 48 2 9 9 
1 5 36 44 50 9 4 7 
4 0 46 49 67 7 4 8 
1 6 0 53 33 4 3 3 
4 2 31 77 54 8 7 8 
4 0 4 39 26 0 8 4 
2 2 15 42 20 9 1 8 
1 0 31 47 38 8 8 5 
9 4 18 32 62 7 0 0 
2 0 15 58 56 2 4 4 
4 0 34 45 50 3 5 0 
9 4 53 90 14 4 2 3 
6 6 30 43 55 3 6 1 
1 4 0 23 9 6 2 2 
8 5 10 76 67 9 5 2 
0 6 8 82 59 5 5 1 
9 3 22 14 20 9 3 9 
1 4 45 27 47 9 7 6 
2 3 55 38 42 2 4 3 
0 0 51 43 39 5 3 3 
0 2 30 37 60 3 2 2 
8 4 29 42 58 5 9 5 
9 8 56 49 54 0 3 3 
7 4 35 52 38 6 5 5 
2 7 88 45 35 8 1 8 
0 2 34 58 27 3 9 8 
9 0 27 36 55 8 9 8 
9 4 6 38 42 5 9 5 
0 5 41 74 38 3 4 1 
0 9 14 50 41 6 7 4 
4 2 51 31 54 6 3 1 
8 6 33 38 50 4 8 3 
0 3 15 16 38 5 2 0 
5 4 23 27 66 5 0 3 
3 4 34 23 36 9 4 5 
8 0 84 65 91 2 7 3 
0 1 26 66 76 5 4 3 
1 7 42 15 78 6 8 3 
7 0 21 38 47 0 9 3 
3 3 24 69 50 9 1 6 
2 8 42 62 49 5 7 6 
5 3 103 51 59 8 5 2 
6 5 0 82 66 3 0 2 
2 8 19 55 66 3 0 2 
2 9 42 66 92 7 4 7 
1 0 39 83 18 0 4 5 
7 5 39 3 58 5 8 0 
1 5 10 24 0 0 0 4 
1 0 0 41 24 1 8 3 
1 9 6 16 67 9 9 1 
4 0 41 33 43 6 0 5 
1 8 17 42 31 3 5 8 
2 2 27 41 43 5 2 1 
1 4 18 20 27 5 1 9 
4 5 60 45 43 4 8 2 
9 0 79 57 59 0 3 1 
2 9 0 24 37 2 1 9 
2 9 19 1 73 3 5 9 
3 5 26 91 94 3 3 2 
7 8 35 37 50 0 6 7 
4 5 20 24 45 2 3 8 
3 4 32 22 43 2 5 9 
0 7 32 46 31 6 5 8 
7 5 39 48 79 9 5 7 
0 7 25 58 56 5 4 1 
4 3 55 47 52 4 8 7 
4 9 54 53 48 2 1 9 
0 0 4 69 96 5 3 8 
8 6 19 52 44 2 1 8 
5 1 40 40 18 9 7 4 
5 9 28 52 31 6 5 1 
8 7 19 49 57 9 0 2 
9 0 32 36 44 1 9 8 
3 3 3 32 34 4 8 3 
5 1 41 46 61 5 4 5 
0 7 36 73 26 9 1 8 
6 3 48 67 44 7 8 6 
0 4 46 28 41 6 4 6 
3 5 0 66 33 3 2 0 
9 9 0 16 36 0 5 3 
2 6 15 59 62 7 0 2 
4 3 41 45 64 4 3 3 
7 2 28 45 22 2 9 9 
1 3 17 38 50 9 3 9 
1 7 68 58 36 0 2 3 
3 6 40 44 103 7 9 2 
6 8 41 31 59 9 1 1 
2 6 15 51 82 9 9 7 
0 1 39 70 41 3 7 2 
8 7 12 6 67 4 7 8 
5 0 39 39 32 9 6 6 
5 5 37 44 73 3 8 9 
6 1 18 72 69 9 0 0 
6 0 11 72 46 2 7 1 
9 3 10 30 22 8 6 9 
6 7 46 14 43 5 9 4 
7 5 47 67 42 9 9 1 
7 1 18 36 51 9 4 0 
8 8 45 50 46 5 1 7 
8 6 31 31 69 5 9 5 
5 8 36 40 44 7 0 5 
5 9 0 63 36 2 4 6 
2 4 42 38 50 8 3 8 
5 2 14 46 55 7 0 7 
0 5 42 44 67 6 7 2 
2 6 12 58 27 2 6 0 
8 8 10 34 12 4 4 4 
6 3 52 75 34 6 9 9 
9 6 31 61 36 5 8 0 
7 1 48 27 24 9 4 6 
8 7 31 45 25 7 6 9 
8 0 36 68 61 7 7 1 
8 8 29 68 46 3 1 3 
2 2 16 58 67 1 1 5 
4 0 24 49 31 7 5 7 
9 0 24 29 34 4 7 5 
9 1 39 96 77 9 1 2 
2 5 46 33 78 3 4 5 
9 6 27 65 81 4 4 1 
3 7 39 30 41 3 8 7 
5 7 25 35 16 7 0 0 
5 3 47 67 29 0 8 6 
9 4 17 88 29 0 9 6 
2 1 20 50 49 4 4 6 
0 6 41 30 56 0 9 4 
9 8 43 32 79 1 0 8 
6 2 19 28 72 5 5 4 
9 2 16 67 41 0 1 0 
7 3 55 58 30 7 0 6 
5 6 37 37 42 4 9 7 
5 4 24 75 44 1 0 3 
5 8 65 4 43 0 8 6 
9 3 42 34 76 4 1 6 
2 6 34 56 81 1 2 2 
7 7 35 53 54 8 8 5 
0 2 82 32 74 3 4 1 
3 7 14 43 22 4 0 4 
2 6 26 55 11 3 0 7 
2 2 4 37 63 3 9 2 
9 7 24 35 57 0 5 3 
7 3 33 37 34 5 1 0 
7 2 28 72 2 6 6 7 
7 5 54 41 36 5 0 4 
3 4 23 68 62 2 4 4 
9 3 14 62 48 3 3 4 
6 2 13 46 67 8 7 4 
5 3 16 97 84 4 6 8 
0 0 43 62 57 4 4 8 
9 4 34 81 51 9 3 2 
8 6 24 82 28 3 8 2 
5 9 67 38 63 8 4 9 
1 8 41 45 57 7 2 5 
9 8 5 42 41 0 9 8 
6 1 16 67 68 9 9 5 
1 8 41 16 28 8 0 4 
6 7 28 63 29 8 8 9 
0 1 65 27 67 3 9 2 
1 7 25 62 49 0 8 1 
2 8 0 37 54 9 8 0 
6 1 32 74 35 8 2 2 
2 9 17 46 34 8 6 3 
5 4 5 6 47 7 2 5 
3 2 11 45 75 9 1 3 
8 8 20 48 46 7 7 5 
0 2 0 31 61 4 3 7 
3 6 59 59 27 2 7 4 
0 5 6 78 40 2 3 9 
0 0 32 62 72 5 2 3 
5 6 15 29 19 9 4 2 
0 8 27 17 71 6 2 7 
8 7 17 24 41 9 8 7 
9 1 17 56 83 6 9 6 
8 0 50 30 52 8 9 5 
8 2 8 67 62 9 3 0 
0 7 3 17 73 8 8 3 
4 5 15 59 12 3 7 5 
2 9 46 38 16 9 4 2 
6 4 32 48 51 4 2 9 
3 5 46 52 69 2 1 1 
4 3 31 11 69 4 9 6 
2 8 21 56 60 3 6 6 
8 1 24 24 61 8 1 5 
1 7 15 72 62 0 3 3 
0 7 0 36 31 7 8 2 
9 8 61 46 50 9 1 6 
6 8 42 48 68 2 7 4 
3 0 30 44 54 5 2 0 
4 3 36 66 54 7 1 9 
6 9 29 31 53 1 4 6 
6 9 49 49 43 9 4 2 
7 3 66 82 30 6 0 1 
3 5 10 61 70 3 1 6 
5 9 27 83 31 6 6 8 
4 1 20 53 40 1 0 7 
4 4 53 3 51 2 1 4 
5 8 37 56 55 2 4 2 
9 3 50 29 31 5 7 1 
2 6 41 70 69 3 9 2 
4 0 27 51 33 9 4 0 
5 8 31 31 63 5 2 5 
8 2 43 28 70 8 3 0 
5 1 0 57 64 5 3 6 
0 4 66 46 10 8 1 8 
9 6 0 74 69 5 5 9 
0 4 36 0 72 6 0 9 
2 0 35 76 63 1 6 8 
1 5 31 68 79 0 2 4 
4 2 33 40 11 6 7 9 
7 6 18 60 11 3 3 3 
8 3 37 73 54 1 0 0 
4 0 10 71 39 9 1 3 
8 2 58 65 24 2 1 3 
7 2 4 28 62 2 8 9 
4 8 3 25 46 7 4 3 
3 4 28 72 28 7 9 7 
5 6 17 65 55 1 0 3 
1 7 40 34 81 1 9 0 
2 1 15 44 57 2 4 9 
4 0 57 27 55 1 5 2 
3 2 36 27 67 5 8 4 
5 0 56 49 20 2 1 4 
0 9 15 45 47 4 6 7 
5 7 0 27 89 6 0 6 
8 0 32 66 76 1 3 0 
0 5 34 42 79 8 4 4 
4 0 25 64 49 8 0 3 
8 3 35 89 41 0 3 9 
1 8 44 44 74 2 5 5 
5 9 29 18 84 7 7 4 
3 6 74 50 7 9 2 0 
6 2 73 47 34 5 0 0 
5 3 39 52 73 4 3 3 
2 6 21 35 31 3 7 3 
5 0 10 48 30 5 9 1 
3 3 25 60 60 9 4 9 
3 8 12 60 32 2 4 6 
7 7 15 38 48 0 8 3 
6 4 34 95 47 6 8 5 
1 9 47 55 90 0 4 5 
3 9 31 40 70 6 0 7 
8 2 37 43 49 7 3 1 
5 6 22 41 55 2 0 3 
3 6 54 42 66 9 7 8 
4 4 34 39 32 8 3 6 
5 5 29 70 57 1 0 3 
3 1 40 50 43 2 3 2 
2 0 52 69 67 6 0 7 
7 9 54 37 53 0 3 9 
7 6 57 68 93 4 6 1 
3 4 55 75 56 8 0 2 
0 1 0 11 70 7 5 7 
6 7 28 76 75 3 4 9 
7 8 29 30 32 2 6 6 
7 6 1 91 66 1 1 0 
3 7 18 71 14 4 0 3 
7 3 23 47 84 3 6 2 
1 1 0 47 25 0 1 1 
6 1 29 17 28 7 9 0 
9 8 1 64 39 6 7 5 
7 0 29 38 43 9 7 8 
6 5 5 53 59 6 5 3 
9 7 36 29 25 4 1 6 
7 1 39 30 31 8 8 0 
2 9 32 43 63 1 4 4 
7 9 50 24 32 0 7 2 
8 7 0 39 81 5 9 6 
4 2 60 36 55 7 5 5 
7 7 0 71 60 7 5 9 
0 5 23 41 58 4 9 8 
7 7 52 66 0 3 5 5 
0 8 24 80 53 0 0 4 
0 1 3 44 60 6 4 9 
4 2 35 48 32 3 8 4 
7 2 0 43 28 5 9 5 
5 5 4 55 73 4 8 6 
0 8 54 89 52 7 8 0 
2 0 7 57 25 3 4 7 
5 6 19 68 54 2 7 3 
2 7 39 75 93 2 8 5 
1 6 14 22 57 3 2 7 
0 5 6 71 13 4 5 0 
2 9 30 95 64 1 1 7 
0 8 14 36 54 3 9 0 
9 2 12 56 73 0 9 7 
4 7 62 53 54 1 2 2 
4 2 45 46 59 9 0 4 
4 1 34 62 70 7 9 3 
6 9 32 50 43 1 9 1 
3 0 20 38 86 9 9 5 
2 1 52 41 58 1 6 7 
8 2 45 74 33 0 7 1 
4 0 37 32 35 2 8 2 
4 6 67 95 42 3 6 1 
1 6 33 69 66 1 0 4 
7 1 0 21 19 1 7 7 
5 2 21 87 57 9 2 1 
2 0 38 21 35 6 3 9 
8 6 36 67 66 4 1 3 
7 6 4 38 57 3 8 9 
3 9 22 59 39 7 7 7 
8 8 24 19 66 2 8 4 
2 9 14 60 40 9 0 1 
6 4 39 42 53 2 7 4 
7 7 32 59 73 5 3 4 
6 2 47 37 40 9 6 0 
6 1 0 57 60 0 6 7 
1 5 27 85 39 3 6 6 
7 1 47 47 24 4 0 6 
5 7 50 46 15 3 6 2 
4 5 13 56 75 8 2 0 
0 9 3 57 34 4 8 5 
4 0 48 47 62 7 9 7 
7 7 24 60 19 9 4 6 
8 4 5 47 51 2 8 1 
5 6 13 17 32 3 0 9 
9 6 55 87 29 7 1 3 
1 8 17 92 42 4 7 0 
1 0 35 67 8 6 0 1 
1 1 27 36 46 0 8 0 
0 2 91 31 52 2 3 6 
4 1 72 33 29 3 2 9 
1 8 10 67 67 0 9 9 
1 0 26 77 43 3 9 0 
0 6 59 53 34 1 6 6 
4 1 52 73 56 1 7 5 
9 5 24 35 4 3 4 4 
7 6 44 36 59 8 5 8 
5 6 21 9 65 8 2 4 
0 7 0 34 25 1 6 2 
9 1 17 46 50 1 0 5 
3 5 15 41 49 9 4 1 
4 3 41 72 42 6 7 9 
7 1 22 22 37 2 0 9 
2 8 50 60 53 2 3 3 
1 3 0 54 47 5 5 3 
8 0 53 46 39 0 7 5 
9 6 19 65 68 5 8 7 
3 2 24 67 34 0 5 4 
6 3 0 54 55 4 1 9 
4 8 57 22 46 6 7 4 
7 6 77 78 98 1 2 9 
5 7 23 36 19 2 2 6 
3 6 53 29 34 1 0 6 
9 1 0 33 21 0 2 7 
4 2 75 66 60 8 5 9 
7 9 28 72 99 3 7 2 
2 3 64 34 69 3 5 7 
1 8 25 64 48 2 5 5 
9 9 56 87 45 5 4 1 
1 4 28 21 56 3 5 1 
8 6 44 30 59 1 8 0 
3 4 6 63 0 7 7 0 
5 0 37 60 69 0 8 2 
8 7 8 85 73 1 7 1 
4 7 28 88 77 4 4 2 
4 5 33 51 39 4 5 5 
1 9 51 45 28 0 0 3 
8 7 31 42 45 9 8 3 
9 1 70 50 72 2 9 4 
2 6 54 47 60 8 8 2 
9 3 18 28 48 8 2 7 
6 5 49 29 79 8 9 1 
2 4 41 64 48 4 8 2 
5 4 50 41 62 3 2 7 
3 3 51 38 27 0 8 1 
6 7 32 1 30 9 6 9 
0 8 35 78 43 6 3 8 
2 9 17 36 55 3 6 0 
1 3 49 45 32 6 8 1 
6 6 31 60 69 5 2 1 
1 2 24 55 55 2 3 2 
6 6 26 70 65 2 3 3 
2 7 28 30 10 3 3 4 
2 9 26 79 80 3 4 5 
2 5 54 55 67 1 7 0 
5 3 68 35 63 7 9 6 
4 6 91 35 28 0 3 9 
1 4 29 46 54 1 9 5 
4 4 22 59 28 1 4 3 
9 1 5 15 42 1 4 2 
4 5 22 30 52 3 5 2 
1 2 57 78 29 7 7 5 
9 0 18 43 43 3 9 4 
2 5 32 42 29 7 4 1 
8 8 20 74 36 2 1 6 
5 9 8 24 26 8 1 8 
8 3 54 63 72 3 4 3 
2 6 48 20 60 9 0 0 
5 0 48 51 78 1 6 7 
0 9 17 16 68 4 1 2 
4 1 0 48 89 6 8 7 
2 9 44 36 48 4 7 9 
2 9 35 96 65 6 5 4 
8 3 27 59 23 7 6 1 
8 1 26 84 36 1 6 8 
3 7 5 48 52 0 5 8 
7 4 16 97 47 4 1 7 
9 4 37 91 65 5 2 6 
8 1 42 55 61 3 3 4 
9 2 30 50 55 4 8 7 
1 4 7 57 30 3 1 1 
7 9 3 22 71 6 1 2 
6 6 21 27 36 7 0 6 
0 7 39 81 22 2 8 4 
0 1 60 63 32 8 0 9 
1 6 66 35 58 8 7 6 
7 2 15 54 47 2 9 6 
3 4 16 52 73 2 9 0 
3 2 9 31 20 3 8 5 
1 5 34 43 33 2 6 7 
4 2 5 36 70 4 6 0 
9 9 0 70 69 9 1 2 
9 1 26 22 75 8 2 3 
3 2 35 39 59 3 1 7 
1 7 47 53 54 7 6 0 
7 6 28 44 88 5 1 6 
4 2 0 23 52 6 5 7 
1 8 8 39 0 5 9 6 
4 2 47 35 41 4 1 2 
7 0 31 43 54 2 6 3 
4 9 6 40 42 4 7 1 
3 7 7 81 83 7 6 0 
5 7 61 80 49 3 6 5 
6 1 52 46 29 0 0 9 
1 4 35 46 47 0 4 3 
9 6 0 57 64 2 7 6 
2 7 0 68 49 3 7 8 
3 7 32 7 35 7 7 3 
1 3 16 35 38 3 5 4 
0 1 42 38 29 1 7 1 
8 2 40 58 32 1 8 4 
3 9 15 43 34 5 1 1 
3 8 0 37 37 8 6 5 
5 5 16 44 75 1 2 9 
8 2 20 19 61 7 7 3 
4 3 14 84 39 6 6 5 
1 8 29 57 32 6 4 2 
7 6 20 42 49 7 1 4 
0 3 26 40 25 7 4 9 
5 3 44 54 39 5 5 0 
9 4 31 69 39 9 0 5 
4 6 30 44 44 5 4 8 
4 1 7 63 44 5 7 7 
2 6 5 48 24 3 5 2 
3 8 51 53 44 9 6 6 
4 5 28 39 64 8 2 1 
0 1 22 32 16 6 2 9 
7 9 51 36 76 1 4 4 
0 2 0 39 45 4 4 0 
8 3 7 37 44 2 8 4 
0 5 58 40 29 2 9 6 
4 6 0 66 74 9 8 5 
8 2 1 66 9 0 7 6 
3 7 6 56 59 3 2 0 
6 7 52 1 81 4 1 4 
9 4 3 16 29 4 9 0 
8 9 23 45 75 1 1 2 
0 4 12 6 71 6 1 6 
7 5 53 52 111 8 8 8 
3 5 31 52 49 3 5 9 
0 6 19 47 39 4 8 4 
9 4 0 28 55 1 1 3 
2 3 27 32 31 3 3 4 
2 4 18 47 34 7 6 5 
6 9 19 84 47 8 2 8 
4 2 19 57 30 8 7 8 
1 0 24 63 78 7 9 5 
6 9 17 60 44 5 3 4 
6 9 19 0 45 1 1 8 
7 9 70 63 37 0 7 7 
0 7 0 54 52 8 3 3 
8 3 4 12 29 6 2 2 
4 3 64 101 70 6 0 2 
9 3 42 85 31 0 4 0 
7 6 15 48 51 5 8 5 
8 8 16 40 36 6 5 9 
5 7 39 75 22 6 8 7 
4 0 15 34 58 1 5 2 
2 8 39 48 43 3 9 5 
2 4 21 48 43 4 9 9 
0 6 25 64 74 7 6 7 
9 7 9 32 34 7 9 4 
4 4 10 68 27 6 5 3 
7 6 27 54 81 0 3 9 
2 6 7 27 57 9 9 2 
1 8 46 39 46 6 4 6 
6 8 33 73 65 8 3 2 
0 0 20 61 67 0 5 7 
7 3 61 72 61 4 4 8 
2 2 19 43 52 8 1 1 
7 1 23 64 43 5 1 6 
6 7 70 28 37 4 3 3 
9 1 54 32 57 7 1 8 
4 0 19 13 34 7 8 4 
0 7 35 27 53 8 1 5 
7 8 11 48 65 3 0 9 
1 0 33 50 66 1 4 3 
9 3 7 48 63 4 3 6 
9 3 21 39 24 2 5 1 
1 7 48 49 62 2 0 3 
0 7 44 26 83 1 6 2 
0 7 18 28 68 4 2 6 
3 8 53 31 47 1 6 2 
7 7 34 77 27 7 9 6 
6 0 23 43 98 5 1 2 
8 3 30 64 45 2 3 0 
3 4 35 78 42 2 5 1 
3 7 42 45 66 2 3 5 
6 0 37 38 64 9 3 7 
8 9 20 75 36 7 0 4 
2 1 12 47 58 6 6 0 
0 1 37 31 35 1 3 2 
1 3 13 39 31 5 9 1 
3 1 0 60 35 9 9 1 
7 8 40 49 28 0 8 3 
6 8 54 43 28 4 6 0 
4 9 2 44 67 9 2 9 
3 6 17 30 39 8 5 8 
4 0 42 65 59 7 8 4 
0 2 21 69 60 7 9 2 
2 9 35 86 45 2 8 9 
6 3 22 87 30 9 3 6 
2 1 43 71 50 2 9 4 
1 1 17 53 58 7 0 4 
7 0 17 46 57 3 6 7 
8 9 43 45 84 3 7 4 
1 4 28 70 59 9 6 5 
1 3 12 32 20 2 4 8 
2 3 25 71 67 0 7 5 
5 0 49 66 27 2 2 4 
2 3 19 48 84 6 3 9 
3 7 39 64 79 2 9 0 
4 1 64 32 54 8 4 8 
7 8 48 74 58 3 6 1 
8 9 0 13 33 2 6 4 
0 0 11 41 72 4 7 3 
8 0 39 60 43 0 6 9 
5 0 19 72 54 1 8 0 
2 6 6 25 86 3 0 9 
8 3 55 8 65 1 5 4 
1 1 43 44 69 9 2 1 
2 5 27 23 78 8 9 0 
1 7 2 45 37 1 0 1 
4 7 20 67 64 8 7 5 
3 2 0 42 65 5 3 2 
1 0 0 82 65 3 3 1 
8 7 44 69 70 3 0 6 
2 2 16 73 27 0 2 6 
4 0 61 54 92 3 9 7 
5 5 15 52 61 4 0 8 
1 5 0 77 36 2 5 6 
0 0 16 40 64 2 5 1 
2 2 15 58 70 3 3 0 
3 0 39 65 60 1 3 9 
9 6 0 43 70 7 0 0 
9 5 0 0 78 2 8 0 
5 5 11 53 54 5 5 6 
5 1 40 46 28 8 0 6 
2 4 28 91 79 8 3 6 
3 5 12 87 26 9 9 1 
5 5 39 32 88 7 4 2 
5 1 30 38 38 1 6 9 
6 9 24 53 62 0 2 6 
6 1 0 48 21 4 8 3 
8 3 24 32 64 6 6 0 
0 3 40 42 32 4 8 4 
1 1 18 90 31 2 7 6 
0 2 26 102 36 7 2 8 
0 2 27 43 39 5 1 3 
4 3 17 71 25 8 3 5 
7 1 42 84 61 5 7 5 
4 0 31 78 55 3 7 7 
2 5 0 61 48 3 8 0 
0 1 4 89 3 6 9 7 
8 1 39 115 72 1 9 2 
5 3 40 50 16 6 9 0 
8 8 12 77 41 4 4 6 
4 2 55 35 35 7 0 2 
1 6 10 50 56 6 3 7 
8 2 45 28 50 1 9 2 
9 8 12 50 10 6 0 4 
0 6 31 59 55 4 6 7 
3 0 35 53 62 9 8 7 
2 4 12 48 73 3 2 6 
2 0 46 54 61 0 2 4 
5 1 32 51 72 4 7 0 
6 4 42 48 54 8 5 8 
0 7 45 37 32 7 0 2 
2 7 45 74 81 1 9 1 
8 7 8 60 47 2 8 8 
1 7 35 34 56 1 5 6 
9 7 45 0 47 8 2 9 
0 8 69 62 32 1 1 0 
0 0 54 21 62 0 4 2 
4 7 32 50 26 4 6 4 
9 1 27 62 45 5 9 0 
3 9 40 58 18 3 5 0 
4 8 9 55 34 4 9 2 
7 7 48 72 35 4 3 3 
1 3 51 35 34 1 7 2 
2 5 48 45 32 2 2 6 
1 1 26 81 56 0 7 5 
3 3 0 70 34 2 5 4 
1 3 15 65 38 6 8 4 
7 5 51 23 35 7 6 2 
3 9 38 101 38 7 2 9 
5 3 11 45 52 2 0 1 
9 3 10 66 68 9 1 5 
0 0 37 38 31 6 2 9 
6 9 41 66 24 5 1 0 
2 0 7 74 37 1 2 2 
6 1 26 67 79 8 6 8 
6 4 35 76 62 5 8 0 
0 7 24 50 38 1 3 0 
0 4 40 59 47 3 6 8 
3 6 16 75 54 4 5 3 
1 1 37 37 60 3 8 5 
6 6 27 68 75 0 9 5 
1 5 34 65 81 2 2 0 
5 7 45 51 74 8 4 1 
4 7 26 45 54 1 3 5 
4 1 25 71 67 0 9 4 
8 1 26 43 73 5 7 4 
2 3 47 63 62 7 2 5 
3 5 8 92 92 5 9 7 
2 4 0 23 45 9 9 5 
4 8 15 54 39 9 9 6 
3 5 26 17 52 4 7 9 
3 2 38 57 46 6 2 2 
7 0 52 26 55 2 9 0 
3 7 19 70 55 4 7 1 
1 0 51 44 66 9 1 6 
6 5 67 48 13 1 3 1 
5 5 33 12 1 2 1 0 
6 9 27 26 73 0 6 7 
3 8 6 59 41 9 0 7 
5 8 23 16 48 4 8 3 
1 8 33 52 31 2 7 5 
0 5 37 25 24 0 0 5 
1 3 6 59 65 4 2 5 
5 6 32 88 50 8 1 2 
8 8 20 73 17 2 2 2 
1 7 7 30 67 9 4 7 
3 4 43 49 18 4 4 5 
5 2 27 83 29 7 6 2 
1 8 49 59 30 4 6 4 
2 2 2 54 28 4 8 9 
8 3 28 63 19 6 4 0 
8 4 5 61 63 3 1 8 
6 6 49 18 55 0 6 6 
3 5 52 41 74 7 3 0 
3 7 35 38 15 3 0 3 
1 1 53 28 54 9 7 4 
5 5 0 53 67 0 5 4 
7 4 48 43 56 8 9 6 
2 5 30 64 55 0 2 9 
8 8 42 60 26 6 4 8 
0 6 40 5 43 1 0 2 
2 1 47 74 68 4 5 5 
3 3 62 39 27 2 2 6 
8 6 8 68 0 4 6 6 
3 6 20 43 46 7 9 0 
4 1 28 38 56 3 1 6 
7 0 40 25 51 5 8 5 
4 3 14 44 86 1 4 0 
1 7 16 47 35 1 8 7 
2 7 8 38 25 1 9 9 
7 1 53 82 65 0 2 5 
0 9 40 53 57 9 6 1 
9 8 21 51 52 5 5 8 
0 9 26 34 94 3 0 5 
8 5 64 32 62 4 2 6 
0 9 46 51 75 6 4 6 
5 1 72 82 25 1 9 1 
7 0 30 48 60 3 0 6 
8 2 50 10 64 9 6 8 
8 2 34 31 2 2 0 4 
1 6 38 40 75 6 7 0 
8 7 30 81 70 3 2 7 
5 0 69 73 52 6 7 0 
9 0 34 73 53 5 0 8 
9 9 35 26 75 8 9 2 
7 3 0 26 46 2 3 4 
1 9 31 38 44 8 4 7 
1 1 42 60 40 1 0 9 
3 6 59 5 69 2 6 3 
4 6 16 77 67 2 6 9 
0 5 44 91 45 3 7 2 
5 6 36 3 23 4 0 3 
3 3 32 27 60 6 7 4 
7 0 28 67 58 6 2 9 
9 2 0 28 41 6 2 1 
6 8 4 64 28 0 9 5 
3 6 24 68 60 5 6 1 
2 4 12 69 53 3 4 3 
8 1 38 64 96 6 7 9 
5 9 0 66 65 5 2 3 
5 9 13 88 57 4 3 3 
7 5 4 24 64 7 0 9 
1 6 0 42 31 9 1 2 
4 8 40 36 34 7 0 6 
4 2 27 30 49 5 9 5 
1 8 50 71 33 9 0 6 
5 5 13 76 29 0 7 6 
1 4 29 69 0 4 1 1 
1 8 23 50 62 1 2 1 
7 1 3 55 63 9 6 1 
1 7 30 58 40 8 2 2 
1 9 1 65 83 6 4 2 
1 7 62 0 36 4 2 8 
6 4 37 64 65 9 7 3 
9 2 50 42 36 6 0 6 
0 4 19 34 28 6 0 7 
6 7 0 77 87 6 4 9 
3 9 34 44 44 6 7 6 
6 5 33 4 71 0 0 3 
3 2 23 70 89 8 1 7 
5 5 7 30 49 7 5 0 
1 8 31 62 66 0 3 6 
1 3 26 70 36 9 4 1 
0 0 13 71 35 5 5 4 
8 5 29 34 38 5 1 3 
8 4 53 101 35 8 7 5 
4 8 41 66 35 4 2 1 
8 2 33 66 49 5 0 5 
6 5 59 32 74 3 3 9 
2 7 14 62 29 3 5 7 
2 4 35 69 21 9 7 3 
6 8 14 92 48 5 1 5 
4 5 25 36 32 8 6 2 
3 6 32 57 37 3 4 4 
7 8 45 39 48 6 8 3 
4 4 26 76 24 8 0 2 
5 0 48 34 71 7 4 4 
4 4 36 41 54 3 0 5 
6 5 51 61 50 2 9 7 
0 0 25 64 64 9 7 5 
6 1 58 36 25 8 1 7 
1 6 61 73 66 9 4 0 
6 4 13 48 27 7 5 4 
6 7 24 45 74 7 2 3 
1 8 58 61 9 6 4 1 
8 4 47 72 107 4 3 2 
1 8 52 70 52 7 6 0 
1 7 20 58 47 8 4 2 
9 6 0 46 54 4 6 6 
0 4 25 76 62 1 3 0 
0 2 65 79 29 5 8 5 
8 0 22 64 31 1 6 2 
2 7 0 30 46 9 5 5 
5 7 18 49 58 0 0 0 
8 8 43 54 36 9 5 9 
5 3 3 66 36 3 4 1 
2 4 29 28 23 6 8 0 
6 1 59 67 69 4 1 5 
7 8 0 32 53 6 6 1 
0 3 41 84 56 5 4 6 
0 8 18 37 63 2 4 2 
9 0 21 72 75 7 8 6 
7 4 61 43 39 9 5 5 
5 2 52 30 69 5 1 5 
7 5 29 70 72 6 6 3 
3 7 39 20 40 5 4 9 
6 6 31 58 58 7 3 0 
1 1 23 59 31 5 2 6 
8 0 32 0 48 9 8 4 
1 2 68 79 32 2 2 7 
0 9 51 79 37 2 6 4 
3 7 25 68 46 7 7 7 
7 7 68 57 31 9 0 3 
2 7 52 36 26 0 1 2 
1 8 0 41 43 9 7 2 
9 7 44 61 87 1 8 7 
1 2 35 54 35 8 1 2 
7 7 0 18 57 1 1 0 
9 9 52 19 61 5 0 0 
9 0 18 84 75 8 5 3 
8 9 0 34 60 2 7 9 
8 5 41 41 79 3 9 0 
4 8 23 59 63 4 0 7 
3 8 46 50 18 8 2 5 
9 5 73 0 46 1 3 3 
0 9 47 3 78 7 7 9 
2 9 0 37 71 6 4 6 
2 1 19 0 48 3 3 6 
1 8 22 49 62 4 7 0 
6 4 0 31 74 6 5 6 
2 8 0 54 53 7 2 7 
5 9 18 36 65 8 8 4 
7 8 0 31 77 6 5 8 
2 0 42 29 39 7 8 5 
7 3 19 57 35 9 7 1 
0 5 36 58 64 0 1 5 
8 1 14 24 44 0 2 0 
9 5 35 34 27 3 9 5 
8 0 11 56 30 4 2 4 
7 0 14 26 37 3 5 2 
9 3 26 30 76 0 1 5 
1 8 14 48 79 3 7 2 
3 1 26 70 20 9 9 9 
3 6 26 44 29 5 1 6 
6 1 31 53 16 3 4 9 
9 1 37 49 39 9 0 3 
0 4 21 29 24 1 9 9 
0 9 40 39 62 9 2 9 
8 6 32 60 79 1 4 7 
2 0 49 81 82 7 1 8 
1 1 9 80 73 7 6 9 
2 4 24 50 57 1 6 3 
8 7 25 38 54 6 0 7 
2 9 40 65 61 3 4 7 
2 4 19 57 50 9 5 8 
9 5 50 47 88 3 3 2 
1 6 27 64 53 7 4 4 
2 3 44 64 76 7 3 2 
3 0 40 31 48 8 7 8 
7 2 8 78 35 3 3 0 
2 9 40 48 76 8 3 8 
6 3 14 7 53 5 3 3 
9 1 15 58 74 3 3 5 
2 5 8 81 76 7 9 5 
5 8 67 26 46 6 3 7 
1 8 51 55 13 8 4 1 
6 8 29 49 74 3 7 3 
6 9 48 35 77 2 6 7 
9 7 4 67 49 6 1 0 
5 6 24 34 44 1 9 2 
2 6 68 36 47 7 5 6 
4 6 37 70 40 4 2 3 
3 3 36 39 63 9 0 1 
2 2 47 59 40 2 1 3 
3 3 60 47 79 5 8 9 
7 1 1 50 62 3 0 4 
2 1 32 78 62 9 1 3 
1 5 48 92 48 2 7 9 
6 6 44 53 82 9 9 9 
0 4 0 24 55 6 6 9 
0 4 27 21 39 4 9 4 
0 6 46 48 68 8 8 3 
9 9 55 0 0 3 9 4 
4 5 11 93 31 1 9 2 
7 4 37 70 43 1 7 3 
7 0 13 49 59 7 7 3 
4 1 0 22 47 4 5 8 
8 8 40 48 55 3 6 8 
7 1 23 60 63 6 4 8 
3 0 1 45 35 6 9 7 
7 7 30 33 48 4 5 9 
5 9 15 75 29 0 4 0 
8 8 13 15 29 3 8 7 
5 7 10 67 66 3 3 1 
1 5 40 36 40 4 6 4 
3 0 5 6 33 5 3 2 
2 8 63 61 18 5 1 2 
9 2 53 80 46 1 0 1 
8 1 49 56 25 5 7 9 
0 3 29 72 55 6 8 7 
5 1 66 65 57 1 3 5 
7 7 47 43 23 0 9 1 
3 8 15 65 51 8 1 9 
4 8 36 66 43 1 5 0 
4 7 0 47 69 7 9 5 
1 2 14 56 57 7 6 6 
6 1 49 37 23 5 2 6 
8 1 22 49 27 4 0 7 
4 6 45 33 19 7 9 2 
4 1 19 52 14 6 0 3 
5 0 57 51 69 7 1 4 
0 0 46 24 28 2 9 6 
1 2 11 27 43 4 4 4 
9 6 46 9 17 9 3 8 
6 9 55 48 37 1 3 3 
3 6 52 47 30 5 1 1 
6 2 69 47 55 8 2 2 
0 7 1 35 63 7 5 8 
6 2 55 56 102 8 7 0 
7 0 24 97 59 3 4 7 
7 9 0 47 45 1 2 5 
9 4 37 32 80 7 3 4 
5 5 38 54 75 0 5 0 
2 4 37 47 26 1 0 6 
5 0 7 87 39 5 5 9 
0 0 23 59 31 4 1 9 
1 6 0 80 53 6 8 4 
7 4 33 17 63 8 4 6 
0 7 0 75 35 3 6 7 
0 8 41 22 18 8 6 3 
3 9 23 41 82 0 9 1 
9 6 34 45 43 0 6 1 
8 0 39 27 72 6 2 5 
2 5 18 20 80 2 4 9 
6 3 33 59 65 5 6 4 
9 8 46 27 64 9 5 3 
2 5 38 55 55 6 5 9 
8 6 28 40 55 0 5 4 
8 2 36 55 98 4 5 6 
1 6 57 47 41 6 4 3 
8 6 19 23 44 3 2 1 
4 1 61 55 42 3 9 2 
7 7 28 43 72 5 4 8 
2 0 28 12 45 1 7 9 
3 7 1 57 48 8 9 3 
4 3 55 34 61 7 2 9 
1 0 77 81 47 2 3 2 
0 2 43 94 21 6 4 3 
8 3 22 50 54 3 1 0 
4 5 50 38 89 6 2 4 
9 0 0 43 85 1 4 1 
4 1 33 6 34 2 0 3 
2 7 26 72 46 8 2 6 
1 9 36 72 44 4 4 6 
6 9 15 39 55 7 2 2 
9 2 18 48 48 7 1 9 
8 5 52 37 47 0 2 1 
3 6 24 56 86 4 6 0 
6 6 15 37 56 1 8 5 
8 5 28 45 37 3 4 5 
0 5 35 70 39 5 1 5 
0 5 35 37 38 3 7 2 
9 6 38 48 79 2 5 3 
0 3 51 43 42 9 2 1 
7 9 37 39 44 5 4 9 
4 5 33 55 51 5 4 9 
0 2 53 19 3 8 3 4 
4 4 45 52 47 5 4 6 
2 1 0 34 25 8 6 9 
4 2 53 28 55 1 1 6 
6 8 33 48 61 8 2 5 
8 8 53 75 79 4 8 0 
9 1 29 61 69 8 6 8 
9 9 62 61 35 5 6 1 
6 6 30 18 10 6 4 4 
8 7 30 47 26 9 5 2 
2 0 17 29 21 7 9 2 
1 6 35 70 56 9 8 3 
2 2 15 69 70 8 6 7 
6 4 29 53 78 2 9 1 
9 6 44 72 71 2 0 6 
3 0 16 62 25 6 4 3 
4 4 43 50 50 8 8 9 
4 9 43 39 49 4 1 0 
6 2 12 50 2 3 5 4 
2 6 23 73 61 0 1 6 
2 8 49 57 62 3 5 1 
9 5 29 20 40 3 7 6 
8 8 33 48 78 5 6 7 
1 7 44 64 32 0 9 7 
6 8 33 65 38 1 6 4 
8 2 83 69 94 2 8 2 
3 0 21 29 12 5 9 3 
8 9 37 48 58 2 2 5 
3 6 37 26 1 3 6 0 
7 8 15 49 59 4 8 4 
1 3 43 77 72 2 0 6 
5 9 16 29 49 8 5 8 
2 0 74 38 78 9 9 2 
9 8 36 48 40 4 8 3 
9 2 57 70 77 8 9 5 
1 8 10 62 62 2 3 6 
9 7 16 71 50 1 7 7 
9 9 35 47 29 2 6 1 
4 2 53 43 54 6 8 7 
0 5 24 56 48 9 4 6 
3 2 28 33 70 3 0 8 
2 5 5 44 45 8 8 3 
3 3 30 90 54 8 3 7 
7 1 4 53 82 4 9 5 
8 8 9 58 20 4 7 1 
9 2 44 65 41 0 4 9 
5 3 51 89 71 6 4 8 
0 8 60 25 66 1 0 3 
6 8 19 50 49 9 0 8 
9 7 34 53 32 8 4 2 
2 4 36 39 57 4 1 9 
8 0 21 71 46 7 7 9 
7 7 22 53 63 2 0 6 
6 3 23 60 28 5 5 1 
1 6 47 17 27 0 0 9 
4 8 23 62 43 2 2 3 
9 8 6 74 87 2 5 7 
5 0 53 55 62 0 1 9 
9 0 0 41 79 6 7 7 
4 0 53 25 51 3 5 4 
6 5 38 24 20 0 8 7 
1 8 26 15 43 7 3 6 
1 3 0 22 0 9 0 2 
5 9 0 69 62 1 0 7 
6 9 40 71 51 0 3 9 
9 0 56 41 70 1 6 3 
2 0 48 9 48 2 6 4 
0 1 47 65 39 0 0 5 
1 4 55 37 50 7 1 7 
7 9 71 59 54 7 0 8 
1 0 56 59 55 7 7 5 
9 7 66 55 77 5 6 1 
6 7 25 36 58 6 5 7 
7 6 35 55 69 8 9 9 
9 0 2 60 63 1 4 6 
8 2 7 42 84 9 9 0 
8 9 49 77 75 2 0 8 
0 7 6 68 37 8 6 9 
5 3 47 0 54 2 0 9 
5 5 62 22 62 5 9 0 
6 1 50 84 29 4 4 4 
6 8 54 29 66 0 8 0 
6 5 51 47 53 2 1 2 
4 2 8 22 63 2 1 7 
5 6 43 85 28 3 8 7 
4 0 15 49 40 3 4 9 
8 7 58 65 56 7 5 9 
0 2 53 67 56 4 8 9 
6 6 42 59 16 5 1 4 
2 5 60 38 43 2 6 7 
3 8 0 42 40 1 6 2 
7 2 25 50 30 1 4 9 
8 8 0 37 33 5 7 8 
2 5 38 66 18 5 5 8 
1 9 18 39 83 1 0 3 
5 0 17 33 64 4 8 7 
9 5 55 17 44 4 2 3 
6 9 15 32 73 3 7 8 
8 8 37 33 58 0 4 7 
7 8 31 52 64 7 6 3 
5 7 51 39 38 5 1 5 
7 9 57 49 56 5 9 7 
2 9 52 46 85 7 7 7 
5 8 26 39 65 5 9 0 
5 7 22 63 54 1 5 2 
1 4 45 60 49 6 9 8 
1 1 0 38 66 0 2 7 
1 0 43 0 32 9 2 8 
2 0 33 47 35 1 6 9 
4 1 22 43 90 7 5 9 
8 8 52 81 27 9 1 8 
8 8 38 51 42 3 4 3 
6 8 0 40 94 2 6 8 
8 4 45 60 46 3 3 7 
4 5 41 79 34 4 8 8 
5 0 36 74 27 6 7 6 
4 0 64 30 71 2 9 0 
2 0 43 28 27 1 3 3 
4 1 41 35 67 3 7 0 
9 5 57 51 42 6 8 2 
1 0 44 62 55 7 5 5 
0 9 29 52 55 4 4 6 
3 4 54 47 79 0 3 2 
3 3 71 41 39 8 6 3 
6 5 66 50 39 7 3 1 
4 7 25 55 37 0 9 1 
6 7 0 72 52 7 1 8 
0 1 4 34 42 4 3 4 
3 7 0 52 45 8 5 6 
8 4 16 43 52 3 4 2 
4 1 23 74 32 5 8 7 
7 0 37 19 72 3 1 4 
1 0 21 32 45 9 4 3 
4 6 21 37 50 0 3 0 
9 3 35 76 50 6 9 8 
6 3 71 54 72 3 7 5 
2 8 36 49 43 8 4 8 
0 6 17 46 53 9 2 4 
1 2 53 44 25 2 6 3 
1 1 30 67 21 9 9 6 
5 1 30 58 76 9 0 8 
1 1 42 30 61 3 5 7 
9 0 6 45 18 2 8 9 
4 0 58 72 32 6 3 1 
8 1 21 56 87 5 3 7 
8 2 48 52 34 7 7 6 
6 0 52 30 59 1 9 9 
2 6 43 50 54 1 2 0 
1 5 22 31 67 7 5 3 
0 6 44 44 30 2 2 4 
0 5 43 86 19 0 7 8 
4 1 0 85 41 3 8 7 
4 5 26 24 17 9 5 6 
0 2 13 60 67 5 3 2 
0 6 63 51 79 4 1 4 
8 9 15 53 42 5 4 6 
7 7 9 50 55 2 1 3 
1 8 0 23 60 3 8 6 
0 6 30 41 77 5 5 9 
0 7 27 38 83 4 0 0 
8 1 63 22 84 0 2 8 
4 2 5 25 61 1 4 0 
2 8 20 39 25 0 6 9 
7 1 41 41 43 4 3 4 
4 7 35 70 72 5 9 5 
3 5 47 36 67 9 1 7 
5 2 23 29 36 0 2 5 
7 1 54 38 45 4 8 1 
9 2 11 84 27 0 3 7 
1 9 44 75 50 0 3 5 
7 2 21 49 47 4 5 2 
5 4 20 44 95 4 9 3 
0 9 62 18 21 6 8 4 
6 5 25 51 42 9 2 7 
1 5 0 65 71 7 5 0 
8 5 37 72 32 1 9 4 
3 0 34 50 53 9 2 3 
0 7 11 55 31 8 1 4 
5 1 0 72 51 8 3 2 
2 5 50 23 55 1 1 3 
0 5 56 67 31 3 6 3 
2 8 31 15 58 6 9 5 
7 0 2 44 56 8 7 0 
3 5 14 69 62 9 3 8 
4 6 11 83 82 8 7 4 
9 0 18 105 16 1 4 7 
2 8 16 65 42 5 1 5 
2 8 0 58 36 5 4 3 
6 8 7 15 46 4 7 2 
6 7 0 56 13 6 1 1 
0 2 39 30 53 4 7 9 
2 7 42 47 57 1 0 4 
4 0 45 55 76 5 6 7 
4 8 16 41 29 9 7 6 
4 8 21 52 45 0 6 2 
4 9 16 54 76 8 0 8 
9 3 33 36 59 2 8 9 
8 8 33 78 38 4 8 0 
9 4 17 63 50 0 5 7 
5 3 24 63 45 0 0 5 
9 8 10 73 59 4 0 6 
9 6 34 39 14 9 4 6 
9 6 7 21 44 1 1 8 
8 8 41 35 39 9 5 0 
3 2 45 63 61 3 6 9 
5 6 33 81 75 7 4 9 
1 9 0 33 51 7 0 7 
1 0 31 68 49 2 0 7 
6 2 14 86 43 5 5 5 
7 3 13 22 24 9 7 2 
7 2 8 69 45 8 3 3 
4 5 50 27 34 4 8 8 
4 0 32 64 70 1 1 2 
5 5 66 60 34 0 3 3 
6 7 62 60 66 4 7 9 
5 6 17 32 28 3 8 7 
3 7 0 54 19 4 1 6 
6 5 42 68 74 8 5 2 
4 7 37 93 47 4 0 2 
8 9 40 47 54 4 6 6 
3 0 21 80 34 3 0 4 
0 1 0 58 39 6 2 1 
9 6 45 48 69 2 6 8 
9 2 19 56 49 7 0 7 
5 8 25 36 91 0 6 8 
5 4 32 36 25 4 4 6 
0 7 64 58 28 8 6 7 
1 3 19 62 19 8 6 5 
9 1 29 52 43 0 8 3 
5 4 52 91 60 3 3 1 
4 9 21 37 62 3 3 9 
9 3 32 74 53 0 8 9 
9 5 33 15 48 0 0 5 
9 2 26 62 15 7 2 5 
7 4 19 34 45 5 2 8 
5 9 0 68 5 1 0 2 
0 7 34 30 60 9 6 9 
5 8 31 52 27 7 4 4 
4 7 39 84 59 2 5 4 
3 4 0 77 74 2 2 2 
5 1 60 62 28 9 3 1 
2 0 21 68 59 3 5 9 
1 1 30 60 45 0 6 5 
3 4 0 46 10 1 0 8 
6 9 45 22 49 0 1 1 
8 9 9 72 49 1 1 7 
4 1 17 26 54 1 9 7 
2 9 29 66 12 6 8 9 
4 6 53 85 0 7 7 5 
6 3 0 29 26 1 0 6 
7 8 35 26 36 4 1 1 
1 4 26 64 75 2 5 8 
4 4 21 33 51 8 1 5 
0 9 35 52 77 8 3 1 
6 7 70 61 63 8 5 7 
5 0 3 24 57 0 7 9 
2 5 26 22 18 9 2 8 
9 5 13 33 67 4 0 9 
2 7 32 23 53 4 8 0 
2 8 2 65 82 3 9 0 
4 6 41 81 56 9 7 0 
3 7 24 43 93 7 9 3 
2 5 30 48 23 7 4 5 
2 1 18 37 62 1 4 0 
6 5 23 36 57 8 7 0 
0 5 26 73 37 3 3 5 
2 3 0 57 18 5 7 0 
6 6 38 81 59 8 5 8 
1 0 37 35 64 7 6 4 
9 5 58 34 31 8 2 2 
0 1 35 7 45 1 9 1 
0 1 36 48 89 4 4 5 
3 9 49 35 22 5 5 4 
3 4 35 28 59 1 9 2 
0 5 59 96 38 9 5 6 
7 8 38 55 45 6 9 1 
4 1 15 20 58 0 2 2 
5 9 17 68 61 0 2 6 
1 8 56 56 76 6 3 4 
2 4 2 34 61 9 0 4 
9 7 8 18 13 9 5 8 
8 1 68 31 16 8 2 3 
4 0 21 74 57 1 5 9 
4 4 8 51 39 2 4 3 
0 7 18 78 30 9 0 9 
2 2 43 27 70 5 9 2 
5 5 27 33 39 3 7 6 
6 9 67 26 13 4 6 6 
7 2 59 68 54 2 2 3 
1 6 49 63 77 4 8 5 
0 5 46 39 42 7 5 7 
4 6 11 63 51 7 4 4 
4 4 0 77 66 4 7 1 
1 4 48 74 69 7 8 7 
9 7 59 27 34 9 2 6 
0 2 4 75 65 9 4 9 
6 7 49 32 38 7 3 2 
0 9 28 14 52 3 8 9 
1 3 38 6 85 0 6 5 
7 8 39 49 48 8 5 6 
9 7 18 47 39 5 0 3 
5 6 0 49 67 3 0 1 
3 0 3 69 55 0 5 9 
1 3 39 58 77 0 1 2 
6 9 57 68 28 4 6 5 
2 1 16 56 63 9 0 2 
5 9 16 29 49 3 8 8 
7 7 0 14 38 8 2 6 
4 5 57 65 58 1 6 8 
6 4 12 55 81 2 7 0 
2 4 10 19 48 4 4 8 
0 9 61 41 33 8 2 6 
0 4 45 37 81 3 5 1 
7 9 24 74 21 8 5 3 
5 7 28 40 57 2 9 8 
8 6 8 62 68 2 1 4 
3 3 14 43 27 8 8 9 
6 1 74 80 33 6 6 2 
2 0 26 72 20 4 3 8 
3 3 68 76 29 8 4 1 
3 0 13 42 40 2 8 6 
1 4 41 43 27 0 0 1 
4 5 24 26 54 2 1 9 
0 7 19 61 47 3 9 4 
2 1 46 64 61 6 7 8 
7 5 0 64 53 1 9 2 
4 9 41 34 43 3 3 3 
2 3 27 37 65 3 1 9 
2 1 25 21 9 0 1 7 
8 8 28 91 36 7 0 1 
7 5 3 64 25 8 7 9 
1 5 26 43 38 6 1 3 
5 9 22 49 55 4 1 3 
4 2 37 42 44 1 6 0 
3 5 33 42 30 8 9 7 
3 6 22 75 56 8 9 5 
3 3 60 54 28 1 0 8 
4 4 39 47 58 4 7 3 
8 6 25 42 69 1 0 7 
5 1 20 64 38 3 6 1 
7 1 28 60 52 2 5 4 
0 8 15 59 85 4 6 4 
8 4 14 26 44 2 8 7 
7 6 33 59 60 7 9 9 
6 6 72 72 24 0 4 4 
0 9 33 7 74 1 2 3 
1 6 50 52 63 0 5 2 
6 5 20 57 46 9 9 7 
8 0 38 57 41 9 3 1 
4 3 23 46 53 9 9 7 
3 3 1 17 78 9 7 6 
9 1 54 75 27 2 8 4 
5 2 46 54 31 6 2 8 
4 5 62 54 47 7 7 0 
6 8 13 77 50 1 9 9 
8 7 30 43 49 1 1 9 
2 1 56 49 22 3 9 0 
4 6 11 61 35 8 0 4 
1 3 54 61 72 9 0 8 
2 2 29 32 40 7 0 9 
3 1 8 45 29 2 0 9 
0 6 35 8 16 4 6 8 
9 7 44 29 46 9 6 1 
2 2 51 26 45 8 2 2 
0 3 32 61 71 9 2 0 
1 0 16 63 48 3 5 3 
6 5 9 57 87 5 6 8 
1 1 16 64 31 3 0 9 
6 4 51 23 44 8 2 6 
9 7 0 39 36 1 4 8 
9 4 23 61 47 7 7 7 
2 4 30 18 32 2 7 2 
5 9 24 82 53 9 9 4 
0 9 40 72 30 7 8 9 
9 2 32 55 69 3 5 8 
0 3 16 27 23 4 9 6 
7 1 23 46 48 8 0 4 
2 8 64 24 48 4 7 3 
2 7 34 88 54 9 8 7 
2 4 39 35 49 0 2 8 
3 9 25 20 8 5 7 8 
1 8 9 58 16 3 6 5 
4 3 44 47 79 1 3 9 
9 0 47 29 70 0 6 7 
2 3 44 42 47 2 6 1 
1 6 30 80 31 9 2 8 
9 6 39 33 52 3 1 0 
6 5 2 73 82 4 3 0 
4 6 30 73 102 5 1 8 
2 3 23 46 64 1 5 0 
1 5 26 59 60 1 4 9 
5 7 28 22 14 1 1 2 
0 8 71 56 91 4 1 6 
2 4 68 34 15 8 7 7 
1 7 5 25 66 5 4 5 
5 9 25 63 77 6 8 1 
2 3 4 41 89 5 0 2 
5 7 26 32 63 7 9 2 
4 6 16 16 28 9 9 1 
1 4 26 53 43 1 9 7 
8 3 53 12 88 5 2 0 
4 3 15 28 39 0 4 6 
0 7 76 43 46 4 1 5 
4 1 38 37 34 7 6 3 
5 7 33 87 54 6 2 6 
0 2 22 33 38 2 8 1 
5 0 32 44 52 3 2 1 
2 1 20 38 46 9 9 0 
3 8 40 56 69 4 2 1 
5 5 16 29 85 2 7 6 
9 9 44 60 26 8 9 2 
9 3 77 89 62 5 0 4 
7 3 28 55 64 3 2 1 
8 7 0 45 62 7 8 7 
1 8 35 18 26 0 6 6 
3 9 38 58 29 6 4 7 
7 8 0 81 32 8 3 1 
0 6 14 62 50 9 5 5 
7 8 0 42 95 7 5 6 
7 8 41 84 43 6 1 2 
4 3 58 17 60 4 9 2 
7 0 11 50 13 1 6 0 
2 5 37 48 66 1 9 4 
2 8 36 58 33 2 6 5 
5 4 44 26 30 2 3 9 
0 5 14 71 80 3 4 1 
2 1 54 40 21 4 1 9 
7 9 0 40 31 3 9 5 
1 0 1 46 37 5 4 5 
6 9 0 14 77 5 7 1 
1 6 29 57 45 8 2 2 
5 9 5 86 37 2 9 3 
1 6 13 53 31 0 0 7 
9 4 41 14 56 2 9 7 
4 7 0 27 62 2 9 6 
3 8 18 57 52 4 6 7 
7 1 0 46 60 1 3 1 
2 6 31 46 38 6 1 3 
4 5 49 28 79 4 6 2 
6 3 22 58 71 4 2 3 
8 0 17 66 61 7 3 5 
4 0 34 38 39 9 8 4 
8 1 15 33 59 5 4 8 
0 2 8 61 39 6 4 0 
7 2 13 79 47 9 0 6 
2 9 31 51 43 1 6 4 
4 0 93 22 70 7 6 1 
8 3 63 53 36 9 0 2 
1 6 52 46 58 4 3 9 
8 4 52 32 45 6 3 2 
4 5 45 48 59 5 8 4 
2 7 52 60 61 3 3 0 
6 7 19 45 26 8 8 8 
2 1 35 40 59 4 5 8 
4 2 15 55 0 5 2 0 
9 4 11 68 66 5 3 3 
6 7 59 28 39 8 8 6 
7 4 35 66 74 6 6 8 
1 3 29 14 17 5 9 4 
5 6 53 53 52 2 6 6 
3 2 55 45 10 9 4 1 
2 0 30 94 44 6 2 6 
9 5 21 56 66 6 3 4 
4 0 21 36 28 5 0 2 
2 8 0 36 34 5 9 8 
6 3 24 53 99 4 8 1 
7 4 9 42 56 8 1 8 
1 6 40 76 38 7 8 6 
1 0 65 65 18 8 9 3 
6 2 23 46 65 1 5 5 
4 6 1 69 54 6 3 3 
0 4 0 58 48 0 2 0 
8 0 2 58 51 6 7 4 
2 6 3 57 46 3 3 6 
2 7 37 65 36 0 7 2 
0 7 24 17 41 3 2 2 
1 1 34 56 36 5 1 9 
4 0 17 48 60 3 8 3 
5 7 18 42 0 2 1 7 
3 9 18 51 78 8 4 8 
2 7 28 28 29 6 0 3 
1 9 28 61 18 4 1 7 
8 3 27 24 51 8 6 9 
6 5 25 0 16 4 5 4 
1 8 13 56 55 3 4 0 
6 3 26 58 42 9 7 4 
0 6 7 39 21 2 9 4 
2 1 28 84 60 6 4 3 
2 4 26 78 34 9 3 6 
5 2 24 39 20 5 3 9 
4 3 9 61 40 6 4 8 
3 3 18 54 45 0 5 3 
9 2 19 58 19 7 9 7 
0 0 32 68 0 2 6 8 
2 4 21 34 29 2 6 0 
9 6 26 61 66 7 8 9 
3 9 36 13 12 4 1 3 
9 4 24 49 50 6 2 9 
3 9 5 55 51 4 8 8 
2 6 34 72 30 0 8 2 
3 7 33 70 55 5 8 9 
5 2 30 57 39 5 8 0 
8 4 0 36 46 1 5 2 
1 6 60 31 47 9 7 9 
9 0 26 47 33 5 3 6 
3 6 11 43 66 9 9 4 
5 8 6 54 18 3 3 4 
8 7 48 29 83 1 4 3 
5 6 35 77 57 5 7 4 
5 1 46 57 34 9 8 1 
9 1 17 21 58 9 5 2 
1 5 47 59 8 1 5 7 
5 5 34 51 63 3 1 4 
3 0 57 60 95 9 0 4 
1 1 44 44 5 1 6 0 
5 6 1 20 64 7 7 7 
2 7 16 79 46 1 3 9 
0 1 5 32 42 0 3 1 
4 1 27 42 39 3 9 9 
1 7 10 32 76 2 1 3 
1 8 21 12 31 5 3 6 
8 0 40 71 59 5 2 4 
6 9 28 60 42 1 1 4 
4 3 15 68 40 8 8 7 
9 0 60 6 71 3 9 3 
9 6 36 30 62 8 3 4 
5 8 11 66 45 9 8 1 
9 5 67 32 74 7 2 5 
0 3 48 47 36 2 3 6 
0 5 22 26 0 7 3 6 
7 4 15 33 40 3 0 5 
6 7 33 59 44 1 4 6 
0 6 28 41 43 2 6 5 
8 5 21 64 39 4 0 6 
9 7 25 38 54 3 6 4 
6 5 28 37 32 5 4 6 
8 0 30 26 36 1 4 2 
6 8 14 61 55 4 9 1 
8 7 40 101 57 8 7 5 
3 7 6 53 30 5 7 5 
5 8 39 38 28 9 8 5 
1 8 45 56 33 7 7 8 
1 8 5 38 57 3 7 6 
5 1 0 67 54 4 0 9 
7 4 4 36 62 9 4 3 
1 5 38 59 46 6 8 7 
6 3 37 44 74 7 7 8 
3 3 46 29 65 6 4 6 
7 6 45 65 54 0 3 1 
8 4 58 63 72 6 9 5 
0 4 16 30 38 1 0 0 
3 4 47 43 34 9 0 4 
9 4 18 31 45 1 0 4 
7 4 0 16 15 3 9 3 
2 5 65 55 45 1 7 7 
4 1 45 78 65 0 8 9 
6 0 28 54 11 3 0 9 
2 9 16 26 10 4 9 1 
0 7 40 49 81 3 0 6 
7 1 37 44 60 6 5 8 
9 7 32 39 47 2 8 7 
6 9 41 89 28 5 6 9 
6 3 0 35 44 1 5 5 
2 2 44 84 69 5 0 7 
3 3 28 46 45 4 4 3 
0 8 49 48 47 2 2 8 
4 4 42 59 40 8 5 2 
8 2 42 53 71 9 5 1 
8 9 39 15 110 4 7 1 
3 3 25 45 32 6 2 1 
3 3 28 52 40 7 7 7 
3 6 15 48 33 2 3 2 
6 5 17 19 47 8 6 5 
2 7 7 66 28 0 0 1 
2 0 59 58 5 8 0 7 
8 2 4 37 17 3 2 4 
0 4 25 61 39 8 2 5 
4 5 31 38 56 4 7 4 
2 2 26 64 55 2 8 8 
5 2 33 40 17 4 2 7 
7 7 0 69 14 8 7 4 
9 8 62 27 45 6 0 9 
2 5 44 33 24 6 1 5 
2 7 0 59 41 0 9 8 
9 6 21 86 20 2 7 1 
1 4 41 36 64 4 2 3 
8 6 48 75 37 3 3 8 
4 1 12 57 38 0 7 6 
9 7 30 38 46 4 5 6 
2 0 44 59 79 5 5 3 
8 5 18 81 94 4 0 6 
6 3 38 98 62 4 6 8 
9 5 35 18 27 9 9 8 
7 7 37 83 34 7 2 7 
4 7 22 45 61 1 1 2 
3 4 51 34 55 6 8 3 
6 2 0 58 65 9 0 7 
6 8 30 22 61 1 3 1 
6 2 24 33 55 6 8 3 
3 0 15 81 46 0 3 7 
5 6 78 66 61 8 8 0 
8 4 30 55 53 1 5 5 
9 7 24 44 66 8 3 8 
6 1 0 70 59 8 9 4 
9 2 9 53 65 5 8 4 
7 7 12 45 17 2 2 3 
8 3 38 71 69 1 5 3 
0 2 0 71 45 9 9 4 
8 0 9 49 57 0 5 3 
2 3 0 27 55 0 6 0 
2 4 32 59 40 1 1 2 
1 1 26 54 45 8 6 0 
9 9 2 7 80 4 2 9 
0 1 21 38 50 6 7 9 
5 0 21 55 12 1 7 7 
2 9 56 21 17 4 3 0 
0 6 64 48 39 8 9 6 
6 1 22 73 29 1 9 6 
1 2 15 65 36 5 3 3 
5 3 0 53 0 5 2 3 
6 9 43 65 45 4 9 0 
4 8 6 53 100 2 6 2 
7 6 42 35 33 8 3 1 
3 7 23 44 26 4 3 1 
7 0 36 66 26 1 0 8 
9 0 15 7 43 6 1 7 
0 7 6 70 76 8 5 5 
7 3 0 40 65 6 7 7 
8 3 90 60 35 5 4 0 
1 1 42 21 34 8 7 1 
4 2 14 61 36 6 3 7 
8 9 36 30 64 6 6 0 
3 2 17 19 59 9 0 3 
9 7 29 43 14 9 6 9 
1 3 17 73 68 7 0 9 
8 6 35 62 78 2 8 2 
0 4 41 35 52 9 2 9 
9 5 38 56 53 1 0 9 
4 5 18 85 42 2 4 5 
4 0 30 22 76 6 8 3 
9 7 28 58 22 3 2 6 
8 8 37 45 72 0 4 3 
8 3 15 51 46 2 5 4 
5 9 0 127 47 6 3 2 
1 7 16 43 59 8 8 8 
0 8 5 28 68 6 6 5 
3 4 61 21 49 6 2 5 
9 2 43 55 71 3 4 8 
1 2 23 36 41 3 1 4 
6 9 18 52 78 9 4 6 
9 4 29 52 23 1 5 0 
6 3 31 84 26 1 1 5 
5 7 9 19 56 0 0 3 
9 8 16 23 47 9 3 2 
2 0 43 54 41 3 4 4 
6 4 26 40 33 9 0 0 
6 6 57 43 56 0 1 5 
5 6 0 76 17 4 8 6 
2 6 49 42 46 0 1 1 
6 0 28 49 54 3 7 7 
8 1 39 59 84 5 3 0 
9 3 64 36 54 1 9 9 
7 8 0 31 24 8 8 1 
7 0 33 38 46 6 1 7 
9 0 6 72 16 0 5 2 
3 1 46 68 61 4 3 5 
2 0 15 82 70 5 6 6 
7 5 20 78 59 5 7 7 
3 4 15 70 45 1 4 1 
7 5 23 66 21 6 9 1 
7 8 43 28 71 0 8 6 
9 1 55 61 53 7 7 0 
5 6 34 13 59 6 6 3 
1 1 15 53 61 1 0 2 
2 8 16 38 69 8 8 9 
8 7 33 35 51 0 6 2 
1 8 35 66 55 7 0 8 
6 1 64 90 82 8 5 2 
6 2 8 44 93 2 3 3 
5 0 0 46 47 3 8 9 
5 4 48 37 27 3 7 9 
5 5 27 50 31 9 3 9 
9 0 36 25 55 5 4 9 
4 0 20 47 59 9 3 5 
9 8 24 41 79 6 3 3 
9 2 24 60 31 0 2 3 
1 2 22 37 66 7 0 7 
3 2 42 66 54 0 9 4 
2 9 28 46 74 0 9 4 
8 2 58 36 28 1 1 7 
9 1 6 50 45 9 1 6 
1 8 0 87 46 9 5 6 
7 4 13 19 16 4 5 7 
4 6 36 39 63 9 6 0 
9 6 37 23 64 7 3 1 
9 9 40 11 41 8 5 1 
1 4 31 68 45 5 4 4 
0 1 19 35 53 6 2 4 
6 2 63 18 48 0 0 9 
2 3 24 73 35 0 5 5 
5 1 52 54 55 9 6 6 
0 7 17 32 76 5 0 7 
8 6 55 76 31 2 5 5 
7 6 49 34 63 1 9 2 
4 7 30 104 36 9 3 8 
4 2 23 28 62 1 6 0 
4 5 35 40 97 9 7 6 
8 3 44 39 74 2 4 8 
8 2 38 59 34 8 6 9 
0 8 41 46 101 0 1 4 
8 3 78 47 61 8 1 4 
6 8 56 71 58 6 0 8 
9 0 0 42 39 2 3 0 
0 9 15 46 79 9 6 5 
5 7 0 38 53 3 7 7 
1 2 44 47 36 7 7 4 
2 5 67 22 39 9 8 4 
0 1 33 67 60 6 1 4 
7 7 37 30 29 9 3 9 
8 7 29 41 32 8 0 1 
1 7 40 28 30 0 2 3 
1 0 20 37 51 7 2 4 
5 4 21 28 49 4 1 6 
0 2 23 58 39 5 4 5 
8 6 68 38 53 9 3 1 
5 6 27 73 60 0 0 1 
3 6 22 65 50 7 3 3 
9 3 16 71 89 0 2 0 
4 3 37 69 71 4 2 6 
6 6 40 56 77 5 4 4 
1 7 8 69 31 1 5 7 
8 0 46 62 73 4 6 1 
0 9 44 48 44 1 1 1 
6 3 63 49 68 2 1 3 
0 8 13 89 102 6 5 3 
6 2 49 53 52 8 0 2 
3 7 45 46 79 3 4 6 
5 5 43 32 48 0 3 7 
7 0 19 82 54 3 4 4 
0 0 70 49 63 6 1 1 
5 9 0 52 34 5 6 1 
3 1 25 68 22 4 7 3 
3 9 61 48 54 8 2 4 
4 0 29 15 66 8 3 7 
0 9 42 0 52 6 0 8 
8 3 46 72 24 5 2 1 
8 6 13 24 27 3 7 0 
8 7 73 44 26 3 1 1 
5 2 25 52 71 9 3 0 
9 8 56 59 65 6 4 4 
5 6 12 36 40 7 5 2 
2 9 64 74 48 7 1 1 
3 5 26 57 55 5 5 0 
0 9 10 91 73 7 8 7 
8 0 66 44 51 8 3 3 
8 3 19 66 80 2 0 0 
1 1 25 31 41 7 1 6 
5 5 12 71 5 3 9 6 
7 7 39 78 29 9 7 3 
4 1 21 57 47 9 5 6 
9 9 19 63 47 7 7 2 
3 4 0 7 58 7 6 4 
7 0 44 10 48 1 4 5 
9 3 17 32 58 1 9 7 
5 5 39 24 19 4 0 8 
9 7 41 43 48 2 0 3 
7 5 44 93 75 3 0 5 
7 9 23 82 64 3 5 9 
0 9 60 43 47 3 4 5 
8 6 34 40 40 9 1 3 
2 5 66 67 48 6 5 1 
0 3 7 40 57 8 1 2 
4 4 29 44 51 0 8 6 
0 8 15 58 61 7 6 1 
3 4 37 55 42 2 9 3 
9 2 6 54 55 7 5 4 
4 6 68 66 9 5 5 0 
7 2 30 56 22 2 1 8 
2 1 12 72 53 1 3 5 
1 0 30 39 69 7 6 9 
3 5 31 53 50 5 9 5 
7 1 7 25 59 6 9 5 
1 0 24 17 28 1 3 2 
8 0 25 50 51 9 5 0 
6 7 21 4 60 5 1 0 
4 7 10 72 57 7 1 5 
3 0 24 31 36 5 7 6 
1 7 48 37 65 6 2 4 
9 1 17 59 59 3 3 6 
8 5 21 61 60 5 7 4 
2 2 43 21 31 8 6 0 
2 0 31 34 43 2 2 0 
7 7 0 51 23 9 4 9 
2 1 32 32 47 4 0 6 
2 0 22 25 35 5 2 5 
6 0 10 49 51 4 8 7 
5 3 39 53 66 5 5 9 
5 1 70 17 53 8 1 8 
4 0 13 50 78 9 4 8 
4 6 3 70 52 5 0 2 
1 1 29 51 56 2 4 7 
5 0 33 45 36 7 1 1 
2 3 37 62 52 5 3 5 
1 0 43 40 67 0 3 7 
6 2 22 60 44 6 6 7 
2 2 61 68 39 8 8 2 
0 1 10 46 28 7 6 0 
8 4 0 47 93 6 1 6 
5 2 19 42 72 3 1 3 
8 2 33 43 44 9 3 7 
7 0 2 71 59 3 4 4 
8 1 14 38 35 9 6 7 
7 7 34 70 85 6 3 5 
5 3 40 50 88 8 4 9 
4 0 58 58 55 1 5 8 
6 6 52 13 68 4 2 3 
3 1 24 81 33 4 9 2 
3 9 65 77 28 0 7 1 
8 2 20 21 38 7 0 7 
3 9 59 30 65 8 9 7 
7 4 20 46 34 6 0 1 
0 5 50 55 36 9 3 9 
2 2 33 65 47 2 3 9 
9 4 17 39 56 6 0 4 
7 2 46 83 88 8 7 7 
6 5 19 31 42 1 8 8 
4 6 47 42 68 8 2 1 
4 0 17 59 56 1 9 7 
8 8 37 41 51 9 8 8 
1 5 31 56 39 7 1 8 
5 0 0 64 46 6 6 2 
1 6 39 48 63 2 0 6 
0 4 52 59 47 1 4 3 
8 6 22 75 57 9 5 1 
3 8 57 54 85 8 2 4 
0 7 22 53 44 7 3 5 
7 5 1 84 42 2 1 3 
7 3 49 81 40 8 1 1 
0 2 34 45 54 1 7 4 
9 3 34 53 26 5 8 8 
0 3 0 36 55 5 6 1 
5 5 57 68 52 9 7 7 
1 8 0 29 82 5 0 1 
0 4 42 66 78 5 9 9 
3 4 33 54 54 3 6 9 
1 8 7 79 48 1 7 1 
8 6 7 50 72 1 8 4 
3 9 41 29 42 9 0 1 
9 0 12 43 58 0 0 7 
3 1 36 32 10 0 1 4 
6 0 11 69 16 6 5 3 
7 8 8 48 39 5 0 8 
1 8 29 47 28 9 7 5 
7 7 23 62 24 9 9 8 
4 7 10 39 22 5 8 8 
3 7 29 40 49 9 7 1 
3 0 6 61 53 2 4 1 
5 4 68 32 58 9 1 4 
4 4 15 90 52 9 5 9 
5 2 0 64 16 8 1 7 
8 4 40 23 52 2 9 7 
9 8 63 44 50 4 9 3 
3 2 31 83 23 0 9 7 
3 2 38 15 47 2 7 9 
0 1 21 49 53 5 1 0 
5 4 43 19 59 0 7 1 
5 8 55 49 29 1 2 1 
7 3 53 30 50 2 0 6 
2 6 45 56 21 5 7 9 
1 3 40 38 46 0 4 5 
6 8 52 62 75 5 6 7 
0 3 3 71 46 4 4 0 
4 6 24 52 39 9 1 4 
9 1 55 26 40 3 7 7 
9 7 31 33 52 3 5 5 
9 9 33 51 62 4 9 8 
4 7 41 46 29 8 7 7 
9 1 55 37 90 8 0 1 
4 4 60 31 63 9 9 0 
9 6 6 50 7 4 1 2 
1 4 0 74 61 5 1 8 
4 4 82 44 99 7 6 8 
4 0 14 79 40 5 1 9 
2 6 42 52 35 2 2 5 
4 6 54 50 87 9 1 8 
2 6 14 61 68 2 6 1 
9 2 33 46 45 1 2 1 
1 6 47 48 61 2 7 6 
3 4 58 69 55 2 6 7 
1 5 25 53 45 8 2 6 
5 9 72 54 25 7 9 8 
8 5 13 37 64 9 8 8 
7 1 13 70 48 6 0 4 
3 6 3 33 12 5 0 4 
0 0 24 41 27 6 7 9 
1 1 25 27 0 1 9 1 
7 1 37 11 51 0 8 3 
4 0 21 66 15 8 1 6 
0 7 28 51 59 6 6 2 
1 3 37 31 57 9 8 7 
5 8 23 18 53 7 0 1 
5 9 17 74 67 0 4 1 
5 6 56 47 35 3 0 4 
1 3 24 32 96 3 0 2 
9 9 14 61 48 8 4 3 
8 4 0 61 67 9 2 4 
7 8 36 48 88 3 8 8 
0 1 30 19 26 3 2 4 
6 7 69 51 51 9 9 3 
9 0 19 72 39 1 8 5 
8 7 41 65 42 4 2 6 
0 0 49 41 47 6 3 5 
7 6 2 37 50 9 3 0 
0 4 0 48 41 4 4 0 
4 1 23 40 60 4 7 5 
2 8 12 34 41 6 6 4 
9 7 64 65 71 9 8 6 
9 5 38 82 69 3 9 3 
0 4 29 59 42 1 3 6 
9 0 41 69 28 2 3 2 
7 8 41 31 56 4 8 4 
3 2 0 38 53 8 5 5 
1 1 9 73 56 3 5 0 
2 0 31 18 10 4 1 4 
7 4 16 72 53 3 2 0 
6 2 41 48 40 2 2 5 
8 1 10 45 49 5 4 1 
3 6 11 57 46 9 3 5 
8 0 0 61 26 6 0 2 
0 7 13 89 44 5 9 7 
8 8 36 45 64 4 2 4 
7 5 16 53 65 7 2 6 
5 9 30 38 41 4 3 0 
2 8 37 20 76 1 6 8 
9 2 24 14 50 1 6 4 
3 1 32 39 97 6 0 3 
0 7 38 57 47 4 6 3 
3 2 31 69 64 0 1 5 
9 8 0 49 76 1 1 2 
0 6 0 54 46 0 3 5 
2 3 50 92 38 3 0 1 
8 6 23 47 40 4 5 0 
3 8 20 49 48 2 3 9 
9 9 72 49 62 0 4 7 
2 9 25 26 32 2 3 2 
8 2 40 51 71 0 2 2 
9 5 24 70 0 1 7 0 
3 3 38 30 44 1 0 9 
9 3 43 52 52 3 8 9 
2 4 55 55 24 9 5 0 
6 2 7 40 54 9 9 1 
9 8 10 47 63 0 3 5 
3 1 38 51 17 1 8 2 
7 2 18 6 48 2 1 7 
8 6 43 56 60 1 4 5 
2 4 23 16 87 0 0 6 
8 9 26 64 35 7 0 2 
3 1 14 48 67 4 0 5 
0 2 30 44 57 8 9 1 
5 6 24 18 44 6 8 5 
3 8 8 83 44 5 7 5 
1 1 7 39 42 5 5 9 
5 4 43 16 27 8 6 5 
8 1 47 43 77 6 0 9 
2 1 39 60 28 2 1 6 
4 2 24 70 63 7 6 0 
1 7 29 50 48 7 1 8 
0 7 25 23 51 4 2 4 
9 3 28 78 74 6 0 5 
2 4 34 79 45 3 6 2 
8 0 28 65 31 0 5 5 
8 1 45 60 57 5 0 7 
2 3 47 42 71 2 4 6 
3 3 0 32 65 0 4 1 
6 1 40 73 59 7 6 8 
2 0 33 61 63 8 2 2 
4 8 45 28 44 4 9 1 
1 3 31 47 48 2 8 8 
4 4 30 46 66 2 0 9 
5 9 10 29 53 1 9 8 
8 4 32 48 40 8 3 5 
4 5 25 26 54 0 3 6 
8 2 32 71 44 9 7 3 
2 4 24 0 56 1 5 0 
5 5 5 24 33 6 0 8 
8 2 37 4 20 8 0 7 
9 5 38 44 32 1 5 6 
5 3 67 27 104 9 6 9 
3 2 3 67 62 2 1 6 
7 0 15 34 42 2 3 6 
7 5 42 32 25 1 3 0 
6 3 30 20 29 8 6 2 
3 6 29 75 49 3 2 6 
9 7 53 50 58 2 7 8 
9 0 22 36 43 5 0 9 
1 4 30 50 41 6 7 8 
2 0 41 42 26 4 9 7 
4 4 12 61 53 1 1 2 
9 4 25 36 46 8 7 8 
5 8 17 82 37 6 3 0 
5 8 1 74 45 2 3 1 
2 6 21 53 27 5 5 0 
1 9 83 90 58 1 6 9 
6 4 4 57 83 5 2 1 
0 5 17 19 50 7 5 7 
0 1 12 61 57 6 7 5 
8 6 35 31 75 5 3 3 
1 5 41 56 52 0 8 6 
4 6 51 65 46 4 1 9 
7 0 38 41 68 7 1 0 
6 9 24 82 53 9 2 9 
8 0 3 82 65 5 1 0 
6 8 37 75 58 7 4 2 
9 0 18 60 78 3 9 9 
4 5 18 32 37 8 3 1 
2 9 42 34 40 4 0 0 
6 1 2 55 36 8 1 2 
7 6 37 30 39 1 0 5 
2 4 69 53 57 2 9 3 
5 4 26 45 47 3 5 2 
2 7 56 42 43 5 3 2 
4 6 27 52 78 4 5 1 
9 4 62 65 23 7 0 0 
0 8 17 76 68 2 1 2 
2 4 41 16 47 0 1 2 
3 3 22 54 48 6 9 9 
7 0 31 50 52 1 7 5 
4 7 17 78 55 1 0 0 
9 1 41 67 82 9 4 4 
6 2 0 7 31 0 4 5 
4 9 4 73 31 2 6 2 
8 9 28 96 65 3 1 9 
4 6 15 32 60 9 2 4 
2 0 25 55 58 5 2 3 
1 2 48 64 67 7 9 6 
8 2 27 39 39 8 0 9 
2 6 18 40 28 3 3 9 
8 4 28 36 67 3 8 7 
0 7 10 42 25 4 7 0 
4 4 26 62 62 8 8 1 
8 5 5 28 42 7 4 4 
1 3 61 33 64 4 7 7 
6 3 26 59 38 4 4 1 
3 3 34 54 29 2 7 8 
8 2 5 33 68 7 5 3 
8 6 0 38 32 9 2 5 
6 9 15 53 44 9 9 5 
6 2 13 60 54 6 5 9 
8 4 38 76 55 6 1 1 
8 8 27 20 0 6 2 6 
0 6 41 69 64 3 1 7 
2 4 36 35 42 7 1 6 
3 0 75 96 66 5 2 9 
8 0 39 68 65 4 6 3 
4 3 0 99 34 0 1 7 
7 8 37 47 36 4 2 8 
9 9 30 59 60 3 1 4 
8 5 65 72 43 2 4 7 
6 2 18 8 60 0 7 6 
4 0 2 42 51 6 0 1 
3 1 28 63 62 6 6 5 
9 0 25 10 54 2 6 7 
9 4 43 56 25 0 8 1 
6 9 41 39 51 7 7 7 
7 5 17 52 50 7 2 3 
2 0 22 78 67 6 7 3 
6 3 34 57 45 2 8 0 
0 7 18 29 71 1 0 9 
2 8 0 28 105 5 2 7 
9 6 13 92 42 0 9 2 
1 7 0 32 43 1 8 5 
9 8 50 69 59 5 4 4 
2 8 15 55 41 7 3 9 
6 1 21 48 71 8 6 5 
6 9 7 35 58 8 0 0 
5 4 18 63 42 6 8 2 
1 7 20 72 38 0 6 4 
9 5 7 53 51 7 5 7 
0 8 29 41 47 4 9 2 
2 2 14 80 68 3 9 1 
3 9 41 68 35 2 0 7 
0 9 11 61 72 7 1 5 
3 0 71 45 40 3 7 3 
7 4 50 38 52 4 0 2 
7 9 14 55 52 8 5 7 
9 4 38 52 64 1 7 5 
0 5 41 55 9 7 3 3 
2 1 5 98 61 1 0 6 
8 4 0 88 49 0 7 4 
7 0 55 61 40 6 0 7 
8 0 68 49 57 8 7 4 
4 9 19 55 92 7 5 3 
0 6 61 65 0 7 9 6 
3 4 45 41 68 6 3 7 
9 1 34 21 100 8 6 8 
9 5 10 50 41 2 4 2 
0 7 67 49 54 9 5 8 
8 7 51 46 60 4 4 0 
7 7 35 57 95 6 7 9 
4 9 48 42 35 6 7 7 
4 4 54 49 40 1 1 5 
1 9 44 45 31 4 6 4 
3 5 57 60 44 7 3 7 
8 8 54 79 83 0 7 5 
3 9 29 59 49 5 9 1 
9 6 36 57 27 0 7 0 
5 5 80 52 61 6 3 2 
4 6 83 47 60 6 1 4 
9 2 12 22 60 3 9 9 
7 3 36 55 41 2 6 2 
3 1 49 53 53 8 9 4 
5 3 0 33 40 9 6 2 
4 4 41 80 23 2 7 0 
5 4 30 50 44 6 5 7 
8 5 37 56 48 7 9 4 
5 9 46 30 35 8 2 8 
3 6 26 75 2 6 1 0 
5 2 48 50 33 5 2 4 
0 6 22 50 60 3 8 3 
9 4 23 39 27 3 3 8 
4 6 33 49 55 8 0 0 
1 2 51 58 40 4 2 4 
5 8 3 47 48 2 1 6 
8 7 35 70 45 3 1 8 
8 1 14 87 96 6 1 8 
8 8 47 69 0 8 6 8 
5 8 31 21 45 9 3 2 
8 0 0 44 84 1 0 7 
4 3 22 54 7 8 6 1 
4 0 55 51 45 4 0 0 
5 9 2 36 11 4 6 8 
6 6 18 47 38 3 6 4 
0 8 17 48 44 9 7 9 
1 0 62 38 84 9 1 4 
2 8 51 50 20 2 7 4 
9 6 24 28 53 7 1 2 
2 3 23 56 59 9 3 8 
1 4 28 45 82 4 2 6 
6 0 48 67 89 5 7 1 
1 8 0 43 25 6 7 5 
7 3 32 59 19 6 5 2 
2 7 69 63 83 6 8 7 
5 5 53 43 67 6 1 7 
8 7 9 45 32 3 3 7 
9 9 31 32 66 1 9 5 
6 1 0 67 58 3 0 6 
7 6 46 27 62 3 2 1 
7 4 59 40 58 6 5 2 
4 5 52 43 37 6 9 0 
2 6 24 25 38 8 1 0 
6 5 21 106 51 5 5 9 
1 0 6 55 51 6 6 6 
4 7 39 50 34 9 4 6 
3 9 17 55 42 9 8 9 
4 2 41 52 67 6 7 3 
0 3 12 14 23 2 7 4 
5 8 22 72 33 8 7 1 
4 0 31 53 35 6 7 5 
2 6 29 97 55 4 6 4 
2 0 18 39 71 6 1 5 
2 7 33 40 65 5 7 3 
2 0 41 76 12 0 0 2 
8 7 66 62 56 0 3 4 
2 6 37 73 28 8 5 4 
8 3 2 28 34 1 3 9 
0 5 1 46 54 0 1 6 
6 4 27 24 46 6 7 3 
8 7 54 19 56 8 1 9 
6 7 19 56 83 3 9 1 
8 4 69 47 37 6 4 5 
3 0 23 54 71 5 0 7 
1 2 48 40 44 2 0 5 
4 5 10 40 73 0 8 5 
7 7 73 70 62 7 6 5 
7 1 48 55 50 9 5 1 
5 1 16 49 60 9 5 6 
3 3 46 35 31 6 6 5 
7 2 20 34 66 1 7 3 
7 2 53 34 51 3 5 6 
5 3 2 56 69 4 0 5 
0 6 18 59 12 9 2 8 
4 4 7 36 30 6 3 4 
7 4 21 31 50 2 2 7 
4 0 31 61 29 5 8 8 
7 9 7 72 20 0 8 8 
4 7 27 49 34 7 4 2 
8 6 27 85 31 8 4 4 
9 6 0 88 31 8 0 0 
8 8 18 33 55 7 0 8 
6 4 17 40 23 9 4 9 
1 2 47 17 56 1 7 3 
6 4 0 55 24 1 0 5 
2 2 14 64 45 4 9 4 
6 2 27 52 45 7 5 4 
5 6 20 60 41 4 9 6 
1 9 37 53 65 1 6 0 
5 1 0 67 49 2 4 9 
5 6 19 54 36 6 3 4 
0 4 42 39 91 1 9 0 
8 0 21 72 75 2 0 8 
1 4 22 73 87 8 8 7 
3 0 36 36 44 2 5 2 
2 7 38 38 2 8 7 9 
5 3 4 42 51 0 0 6 
8 2 11 44 54 0 9 4 
0 4 47 26 52 7 6 1 
1 3 55 43 36 9 0 2 
0 8 36 68 46 4 7 7 
7 3 44 54 7 9 7 2 
1 3 55 76 8 4 3 0 
7 1 20 27 34 0 6 3 
9 8 40 31 54 6 6 2 
4 8 44 63 41 2 2 4 
2 2 26 18 60 7 6 5 
2 0 54 61 63 2 4 9 
7 2 45 20 36 9 6 2 
4 3 0 55 45 4 8 2 
3 4 5 28 54 2 8 5 
2 1 25 31 32 8 1 3 
6 6 15 49 83 9 3 4 
8 4 49 59 48 1 9 5 
4 6 54 38 78 7 6 2 
6 7 30 68 64 7 9 9 
0 4 33 71 88 1 3 2 
4 8 0 97 13 3 3 5 
3 0 33 53 24 8 7 5 
1 3 43 46 68 7 4 5 
3 1 34 26 17 0 1 6 
7 4 33 43 48 2 5 8 
4 2 76 30 49 2 5 4 
8 3 38 35 12 6 7 4 
2 6 14 44 32 2 1 4 
5 9 21 54 44 8 7 5 
4 8 34 55 47 8 5 4 
9 9 26 21 63 2 6 6 
5 0 60 73 58 3 9 8 
5 4 1 30 47 4 3 7 
2 3 42 50 85 1 2 4 
4 9 14 31 58 6 8 3 
5 3 13 41 50 4 9 3 
4 9 42 56 51 0 4 2 
4 9 14 79 36 2 9 9 
4 3 40 34 50 6 2 2 
9 2 33 34 21 3 4 4 
7 8 14 27 38 3 9 7 
4 9 22 35 68 7 7 6 
4 4 43 62 57 7 8 5 
8 4 18 22 76 1 1 1 
6 7 40 78 83 7 5 4 
4 8 34 65 36 9 3 9 
8 2 4 20 49 0 6 1 
4 5 57 57 76 9 3 1 
9 7 22 90 57 6 0 9 
0 9 49 46 39 9 2 7 
3 5 24 53 54 7 7 6 
2 1 33 24 86 8 2 5 
8 4 27 32 29 4 3 3 
2 1 37 68 53 3 9 1 
2 7 35 58 59 4 4 5 
9 9 31 43 48 8 4 9 
0 8 88 75 30 3 3 9 
3 6 6 24 59 3 9 4 
0 0 0 88 60 2 8 4 
6 7 17 50 49 3 6 8 
8 3 30 43 59 1 7 9 
4 9 54 21 38 3 4 0 
4 0 11 33 66 8 7 9 
0 7 39 66 39 7 8 2 
3 9 38 19 46 3 6 3 
0 5 26 54 2 3 6 1 
4 6 29 74 72 3 0 1 
7 5 55 36 24 4 4 0 
8 0 0 35 70 8 1 9 
9 0 5 25 53 4 8 0 
4 4 30 94 38 1 6 7 
3 2 25 57 70 2 7 7 
0 1 28 36 28 4 6 6 
4 2 39 47 44 2 8 6 
4 3 16 57 20 6 7 8 
6 7 43 55 100 8 1 9 
1 5 39 29 60 4 0 5 
5 7 28 34 70 6 0 2 
0 3 0 25 46 0 6 2 
7 4 45 66 51 9 1 9 
7 9 38 49 7 4 7 2 
5 8 11 50 17 6 8 3 
4 6 25 86 43 1 1 2 
9 2 39 60 52 8 0 4 
6 2 38 4 63 9 0 0 
2 0 11 50 64 9 5 2 
0 7 6 68 42 8 5 2 
5 4 26 46 50 4 9 5 
3 2 30 18 50 7 3 0 
6 1 46 67 18 9 2 5 
1 9 46 47 71 9 8 0 
9 5 27 31 24 7 6 4 
0 2 26 46 48 6 1 0 
6 3 22 55 51 7 7 0 
1 8 47 14 6 8 2 9 
6 2 4 82 57 8 2 4 
6 4 4 76 20 5 1 7 
8 0 26 72 30 0 5 8 
3 9 45 80 29 1 6 1 
5 4 25 59 47 9 4 0 
3 0 27 57 55 6 1 8 
7 9 53 70 28 4 2 1 
7 5 38 54 30 9 1 9 
8 4 26 57 7 7 7 5 
0 9 66 64 59 2 3 8 
8 8 0 18 51 7 6 4 
5 6 32 72 62 1 9 6 
7 4 9 45 48 3 4 6 
8 3 41 116 20 3 9 6 
4 6 15 84 55 7 1 3 
4 9 15 43 60 3 8 2 
7 2 29 47 36 6 5 6 
6 3 0 87 55 5 2 3 
9 9 25 2 66 8 8 4 
0 1 0 38 43 7 0 3 
4 1 47 2 61 7 8 6 
3 7 0 90 69 4 9 9 
8 2 58 71 91 2 4 4 
5 4 38 58 2 5 5 5 
5 0 49 79 57 6 1 7 
8 4 28 30 66 9 3 9 
4 4 24 76 18 4 5 8 
3 5 31 0 33 5 1 2 
6 5 44 32 20 1 4 7 
2 8 45 52 67 8 6 5 
2 4 9 41 46 5 9 4 
8 3 29 71 68 6 5 6 
1 0 48 49 42 8 2 5 
7 3 23 71 80 0 0 9 
4 2 6 76 31 6 7 7 
9 3 40 68 66 3 7 8 
5 5 0 23 44 2 4 3 
1 1 58 57 49 1 4 6 
1 3 38 70 51 5 3 4 
7 3 0 50 70 2 0 2 
8 6 46 30 16 9 3 7 
7 2 47 28 51 8 6 8 
8 0 0 57 49 8 8 8 
7 8 53 63 10 6 2 3 
0 9 23 29 48 8 9 6 
7 9 29 77 60 2 6 9 
7 4 43 71 39 9 1 7 
7 6 39 46 70 5 9 0 
2 6 0 42 60 1 9 3 
7 4 27 95 49 2 1 8 
9 5 13 42 42 5 0 9 
6 7 32 30 81 3 4 3 
5 8 0 74 65 3 2 2 
0 6 21 59 34 1 7 0 
3 3 21 38 49 4 9 1 
1 8 17 66 66 3 6 3 
6 2 34 80 47 0 4 5 
7 0 54 51 40 4 4 9 
4 5 0 57 27 2 7 3 
7 5 0 53 30 0 5 7 
3 7 34 76 67 2 4 0 
9 9 26 66 11 6 9 0 
6 0 54 105 46 4 5 5 
7 4 17 37 17 1 6 2 
0 1 49 54 23 8 2 7 
7 4 37 47 37 4 5 4 
5 2 27 44 68 1 4 1 
7 3 40 73 80 1 1 3 
2 6 30 73 58 9 0 9 
2 4 6 18 54 6 1 8 
9 4 28 75 64 4 4 4 
2 1 46 41 58 8 8 8 
6 4 48 9 62 6 5 3 
4 4 16 74 29 8 9 5 
8 3 44 51 49 7 7 1 
2 3 0 47 48 7 1 9 
6 5 33 46 80 0 3 4 
6 6 49 59 31 2 2 1 
0 6 33 58 95 0 7 3 
9 8 36 30 72 0 4 0 
2 3 39 59 58 7 2 4 
0 7 32 72 39 9 9 2 
1 4 7 48 62 5 8 6 
6 2 51 65 85 3 7 5 
4 3 35 48 83 8 4 7 
3 9 31 63 84 5 5 0 
9 4 34 43 50 5 2 7 
6 0 19 68 63 6 8 8 
8 9 49 64 85 6 8 2 
1 1 8 54 72 1 4 3 
1 3 37 74 47 6 6 4 
2 2 26 35 31 4 1 2 
8 3 11 89 64 4 0 7 
1 6 15 43 29 0 0 0 
1 8 68 52 75 6 5 4 
1 0 15 86 45 2 9 8 
2 4 7 15 16 5 4 5 
1 4 17 79 69 0 2 9 
2 4 31 38 85 3 9 8 
2 7 32 65 39 8 8 2 
4 1 16 37 69 7 1 8 
0 7 8 80 28 9 1 4 
6 6 0 60 71 0 6 3 
6 0 35 30 17 2 6 8 
0 4 18 31 36 7 5 9 
6 5 0 38 73 9 8 2 
5 6 38 55 67 8 4 8 
6 9 45 23 54 4 1 0 
4 3 17 63 55 3 9 1 
4 8 34 43 69 8 9 3 
3 1 68 78 41 5 4 7 
8 5 18 59 69 8 2 5 
0 8 57 71 40 2 1 8 
6 9 3 40 69 8 2 3 
6 3 8 33 67 4 1 7 
3 6 10 65 47 3 6 8 
6 4 0 14 53 9 4 5 
7 1 52 92 51 3 5 5 
2 3 36 27 60 2 5 0 
6 6 47 38 73 2 8 8 
9 7 10 58 66 9 1 8 
0 9 0 44 23 6 0 0 
9 8 33 62 67 9 2 8 
9 9 28 52 41 0 7 6 
2 2 61 54 51 8 8 6 
1 4 0 54 55 3 4 5 
6 4 20 29 38 6 1 8 
4 9 37 36 77 8 2 0 
2 9 26 61 55 2 1 7 
4 9 30 36 74 0 0 9 
6 0 0 74 42 7 7 6 
8 4 10 41 46 6 2 1 
2 3 56 58 64 8 0 3 
4 2 22 78 22 2 0 1 
6 5 24 29 70 7 8 3 
7 4 14 62 60 0 1 0 
0 3 48 50 44 8 8 2 
2 4 0 29 45 2 0 7 
6 9 33 79 35 7 1 8 
3 6 9 52 38 3 8 7 
4 5 26 14 48 0 6 2 
4 5 32 25 21 5 0 6 
8 9 31 95 70 6 2 1 
6 0 26 23 55 2 7 9 
3 7 2 45 57 9 2 5 
5 4 31 62 44 5 9 7 
6 4 49 14 51 3 8 9 
0 9 0 37 47 0 0 3 
0 4 31 32 28 6 4 4 
3 0 53 44 39 6 1 0 
2 2 42 37 22 0 7 2 
8 6 15 40 53 4 8 7 
8 5 56 17 82 8 8 6 
5 4 45 66 43 9 2 2 
0 8 16 47 88 2 4 1 
6 9 30 29 28 2 8 2 
9 7 45 58 33 6 3 4 
6 6 56 53 102 6 7 2 
6 3 0 35 68 0 5 7 
3 3 37 52 67 1 3 4 
5 9 33 61 53 1 6 1 
5 6 41 58 81 2 6 1 
5 5 12 42 52 4 6 6 
4 7 0 47 35 8 4 8 
7 6 6 61 39 5 1 3 
1 1 4 54 19 2 9 1 
7 8 40 56 31 9 1 2 
2 5 44 45 66 8 3 5 
0 7 23 56 43 3 8 7 
6 9 75 46 40 7 1 1 
3 5 1 74 37 5 1 5 
1 0 39 71 29 3 5 9 
5 6 48 64 72 3 7 8 
4 6 25 52 16 3 5 5 
0 5 4 55 80 9 0 9 
3 3 24 74 79 2 2 9 
8 8 18 17 68 3 4 6 
7 2 46 26 1 0 0 9 
3 4 26 48 81 9 5 4 
2 6 56 27 64 6 4 2 
9 1 76 86 63 3 7 0 
6 9 13 43 17 7 1 6 
4 4 28 49 54 6 9 7 
8 9 5 67 16 6 1 0 
8 1 12 51 69 4 1 7 
9 5 21 107 34 6 7 8 
5 8 6 62 58 8 2 4 
5 6 26 37 55 4 8 9 
3 3 39 34 38 9 5 6 
4 7 43 46 42 7 7 6 
6 3 6 73 48 4 9 9 
0 9 36 3 86 4 6 2 
4 1 52 49 61 0 3 2 
2 1 53 38 51 2 2 8 
5 3 53 32 25 5 5 0 
9 9 30 31 19 9 9 0 
9 7 54 62 31 9 7 7 
0 4 17 19 56 5 8 7 
4 0 3 48 18 4 8 9 
2 9 16 46 56 5 3 2 
5 7 27 49 23 5 8 8 
6 6 11 73 52 9 9 3 
8 1 0 69 54 2 2 7 
0 4 71 28 24 4 4 9 
5 3 0 40 47 2 1 8 
7 5 37 39 29 5 5 2 
7 3 40 59 79 6 1 6 
6 7 17 63 55 2 0 2 
9 6 32 93 82 4 8 3 
4 0 18 54 52 9 0 8 
3 1 13 62 54 1 0 3 
6 4 18 56 34 1 7 8 
9 8 49 38 37 6 9 4 
6 0 52 56 66 2 4 5 
8 5 6 17 47 5 0 2 
4 4 33 61 58 3 5 6 
9 2 13 40 29 3 8 0 
3 7 18 41 50 6 8 6 
7 8 10 53 38 5 7 2 
2 2 37 51 47 1 0 5 
3 5 47 66 46 9 7 6 
2 2 24 27 58 1 3 6 
1 2 23 28 53 6 0 3 
3 7 56 72 62 7 9 2 
1 8 41 47 100 0 7 0 
5 2 29 32 34 5 9 9 
6 9 15 26 52 1 4 9 
8 7 29 36 29 3 0 8 
6 2 45 86 62 3 5 7 
9 5 36 33 50 2 6 6 
2 7 56 42 74 4 9 0 
1 2 35 47 51 3 1 0 
8 4 20 98 70 0 4 5 
7 3 23 73 91 2 7 4 
5 3 61 43 47 0 4 1 
2 1 66 66 37 4 0 3 
4 9 12 64 33 0 0 0 
6 0 30 36 35 4 6 0 
4 5 4 89 61 7 2 2 
6 0 0 0 55 6 5 5 
5 8 44 45 39 2 6 1 
3 9 42 36 78 0 6 3 
5 4 77 51 22 2 1 9 
1 1 28 75 65 3 7 3 
0 0 10 71 41 6 8 3 
2 6 28 74 45 6 2 8 
6 3 27 50 9 2 4 1 
0 2 16 19 60 5 1 3 
9 3 27 76 67 0 5 0 
1 7 70 26 53 0 6 5 
7 1 35 61 38 8 0 8 
8 4 6 68 80 5 4 0 
8 3 40 44 0 4 6 8 
7 6 35 28 43 9 8 0 
5 1 16 60 50 8 4 2 
1 3 40 46 7 8 2 9 
2 6 28 90 68 4 6 6 
4 8 7 18 54 8 5 3 
7 5 14 33 19 8 2 4 
1 4 0 57 80 2 8 4 
9 1 47 60 29 6 8 9 
8 1 30 54 89 4 1 8 
9 8 59 31 35 1 6 6 
1 6 60 65 10 5 6 0 
5 2 22 29 63 4 9 5 
0 0 26 41 64 9 4 5 
1 5 16 34 29 7 0 2 
0 2 14 5 47 4 4 6 
6 7 8 80 69 3 2 6 
5 0 57 27 76 8 2 7 
5 9 47 18 49 4 9 5 
8 3 0 46 23 9 2 5 
1 5 28 30 54 6 5 1 
7 4 22 26 17 3 3 6 
6 2 24 31 7 5 4 2 
5 9 36 42 63 4 9 3 
9 6 0 30 57 0 6 4 
9 8 17 72 47 7 6 7 
1 8 45 35 23 8 1 5 
3 6 42 12 54 5 3 1 
8 0 20 56 67 9 0 7 
8 9 0 34 55 4 8 5 
0 2 55 32 70 5 3 2 
0 1 46 45 39 3 1 6 
3 2 20 30 47 3 2 2 
4 5 51 23 58 8 9 5 
1 6 49 11 42 8 1 7 
7 2 41 29 48 7 7 2 
8 2 5 53 27 6 6 1 
7 4 41 87 43 8 7 5 
3 5 9 55 59 8 1 0 
4 3 31 38 8 6 7 7 
8 8 41 35 52 1 6 9 
3 0 58 66 79 7 8 8 
0 5 20 47 89 4 8 5 
3 3 55 17 24 1 1 2 
2 5 58 81 47 5 1 0 
1 9 62 59 82 9 3 2 
2 1 25 10 48 8 1 8 
6 1 37 32 46 0 6 6 
1 4 52 66 57 5 8 5 
1 5 33 43 51 4 2 5 
0 7 50 50 7 9 1 7 
6 7 41 21 46 9 6 6 
3 9 25 35 62 5 1 7 
8 5 14 43 57 2 8 1 
6 8 8 54 83 6 5 5 
1 9 19 40 41 6 9 0 
7 8 28 56 29 9 2 7 
4 5 26 62 35 7 6 7 
6 5 0 59 39 9 5 5 
5 3 36 48 61 3 6 5 
5 7 0 42 85 2 5 9 
9 5 0 32 55 2 5 2 
0 5 36 54 68 2 0 8 
1 3 32 39 67 4 4 1 
4 2 15 25 14 2 5 1 
8 0 57 43 53 2 8 7 
7 7 20 25 74 0 4 1 
6 4 53 70 73 3 8 6 
4 2 20 52 49 0 8 3 
8 2 18 67 37 4 9 7 
2 2 32 53 21 8 9 8 
6 0 49 67 65 5 4 8 
3 4 77 52 41 1 6 0 
8 0 56 30 0 9 0 2 
0 1 30 26 37 6 3 9 
2 4 53 54 27 9 3 2 
1 8 56 53 33 6 2 6 
1 2 34 48 31 9 6 1 
2 7 25 42 22 4 5 0 
5 5 42 46 81 2 6 3 
5 5 11 60 72 2 2 7 
5 7 14 34 83 0 9 4 
5 6 0 45 33 2 7 1 
0 5 25 46 41 7 8 7 
4 9 37 45 39 4 2 8 
2 1 25 37 44 7 7 2 
3 5 0 41 47 3 4 3 
4 2 33 47 80 5 8 1 
8 5 58 91 63 5 1 6 
8 9 5 44 24 8 9 4 
0 7 16 11 57 7 4 2 
0 6 33 60 13 5 1 7 
5 7 23 28 26 6 4 4 
1 9 50 83 18 0 3 7 
2 8 41 25 49 9 6 9 
0 5 0 28 71 6 0 0 
9 4 10 21 41 1 5 8 
4 0 6 0 2 4 2 0 
7 8 45 23 27 3 8 5 
1 1 50 73 27 5 5 0 
5 9 20 35 78 0 2 3 
5 3 46 61 83 9 5 7 
2 4 38 28 47 9 2 9 
6 8 44 21 59 9 0 9 
8 9 27 47 66 8 2 8 
9 7 27 50 68 8 8 2 
1 8 78 75 50 9 8 7 
2 1 6 0 55 9 7 5 
7 8 20 16 56 3 3 0 
5 6 5 34 57 0 3 5 
7 8 16 39 41 3 7 7 
4 2 57 56 8 1 8 0 
8 2 57 30 63 0 3 0 
0 4 52 38 21 8 2 7 
9 9 42 77 55 2 5 6 
1 0 40 27 65 3 5 7 
8 8 19 75 14 5 1 7 
6 9 79 34 0 8 6 3 
5 0 64 64 81 2 0 3 
8 6 4 20 28 7 5 3 
1 9 33 38 8 7 4 0 
1 4 3 39 45 9 5 3 
3 9 9 51 34 4 9 4 
5 3 48 66 32 7 4 0 
7 1 72 45 47 1 8 3 
0 3 4 89 45 3 2 2 
8 8 61 43 67 1 1 6 
8 5 38 46 61 8 3 1 
3 1 35 52 80 7 7 7 
2 5 40 31 38 3 3 8 
0 5 51 63 79 6 8 8 
0 1 37 67 60 3 1 9 
9 3 49 59 63 3 9 7 
2 2 13 26 81 3 3 4 
5 4 46 53 75 0 6 7 
7 9 21 56 27 7 2 0 
9 5 7 49 42 3 4 9 
2 6 31 66 17 1 0 1 
9 0 53 23 54 5 8 8 
2 5 23 37 73 6 2 3 
7 6 9 52 55 4 5 5 
4 2 11 32 28 7 2 3 
2 4 64 58 37 1 9 8 
8 5 28 48 63 8 8 6 
8 3 56 25 18 6 1 1 
8 6 66 24 45 1 0 2 
3 8 31 59 25 8 4 7 
8 1 38 40 67 7 7 3 
5 0 45 29 37 7 1 2 
3 6 54 60 53 3 3 5 
1 2 11 30 95 9 5 5 
7 8 12 44 37 7 3 3 
3 7 54 55 28 8 6 6 
1 0 36 36 33 4 4 5 
8 4 41 56 44 6 6 0 
0 5 23 36 23 9 0 9 
3 5 34 35 28 6 1 6 
2 6 32 45 46 4 6 9 
8 4 19 41 60 8 5 7 
8 0 1 42 69 5 0 8 
2 6 43 71 42 5 6 2 
5 6 16 25 45 8 8 4 
7 7 18 42 95 0 7 4 
7 0 24 51 44 4 3 1 
3 9 31 60 32 6 4 1 
7 7 21 35 51 4 5 0 
1 2 4 48 60 1 0 4 
2 0 27 81 43 1 3 4 
7 2 34 72 45 1 1 3 
5 1 53 56 73 0 5 2 
6 6 25 54 53 4 1 2 
5 6 58 53 87 0 9 4 
2 9 35 32 74 2 4 0 
0 3 9 51 27 1 1 6 
0 7 21 33 66 9 8 7 
5 9 16 80 0 3 3 3 
7 7 9 51 24 1 9 9 
5 4 48 50 71 7 4 0 
5 2 32 75 0 8 4 9 
1 9 5 79 36 7 5 0 
7 3 46 30 48 7 7 1 
6 2 37 41 5 3 7 2 
0 3 0 44 20 6 8 1 
5 8 13 38 16 5 1 1 
4 0 26 35 63 2 5 4 
6 6 73 72 5 8 2 2 
6 6 12 103 36 8 6 7 
0 5 53 67 44 5 2 2 
6 0 33 58 35 2 6 5 
7 3 34 61 26 3 0 1 
7 9 24 23 53 7 3 4 
7 0 14 48 24 1 1 7 
3 8 14 21 76 9 4 4 
5 4 42 33 35 7 0 9 
5 6 25 66 57 5 0 1 
1 5 32 35 37 8 7 0 
4 8 10 0 41 7 5 3 
5 1 52 48 64 4 0 5 
2 4 55 78 28 7 7 4 
5 1 4 50 94 7 1 2 
4 7 34 50 50 6 4 3 
4 5 58 45 54 7 9 1 
3 7 36 27 38 9 6 9 
8 2 56 60 38 7 6 7 
4 4 35 70 85 3 5 8 
0 6 29 51 31 7 6 0 
6 8 41 60 42 7 7 1 
7 4 37 55 33 5 7 2 
9 4 0 48 70 1 2 2 
4 8 17 0 47 8 2 3 
3 8 50 59 37 4 7 9 
3 7 48 44 83 1 0 8 
8 1 20 49 41 3 6 7 
5 5 2 88 55 3 7 4 
1 4 56 39 45 0 3 2 
1 8 28 48 63 0 5 1 
6 0 10 37 81 8 1 7 
7 0 32 47 40 3 1 3 
3 4 38 21 47 5 0 4 
2 9 33 58 55 6 7 0 
4 0 44 52 71 0 3 2 
6 1 45 68 76 5 1 8 
1 1 61 66 32 0 8 5 
1 7 22 58 70 9 7 4 
6 1 13 59 43 2 4 2 
1 6 17 18 44 2 6 7 
4 9 50 23 60 4 4 1 
3 5 1 52 38 2 2 0 
4 1 45 53 40 8 4 1 
2 9 30 48 33 3 3 9 
7 2 50 63 64 1 8 9 
1 8 27 11 101 2 7 1 
9 7 2 66 52 7 5 6 
3 5 42 84 64 7 7 1 
6 5 32 24 82 9 9 0 
7 2 54 57 17 2 9 7 
9 5 0 86 63 8 2 8 
3 6 43 15 53 8 3 6 
7 2 46 68 66 5 2 3 
3 7 18 34 20 8 1 6 
9 0 19 47 83 0 0 1 
6 7 5 60 75 8 6 2 
1 4 16 74 37 2 0 6 
4 1 0 49 66 6 7 4 
2 6 18 19 32 8 2 4 
2 6 11 76 13 7 4 5 
4 3 14 36 59 4 6 4 
8 3 53 67 44 0 2 1 
0 8 46 62 75 3 0 5 
9 8 22 70 58 3 6 7 
1 3 23 55 75 6 1 5 
2 1 13 48 54 7 8 0 
7 3 57 12 37 2 3 0 
7 8 54 61 73 3 2 2 
7 2 82 30 60 8 6 0 
7 8 41 4 88 1 1 4 
2 3 42 28 50 7 7 4 
2 1 20 42 54 4 8 5 
0 0 62 74 30 2 0 0 
7 3 42 104 39 8 8 3 
8 6 33 29 59 4 7 0 
9 2 10 85 61 9 4 2 
5 9 47 76 59 2 3 5 
6 4 2 41 27 4 6 7 
3 4 24 46 63 9 7 9 
4 1 28 55 23 5 9 3 
5 2 83 33 48 0 1 3 
5 0 58 70 62 7 0 3 
1 9 39 56 40 9 0 5 
8 5 74 44 64 5 7 4 
6 3 2 34 81 8 2 7 
1 4 13 56 29 8 6 0 
3 1 46 43 43 3 6 4 
4 3 22 58 1 9 8 3 
6 9 64 23 50 7 6 4 
6 7 27 40 36 3 7 4 
4 8 21 39 31 6 9 8 
5 0 6 56 46 3 1 6 
7 1 13 35 18 3 2 4 
7 2 21 95 56 2 1 1 
3 5 9 61 25 1 9 8 
5 0 13 79 32 0 2 2 
2 6 14 54 49 0 0 1 
1 8 54 50 35 4 1 2 
2 7 27 16 72 4 6 3 
7 6 47 72 46 5 6 8 
9 3 34 31 43 3 2 1 
9 0 37 81 25 3 9 1 
7 9 53 65 65 7 5 8 
2 6 21 43 36 1 9 4 
5 3 11 60 35 8 8 9 
4 4 0 47 71 7 0 0 
3 5 16 61 67 4 8 5 
5 0 24 67 24 6 7 3 
1 1 11 73 33 0 0 9 
4 6 68 27 24 2 2 8 
3 5 27 42 50 3 2 9 
3 4 16 49 69 4 5 9 
4 7 54 26 57 1 0 7 
4 1 68 49 59 3 1 3 
6 4 20 55 34 7 7 4 
1 4 7 39 75 4 9 3 
2 7 0 10 78 2 1 8 
6 2 22 17 61 2 6 5 
9 6 3 44 65 0 5 8 
5 0 56 53 58 8 7 8 
9 5 24 59 26 5 8 5 
9 3 28 30 44 7 1 1 
2 7 33 72 65 7 0 6 
0 4 0 49 70 7 0 9 
0 6 31 34 53 4 9 3 
4 0 53 63 56 7 8 8 
4 3 35 63 42 2 2 5 
6 8 31 35 53 5 9 2 
0 5 44 50 31 1 4 3 
1 4 35 56 34 7 9 4 
3 5 47 58 40 0 1 6 
0 4 10 30 31 3 5 3 
4 0 54 34 76 4 8 8 
3 8 12 18 23 7 4 0 
4 7 9 40 55 9 7 6 
4 6 32 53 87 4 4 1 
6 2 40 32 50 9 7 7 
4 3 15 55 45 9 4 8 
2 2 20 47 33 1 8 8 
8 2 49 59 29 6 3 3 
0 7 16 86 35 9 9 6 
1 1 35 82 73 6 2 1 
7 4 44 44 37 7 1 4 
1 5 50 47 41 1 6 5 
0 4 40 23 38 5 4 9 
4 3 26 48 45 3 6 1 
0 9 24 36 11 1 4 7 
3 3 18 28 34 8 1 9 
3 8 49 72 40 9 9 9 
5 5 34 29 81 5 7 5 
2 5 12 29 55 8 6 0 
6 1 26 47 67 7 4 1 
2 9 30 83 83 8 3 1 
5 6 33 66 63 8 3 6 
3 0 52 50 4 9 3 0 
4 2 71 41 69 2 5 9 
4 7 30 59 67 1 2 2 
8 3 34 25 52 1 8 4 
0 7 51 100 54 4 9 9 
5 7 33 30 60 3 7 6 
7 0 53 41 80 6 8 2 
0 5 49 59 55 0 5 2 
4 4 0 57 43 9 6 3 
4 4 33 44 30 5 5 6 
6 0 54 53 54 1 6 0 
4 3 30 56 71 4 2 1 
1 3 42 40 46 1 4 0 
8 2 20 38 56 0 9 3 
3 8 62 28 32 2 1 7 
0 5 21 73 37 3 8 5 
6 0 26 36 46 4 5 6 
7 7 3 55 39 1 0 5 
4 2 24 52 51 9 3 4 
0 0 4 63 6 4 3 1 
1 2 32 24 57 3 5 2 
2 0 37 51 22 5 1 1 
3 9 78 61 34 9 5 9 
7 0 25 38 59 0 9 6 
2 3 0 59 48 6 1 1 
2 2 0 47 37 3 1 2 
6 9 40 32 66 5 4 9 
6 6 16 31 56 9 5 4 
5 5 29 38 59 6 0 1 
1 7 10 42 69 6 6 9 
9 1 40 20 13 2 7 0 
5 9 54 70 47 5 3 2 
5 4 16 44 54 5 7 9 
1 0 0 89 52 2 4 1 
8 5 13 42 53 6 9 3 
4 8 25 55 23 6 1 4 
3 1 26 44 49 8 9 2 
0 2 37 26 47 1 7 3 
5 8 25 33 61 8 4 8 
1 7 28 31 22 1 6 7 
6 1 43 50 56 3 5 0 
7 3 43 117 83 5 5 1 
4 5 23 32 39 7 6 7 
2 4 64 58 38 7 5 1 
6 8 31 32 38 7 2 6 
1 9 50 75 16 6 2 0 
6 7 22 35 53 3 6 8 
0 9 33 59 25 1 5 7 
5 2 34 72 51 8 0 2 
1 5 62 59 55 6 0 1 
6 2 9 92 43 8 5 3 
4 2 0 27 48 0 3 9 
4 1 24 81 24 9 5 6 
6 2 28 48 42 8 2 3 
4 2 40 30 0 3 3 5 
3 4 17 55 59 2 7 3 
6 3 32 14 8 2 7 2 
4 3 51 71 52 1 3 3 
6 3 59 53 15 8 1 9 
3 7 0 67 63 8 4 2 
2 0 64 44 37 6 7 5 
4 6 32 42 37 1 8 5 
3 5 21 13 46 8 7 9 
5 3 30 14 50 0 9 0 
2 9 63 94 66 6 8 5 
3 5 14 68 62 0 1 6 
7 3 6 26 67 1 1 9 
8 0 13 20 105 5 7 7 
2 3 34 45 45 5 6 4 
3 3 0 43 20 2 3 0 
6 1 41 74 41 8 0 3 
1 4 37 66 76 6 1 0 
0 7 33 28 79 4 9 1 
8 3 0 24 70 3 3 5 
8 5 0 65 49 2 0 1 
8 4 50 64 35 6 4 2 
9 3 18 47 27 4 9 6 
8 1 41 54 50 4 4 2 
6 4 10 51 46 1 8 9 
8 4 29 32 26 0 6 8 
0 3 30 54 40 7 5 5 
8 8 12 41 56 5 3 3 
9 7 11 37 61 8 5 4 
4 4 41 58 60 7 2 0 
7 0 41 45 64 9 8 6 
1 2 35 63 35 4 2 1 
9 7 10 13 35 3 3 1 
5 6 0 84 12 4 4 1 
9 5 15 58 45 2 1 9 
2 5 20 38 45 9 8 9 
2 0 75 0 64 7 2 3 
1 9 50 67 67 0 8 8 
2 4 28 31 49 0 2 4 
4 8 67 69 58 9 2 4 
6 8 33 50 66 1 3 9 
9 0 35 69 52 6 1 5 
4 2 24 32 23 1 8 6 
6 7 15 62 87 5 9 2 
6 9 31 23 46 4 3 5 
3 0 38 60 33 2 6 8 
3 6 75 50 38 2 3 1 
2 6 46 61 38 6 1 7 
9 1 30 54 54 2 1 7 
9 7 55 71 58 5 4 3 
0 1 24 63 45 5 4 3 
0 4 0 58 78 8 0 3 
8 4 31 11 58 4 1 2 
6 2 48 90 26 7 0 7 
8 0 48 12 50 3 9 9 
4 0 50 45 56 4 2 0 
9 8 0 31 82 8 3 0 
0 1 0 66 61 4 3 7 
9 5 9 33 64 4 4 6 
0 0 37 35 71 7 4 1 
3 6 55 93 18 7 3 2 
6 3 59 58 64 9 7 6 
0 1 73 59 67 4 5 3 
4 7 2 48 28 8 2 2 
8 0 37 41 57 2 6 6 
1 2 28 40 77 3 0 5 
7 9 0 44 61 5 8 9 
3 4 0 49 30 3 2 5 
0 8 68 71 34 3 4 3 
1 3 33 58 71 7 1 7 
8 2 22 89 69 7 5 5 
1 3 24 47 20 2 2 7 
8 0 33 55 34 3 5 1 
2 5 45 75 55 3 6 4 
7 0 13 52 66 5 1 0 
4 8 47 62 53 3 8 9 
0 6 32 46 38 7 9 2 
2 8 0 63 90 5 5 3 
6 7 27 55 70 4 2 8 
2 6 51 62 27 1 2 1 
0 6 12 42 50 9 7 9 
1 7 0 77 57 5 2 0 
4 1 0 22 59 9 1 0 
4 7 28 80 57 8 5 2 
8 2 19 46 31 3 9 2 
6 0 15 84 10 8 0 2 
3 3 0 35 22 2 6 9 
9 4 26 24 47 9 7 2 
8 2 37 38 49 0 9 6 
6 5 29 23 37 3 9 8 
2 8 52 45 28 1 3 4 
5 8 14 40 64 2 2 9 
5 0 28 96 58 2 3 5 
5 8 0 41 38 5 6 7 
0 0 53 39 45 8 9 1 
7 2 26 11 40 5 8 7 
1 5 34 2 53 5 4 6 
1 9 63 43 78 7 7 8 
4 1 22 48 22 0 8 9 
3 0 0 54 37 4 8 1 
5 0 22 58 53 8 1 1 
1 5 31 40 24 5 0 0 
6 0 0 66 85 9 2 2 
6 0 24 29 54 4 2 2 
5 8 44 72 37 0 0 9 
9 8 13 73 73 4 9 8 
2 2 45 34 56 6 0 6 
4 3 48 38 20 5 9 1 
0 1 48 39 60 3 6 5 
0 2 54 62 53 4 3 5 
1 4 51 36 29 2 7 8 
0 0 36 1 39 8 3 5 
3 7 12 75 62 3 8 9 
5 4 15 18 45 4 3 5 
8 2 54 52 50 8 2 5 
4 3 50 66 35 0 6 8 
9 5 0 14 45 5 2 9 
4 6 26 35 20 9 6 0 
4 5 33 65 55 6 0 6 
0 9 14 59 21 6 6 6 
9 8 0 63 9 1 5 3 
1 5 3 57 46 4 6 0 
6 6 16 62 41 2 1 2 
3 4 25 70 25 3 5 9 
1 8 0 52 80 6 0 4 
4 2 26 71 55 2 9 4 
5 1 30 33 31 2 3 7 
0 3 43 6 40 0 0 6 
3 9 9 25 38 3 6 0 
3 3 0 75 34 1 3 2 
3 7 42 35 65 2 9 3 
1 1 33 49 64 3 8 2 
4 0 3 43 62 2 0 0 
7 0 2 29 66 1 4 2 
9 1 46 47 20 1 9 9 
2 6 42 81 35 4 7 8 
0 5 41 66 40 4 6 7 
0 1 31 47 63 9 9 8 
4 5 53 44 71 2 9 9 
2 0 54 75 91 8 2 3 
1 5 3 54 48 1 2 4 
2 7 22 0 74 4 7 1 
3 0 30 50 0 6 4 8 
9 5 46 91 51 0 7 4 
1 8 28 92 55 4 6 5 
7 6 33 59 86 5 2 8 
9 5 69 11 62 5 1 6 
9 4 30 54 58 3 3 2 
0 0 19 54 17 8 2 6 
3 4 3 43 41 2 2 0 
3 0 31 27 57 0 5 2 
9 4 32 57 42 1 8 5 
9 1 63 66 34 2 2 2 
4 4 79 27 50 6 3 7 
8 1 0 41 45 9 2 9 
6 0 31 65 59 9 5 6 
4 8 46 23 71 0 3 9 
9 0 37 64 25 5 9 3 
1 5 42 38 28 1 9 6 
5 8 22 48 31 5 7 4 
3 7 25 47 58 8 9 2 
6 6 13 56 48 2 5 6 
4 5 16 90 76 1 2 2 
7 3 10 37 27 0 6 0 
7 3 43 33 50 8 0 1 
1 5 29 56 66 8 2 6 
3 8 3 90 59 4 3 8 
8 2 17 49 87 0 0 9 
8 9 0 14 49 9 6 9 
2 3 13 48 32 5 7 1 
2 8 29 71 39 4 1 1 
8 7 1 6 33 6 1 3 
6 7 57 22 48 5 3 5 
3 0 19 72 77 9 8 1 
3 2 34 39 51 8 5 0 
7 8 60 60 38 7 4 9 
8 6 10 47 58 3 4 8 
2 5 20 34 70 5 2 9 
7 6 14 52 19 2 4 6 
2 8 42 30 52 0 5 0 
0 3 59 86 17 0 3 4 
9 8 16 47 45 2 8 8 
7 3 49 32 19 2 8 2 
7 5 30 20 45 7 5 1 
9 2 28 67 87 8 5 0 
4 7 9 51 59 9 7 1 
2 0 25 22 42 8 5 4 
7 1 26 65 13 3 8 2 
1 9 52 67 61 5 7 2 
7 6 23 21 61 3 8 9 
2 9 0 46 31 3 6 1 
3 8 16 30 53 2 0 5 
8 0 37 75 68 7 4 0 
8 5 48 23 58 4 9 8 
6 8 22 44 53 7 9 7 
9 1 38 31 40 8 7 1 
8 8 17 50 33 0 5 6 
8 7 20 48 58 5 6 5 
4 9 25 34 49 2 7 9 
1 9 40 5 68 8 1 5 
6 5 17 15 76 0 0 1 
8 2 0 20 56 4 9 5 
2 0 53 48 69 8 1 2 
2 2 20 77 41 3 5 1 
6 0 1 68 52 4 2 9 
8 4 42 29 42 4 5 3 
3 3 63 43 45 3 2 1 
6 2 44 42 62 9 5 1 
2 3 14 25 33 3 6 8 
7 8 14 41 77 8 3 3 
5 2 35 32 94 9 6 6 
2 4 63 46 30 9 3 9 
7 7 27 80 43 1 6 6 
9 5 17 48 50 4 7 5 
2 2 17 38 37 3 1 4 
6 7 28 73 47 5 3 2 
1 5 0 42 27 1 0 0 
0 9 38 24 39 2 8 5 
5 1 42 66 41 5 6 1 
9 5 60 68 38 6 3 6 
0 3 31 66 76 3 8 5 
8 4 20 72 40 1 8 5 
5 4 38 28 37 3 4 0 
1 4 40 53 33 6 8 2 
4 5 32 76 19 6 5 6 
2 2 59 25 24 0 9 5 
7 6 40 58 48 5 8 8 
1 9 0 55 89 2 5 8 
4 6 59 95 30 7 7 8 
4 6 33 36 45 1 3 1 
5 9 37 73 86 4 8 4 
1 3 40 50 52 5 6 3 
4 7 6 33 39 1 2 7 
7 1 53 58 44 2 7 8 
9 4 23 54 47 7 2 4 
2 3 82 49 34 2 1 4 
1 4 9 78 62 6 2 6 
1 0 9 82 84 6 0 9 
8 8 21 52 57 4 9 8 
7 7 0 41 49 9 8 2 
1 3 31 59 43 8 1 7 
6 7 9 63 58 9 7 7 
0 6 32 80 79 8 7 6 
8 8 17 79 3 4 5 9 
2 5 7 59 78 1 7 6 
3 7 26 42 36 9 5 4 
4 3 31 74 38 4 2 5 
7 9 30 57 46 7 0 8 
0 2 20 40 26 8 6 5 
8 7 34 66 83 5 2 9 
5 4 22 24 80 1 4 2 
6 8 36 63 39 4 8 8 
0 8 24 60 68 3 6 9 
5 4 30 29 54 4 3 9 
6 3 26 58 49 5 3 6 
0 6 31 63 29 0 1 2 
9 3 9 46 29 0 4 8 
5 5 48 44 34 6 8 1 
2 7 54 51 60 5 7 2 
8 2 12 32 22 1 1 5 
2 6 23 28 49 9 4 8 
0 3 15 36 25 3 2 6 
4 5 0 52 69 8 3 2 
8 4 0 42 52 3 4 5 
3 9 37 52 47 6 5 7 
3 6 66 43 59 1 3 3 
6 7 33 48 65 7 3 6 
2 0 22 65 30 4 8 1 
5 4 29 66 66 4 2 9 
1 7 50 49 50 2 6 3 
1 5 70 71 70 2 8 4 
4 4 19 77 57 2 2 5 
7 4 4 92 11 0 3 0 
8 5 22 36 54 0 9 3 
4 8 46 59 44 9 0 3 
7 4 38 75 45 3 4 0 
0 6 34 44 25 4 9 1 
7 5 0 51 17 5 3 4 
0 5 23 54 65 2 4 1 
5 7 0 64 40 3 9 2 
4 9 35 29 70 6 4 9 
6 8 41 67 17 0 8 0 
3 0 29 38 8 4 1 4 
8 5 8 44 34 1 2 5 
8 1 50 42 42 3 5 1 
0 3 39 29 36 3 3 2 
1 1 23 63 59 0 9 5 
1 1 21 72 34 6 2 3 
6 5 30 70 23 0 7 1 
6 9 13 93 42 8 5 0 
3 0 64 100 27 6 6 2 
0 9 0 89 64 4 2 8 
3 2 12 68 52 0 3 0 
3 2 26 50 59 2 8 1 
3 0 67 24 70 9 1 2 
1 8 43 32 22 6 6 9 
3 5 0 14 38 4 7 3 
4 4 11 15 40 9 9 3 
5 0 26 84 86 4 1 3 
8 7 38 79 92 4 1 6 
2 0 57 67 72 6 6 7 
4 1 5 56 69 2 1 5 
4 3 0 62 48 8 5 8 
1 1 63 71 17 4 1 2 
3 6 17 77 67 4 4 2 
5 4 36 78 57 2 1 5 
9 4 22 45 93 3 6 3 
2 2 43 33 35 1 5 0 
6 0 33 66 5 2 5 2 
2 3 5 68 63 9 8 5 
9 9 0 29 56 7 8 4 
2 6 22 55 42 0 6 4 
7 5 29 70 32 9 7 6 
2 2 18 73 22 2 4 4 
3 4 41 23 15 3 3 9 
5 1 17 10 64 7 3 9 
5 3 19 49 41 0 1 6 
5 6 43 63 56 0 5 5 
1 9 56 62 52 6 7 1 
2 8 7 70 56 5 9 2 
8 5 26 19 29 5 9 5 
1 9 17 60 51 6 5 1 
3 2 14 69 46 1 9 0 
9 7 53 44 73 3 8 4 
3 9 53 64 48 4 3 8 
0 9 68 35 24 1 6 6 
4 9 50 66 60 1 9 2 
4 1 7 18 37 3 6 7 
4 1 26 16 72 4 5 1 
4 8 20 54 65 7 2 6 
9 7 22 56 55 4 8 6 
6 9 9 45 23 7 6 5 
2 3 47 37 77 0 0 5 
7 5 27 15 44 9 6 6 
7 4 62 64 84 3 4 9 
9 1 46 68 72 7 1 6 
0 2 17 41 68 9 7 7 
4 5 58 46 58 2 4 5 
9 1 33 52 40 9 6 3 
9 3 70 48 65 0 8 8 
1 0 23 76 81 9 9 1 
1 4 0 31 65 0 1 0 
7 3 24 67 54 1 0 2 
7 8 80 48 55 9 9 6 
1 7 20 43 40 7 5 7 
5 9 17 66 31 8 6 1 
6 1 30 48 66 2 9 3 
2 6 40 44 39 6 0 4 
9 7 46 6 60 3 3 0 
6 7 21 49 38 0 2 2 
8 6 42 10 0 2 6 8 
8 7 11 52 74 0 1 8 
4 1 14 54 51 7 6 6 
1 3 12 49 54 9 8 4 
8 8 15 31 55 1 8 7 
9 5 0 41 57 1 9 5 
5 2 22 3 38 7 5 2 
8 5 21 33 39 8 7 8 
4 6 7 81 40 7 3 6 
3 7 2 62 53 2 0 4 
0 5 24 83 36 1 6 9 
2 3 37 70 59 6 4 5 
1 5 53 72 51 6 3 1 
6 3 15 72 45 8 5 1 
2 4 3 43 18 5 8 6 
0 1 26 48 46 8 0 6 
1 8 56 51 71 9 0 9 
8 5 17 28 57 9 7 6 
4 3 16 104 24 1 2 8 
1 5 17 68 52 3 7 2 
4 0 32 63 41 0 1 2 
2 3 8 62 52 9 5 2 
9 8 17 41 64 6 4 9 
4 9 42 21 89 6 0 8 
1 0 28 22 23 2 6 1 
5 1 8 49 66 0 4 1 
1 1 21 51 38 8 1 6 
3 7 18 77 37 6 7 1 
9 2 28 44 51 2 3 6 
3 6 48 31 40 9 1 7 
5 9 32 44 26 6 8 6 
0 7 8 44 37 3 6 5 
5 8 42 62 48 7 6 8 
9 6 65 31 63 7 4 0 
8 0 30 28 46 0 1 8 
7 6 44 47 65 0 8 8 
1 1 63 69 34 8 8 0 
2 1 52 22 52 6 7 5 
0 7 45 41 43 2 8 8 
7 8 31 49 68 7 3 0 
5 9 3 25 37 8 0 3 
5 8 43 50 47 7 7 9 
7 2 43 77 68 8 1 1 
1 0 66 58 50 2 1 2 
9 7 34 48 31 9 2 7 
5 3 32 26 69 6 9 6 
8 6 1 42 42 1 2 5 
7 3 41 71 67 1 3 8 
4 8 65 99 45 2 9 0 
9 8 50 68 49 2 4 3 
1 7 65 41 30 4 4 2 
7 9 23 55 41 5 2 6 
9 3 11 33 81 6 4 9 
2 0 25 45 27 3 2 0 
3 0 26 68 94 9 2 4 
8 5 24 42 50 9 0 7 
1 9 15 27 84 7 7 7 
1 5 28 50 44 6 0 8 
6 7 45 67 57 7 0 3 
3 1 34 63 53 4 9 0 
6 4 13 43 41 6 6 4 
9 6 50 59 24 0 4 7 
3 4 15 31 58 6 5 4 
1 0 32 80 53 7 4 9 
2 0 36 68 54 8 7 9 
6 6 34 41 38 6 9 4 
1 5 35 55 8 9 1 9 
6 6 21 27 37 3 7 3 
0 5 20 30 34 6 0 6 
5 3 45 39 43 0 8 4 
1 1 0 73 15 1 5 6 
6 5 0 64 50 6 1 1 
2 7 8 10 69 5 8 3 
3 3 46 24 28 7 0 8 
2 5 14 29 37 2 8 2 
7 6 18 10 61 3 9 0 
4 3 24 10 38 7 1 0 
9 4 37 47 56 5 6 2 
8 8 30 47 85 6 5 3 
9 6 13 44 63 4 7 8 
8 0 19 75 30 1 3 6 
4 9 45 88 49 6 5 1 
8 5 33 60 42 9 4 0 
1 9 1 87 36 4 5 9 
1 7 54 43 77 1 1 5 
4 0 83 46 91 4 5 7 
1 9 34 36 26 6 8 4 
0 6 73 31 43 7 3 8 
3 2 29 83 64 9 9 2 
1 8 39 29 70 6 8 7 
6 0 30 49 1 4 4 3 
9 4 11 49 14 4 3 3 
2 1 49 47 47 5 5 2 
7 5 41 53 12 9 6 8 
3 6 13 74 64 5 2 7 
8 9 36 74 40 3 4 4 
3 2 91 41 12 8 2 4 
5 3 31 55 93 4 5 8 
0 4 28 49 42 7 3 7 
4 9 53 8 39 7 1 2 
3 7 25 40 21 2 9 8 
2 2 57 60 32 8 2 7 
1 6 0 55 52 4 2 9 
7 2 56 50 29 3 7 6 
9 0 5 9 31 9 2 2 
4 3 28 63 54 5 1 0 
7 4 38 57 33 9 6 9 
7 4 20 60 88 2 6 0 
2 4 26 36 60 9 0 9 
8 6 15 37 40 8 3 6 
4 6 35 88 43 2 4 6 
3 2 39 32 22 6 8 3 
3 8 57 78 43 9 7 4 
4 1 60 46 32 9 3 8 
3 8 0 53 52 0 6 5 
0 9 30 92 52 4 1 6 
1 0 60 34 61 0 2 2 
4 9 18 13 83 4 0 7 
1 9 33 41 61 3 6 5 
3 8 20 23 80 2 3 0 
2 1 31 50 20 7 1 3 
9 4 13 41 39 5 4 9 
2 6 43 35 28 9 5 2 
7 3 23 38 92 9 0 6 
6 0 12 70 88 2 8 8 
6 4 41 73 54 9 1 9 
9 6 5 59 40 7 7 0 
3 5 5 75 48 4 4 0 
4 8 25 12 33 3 0 7 
1 0 38 87 53 3 4 6 
5 3 32 49 51 1 1 1 
5 8 11 18 88 6 8 4 
2 6 8 55 58 9 7 4 
7 6 35 43 61 3 1 4 
5 4 14 59 52 1 6 3 
9 0 11 62 30 7 5 1 
2 2 19 31 66 2 4 0 
8 1 26 58 48 3 3 2 
6 8 8 24 54 6 7 8 
1 9 52 53 70 2 0 1 
5 6 30 63 62 7 8 7 
8 5 50 63 55 1 6 7 
2 1 48 24 15 7 6 7 
4 8 31 18 64 8 1 8 
9 4 6 53 58 2 2 1 
2 4 31 65 44 9 3 3 
