8 3400
1 6 41 70 46 3 1 0 
2 3 27 54 41 3 0 0 
4 6 0 37 59 2 6 6 
7 7 28 50 79 9 2 3 
0 0 0 56 68 5 2 5 
7 0 30 74 42 5 7 5 
8 4 29 54 43 3 3 6 
5 8 44 50 92 9 2 1 
1 5 32 25 13 5 2 1 
7 8 47 58 40 4 8 8 
6 4 57 40 66 3 7 7 
6 9 20 45 28 5 3 7 
6 9 1 25 29 5 0 7 
6 4 53 57 43 2 0 1 
5 3 9 42 46 1 7 4 
3 1 26 58 68 1 8 9 
3 0 27 47 43 2 7 7 
8 4 51 31 36 6 6 7 
5 3 36 53 66 7 8 9 
0 1 22 46 27 9 7 0 
6 6 0 47 78 9 2 8 
2 8 43 48 46 6 5 2 
8 8 14 38 10 9 1 4 
8 8 19 64 30 2 1 7 
1 4 17 82 23 2 6 9 
9 5 30 40 32 2 4 5 
9 3 41 62 42 5 1 8 
5 7 41 69 84 2 1 1 
5 8 31 55 58 9 6 0 
7 8 11 72 56 4 4 7 
4 6 32 51 38 7 2 1 
7 1 46 44 39 5 0 1 
2 3 25 33 42 7 3 0 
8 9 2 85 55 4 9 1 
4 3 58 72 49 4 9 1 
9 2 0 106 72 3 0 1 
9 6 43 72 38 4 9 8 
0 7 5 48 52 8 6 5 
5 3 41 45 30 6 4 7 
5 7 3 43 31 3 2 5 
9 8 56 36 59 7 5 2 
9 9 25 39 42 4 4 9 
5 9 52 10 50 2 2 8 
7 9 54 44 39 1 6 2 
2 9 32 96 43 7 8 3 
0 6 0 71 41 7 4 7 
1 0 3 71 55 1 6 3 
8 2 33 44 46 8 0 4 
7 6 28 37 25 5 3 7 
8 1 30 39 53 3 9 4 
7 3 15 31 13 0 4 0 
9 9 52 54 70 9 6 1 
6 5 0 66 30 6 1 6 
1 0 15 39 61 0 2 4 
6 6 42 57 55 6 4 6 
0 6 43 48 82 0 1 2 
6 8 38 75 71 2 9 4 
8 5 70 60 64 6 4 1 
7 8 69 54 61 6 7 1 
7 6 27 10 67 6 1 6 
0 8 30 74 22 5 7 3 
2 8 42 69 54 1 5 2 
7 1 2 39 62 0 4 4 
4 7 36 34 47 8 5 7 
9 0 9 58 33 4 5 0 
2 2 20 55 20 4 9 4 
6 1 59 52 28 3 2 5 
9 9 24 52 67 4 5 5 
5 1 6 61 73 9 1 0 
1 1 48 0 87 9 7 3 
2 4 61 34 63 0 7 8 
3 0 23 29 28 3 8 6 
5 5 17 39 60 3 7 9 
2 7 31 71 62 9 8 9 
3 6 0 42 11 6 1 1 
2 2 52 61 46 1 3 6 
1 9 49 30 67 2 1 3 
9 9 32 0 25 5 9 4 
0 6 50 38 57 5 7 7 
6 7 47 53 34 0 4 3 
8 1 84 75 81 9 2 9 
6 1 33 39 61 4 2 6 
4 7 10 23 56 8 5 0 
9 0 26 44 59 2 6 5 
9 1 25 43 41 6 3 3 
9 8 56 96 48 2 8 1 
2 5 21 55 67 6 8 0 
0 5 25 0 60 7 5 2 
1 9 44 56 37 8 4 5 
8 7 49 78 24 5 8 5 
6 8 40 63 63 4 2 1 
3 9 36 0 79 8 5 9 
9 2 0 56 35 1 8 1 
4 1 21 59 42 9 2 7 
4 8 35 39 33 9 3 6 
8 7 26 34 57 5 0 8 
6 9 17 71 25 2 6 7 
6 7 68 65 40 8 1 0 
5 6 30 64 50 6 7 9 
3 5 29 10 60 5 5 7 
2 5 38 65 67 9 1 6 
6 8 34 35 21 9 6 3 
5 8 37 28 44 8 7 5 
1 3 47 30 32 9 1 7 
2 1 38 77 47 4 0 8 
6 2 0 87 40 1 4 9 
9 9 33 87 31 0 2 4 
7 1 0 65 35 7 9 2 
8 7 33 35 61 4 7 9 
3 9 20 41 70 7 3 1 
4 8 43 45 40 9 4 8 
6 2 52 12 56 5 1 5 
0 6 17 72 57 6 0 1 
2 5 0 86 49 2 0 8 
4 1 65 32 38 5 7 9 
1 1 42 60 39 5 0 2 
8 2 0 59 18 6 3 3 
0 0 19 13 53 6 8 2 
2 6 0 90 51 6 4 3 
1 7 52 61 25 2 3 4 
8 2 8 53 52 1 6 8 
0 3 22 28 44 4 5 6 
9 5 23 67 55 8 6 1 
2 2 21 27 31 2 2 4 
0 3 26 58 66 9 5 2 
9 0 38 66 59 1 4 3 
9 1 16 45 58 5 2 9 
6 5 44 68 57 0 8 5 
5 7 15 66 43 1 0 2 
7 0 64 43 42 6 5 7 
3 0 26 41 40 1 0 8 
6 4 46 87 26 0 9 1 
7 5 23 50 61 8 7 2 
6 6 28 79 25 9 8 1 
6 4 27 37 38 5 5 3 
5 5 0 51 43 6 1 0 
6 7 37 29 23 4 4 6 
2 8 52 38 29 7 7 9 
8 6 21 74 25 3 4 0 
7 1 25 42 107 5 4 1 
2 8 31 67 68 3 0 7 
0 6 6 85 59 0 0 2 
4 7 0 80 42 6 3 7 
4 6 38 29 67 4 4 5 
5 4 49 21 76 6 0 5 
4 0 30 15 48 6 8 6 
5 9 32 52 63 6 5 9 
6 1 18 25 54 6 1 2 
6 5 0 54 44 6 0 2 
2 2 48 22 31 0 9 9 
5 7 48 43 52 3 2 6 
9 8 19 5 48 1 3 6 
1 5 43 56 69 6 0 2 
0 6 12 59 56 8 9 0 
4 2 51 53 65 9 5 1 
6 3 17 61 35 8 1 3 
1 6 20 23 49 0 8 2 
4 6 0 12 80 6 0 4 
6 0 24 25 83 9 0 5 
9 7 28 22 53 5 5 9 
1 1 14 63 60 4 2 0 
4 4 24 41 36 1 3 3 
3 0 31 56 32 6 7 9 
4 0 0 51 42 6 0 0 
7 3 38 58 59 3 9 8 
1 5 56 76 71 9 9 2 
2 5 14 58 78 1 1 6 
9 5 14 51 51 7 0 3 
9 9 49 46 73 7 4 6 
3 1 28 22 42 0 6 8 
2 2 14 65 62 2 0 0 
5 6 46 22 51 6 8 9 
6 1 19 33 44 9 5 2 
4 2 43 70 43 1 4 8 
8 8 0 69 36 2 8 7 
5 4 25 23 66 9 3 3 
7 9 46 19 49 8 2 9 
6 8 33 100 45 6 7 2 
7 9 24 52 14 6 3 6 
1 3 28 3 77 3 0 4 
1 1 5 31 41 0 5 8 
3 1 46 62 47 6 9 3 
4 3 48 74 59 9 9 2 
1 0 0 0 51 4 9 7 
9 1 26 26 51 2 7 0 
5 1 31 59 39 6 9 4 
0 6 23 1 49 3 6 7 
9 2 21 44 69 3 1 5 
9 1 73 16 18 5 4 3 
8 0 47 16 46 0 7 8 
7 7 47 53 27 4 6 9 
4 7 36 56 91 8 4 7 
6 1 9 76 13 5 3 8 
7 8 15 76 65 3 8 4 
8 6 0 22 44 7 8 0 
3 5 32 42 67 6 5 2 
9 8 3 17 48 6 4 8 
7 5 0 30 5 7 7 9 
6 8 27 32 53 1 9 2 
1 0 11 40 48 8 7 4 
3 0 31 38 70 0 8 5 
5 0 0 52 68 8 1 8 
3 7 46 28 74 9 0 8 
3 2 6 71 30 4 5 6 
5 0 12 41 39 5 2 5 
8 3 39 81 46 9 1 5 
6 6 26 51 48 3 9 0 
8 3 58 18 58 0 9 4 
7 1 32 52 50 7 7 2 
2 6 29 45 17 5 9 9 
5 8 26 16 51 9 3 0 
6 5 35 77 50 3 3 5 
3 0 50 48 50 9 7 9 
5 6 25 9 21 3 2 2 
8 3 0 43 29 3 5 0 
6 8 40 38 47 7 7 2 
3 8 35 82 30 8 6 5 
9 8 23 46 63 0 2 1 
7 9 29 41 33 1 6 6 
6 1 24 25 40 6 8 3 
7 1 45 32 40 7 9 4 
7 3 31 36 69 0 4 4 
7 6 34 45 64 2 4 9 
5 9 53 33 54 0 2 8 
6 4 31 50 41 8 0 2 
5 0 43 28 35 7 0 2 
4 3 13 35 58 4 7 6 
1 3 26 58 46 2 5 1 
2 5 80 32 64 2 7 0 
1 7 0 41 61 3 0 9 
1 7 74 57 10 9 3 3 
2 1 26 74 9 9 1 7 
7 8 3 84 49 3 9 8 
3 8 8 48 40 2 2 0 
1 3 61 68 77 9 3 2 
7 5 40 51 58 4 5 6 
2 1 0 44 33 6 1 7 
3 7 20 50 17 8 7 7 
2 6 8 62 29 6 3 0 
7 9 30 52 72 7 4 0 
5 2 35 64 28 1 2 9 
7 0 45 90 59 7 9 0 
0 1 41 41 73 9 4 6 
6 0 42 74 36 3 6 9 
2 4 21 58 31 6 3 4 
5 6 26 46 63 2 2 6 
0 4 43 60 54 7 3 3 
4 4 64 3 62 7 5 4 
3 4 0 55 63 8 2 9 
8 3 11 48 58 0 8 1 
8 9 25 73 37 5 6 0 
9 5 43 50 42 3 7 1 
6 2 30 35 72 1 2 0 
0 1 34 51 57 9 3 3 
3 4 53 54 40 4 3 4 
7 6 40 68 60 2 6 9 
5 6 11 69 27 5 0 3 
5 3 51 58 59 5 2 6 
2 7 26 69 58 5 7 3 
2 0 32 62 51 8 8 7 
0 3 41 63 38 7 3 7 
8 1 24 66 42 4 4 4 
3 5 26 37 36 0 6 7 
5 7 2 29 51 3 1 6 
6 3 0 51 50 7 3 2 
8 2 14 21 60 3 8 6 
3 1 5 56 64 8 7 4 
0 2 26 51 86 1 3 4 
9 7 34 23 57 9 1 7 
6 4 34 75 56 9 4 4 
8 9 22 69 45 0 0 5 
5 0 5 0 58 4 1 9 
7 7 32 66 34 0 8 0 
2 1 2 15 81 2 3 1 
6 7 34 34 54 9 6 1 
3 3 22 54 113 0 2 4 
9 6 82 36 45 6 9 9 
7 1 0 24 32 1 3 5 
3 7 18 55 45 8 1 2 
8 3 64 50 64 6 0 5 
2 1 19 96 51 5 6 2 
1 4 39 41 43 2 1 3 
7 5 8 21 5 2 3 3 
3 1 22 84 20 2 7 9 
0 2 37 6 66 4 3 6 
5 5 0 81 45 7 4 6 
5 7 36 9 87 5 2 5 
2 8 40 53 58 7 3 2 
4 7 43 41 73 5 2 7 
5 8 39 75 57 4 8 7 
2 4 40 54 36 6 6 3 
3 5 50 44 65 3 9 0 
8 9 25 39 16 3 0 2 
3 3 0 53 78 6 3 7 
5 8 62 34 59 3 3 5 
8 5 25 41 92 4 7 2 
8 3 66 66 79 1 3 7 
3 9 42 68 30 6 6 3 
8 7 55 45 30 2 1 8 
9 6 49 48 90 0 4 3 
4 4 6 75 51 1 2 3 
2 3 6 64 50 4 1 1 
2 7 16 49 22 4 4 6 
5 1 12 39 60 4 0 0 
8 7 20 69 78 9 2 4 
8 9 45 26 25 0 4 1 
5 6 85 65 13 0 4 0 
5 5 39 53 68 5 3 3 
4 2 11 69 36 5 1 8 
7 7 30 4 55 6 1 6 
9 5 43 98 22 0 7 1 
5 7 54 41 18 7 4 3 
2 8 46 79 20 0 7 8 
7 6 56 52 29 6 1 9 
7 0 34 116 51 8 7 8 
9 4 49 75 22 5 5 1 
4 6 42 48 39 2 6 7 
9 5 0 59 51 7 4 6 
3 9 0 79 48 5 1 9 
8 0 0 46 44 0 0 9 
5 0 27 46 80 6 9 4 
6 7 0 30 62 0 5 5 
2 3 0 11 33 3 1 2 
8 5 29 65 49 9 9 1 
8 2 33 32 52 3 7 2 
2 0 31 45 60 1 8 5 
6 8 33 54 42 0 0 2 
7 6 20 69 42 2 0 1 
7 6 20 48 54 2 9 3 
5 8 31 68 36 1 6 5 
9 4 41 37 72 1 6 0 
3 5 55 35 50 4 2 3 
6 1 44 59 87 8 9 4 
8 7 47 65 56 9 3 0 
3 8 34 8 36 5 3 5 
7 0 15 16 47 5 0 1 
1 0 47 51 22 6 3 2 
1 4 28 13 43 7 5 6 
1 4 21 13 59 8 1 9 
6 3 51 38 64 6 9 8 
7 7 27 77 49 5 5 0 
2 3 66 69 55 8 9 8 
5 3 47 38 24 3 1 8 
4 1 13 25 38 1 4 1 
9 3 21 39 44 8 9 5 
5 5 28 42 76 9 6 4 
1 0 61 49 50 3 6 3 
7 1 10 40 48 5 0 9 
6 6 7 37 32 7 6 4 
3 2 32 43 37 0 0 2 
4 2 8 50 66 8 0 3 
3 5 46 71 5 2 1 2 
4 2 37 19 90 3 6 7 
1 0 41 41 59 0 0 6 
7 6 21 55 47 2 3 5 
2 7 34 42 24 9 1 2 
8 5 44 33 34 0 9 4 
6 1 64 71 85 3 3 7 
4 1 4 73 27 8 4 8 
5 8 0 109 75 6 8 2 
1 0 66 32 41 8 4 3 
3 5 13 42 54 6 3 5 
8 2 27 31 51 7 4 4 
7 0 19 38 49 1 3 6 
9 1 66 50 54 4 0 7 
6 9 25 72 49 4 4 9 
2 2 26 78 40 1 7 0 
0 8 48 65 50 3 2 2 
9 9 0 27 53 4 8 2 
2 5 17 35 39 1 2 8 
7 4 39 49 56 9 0 3 
8 2 22 50 54 6 2 7 
7 3 46 67 62 2 1 9 
3 1 50 67 8 9 9 1 
4 3 44 13 23 9 0 6 
9 1 33 61 44 4 6 6 
7 9 2 45 58 2 8 3 
8 6 0 56 66 0 0 6 
8 8 8 41 48 1 1 7 
4 4 38 82 56 6 8 2 
0 0 62 38 24 8 6 4 
6 8 22 50 40 3 8 4 
1 2 20 43 62 8 1 1 
9 0 31 77 84 4 2 2 
3 6 25 49 66 0 2 6 
1 3 3 29 56 0 7 2 
7 7 71 24 57 1 6 5 
0 7 0 22 80 8 9 6 
3 6 38 14 39 2 6 0 
5 3 0 33 33 3 5 6 
6 9 60 77 63 5 1 3 
7 1 8 45 71 7 8 5 
2 5 16 41 61 7 5 0 
6 7 54 43 45 5 6 8 
9 8 20 25 66 6 5 1 
1 4 0 69 38 7 5 2 
3 6 43 42 25 5 8 8 
1 5 71 65 74 0 0 2 
5 0 47 52 80 7 8 1 
9 2 18 82 60 1 3 3 
6 3 38 31 44 6 6 5 
3 8 0 10 40 9 2 2 
7 7 24 26 40 3 1 5 
9 2 35 47 23 0 1 1 
2 3 37 76 69 4 8 6 
2 3 0 43 19 6 1 4 
1 7 25 32 0 6 3 8 
5 7 28 30 25 9 2 5 
3 6 8 68 64 4 0 0 
0 0 30 67 17 8 1 5 
4 1 42 54 19 3 7 8 
9 4 16 31 60 9 5 3 
8 8 3 48 21 0 7 3 
7 5 21 36 65 1 0 6 
2 7 40 42 50 5 0 0 
1 1 24 59 47 1 4 5 
6 9 19 47 36 7 1 5 
7 5 6 18 53 7 3 0 
5 6 21 76 69 0 3 7 
9 1 35 78 96 1 5 7 
1 2 19 33 59 3 9 1 
1 5 3 35 49 0 2 3 
7 3 34 13 98 4 3 8 
5 9 33 50 34 6 2 4 
8 1 6 37 75 6 4 5 
8 4 46 51 67 2 4 0 
2 0 56 23 47 8 0 6 
1 6 12 45 39 2 9 6 
4 4 19 63 69 3 6 0 
3 5 38 22 26 9 8 0 
3 1 69 49 76 7 0 1 
2 7 41 32 44 8 9 2 
7 2 33 50 80 7 0 9 
1 0 3 89 39 1 3 2 
7 7 41 39 54 7 4 4 
5 2 56 44 27 0 1 1 
2 1 44 73 18 5 4 1 
3 6 47 69 24 0 9 6 
9 2 32 59 42 7 7 1 
3 9 50 32 33 9 4 5 
6 9 51 55 36 0 3 2 
7 1 3 70 18 2 6 4 
4 8 48 53 29 6 5 8 
5 1 20 32 63 8 6 4 
9 9 63 37 64 8 0 1 
5 9 25 53 19 3 6 4 
6 1 9 31 91 7 7 1 
1 0 34 76 56 7 6 4 
8 4 66 55 47 3 6 1 
8 2 33 46 53 6 3 8 
9 8 24 60 35 4 8 2 
1 6 39 65 51 6 0 7 
2 2 35 61 51 8 8 0 
4 7 32 80 47 0 2 1 
4 8 49 55 70 8 7 7 
0 2 36 69 43 0 7 7 
1 1 31 50 60 9 0 8 
1 5 22 32 24 9 7 5 
3 0 25 60 39 3 4 5 
2 8 43 44 60 4 5 4 
8 1 31 60 65 0 1 7 
7 6 56 0 0 0 5 7 
4 0 8 61 76 0 8 6 
6 7 57 44 99 8 1 7 
8 5 41 51 40 9 6 8 
7 7 62 26 30 6 6 9 
7 2 24 53 61 2 9 8 
5 6 59 45 59 0 3 0 
8 3 43 32 78 7 7 7 
3 0 51 53 40 6 7 4 
9 8 50 19 49 3 6 2 
8 0 29 56 42 8 4 8 
6 7 29 66 50 2 0 9 
9 5 25 23 76 5 8 5 
6 9 23 65 25 3 3 5 
5 6 0 21 69 8 9 5 
0 4 1 57 49 2 2 1 
3 8 6 90 57 2 4 5 
5 1 36 76 28 3 5 5 
5 1 47 78 57 4 4 5 
3 9 39 59 0 2 2 9 
3 5 21 66 49 6 7 6 
5 1 28 67 48 6 0 0 
0 6 31 67 84 8 5 9 
5 2 48 64 26 6 7 6 
2 0 39 79 35 3 0 3 
3 5 43 56 30 5 8 5 
8 1 23 66 71 4 5 8 
8 1 34 45 42 5 2 8 
2 8 58 50 59 3 6 9 
2 9 49 23 71 3 0 1 
6 8 62 55 58 8 6 8 
8 1 25 80 43 0 6 4 
0 4 40 58 23 4 8 2 
4 0 33 48 40 4 5 9 
4 0 47 57 46 8 0 4 
5 1 5 49 71 4 1 2 
4 0 49 53 58 8 3 5 
4 6 0 79 60 2 8 5 
7 5 25 55 71 5 0 9 
7 1 27 53 61 4 2 3 
3 0 0 60 67 0 9 2 
9 5 15 21 89 0 2 7 
1 4 57 49 54 2 4 9 
2 5 14 32 50 5 8 2 
3 1 28 45 68 5 8 3 
3 7 47 61 59 4 3 8 
2 2 32 36 41 2 7 6 
4 7 47 22 33 9 2 0 
5 8 58 29 58 2 8 0 
8 5 50 71 53 4 2 0 
3 7 15 60 67 2 5 1 
4 7 62 47 30 3 9 9 
4 0 42 78 24 3 2 8 
7 2 27 51 55 1 3 2 
4 0 6 64 35 0 9 9 
1 3 40 27 59 3 1 7 
4 5 11 34 23 5 0 5 
3 5 10 69 24 0 6 9 
8 1 48 70 57 3 5 1 
8 8 0 26 33 9 2 7 
1 8 52 45 53 4 7 1 
3 8 70 78 61 3 5 1 
7 8 21 54 45 1 1 6 
4 3 0 99 69 1 4 7 
3 6 47 15 39 0 6 2 
0 5 73 22 34 9 9 8 
1 2 18 85 67 7 4 3 
7 4 52 21 32 1 8 8 
2 7 52 51 46 6 1 1 
2 7 23 42 68 0 7 9 
7 3 32 46 29 0 9 9 
6 5 44 78 51 0 0 3 
8 9 19 40 31 5 4 1 
9 2 21 61 25 3 0 7 
8 1 37 51 48 3 1 1 
0 5 34 39 80 8 7 5 
6 0 49 49 35 1 9 0 
7 7 46 29 30 8 2 9 
8 4 46 37 94 0 4 0 
3 3 45 52 59 1 6 6 
2 4 30 9 48 0 0 5 
6 0 19 46 75 2 9 3 
7 2 23 50 38 9 6 7 
5 6 6 30 37 1 0 0 
1 5 21 72 35 4 2 7 
4 1 1 61 21 9 6 8 
5 1 37 34 45 3 7 0 
2 9 28 37 78 0 3 4 
8 9 24 63 54 3 2 1 
7 4 18 9 45 9 8 0 
5 9 40 61 73 1 8 5 
4 1 0 70 36 8 2 5 
3 1 42 85 39 7 1 4 
4 2 0 60 78 0 4 7 
5 9 12 18 67 9 4 0 
0 8 9 44 32 4 0 5 
4 8 40 23 81 4 1 0 
1 0 23 46 72 7 5 3 
1 5 0 54 42 9 1 6 
0 9 60 30 34 5 4 4 
8 2 4 54 56 2 8 5 
1 8 14 80 55 0 8 3 
2 4 42 56 55 8 7 8 
1 3 0 45 78 0 7 5 
4 5 18 76 15 7 3 2 
4 1 41 57 35 9 2 1 
7 2 5 76 38 7 3 6 
5 8 25 47 72 6 0 0 
7 8 53 78 67 0 3 7 
8 0 5 25 58 9 9 4 
6 2 7 51 44 1 0 0 
9 7 51 83 39 0 6 6 
8 0 64 39 42 3 0 0 
8 2 54 44 37 0 4 3 
6 6 4 67 54 8 1 5 
6 0 34 26 98 2 3 5 
9 6 27 81 37 9 3 0 
8 6 25 66 82 8 6 6 
3 8 74 54 71 1 3 8 
2 3 42 73 38 1 0 0 
1 7 24 27 26 0 1 8 
3 2 37 31 58 7 4 3 
8 2 68 74 53 3 7 9 
2 0 15 73 79 6 8 9 
8 4 35 27 34 8 2 1 
9 2 25 52 5 8 9 4 
1 8 59 22 43 7 7 3 
5 3 30 44 71 6 7 8 
6 0 61 20 66 1 9 6 
5 9 40 24 50 8 8 9 
8 9 43 41 16 0 1 1 
1 3 52 59 85 0 2 6 
5 1 31 60 53 3 9 2 
1 4 3 19 56 8 7 4 
0 0 2 31 69 2 0 6 
2 9 41 10 45 1 0 1 
5 8 56 69 47 9 1 9 
9 1 5 57 74 9 3 0 
3 3 11 62 38 0 4 3 
3 3 26 39 29 3 2 8 
3 1 13 57 48 8 8 8 
6 8 36 34 58 7 9 6 
5 1 43 49 29 7 7 0 
3 6 8 33 46 1 1 9 
2 1 31 49 52 1 7 0 
4 8 12 21 24 6 7 5 
7 2 41 20 77 7 4 9 
5 2 44 33 81 1 4 7 
3 3 43 39 11 6 3 8 
6 3 58 12 55 3 3 4 
9 2 12 69 72 3 2 3 
7 7 38 13 33 0 8 8 
7 8 29 44 49 7 9 2 
6 3 16 19 62 8 8 8 
6 7 18 27 54 9 5 8 
0 5 19 31 62 8 8 1 
0 6 32 45 53 3 1 6 
0 9 29 64 40 2 1 6 
9 4 37 37 38 6 9 8 
0 5 26 27 81 5 1 8 
7 3 48 38 62 2 1 2 
6 0 21 24 66 2 1 7 
1 8 13 42 63 3 3 8 
5 8 55 60 14 3 3 9 
8 3 43 17 57 1 4 6 
4 2 0 28 71 3 8 0 
5 8 34 48 26 3 7 0 
9 7 29 35 49 2 5 7 
1 6 13 30 45 3 8 5 
4 1 4 58 49 0 9 2 
0 9 33 54 26 5 8 2 
5 1 50 38 47 6 2 8 
3 6 0 70 66 3 6 5 
7 5 21 28 57 9 0 3 
4 4 29 80 11 6 5 7 
0 9 50 71 51 2 1 7 
7 7 36 87 40 1 0 9 
0 4 3 49 43 1 6 8 
8 8 51 54 56 8 0 1 
1 0 0 97 29 0 2 6 
7 1 56 55 49 6 9 9 
1 0 13 67 86 4 8 9 
4 2 19 61 34 6 5 8 
0 1 0 56 40 9 5 2 
5 0 31 47 63 6 7 0 
0 9 15 55 83 2 9 4 
7 2 27 35 45 2 1 3 
6 4 10 47 53 5 3 1 
2 9 50 34 18 1 3 1 
1 9 57 42 47 6 2 6 
8 4 35 28 33 4 6 4 
9 1 12 53 34 8 3 5 
6 8 40 42 29 7 6 6 
5 3 0 42 41 0 7 7 
1 4 20 66 47 6 8 5 
1 6 17 58 48 3 1 5 
1 4 21 45 46 5 0 0 
5 4 26 63 48 5 3 6 
0 1 2 66 63 6 7 4 
3 9 2 56 61 5 8 6 
5 4 25 51 71 3 2 9 
9 4 36 31 31 9 9 5 
8 5 23 75 62 0 2 9 
0 5 34 33 29 5 3 5 
7 7 0 43 78 9 3 3 
8 6 26 25 59 6 9 5 
3 7 0 45 33 0 5 2 
1 3 39 32 39 3 3 4 
4 4 40 33 81 9 3 6 
4 5 46 34 64 1 0 1 
1 5 10 41 45 6 2 5 
8 5 25 52 34 0 8 5 
3 3 43 47 71 9 1 7 
1 0 32 62 36 8 4 5 
0 0 24 41 50 7 4 2 
4 4 18 36 81 5 9 7 
1 5 18 23 60 9 6 0 
3 5 59 22 100 9 1 3 
6 4 39 58 81 4 0 3 
2 5 37 38 39 5 2 1 
8 4 32 73 50 2 9 2 
7 4 5 58 58 3 9 7 
9 3 11 17 55 9 9 9 
3 3 16 65 2 3 3 5 
7 8 44 59 50 4 0 0 
3 2 23 108 56 0 4 6 
1 3 19 39 40 9 2 2 
4 0 15 38 32 7 3 1 
4 4 38 60 58 7 3 6 
4 0 47 53 52 1 0 2 
6 7 15 71 41 4 6 2 
2 6 16 66 45 8 0 1 
5 6 35 64 63 7 3 2 
2 6 0 68 94 1 1 3 
4 6 37 55 44 3 3 7 
2 2 3 13 27 8 2 7 
2 2 23 53 65 7 2 8 
5 7 40 38 54 7 0 7 
5 9 20 56 53 4 1 9 
9 5 57 66 61 2 8 8 
7 2 53 61 35 3 2 9 
4 5 24 36 75 7 4 6 
4 9 47 53 50 7 1 8 
3 6 49 22 52 4 8 4 
2 4 31 14 76 4 6 3 
9 0 10 66 38 6 6 6 
8 7 10 57 65 3 7 5 
1 0 50 76 31 7 1 3 
7 3 33 31 36 4 6 5 
0 2 53 10 48 2 4 0 
6 2 69 44 37 7 6 3 
4 7 67 65 68 7 6 5 
8 5 0 51 48 2 4 7 
5 4 61 45 52 2 5 1 
4 5 66 23 7 0 8 7 
8 5 0 81 33 4 9 7 
4 2 11 59 53 4 5 6 
3 0 51 39 65 0 4 4 
9 5 16 43 48 6 4 0 
3 4 7 33 34 0 0 8 
3 2 0 25 41 2 7 8 
7 0 0 59 52 8 6 4 
9 9 22 60 60 9 1 1 
8 4 40 47 40 5 0 6 
7 2 47 26 45 5 4 5 
6 4 3 50 21 7 6 7 
8 5 24 61 65 5 0 0 
0 0 33 59 23 4 4 7 
7 3 51 72 47 6 3 3 
6 2 35 73 42 3 2 4 
3 1 33 81 64 7 0 1 
4 7 33 62 70 9 3 6 
9 0 2 57 51 9 4 2 
6 9 10 84 68 1 8 9 
5 0 23 66 75 6 9 7 
5 6 48 26 35 4 5 2 
6 1 42 42 109 8 7 2 
4 5 4 43 71 1 4 5 
5 8 32 50 81 1 9 8 
9 7 42 64 28 7 1 6 
0 0 61 62 62 1 4 7 
6 8 28 0 33 2 0 9 
7 1 19 46 68 9 4 1 
0 6 0 34 50 5 5 6 
9 6 42 38 22 6 7 4 
1 4 0 71 72 3 6 3 
2 7 48 37 46 9 6 1 
2 3 0 43 29 9 4 5 
5 3 0 62 49 7 5 8 
6 4 23 46 53 5 8 3 
3 1 0 25 47 6 2 2 
9 4 38 60 51 4 8 9 
9 6 11 39 46 7 2 9 
1 7 7 74 51 6 6 5 
7 5 11 47 58 6 6 4 
4 7 27 49 90 5 7 1 
3 8 45 39 39 2 5 2 
6 6 8 42 43 1 8 0 
9 1 50 37 67 4 3 3 
4 7 21 31 41 3 6 6 
4 3 22 61 52 0 8 0 
6 5 33 77 46 8 7 1 
4 4 0 77 34 8 6 5 
1 6 32 56 85 2 8 5 
4 5 1 60 85 7 9 4 
0 2 70 14 69 4 0 4 
1 0 51 47 36 4 8 4 
5 8 50 48 59 9 8 1 
0 6 58 58 14 6 8 3 
0 1 62 50 45 7 6 4 
3 4 31 84 65 1 7 8 
9 1 48 35 71 5 5 9 
6 6 18 51 73 5 4 7 
7 4 10 89 28 5 1 3 
7 0 40 28 62 4 4 7 
4 4 48 0 71 1 0 7 
8 7 27 37 37 3 4 7 
2 3 27 61 62 7 1 7 
9 4 59 35 44 2 0 5 
3 8 30 50 71 7 8 3 
8 6 0 45 43 1 2 9 
3 2 38 58 64 8 6 0 
7 1 30 33 113 8 5 0 
2 5 43 70 102 9 8 7 
2 0 73 30 40 6 2 1 
1 8 25 56 46 3 7 5 
6 3 0 69 28 3 9 8 
1 0 49 56 76 6 9 1 
5 9 38 102 28 8 3 9 
5 7 24 40 21 5 4 8 
6 6 40 74 75 1 5 9 
0 4 22 79 0 8 8 4 
9 5 19 48 28 9 1 0 
9 5 8 30 60 5 6 2 
9 8 34 45 61 9 1 6 
1 3 0 41 49 4 1 1 
5 2 34 49 2 3 0 3 
4 6 34 35 62 9 6 3 
8 8 14 54 35 7 6 6 
4 0 20 55 21 2 3 0 
5 6 43 59 43 5 2 6 
4 6 28 46 66 2 1 3 
7 4 53 59 33 8 5 0 
7 7 32 35 53 7 6 8 
5 2 31 98 0 7 0 2 
5 8 40 59 64 9 6 7 
7 9 9 28 77 0 4 8 
8 6 47 34 43 8 5 3 
0 0 0 45 45 3 9 6 
9 3 21 70 67 9 9 2 
0 7 42 47 56 2 4 7 
7 9 32 26 17 1 8 8 
2 4 20 45 66 6 0 3 
2 4 27 35 77 8 0 6 
8 9 29 53 58 7 7 9 
0 9 58 6 42 5 5 3 
4 5 31 57 71 3 1 1 
8 5 26 42 78 5 8 8 
9 7 54 43 52 5 4 6 
9 4 29 41 38 4 0 5 
5 5 15 53 44 3 1 6 
8 4 15 51 17 1 2 6 
6 1 0 52 39 8 8 1 
8 2 60 33 46 9 6 8 
7 7 0 48 59 3 9 1 
1 6 13 67 56 7 1 1 
5 0 30 74 73 0 5 5 
8 9 39 89 37 6 6 5 
1 6 5 46 66 9 4 1 
0 6 11 98 36 8 5 1 
5 3 71 11 37 7 1 1 
8 1 0 51 30 5 0 9 
2 5 31 71 77 1 8 6 
2 1 0 45 52 2 6 5 
9 8 29 90 42 1 6 0 
5 8 15 37 40 2 5 6 
2 5 29 61 48 5 8 1 
2 8 11 64 61 7 1 1 
2 7 0 83 46 9 7 9 
2 7 37 59 68 7 2 4 
3 4 59 47 29 0 3 1 
7 0 27 42 80 6 2 4 
1 5 65 43 55 1 5 7 
3 1 20 55 74 8 6 3 
5 4 7 55 48 8 4 4 
9 9 6 43 78 1 0 8 
6 9 36 64 95 5 8 9 
7 1 28 24 87 2 6 7 
6 9 14 27 40 2 6 7 
6 9 35 57 67 6 8 9 
7 6 22 66 68 5 8 3 
1 7 74 41 27 3 3 5 
6 7 27 31 38 2 1 5 
7 5 19 4 37 1 5 5 
1 7 17 60 66 8 7 3 
0 9 32 18 40 3 5 6 
3 7 12 62 12 7 9 7 
0 6 29 53 73 2 2 2 
9 5 34 10 48 6 8 6 
6 5 7 20 45 9 1 6 
6 7 28 59 66 6 2 2 
3 8 47 63 11 2 4 3 
8 5 44 44 41 6 7 8 
6 2 26 36 77 1 8 5 
0 5 15 56 79 1 5 3 
5 9 61 25 49 4 7 7 
6 9 0 96 68 3 7 3 
5 8 30 56 67 6 8 1 
6 7 27 49 51 4 8 4 
8 9 34 51 29 3 2 3 
0 1 50 72 29 6 6 0 
4 2 6 49 26 3 4 4 
7 4 51 45 66 0 9 7 
3 7 0 63 40 3 4 5 
6 4 9 26 35 8 8 3 
3 0 49 37 50 4 2 4 
8 7 39 29 12 6 6 2 
6 5 34 47 71 9 0 2 
6 5 2 56 47 4 2 8 
8 4 25 72 53 4 9 6 
1 5 33 53 53 5 3 2 
7 6 44 23 29 1 0 3 
5 2 53 58 80 9 4 3 
8 0 11 71 68 6 0 5 
3 4 41 89 23 6 7 1 
0 7 31 43 58 2 5 4 
7 3 31 55 21 2 7 0 
9 3 20 12 56 2 3 5 
3 4 7 40 51 8 4 8 
5 4 30 69 46 6 2 0 
6 1 23 56 54 8 5 5 
6 2 33 53 61 7 6 6 
0 2 40 52 36 3 3 6 
9 3 61 65 61 1 5 0 
2 2 51 15 43 5 4 2 
6 4 43 37 100 6 2 4 
1 2 25 63 32 3 3 3 
4 2 20 24 64 5 9 3 
8 8 53 86 51 1 1 1 
4 7 34 52 42 1 7 2 
7 7 24 34 51 9 3 0 
6 3 46 43 61 2 9 8 
1 8 31 42 77 1 9 1 
6 6 0 82 37 9 4 1 
3 8 47 34 50 3 0 5 
5 5 24 57 63 7 8 8 
7 9 13 51 46 9 7 5 
3 1 26 71 56 6 6 7 
5 2 29 26 43 5 5 4 
3 4 29 54 64 1 4 2 
1 9 8 23 34 4 6 4 
7 0 55 21 66 1 0 7 
8 7 21 37 30 0 5 2 
9 3 53 39 66 1 5 3 
6 0 28 44 14 6 0 1 
5 3 51 31 53 9 1 8 
1 8 17 71 92 9 5 9 
7 9 45 30 60 4 7 1 
4 6 51 50 54 0 9 4 
3 1 58 61 59 0 0 2 
0 3 4 18 42 0 8 1 
0 3 48 43 8 1 1 0 
5 3 40 37 43 2 3 6 
6 7 48 43 42 3 5 7 
2 7 37 70 78 2 0 8 
8 3 15 58 53 5 8 3 
7 9 5 53 48 6 1 0 
1 2 62 39 60 7 9 6 
7 0 28 63 23 8 9 8 
0 5 56 68 31 3 7 1 
9 1 17 53 62 0 0 4 
3 2 8 66 64 0 5 2 
3 2 18 40 59 0 2 2 
0 7 32 67 70 8 5 2 
0 2 45 49 65 4 0 5 
6 6 0 13 37 8 6 7 
4 0 17 27 40 8 8 4 
8 0 9 14 51 5 2 1 
5 3 36 2 77 8 6 3 
8 9 11 56 18 2 8 2 
0 2 31 18 52 3 5 3 
3 3 36 1 71 0 4 5 
3 7 69 39 69 7 8 2 
1 7 21 36 95 4 0 8 
8 1 39 58 81 7 5 5 
2 2 14 56 47 8 9 5 
8 8 31 49 58 4 5 2 
2 2 36 95 60 9 0 8 
1 0 21 48 81 1 2 6 
4 0 10 82 49 6 9 4 
3 6 15 64 61 8 3 9 
7 5 42 24 44 7 0 2 
7 9 17 55 59 1 9 8 
6 1 35 41 44 1 2 3 
6 8 4 49 63 5 1 4 
3 3 19 33 54 1 4 1 
1 2 37 40 73 2 3 2 
4 3 43 52 75 6 6 5 
7 4 21 58 66 2 7 0 
0 9 37 50 16 2 2 4 
6 5 47 2 67 6 6 8 
5 5 17 43 39 1 5 0 
4 1 28 48 72 5 0 3 
6 0 18 74 45 8 4 6 
4 2 90 75 48 9 6 9 
2 1 41 62 71 0 6 0 
6 1 16 44 71 4 5 5 
0 1 67 39 41 5 8 0 
9 6 40 31 38 7 9 8 
6 6 60 32 48 7 1 2 
3 0 51 38 12 7 7 4 
5 0 6 64 7 2 3 8 
8 9 62 55 56 2 5 4 
6 7 12 72 68 1 2 5 
5 9 44 19 51 1 4 6 
9 9 26 65 42 4 7 7 
8 9 12 75 84 1 4 3 
7 8 0 9 99 8 0 2 
4 5 39 68 63 0 5 9 
3 8 24 24 52 9 4 0 
5 3 60 62 58 4 0 4 
8 7 55 59 42 9 0 6 
5 4 31 38 14 8 6 4 
0 9 17 28 76 3 5 8 
9 9 63 19 32 2 8 7 
4 2 43 73 47 2 1 3 
6 5 11 58 72 5 8 6 
6 5 37 9 58 9 0 5 
2 4 27 31 57 6 0 9 
9 4 33 61 47 5 1 9 
9 2 55 52 66 7 8 5 
9 0 36 76 75 5 5 5 
2 1 31 59 46 3 0 8 
5 9 18 30 48 2 2 2 
6 0 30 43 30 0 9 7 
8 2 3 44 55 3 7 3 
4 7 31 23 49 5 1 1 
5 9 11 63 81 7 8 3 
8 4 61 40 51 5 4 6 
9 5 57 55 56 1 3 6 
9 6 29 34 51 2 3 9 
0 5 14 46 73 7 7 1 
2 3 28 82 77 4 3 1 
5 1 12 49 94 3 2 3 
9 6 34 47 51 3 9 3 
7 6 40 54 57 9 5 7 
3 9 41 35 87 0 6 1 
1 5 27 44 35 5 4 2 
5 4 17 33 71 3 7 2 
1 8 69 44 43 9 8 3 
1 9 57 43 34 5 6 0 
6 1 5 24 72 2 6 9 
7 3 44 53 54 9 4 2 
3 4 9 46 51 0 5 8 
2 4 50 57 48 8 1 1 
7 7 14 22 38 2 9 8 
0 2 58 53 31 6 1 6 
1 4 12 53 56 8 7 9 
4 9 32 19 41 5 8 6 
4 8 46 49 40 5 0 8 
8 9 62 40 63 2 7 2 
6 2 20 22 72 6 4 4 
2 3 45 44 38 3 9 5 
5 9 0 56 30 7 9 1 
9 2 17 11 31 7 0 4 
3 3 43 32 28 0 9 5 
4 1 58 28 57 3 1 2 
4 2 0 57 24 5 6 2 
4 6 0 71 64 7 1 5 
4 2 19 98 61 6 5 3 
4 1 10 46 21 6 0 4 
1 4 24 46 42 7 6 5 
3 7 26 47 89 8 6 9 
9 3 33 47 58 3 1 4 
1 4 34 46 1 0 9 6 
1 7 1 47 12 9 6 6 
0 6 37 73 55 0 9 2 
4 8 37 47 87 3 1 6 
9 9 1 33 0 3 9 8 
9 6 2 53 75 5 8 2 
6 5 43 41 36 3 8 0 
1 6 9 49 9 8 8 5 
6 2 25 81 50 8 2 1 
6 6 46 76 94 4 7 4 
7 9 34 45 56 0 5 6 
2 1 0 26 60 3 1 7 
3 1 36 22 30 6 5 2 
7 6 65 80 68 5 5 5 
8 8 48 74 71 4 0 2 
5 8 34 27 73 0 2 3 
1 8 32 61 33 6 1 0 
3 8 36 33 51 1 8 9 
7 8 38 55 60 3 9 3 
8 5 39 64 51 9 8 4 
3 3 32 68 65 8 0 8 
2 3 23 90 68 9 8 7 
0 1 59 57 75 6 3 8 
7 8 24 49 65 9 7 1 
3 6 7 34 80 1 3 6 
5 5 30 60 52 9 7 5 
8 3 34 53 59 0 6 2 
7 7 7 100 61 5 0 3 
1 0 30 40 52 9 0 0 
9 4 33 40 58 7 1 5 
8 1 16 43 55 8 4 7 
0 4 84 61 43 2 2 3 
3 7 16 27 69 2 4 8 
2 7 24 52 42 2 1 5 
4 1 0 46 45 6 9 8 
0 7 29 48 32 6 8 4 
9 5 22 53 77 6 6 4 
0 7 9 8 56 6 0 6 
9 3 27 60 35 1 4 3 
5 8 29 46 46 7 8 8 
3 4 0 36 25 0 5 5 
5 6 34 26 38 1 8 9 
4 4 6 33 63 7 3 8 
3 2 24 61 48 7 6 0 
5 4 5 64 35 9 4 8 
7 8 39 39 82 3 1 7 
6 1 35 63 45 1 3 7 
9 8 38 14 55 3 7 2 
1 5 0 62 55 4 7 3 
6 5 41 64 47 9 5 5 
7 6 26 60 64 0 4 0 
8 7 23 93 85 0 7 5 
6 8 62 32 35 6 1 5 
4 2 40 15 62 0 0 8 
3 4 30 35 34 3 4 6 
7 6 41 58 58 3 2 4 
4 9 22 7 48 2 6 2 
7 9 0 56 27 0 2 3 
6 9 37 47 60 3 3 7 
0 2 23 68 48 3 9 4 
8 5 45 81 75 9 3 1 
8 3 0 40 58 9 0 1 
6 7 29 82 13 0 7 4 
0 7 52 29 60 6 4 8 
9 3 26 43 65 7 7 2 
7 3 56 0 26 3 4 7 
8 9 46 47 54 8 6 8 
7 4 38 68 41 3 1 8 
0 7 33 56 14 7 1 2 
3 2 13 62 47 0 8 5 
0 8 42 76 53 3 5 4 
5 4 40 41 67 7 6 3 
8 4 43 50 69 4 2 5 
4 1 28 59 57 2 5 1 
3 4 29 69 68 0 2 1 
8 8 23 48 40 9 5 8 
2 8 0 51 45 9 8 5 
5 3 16 22 52 0 5 9 
6 5 34 72 67 6 5 3 
5 2 27 45 75 2 6 8 
5 2 15 40 66 7 7 4 
0 7 15 14 4 0 0 3 
5 5 27 74 62 8 9 1 
2 8 32 8 75 8 9 6 
5 0 6 52 45 8 4 4 
7 2 34 70 44 9 4 0 
3 9 38 54 48 0 6 9 
9 0 0 59 36 7 7 0 
5 8 54 72 58 6 0 5 
3 6 75 36 49 0 6 0 
0 1 0 82 46 8 8 1 
3 4 14 45 36 3 0 2 
4 6 70 47 51 3 1 9 
2 2 23 54 30 1 3 0 
4 2 35 62 57 1 4 8 
2 6 2 45 81 7 0 5 
0 0 16 5 35 8 3 2 
0 9 48 32 75 8 5 5 
4 0 17 42 44 2 4 2 
7 6 21 75 32 8 7 3 
0 2 43 91 47 9 3 3 
8 9 19 45 33 0 9 9 
3 0 39 27 12 2 6 8 
8 5 0 55 25 1 6 0 
4 0 58 73 9 8 0 5 
1 3 10 32 53 1 8 1 
5 0 21 63 65 6 2 3 
7 2 39 61 21 7 3 7 
8 1 0 75 38 2 8 5 
5 6 52 52 24 9 3 2 
8 5 0 68 44 0 4 5 
5 7 43 37 39 3 7 3 
0 0 29 29 64 6 6 4 
4 5 15 51 36 5 0 3 
4 3 53 44 42 8 6 0 
5 6 22 55 51 9 3 3 
6 2 57 55 49 3 1 9 
1 2 56 36 35 0 3 9 
8 2 37 48 45 2 4 7 
3 2 30 44 30 2 2 8 
4 3 30 91 59 9 5 0 
7 1 41 31 28 8 6 1 
6 5 34 32 69 9 6 1 
6 9 21 56 47 6 4 8 
8 7 65 51 48 2 7 0 
7 1 0 38 55 5 2 2 
6 2 39 34 66 5 5 2 
4 4 22 61 24 6 3 5 
9 1 3 43 62 0 9 1 
9 0 8 39 50 2 1 9 
1 4 8 21 61 2 5 5 
2 6 50 75 50 0 4 9 
5 8 47 66 5 2 0 5 
4 1 11 53 60 2 8 6 
0 3 11 49 64 1 0 1 
5 6 35 54 43 3 3 4 
0 8 0 60 41 3 7 1 
6 4 27 24 42 4 8 5 
6 8 29 49 43 9 5 0 
1 4 23 73 37 4 4 7 
3 1 34 55 66 3 5 4 
0 4 58 63 55 8 4 2 
4 7 35 72 66 7 1 9 
0 9 43 50 29 2 2 8 
2 6 40 70 67 2 9 6 
8 5 23 23 45 1 2 0 
6 9 36 43 41 1 5 9 
8 6 18 66 52 1 2 2 
1 2 33 36 52 4 4 0 
2 5 51 56 28 5 0 3 
6 5 58 28 58 6 5 0 
2 3 22 20 72 7 8 1 
7 6 9 36 40 2 4 5 
2 2 57 23 7 1 2 6 
5 3 45 78 79 5 9 7 
5 8 39 21 48 9 8 6 
9 0 48 41 69 0 9 6 
5 1 46 66 36 6 6 9 
7 1 55 80 42 8 3 5 
6 9 28 53 21 9 1 8 
8 5 7 76 9 9 4 2 
3 6 12 43 61 1 5 5 
2 6 0 13 70 9 8 5 
3 1 57 0 66 9 7 2 
5 0 48 51 57 2 7 2 
7 8 37 68 42 6 8 5 
5 5 35 70 56 9 6 4 
3 7 8 25 60 9 7 3 
9 8 0 63 39 6 8 9 
7 4 27 93 46 8 3 3 
5 3 40 38 43 6 7 8 
2 8 22 51 39 9 6 3 
2 7 28 77 67 1 0 2 
1 1 1 33 56 8 3 8 
1 2 19 27 59 6 5 5 
9 5 20 45 56 7 3 1 
1 7 15 29 64 0 9 4 
1 7 0 0 58 3 7 3 
9 3 21 59 53 7 3 0 
0 6 26 80 44 6 3 3 
3 2 0 25 8 3 5 0 
2 1 39 70 60 1 5 0 
1 0 32 28 34 9 5 3 
9 2 46 22 67 6 8 8 
4 7 29 50 79 8 5 8 
2 0 0 31 28 3 4 1 
0 7 44 43 50 8 0 7 
5 0 48 32 32 0 9 8 
9 2 24 35 67 3 3 0 
8 8 63 32 57 1 2 1 
5 4 43 29 46 8 0 5 
8 5 42 55 72 4 4 5 
8 0 39 44 5 3 0 4 
7 1 52 39 36 8 4 3 
7 0 56 43 80 9 0 6 
4 1 28 54 20 6 9 5 
3 5 35 45 56 2 2 4 
5 1 24 59 45 4 9 2 
1 5 0 32 45 4 3 3 
7 2 54 68 48 6 9 9 
2 0 0 97 28 7 3 2 
9 0 4 9 36 0 5 2 
7 3 36 36 62 1 1 7 
2 7 10 53 27 9 4 2 
0 0 23 50 50 1 0 0 
8 9 11 73 60 9 1 8 
3 0 0 7 106 1 1 1 
9 2 40 64 67 7 0 4 
0 4 51 45 26 4 7 9 
6 1 31 44 25 3 5 8 
5 3 41 70 66 7 4 1 
8 4 28 39 37 3 4 7 
4 7 36 73 66 7 4 3 
7 4 22 24 65 2 0 6 
0 8 7 65 24 8 1 8 
6 6 33 29 32 4 8 2 
3 9 8 62 66 8 7 3 
7 5 13 63 67 7 7 9 
1 2 40 50 52 5 6 3 
6 5 3 39 22 8 8 9 
4 9 40 29 41 7 3 9 
0 5 57 46 45 8 2 6 
6 9 19 38 36 8 1 2 
2 0 35 28 37 3 1 7 
4 7 35 41 49 9 0 3 
7 2 49 48 64 5 4 9 
2 6 0 47 58 8 4 3 
4 6 74 39 26 7 1 0 
3 7 0 27 17 7 2 1 
8 2 14 43 25 7 9 4 
3 3 43 57 18 3 7 6 
3 4 21 43 75 4 3 0 
8 4 20 72 49 0 1 5 
4 1 58 32 51 9 1 7 
8 5 1 81 29 3 9 5 
4 7 22 69 41 5 9 1 
5 4 20 38 70 7 4 3 
1 1 23 25 37 6 3 1 
8 9 14 50 53 3 0 9 
7 0 60 54 41 8 1 6 
4 0 0 28 45 1 0 9 
1 1 51 20 47 8 7 9 
4 0 63 35 43 4 2 7 
4 4 6 51 15 8 4 7 
2 4 27 24 81 2 2 2 
2 5 8 47 68 9 7 6 
3 1 9 39 40 4 9 5 
5 5 29 64 53 1 4 3 
3 0 32 60 47 2 9 3 
8 9 23 32 29 5 0 1 
2 1 28 50 55 9 4 6 
5 7 34 37 48 3 5 3 
0 6 20 78 43 3 4 7 
4 0 14 35 39 6 3 4 
2 6 42 73 56 5 1 2 
1 8 37 16 31 2 5 3 
0 9 9 27 51 3 7 8 
5 3 42 23 26 6 7 2 
3 0 36 47 15 3 8 5 
8 1 71 65 26 5 7 3 
7 3 29 47 65 9 5 6 
7 4 18 40 59 6 0 9 
3 6 22 43 47 9 3 1 
9 9 57 43 38 0 3 8 
9 4 20 15 47 0 1 0 
5 5 20 47 42 7 2 1 
7 3 31 88 74 5 8 4 
9 4 38 40 70 5 8 7 
3 6 47 33 50 1 7 7 
5 7 35 43 29 7 2 8 
0 3 18 73 69 9 5 0 
5 0 26 80 80 0 6 2 
9 3 19 17 45 4 0 0 
6 8 67 55 5 3 1 1 
1 2 23 46 7 4 3 9 
8 1 31 57 79 6 7 2 
2 0 50 38 27 1 9 7 
3 1 53 22 36 8 0 5 
3 8 54 47 29 3 3 5 
4 1 25 50 71 4 6 1 
2 9 44 23 109 5 6 2 
0 5 21 51 74 5 0 1 
6 8 12 38 37 4 5 9 
6 0 34 33 63 4 3 0 
8 2 12 36 16 3 5 1 
2 3 48 54 39 6 4 4 
7 9 32 66 42 1 0 8 
7 8 0 47 77 2 7 3 
8 0 34 53 38 8 6 4 
3 7 47 70 44 9 8 8 
7 2 25 51 54 0 2 6 
9 2 0 42 52 4 0 3 
1 3 0 87 62 2 9 7 
8 0 37 19 46 6 5 0 
2 5 20 15 52 7 3 9 
8 2 37 43 43 0 1 1 
1 5 59 46 49 7 1 2 
5 8 0 69 34 6 5 6 
8 0 22 24 36 8 0 6 
4 0 4 46 51 3 1 7 
1 8 52 16 44 0 5 8 
9 0 16 65 14 5 7 6 
9 4 32 54 47 4 7 9 
7 8 27 59 31 2 1 6 
9 8 39 74 73 0 5 0 
6 3 70 38 62 4 5 2 
3 3 16 56 51 8 5 0 
7 0 54 71 83 8 5 0 
8 9 2 24 69 9 6 7 
9 7 23 63 32 6 2 1 
2 5 13 51 69 7 7 4 
2 6 6 50 42 3 8 2 
9 8 30 70 72 0 7 7 
3 2 118 95 72 6 7 5 
9 5 14 84 80 8 7 2 
1 0 29 31 68 7 1 1 
9 1 41 19 12 5 2 7 
5 4 18 35 38 6 0 0 
9 4 20 53 61 7 0 1 
3 7 12 74 54 1 9 3 
0 1 65 40 41 5 0 3 
1 0 12 98 48 8 5 4 
1 1 43 69 70 7 6 9 
1 5 18 42 44 5 5 4 
5 9 57 43 65 9 8 0 
6 8 2 69 65 7 5 2 
0 5 39 61 41 8 1 9 
1 4 31 92 63 9 6 3 
8 6 78 42 60 1 1 0 
6 6 39 30 39 2 8 9 
7 3 30 52 49 7 3 8 
5 1 28 59 42 3 5 6 
8 8 4 9 98 7 5 6 
9 4 29 41 9 2 7 2 
0 4 44 39 70 7 2 2 
4 3 15 42 63 4 8 8 
5 4 29 43 52 8 6 4 
6 1 32 42 41 7 4 1 
6 5 1 102 52 2 2 0 
8 5 41 15 69 5 8 6 
1 3 40 103 39 4 2 9 
1 2 44 36 65 2 9 0 
9 3 55 25 73 2 0 6 
2 4 33 83 41 5 0 0 
0 1 2 92 65 3 0 9 
1 4 0 32 29 5 1 0 
6 2 42 7 82 0 0 4 
3 7 40 25 26 0 4 8 
4 0 56 56 47 0 9 8 
5 4 34 61 41 2 2 8 
6 4 0 92 74 8 3 7 
9 5 63 45 19 0 0 9 
1 8 36 41 40 7 9 3 
3 8 27 53 14 4 0 9 
8 5 38 51 35 9 6 7 
5 2 38 81 28 5 3 4 
8 0 29 35 60 4 5 6 
3 1 28 59 19 4 4 9 
8 8 31 42 39 0 6 1 
4 9 3 40 61 7 5 9 
5 7 51 64 21 2 9 2 
3 4 46 70 46 9 4 4 
7 4 75 54 38 8 4 8 
2 3 37 33 39 4 7 0 
7 0 17 81 50 5 5 6 
3 5 12 69 23 7 4 6 
7 3 38 47 60 5 1 2 
6 0 26 40 39 8 8 1 
3 9 54 93 26 7 0 7 
9 7 58 37 99 4 7 7 
2 3 37 78 19 9 1 3 
1 0 20 33 52 2 6 6 
7 9 17 58 29 4 3 6 
8 9 22 55 59 2 9 8 
2 2 49 5 18 5 1 8 
2 1 66 16 20 3 3 0 
2 4 18 57 39 8 7 3 
9 3 30 94 33 2 5 8 
6 7 42 46 64 7 6 8 
6 1 70 74 11 8 1 8 
6 9 26 74 21 8 4 2 
3 8 33 42 44 6 2 1 
3 8 28 51 25 0 2 9 
4 7 62 47 56 5 5 0 
3 7 39 57 29 9 7 9 
6 0 27 20 21 6 8 0 
2 4 7 46 46 5 6 3 
8 9 75 51 35 6 8 1 
0 6 61 42 55 0 9 2 
0 2 9 47 40 6 2 8 
2 2 41 31 37 8 1 8 
7 4 79 56 36 7 4 4 
3 2 37 41 45 9 9 0 
4 0 0 28 47 3 5 1 
9 9 32 24 40 9 1 7 
2 4 16 63 64 0 6 7 
6 2 59 39 48 1 1 7 
9 6 44 61 38 3 1 8 
9 8 20 71 55 8 7 0 
9 0 5 0 70 7 5 5 
9 0 35 64 57 8 9 6 
0 5 26 43 0 0 6 1 
6 7 73 84 49 2 4 1 
3 7 37 52 49 4 2 7 
3 0 13 35 59 2 4 1 
8 9 31 79 45 3 0 1 
6 7 0 31 79 0 2 9 
7 0 34 66 57 9 4 3 
9 8 21 36 72 8 5 2 
4 6 43 25 22 1 1 3 
8 2 25 54 38 1 9 5 
3 8 21 10 17 8 4 2 
5 1 25 74 48 3 7 1 
8 3 61 25 34 1 6 1 
9 3 43 60 21 0 0 5 
2 8 45 39 46 3 1 0 
1 6 0 77 46 0 3 9 
0 4 45 47 42 3 1 4 
3 0 16 69 32 3 9 0 
1 8 48 34 41 0 3 1 
6 0 74 52 43 5 5 9 
1 7 26 82 56 9 5 5 
6 2 19 30 43 1 5 0 
6 0 46 41 69 1 9 7 
7 8 22 51 52 6 1 6 
8 5 50 40 75 4 3 3 
0 2 11 46 44 7 3 1 
4 6 54 48 37 0 4 9 
0 0 0 30 54 6 6 2 
8 0 13 41 33 3 1 1 
1 0 52 65 57 2 9 3 
4 0 23 26 73 7 8 1 
2 6 45 72 60 7 3 3 
6 0 60 41 76 6 0 2 
6 7 2 55 32 7 0 6 
5 6 45 32 12 9 3 2 
6 0 36 61 80 8 5 0 
7 5 40 31 67 1 8 6 
5 8 48 48 76 9 8 8 
9 1 47 36 55 9 9 2 
7 3 35 63 52 9 7 9 
0 0 21 65 32 1 5 3 
2 5 33 41 68 8 3 5 
1 4 51 46 58 7 5 7 
6 9 0 62 59 4 6 7 
4 5 44 62 40 5 6 7 
5 0 51 62 81 4 0 3 
4 4 23 42 22 9 8 6 
4 9 22 57 46 7 4 8 
2 8 31 81 70 8 2 9 
8 4 51 108 45 9 6 4 
6 0 54 55 43 7 2 9 
3 0 17 54 16 8 4 4 
2 4 74 49 59 0 2 8 
3 4 19 63 81 6 6 3 
0 8 32 9 59 6 7 1 
7 8 22 43 65 5 4 4 
1 8 4 75 34 4 8 2 
9 2 75 58 51 3 7 7 
0 2 20 80 0 8 0 8 
3 3 14 27 86 0 9 2 
3 4 0 51 52 7 7 9 
8 5 35 24 76 2 9 2 
7 5 61 50 24 5 3 0 
7 8 27 37 49 2 6 3 
5 7 37 77 90 5 8 0 
0 9 33 41 82 7 0 8 
1 1 44 41 61 7 9 9 
2 7 19 53 53 7 9 0 
2 1 30 29 67 1 9 5 
6 9 32 44 33 1 9 2 
3 8 49 46 83 1 6 0 
7 7 27 73 59 5 4 1 
6 8 36 50 31 7 9 8 
4 7 16 61 84 5 8 6 
5 4 18 40 56 9 9 1 
0 6 31 33 31 2 2 7 
6 4 52 51 54 2 7 0 
6 2 53 76 55 0 2 8 
4 9 31 26 75 2 4 0 
0 6 43 70 30 4 7 7 
0 7 9 31 64 4 7 7 
5 4 17 74 14 5 0 6 
2 4 11 48 38 7 5 7 
3 8 50 44 66 8 8 0 
6 9 19 53 43 2 9 6 
9 6 78 36 87 9 1 9 
6 1 38 28 35 3 3 6 
9 6 15 45 45 5 8 9 
7 9 35 51 35 2 2 2 
9 5 0 82 67 7 4 7 
1 3 16 63 33 9 7 6 
9 2 18 42 90 6 0 0 
8 3 27 51 49 6 4 1 
5 9 20 83 49 7 6 1 
2 5 39 31 40 0 6 3 
8 7 18 27 87 4 0 3 
0 8 37 67 35 6 9 7 
6 5 49 63 31 9 3 6 
1 3 30 58 56 3 3 5 
8 2 68 44 27 6 7 2 
2 2 23 62 67 1 0 4 
2 9 23 19 68 9 8 0 
4 7 2 67 42 5 2 0 
6 1 52 57 43 2 7 3 
5 7 43 59 30 3 0 7 
1 2 16 19 36 9 7 5 
7 1 31 75 27 6 0 5 
4 4 0 67 61 5 8 4 
3 9 7 42 66 8 4 3 
1 9 22 58 70 6 8 5 
9 2 19 85 71 6 1 4 
0 1 19 61 29 8 2 4 
4 6 41 11 55 5 5 5 
0 2 34 76 26 7 3 2 
6 7 16 73 71 2 8 3 
9 4 43 48 25 1 8 1 
9 2 9 60 36 7 4 4 
5 0 0 57 63 9 7 0 
3 4 57 35 26 0 9 7 
3 5 48 25 13 8 1 4 
8 8 0 44 53 2 5 5 
6 0 19 72 71 8 9 4 
8 1 32 50 37 2 2 0 
2 5 29 70 49 7 9 9 
8 3 4 58 3 0 3 3 
4 1 0 51 85 5 9 3 
2 6 2 2 41 9 3 1 
4 6 27 23 32 5 0 7 
7 5 14 62 68 3 9 1 
8 4 32 35 30 4 6 4 
6 6 53 76 65 8 5 0 
9 1 27 59 59 6 1 2 
0 5 5 55 61 0 5 2 
6 3 68 44 65 9 9 9 
3 8 82 53 39 5 1 2 
4 0 44 46 66 5 6 9 
8 6 16 67 51 3 7 9 
3 4 49 66 42 8 9 2 
2 1 49 65 36 6 3 6 
7 5 32 25 60 1 7 7 
8 9 47 12 39 1 8 6 
8 1 7 54 32 8 5 5 
9 9 66 20 58 5 2 9 
1 3 32 62 10 8 7 9 
2 1 48 18 80 9 5 5 
1 5 46 43 56 3 1 3 
0 6 40 94 40 8 6 3 
8 6 30 79 41 6 6 0 
1 8 63 65 50 4 1 9 
4 0 34 60 60 7 3 0 
0 4 33 56 37 3 5 4 
3 3 20 53 73 3 8 2 
7 3 42 57 74 4 0 5 
8 2 9 79 45 2 9 4 
1 1 33 26 30 4 8 5 
9 3 60 84 65 0 7 5 
4 3 13 33 36 3 2 9 
0 5 69 44 61 6 7 0 
1 0 35 59 58 5 5 0 
7 3 20 44 63 2 7 5 
4 9 25 55 23 0 8 1 
1 9 18 50 67 8 1 9 
3 3 25 61 32 8 8 9 
0 4 37 39 88 2 1 6 
4 5 28 33 78 1 4 8 
3 4 60 34 55 5 5 5 
2 8 41 31 59 2 4 2 
6 2 52 78 16 8 1 4 
3 9 27 50 37 7 4 3 
5 7 3 38 52 0 9 3 
3 9 43 52 50 3 4 2 
4 0 48 47 26 2 8 1 
6 8 3 43 15 5 6 0 
7 8 32 37 41 7 3 3 
8 7 44 67 34 8 9 8 
7 4 25 46 31 1 4 7 
0 7 25 58 89 2 7 6 
0 6 40 56 70 2 8 5 
8 3 36 25 22 0 2 2 
8 6 25 24 29 9 8 8 
8 1 27 75 50 2 2 3 
6 4 0 28 50 4 4 8 
4 0 45 68 79 1 1 4 
9 7 29 17 76 8 2 2 
2 1 37 54 65 0 3 0 
4 4 31 50 31 6 8 9 
4 8 33 28 36 8 4 7 
8 9 18 99 98 9 3 4 
3 1 28 11 46 0 5 4 
7 1 6 90 72 8 5 8 
1 9 12 45 89 0 7 9 
6 1 45 43 46 8 5 1 
8 1 0 47 14 1 7 2 
5 1 15 27 2 3 0 9 
8 4 40 72 32 9 1 7 
6 6 26 36 93 4 7 2 
8 8 27 46 61 0 4 0 
8 8 16 40 18 5 4 4 
8 8 0 13 88 2 2 9 
9 0 3 62 52 2 3 7 
6 9 0 50 54 6 0 1 
0 5 24 24 21 0 0 6 
0 9 12 14 68 4 5 6 
7 1 66 60 43 5 6 4 
5 5 44 65 68 6 5 6 
6 0 8 8 45 4 2 1 
7 3 41 32 78 0 7 3 
9 3 23 64 32 7 7 4 
1 5 16 63 70 2 8 9 
7 1 26 52 55 7 9 1 
1 0 10 51 42 5 6 7 
6 1 38 32 68 2 7 0 
4 2 19 62 53 2 3 6 
7 8 20 61 64 0 4 1 
6 3 0 33 52 2 7 1 
5 9 52 31 46 8 3 4 
5 7 74 38 61 8 1 6 
5 2 16 68 22 3 3 6 
9 8 35 105 40 5 6 3 
9 0 6 41 0 7 0 2 
4 8 29 33 94 3 9 1 
7 8 26 56 99 1 6 5 
6 6 46 57 78 8 3 4 
7 4 44 40 78 4 2 6 
0 1 57 84 59 7 5 8 
5 4 18 44 103 1 6 4 
7 8 41 78 24 5 9 2 
0 9 20 47 57 5 9 6 
6 9 7 24 29 2 5 1 
7 7 2 107 51 4 5 3 
2 6 37 66 31 9 9 0 
0 2 31 31 59 5 3 9 
7 8 18 17 55 0 4 4 
4 6 18 51 59 5 1 3 
9 4 44 57 21 3 5 0 
9 9 36 20 37 8 8 3 
2 2 23 31 35 7 0 9 
4 8 10 46 19 5 1 6 
2 6 49 14 45 2 5 8 
3 6 69 23 44 4 1 6 
8 6 71 70 43 4 1 8 
5 5 59 52 17 3 8 1 
8 1 60 23 57 8 6 0 
0 7 30 33 71 2 6 0 
0 1 16 41 62 4 5 6 
2 0 12 86 49 9 8 0 
6 1 29 53 62 5 5 2 
4 7 17 13 32 4 2 6 
9 8 14 67 16 6 7 0 
9 1 18 35 43 9 5 4 
3 8 25 53 69 2 1 2 
1 9 35 48 56 7 0 7 
4 9 29 19 31 5 9 9 
2 9 20 33 75 7 7 2 
9 3 32 23 34 4 9 0 
0 2 5 73 74 6 4 6 
8 2 0 84 71 4 5 9 
3 5 7 62 48 1 9 8 
4 3 37 75 55 0 0 0 
8 7 41 23 39 6 8 8 
6 4 3 89 37 2 2 3 
8 0 7 77 29 6 1 5 
0 9 32 51 58 2 3 7 
3 5 40 52 66 6 6 6 
5 0 33 73 79 0 9 4 
9 7 50 48 55 3 6 3 
7 2 31 83 43 1 3 9 
7 7 44 56 36 0 0 1 
3 3 7 75 59 1 0 3 
2 8 15 56 42 8 6 0 
3 5 27 25 42 0 0 2 
0 9 50 43 12 9 8 4 
7 0 38 34 36 7 6 9 
1 9 25 44 25 1 0 3 
8 9 11 25 55 7 6 2 
6 2 48 59 54 8 3 9 
2 6 26 60 97 0 1 0 
0 3 22 109 73 8 5 2 
8 6 40 70 40 9 6 3 
8 4 45 62 36 7 2 5 
5 0 9 89 72 8 4 9 
9 4 56 52 45 3 0 9 
7 6 49 54 46 3 0 1 
8 4 2 47 51 7 6 1 
3 3 77 32 46 7 3 8 
6 9 52 66 36 4 7 4 
9 7 31 32 55 7 5 0 
2 7 23 68 91 7 9 3 
3 7 35 40 85 0 7 1 
5 6 6 0 28 7 7 1 
5 6 35 44 49 8 3 7 
7 6 24 61 29 0 4 2 
4 3 32 62 38 6 3 3 
5 2 9 35 47 2 9 2 
4 7 33 62 56 8 6 0 
1 8 18 41 11 3 2 3 
0 3 43 41 43 8 4 7 
7 1 4 14 45 5 5 0 
8 0 30 51 51 7 4 2 
0 3 44 74 72 5 7 0 
1 5 45 56 55 8 1 7 
9 9 55 85 85 1 9 0 
5 9 56 43 35 9 0 5 
7 9 9 67 12 5 7 4 
6 7 21 19 47 1 9 1 
4 9 26 56 67 2 2 4 
2 9 8 57 47 0 1 2 
2 7 12 44 47 8 0 3 
0 5 25 37 43 3 5 7 
5 7 38 9 77 0 3 0 
9 7 29 71 55 7 2 3 
8 2 41 30 48 2 9 7 
2 4 8 46 58 6 3 1 
8 9 15 47 87 0 1 4 
2 2 41 84 53 1 2 3 
1 4 27 0 73 5 5 3 
3 2 33 79 73 4 9 0 
9 2 53 33 63 3 9 6 
0 1 47 51 47 1 7 4 
4 5 41 6 26 4 9 1 
4 4 23 66 46 9 7 1 
1 0 0 43 37 6 1 4 
3 5 41 60 10 5 5 7 
4 0 19 57 66 1 0 3 
7 2 34 75 56 6 9 5 
3 3 26 66 52 2 1 0 
8 8 70 57 65 4 8 2 
6 6 13 50 61 3 6 1 
9 2 57 70 26 7 0 5 
7 6 32 21 63 8 9 0 
8 2 16 83 82 3 7 0 
9 6 69 4 19 7 3 8 
0 9 57 46 72 0 0 0 
5 6 17 46 39 1 0 0 
7 4 24 46 38 6 8 6 
2 4 34 19 72 2 3 7 
3 1 21 65 34 0 7 0 
2 8 23 49 80 5 7 6 
3 6 10 74 73 1 1 7 
0 9 63 34 34 2 3 9 
1 2 57 30 44 9 8 0 
2 3 38 54 55 7 3 4 
2 3 32 39 53 3 2 5 
3 7 53 68 64 6 9 9 
0 3 28 36 39 0 2 5 
0 2 47 22 52 8 5 3 
9 0 0 59 89 8 4 5 
6 1 43 66 72 3 4 3 
8 6 0 3 25 1 4 8 
9 0 0 45 31 6 9 4 
7 0 12 46 14 0 8 0 
0 0 48 66 55 9 5 2 
9 2 2 48 35 1 6 7 
9 9 33 50 62 8 6 2 
4 0 32 84 84 8 6 6 
5 2 45 39 5 0 8 8 
0 0 53 46 69 9 7 3 
7 7 57 99 65 8 5 5 
5 5 31 48 45 8 0 2 
8 4 37 73 51 8 9 6 
6 7 25 84 56 2 1 5 
6 4 0 54 58 1 5 6 
7 3 37 51 55 6 0 2 
9 8 8 70 70 2 9 4 
1 3 25 58 58 2 4 7 
6 8 29 7 91 0 3 9 
3 2 3 14 57 0 5 1 
6 5 38 33 16 0 9 7 
5 7 4 2 63 8 1 4 
6 4 0 21 78 2 1 2 
8 7 43 61 37 6 3 1 
1 0 40 58 82 8 4 0 
2 5 37 57 13 4 6 9 
0 4 43 46 36 5 3 1 
4 2 7 23 7 4 6 0 
0 8 17 36 28 4 8 8 
7 1 42 31 41 5 7 2 
3 7 22 67 49 7 5 0 
3 9 25 12 68 6 7 6 
5 8 13 60 26 3 2 2 
1 5 14 103 99 0 0 6 
2 9 36 54 40 1 7 9 
4 5 6 43 33 6 0 3 
6 0 18 26 58 1 0 0 
7 0 18 39 69 1 8 8 
9 0 39 0 66 3 4 2 
9 6 33 43 53 7 6 7 
2 6 22 74 53 4 6 1 
7 0 0 65 19 0 2 1 
2 6 0 76 26 5 8 1 
5 0 42 56 24 7 4 8 
6 4 0 67 99 7 8 7 
5 0 69 60 57 8 7 5 
5 5 31 38 2 4 1 4 
5 3 22 55 52 1 3 9 
8 8 16 39 78 9 6 8 
5 8 18 22 40 8 2 6 
4 9 6 69 31 8 9 8 
3 5 36 44 59 3 5 3 
5 7 27 58 97 4 6 2 
2 7 53 73 47 6 0 4 
6 3 40 58 11 0 4 5 
3 7 27 44 86 4 8 7 
8 3 39 29 69 3 3 7 
3 9 32 61 60 8 5 9 
1 2 40 66 56 0 8 9 
9 8 43 49 60 2 9 7 
0 4 47 68 50 0 9 7 
6 0 40 44 31 7 9 7 
7 9 39 21 52 2 7 2 
4 2 35 35 62 9 8 0 
8 1 2 72 39 5 0 6 
6 4 17 54 61 7 7 7 
6 0 21 65 72 8 7 1 
7 8 30 62 45 4 5 9 
1 1 74 50 44 6 5 1 
2 1 55 40 49 1 1 7 
2 5 6 77 44 4 3 7 
8 6 17 21 90 3 2 5 
1 2 27 42 32 0 1 4 
8 0 34 19 52 5 3 7 
3 1 36 44 62 5 5 6 
7 9 46 44 44 2 5 1 
8 5 5 74 13 7 3 7 
5 2 38 47 41 3 5 7 
3 3 14 43 44 8 9 9 
8 3 13 70 75 5 6 2 
8 7 37 33 51 6 1 4 
8 6 0 53 64 9 3 5 
9 7 8 28 21 6 1 5 
5 8 42 73 24 3 8 9 
8 5 26 32 27 2 8 4 
0 7 49 73 57 6 2 9 
3 0 74 53 42 4 1 6 
8 1 25 33 24 7 7 5 
2 7 27 59 7 1 2 9 
8 3 35 57 62 9 0 4 
5 2 31 60 68 8 0 2 
8 1 49 42 61 7 5 0 
3 4 0 64 62 8 7 4 
7 4 62 62 51 5 5 1 
5 0 0 83 76 7 7 4 
2 8 7 42 71 2 0 1 
8 5 21 54 44 1 7 1 
1 1 50 54 65 8 9 8 
3 9 31 66 54 5 9 4 
0 7 40 26 60 1 2 3 
2 6 0 45 12 7 0 3 
8 1 28 64 67 6 1 7 
3 3 28 34 39 5 6 7 
5 9 34 56 53 3 4 2 
9 4 61 56 62 3 9 6 
3 9 44 61 89 2 0 2 
9 5 42 52 50 1 9 9 
9 1 28 45 40 3 8 7 
8 7 31 54 80 6 9 4 
4 9 15 39 95 5 5 5 
2 1 57 67 35 8 3 0 
0 7 23 37 45 1 6 2 
4 0 27 38 11 5 1 6 
9 0 23 17 48 3 9 7 
2 1 0 53 72 0 7 1 
3 9 46 50 58 2 4 9 
0 3 69 49 52 1 4 4 
0 0 54 70 29 6 0 3 
0 0 19 41 43 5 1 6 
0 3 29 48 37 0 5 4 
7 2 24 63 27 2 2 8 
7 3 41 49 72 6 4 6 
7 3 19 0 28 8 0 1 
6 1 43 67 22 4 2 1 
9 9 12 45 68 8 3 6 
7 1 52 34 50 4 5 8 
0 9 40 51 50 7 1 0 
3 2 25 18 30 7 9 5 
7 3 30 73 56 5 1 5 
1 3 25 30 61 2 2 8 
5 9 46 42 70 1 8 8 
8 1 15 44 45 0 4 1 
5 5 42 81 51 0 7 1 
1 7 24 74 68 3 9 2 
7 0 49 77 74 2 6 2 
5 9 10 30 70 9 3 7 
2 6 40 67 52 8 0 7 
9 3 18 64 69 3 2 4 
3 2 50 55 72 2 6 3 
1 0 14 33 71 1 2 7 
6 4 13 34 40 7 9 3 
1 4 24 16 35 9 3 0 
3 9 48 72 33 4 7 3 
8 5 7 55 64 6 0 6 
6 5 18 56 61 7 0 2 
6 0 41 58 81 0 8 8 
6 5 12 34 53 0 4 8 
0 8 31 54 62 1 1 8 
8 4 18 22 91 3 4 9 
5 3 63 47 71 9 1 4 
1 0 51 52 37 1 2 9 
7 7 20 37 54 7 9 1 
4 4 0 63 51 7 4 9 
3 7 65 29 94 2 6 9 
0 1 14 78 63 4 8 9 
8 4 7 41 41 4 0 0 
3 1 4 16 51 3 4 6 
6 2 65 58 79 5 6 8 
5 3 8 21 7 2 8 2 
4 6 23 33 75 5 3 0 
3 3 38 48 26 4 0 8 
0 9 26 46 35 7 6 0 
6 6 7 55 37 0 3 3 
1 4 11 46 52 1 6 3 
0 6 40 36 17 5 7 2 
3 0 54 53 35 9 4 2 
3 5 34 18 18 7 6 7 
3 9 58 40 25 1 5 5 
4 6 17 40 50 2 2 1 
8 3 34 62 81 8 0 4 
8 4 43 58 45 4 4 2 
9 1 19 80 52 9 6 2 
9 8 10 39 37 7 6 1 
2 9 3 18 29 7 4 2 
4 8 27 40 55 5 0 0 
5 5 25 55 24 4 3 7 
7 0 2 60 85 1 7 6 
3 9 31 56 68 6 8 7 
7 9 30 85 52 2 8 9 
3 2 32 51 36 0 6 6 
6 6 52 74 30 9 5 9 
0 7 23 27 46 5 3 7 
3 1 10 59 45 5 4 7 
9 2 16 31 24 5 5 6 
5 6 22 47 62 0 8 4 
5 6 40 90 74 0 8 9 
3 0 33 65 39 1 6 8 
9 9 47 52 46 7 2 5 
3 0 10 70 36 2 0 0 
1 7 45 59 35 1 8 0 
6 9 9 75 34 6 3 3 
1 2 0 75 85 6 6 5 
3 4 22 26 53 4 6 4 
7 7 0 23 79 2 5 0 
7 6 57 44 27 7 2 9 
5 7 18 31 34 2 2 3 
3 9 48 53 33 0 0 7 
9 1 43 38 37 4 7 6 
9 0 40 24 67 3 5 5 
5 1 44 49 59 0 7 8 
5 8 20 52 26 3 6 3 
8 9 19 0 32 9 7 1 
0 7 0 53 38 9 5 5 
9 2 24 40 47 2 6 7 
8 7 5 22 49 2 1 5 
3 4 43 75 44 2 4 7 
9 8 73 88 77 5 8 7 
0 7 37 75 41 0 3 4 
6 4 4 62 29 0 0 7 
1 6 12 59 63 9 1 8 
0 3 0 61 78 1 6 9 
5 1 0 37 66 3 2 1 
3 5 40 30 37 2 5 2 
2 0 49 59 21 9 4 2 
1 9 48 70 44 2 2 1 
7 6 23 67 25 8 1 0 
1 4 18 74 19 2 0 4 
8 2 5 23 39 8 3 5 
4 5 0 61 8 3 7 2 
5 5 47 84 50 7 6 2 
3 9 17 0 49 0 7 9 
5 5 3 32 13 0 0 4 
8 7 24 17 56 0 6 3 
6 8 20 60 52 0 9 6 
5 6 34 32 52 5 7 5 
6 2 34 40 24 7 4 0 
9 9 40 72 47 5 2 8 
8 7 11 58 51 7 3 3 
7 5 42 39 54 7 9 7 
5 6 62 75 70 1 3 7 
2 9 56 42 35 3 1 2 
3 9 37 52 61 8 2 7 
4 0 52 44 26 0 5 1 
9 2 40 55 86 2 9 0 
3 8 42 34 38 8 1 8 
8 1 31 45 65 4 4 0 
9 6 40 70 28 5 4 9 
5 9 42 53 33 5 2 7 
4 2 20 52 65 4 6 6 
0 6 60 38 15 3 4 0 
4 0 35 58 46 2 4 7 
9 0 61 74 76 9 1 9 
9 5 56 73 63 3 9 4 
7 0 22 59 61 2 5 9 
1 8 37 53 23 3 0 7 
0 7 0 34 57 2 6 5 
9 8 30 18 39 5 7 9 
2 0 16 57 84 8 7 7 
8 2 19 58 45 9 2 3 
8 0 31 42 60 0 8 7 
3 5 39 44 52 0 2 4 
3 2 59 27 73 6 2 8 
5 0 23 16 65 0 6 8 
8 4 26 55 29 5 8 7 
8 0 0 47 66 2 1 7 
8 3 55 82 33 2 2 3 
4 7 33 80 21 3 7 0 
8 2 23 47 35 7 5 7 
4 4 62 59 24 0 8 9 
1 5 15 47 64 8 2 2 
9 0 62 51 26 2 0 2 
5 3 28 50 48 2 7 6 
3 5 61 42 55 6 2 9 
3 0 41 44 43 1 6 0 
3 9 17 55 32 9 8 7 
4 5 16 46 35 1 3 3 
3 9 5 15 63 2 7 7 
8 1 38 30 54 9 0 1 
3 8 48 80 10 0 9 6 
9 3 25 51 53 6 3 6 
4 7 30 65 35 8 8 8 
4 6 0 38 14 1 9 0 
0 2 47 65 48 6 1 8 
2 8 22 68 29 0 7 9 
9 3 23 55 53 5 2 5 
6 1 31 67 83 5 9 2 
9 0 44 69 42 1 9 0 
4 5 38 49 89 2 4 7 
2 6 19 31 61 5 2 8 
1 8 0 62 66 4 0 2 
5 5 5 58 40 4 9 6 
8 9 30 38 52 2 3 6 
9 3 30 51 86 7 2 9 
4 2 42 27 36 7 1 5 
6 3 67 46 85 2 0 9 
5 0 39 46 56 3 4 2 
0 6 23 52 33 6 0 3 
6 1 34 81 20 5 0 1 
9 7 19 71 62 2 4 6 
4 5 0 77 26 6 7 9 
8 6 35 68 27 8 1 1 
0 6 37 31 83 3 5 1 
2 3 33 50 43 5 6 4 
1 4 56 78 59 3 9 5 
4 4 29 66 84 0 3 6 
7 8 64 74 65 1 3 3 
7 4 71 25 51 8 1 0 
9 5 6 51 31 7 7 6 
4 3 0 61 51 7 3 9 
2 8 40 15 44 7 5 8 
6 7 26 93 51 7 0 4 
1 5 22 18 29 8 8 2 
0 0 44 64 77 3 3 4 
3 1 64 36 76 9 7 7 
1 3 34 67 51 5 0 9 
3 7 0 48 49 3 6 9 
9 7 35 42 65 4 5 6 
9 6 70 61 60 6 7 3 
2 9 3 60 21 1 6 9 
6 5 0 31 76 7 1 8 
9 3 18 67 26 4 8 4 
0 6 26 49 31 5 7 0 
0 8 4 33 103 0 7 0 
1 6 32 50 44 3 7 5 
4 3 28 90 68 7 4 3 
9 1 26 86 47 2 7 2 
9 6 34 49 64 6 1 4 
5 9 21 49 57 9 5 0 
2 5 41 25 68 4 6 2 
3 3 35 70 67 4 3 4 
5 2 32 56 51 2 1 0 
1 8 67 48 2 6 5 6 
8 5 44 37 53 7 3 6 
2 3 41 64 51 3 1 4 
0 5 50 88 39 6 8 5 
7 3 0 32 19 7 7 7 
4 6 34 46 42 6 6 4 
3 2 10 28 55 0 6 3 
4 1 29 43 53 3 0 7 
4 7 23 65 56 5 9 7 
0 0 27 24 44 6 3 5 
6 9 74 0 62 6 5 7 
7 9 29 50 87 9 8 5 
2 7 5 35 77 4 0 7 
7 7 42 65 50 0 8 4 
5 8 51 59 42 6 8 0 
0 0 48 83 26 8 6 5 
5 3 32 54 52 1 5 9 
9 3 57 48 99 0 0 8 
8 2 43 58 51 2 5 6 
5 9 21 74 67 6 2 0 
0 2 27 43 41 0 3 0 
8 5 27 83 39 9 8 4 
3 2 22 54 42 6 0 9 
2 0 92 62 45 8 8 3 
3 5 40 20 15 8 6 9 
5 4 14 56 58 8 1 7 
7 3 3 52 68 7 1 3 
3 6 0 50 75 1 4 1 
8 0 4 75 69 1 6 3 
9 3 20 38 96 3 8 6 
5 7 35 60 44 5 3 4 
4 4 12 8 41 7 0 7 
5 0 0 45 85 1 3 8 
8 8 25 45 45 0 4 6 
1 0 12 46 29 1 7 5 
6 9 35 42 51 8 9 6 
0 2 0 73 66 8 8 0 
7 4 71 28 52 6 2 9 
2 2 57 30 24 6 4 6 
6 1 0 53 50 0 6 5 
2 9 6 28 62 2 1 6 
7 3 28 74 38 8 4 9 
6 1 58 58 51 9 3 5 
0 9 0 47 51 1 7 7 
5 5 4 32 47 4 2 1 
9 0 47 33 16 4 8 8 
9 4 28 50 52 7 6 0 
2 6 41 42 41 8 9 2 
3 7 63 23 40 6 6 1 
8 9 31 55 35 7 4 9 
1 1 23 77 56 4 2 6 
8 9 56 33 24 6 5 7 
9 2 23 32 55 5 6 8 
7 2 36 44 49 9 9 5 
6 7 52 26 32 5 7 4 
1 8 16 22 21 4 1 9 
4 0 54 72 44 7 1 8 
0 7 0 60 31 7 8 6 
1 0 41 52 18 5 3 3 
4 1 42 45 27 9 4 5 
9 4 56 90 45 3 9 6 
4 1 33 32 82 4 4 4 
7 2 58 71 30 8 8 4 
1 6 25 64 60 9 5 8 
9 2 50 49 24 4 4 3 
2 8 46 67 69 9 2 3 
0 4 18 51 51 4 8 1 
1 5 34 19 54 5 1 6 
9 4 26 55 13 9 4 7 
2 1 24 59 56 3 0 6 
0 1 12 45 59 6 2 6 
8 8 20 39 48 5 6 3 
9 4 52 46 36 8 8 6 
9 0 34 44 84 8 6 9 
2 4 28 46 46 9 8 5 
0 8 0 40 8 0 4 1 
7 1 34 64 66 9 1 0 
3 4 60 23 32 2 2 1 
0 6 33 22 67 8 6 8 
3 0 13 24 46 6 6 1 
5 0 54 51 55 0 7 9 
3 0 36 72 63 3 9 7 
3 5 34 45 41 0 8 3 
3 8 27 32 55 0 4 5 
9 8 12 10 22 7 9 8 
0 4 58 0 45 4 3 7 
4 5 21 79 10 2 5 8 
1 9 23 35 130 3 7 6 
6 1 21 60 79 6 7 5 
4 7 4 32 35 0 1 5 
2 9 51 61 47 6 1 0 
8 6 48 44 34 0 9 0 
4 6 41 62 31 1 2 7 
2 2 27 46 47 6 9 6 
0 6 21 87 66 1 3 7 
3 6 0 54 38 9 0 2 
8 6 44 70 34 9 6 2 
9 5 25 78 73 7 7 7 
0 5 0 25 77 8 6 1 
2 7 31 57 49 9 2 1 
6 4 41 23 38 4 4 0 
1 7 28 68 40 5 6 5 
3 9 37 25 77 0 5 9 
8 0 5 21 54 0 7 3 
6 1 47 82 50 9 7 3 
2 3 6 57 72 7 0 6 
5 2 81 60 46 2 5 0 
9 7 30 50 20 2 7 7 
9 1 84 75 45 2 0 2 
8 5 53 48 33 8 0 5 
2 6 18 61 73 4 0 6 
2 4 14 82 75 2 2 0 
6 5 23 69 43 3 3 7 
1 0 39 72 34 6 9 9 
1 3 29 27 13 1 9 5 
3 2 27 82 43 6 6 1 
3 6 8 37 82 2 0 0 
3 8 18 59 62 7 5 5 
0 3 25 71 79 3 9 5 
2 4 12 62 21 7 5 9 
8 7 34 68 27 7 9 9 
5 3 18 28 61 9 9 1 
4 7 69 73 78 3 3 5 
8 2 6 48 54 7 8 0 
5 0 0 68 26 9 5 8 
7 8 2 3 36 5 7 3 
6 4 53 52 14 7 8 0 
3 6 88 72 37 7 0 0 
7 8 0 52 55 5 0 6 
4 5 12 58 53 9 0 2 
9 8 7 34 51 9 6 2 
2 0 14 68 64 8 0 3 
2 9 26 62 16 6 2 7 
6 2 28 43 63 4 9 5 
0 1 17 51 53 0 0 2 
9 5 44 33 33 2 5 9 
9 2 18 32 63 1 8 7 
9 5 32 52 58 0 5 1 
7 6 45 38 33 9 8 0 
0 6 13 47 53 6 8 4 
6 0 15 61 61 7 7 7 
2 2 8 24 0 2 7 9 
1 9 35 36 54 5 5 5 
7 3 31 56 29 8 0 4 
2 6 25 50 90 4 8 8 
0 3 43 57 44 6 3 4 
4 9 50 53 1 7 2 3 
3 0 32 70 48 8 1 5 
4 8 64 66 43 0 1 5 
3 1 52 37 39 7 1 3 
5 1 0 3 48 9 6 8 
8 1 38 38 63 4 2 8 
2 6 36 40 36 6 6 7 
8 7 23 31 98 2 9 4 
7 3 13 39 36 3 2 2 
8 4 21 38 53 1 8 3 
2 0 33 52 56 8 6 2 
7 2 23 42 45 3 5 3 
0 8 70 33 23 7 2 8 
2 0 52 66 85 0 5 0 
1 0 30 50 52 4 5 2 
1 4 10 58 48 0 5 3 
2 8 21 53 8 8 9 2 
3 5 34 3 67 1 3 8 
6 9 28 63 78 8 3 9 
2 0 0 33 71 0 0 7 
2 7 21 61 60 7 4 7 
2 1 1 29 37 8 1 4 
3 0 42 76 19 0 9 8 
4 9 29 34 66 9 7 8 
0 3 41 63 49 1 2 3 
1 8 7 83 42 1 6 5 
1 4 13 70 85 7 3 4 
9 0 44 16 15 1 3 5 
1 3 19 48 44 0 0 3 
4 6 19 28 49 8 3 1 
0 0 32 45 95 0 5 7 
5 4 12 44 89 5 6 2 
1 8 40 33 32 1 1 4 
1 2 30 37 76 9 4 8 
9 5 29 55 25 2 4 2 
3 5 0 64 50 3 6 7 
7 9 15 26 70 4 1 6 
8 1 59 40 36 6 0 9 
0 7 24 65 41 4 6 5 
8 7 61 49 22 6 7 7 
9 4 40 47 47 8 6 6 
7 1 47 78 71 3 8 2 
0 7 9 77 74 5 6 7 
2 2 45 44 63 7 6 9 
9 6 1 55 71 2 0 1 
1 4 14 20 41 4 8 9 
1 8 54 74 13 1 6 3 
4 7 36 21 59 8 1 2 
6 5 12 76 39 1 2 4 
6 8 48 88 48 4 0 2 
7 4 60 53 72 2 6 7 
6 5 0 48 34 4 7 4 
2 5 3 18 4 0 4 5 
5 4 15 47 59 5 5 4 
1 6 21 37 58 0 3 0 
6 1 56 87 22 0 2 0 
9 9 31 81 54 1 5 9 
1 9 60 10 69 8 4 2 
3 6 41 34 28 1 9 9 
4 1 6 44 49 8 7 7 
2 0 33 52 17 2 4 8 
6 6 42 48 8 1 2 3 
9 3 34 76 70 2 4 8 
2 0 6 76 21 0 6 3 
3 2 13 48 38 0 9 7 
6 4 26 42 28 5 8 5 
4 1 42 69 39 6 9 2 
9 8 70 89 34 7 0 8 
6 2 16 21 78 4 7 1 
5 5 6 58 68 4 1 5 
3 9 7 21 26 3 7 5 
1 7 40 50 57 1 0 3 
1 9 0 61 61 2 1 9 
4 5 41 35 78 5 1 6 
4 9 20 42 66 3 2 9 
3 5 47 41 69 6 4 5 
2 4 58 40 41 4 3 3 
7 3 39 56 68 9 8 4 
3 1 16 49 85 6 3 9 
1 6 4 38 42 2 9 4 
3 1 12 41 62 2 3 8 
4 1 50 59 66 6 5 1 
4 2 25 70 68 1 9 8 
1 9 0 45 77 6 9 8 
6 2 6 48 62 1 9 0 
8 3 66 73 57 0 7 2 
2 8 55 62 37 5 5 8 
2 3 24 55 70 0 0 2 
3 5 3 42 49 5 6 4 
7 8 49 53 63 3 7 0 
3 6 49 46 39 0 9 2 
1 1 24 51 86 8 4 7 
3 9 7 55 40 2 9 2 
6 3 9 39 52 3 1 8 
3 6 24 29 43 0 0 2 
8 5 80 49 2 8 9 1 
5 6 0 6 43 7 7 0 
2 4 56 45 34 6 7 1 
8 5 48 63 82 3 9 0 
8 0 21 101 55 7 6 4 
5 5 51 36 37 4 6 0 
9 9 13 63 45 5 6 3 
9 5 12 23 23 1 5 2 
8 5 1 21 66 2 9 9 
6 7 35 62 68 5 2 1 
0 2 1 14 72 3 0 6 
8 3 16 56 50 1 7 0 
6 3 37 50 8 8 2 5 
3 0 22 71 72 0 3 6 
3 5 33 37 20 6 8 5 
2 0 43 76 60 0 6 8 
6 1 64 32 56 4 6 1 
1 0 43 45 45 3 6 9 
2 8 18 70 45 6 2 8 
9 0 44 63 55 5 8 5 
2 4 38 16 40 5 8 3 
8 5 25 57 38 9 0 5 
4 2 39 32 49 3 6 2 
8 3 0 45 61 0 6 0 
4 4 30 75 80 3 1 9 
1 9 0 30 59 3 1 2 
4 3 66 42 65 7 1 8 
3 9 0 82 56 0 2 6 
1 1 50 50 40 8 6 2 
3 1 0 73 26 3 8 4 
3 5 20 20 42 9 5 1 
4 3 67 54 52 6 0 7 
5 3 20 71 28 7 2 8 
8 6 45 42 59 3 6 6 
3 2 0 49 48 0 9 5 
0 7 21 57 29 4 6 3 
8 6 28 29 28 5 5 1 
5 8 34 83 39 0 7 4 
3 3 36 51 56 7 0 5 
5 8 5 63 17 6 2 4 
7 2 46 48 47 0 8 0 
3 5 48 102 48 1 5 6 
6 8 36 95 87 4 7 8 
7 8 36 59 37 2 5 7 
3 1 0 72 90 5 0 6 
5 1 7 21 38 5 3 3 
2 4 36 60 77 9 1 7 
6 6 70 55 59 4 1 7 
8 9 48 48 59 8 8 3 
3 8 52 30 35 5 7 4 
6 6 63 12 4 3 5 4 
9 4 42 59 60 3 2 4 
4 6 30 79 38 5 8 7 
6 8 60 33 76 9 6 6 
3 0 0 43 56 8 7 4 
6 4 20 24 77 9 2 4 
8 8 45 41 73 4 2 7 
6 9 23 48 34 5 5 9 
2 9 40 51 43 2 0 0 
5 2 39 79 64 7 2 7 
6 9 58 72 68 1 0 6 
4 6 9 39 54 4 5 0 
0 5 0 35 54 4 7 1 
8 4 69 112 67 5 1 7 
9 1 21 54 67 3 4 5 
5 1 53 40 34 2 9 6 
4 4 12 72 50 9 4 2 
0 0 39 58 29 2 7 7 
3 2 20 86 50 7 8 1 
7 9 12 71 40 7 6 5 
3 9 16 79 76 3 1 1 
4 2 14 43 58 2 3 3 
8 5 33 39 30 1 4 8 
2 8 9 47 35 7 1 8 
2 3 47 48 63 2 8 1 
0 9 16 65 63 8 4 1 
9 7 46 26 43 5 3 6 
8 1 12 56 34 8 9 2 
7 8 47 54 93 9 2 1 
8 4 2 52 20 5 5 8 
0 9 58 17 14 8 8 5 
8 0 25 50 8 7 8 9 
4 3 29 7 61 2 2 2 
1 0 17 65 54 7 4 7 
5 7 0 74 55 0 4 4 
1 1 0 13 37 6 0 7 
4 5 21 67 81 2 0 8 
5 2 7 60 89 0 7 2 
7 8 24 53 33 1 3 7 
5 6 0 59 72 5 9 5 
9 1 31 77 52 5 6 3 
2 0 36 54 62 4 3 4 
4 8 66 59 42 5 3 6 
0 9 46 57 26 8 2 3 
4 1 66 2 55 9 2 9 
2 1 17 44 36 1 2 3 
0 5 15 66 69 6 1 3 
0 8 21 33 60 9 7 8 
0 4 9 22 56 1 4 3 
3 7 13 64 59 8 0 5 
1 6 55 25 29 9 5 6 
4 4 43 73 35 2 8 0 
8 9 6 23 74 6 6 9 
6 8 27 49 85 2 2 6 
3 6 20 57 57 0 6 4 
7 4 54 31 81 8 5 1 
6 4 56 49 61 0 5 5 
3 3 21 42 48 7 0 4 
9 3 35 19 50 7 8 6 
1 7 44 65 44 4 6 1 
1 0 13 49 62 0 8 5 
1 4 32 25 50 0 7 9 
8 6 53 43 16 0 2 7 
0 3 39 72 44 2 1 7 
8 4 46 45 29 6 4 7 
1 2 19 47 31 0 1 7 
0 6 52 26 64 7 5 9 
4 3 6 41 73 0 3 5 
7 8 5 79 62 4 9 9 
2 6 14 39 48 9 0 0 
5 9 0 3 67 7 3 6 
2 5 43 38 60 8 7 1 
0 3 17 23 66 1 1 0 
5 2 41 52 51 6 2 3 
2 9 47 69 39 0 0 2 
7 4 24 39 28 3 8 8 
6 0 15 37 35 4 4 9 
2 3 20 45 37 6 0 7 
0 3 43 31 71 4 9 5 
0 1 50 24 69 2 7 6 
8 4 0 67 36 5 4 9 
7 3 3 31 77 7 8 0 
4 8 70 65 48 3 1 5 
3 5 65 64 66 7 4 2 
8 8 10 27 80 4 5 5 
4 3 27 61 20 3 5 4 
1 2 58 25 28 8 6 8 
6 1 42 48 31 4 5 2 
1 0 62 40 26 8 9 2 
9 9 55 67 85 0 6 7 
5 1 29 90 68 8 2 2 
5 6 33 77 48 7 5 6 
7 3 36 59 47 6 7 8 
8 1 23 60 75 6 3 3 
7 2 21 51 89 6 3 4 
4 9 12 5 9 7 5 9 
9 5 47 53 68 7 0 6 
6 8 0 60 9 2 1 8 
1 9 39 68 51 2 2 5 
7 9 23 84 23 9 9 3 
8 2 10 46 32 8 1 0 
9 4 44 84 52 8 9 4 
7 4 50 56 23 0 8 8 
6 4 39 52 61 7 9 8 
4 1 38 56 35 2 8 1 
7 5 33 50 43 4 4 2 
2 5 27 38 53 4 8 4 
9 8 52 27 80 3 8 1 
7 3 43 62 78 3 5 5 
2 6 8 34 38 5 8 8 
5 6 45 99 21 5 7 3 
8 3 19 41 1 5 5 0 
9 7 17 63 55 0 5 2 
8 6 42 50 39 1 6 8 
2 3 17 53 46 5 0 6 
1 6 28 11 28 5 9 2 
5 4 49 54 69 8 2 9 
8 6 33 77 65 8 0 0 
4 0 27 60 47 0 1 3 
2 4 25 62 86 7 7 7 
7 9 8 42 78 4 2 1 
2 7 28 62 41 7 7 9 
4 6 24 38 59 9 8 2 
3 9 30 65 23 4 4 0 
2 0 32 49 67 5 4 8 
3 2 59 40 29 6 1 4 
0 4 23 63 56 1 5 8 
4 2 33 34 66 4 0 1 
9 2 18 46 68 9 9 7 
7 3 3 46 39 9 8 0 
6 4 39 50 64 7 9 9 
2 4 59 43 60 8 7 8 
8 4 19 87 92 4 2 7 
7 4 36 70 23 3 0 8 
8 8 17 66 72 0 6 8 
0 1 14 22 38 5 9 9 
7 7 3 23 43 9 1 1 
7 4 47 48 50 0 3 9 
3 3 60 48 59 8 0 6 
4 6 43 51 59 8 2 3 
2 7 23 44 45 1 7 3 
5 4 0 53 8 6 0 5 
0 8 7 42 49 8 1 5 
0 6 21 44 27 2 2 1 
0 3 39 61 55 3 8 6 
3 5 53 69 27 8 1 1 
1 1 30 58 82 7 7 3 
6 5 33 66 94 2 1 3 
3 6 42 54 63 6 1 6 
0 8 23 47 17 3 1 2 
8 3 56 40 11 9 7 4 
9 3 21 19 43 9 4 7 
7 7 54 48 78 0 1 4 
2 4 9 36 58 1 1 5 
6 4 6 47 64 6 8 0 
8 3 25 0 41 3 2 5 
9 9 3 49 53 4 4 3 
2 2 8 15 86 0 5 2 
4 5 50 29 27 7 0 0 
8 2 24 36 68 4 5 5 
4 0 40 58 60 1 3 3 
3 0 46 39 64 6 1 6 
4 7 22 15 77 3 8 6 
7 8 37 40 53 0 5 2 
7 1 24 49 52 5 3 2 
6 6 77 41 24 4 5 0 
5 5 32 32 15 9 5 0 
4 1 30 54 34 6 7 3 
1 9 44 78 62 6 0 3 
3 4 24 40 52 6 9 9 
4 1 19 50 60 7 0 9 
4 9 13 66 73 9 3 6 
2 2 29 55 4 9 4 7 
9 5 24 56 52 5 7 1 
0 5 18 50 60 4 6 3 
8 4 44 39 39 3 8 9 
6 6 43 81 53 4 8 8 
8 6 47 31 35 2 6 3 
4 0 2 40 41 0 6 4 
6 0 2 42 30 3 5 3 
2 0 30 50 41 4 6 9 
7 1 0 45 71 9 1 1 
3 4 61 50 43 1 6 5 
6 3 23 65 37 3 2 0 
9 5 82 57 46 1 7 2 
4 4 38 34 58 3 1 1 
1 6 39 6 53 7 9 9 
5 6 2 18 58 9 9 2 
3 2 27 49 49 0 9 5 
3 5 52 54 39 2 1 9 
6 4 51 72 35 7 9 2 
9 7 31 13 34 5 7 6 
6 4 25 69 52 9 1 4 
6 6 14 32 28 4 0 5 
3 4 46 49 71 1 8 4 
6 2 17 48 66 5 0 2 
1 2 27 9 36 5 6 3 
8 9 33 73 42 6 0 7 
9 5 42 50 52 1 0 2 
0 3 9 5 49 5 5 7 
6 3 40 44 44 5 0 2 
6 2 26 53 86 4 9 4 
4 8 50 50 51 9 3 5 
5 9 36 45 48 6 0 3 
6 4 23 34 12 9 2 7 
2 9 32 57 110 9 8 0 
2 3 34 53 0 2 9 2 
9 5 50 37 38 6 3 0 
9 4 57 58 43 9 7 6 
9 2 44 17 80 4 0 2 
5 2 4 62 24 7 3 6 
7 3 5 80 22 7 9 6 
3 5 25 17 44 0 6 8 
5 0 27 50 38 5 7 8 
0 2 67 33 50 0 2 1 
2 0 69 64 46 5 0 1 
6 4 41 81 45 1 8 6 
6 5 24 22 53 5 7 4 
3 0 45 48 38 7 1 8 
9 0 43 54 75 1 4 8 
3 3 32 48 81 5 4 3 
1 7 33 32 48 7 5 3 
8 7 30 67 54 3 8 2 
4 3 47 52 48 8 9 1 
6 2 0 39 40 0 0 2 
4 0 45 52 41 3 9 0 
2 9 65 42 64 3 5 6 
7 9 58 35 49 4 1 6 
4 0 15 62 61 2 0 1 
3 0 45 64 31 9 6 0 
2 7 35 62 49 3 7 0 
4 0 31 57 25 9 1 2 
7 1 30 41 36 0 1 1 
0 5 29 34 76 9 9 5 
7 3 31 0 56 8 2 5 
9 8 26 73 43 5 2 1 
5 6 13 60 23 3 7 5 
0 1 44 73 24 5 4 5 
6 1 30 41 25 9 8 7 
8 3 31 86 48 5 3 7 
6 8 80 71 44 3 5 4 
5 9 4 42 17 4 7 4 
3 0 20 63 50 7 6 3 
8 2 34 48 34 6 1 7 
9 2 47 42 36 2 1 3 
8 9 40 43 48 3 6 8 
1 0 10 0 49 9 9 9 
8 0 15 60 41 1 7 8 
2 8 28 67 46 2 1 8 
7 7 24 44 75 4 2 2 
3 5 9 48 51 1 2 6 
3 9 15 28 42 5 9 4 
6 8 14 1 30 6 2 8 
0 0 8 51 75 9 3 4 
0 5 22 45 60 9 6 9 
8 1 48 69 57 9 2 8 
0 9 18 30 41 0 1 0 
9 9 9 40 39 0 3 6 
2 6 31 23 58 8 7 7 
2 9 29 57 54 0 0 1 
7 3 9 67 62 3 0 6 
8 3 9 72 42 3 8 7 
7 5 38 57 45 7 4 9 
0 8 29 78 56 1 2 7 
3 2 13 63 43 7 8 3 
9 8 22 61 79 1 6 6 
9 8 42 56 43 8 1 6 
8 9 43 49 42 0 2 5 
2 7 93 58 47 7 7 2 
4 3 34 78 43 0 2 7 
5 5 0 63 50 8 7 9 
0 0 0 89 91 6 3 0 
1 6 3 58 57 9 7 2 
9 6 22 44 64 5 3 3 
4 7 28 29 72 6 8 3 
7 5 17 35 50 2 3 6 
0 1 43 79 47 5 9 9 
4 9 18 61 34 1 8 9 
7 8 15 75 82 2 2 4 
4 7 36 23 50 0 0 4 
3 8 31 61 48 4 4 9 
0 4 41 48 56 0 1 7 
2 6 13 15 16 0 0 3 
5 3 0 28 37 2 9 0 
6 9 50 25 35 5 7 9 
8 3 31 62 34 5 1 4 
2 0 42 60 10 2 3 0 
1 2 0 22 22 8 7 7 
0 2 33 64 18 0 2 9 
9 3 45 62 88 8 7 8 
2 7 28 69 38 8 8 3 
1 7 45 36 73 1 9 8 
7 2 28 49 53 7 5 3 
8 4 33 62 46 1 9 2 
4 5 25 79 101 8 7 9 
4 6 13 35 17 9 9 7 
5 1 67 7 60 0 5 2 
2 8 58 71 32 8 7 9 
3 4 10 32 49 7 7 8 
5 0 0 47 55 4 0 9 
3 0 28 44 29 2 5 6 
2 0 13 60 64 8 7 8 
9 8 14 31 54 9 5 7 
1 2 33 51 42 7 9 1 
9 8 23 20 46 8 7 0 
9 7 25 30 62 0 9 1 
1 8 4 29 36 3 8 2 
9 2 13 39 72 0 2 2 
3 9 0 50 43 3 6 1 
2 8 33 36 37 8 4 3 
1 9 52 38 9 6 7 4 
8 7 15 69 66 3 2 0 
1 6 29 59 67 4 6 8 
0 5 31 62 25 4 1 5 
3 5 26 33 67 7 5 7 
8 5 7 68 61 4 6 0 
8 3 53 68 45 6 6 0 
2 7 0 47 43 6 9 4 
5 8 33 52 80 5 1 9 
7 0 69 42 45 2 3 4 
6 8 43 23 22 8 5 3 
7 5 14 39 12 8 3 4 
9 3 6 57 16 9 6 9 
6 8 28 43 45 0 0 4 
2 8 37 56 63 4 6 4 
6 9 25 38 65 8 7 0 
9 2 54 57 53 2 8 5 
1 6 24 43 64 5 3 2 
7 7 56 55 44 1 6 8 
1 3 31 7 66 6 7 4 
0 5 9 46 71 0 9 8 
1 6 0 39 69 6 8 8 
1 0 85 50 28 2 6 1 
5 3 60 52 61 4 5 8 
2 7 33 48 50 7 3 1 
0 5 23 39 37 1 9 4 
5 6 50 45 56 4 8 2 
4 3 55 25 30 0 0 0 
3 4 51 17 30 1 7 5 
4 7 46 94 93 1 2 5 
1 8 5 67 48 6 1 8 
5 5 33 53 47 7 4 0 
5 0 0 84 0 3 3 3 
2 2 44 77 72 5 6 4 
1 7 4 47 64 2 7 5 
6 3 84 74 72 8 1 0 
6 1 44 40 48 7 9 0 
6 1 20 61 55 9 5 6 
8 9 2 42 58 5 3 9 
8 3 2 44 32 4 6 5 
9 1 31 29 22 5 9 7 
7 8 32 77 79 7 6 6 
1 4 27 33 12 4 3 9 
0 7 38 86 85 6 3 7 
0 2 66 65 40 6 8 9 
2 6 41 25 18 6 1 6 
7 3 46 49 21 3 9 1 
0 1 26 68 56 2 2 2 
6 1 19 64 27 9 1 0 
6 2 51 51 24 4 5 2 
4 0 49 25 51 7 0 3 
0 5 14 53 36 4 2 4 
8 0 13 56 52 6 9 9 
2 1 18 8 82 4 5 6 
7 1 0 77 22 1 0 4 
8 0 64 61 70 6 0 1 
7 5 48 11 48 0 0 6 
5 3 18 39 37 8 2 8 
1 4 34 85 43 8 5 0 
2 9 10 51 26 1 5 9 
9 4 28 76 44 4 6 2 
0 2 30 43 42 5 0 9 
3 0 27 74 16 7 8 7 
6 3 6 26 62 1 5 8 
0 1 40 73 47 8 6 8 
0 4 13 42 58 9 8 5 
1 7 37 74 51 2 8 9 
1 8 0 64 28 0 5 3 
6 2 37 26 67 9 1 9 
2 3 62 35 57 6 8 8 
8 9 18 44 68 6 2 7 
3 4 22 42 48 3 8 4 
2 0 5 61 68 3 7 8 
1 5 43 39 61 7 3 3 
6 5 21 28 65 9 9 1 
2 4 46 30 48 6 0 6 
0 5 42 45 16 0 4 6 
8 7 48 31 53 3 7 8 
3 8 42 56 61 1 4 9 
2 7 8 72 58 1 3 0 
9 1 15 34 55 3 4 6 
3 0 35 18 77 6 3 7 
9 2 20 26 37 8 0 2 
7 3 40 91 76 8 0 7 
1 1 27 50 43 8 6 9 
7 4 32 51 27 6 5 3 
1 8 41 85 51 3 5 1 
1 6 19 38 59 7 0 6 
7 5 0 50 103 8 5 5 
5 0 16 40 63 9 3 7 
0 2 58 76 52 5 9 4 
4 2 7 30 57 0 8 4 
0 3 38 49 61 4 7 5 
1 7 56 38 60 6 3 2 
5 6 1 14 29 7 2 2 
1 5 18 25 42 1 5 3 
9 9 0 47 50 2 3 3 
8 3 73 17 63 9 7 2 
2 1 16 65 62 8 0 7 
8 9 26 33 59 8 3 1 
0 7 38 48 46 4 6 3 
8 0 39 78 43 4 4 8 
0 6 8 23 48 3 2 3 
4 6 32 59 52 9 7 7 
6 9 0 47 46 7 3 5 
2 7 49 41 40 6 1 7 
8 7 0 38 56 1 0 3 
1 6 14 67 51 6 0 8 
2 0 44 44 49 9 8 3 
9 7 62 36 70 1 5 0 
3 6 9 73 94 3 3 6 
9 8 0 66 45 2 0 8 
5 7 65 48 36 6 0 6 
9 0 18 52 59 3 8 8 
1 0 31 92 33 2 7 0 
9 9 36 30 33 9 3 6 
0 7 42 62 36 3 8 8 
8 8 40 29 55 5 6 9 
4 5 20 60 45 2 9 5 
5 2 53 65 12 7 0 5 
1 7 44 63 58 6 8 4 
7 8 11 24 45 6 7 2 
8 9 41 72 42 8 7 8 
9 0 38 50 44 9 6 5 
1 0 62 57 46 8 1 1 
0 2 43 47 34 4 4 4 
2 6 12 63 79 1 7 9 
8 9 0 36 65 2 9 6 
9 8 22 53 55 1 8 4 
1 3 27 49 75 2 7 4 
9 2 34 66 18 1 7 7 
6 1 12 31 56 3 7 7 
8 7 45 55 83 9 6 6 
2 6 52 52 53 1 9 4 
3 8 39 64 44 2 7 8 
4 7 32 44 53 7 6 5 
2 1 0 45 42 2 6 8 
0 8 16 80 101 6 5 7 
3 2 71 5 35 6 8 5 
3 7 40 23 73 5 9 1 
5 2 27 40 13 0 1 2 
4 9 42 74 68 5 7 4 
2 8 16 56 52 6 7 7 
8 1 43 55 41 2 0 3 
4 1 65 13 79 2 9 2 
4 6 43 66 23 9 7 5 
6 3 38 38 39 1 7 7 
0 7 25 31 56 4 5 1 
9 0 21 33 33 0 1 9 
1 1 34 70 46 7 9 6 
7 7 25 82 43 7 3 2 
9 7 35 65 75 6 0 7 
6 8 56 42 45 5 3 6 
7 9 30 29 33 3 0 2 
0 7 77 60 39 6 3 3 
7 3 22 32 8 3 2 3 
5 0 12 10 55 7 6 4 
5 5 39 57 71 0 8 7 
5 2 54 63 73 1 3 5 
4 5 59 44 39 2 1 2 
8 4 12 57 25 1 1 9 
4 4 0 66 29 9 7 1 
0 6 7 33 23 2 2 6 
2 0 17 14 79 7 1 7 
0 6 49 45 52 3 6 7 
4 2 51 99 63 2 8 8 
2 4 26 46 29 7 6 9 
8 1 36 25 38 1 0 3 
6 3 24 54 55 0 2 6 
0 0 26 25 38 2 7 0 
9 5 0 40 48 5 3 9 
9 7 30 87 92 0 5 6 
1 8 13 21 43 3 4 7 
4 7 30 43 49 1 5 2 
1 3 22 34 63 4 5 0 
2 8 20 71 29 9 0 7 
3 4 15 61 49 5 0 8 
5 0 43 93 14 2 4 4 
3 9 61 50 51 6 2 1 
6 9 49 49 59 3 4 0 
6 1 68 23 80 3 1 5 
6 9 6 58 53 6 8 7 
8 0 19 16 54 9 5 2 
0 7 33 29 35 0 5 9 
4 9 6 50 71 6 4 4 
7 8 41 50 9 7 0 8 
5 7 27 51 63 9 9 8 
2 2 0 73 45 4 5 5 
9 9 59 63 45 8 4 8 
1 5 0 77 20 4 4 0 
0 4 0 39 37 1 9 8 
8 3 71 76 35 5 2 1 
9 7 32 18 73 9 7 1 
0 6 49 63 47 4 0 7 
6 1 14 47 99 3 0 0 
8 2 39 38 60 3 0 0 
4 7 28 61 43 2 3 5 
7 8 28 46 79 8 8 7 
5 6 18 52 32 4 3 5 
6 0 51 55 42 0 2 6 
7 4 57 39 46 0 7 5 
8 6 8 42 35 4 0 2 
5 5 23 71 69 2 6 2 
7 5 33 94 21 5 6 8 
6 9 19 73 70 7 0 9 
3 4 54 62 26 3 2 5 
0 2 0 52 44 4 1 7 
0 5 41 19 68 6 9 5 
1 7 0 26 40 0 3 7 
6 0 0 79 25 7 0 5 
2 1 72 38 37 4 3 9 
6 2 24 60 29 3 6 8 
5 4 44 13 34 9 7 2 
6 6 49 16 69 1 7 1 
8 4 56 43 89 6 6 6 
3 0 13 34 35 8 4 2 
6 9 0 66 36 6 7 3 
2 9 20 27 73 3 9 7 
6 5 37 57 26 0 3 8 
8 0 30 75 46 6 2 1 
6 9 26 55 60 0 4 1 
5 0 13 44 40 0 3 4 
0 1 22 37 13 8 1 8 
7 9 16 43 31 1 2 8 
8 4 0 58 50 1 6 4 
6 2 41 83 33 0 9 9 
6 6 39 72 41 7 0 5 
8 4 51 31 63 1 7 3 
2 3 21 25 26 0 7 8 
1 2 18 55 28 5 2 7 
3 4 30 45 51 5 8 4 
5 2 0 61 56 3 1 8 
6 8 47 27 33 5 7 2 
6 0 52 102 58 5 8 0 
8 4 35 43 31 1 7 0 
1 0 33 55 36 5 7 4 
9 6 0 29 68 9 9 5 
2 8 71 70 44 8 0 3 
9 3 6 56 74 9 8 1 
5 0 37 38 59 6 8 0 
1 9 20 63 67 5 1 4 
2 0 63 52 53 5 7 8 
6 1 32 22 48 9 4 6 
0 1 38 50 62 8 3 2 
2 7 14 20 15 4 6 0 
0 0 17 50 51 6 6 7 
6 4 12 20 39 1 9 7 
2 1 43 38 96 3 8 8 
7 6 48 70 62 4 7 0 
1 6 29 73 84 7 1 3 
9 9 32 44 58 2 3 2 
9 9 18 38 36 9 4 3 
7 6 15 25 70 0 5 2 
7 9 30 21 52 7 1 3 
2 6 34 59 11 8 9 7 
8 7 12 25 50 7 0 7 
4 2 16 57 53 3 6 8 
4 5 24 40 60 0 2 1 
4 3 24 21 19 8 6 7 
3 5 36 69 35 7 5 1 
2 2 20 54 100 7 8 9 
6 4 13 55 48 2 2 1 
9 4 47 94 31 4 7 5 
6 2 19 73 39 4 5 7 
2 2 38 61 96 1 5 0 
4 3 10 48 37 9 6 8 
8 3 16 28 36 7 0 8 
4 3 37 15 31 2 9 2 
9 7 37 46 56 5 1 9 
2 7 46 62 59 1 2 2 
0 4 0 46 44 8 9 1 
8 0 29 43 32 3 8 9 
6 7 26 43 73 6 2 9 
2 5 42 57 55 1 4 8 
0 0 28 42 62 9 9 9 
7 7 21 43 45 9 0 6 
2 6 45 45 62 8 3 3 
7 9 62 78 43 0 3 0 
3 0 59 73 45 3 8 8 
5 8 0 3 50 9 3 5 
2 4 10 71 30 2 6 2 
9 8 19 34 63 4 0 9 
4 6 33 55 56 2 2 8 
2 8 42 24 51 6 9 8 
1 4 0 21 38 2 1 9 
9 8 9 22 71 7 7 5 
3 3 7 33 40 9 3 8 
7 0 28 56 45 1 4 2 
5 1 19 37 36 8 1 9 
7 7 19 55 66 1 4 9 
1 2 28 56 60 7 5 6 
1 5 4 50 41 5 0 4 
0 2 60 38 49 8 3 8 
3 4 31 38 73 9 4 8 
8 1 2 34 38 7 7 7 
3 5 5 103 57 7 8 8 
9 2 0 7 45 6 8 6 
2 3 49 26 37 8 6 5 
2 3 30 46 42 1 1 7 
7 6 16 110 47 6 7 2 
0 7 33 31 41 9 6 6 
2 2 13 36 50 4 6 8 
7 5 33 42 69 6 2 2 
7 0 24 49 64 1 5 2 
2 9 52 44 43 6 1 5 
4 7 77 39 22 9 3 4 
7 4 74 50 51 2 5 4 
0 1 0 25 27 8 1 6 
2 7 42 39 49 8 9 5 
7 8 5 70 50 9 9 2 
1 1 0 55 49 2 7 1 
3 0 38 23 62 1 2 2 
4 3 36 37 65 6 8 9 
2 0 62 1 20 8 0 4 
6 6 30 24 61 6 9 8 
1 5 36 71 27 4 2 3 
7 1 21 66 53 1 8 2 
2 9 24 44 69 3 2 6 
1 3 11 37 47 1 9 8 
2 8 65 56 63 9 3 7 
0 2 4 57 39 6 2 8 
9 5 13 36 56 1 5 2 
4 5 64 53 49 2 7 6 
3 7 45 49 62 9 4 4 
1 3 66 27 57 3 4 3 
2 2 2 41 51 8 7 8 
6 8 46 56 45 8 7 9 
2 8 38 67 40 3 3 6 
1 3 34 31 61 7 4 2 
6 7 5 80 47 2 6 1 
3 1 29 85 44 9 6 3 
3 5 30 29 80 3 6 2 
0 9 2 65 56 4 6 9 
6 4 43 42 72 7 7 4 
5 1 5 29 19 6 2 7 
8 5 40 38 36 2 0 7 
7 5 13 63 35 5 9 1 
2 1 29 55 70 2 2 3 
1 7 70 37 66 5 4 0 
2 5 58 68 36 5 8 9 
6 5 25 42 70 2 2 4 
8 6 57 19 112 4 3 0 
5 6 26 34 50 2 1 5 
4 6 0 69 58 2 8 3 
1 0 45 68 70 6 3 2 
6 0 0 64 0 8 1 7 
4 3 34 48 76 1 7 9 
9 9 30 31 62 7 9 7 
3 7 20 56 73 5 2 4 
2 4 11 52 60 5 1 8 
3 5 8 11 41 0 7 5 
4 7 56 39 66 4 3 7 
9 6 40 35 39 9 5 3 
5 7 74 69 57 0 6 0 
9 8 45 73 57 8 2 4 
6 5 41 54 54 4 0 5 
1 4 1 30 71 2 0 0 
3 7 35 45 51 6 5 5 
1 2 27 39 36 2 8 7 
0 3 26 38 54 2 9 1 
5 0 54 41 17 6 4 3 
6 9 33 42 50 5 3 4 
1 0 39 58 64 6 8 8 
1 6 16 44 32 7 7 6 
6 6 55 66 38 2 0 3 
9 6 48 52 52 8 8 7 
7 1 0 6 34 3 0 1 
7 4 53 83 16 7 3 9 
2 0 0 69 0 4 4 0 
5 7 37 17 73 4 5 8 
6 3 57 65 49 1 7 8 
9 0 25 43 16 4 7 7 
7 3 26 63 43 0 6 8 
0 4 41 45 57 5 4 6 
2 6 13 68 52 1 2 3 
1 8 12 29 44 6 3 7 
2 3 43 39 50 6 2 0 
2 5 21 47 50 8 4 1 
7 8 4 55 29 5 7 3 
6 0 0 11 42 4 2 7 
8 3 63 73 54 9 6 3 
6 8 52 43 70 4 4 0 
4 7 47 48 50 9 4 7 
6 0 64 10 52 6 0 5 
8 4 42 7 41 1 2 9 
2 3 29 18 47 7 3 3 
2 8 48 16 64 4 6 8 
1 4 39 62 73 6 7 7 
1 7 25 36 64 6 9 2 
9 0 58 44 13 8 5 7 
4 4 31 6 54 3 5 6 
1 1 32 21 16 2 5 1 
5 1 11 78 53 3 6 5 
0 0 59 71 52 3 2 4 
5 3 12 50 54 8 2 3 
2 5 0 57 27 4 5 9 
7 2 0 44 64 9 3 9 
3 2 37 43 40 6 1 2 
2 6 22 49 59 3 9 7 
5 5 12 53 31 9 1 5 
4 3 47 12 10 1 6 5 
7 3 46 55 69 6 7 3 
2 4 3 30 45 5 8 4 
4 4 48 37 81 5 4 4 
2 0 28 36 38 3 2 2 
3 7 22 39 80 5 3 7 
5 0 0 62 36 6 8 5 
9 2 12 75 56 7 5 8 
2 9 15 51 53 6 1 9 
8 9 25 63 50 4 8 9 
1 0 40 78 36 2 8 6 
6 9 47 34 21 6 6 1 
2 7 0 32 36 7 5 8 
8 9 6 56 38 8 3 3 
6 7 55 42 30 4 6 7 
2 1 33 41 66 2 1 4 
6 2 35 37 61 7 9 0 
4 2 28 15 40 5 5 2 
9 1 57 44 23 2 9 0 
6 0 46 55 73 4 1 3 
9 8 31 48 40 3 8 4 
9 5 17 83 26 7 6 5 
0 9 38 31 26 7 1 2 
0 3 32 66 60 0 8 6 
8 7 5 58 45 6 3 2 
8 3 70 56 41 1 5 2 
9 9 9 38 28 3 8 0 
8 1 35 68 55 8 4 6 
6 7 28 50 54 5 1 5 
1 3 50 48 45 9 5 7 
1 0 32 79 60 4 3 8 
6 6 31 93 83 5 1 9 
1 1 0 26 35 7 1 3 
8 2 55 49 15 5 6 5 
3 7 8 42 53 4 1 8 
9 4 16 45 72 4 9 3 
7 3 32 43 60 4 1 3 
8 9 16 75 54 6 1 4 
5 9 24 75 28 1 4 0 
1 6 61 13 27 2 3 1 
4 8 11 34 65 4 3 5 
6 6 3 27 82 4 8 8 
4 1 25 44 69 1 7 1 
6 0 22 86 45 6 4 9 
9 7 30 18 42 0 0 8 
1 6 19 79 42 9 8 7 
4 0 0 47 12 7 1 7 
0 8 50 29 47 1 7 5 
2 8 43 27 45 6 0 6 
3 6 14 17 75 9 9 5 
4 8 4 73 50 0 3 0 
1 5 7 63 26 4 6 2 
0 9 51 37 24 6 4 1 
4 2 49 62 73 6 3 4 
4 2 21 72 35 7 6 3 
6 4 0 17 77 2 4 7 
2 0 28 17 59 2 7 1 
9 1 47 43 59 0 2 5 
7 0 24 68 24 7 9 2 
4 1 78 42 58 8 1 7 
2 4 47 83 46 4 5 7 
9 9 40 67 30 4 8 1 
4 5 17 49 16 7 9 1 
7 4 30 45 27 6 6 1 
7 5 39 58 66 9 7 4 
7 8 63 33 52 3 4 0 
6 1 18 63 90 5 9 4 
7 6 23 23 25 1 1 8 
2 0 11 81 64 2 0 0 
5 3 42 87 36 2 8 9 
4 4 40 35 50 5 9 8 
3 2 44 74 26 7 8 0 
8 7 25 87 38 8 8 2 
1 7 21 68 41 6 1 8 
5 2 36 52 51 1 7 7 
5 8 25 77 32 6 5 5 
1 1 35 42 46 9 4 7 
8 9 11 40 30 2 2 8 
6 2 50 87 68 4 6 3 
9 4 12 43 0 6 8 5 
0 8 0 53 50 7 4 4 
4 0 32 71 51 1 2 9 
1 6 21 42 30 4 3 6 
2 1 47 32 78 4 3 9 
7 1 47 71 90 2 2 9 
4 3 54 58 25 7 5 3 
3 7 48 66 23 8 6 2 
6 7 27 46 35 6 5 1 
7 0 26 52 7 3 5 8 
1 9 35 48 75 7 6 8 
7 3 35 65 74 5 0 1 
9 2 36 60 65 2 2 9 
2 5 27 57 24 3 1 7 
6 9 34 96 13 8 0 1 
2 9 44 67 27 9 2 5 
8 3 23 34 38 4 1 0 
8 3 64 13 22 7 8 2 
2 3 31 23 41 6 5 2 
2 0 21 31 57 9 7 7 
4 1 14 46 57 2 3 1 
3 4 16 50 40 3 5 4 
0 3 22 40 65 5 5 2 
9 8 64 23 77 3 1 6 
5 1 33 48 27 9 4 3 
0 4 60 43 55 8 1 2 
9 2 67 36 36 0 5 4 
9 8 46 4 72 0 0 9 
5 4 13 48 63 7 9 3 
3 5 29 54 65 2 6 0 
4 8 33 64 61 5 4 3 
0 2 42 0 79 1 1 2 
8 7 15 50 29 2 8 1 
9 0 66 55 64 8 7 1 
3 4 42 48 64 4 1 3 
7 8 39 73 43 5 3 5 
4 5 11 61 74 8 4 6 
3 6 8 70 64 4 6 5 
8 1 50 65 43 9 3 3 
2 4 32 38 32 7 7 2 
8 8 31 62 50 4 8 3 
6 5 4 51 54 2 4 1 
6 0 22 48 64 0 5 4 
7 9 59 27 7 3 9 6 
9 6 28 23 44 0 4 4 
2 4 5 53 39 7 4 1 
8 0 56 26 33 4 1 3 
0 3 4 42 40 3 8 3 
9 6 0 59 0 4 7 2 
4 1 46 55 7 8 2 2 
6 6 37 39 42 1 8 4 
5 1 22 83 28 4 5 8 
9 1 35 62 15 1 8 0 
7 2 48 84 35 4 5 7 
6 6 41 22 40 2 2 6 
2 5 5 55 16 2 2 0 
5 4 13 60 56 0 1 4 
0 6 21 45 80 2 2 4 
9 1 44 53 41 2 1 7 
0 6 32 21 79 5 1 5 
1 5 34 64 52 1 1 8 
1 9 26 20 68 8 5 8 
4 5 5 65 26 7 4 7 
0 8 40 68 70 4 5 3 
8 3 46 35 30 8 5 8 
1 6 14 83 43 5 8 0 
7 0 51 30 77 6 2 0 
4 8 46 65 28 4 1 8 
8 7 20 47 35 2 3 1 
8 4 17 3 59 5 3 6 
8 2 29 10 46 3 3 8 
6 5 19 56 59 9 7 5 
2 1 54 58 55 1 9 6 
6 3 53 49 19 3 3 4 
5 7 42 78 3 9 3 6 
9 7 48 22 69 0 3 1 
1 2 18 50 56 5 4 6 
1 1 33 65 49 5 0 8 
0 3 49 29 55 6 2 4 
7 3 47 35 45 8 1 0 
2 1 20 83 83 0 3 8 
0 5 54 75 36 4 4 3 
3 0 45 94 34 3 3 5 
0 8 36 32 30 8 1 2 
6 8 27 61 41 5 9 6 
0 5 34 51 64 7 5 1 
4 9 31 78 52 8 5 6 
8 1 15 37 74 5 4 4 
2 0 35 38 33 1 5 3 
7 5 25 22 56 2 6 4 
4 4 35 53 57 4 6 1 
3 9 35 41 64 9 5 9 
1 3 16 31 63 2 0 7 
1 5 9 34 55 5 2 5 
5 1 10 32 21 3 2 6 
6 1 23 3 46 6 7 3 
1 4 29 37 53 7 0 0 
6 2 51 74 89 3 5 4 
3 7 13 49 49 2 6 0 
3 8 5 60 33 4 8 0 
7 4 15 51 30 7 3 7 
8 9 51 40 55 4 8 8 
9 2 36 38 40 4 0 0 
9 1 26 57 28 1 0 9 
9 6 72 54 0 9 8 1 
0 5 3 59 93 7 4 2 
8 1 24 96 45 3 0 2 
5 4 45 61 50 6 1 0 
1 4 14 43 48 3 3 9 
2 5 20 48 44 5 7 5 
5 6 78 75 54 4 3 8 
6 9 19 50 31 2 8 3 
8 2 38 27 58 5 1 8 
7 9 0 22 65 8 6 2 
0 2 41 78 82 2 7 1 
2 7 49 58 69 4 1 0 
9 5 24 60 69 5 2 5 
8 5 23 58 57 5 6 3 
2 4 52 35 14 2 9 0 
0 8 14 51 55 1 4 8 
5 3 63 31 49 6 4 1 
4 0 27 24 31 9 7 3 
4 9 0 45 50 2 8 6 
5 8 15 55 19 5 9 3 
4 4 22 54 42 9 1 8 
1 8 58 21 57 7 5 3 
1 7 40 63 67 4 5 6 
1 1 3 71 55 8 2 4 
2 9 47 82 55 8 3 1 
6 4 26 50 69 6 2 1 
4 2 40 48 30 9 7 7 
7 7 0 46 21 8 0 3 
7 3 14 62 43 6 8 3 
0 5 30 43 57 7 3 7 
3 7 0 79 15 3 5 5 
7 1 20 41 48 8 1 3 
0 3 56 50 44 7 0 4 
6 4 18 88 64 6 7 2 
9 1 50 37 22 6 6 8 
3 2 0 76 54 7 6 4 
6 3 35 11 60 0 1 9 
3 1 20 55 111 5 7 2 
2 4 24 52 53 5 1 4 
0 3 27 43 93 9 8 1 
4 8 52 24 44 1 1 8 
9 5 24 15 72 3 9 7 
9 1 46 38 54 1 5 9 
2 1 25 42 30 7 8 9 
6 3 76 53 65 9 3 2 
9 2 2 35 46 6 4 2 
0 6 47 58 32 2 9 1 
7 4 17 83 34 7 2 6 
5 0 10 54 35 9 0 9 
1 4 62 57 51 3 9 6 
2 4 0 69 51 9 1 0 
8 6 44 31 40 9 6 9 
2 6 11 24 5 4 6 2 
8 2 28 25 64 7 4 2 
5 3 79 52 56 7 2 7 
5 6 0 47 26 5 6 8 
3 9 30 30 18 3 0 9 
9 8 35 31 70 5 8 6 
8 8 55 59 67 1 6 9 
0 6 39 48 60 9 4 2 
7 0 30 76 13 6 0 7 
0 4 21 41 65 7 0 8 
1 7 38 64 39 5 9 1 
4 0 7 32 77 3 2 1 
4 0 60 45 28 7 5 4 
2 9 18 43 0 5 0 1 
3 9 38 44 81 3 8 5 
8 3 20 48 34 1 5 3 
8 4 37 82 83 3 4 7 
1 5 57 49 54 8 1 1 
9 7 0 63 50 1 6 2 
8 7 59 34 58 8 2 4 
7 5 24 33 80 2 6 4 
6 3 3 37 82 2 0 6 
9 1 41 58 23 5 8 3 
4 4 45 43 64 5 2 2 
9 9 55 46 26 9 6 7 
3 4 26 85 63 7 8 8 
5 5 8 24 59 0 3 5 
7 1 28 44 35 0 6 2 
7 9 44 77 51 1 2 6 
4 6 0 38 24 7 3 0 
1 1 26 36 36 0 0 5 
5 6 75 33 68 6 6 0 
1 4 11 37 76 4 9 0 
7 5 14 59 44 6 3 7 
7 2 42 31 92 7 3 8 
9 0 41 19 42 7 2 5 
0 3 8 25 80 5 8 2 
7 2 37 59 59 6 0 9 
1 7 34 47 31 3 1 5 
4 5 17 46 56 7 9 4 
4 7 20 46 59 2 5 5 
7 6 0 81 21 4 6 5 
1 9 6 32 33 7 2 7 
0 8 54 28 83 5 9 2 
9 1 25 42 21 0 2 5 
1 4 15 38 10 5 5 3 
7 8 29 28 73 5 7 2 
0 1 51 47 64 7 5 5 
2 9 41 56 70 1 7 6 
0 9 39 52 64 2 1 4 
6 4 39 36 55 1 4 1 
8 8 29 59 77 0 9 1 
7 4 27 45 77 1 2 3 
9 3 22 97 46 3 8 1 
5 8 36 85 48 3 3 4 
6 9 9 54 42 6 9 1 
6 6 14 51 12 2 4 6 
5 0 63 46 49 9 4 5 
9 5 8 22 53 8 0 2 
5 0 6 28 59 6 2 9 
