8 3500
1 8 9 42 63 4 2 7 
0 6 0 34 16 9 2 5 
4 5 31 106 44 7 5 1 
7 1 25 31 64 4 9 6 
0 8 0 96 44 5 0 0 
6 0 53 25 50 4 6 6 
3 9 22 74 31 1 0 1 
3 9 23 16 60 9 8 5 
4 6 30 93 66 5 7 0 
8 5 37 19 20 1 2 1 
7 9 61 56 78 5 1 0 
9 3 33 80 58 6 0 7 
4 5 4 55 52 8 7 8 
0 5 52 65 50 9 5 4 
1 2 7 19 69 7 4 1 
7 9 69 34 7 0 7 1 
6 2 37 40 70 4 5 3 
1 0 40 34 60 1 5 0 
9 6 71 46 61 4 0 9 
8 5 38 51 70 5 3 2 
3 5 13 52 46 9 8 2 
5 5 20 73 39 9 6 4 
7 3 38 46 72 9 3 5 
6 3 51 51 26 9 3 9 
2 5 17 67 71 2 8 6 
8 3 38 55 46 0 0 6 
7 2 22 82 7 3 3 3 
2 7 26 85 34 8 6 1 
3 9 25 49 61 2 0 5 
5 0 9 74 56 9 3 1 
9 2 16 53 14 2 8 5 
3 8 58 64 75 7 5 8 
3 8 15 65 67 1 4 4 
0 8 49 33 12 3 7 9 
7 3 5 35 22 7 3 2 
3 1 59 43 45 7 6 4 
6 2 14 25 54 5 3 3 
0 5 30 35 35 8 0 5 
1 6 76 73 77 7 7 9 
4 7 64 102 86 5 0 5 
1 2 52 32 43 1 8 0 
8 9 33 44 66 9 6 1 
6 3 25 17 45 3 1 6 
2 0 47 53 56 0 6 8 
4 3 7 47 44 5 0 4 
9 6 14 56 69 9 2 7 
2 8 46 33 37 4 3 4 
2 9 0 80 69 4 1 1 
2 1 48 58 60 7 6 9 
7 7 6 52 19 2 6 3 
6 4 0 57 94 0 2 1 
5 6 19 16 47 9 9 0 
5 5 48 55 53 6 0 7 
4 8 50 56 31 0 8 0 
3 6 19 42 46 2 0 1 
8 8 26 35 62 0 9 5 
6 1 8 4 63 6 0 3 
1 1 41 45 80 5 3 9 
9 4 1 96 55 9 5 7 
4 0 62 65 55 1 4 1 
3 2 31 39 34 1 6 4 
3 1 76 45 38 8 2 3 
1 1 40 59 52 7 0 1 
1 7 20 43 78 5 1 8 
3 1 25 54 32 3 5 5 
2 4 29 72 65 4 3 2 
4 9 49 49 59 2 9 8 
7 3 18 9 41 7 8 9 
8 3 18 35 38 4 4 1 
9 6 4 29 51 5 8 5 
8 3 7 59 32 2 3 2 
3 0 24 41 83 6 3 3 
7 7 45 45 51 8 2 8 
0 9 48 22 54 3 1 3 
8 3 58 53 53 1 2 4 
5 6 0 14 63 7 5 8 
0 8 37 25 49 2 5 8 
2 8 15 21 77 3 4 5 
9 3 38 0 35 7 1 9 
7 5 57 54 54 2 8 6 
1 4 15 43 57 4 6 8 
8 6 33 62 50 6 5 0 
0 5 39 73 72 1 8 0 
2 5 10 41 47 6 1 6 
7 2 25 61 53 4 4 4 
8 1 39 22 31 2 9 9 
3 3 58 24 41 1 8 3 
3 6 55 25 44 2 7 2 
5 3 34 40 54 1 1 4 
0 7 13 34 35 6 9 0 
7 3 0 19 32 4 8 5 
7 0 33 51 51 8 0 1 
8 0 27 45 10 6 1 6 
9 3 0 32 73 8 1 2 
8 2 27 59 41 8 9 5 
8 9 19 26 61 4 8 1 
3 4 65 66 59 5 6 9 
7 5 54 46 74 2 8 3 
6 1 0 32 52 7 0 4 
9 1 24 46 32 7 4 3 
2 8 7 45 37 9 3 1 
2 7 52 60 42 5 4 9 
3 5 19 21 20 0 0 9 
6 9 10 44 83 7 2 8 
6 1 0 60 48 6 6 3 
4 3 9 64 61 3 6 8 
5 1 25 63 0 9 4 2 
4 7 47 46 58 4 7 8 
9 0 38 55 26 3 8 8 
2 0 23 29 55 4 4 7 
4 0 63 51 80 2 2 6 
5 7 0 56 44 8 8 2 
5 3 30 17 39 1 7 2 
6 0 14 35 29 0 4 3 
3 6 54 55 27 9 2 4 
1 1 32 39 56 7 8 6 
9 3 58 73 89 7 9 9 
1 4 68 47 19 9 3 2 
8 6 77 41 13 8 4 6 
2 6 18 114 47 3 2 5 
3 0 61 32 34 4 5 2 
8 3 33 43 37 7 8 5 
2 2 53 48 48 6 6 8 
2 4 19 60 67 9 5 6 
7 5 43 61 33 9 0 9 
3 0 47 73 28 3 4 6 
1 4 67 40 38 6 6 0 
7 6 33 47 53 8 3 7 
9 4 16 55 54 4 3 5 
7 7 16 44 47 9 5 6 
5 8 30 60 39 4 7 6 
4 0 75 53 13 8 4 6 
2 3 10 66 38 9 8 0 
8 8 50 60 39 4 1 9 
5 1 55 51 60 2 2 7 
2 7 50 62 67 7 0 9 
8 8 18 73 55 3 2 5 
0 0 24 58 54 3 8 2 
8 6 46 41 38 1 3 3 
3 8 15 31 53 9 9 7 
3 4 59 66 26 1 6 0 
4 4 32 52 76 7 5 6 
4 0 37 80 25 1 2 3 
0 1 43 25 44 0 4 7 
9 2 31 27 64 1 2 4 
2 6 25 86 58 9 5 5 
5 1 4 42 33 9 3 3 
7 8 0 42 43 2 9 3 
8 6 37 70 50 3 4 2 
3 0 36 18 81 5 1 6 
7 1 30 30 37 2 2 2 
6 2 20 69 50 9 1 7 
6 8 49 69 38 1 0 2 
2 1 32 39 41 9 9 4 
2 9 25 42 68 2 1 7 
6 8 29 36 34 1 9 8 
5 3 24 65 20 3 4 3 
4 7 16 61 40 4 0 0 
2 7 4 55 4 8 8 2 
7 6 15 34 75 5 4 1 
3 4 26 59 58 7 0 6 
2 2 2 15 43 5 2 9 
5 4 29 20 63 0 9 9 
9 0 14 38 30 5 9 8 
0 6 54 86 59 2 1 5 
6 7 14 62 79 4 3 4 
6 5 38 9 26 6 0 6 
8 9 21 25 54 3 2 3 
2 3 0 36 46 4 4 9 
5 5 44 42 25 0 2 7 
7 6 55 41 33 5 5 9 
0 4 22 44 59 6 7 1 
5 9 65 29 32 9 9 0 
4 7 41 0 32 6 8 8 
5 0 54 54 64 1 6 8 
2 7 56 17 47 5 4 5 
5 5 19 49 54 4 9 0 
1 0 34 20 51 0 4 5 
5 2 20 53 46 3 0 6 
6 3 0 38 39 2 6 1 
4 0 57 24 46 6 6 0 
5 6 17 37 15 9 8 2 
1 0 12 67 69 7 6 3 
1 6 47 44 34 3 9 2 
4 1 45 43 31 9 3 3 
6 5 24 61 60 8 2 1 
1 3 27 75 37 0 5 8 
8 6 50 42 5 4 3 2 
7 8 17 26 34 7 0 7 
7 7 35 73 63 2 8 6 
4 5 37 44 37 5 0 6 
4 0 56 63 29 1 5 0 
8 2 12 46 39 2 9 7 
8 0 48 68 47 3 6 2 
2 7 40 35 52 6 2 9 
9 2 13 45 35 1 5 2 
9 3 32 87 43 2 7 0 
5 9 47 36 39 2 8 0 
2 9 7 64 49 7 3 8 
3 2 34 51 45 3 7 8 
0 7 31 59 40 1 8 1 
8 3 78 64 33 6 8 3 
3 5 43 55 50 9 3 8 
2 1 39 36 54 9 1 8 
4 0 44 48 36 7 4 6 
6 7 12 39 69 3 6 2 
7 0 15 47 44 9 7 7 
6 1 34 54 24 1 8 0 
8 2 33 33 92 2 9 5 
7 1 31 44 39 8 0 2 
4 2 0 37 66 3 4 0 
3 4 60 60 50 9 6 6 
7 9 42 36 47 4 2 9 
9 1 30 54 64 1 3 6 
6 2 51 68 34 3 0 1 
6 9 9 84 39 8 0 5 
5 8 101 58 61 6 6 6 
3 5 13 67 41 2 7 8 
4 5 22 26 87 9 3 5 
3 4 55 70 31 4 6 8 
4 3 3 47 95 6 2 3 
0 2 3 52 71 0 3 2 
7 0 34 16 36 9 4 0 
7 6 18 32 44 0 7 8 
5 0 21 55 61 8 2 0 
2 5 48 23 34 9 8 8 
5 2 18 45 49 2 0 6 
1 6 35 70 30 5 8 8 
1 5 27 76 39 8 5 5 
0 2 10 52 68 3 2 2 
0 1 52 53 56 2 7 8 
7 5 45 15 58 4 4 4 
7 8 39 87 37 9 3 5 
5 1 7 33 70 8 0 8 
3 9 38 60 47 5 5 8 
3 8 63 17 66 8 0 4 
6 7 64 34 58 7 1 7 
1 9 71 43 57 6 9 6 
5 9 0 28 60 1 2 2 
2 8 63 77 71 3 8 9 
2 9 33 53 11 5 7 3 
4 4 42 40 31 8 0 2 
7 8 19 25 66 0 6 0 
9 2 20 53 55 1 0 2 
2 1 29 37 34 5 6 9 
3 3 33 70 24 0 0 4 
3 7 44 54 48 6 3 2 
2 4 27 81 60 0 0 9 
5 6 24 62 44 5 9 2 
1 7 24 87 51 3 2 5 
1 8 8 35 6 3 3 8 
8 7 51 68 43 9 1 8 
2 4 23 52 51 0 0 6 
2 1 50 13 60 9 2 2 
3 6 10 45 35 8 8 2 
3 4 68 49 48 5 1 1 
3 0 0 65 62 5 6 7 
1 2 34 56 39 0 6 4 
5 5 38 4 40 0 1 1 
3 9 0 41 64 0 5 8 
4 4 4 63 74 2 2 0 
1 3 25 42 42 6 0 6 
5 9 19 47 72 4 1 3 
5 2 22 43 38 3 2 0 
8 3 39 74 66 2 5 9 
1 2 21 65 57 1 8 7 
0 2 55 71 79 0 0 8 
1 3 32 33 64 0 0 5 
1 1 21 39 55 2 0 4 
8 6 21 25 85 5 6 5 
0 0 9 64 34 3 1 2 
4 2 4 40 50 5 4 0 
9 9 36 68 39 7 2 9 
4 8 31 83 69 1 5 6 
9 1 7 61 44 0 6 5 
1 9 15 95 78 9 6 4 
1 4 24 39 51 0 6 9 
5 6 20 39 25 9 3 3 
7 1 31 70 22 3 3 9 
2 8 0 46 56 3 9 5 
0 1 23 37 58 2 4 1 
5 2 51 69 51 9 9 0 
7 4 68 70 30 2 0 0 
4 5 25 46 48 8 2 2 
4 3 43 32 69 1 9 6 
8 8 49 70 51 4 8 1 
7 3 57 49 17 4 6 0 
3 9 43 4 43 7 1 8 
7 5 16 41 18 8 7 7 
6 3 7 57 44 8 7 6 
3 6 67 29 22 8 1 6 
1 9 36 41 70 3 2 2 
0 3 23 33 46 0 0 1 
3 5 7 28 43 2 8 1 
6 2 15 82 32 5 3 9 
5 6 30 16 50 4 9 3 
4 0 41 60 42 3 1 6 
6 8 66 43 28 2 1 9 
0 6 17 59 68 1 4 1 
2 3 21 68 17 8 4 8 
8 6 42 77 62 6 4 1 
2 0 75 65 49 3 9 4 
2 1 54 63 34 8 5 1 
0 7 68 67 76 5 9 9 
8 4 53 55 33 6 3 3 
2 8 21 57 73 8 7 8 
7 7 56 35 26 3 1 4 
5 2 31 37 42 4 3 9 
6 7 3 56 58 8 9 6 
3 6 32 72 26 6 6 4 
7 9 59 47 49 6 5 7 
1 5 31 34 41 6 7 6 
5 4 42 45 7 6 3 0 
4 4 32 67 33 8 2 9 
6 7 50 57 55 5 4 9 
8 0 56 70 69 2 0 5 
8 2 0 72 49 9 0 6 
7 3 11 52 44 3 2 9 
1 6 40 25 69 0 6 7 
4 3 5 58 33 7 1 5 
6 6 0 15 56 7 1 1 
8 8 6 102 39 5 0 8 
4 1 53 54 36 6 8 2 
7 7 35 69 37 0 8 5 
4 4 36 96 23 3 7 9 
7 0 23 14 66 0 0 2 
6 4 39 58 30 1 1 8 
8 1 18 103 29 9 2 9 
0 8 37 46 35 9 4 6 
5 9 60 24 40 4 1 0 
0 8 0 26 40 5 0 2 
7 8 32 70 24 4 6 9 
8 7 7 52 52 9 0 6 
0 1 12 55 39 1 4 0 
7 0 20 59 51 7 1 9 
3 9 30 49 55 1 1 3 
8 9 29 83 37 3 8 4 
3 6 0 31 57 9 5 0 
3 4 45 79 90 5 0 1 
7 6 21 57 41 8 9 1 
9 6 15 4 42 0 8 6 
5 6 58 40 39 4 9 9 
3 0 16 24 31 6 8 5 
6 1 50 46 33 9 3 0 
6 8 24 53 71 4 2 0 
3 2 59 42 28 7 6 0 
3 1 26 55 40 3 8 6 
5 5 24 80 3 2 3 7 
0 4 13 83 38 0 4 0 
3 4 88 23 56 8 0 8 
7 2 35 22 45 1 4 6 
2 4 4 79 34 2 4 0 
1 8 3 75 49 5 3 8 
7 1 38 47 70 6 3 5 
9 5 12 32 47 6 6 5 
4 7 38 75 29 4 8 7 
9 7 8 83 102 1 1 1 
5 1 62 79 69 2 6 0 
5 6 24 54 50 2 8 3 
0 0 58 48 59 7 1 9 
2 1 23 31 67 7 8 3 
9 9 14 75 82 7 0 5 
0 0 75 59 65 0 7 1 
4 7 15 71 13 2 5 2 
7 7 7 52 23 5 5 6 
7 6 0 61 44 6 6 4 
1 1 40 39 17 6 3 6 
4 9 36 48 41 0 5 0 
9 0 17 29 50 7 3 2 
8 3 21 85 60 3 4 6 
0 2 47 68 24 5 4 7 
3 8 37 51 42 6 0 6 
5 8 0 59 60 4 8 8 
4 9 27 36 39 6 4 6 
2 5 12 29 42 0 3 3 
5 7 0 22 52 6 3 0 
5 3 63 36 45 6 3 1 
7 7 40 23 29 4 7 8 
2 5 30 50 59 0 3 8 
2 8 34 13 25 5 5 7 
2 7 52 51 57 3 7 7 
0 0 33 28 32 6 6 3 
9 6 47 32 47 1 0 4 
0 7 23 58 35 0 2 4 
8 5 22 67 47 2 6 0 
7 8 48 0 72 5 0 9 
3 3 24 51 42 1 1 3 
7 8 44 41 59 5 1 2 
2 6 74 86 60 1 4 0 
8 4 41 22 72 1 5 6 
3 7 18 107 67 1 5 7 
0 0 37 12 63 3 0 0 
0 1 0 70 19 1 5 0 
3 3 10 53 71 3 4 4 
8 1 10 88 36 5 0 2 
4 8 47 41 37 2 7 3 
9 0 0 71 68 2 6 4 
5 3 32 50 35 9 5 7 
1 9 31 60 92 7 9 9 
7 1 17 23 55 2 9 2 
8 3 33 87 20 5 8 5 
0 9 38 58 43 2 6 8 
6 7 39 66 48 9 9 7 
7 6 33 45 62 5 5 4 
7 0 4 66 44 0 1 4 
5 4 30 32 51 0 3 8 
3 3 56 43 60 3 1 2 
4 9 51 12 48 0 7 5 
1 3 33 41 15 7 1 8 
1 9 51 44 40 3 4 5 
2 5 35 38 35 2 0 0 
3 5 16 58 66 9 5 3 
7 9 2 50 98 5 4 4 
6 6 43 31 49 9 7 3 
5 6 17 14 64 3 7 6 
2 6 29 41 45 0 0 0 
5 3 14 69 48 7 2 2 
6 5 2 47 8 4 2 5 
0 4 49 23 0 9 4 4 
4 0 0 36 6 1 6 1 
3 8 1 38 37 2 6 7 
1 4 8 47 37 9 3 0 
2 8 45 36 16 2 9 9 
0 1 24 42 62 6 9 0 
1 1 6 37 29 7 2 6 
7 1 36 42 43 4 7 2 
8 2 43 49 0 5 1 4 
6 6 42 44 23 4 4 0 
4 0 7 79 59 6 7 7 
8 1 60 17 16 3 6 6 
5 1 16 60 40 3 7 6 
2 6 57 74 46 3 4 7 
5 5 8 46 61 1 5 3 
5 7 42 47 70 0 9 2 
4 5 0 39 0 7 3 0 
4 8 43 27 27 4 2 9 
2 4 42 55 49 4 9 9 
3 9 32 75 82 4 7 7 
0 7 15 43 31 5 6 3 
1 6 0 57 16 9 0 4 
0 0 32 29 27 2 9 2 
4 5 46 31 52 4 1 2 
0 2 22 48 44 8 8 6 
5 5 22 49 4 9 8 6 
2 5 57 79 85 7 9 0 
3 9 67 29 39 3 4 8 
8 1 41 45 41 1 4 8 
5 6 51 86 44 1 9 4 
1 2 22 84 18 0 0 5 
7 6 25 12 60 3 1 0 
4 4 18 55 53 2 9 5 
1 5 44 39 63 6 1 2 
5 2 51 60 39 2 4 7 
6 0 31 52 31 2 3 1 
7 2 24 32 39 7 8 5 
0 1 4 26 8 4 0 9 
0 8 8 50 68 2 5 3 
5 6 37 68 64 4 5 4 
2 9 19 55 33 4 3 0 
1 5 37 58 80 7 1 6 
0 7 0 87 46 3 7 2 
5 2 43 79 21 1 1 9 
1 8 47 33 30 2 8 3 
2 2 5 63 52 9 2 3 
1 8 68 49 33 4 0 7 
2 3 32 83 26 1 0 8 
2 5 37 33 83 9 2 3 
6 4 70 38 79 5 6 7 
2 1 48 65 60 4 5 5 
2 8 12 59 69 5 7 6 
3 2 33 8 22 8 4 0 
1 2 0 57 64 8 5 6 
6 0 45 47 39 3 0 6 
5 0 0 19 28 5 5 3 
0 8 1 29 32 9 1 4 
7 9 41 63 73 5 6 7 
2 5 57 64 77 1 0 8 
0 1 26 23 29 7 4 0 
2 8 85 18 82 6 6 4 
1 2 16 30 16 3 1 1 
2 6 15 77 34 5 4 7 
8 2 7 42 60 3 9 4 
4 6 62 59 63 5 1 0 
1 6 32 47 34 0 1 8 
4 0 4 63 35 6 6 4 
5 4 57 71 85 0 5 3 
3 3 22 44 50 2 6 8 
8 4 38 41 55 7 2 0 
0 5 0 25 33 2 4 7 
6 0 28 30 71 8 9 8 
8 6 3 18 62 7 6 4 
4 5 0 55 67 6 5 0 
1 1 54 56 20 4 0 9 
1 5 9 68 0 6 8 4 
3 6 25 27 1 6 7 4 
1 6 39 57 89 6 8 7 
6 0 23 22 71 2 6 5 
8 8 25 66 41 1 9 5 
5 6 47 41 53 7 9 4 
0 9 25 55 36 8 7 3 
0 7 52 23 46 5 5 6 
3 1 0 55 49 8 9 6 
3 9 45 66 31 3 5 8 
1 8 54 40 59 5 3 7 
6 5 49 42 42 1 7 9 
0 3 26 61 42 9 2 5 
8 0 28 26 53 7 7 0 
3 0 37 32 60 8 4 2 
9 0 29 80 34 4 6 6 
2 0 5 76 0 7 4 6 
5 1 16 101 29 6 0 9 
0 4 27 70 46 5 4 1 
5 4 34 50 29 2 6 0 
9 0 19 79 76 4 3 3 
7 4 63 44 28 2 7 1 
0 2 20 63 44 1 8 1 
3 0 35 45 22 4 7 2 
3 2 55 43 46 7 2 2 
3 5 4 37 49 7 8 9 
6 7 20 30 71 3 7 8 
8 8 63 57 7 6 5 9 
6 5 59 55 65 4 1 4 
4 1 46 27 63 9 0 3 
3 6 0 52 1 9 1 9 
9 3 54 68 40 0 7 8 
4 1 57 53 66 7 5 9 
5 0 52 74 37 8 4 7 
8 2 38 21 48 0 1 0 
1 9 27 60 62 9 9 3 
3 5 12 50 74 9 1 2 
5 6 39 75 40 6 2 8 
2 2 13 56 67 0 8 9 
3 8 39 40 70 8 9 5 
7 6 29 30 44 8 4 8 
8 8 0 7 43 3 9 6 
4 8 41 52 43 1 6 2 
1 7 34 38 26 2 6 8 
7 0 0 29 73 2 9 9 
4 2 19 54 54 0 9 6 
6 5 29 40 12 8 8 9 
5 0 55 12 64 8 0 3 
1 7 34 61 38 5 1 7 
4 9 12 77 60 3 4 9 
4 3 27 42 74 3 8 1 
3 1 2 30 61 4 3 4 
3 0 27 45 98 9 3 5 
7 6 25 94 80 6 9 0 
8 1 26 65 50 7 0 2 
6 3 7 54 45 8 6 9 
5 5 34 41 55 5 9 4 
0 9 25 59 47 8 2 1 
9 5 37 78 91 3 9 9 
9 2 54 73 71 7 4 7 
5 9 52 55 29 8 8 6 
8 5 37 46 42 7 3 3 
5 5 1 71 52 1 2 6 
9 5 0 35 49 1 5 1 
5 2 31 29 53 5 9 7 
7 7 11 41 57 9 3 6 
3 5 0 57 63 8 6 6 
1 2 60 20 35 9 4 4 
8 2 0 74 61 2 4 9 
7 1 0 11 40 4 9 8 
2 8 51 86 79 8 6 6 
1 7 41 61 40 6 4 0 
6 2 24 86 73 2 2 7 
1 2 23 67 41 7 2 6 
5 8 21 35 77 2 9 3 
0 5 14 69 36 5 2 0 
5 4 8 42 22 9 8 0 
5 9 1 77 41 0 5 2 
6 6 44 41 51 0 6 0 
4 8 52 65 69 9 7 2 
5 5 54 47 49 2 6 4 
9 8 34 16 86 4 0 3 
1 5 20 67 21 4 3 9 
8 8 30 29 25 4 9 3 
4 7 22 76 33 5 4 6 
8 8 63 74 21 4 1 0 
3 4 12 28 52 0 5 2 
1 5 36 68 46 8 3 3 
3 0 27 61 40 2 4 5 
7 3 26 94 104 1 4 2 
6 3 13 60 53 4 4 6 
5 1 19 46 71 3 0 3 
8 3 10 69 45 0 2 8 
3 4 33 7 54 5 3 0 
1 5 21 53 69 4 7 6 
1 8 0 52 41 7 8 3 
6 3 0 70 42 5 4 9 
1 4 35 61 56 9 8 3 
4 3 39 50 50 3 4 9 
8 3 60 39 44 3 6 9 
7 1 0 43 38 8 5 2 
9 3 41 34 62 7 8 7 
6 9 41 60 19 6 9 7 
3 0 0 41 74 3 2 8 
2 8 41 43 36 0 1 1 
0 3 54 59 48 6 3 3 
0 6 47 51 63 9 6 6 
9 4 58 65 61 9 3 5 
7 1 35 50 62 6 2 4 
8 5 48 59 61 4 5 0 
0 7 43 64 41 7 5 9 
6 5 0 68 55 4 0 0 
8 0 22 79 10 4 9 2 
3 3 13 56 63 3 7 7 
0 6 40 61 65 2 3 5 
7 9 39 46 30 6 3 1 
8 4 25 41 33 0 4 3 
9 9 35 44 42 4 7 2 
6 0 34 52 32 6 5 7 
3 7 27 63 29 0 3 7 
0 4 7 53 46 7 8 4 
5 5 52 59 54 1 3 7 
3 7 59 67 55 8 7 1 
3 1 0 82 55 5 5 7 
6 5 44 43 43 2 5 2 
3 0 48 93 68 1 6 0 
2 1 41 72 65 2 0 8 
6 2 19 54 39 5 9 3 
3 9 24 52 44 3 5 5 
2 4 23 72 23 7 0 5 
3 3 46 29 53 6 6 1 
9 1 19 34 52 2 4 0 
8 6 31 19 31 7 0 6 
7 2 67 55 70 7 6 2 
7 1 35 9 24 0 4 5 
4 7 69 55 47 6 8 2 
2 4 24 61 38 7 4 5 
7 9 35 43 62 5 0 0 
8 1 27 72 69 6 2 1 
9 3 15 75 45 4 5 9 
1 2 28 55 61 3 6 0 
4 5 4 39 39 4 7 0 
0 3 31 42 58 0 4 8 
3 7 34 48 28 4 1 8 
2 3 16 54 31 7 8 6 
8 0 32 104 66 1 3 4 
5 6 10 50 32 0 3 4 
5 9 42 23 44 8 5 0 
3 0 19 35 64 8 4 7 
5 3 14 15 46 9 2 0 
0 5 56 52 52 7 0 9 
4 4 67 47 96 8 3 0 
5 4 44 27 23 8 6 9 
5 3 50 52 58 8 8 6 
3 5 38 72 45 2 8 0 
0 4 14 58 26 1 0 9 
1 3 29 20 77 9 0 1 
0 3 5 46 61 2 4 8 
0 0 51 82 50 1 8 7 
8 5 26 40 18 2 6 6 
1 2 55 64 52 8 2 9 
8 5 20 37 88 1 7 7 
7 8 40 44 57 5 2 5 
5 1 38 46 49 6 6 1 
0 0 49 43 66 5 4 4 
6 2 46 53 83 1 1 7 
4 4 15 41 45 5 6 7 
8 4 37 54 81 4 1 7 
4 5 49 41 37 9 1 8 
4 8 47 68 42 7 9 8 
7 1 23 90 63 1 2 7 
2 6 0 62 79 6 1 6 
1 9 56 45 18 0 8 0 
9 2 32 60 31 1 6 3 
8 2 14 80 47 2 6 5 
0 6 49 51 51 5 1 0 
4 0 32 42 44 1 0 3 
5 5 56 33 18 3 4 4 
1 6 7 57 25 0 3 1 
6 5 48 13 51 3 9 3 
4 6 56 46 24 1 0 3 
6 2 33 11 60 1 8 6 
5 9 29 25 48 6 9 8 
1 3 16 36 60 5 2 3 
8 2 18 64 0 3 2 6 
8 9 43 56 14 9 8 8 
7 0 73 4 45 0 9 1 
4 3 57 83 70 9 3 8 
7 5 0 48 48 4 5 8 
2 3 40 57 42 5 7 6 
7 8 8 63 89 7 3 6 
6 8 38 61 55 4 8 2 
4 1 8 69 53 3 5 1 
2 2 48 52 66 4 4 4 
7 1 67 15 83 2 1 7 
4 7 25 37 41 8 0 1 
0 4 26 50 54 8 1 4 
9 0 65 48 33 2 7 4 
4 5 43 59 47 9 4 6 
5 4 40 26 57 5 7 9 
7 3 39 51 84 5 6 7 
8 9 26 44 26 3 5 0 
3 0 26 35 47 2 7 4 
6 4 12 46 49 3 5 3 
7 2 8 54 17 8 2 7 
1 1 52 53 56 8 1 1 
7 6 13 41 44 3 1 7 
6 3 0 80 42 0 9 6 
5 8 7 37 64 1 5 2 
7 2 22 48 62 9 1 6 
2 1 46 47 49 1 0 1 
5 1 31 64 53 1 2 8 
8 5 11 80 42 6 1 2 
8 2 30 48 4 6 1 5 
1 0 14 69 70 1 8 1 
3 1 26 79 24 7 8 8 
1 8 0 20 50 9 6 8 
5 9 24 9 54 5 3 8 
9 9 20 69 42 2 0 2 
2 3 44 38 29 1 1 5 
8 3 36 89 66 8 6 0 
7 3 22 78 1 4 5 9 
3 0 11 56 69 1 5 7 
5 3 35 57 74 0 1 2 
3 3 27 33 43 8 3 9 
8 1 0 53 74 9 8 4 
7 9 41 75 59 3 1 2 
1 6 18 36 94 1 0 8 
1 4 3 54 52 1 7 3 
5 8 27 50 55 9 9 9 
3 0 7 70 49 3 4 3 
4 1 43 82 58 4 3 7 
4 5 35 54 23 0 8 1 
1 9 22 58 63 5 3 2 
9 4 0 82 56 1 8 4 
3 3 32 71 16 9 7 2 
9 0 22 62 49 6 5 1 
8 2 39 63 84 6 6 3 
0 8 32 69 29 9 3 5 
1 7 0 34 31 3 8 5 
7 9 37 71 36 6 7 7 
3 9 25 41 41 7 2 8 
2 0 31 45 41 1 4 3 
8 5 46 54 59 2 2 3 
9 7 65 63 59 8 5 7 
1 7 40 54 40 6 6 0 
8 4 27 69 31 3 8 5 
5 0 36 60 49 1 1 2 
5 7 11 32 29 2 8 2 
4 4 44 39 53 3 4 4 
4 7 36 20 46 3 5 1 
8 4 30 85 65 7 0 9 
3 9 6 37 44 5 6 6 
8 1 23 26 82 9 0 9 
1 7 27 73 49 1 3 9 
2 7 29 39 83 9 5 4 
1 2 65 68 21 1 9 3 
6 4 59 60 34 2 7 1 
0 6 57 54 44 6 4 0 
1 6 68 42 22 6 4 5 
1 6 35 60 74 6 0 5 
1 5 28 49 47 0 6 3 
5 2 38 57 28 0 6 6 
6 3 40 70 79 7 6 5 
2 5 39 57 17 6 2 3 
2 9 8 24 43 6 6 6 
6 3 23 37 25 2 7 1 
7 2 35 49 63 9 7 4 
5 0 64 25 35 9 2 5 
9 3 41 59 51 1 7 6 
1 6 54 26 51 0 7 7 
3 6 0 96 31 2 7 2 
9 7 46 66 47 9 5 0 
7 4 51 79 67 7 9 9 
3 2 29 60 56 5 5 4 
4 0 59 48 36 3 3 2 
9 3 29 54 39 8 9 0 
3 5 53 22 53 8 8 6 
5 7 49 62 37 4 0 0 
2 4 26 30 75 1 9 8 
8 6 32 23 44 3 8 2 
3 9 36 41 70 4 6 1 
4 3 58 43 28 3 2 8 
7 2 29 69 49 0 4 0 
4 3 43 52 25 2 5 9 
8 9 2 71 60 4 7 7 
9 7 31 18 54 2 6 0 
9 8 46 57 44 5 4 3 
8 8 0 1 70 6 0 4 
9 4 61 39 36 2 2 2 
4 9 31 45 16 0 3 8 
7 3 17 67 58 1 8 9 
3 1 22 54 59 4 9 5 
6 6 10 40 49 8 7 9 
0 7 40 21 56 2 8 2 
0 2 70 58 59 7 3 1 
7 9 43 34 24 0 6 2 
6 6 62 34 45 5 4 6 
6 6 23 90 32 8 0 7 
0 1 2 74 20 6 9 5 
2 4 46 52 56 4 0 2 
5 5 59 46 32 6 3 5 
0 4 39 24 51 0 6 8 
6 3 0 37 38 5 8 8 
6 4 68 71 49 4 3 0 
3 3 23 18 38 9 0 1 
9 8 37 25 56 1 2 4 
1 0 19 53 55 2 0 2 
1 2 45 61 48 1 8 1 
7 0 38 26 44 8 0 6 
0 9 37 35 53 6 2 1 
4 4 32 79 41 1 0 1 
8 8 32 46 25 8 1 5 
0 6 51 49 30 4 9 3 
4 9 49 47 52 1 2 0 
8 8 39 47 39 9 3 6 
0 3 19 43 52 2 1 1 
8 9 59 53 52 1 8 9 
9 8 18 39 20 4 2 0 
8 4 43 20 34 4 0 5 
7 3 56 16 50 5 6 1 
1 6 37 24 52 8 5 9 
3 6 20 48 83 2 7 6 
2 4 34 60 42 7 2 7 
7 7 23 49 42 4 9 5 
1 0 44 48 21 0 8 4 
5 5 6 38 60 4 2 0 
7 0 37 58 17 8 3 4 
1 7 7 68 54 4 8 3 
3 5 15 78 40 5 9 3 
0 1 36 58 54 4 4 0 
0 2 32 63 49 0 4 2 
5 4 57 41 71 1 8 0 
5 2 0 42 53 9 1 5 
4 5 45 47 41 5 2 1 
3 2 35 67 17 5 0 0 
8 4 41 26 34 4 4 3 
5 3 51 68 63 7 5 3 
3 1 24 26 17 0 4 1 
6 7 23 27 70 7 8 7 
5 7 51 51 13 2 6 4 
6 6 21 74 48 1 1 7 
9 4 11 74 35 0 4 2 
3 4 54 34 50 0 7 1 
6 6 73 63 56 2 3 4 
3 6 30 40 46 4 1 8 
6 2 9 65 66 6 7 3 
6 8 21 72 39 8 2 8 
1 2 41 39 82 9 8 2 
2 5 42 34 23 8 6 6 
7 4 39 49 58 5 5 7 
2 6 62 71 53 6 9 3 
6 2 12 49 33 5 4 1 
4 2 31 78 82 3 9 7 
6 1 59 17 33 9 4 3 
1 1 50 49 65 4 1 3 
2 8 28 56 62 3 6 7 
6 5 25 39 47 8 1 1 
6 0 38 43 84 7 0 4 
6 7 8 57 70 9 5 4 
8 0 63 70 47 2 7 0 
7 3 71 61 59 0 8 7 
9 1 19 11 68 0 9 3 
1 7 29 23 76 2 7 5 
7 4 48 54 51 2 1 2 
6 3 34 47 73 4 1 0 
6 6 18 79 42 9 6 6 
5 0 16 56 29 7 6 1 
1 0 16 58 56 3 3 0 
8 6 25 53 44 0 5 1 
1 6 48 55 76 4 0 7 
7 4 31 51 46 7 4 1 
6 9 0 65 62 8 2 8 
1 7 14 33 49 8 4 2 
6 6 16 61 46 1 5 8 
2 6 23 87 3 7 3 1 
2 7 21 83 51 3 3 7 
4 5 17 32 56 5 4 7 
6 7 45 39 62 5 4 3 
2 7 16 65 50 9 6 9 
0 9 36 29 73 0 8 4 
4 3 28 23 56 7 0 7 
3 3 19 34 46 8 4 5 
4 4 13 44 24 6 9 9 
8 9 75 66 51 5 6 3 
3 5 49 72 48 2 1 7 
3 2 2 60 57 1 3 8 
9 5 2 45 57 8 1 4 
6 1 10 37 59 7 5 1 
3 7 72 44 50 0 0 3 
4 7 39 62 50 8 2 5 
2 9 4 53 64 7 6 3 
9 9 0 45 34 0 2 9 
3 7 56 64 6 3 2 3 
2 7 43 62 63 7 8 3 
6 2 20 40 47 7 6 5 
9 9 19 47 85 8 3 0 
0 7 14 30 52 0 6 6 
4 5 64 72 76 3 1 3 
1 9 40 32 54 6 5 2 
2 1 34 54 34 1 9 1 
3 0 33 68 47 0 8 2 
4 8 15 48 15 3 0 8 
7 4 41 93 26 4 9 5 
4 5 27 36 70 4 8 6 
5 5 60 55 7 3 3 6 
9 8 25 72 59 7 4 4 
0 9 49 54 68 5 1 7 
2 3 96 24 44 5 3 3 
3 3 38 24 63 5 7 1 
3 4 0 32 76 6 0 8 
1 4 30 64 58 7 1 7 
1 8 26 49 25 1 3 6 
7 2 56 26 37 5 8 4 
5 9 27 2 62 8 1 0 
5 1 30 62 54 7 2 6 
0 1 29 24 87 3 4 3 
4 4 20 60 59 3 5 4 
8 1 17 67 20 7 3 7 
6 2 66 81 8 8 0 8 
4 2 14 75 54 3 1 2 
3 6 26 53 41 7 5 1 
0 0 29 69 56 5 0 5 
2 1 39 75 84 8 9 5 
1 6 19 61 110 9 3 4 
4 8 26 44 67 7 6 9 
9 3 22 48 59 6 7 7 
1 9 33 44 58 1 1 4 
3 2 13 57 78 8 9 0 
1 0 38 47 15 2 9 4 
1 0 39 34 56 1 6 7 
2 5 68 26 29 6 3 5 
8 4 0 56 68 4 1 9 
3 1 43 45 43 2 7 0 
9 6 40 34 41 2 9 5 
2 8 18 52 57 1 2 0 
8 2 17 38 83 2 9 0 
9 6 44 50 55 1 2 3 
3 5 5 30 56 5 3 3 
3 9 31 62 28 5 8 8 
6 2 10 20 48 2 6 1 
7 5 49 48 78 9 8 8 
6 2 23 80 63 3 7 9 
7 7 17 70 25 9 5 4 
4 9 17 71 64 6 8 9 
8 1 41 20 31 0 4 6 
2 4 56 91 59 8 9 8 
7 0 20 48 34 0 2 7 
5 6 73 35 43 1 9 0 
7 1 13 57 14 4 6 4 
0 1 20 43 53 3 0 5 
0 9 9 59 14 2 1 1 
3 6 26 31 58 5 7 1 
5 8 41 55 50 9 9 3 
2 1 17 82 61 9 1 6 
8 8 47 45 25 2 3 2 
6 1 32 42 8 4 6 7 
3 2 37 42 74 8 5 4 
7 6 25 64 32 1 4 2 
2 4 38 56 57 4 9 5 
9 3 4 62 12 7 8 0 
1 9 31 53 18 7 1 6 
4 1 0 83 1 9 5 0 
9 6 0 41 37 7 5 3 
5 6 28 72 24 0 2 2 
5 7 26 79 21 4 0 8 
1 7 32 26 44 5 6 8 
5 8 25 40 38 2 4 4 
8 6 0 28 33 4 1 0 
4 8 36 42 68 7 2 6 
5 3 32 38 36 8 3 0 
7 9 8 40 48 1 0 9 
0 8 31 44 56 4 1 1 
7 8 51 58 17 4 6 4 
6 1 26 37 39 8 2 5 
5 6 9 84 69 5 6 2 
0 8 6 53 60 9 6 2 
6 6 40 60 32 1 8 0 
3 9 44 62 53 4 0 3 
8 9 33 79 27 3 5 9 
5 8 34 28 61 5 1 6 
7 6 55 30 9 3 9 9 
9 6 39 60 63 6 0 8 
1 9 32 47 36 1 2 7 
4 1 31 57 73 3 5 9 
1 6 53 35 31 9 1 9 
1 3 47 42 26 7 8 2 
5 2 56 30 56 6 4 4 
1 0 57 36 40 2 2 7 
2 2 7 37 46 9 6 7 
5 7 63 50 0 7 0 6 
8 9 23 26 81 0 1 2 
7 1 29 41 70 3 6 0 
9 3 37 52 53 7 7 7 
4 4 9 33 95 9 9 0 
8 9 45 39 25 4 7 3 
6 3 23 42 58 5 9 1 
1 1 2 54 18 4 3 0 
3 9 36 42 58 7 6 9 
8 3 37 54 47 4 8 2 
8 4 47 30 45 0 6 6 
6 5 23 29 66 8 4 8 
9 3 0 39 59 5 3 7 
9 1 44 67 67 3 7 8 
1 2 30 42 50 6 8 5 
1 2 41 28 43 9 6 7 
4 2 41 69 25 0 0 9 
2 3 17 71 81 0 1 1 
2 9 17 43 44 0 5 2 
5 6 29 52 62 5 0 1 
2 2 0 68 80 6 3 6 
4 5 29 65 22 3 0 7 
9 6 22 3 50 7 8 0 
1 4 9 99 87 7 5 5 
7 2 32 34 16 7 2 3 
7 0 47 58 67 8 1 5 
4 3 44 78 26 7 0 1 
4 6 41 41 54 6 5 4 
4 8 4 81 51 8 1 7 
2 4 51 57 1 6 5 0 
3 9 7 25 32 9 4 4 
9 2 35 23 15 1 0 1 
2 4 27 34 47 9 7 6 
6 1 14 55 46 8 3 0 
5 7 53 60 50 5 6 9 
9 1 21 27 19 4 3 4 
0 9 22 61 68 2 3 3 
5 8 50 63 2 0 1 2 
8 1 12 48 57 3 0 9 
4 4 51 39 31 2 9 4 
4 5 7 45 70 1 5 3 
1 7 47 53 42 2 6 0 
0 1 37 35 28 0 7 2 
0 1 42 44 49 2 8 1 
3 5 20 73 72 0 5 3 
8 5 0 43 57 8 4 4 
9 7 38 49 53 8 4 2 
7 6 7 30 75 5 0 7 
4 1 12 55 67 9 5 4 
7 1 70 49 31 2 9 0 
9 3 35 16 44 7 8 1 
9 9 13 63 31 7 7 0 
3 8 60 51 49 4 8 6 
3 3 79 89 50 7 2 4 
6 6 44 52 4 4 1 3 
8 2 37 61 27 7 4 8 
8 8 27 33 39 2 9 4 
2 9 3 37 52 6 3 6 
0 1 15 9 34 1 2 9 
5 3 10 12 67 6 9 1 
5 0 43 44 53 5 4 3 
2 3 13 72 59 6 9 3 
4 5 36 48 35 0 8 1 
4 9 62 47 67 1 6 2 
6 3 21 62 55 4 9 1 
2 1 20 69 54 4 7 4 
2 8 0 38 15 9 0 1 
1 4 34 59 32 2 8 2 
9 0 64 61 83 4 8 3 
3 3 11 63 23 8 3 1 
1 5 30 54 45 9 6 2 
0 6 20 38 57 2 2 6 
8 0 13 64 54 9 1 5 
1 7 47 68 53 1 3 8 
6 5 9 54 49 7 8 8 
9 8 11 53 22 4 3 7 
6 4 41 32 49 1 1 2 
0 3 21 55 9 4 7 2 
9 2 49 108 61 3 9 6 
8 1 62 76 5 8 1 1 
0 3 7 60 74 2 9 2 
8 9 32 37 13 3 8 9 
7 1 32 62 44 7 2 9 
2 1 19 76 60 9 3 7 
3 9 33 56 57 4 3 6 
2 3 41 42 46 6 9 1 
7 6 36 42 46 7 0 9 
7 0 46 67 67 6 6 3 
3 3 42 69 88 9 7 2 
6 9 63 48 78 6 1 7 
7 2 33 65 58 0 2 7 
2 5 19 61 51 2 4 7 
9 5 14 87 68 7 5 8 
4 1 60 29 37 7 8 9 
4 5 31 47 61 0 4 3 
7 8 69 54 26 7 7 6 
1 2 40 20 63 0 9 6 
6 2 51 59 56 9 1 6 
4 6 24 75 41 6 4 7 
6 8 57 16 81 1 2 8 
8 0 67 52 65 1 1 7 
6 2 23 63 45 0 7 5 
6 5 7 58 74 8 2 0 
1 6 25 32 44 8 7 6 
9 9 64 34 46 5 7 6 
1 9 19 48 48 6 3 1 
2 5 24 89 74 8 4 5 
1 7 23 32 46 4 2 8 
3 4 58 1 33 8 0 6 
6 7 51 73 54 6 0 1 
6 6 0 40 83 9 2 8 
6 1 14 63 30 5 9 0 
7 5 29 47 25 6 6 8 
2 4 32 35 66 3 3 1 
8 3 23 40 85 6 3 4 
6 0 45 77 50 6 3 9 
8 0 6 52 61 2 2 7 
4 7 0 81 47 2 6 8 
3 5 21 68 58 3 5 9 
2 7 53 41 88 3 1 6 
5 6 45 60 63 1 4 8 
6 1 23 45 6 8 4 4 
2 6 44 26 50 8 6 2 
0 2 18 43 69 5 7 7 
8 6 27 63 21 9 3 8 
3 6 22 55 56 1 3 0 
6 8 31 19 16 3 3 2 
6 8 33 58 83 1 4 9 
7 3 17 34 52 4 3 3 
7 5 61 66 27 9 1 4 
3 4 20 48 57 8 1 8 
5 6 34 56 24 2 3 4 
8 0 0 63 27 8 3 0 
6 0 17 60 103 4 4 0 
6 9 0 8 75 0 0 3 
8 5 57 39 47 7 9 3 
4 4 39 33 63 8 0 1 
3 1 7 60 50 5 4 5 
6 8 24 41 37 3 5 4 
7 4 43 42 71 1 0 3 
8 9 48 37 34 8 5 0 
0 3 53 35 59 1 5 7 
1 4 25 20 79 2 9 8 
0 4 44 47 68 2 3 4 
7 4 33 63 50 4 9 6 
4 5 3 44 70 3 8 0 
1 2 22 43 61 3 5 2 
2 8 39 49 47 7 9 6 
3 9 0 57 80 9 7 4 
9 1 30 54 27 5 8 8 
0 1 21 54 25 3 0 2 
9 2 24 64 64 6 2 8 
2 1 48 59 43 3 9 9 
3 2 54 16 55 6 4 1 
9 9 23 17 84 4 9 5 
4 9 35 53 89 3 5 5 
2 8 43 66 32 2 8 5 
0 0 36 50 10 4 9 0 
5 5 45 33 21 5 2 2 
4 2 25 61 51 5 9 9 
4 6 25 54 68 9 3 7 
9 5 27 60 48 9 9 1 
9 4 0 55 49 5 8 3 
1 2 11 65 32 5 2 3 
3 4 36 44 68 9 0 5 
6 7 53 40 33 5 2 2 
8 0 10 69 48 8 4 5 
2 1 8 91 65 0 4 4 
0 3 66 45 65 7 7 1 
8 3 37 71 56 0 3 7 
9 7 65 48 54 8 1 6 
8 6 69 44 67 1 1 4 
3 2 13 48 57 9 5 5 
4 9 8 51 115 3 7 7 
8 0 53 8 98 5 9 3 
6 0 27 50 61 6 1 6 
5 1 39 113 39 3 1 8 
1 1 47 54 44 2 8 9 
8 0 3 59 65 5 4 5 
0 0 8 54 102 5 9 0 
8 0 36 80 60 4 1 4 
2 2 29 38 36 5 2 5 
3 5 35 58 57 0 4 5 
1 7 33 45 28 5 7 7 
8 8 21 36 43 9 5 4 
5 3 50 73 68 7 4 4 
9 5 4 26 65 5 2 2 
0 5 36 53 35 7 1 6 
5 8 3 48 83 9 4 3 
2 9 23 60 56 7 1 7 
7 1 41 64 66 2 9 4 
1 9 56 60 48 5 2 1 
2 0 13 41 50 9 1 8 
8 6 52 32 88 5 4 6 
7 2 42 46 56 2 1 4 
1 8 43 62 48 0 8 6 
2 8 28 54 43 1 0 5 
4 4 55 41 43 2 8 2 
4 6 12 77 65 6 0 2 
9 9 0 43 42 9 3 1 
1 7 37 60 53 8 1 0 
8 9 22 33 52 8 0 2 
0 2 46 77 23 8 7 0 
1 2 8 53 50 0 3 9 
8 9 48 65 70 6 4 1 
4 4 49 42 38 3 3 4 
9 0 37 71 40 9 7 9 
2 3 49 51 43 2 6 2 
2 5 29 46 41 6 9 0 
0 7 40 27 57 5 0 1 
8 4 46 59 62 1 2 2 
6 3 15 25 41 2 3 9 
7 6 14 28 31 6 1 5 
8 6 25 63 39 3 5 3 
9 1 49 43 54 1 4 5 
4 4 13 52 55 6 5 1 
1 5 34 72 45 0 0 4 
1 2 27 46 38 0 4 7 
4 0 33 23 42 3 9 0 
9 7 54 42 69 9 4 2 
8 7 14 84 66 7 1 8 
3 2 35 54 25 3 5 4 
2 6 66 37 51 2 9 7 
4 4 0 30 80 5 5 1 
6 9 45 50 59 6 8 8 
7 9 26 86 49 4 1 9 
2 8 7 46 80 5 1 1 
1 3 24 17 34 9 9 7 
6 3 69 27 49 4 3 2 
0 6 41 53 38 3 6 7 
5 1 28 55 58 3 1 7 
2 5 60 61 57 7 9 8 
8 3 59 26 62 7 2 6 
1 1 69 45 83 6 3 7 
5 0 29 60 35 0 7 4 
4 2 29 48 36 1 5 7 
9 4 30 55 57 0 8 8 
3 7 13 29 14 2 4 5 
3 3 23 0 69 6 4 1 
1 8 34 63 55 7 7 9 
6 7 47 52 64 8 9 5 
7 5 51 53 25 6 8 8 
2 4 66 66 45 5 0 3 
7 4 9 36 59 0 8 6 
0 0 39 40 1 0 3 8 
5 6 37 70 57 8 1 0 
3 6 31 57 56 0 8 5 
8 4 0 56 68 4 4 4 
4 0 10 55 37 7 3 7 
8 1 21 42 17 6 8 6 
4 6 36 75 76 4 1 1 
1 5 47 28 52 6 1 8 
6 3 64 53 55 9 1 4 
9 7 26 63 68 7 7 0 
5 0 48 50 63 3 5 4 
7 8 19 46 57 6 4 7 
6 9 40 52 74 9 6 8 
2 7 30 74 17 5 1 6 
3 0 7 71 78 3 9 4 
4 6 21 60 18 0 5 6 
1 8 58 50 53 5 8 4 
8 6 21 42 81 4 6 3 
4 1 60 47 82 5 8 3 
7 0 29 64 58 2 0 2 
3 9 39 20 47 7 4 4 
0 6 27 47 65 6 3 4 
4 5 6 69 62 9 0 3 
6 0 32 18 39 9 3 8 
2 9 65 47 33 7 9 8 
4 5 40 40 71 7 6 9 
2 4 0 30 57 6 9 8 
5 5 18 35 45 1 6 5 
4 0 19 44 59 5 2 8 
1 2 21 41 32 9 6 0 
4 1 37 52 43 3 2 7 
9 6 53 22 70 1 1 9 
4 6 30 73 64 2 9 7 
8 8 22 40 95 8 7 5 
9 5 34 43 46 0 0 8 
2 5 19 72 52 2 2 7 
6 9 0 55 58 3 5 2 
7 6 35 30 64 6 0 4 
4 3 52 51 33 1 6 0 
8 0 17 69 110 7 1 3 
5 4 27 56 68 2 6 0 
4 9 27 64 45 9 4 8 
5 8 25 48 44 7 1 2 
4 7 26 67 51 9 7 7 
8 4 47 41 27 8 5 1 
8 2 42 37 47 1 0 9 
4 8 36 25 89 9 1 8 
6 6 29 65 60 7 0 0 
0 6 36 63 48 0 9 4 
3 5 45 48 34 5 7 5 
0 1 25 65 15 2 7 1 
1 6 21 71 13 9 4 6 
2 4 37 23 73 4 2 7 
7 4 28 93 72 7 6 1 
0 2 21 23 77 6 5 0 
5 8 41 63 50 6 2 4 
0 9 32 86 58 0 0 6 
5 9 39 26 25 7 8 8 
6 5 0 10 29 3 2 4 
9 7 33 0 49 4 4 6 
7 6 39 48 40 0 1 5 
8 4 14 72 43 8 8 7 
7 2 0 35 31 4 0 7 
1 7 42 82 83 8 0 1 
9 4 4 60 40 5 2 0 
2 9 64 46 62 9 5 8 
2 3 36 61 53 2 9 5 
2 5 41 56 64 3 4 0 
6 7 42 45 63 9 4 3 
8 7 17 51 53 1 8 0 
4 7 44 56 84 5 5 4 
0 7 52 38 61 8 3 8 
5 0 41 59 64 4 3 8 
1 6 8 70 56 9 5 6 
4 0 22 38 45 8 6 1 
2 4 9 77 88 8 9 2 
0 2 55 50 94 8 7 5 
6 5 11 48 57 4 3 9 
8 1 56 51 64 8 4 0 
2 3 0 26 63 4 6 3 
4 6 44 10 66 8 8 1 
6 4 19 45 41 4 8 4 
4 8 27 78 70 7 0 5 
4 0 1 26 62 2 1 1 
0 1 25 41 33 6 7 9 
8 1 41 34 64 3 9 0 
1 9 46 45 17 8 3 6 
4 2 9 58 61 7 3 8 
1 6 24 47 53 9 2 2 
1 3 24 29 27 5 3 7 
5 7 34 31 65 8 8 8 
0 0 35 61 39 7 2 2 
8 0 30 54 24 0 4 1 
7 2 15 26 64 7 6 2 
7 6 30 53 63 0 2 3 
8 3 19 33 52 9 0 5 
3 9 39 60 70 8 9 3 
3 9 29 75 67 6 4 7 
8 3 51 22 49 4 5 2 
2 9 0 77 17 7 8 0 
1 7 24 44 53 8 4 0 
4 3 27 101 42 3 2 2 
5 5 42 75 62 4 0 6 
3 7 44 59 54 0 7 4 
8 2 54 66 72 4 8 0 
6 2 47 31 49 6 8 9 
5 5 10 13 45 7 1 0 
0 3 21 35 63 2 5 9 
6 9 58 92 93 0 4 0 
7 7 20 56 46 4 0 3 
3 7 49 60 28 1 0 3 
8 9 67 54 66 2 5 5 
0 3 64 52 77 6 3 6 
7 2 8 14 42 2 9 7 
7 2 0 15 47 6 1 6 
9 6 36 41 52 6 2 5 
2 1 12 25 53 3 2 3 
6 0 26 4 39 4 5 4 
7 4 5 23 45 3 0 7 
9 6 40 37 17 2 8 2 
8 1 20 42 82 0 5 9 
5 6 6 22 72 5 9 3 
5 2 34 39 21 3 9 2 
0 9 3 16 46 7 4 1 
7 5 43 63 53 1 4 1 
7 0 27 40 69 5 0 2 
3 2 28 29 56 8 2 1 
3 7 52 48 36 8 9 7 
8 3 10 13 57 4 4 7 
1 7 14 64 48 1 7 7 
0 9 58 69 62 2 2 0 
9 1 53 50 32 0 6 6 
3 1 2 64 53 5 7 1 
0 4 6 58 64 6 5 6 
4 9 10 54 54 9 4 5 
9 6 65 38 26 5 4 4 
5 4 28 39 57 6 9 6 
1 3 35 39 65 3 5 1 
4 5 46 27 32 7 4 7 
7 4 32 18 53 2 7 0 
1 3 31 36 32 7 1 5 
5 8 31 56 55 7 2 4 
2 7 14 47 71 5 2 9 
7 7 21 87 45 9 4 5 
2 5 43 18 47 0 5 2 
6 3 43 34 31 8 4 8 
7 7 56 74 73 1 9 4 
9 1 63 60 55 1 2 5 
4 3 30 7 29 7 2 2 
2 3 24 49 61 7 2 9 
5 5 60 55 65 1 8 1 
4 3 10 21 38 6 5 1 
9 9 53 86 86 9 9 7 
6 0 10 38 63 7 1 2 
0 0 79 31 9 1 7 9 
1 6 28 21 66 4 1 8 
8 0 81 32 66 3 7 9 
4 8 64 16 31 1 3 6 
8 2 6 34 52 9 8 4 
2 0 54 66 56 5 6 0 
1 7 38 26 21 1 8 6 
9 7 27 64 55 1 5 2 
7 3 9 33 57 2 8 5 
8 8 70 61 47 1 7 6 
7 7 34 63 27 8 9 5 
6 3 0 50 70 6 6 9 
9 7 9 55 60 0 0 2 
9 9 35 1 52 5 7 4 
3 0 28 39 64 4 7 2 
0 7 1 60 61 6 3 6 
4 2 33 25 54 0 3 4 
0 8 47 80 55 0 7 6 
7 9 22 45 54 9 4 5 
7 9 28 43 47 4 7 4 
6 1 26 89 41 3 8 0 
9 9 15 70 51 2 8 4 
3 6 68 48 51 8 0 7 
9 1 34 67 29 2 6 4 
0 7 53 54 61 8 1 5 
9 3 30 23 76 9 3 7 
6 2 45 93 80 4 8 4 
9 2 43 86 85 0 2 0 
6 7 34 37 24 2 7 2 
5 5 13 91 32 6 0 1 
9 7 50 37 72 1 4 7 
3 0 0 55 39 6 0 8 
9 7 54 51 63 8 9 2 
1 1 41 37 48 1 6 5 
0 2 16 75 47 4 4 5 
1 1 23 40 61 4 4 1 
3 0 11 60 28 0 7 3 
4 9 17 64 28 6 7 7 
7 3 33 74 36 9 1 9 
6 5 27 50 46 9 5 6 
0 5 55 49 92 5 4 8 
3 6 24 59 59 8 2 6 
6 1 11 46 62 1 9 2 
4 8 67 54 41 8 7 6 
1 8 68 59 84 7 8 3 
3 1 20 73 59 7 7 3 
5 8 50 47 33 0 4 6 
6 9 21 43 46 7 4 9 
6 7 22 36 69 8 8 4 
7 0 77 49 59 1 8 4 
7 5 31 40 113 1 5 6 
3 2 38 80 40 7 6 2 
6 0 18 60 58 4 1 2 
0 0 40 43 61 6 8 0 
9 8 0 63 38 1 9 5 
4 2 38 25 54 6 8 3 
6 6 22 25 48 1 1 3 
2 0 57 41 18 3 0 0 
3 5 8 33 84 3 7 9 
6 9 19 37 47 9 2 8 
3 3 24 64 64 6 5 7 
9 9 17 48 69 5 8 8 
1 8 35 54 57 8 8 8 
8 3 23 46 60 5 4 6 
0 8 22 64 47 0 3 8 
0 2 39 56 46 9 4 2 
8 7 2 40 50 4 8 4 
8 3 31 45 55 3 0 2 
9 0 20 80 64 2 3 9 
5 6 1 78 43 6 9 0 
3 6 30 68 47 0 9 3 
1 2 53 58 56 3 8 2 
0 3 43 44 71 6 9 3 
4 4 31 25 54 4 7 8 
6 9 35 76 30 1 8 3 
3 0 28 34 59 6 7 2 
6 6 31 5 21 5 1 6 
0 7 27 13 46 0 0 2 
9 5 22 72 78 8 9 2 
3 7 33 30 57 1 9 1 
2 1 33 45 80 8 7 9 
2 1 14 58 7 9 2 1 
9 2 22 66 37 4 9 8 
1 8 20 60 31 3 6 5 
2 2 57 81 39 5 6 1 
4 9 24 10 97 0 6 9 
2 7 17 40 54 0 1 5 
6 7 0 67 44 3 7 1 
9 9 40 71 43 6 5 4 
8 2 51 42 42 6 3 6 
5 6 29 16 65 3 3 3 
8 6 8 59 39 7 9 6 
4 0 41 38 62 0 1 1 
0 9 4 76 76 4 4 3 
5 4 38 27 50 5 7 8 
6 2 12 55 48 5 3 1 
0 6 12 59 54 8 0 2 
5 5 34 55 44 9 8 9 
5 4 42 51 59 5 8 8 
6 1 25 66 57 4 6 9 
2 0 31 19 71 1 2 2 
2 5 43 42 56 2 4 6 
9 5 32 58 45 8 7 4 
1 3 63 60 43 8 1 4 
5 5 37 29 59 0 9 9 
1 5 16 57 76 9 8 3 
4 2 28 45 55 3 8 2 
0 2 18 45 17 4 5 8 
0 8 8 47 76 9 2 4 
1 1 46 28 45 6 1 2 
1 1 23 75 35 5 5 2 
3 5 0 35 60 3 4 3 
9 6 33 70 48 5 3 3 
8 7 37 7 67 5 3 0 
2 3 79 4 47 4 6 2 
9 2 0 71 0 1 0 6 
4 2 35 67 84 1 3 1 
7 2 45 33 52 2 7 9 
8 1 3 60 55 1 2 6 
8 8 35 12 39 0 4 6 
2 9 28 29 64 2 3 9 
0 3 41 61 75 6 2 0 
1 2 21 73 18 9 0 0 
1 5 11 61 27 0 0 9 
0 3 53 59 7 5 4 3 
7 4 32 56 51 0 6 0 
9 0 23 30 18 3 1 2 
2 4 32 36 73 3 9 0 
1 5 27 91 49 0 3 0 
0 4 20 66 21 2 8 9 
7 1 0 46 89 0 1 9 
0 8 34 51 53 2 1 6 
8 8 3 74 52 5 1 7 
5 5 16 64 52 8 3 1 
3 0 33 17 15 4 3 8 
8 7 41 71 38 8 7 6 
4 6 13 52 47 6 4 4 
1 5 40 66 41 5 3 1 
4 8 53 50 62 7 3 3 
3 1 59 45 6 5 5 7 
0 3 26 57 50 5 9 7 
9 3 36 60 50 2 3 7 
1 1 34 51 67 9 9 9 
1 9 24 78 70 9 7 4 
7 0 3 30 64 0 0 4 
5 0 6 44 26 1 7 1 
6 2 36 33 20 2 9 6 
8 0 8 25 32 8 8 5 
1 9 0 63 43 7 3 1 
5 5 25 41 93 9 7 4 
5 2 16 39 68 7 4 3 
7 5 5 40 46 9 9 5 
5 7 27 30 46 3 0 7 
0 9 3 58 62 6 8 7 
0 2 33 64 55 7 8 7 
8 5 20 52 0 2 1 2 
5 6 13 47 53 7 7 5 
1 0 61 60 43 8 7 2 
5 0 39 64 48 4 5 8 
8 6 32 38 70 0 3 0 
3 0 25 48 39 5 4 0 
0 7 76 50 94 4 0 7 
8 6 25 36 95 9 3 1 
6 3 0 19 59 3 8 4 
5 1 25 60 23 8 4 3 
0 4 29 33 25 1 1 2 
4 3 50 34 34 7 3 1 
1 1 86 36 44 4 6 9 
7 5 5 86 83 9 0 7 
2 4 15 61 51 7 8 8 
7 8 43 74 44 1 2 2 
7 4 19 17 31 4 3 5 
5 7 41 52 33 2 5 2 
0 9 43 42 46 4 9 7 
3 1 7 41 53 1 1 9 
2 1 38 100 6 4 1 1 
6 2 19 51 36 4 8 4 
7 6 11 32 55 5 6 3 
3 6 70 45 55 9 5 2 
0 3 3 30 44 1 5 2 
8 4 32 66 0 9 2 0 
4 3 37 0 28 2 4 9 
9 8 9 37 42 3 6 3 
0 6 0 50 37 9 6 4 
3 9 5 50 67 5 5 0 
5 1 53 59 32 3 8 2 
8 5 24 64 29 5 9 7 
7 6 0 51 59 8 1 3 
2 3 22 53 83 6 7 3 
9 3 6 48 61 9 7 9 
3 0 19 82 67 7 4 8 
5 4 13 28 54 1 2 9 
1 2 4 55 29 2 6 2 
6 4 30 19 73 0 4 4 
8 6 16 65 50 0 7 0 
8 0 19 11 37 7 7 0 
3 9 46 76 42 6 9 5 
7 6 33 6 50 6 9 1 
2 9 12 58 47 4 8 9 
7 8 22 70 22 8 2 9 
3 6 10 45 38 9 1 5 
0 9 21 22 59 0 1 9 
4 2 23 59 54 7 2 0 
8 9 58 20 65 6 5 3 
9 9 5 31 57 7 7 8 
7 7 8 49 53 4 3 7 
7 1 18 79 26 5 3 0 
9 2 9 74 72 7 6 4 
2 7 14 52 21 4 1 2 
8 6 13 41 40 8 4 6 
1 2 55 53 33 8 0 9 
8 5 42 23 41 8 7 2 
0 1 3 35 89 4 0 0 
7 7 28 24 46 2 6 8 
9 1 18 38 7 8 7 8 
6 2 39 41 23 8 3 6 
2 6 13 52 49 4 8 0 
6 8 32 49 68 3 2 0 
8 8 36 46 39 6 8 5 
1 6 42 45 48 1 5 6 
4 7 0 72 57 1 5 0 
0 4 60 51 65 8 7 4 
8 3 7 32 45 1 0 8 
1 7 41 35 63 5 7 2 
4 5 22 30 38 4 9 4 
6 3 47 95 41 1 7 9 
9 4 59 33 20 5 7 0 
9 6 24 73 18 1 4 1 
1 6 32 52 88 3 2 6 
1 4 47 45 41 4 2 9 
2 7 23 74 40 3 3 2 
7 9 0 53 80 3 4 7 
4 5 61 17 47 2 4 4 
8 4 42 72 27 1 6 5 
7 3 19 52 50 4 1 1 
0 6 11 90 63 2 6 5 
2 6 16 81 36 5 9 9 
9 9 0 58 30 4 0 7 
9 8 10 62 54 5 5 8 
0 3 28 40 34 0 7 7 
7 8 6 81 61 6 2 1 
6 4 53 20 9 4 8 6 
5 8 16 16 83 6 4 0 
5 2 38 64 59 9 2 3 
7 4 62 53 76 0 7 8 
1 9 47 62 46 9 5 8 
7 4 16 84 40 3 6 5 
9 4 23 72 56 3 7 2 
6 6 42 48 28 0 6 6 
4 2 33 31 37 9 5 9 
5 2 42 42 47 7 2 7 
0 8 2 41 77 8 3 7 
9 7 32 58 34 1 4 1 
9 5 0 44 52 9 5 9 
2 0 12 37 59 2 6 9 
7 1 7 73 50 7 9 6 
3 5 2 68 44 6 5 7 
9 1 3 88 24 5 6 3 
1 8 14 60 72 9 2 0 
4 3 20 75 61 6 0 3 
6 3 15 70 23 4 4 7 
2 6 70 76 56 6 7 5 
9 7 4 36 90 5 5 3 
3 8 53 14 56 2 9 2 
7 8 29 36 74 1 7 2 
6 9 23 46 19 3 3 7 
5 3 20 28 29 2 4 0 
6 5 21 82 17 3 7 7 
2 2 8 24 31 3 9 5 
7 7 53 31 53 1 5 7 
2 8 50 89 55 1 6 2 
8 7 0 31 27 1 4 4 
9 2 36 47 51 5 9 6 
4 9 5 18 34 9 7 3 
4 8 29 46 57 9 3 3 
1 3 10 33 41 8 0 3 
1 6 49 39 21 8 1 1 
0 0 0 70 0 1 4 8 
1 8 34 35 14 8 9 9 
7 4 1 40 62 7 1 9 
0 3 36 63 55 8 5 7 
4 7 42 68 51 5 3 7 
7 4 66 30 63 2 7 2 
0 3 54 40 43 6 6 0 
4 6 71 54 41 9 1 9 
6 1 29 59 77 6 9 3 
9 3 11 73 40 4 7 5 
6 2 45 74 57 9 0 1 
9 0 0 50 51 6 5 1 
3 6 57 82 25 5 1 4 
6 1 20 78 71 4 5 1 
6 1 22 61 59 0 2 0 
6 4 18 40 2 1 5 7 
0 8 58 32 41 7 1 8 
0 8 49 63 79 9 3 8 
8 3 36 17 55 9 0 9 
0 0 0 15 12 8 5 8 
6 0 50 54 34 6 8 2 
5 3 0 55 60 9 1 7 
5 8 19 32 52 7 8 8 
8 7 41 48 34 0 1 5 
5 2 27 24 55 9 0 6 
2 2 36 56 92 3 7 6 
1 3 40 39 78 4 3 2 
5 1 8 51 30 7 6 5 
3 3 22 42 55 1 1 3 
0 8 0 57 41 5 6 1 
9 6 36 38 49 4 1 9 
6 3 25 10 55 4 3 4 
1 9 21 52 38 9 0 7 
7 9 35 44 67 6 4 6 
1 4 17 54 53 2 4 8 
2 8 52 46 32 8 5 4 
5 7 35 45 44 3 3 3 
6 8 13 76 73 0 9 8 
2 4 17 1 68 2 1 8 
4 6 63 66 63 5 2 5 
5 1 60 38 50 8 0 2 
3 1 32 22 31 9 0 5 
0 9 5 94 55 4 6 8 
2 9 38 63 68 3 0 3 
8 9 59 50 77 4 3 3 
4 3 89 56 44 2 8 7 
2 3 16 88 48 2 7 4 
1 3 36 22 29 5 1 3 
6 9 24 77 47 5 4 5 
0 4 9 55 94 1 5 5 
6 4 46 56 33 8 8 7 
7 5 33 27 0 5 3 3 
7 0 60 93 78 7 0 7 
3 5 27 57 66 7 2 1 
7 9 66 56 71 8 7 8 
7 2 37 60 27 2 1 1 
3 0 42 54 48 4 5 9 
4 8 60 49 32 3 3 2 
6 5 14 56 40 6 6 9 
1 2 2 7 57 2 4 7 
1 0 48 40 69 3 3 7 
4 6 58 52 47 4 7 2 
4 2 83 22 38 8 4 4 
1 2 50 57 15 6 7 3 
8 3 17 42 36 3 5 1 
8 4 0 52 60 0 2 9 
7 6 45 26 66 1 5 1 
9 2 45 65 23 0 6 6 
3 4 38 43 50 4 8 9 
7 5 9 46 64 0 8 7 
2 2 34 43 73 8 4 0 
1 9 40 54 29 4 1 1 
7 1 43 30 37 6 4 5 
8 6 19 52 49 3 8 4 
6 6 27 38 46 8 9 9 
6 3 36 63 20 8 6 4 
5 7 31 58 24 6 6 7 
6 8 7 46 43 9 6 4 
8 1 78 31 49 4 9 3 
3 2 33 35 32 7 5 6 
9 6 35 21 72 4 8 2 
4 8 28 60 36 1 7 9 
2 2 68 50 43 5 8 9 
7 5 9 81 40 1 7 1 
2 0 27 32 52 2 5 4 
4 7 10 20 31 2 1 2 
1 7 0 50 54 5 9 4 
3 6 26 40 34 5 5 1 
3 9 33 72 41 7 7 7 
1 1 10 19 48 6 1 6 
2 6 22 94 51 7 3 0 
5 5 4 60 69 7 9 2 
9 6 0 62 65 4 1 9 
4 6 23 40 17 8 8 0 
5 4 0 37 44 6 8 1 
9 6 34 49 52 5 3 7 
7 6 0 32 28 0 0 0 
7 2 66 42 39 9 5 8 
7 8 28 61 29 8 4 1 
0 4 3 55 34 3 5 7 
5 2 3 52 38 9 0 3 
2 2 20 62 57 7 7 7 
5 1 60 41 90 9 0 8 
3 1 18 66 54 1 1 5 
3 2 37 43 9 8 3 8 
8 0 11 57 35 8 3 9 
3 3 0 40 33 1 1 4 
8 3 33 37 70 2 7 2 
6 0 80 60 63 5 9 2 
7 2 32 43 57 5 3 1 
3 1 5 43 55 4 6 8 
8 7 36 73 60 3 1 6 
3 3 46 74 43 8 8 7 
6 9 38 61 59 8 7 7 
6 2 26 56 52 8 6 2 
3 6 29 52 73 0 6 7 
0 7 13 41 1 3 5 9 
9 6 45 62 27 9 4 6 
9 5 0 60 52 9 7 5 
6 1 29 59 43 1 5 0 
2 4 0 53 21 4 3 4 
7 2 24 51 42 3 1 8 
7 9 15 67 34 8 6 8 
8 3 63 75 63 1 1 3 
1 3 13 36 74 7 9 0 
1 6 21 55 51 8 7 0 
7 1 54 42 68 7 3 5 
7 4 22 75 39 6 0 9 
3 5 0 88 36 4 3 1 
2 3 51 46 24 1 0 6 
4 9 21 60 75 1 1 2 
8 0 35 17 67 2 0 9 
6 7 63 31 68 1 8 2 
4 0 0 33 70 2 1 8 
0 4 32 34 40 1 1 4 
6 9 35 52 25 4 4 0 
1 4 5 30 25 5 2 9 
7 6 52 80 84 1 5 5 
7 7 26 23 34 4 4 1 
8 3 27 47 37 0 8 6 
4 6 24 85 46 6 4 2 
4 9 0 31 42 6 3 3 
8 4 44 32 41 4 1 8 
6 5 23 29 74 9 9 2 
5 1 2 68 59 7 8 5 
1 0 35 40 57 6 2 2 
9 3 8 78 40 8 5 2 
8 1 60 33 47 0 0 2 
8 6 37 56 35 6 6 0 
9 6 47 35 55 7 2 7 
1 8 26 45 48 6 4 8 
7 7 52 50 73 1 0 5 
8 4 33 28 84 2 5 4 
3 2 33 47 60 5 1 0 
3 5 0 46 68 9 4 5 
7 6 28 72 27 4 7 8 
5 3 0 52 95 2 9 1 
7 2 0 82 67 9 2 5 
9 1 56 92 51 0 3 2 
1 9 63 48 71 3 2 5 
2 8 52 33 84 1 3 7 
5 2 30 32 31 6 8 5 
3 2 4 20 90 6 8 3 
5 4 0 37 87 3 2 9 
4 3 32 59 78 3 4 4 
8 9 60 63 64 8 4 1 
3 3 5 69 34 8 6 6 
7 4 38 33 9 7 7 9 
0 2 0 93 51 3 6 9 
5 5 20 73 32 9 1 6 
5 7 53 83 59 8 5 8 
8 3 52 27 66 0 6 8 
8 9 23 46 45 8 5 0 
3 1 24 66 25 1 6 5 
0 2 11 67 53 4 0 0 
8 5 31 60 84 4 5 0 
2 3 8 81 53 2 1 3 
6 2 44 53 72 2 0 9 
2 9 42 51 68 7 4 5 
4 5 20 60 67 6 0 9 
1 8 31 46 64 5 0 7 
4 8 29 12 46 2 0 6 
9 6 37 50 83 6 7 5 
8 8 7 66 82 7 7 4 
0 6 41 2 53 5 8 2 
7 9 49 3 67 9 6 1 
4 1 18 57 75 2 3 9 
8 6 19 9 30 6 1 5 
2 9 6 33 74 4 7 8 
2 4 21 44 14 6 2 0 
5 0 30 41 59 0 3 8 
1 7 0 26 54 6 2 5 
9 2 59 64 55 5 1 3 
1 6 0 61 28 1 9 9 
1 1 0 49 63 6 1 5 
6 3 0 48 49 0 4 8 
4 3 25 73 48 3 0 1 
7 0 28 72 30 2 7 9 
7 7 4 24 72 1 2 2 
1 8 0 44 57 9 5 2 
8 8 9 44 11 3 9 2 
0 4 13 10 56 9 1 8 
1 0 19 12 43 0 1 8 
4 7 44 33 47 3 7 4 
4 7 21 53 56 2 9 6 
2 3 26 51 42 9 6 8 
1 1 43 27 59 9 7 7 
7 2 43 39 48 2 8 5 
2 5 18 48 52 6 1 9 
9 1 34 50 48 1 5 4 
2 6 28 45 4 2 2 5 
4 2 8 23 63 9 7 9 
3 4 10 11 43 4 6 2 
3 0 54 73 49 7 3 9 
0 9 39 50 43 0 5 5 
6 8 11 57 16 5 6 5 
9 5 27 77 39 9 4 2 
6 5 35 53 42 1 4 5 
7 6 0 42 64 8 5 7 
7 9 24 76 35 9 2 5 
3 3 51 72 42 9 7 6 
5 7 0 21 41 7 9 5 
9 5 35 41 51 1 1 5 
9 0 8 67 41 6 3 5 
9 7 15 62 46 9 7 2 
1 9 12 29 29 9 8 6 
4 6 0 36 71 5 7 2 
4 9 51 62 50 3 7 3 
3 0 31 69 76 6 7 1 
1 1 17 44 63 6 7 7 
1 9 19 33 57 3 7 3 
6 7 0 82 0 8 4 0 
1 5 58 55 48 1 8 3 
7 2 29 58 92 1 8 3 
9 5 25 27 52 2 3 9 
0 3 26 32 56 5 9 0 
4 9 53 33 68 2 0 4 
3 4 41 43 42 8 6 5 
5 9 28 14 57 7 9 9 
1 5 44 82 58 2 5 2 
0 3 13 51 39 3 1 2 
6 0 54 55 65 1 4 5 
2 7 25 48 37 4 8 5 
9 2 21 70 46 5 1 1 
6 1 36 49 38 6 1 0 
5 5 45 53 32 2 9 3 
0 2 18 68 57 5 7 1 
0 5 45 46 69 1 2 0 
9 6 8 52 47 4 9 2 
5 1 0 49 70 2 9 6 
5 0 44 23 33 7 2 6 
1 0 42 40 55 5 8 6 
8 1 0 69 59 0 5 1 
9 5 8 36 57 8 8 0 
8 0 51 58 56 6 1 7 
0 5 43 62 80 2 5 1 
8 3 4 29 43 5 1 9 
8 2 0 75 51 9 5 4 
5 1 0 9 31 0 5 9 
8 8 45 39 42 8 6 0 
1 6 31 61 68 7 5 4 
2 8 62 71 18 1 5 8 
4 3 0 47 47 0 1 3 
8 9 12 25 36 5 0 1 
0 7 52 51 41 4 6 0 
5 2 75 2 30 0 9 9 
4 8 37 77 51 3 4 8 
7 6 37 59 44 3 7 1 
6 7 42 22 44 8 3 6 
1 4 14 25 72 6 5 2 
4 6 47 19 46 8 2 0 
9 2 37 39 0 8 7 8 
5 8 5 60 52 2 8 2 
0 4 30 54 68 5 5 1 
1 3 55 44 55 8 1 7 
5 9 39 76 71 2 4 8 
8 6 20 41 22 6 9 6 
7 1 46 42 25 4 1 0 
4 7 56 82 52 0 7 7 
7 1 41 5 77 9 9 1 
0 2 18 57 38 6 4 7 
5 8 50 19 59 5 3 7 
1 3 48 45 58 4 9 4 
8 1 43 51 74 6 3 3 
1 7 26 72 32 3 4 7 
2 1 0 27 29 7 6 8 
1 3 39 16 60 1 6 8 
0 7 59 63 39 9 8 1 
7 9 28 72 52 0 5 8 
9 0 25 43 65 8 1 7 
1 9 18 13 34 3 9 4 
1 1 43 54 40 7 8 2 
8 1 40 66 75 8 8 6 
6 6 10 16 53 8 6 1 
6 7 0 40 31 1 3 7 
9 7 36 47 106 4 7 2 
1 7 36 61 62 1 9 7 
7 6 41 64 73 0 6 8 
6 8 0 45 37 0 4 2 
7 0 34 48 81 1 9 6 
1 9 23 48 61 8 8 1 
1 6 53 54 36 1 1 0 
2 7 49 49 26 2 0 1 
1 0 34 44 60 7 5 7 
6 8 55 53 47 5 1 0 
7 8 15 4 46 5 3 8 
8 7 14 64 69 8 3 1 
2 2 21 52 58 2 2 4 
0 7 21 53 24 9 7 3 
0 2 41 49 84 7 8 5 
4 8 37 46 48 0 9 8 
4 3 27 44 30 9 9 0 
8 3 48 37 10 4 8 3 
1 0 52 19 50 2 1 5 
3 8 14 51 18 5 9 1 
8 5 22 56 43 3 9 5 
9 3 36 69 74 8 9 1 
4 5 15 47 29 9 0 7 
6 0 11 54 49 9 2 2 
6 2 11 26 58 3 4 7 
1 4 0 78 24 3 1 8 
5 9 27 68 73 2 5 5 
3 1 2 48 37 9 3 9 
3 5 26 39 44 3 6 7 
8 5 21 63 23 8 9 7 
8 0 32 68 39 9 6 5 
8 1 23 44 34 8 2 5 
3 0 14 5 50 1 8 2 
9 9 21 53 9 0 7 5 
9 8 22 46 47 5 2 2 
1 7 8 74 64 5 4 6 
0 3 48 36 40 9 2 4 
8 7 2 2 63 9 1 6 
0 1 34 53 50 1 7 8 
5 9 15 54 58 4 2 0 
8 2 46 50 31 3 7 5 
5 7 42 57 11 5 9 7 
5 6 25 43 26 2 2 2 
3 1 14 38 56 1 5 6 
2 7 38 45 83 4 2 1 
5 3 9 22 29 8 7 5 
9 9 42 71 45 6 0 0 
5 0 18 34 40 0 2 4 
1 3 0 85 55 0 8 1 
7 6 30 79 22 7 3 4 
3 7 8 44 44 8 3 5 
4 2 50 34 73 8 1 1 
3 8 70 35 24 7 1 2 
1 1 34 74 51 4 4 4 
4 3 44 72 23 4 7 5 
4 2 18 74 61 4 7 7 
2 1 20 55 33 8 5 0 
1 6 53 58 36 2 1 7 
8 4 49 59 52 5 8 2 
6 6 48 19 52 8 7 4 
1 7 27 39 66 9 4 3 
0 3 31 57 65 2 7 2 
6 6 43 35 70 0 1 3 
6 4 8 66 36 0 8 0 
6 7 36 70 50 6 5 5 
3 6 2 42 68 1 2 7 
2 9 10 34 51 2 1 0 
4 1 41 85 47 2 0 8 
5 9 22 79 52 5 5 4 
9 8 43 0 68 3 9 7 
4 9 53 62 31 8 5 0 
7 0 35 37 27 3 9 3 
2 9 27 87 43 6 8 6 
6 4 11 93 62 8 3 5 
2 5 35 55 61 7 1 5 
5 2 30 43 11 6 9 2 
9 1 49 59 60 2 3 1 
6 2 30 53 58 7 9 7 
9 5 30 22 51 5 5 4 
5 1 30 56 61 9 5 0 
2 1 20 37 35 1 8 5 
6 2 35 40 90 4 0 6 
2 3 28 64 32 8 5 4 
5 1 0 17 47 8 5 1 
0 8 47 38 67 8 9 5 
3 8 28 52 23 7 5 9 
6 6 20 60 12 7 9 9 
0 0 40 46 70 6 3 4 
4 9 16 32 60 0 6 5 
5 1 37 18 5 7 1 3 
3 2 41 54 73 5 8 6 
2 8 20 58 55 3 7 1 
8 7 23 59 72 2 5 1 
6 8 74 49 74 0 4 3 
4 1 38 34 33 1 6 9 
9 3 48 58 30 6 7 3 
9 1 25 21 28 2 6 8 
1 1 28 75 38 8 8 4 
7 0 29 83 22 2 2 4 
4 4 41 49 50 1 1 9 
4 4 0 52 53 6 1 2 
3 0 8 47 75 5 9 6 
2 6 24 18 29 0 6 6 
2 0 57 38 69 9 4 4 
0 7 37 26 49 2 6 7 
5 9 36 42 39 0 4 8 
6 8 43 49 40 1 5 2 
6 1 23 52 81 8 1 1 
7 1 62 83 62 4 1 1 
6 8 40 72 67 9 9 8 
5 8 83 56 27 4 4 0 
4 8 5 27 38 3 9 2 
0 8 30 48 38 4 2 2 
1 5 5 9 68 8 6 5 
4 0 42 27 48 3 0 8 
0 0 28 33 42 6 7 0 
7 6 48 53 34 1 4 1 
2 5 21 23 25 6 2 8 
0 5 51 32 62 3 3 1 
5 8 29 36 36 3 8 6 
1 3 63 16 58 6 2 0 
1 3 19 34 54 2 1 8 
2 7 56 57 22 8 3 6 
2 0 2 54 63 2 6 4 
1 7 43 36 70 9 9 4 
6 6 36 77 46 4 7 4 
8 3 28 70 65 0 4 5 
6 0 24 16 18 5 9 8 
7 3 66 67 40 1 6 9 
8 5 41 56 27 3 7 1 
8 4 19 103 24 0 4 3 
5 5 11 39 45 4 1 4 
9 1 9 51 66 3 1 9 
3 0 65 65 52 7 4 2 
4 5 41 46 25 4 0 5 
4 7 50 28 52 7 2 1 
4 2 56 61 68 3 5 7 
9 2 0 44 24 1 7 0 
7 5 8 46 67 9 7 7 
6 3 39 44 36 3 4 2 
6 8 32 42 31 4 6 4 
9 0 22 48 50 4 5 1 
8 5 46 82 39 4 1 4 
9 5 33 50 40 9 8 0 
4 7 41 73 83 0 2 5 
3 6 44 51 36 6 4 4 
4 6 9 49 64 1 3 4 
7 0 39 53 72 2 0 4 
0 2 44 23 46 3 9 2 
1 5 36 48 79 9 7 4 
4 3 15 65 42 7 5 6 
3 4 26 44 78 2 9 2 
8 0 27 46 39 7 7 9 
1 6 48 30 55 0 1 0 
9 8 32 66 44 3 3 1 
2 9 40 50 74 0 5 8 
0 6 46 54 21 2 6 7 
9 8 45 42 52 4 0 8 
7 3 57 43 29 3 4 9 
7 8 46 51 25 8 3 1 
2 7 23 36 65 8 6 3 
8 5 65 56 39 3 7 2 
0 7 28 25 44 3 4 4 
9 9 17 14 45 1 0 9 
6 1 27 57 67 7 0 1 
5 9 24 24 54 3 0 3 
1 0 42 45 32 6 5 9 
0 4 44 47 22 4 1 8 
7 7 34 62 52 3 0 2 
9 9 22 40 80 5 4 5 
7 4 27 23 26 8 0 0 
3 9 42 50 32 2 8 9 
2 8 11 47 66 0 1 2 
0 6 2 45 21 4 5 2 
4 8 52 75 54 2 5 9 
0 1 51 54 50 2 9 2 
2 4 52 63 52 7 0 7 
0 3 36 25 66 7 5 6 
7 2 61 14 59 3 5 9 
7 2 0 55 57 2 4 4 
0 6 16 60 30 9 9 8 
5 7 36 56 96 4 6 9 
4 1 20 39 59 4 3 0 
6 7 39 48 28 2 8 6 
5 5 33 66 45 1 1 2 
1 2 96 68 69 8 6 2 
9 3 49 39 59 2 5 7 
5 6 18 47 59 8 8 3 
8 7 31 77 34 0 5 5 
4 1 61 43 8 9 4 3 
6 1 16 58 34 5 0 9 
0 4 15 24 44 2 4 3 
5 9 29 4 13 6 2 7 
4 6 21 72 45 3 3 8 
9 3 49 54 79 6 4 9 
2 1 7 51 59 0 9 2 
1 1 3 49 54 7 9 1 
7 1 0 69 65 9 7 9 
8 8 47 58 40 2 3 6 
3 4 21 10 63 4 3 2 
7 3 41 46 18 5 0 9 
2 4 32 77 69 8 3 0 
9 2 43 29 0 9 5 4 
7 1 32 57 45 3 6 3 
9 2 27 38 43 5 6 4 
1 0 38 71 32 2 0 5 
2 4 37 29 55 9 6 5 
8 0 13 47 45 7 9 0 
0 1 15 46 58 6 1 8 
8 5 11 61 42 8 8 6 
6 9 13 67 44 0 6 6 
5 0 29 92 66 3 3 1 
9 1 8 69 54 2 5 7 
6 7 48 63 59 8 1 2 
8 3 40 59 13 4 1 8 
0 6 8 8 25 5 2 7 
2 1 68 66 43 5 2 2 
3 3 17 72 24 9 7 2 
3 4 15 27 55 9 7 1 
9 4 30 61 71 7 7 0 
7 1 34 52 59 8 2 2 
6 3 63 29 46 9 0 6 
9 3 29 45 58 6 5 5 
8 8 43 37 69 3 0 2 
3 4 20 31 32 7 7 9 
6 8 29 5 37 4 5 4 
8 0 40 69 82 9 9 3 
7 7 41 68 32 8 8 9 
6 0 70 29 61 5 6 2 
2 0 72 30 56 4 7 9 
9 3 55 41 0 4 5 9 
4 7 41 17 4 3 5 0 
3 6 43 69 42 9 2 9 
5 4 31 24 37 7 5 6 
6 7 17 60 72 5 6 2 
7 0 55 27 43 1 9 7 
4 4 43 36 33 9 8 9 
7 4 54 73 58 6 5 6 
9 3 68 83 91 8 3 6 
5 4 47 61 68 7 1 3 
2 7 10 64 22 0 9 0 
8 6 25 51 77 1 8 6 
7 3 27 40 29 5 7 2 
6 6 36 27 8 2 3 7 
9 5 26 31 61 9 4 8 
1 6 26 67 49 4 0 8 
8 0 0 39 57 3 6 4 
2 1 76 60 36 2 1 9 
6 6 30 73 51 7 8 9 
6 0 27 34 45 7 9 5 
7 6 15 37 34 3 0 8 
3 8 14 84 30 2 9 1 
9 5 52 65 35 5 9 7 
5 8 37 60 91 8 3 4 
1 8 21 49 76 0 3 5 
2 2 10 74 27 8 5 3 
3 5 10 83 69 3 1 6 
3 9 0 67 58 5 1 4 
3 6 55 58 48 9 2 0 
0 2 5 55 43 9 2 2 
8 8 26 62 58 3 3 9 
8 3 45 49 54 4 7 4 
3 7 21 28 59 7 0 8 
0 7 54 7 57 0 1 6 
7 1 57 49 97 9 1 1 
9 6 53 51 59 9 0 1 
3 3 55 81 35 6 9 8 
3 7 49 70 48 2 4 0 
0 2 0 3 52 0 6 9 
9 1 40 45 22 7 8 3 
1 7 17 46 47 2 8 7 
5 6 14 39 75 3 1 0 
8 4 74 76 34 9 2 0 
7 1 26 34 45 1 4 9 
0 8 39 44 46 0 0 6 
7 8 22 20 52 1 3 9 
5 5 13 59 40 6 1 0 
4 8 17 21 40 6 8 4 
2 1 19 26 31 2 7 4 
6 4 59 69 72 3 6 0 
3 3 66 71 48 7 3 2 
5 8 60 61 28 8 2 9 
3 6 49 49 58 8 1 9 
0 2 28 70 0 1 1 2 
2 0 7 17 74 8 0 0 
2 1 11 84 57 7 2 8 
9 1 47 47 33 6 3 2 
6 2 15 50 44 7 3 9 
6 3 45 43 25 4 1 9 
9 0 10 51 51 4 5 8 
3 3 20 65 42 9 1 3 
8 5 47 68 43 5 8 5 
9 4 18 44 55 2 3 0 
2 4 20 77 8 9 8 8 
9 7 51 33 52 0 5 9 
7 8 39 41 46 6 4 4 
0 6 35 48 83 5 7 1 
2 0 28 76 65 4 3 4 
2 0 50 25 60 1 6 0 
7 4 16 30 84 3 1 1 
3 7 26 44 63 0 7 2 
1 7 42 70 81 0 8 6 
8 1 16 41 43 5 9 2 
1 3 48 59 38 2 3 3 
6 9 11 63 38 9 3 4 
3 6 54 49 1 6 4 7 
1 8 2 36 45 6 3 2 
1 2 0 47 34 8 9 3 
9 1 21 30 63 3 5 0 
2 6 6 61 72 2 7 0 
3 2 13 53 65 4 3 8 
6 1 7 52 37 5 1 0 
9 0 69 37 48 5 3 0 
0 2 33 59 56 3 6 7 
2 1 39 34 0 8 4 6 
8 3 27 75 51 7 0 9 
6 9 32 76 72 1 1 6 
1 0 64 29 52 0 5 6 
7 2 51 54 40 8 3 4 
5 5 6 55 40 5 2 5 
5 0 25 27 40 1 0 6 
3 7 18 35 56 5 4 2 
4 4 27 54 37 3 9 3 
9 0 34 36 30 2 8 1 
2 7 0 49 60 5 9 8 
3 8 31 70 76 1 9 9 
7 2 56 43 38 4 9 8 
5 3 53 66 42 6 8 3 
1 5 9 60 77 2 9 6 
5 2 30 66 50 6 7 1 
7 0 55 5 33 4 9 5 
7 0 0 63 28 9 2 8 
5 4 3 68 34 0 1 4 
8 4 33 98 93 3 6 4 
8 8 48 52 20 3 7 7 
9 1 41 57 52 4 4 4 
6 9 9 64 53 8 8 1 
8 1 17 81 13 5 4 4 
8 4 51 47 41 8 2 4 
9 8 55 69 40 2 9 1 
0 3 48 16 81 0 7 8 
9 3 58 65 67 8 2 4 
5 3 35 83 38 6 6 3 
5 3 36 57 20 3 3 3 
5 2 2 32 76 8 8 1 
3 5 46 0 66 2 2 5 
2 7 26 36 71 6 4 3 
3 3 31 25 84 4 8 5 
3 3 31 39 59 0 8 0 
0 6 50 54 69 9 9 6 
5 0 19 50 40 8 4 6 
0 1 69 85 64 1 2 0 
5 3 17 22 53 1 0 0 
2 1 0 48 68 1 6 1 
5 8 58 34 38 5 4 8 
3 6 37 43 60 7 4 1 
0 2 17 50 70 0 6 5 
8 7 4 50 16 2 4 9 
1 4 56 0 34 5 0 9 
5 1 51 19 67 1 8 6 
1 6 35 84 67 4 0 8 
8 6 41 66 45 6 2 0 
7 4 43 41 52 1 0 8 
2 7 44 28 76 1 6 1 
2 3 8 57 42 0 6 8 
6 4 58 75 41 4 3 2 
9 3 62 59 44 6 0 6 
0 3 61 27 47 0 2 9 
2 6 42 80 78 3 7 5 
4 5 29 56 95 8 9 6 
1 1 84 39 43 1 9 0 
4 2 33 52 84 5 2 2 
6 0 76 30 41 7 8 1 
1 5 52 42 61 4 0 0 
4 9 0 41 67 2 7 0 
3 3 0 56 16 6 3 7 
1 3 1 70 42 5 3 8 
1 3 31 80 52 9 1 7 
6 9 35 62 28 3 9 7 
7 5 27 37 34 9 8 1 
8 9 20 59 44 7 2 1 
6 1 46 0 73 5 8 9 
7 4 49 82 37 8 1 9 
7 7 17 68 25 9 6 4 
0 3 20 83 68 7 4 6 
8 0 21 44 85 4 4 1 
6 9 50 60 71 8 4 8 
2 3 1 67 64 1 8 8 
8 3 39 27 31 9 3 7 
4 6 16 56 45 6 3 0 
0 3 44 45 52 6 5 8 
9 0 85 35 60 0 7 1 
6 7 81 81 42 4 8 0 
9 4 21 33 32 2 2 7 
9 7 21 63 89 2 8 2 
2 2 36 42 61 2 2 8 
0 8 73 35 58 4 4 3 
9 3 45 20 50 7 0 9 
4 4 16 61 48 7 1 3 
8 5 30 46 36 7 3 4 
5 9 0 46 52 8 1 6 
7 5 28 56 38 3 8 3 
1 0 40 101 54 4 8 3 
7 6 38 76 56 5 4 2 
2 3 67 56 55 5 7 8 
7 7 54 31 30 2 1 0 
2 2 1 64 54 6 3 9 
9 1 7 22 51 5 3 1 
1 4 60 32 50 8 5 8 
8 1 62 27 45 3 3 5 
4 5 42 14 30 3 0 6 
5 2 10 34 78 6 2 7 
2 6 50 65 66 1 3 7 
8 3 0 27 76 1 0 9 
2 6 0 37 14 2 9 4 
7 4 0 75 55 1 4 2 
4 3 27 75 51 3 8 3 
5 3 47 77 36 6 8 8 
9 3 25 21 76 9 0 3 
8 7 40 48 45 5 8 4 
2 7 28 75 47 3 8 9 
5 9 53 93 41 0 5 6 
9 1 16 18 14 1 8 4 
2 1 42 55 25 7 2 9 
7 1 23 51 72 5 6 3 
0 4 41 51 80 9 9 9 
2 9 9 9 30 5 1 2 
7 7 39 33 55 3 4 8 
7 6 53 57 59 8 9 1 
4 1 0 37 48 4 5 0 
7 1 40 75 91 4 7 4 
4 0 39 53 39 1 9 8 
9 6 19 50 34 0 4 1 
9 1 28 39 57 8 9 6 
1 7 12 78 54 5 4 6 
0 1 12 49 79 9 9 3 
4 9 48 44 19 5 6 4 
7 8 36 51 65 4 1 7 
7 1 37 51 33 7 9 6 
9 2 38 56 47 7 3 2 
5 6 15 28 51 5 7 6 
0 5 39 63 67 1 5 4 
2 1 29 48 29 9 9 5 
8 5 19 32 50 9 5 7 
7 2 21 28 43 4 7 1 
7 4 18 36 65 5 9 1 
3 0 56 32 53 0 0 9 
5 8 28 27 83 8 0 2 
3 8 23 52 51 6 7 1 
0 4 17 24 72 0 7 6 
5 7 39 66 32 5 1 8 
4 5 39 63 79 4 0 3 
2 8 36 60 40 8 0 7 
9 8 28 39 49 0 7 4 
6 9 0 32 26 1 4 9 
3 5 4 79 38 1 9 1 
5 6 41 74 42 4 4 9 
1 1 21 51 50 7 0 8 
6 9 14 64 41 6 7 4 
8 7 67 55 41 4 1 0 
6 9 50 38 64 1 6 2 
7 4 4 32 39 3 0 3 
1 4 46 66 8 0 7 9 
1 7 0 47 22 2 7 7 
0 1 46 82 62 1 4 9 
0 1 36 70 38 5 2 0 
6 2 51 47 29 6 2 2 
5 0 26 47 29 3 9 0 
6 7 43 62 36 3 6 6 
9 8 58 34 44 8 2 2 
6 0 51 47 46 1 6 0 
0 8 24 59 56 9 0 7 
1 1 21 48 51 0 9 5 
8 4 0 28 43 7 9 0 
8 0 7 67 63 1 6 2 
2 8 4 58 56 1 8 9 
1 5 61 53 43 4 9 1 
2 8 24 23 76 4 4 5 
2 0 45 50 61 0 9 7 
0 7 46 29 52 9 8 4 
8 5 3 65 36 2 5 5 
2 0 23 48 16 7 1 7 
7 8 1 47 62 9 3 9 
3 6 0 54 33 6 7 0 
7 6 15 79 42 4 0 7 
9 2 10 52 65 8 2 9 
6 5 51 46 74 8 2 7 
2 2 27 40 59 4 0 3 
1 8 34 13 77 2 1 4 
3 6 26 36 47 3 9 0 
3 8 52 62 45 5 2 9 
9 2 41 50 70 8 3 5 
8 8 29 60 71 2 5 2 
6 5 21 54 53 2 7 3 
6 5 24 40 88 6 2 0 
1 9 56 44 40 3 5 8 
8 5 6 76 58 3 0 3 
7 7 22 46 47 0 2 5 
1 6 30 61 27 5 5 5 
2 1 3 81 30 4 7 9 
5 1 28 43 47 0 8 6 
0 0 40 77 41 7 4 1 
6 2 14 34 44 1 6 3 
9 8 6 64 65 6 3 3 
7 2 15 72 44 5 6 9 
3 6 10 54 51 8 1 7 
2 9 23 74 43 8 2 5 
4 3 30 68 57 1 9 4 
2 3 5 69 34 1 1 0 
8 8 23 31 58 7 9 6 
6 8 51 51 40 9 6 7 
9 4 4 76 63 1 1 8 
2 4 25 35 34 8 5 2 
9 1 40 56 48 8 4 9 
0 1 37 22 35 9 4 9 
1 1 33 27 51 3 4 6 
3 1 2 75 68 9 5 0 
1 3 22 9 41 9 2 7 
8 7 44 62 53 4 7 4 
6 7 40 30 34 9 9 4 
3 8 34 54 53 0 8 3 
0 4 23 47 39 3 9 1 
6 1 0 5 26 6 8 0 
4 5 0 49 20 3 8 1 
4 3 17 34 40 2 9 6 
6 8 36 67 66 3 8 9 
2 9 44 59 50 6 7 4 
4 4 27 44 86 3 1 7 
2 5 47 47 46 6 6 9 
5 0 15 44 49 0 2 1 
2 7 52 71 48 1 0 5 
9 0 1 68 30 0 6 3 
6 1 36 55 60 3 2 7 
8 2 25 62 8 4 9 2 
4 9 36 52 56 6 8 8 
6 0 0 65 38 7 8 3 
6 0 40 73 43 6 7 0 
1 0 31 75 41 2 0 6 
0 8 34 0 53 2 0 8 
2 2 35 38 38 4 0 4 
2 1 21 74 24 9 2 2 
7 6 0 53 20 2 3 3 
7 7 19 71 31 7 6 4 
3 2 13 39 40 8 4 1 
3 5 17 24 39 3 1 0 
6 8 52 70 77 8 7 8 
7 2 32 53 65 4 9 7 
9 6 1 46 62 5 3 3 
7 1 0 16 57 9 7 4 
8 0 74 85 15 9 1 9 
3 6 67 53 59 3 1 7 
9 6 57 6 30 2 7 6 
1 4 62 45 28 6 5 9 
5 4 29 43 94 1 1 2 
4 9 0 68 70 2 3 9 
9 6 49 33 74 6 2 2 
3 1 36 32 57 5 0 1 
4 9 34 37 30 2 0 2 
3 5 25 32 27 1 4 1 
2 7 32 80 25 0 7 2 
3 1 34 27 55 7 3 4 
1 9 15 0 9 4 2 6 
0 7 0 48 54 6 9 3 
9 0 44 45 59 4 9 5 
9 7 39 68 79 4 9 0 
0 3 30 23 49 8 0 7 
6 2 12 72 75 1 9 6 
0 7 31 42 26 3 0 0 
5 7 65 64 81 3 2 5 
3 1 63 35 56 3 0 0 
7 0 18 48 41 0 2 1 
5 6 27 39 48 7 4 6 
3 5 1 43 81 6 9 8 
2 3 26 32 63 9 1 0 
2 4 39 45 1 4 2 1 
1 3 9 40 47 0 7 3 
8 4 66 11 39 3 9 1 
9 8 29 42 66 2 2 7 
7 6 20 75 53 4 8 7 
7 0 17 60 41 1 4 3 
5 4 38 67 81 3 4 4 
5 9 40 76 56 4 0 4 
0 8 0 80 62 8 3 8 
3 1 47 49 51 2 2 1 
2 2 33 29 48 1 4 5 
6 1 14 98 40 3 4 3 
9 2 54 41 56 0 1 6 
7 9 14 58 51 6 7 5 
3 8 17 33 32 5 5 2 
7 3 2 69 51 2 4 3 
8 6 29 55 30 3 8 3 
9 6 15 76 51 4 8 6 
6 4 20 33 69 7 0 0 
0 8 21 59 64 4 0 7 
2 7 4 57 54 6 4 3 
8 4 18 65 25 7 1 1 
9 1 20 52 33 8 9 1 
1 0 31 36 67 3 8 9 
3 2 40 61 69 1 6 2 
5 1 28 52 72 4 3 5 
8 4 0 57 71 4 5 9 
3 4 32 56 60 9 5 6 
7 3 54 90 52 8 9 2 
1 6 57 44 66 7 9 8 
4 8 34 28 50 8 7 0 
8 0 0 50 52 3 7 1 
2 9 24 47 37 2 9 9 
6 4 31 46 32 6 1 8 
5 0 29 68 20 8 1 6 
7 1 34 44 94 7 4 0 
7 3 51 61 45 3 5 0 
4 7 41 44 60 1 3 3 
4 9 10 53 67 2 4 9 
2 4 6 45 5 3 0 8 
0 3 60 71 73 6 4 5 
3 5 16 30 14 7 9 7 
7 5 13 84 45 3 7 8 
5 2 8 42 39 0 2 4 
2 6 33 59 41 1 8 4 
8 8 0 78 39 5 5 3 
6 7 43 75 52 0 0 3 
3 8 35 24 67 5 5 2 
2 2 68 63 17 5 5 1 
9 2 26 31 34 8 2 2 
0 7 45 53 48 7 6 6 
4 3 51 27 46 1 4 9 
7 8 19 70 66 7 3 4 
6 5 54 70 67 3 5 5 
3 8 1 35 34 9 5 6 
3 8 18 31 26 7 4 3 
7 9 47 81 42 5 9 5 
6 7 0 27 66 8 9 5 
8 0 32 71 41 7 0 5 
1 1 5 16 35 4 5 8 
2 3 24 60 92 4 1 9 
4 1 21 92 38 2 7 6 
2 7 4 68 64 3 2 0 
6 6 15 4 27 7 5 1 
6 1 27 68 42 8 1 1 
4 2 19 48 64 3 9 7 
0 4 18 72 34 4 6 8 
7 9 67 41 26 7 6 5 
2 3 66 43 31 7 7 9 
1 5 0 61 61 0 9 9 
7 9 21 30 46 4 2 8 
0 8 16 71 46 0 6 1 
6 0 43 62 62 6 1 9 
8 1 17 54 28 8 9 0 
2 4 0 33 31 3 7 3 
5 7 6 48 71 6 4 6 
3 5 44 19 46 1 7 3 
0 2 59 46 45 9 0 5 
4 3 40 45 50 5 1 6 
0 3 1 63 29 0 9 3 
6 2 0 46 85 7 4 8 
2 6 19 28 51 2 9 8 
0 1 62 32 65 1 2 0 
9 4 67 48 64 4 2 7 
3 1 31 18 70 2 8 6 
7 6 49 48 23 0 6 6 
8 1 68 64 49 0 3 0 
6 8 0 23 57 2 7 7 
2 3 0 68 69 2 8 3 
1 8 10 43 71 8 5 3 
3 2 33 48 50 0 5 2 
2 0 34 27 32 8 3 1 
0 8 40 62 22 8 8 1 
5 6 22 55 39 8 7 7 
1 8 60 22 72 7 2 1 
1 5 66 24 25 1 1 5 
8 3 26 51 41 8 6 6 
9 4 35 55 38 0 4 9 
7 3 34 28 47 9 8 9 
7 2 49 81 35 6 6 9 
5 5 30 39 57 6 4 7 
7 7 52 49 74 8 4 2 
6 3 32 24 70 6 0 1 
6 2 0 42 16 2 3 5 
2 2 25 56 58 8 1 7 
9 6 27 29 101 6 9 2 
2 3 32 43 58 1 7 0 
5 0 46 40 48 6 6 7 
7 1 34 66 39 0 6 0 
5 9 42 35 37 9 8 4 
0 3 38 26 77 6 9 0 
6 5 52 42 55 0 2 9 
4 6 31 81 44 4 6 0 
0 6 5 34 36 5 7 7 
6 3 58 4 49 4 7 4 
3 4 33 65 53 5 2 6 
2 9 41 76 26 8 8 6 
5 3 19 38 30 0 0 3 
0 0 47 59 42 6 7 5 
2 4 16 66 17 4 9 8 
8 6 49 83 37 2 1 6 
2 0 31 24 74 4 6 8 
3 4 45 60 75 2 1 6 
0 9 0 64 58 9 3 5 
9 1 31 61 95 5 8 3 
3 5 1 69 77 7 3 6 
4 0 73 72 29 3 7 2 
9 2 68 67 44 0 2 1 
7 5 12 51 61 1 7 8 
5 4 48 90 48 1 5 9 
4 3 29 24 48 0 3 1 
2 5 7 79 12 1 7 8 
3 8 44 55 42 3 0 7 
0 1 47 57 67 4 7 4 
8 0 14 53 61 0 7 3 
4 2 19 29 12 9 9 3 
5 0 0 53 63 8 0 4 
7 9 44 46 29 8 2 7 
8 0 19 48 70 6 1 9 
5 0 43 29 39 8 5 9 
3 1 38 40 71 3 9 1 
0 4 46 38 46 7 4 3 
4 4 33 68 62 7 4 1 
6 6 42 22 43 5 7 3 
9 9 44 61 32 7 3 3 
9 4 43 35 40 4 3 3 
5 3 0 44 53 2 5 2 
7 5 35 48 56 6 4 0 
6 1 27 44 58 0 4 5 
6 6 38 65 33 9 9 8 
2 0 18 46 59 7 9 3 
5 4 33 74 60 4 4 1 
0 0 26 97 50 9 9 7 
5 1 11 15 75 2 9 3 
0 3 57 62 29 2 8 0 
4 2 62 45 78 0 1 8 
3 7 56 48 45 4 7 0 
3 4 30 57 32 1 5 9 
3 2 35 35 17 0 6 1 
2 0 50 49 43 0 6 5 
2 0 11 45 71 3 3 4 
1 6 36 4 86 3 0 0 
7 4 38 48 3 3 0 0 
0 7 62 49 31 0 6 9 
7 0 9 29 55 1 4 8 
6 7 2 80 91 5 0 1 
6 6 47 90 25 2 0 0 
0 8 45 35 31 9 5 6 
7 0 65 57 66 9 3 3 
8 5 28 40 53 3 8 1 
9 7 55 24 56 0 3 1 
2 9 5 61 27 2 7 5 
7 4 54 46 22 9 8 3 
6 5 0 84 46 5 5 4 
2 2 10 58 50 2 6 2 
0 1 28 23 23 1 0 4 
8 4 35 34 45 0 9 3 
7 3 15 43 24 0 2 0 
2 1 11 32 0 8 9 6 
0 0 19 95 40 0 2 5 
3 1 0 32 49 7 9 1 
4 2 0 36 39 1 0 4 
7 6 4 52 76 5 1 5 
4 9 15 71 51 5 9 3 
2 1 11 76 58 7 1 7 
3 3 40 54 49 0 2 7 
4 8 29 64 56 4 0 7 
4 5 21 22 37 2 2 7 
9 6 12 40 51 1 5 5 
5 6 36 60 23 5 7 5 
5 2 0 78 55 1 0 3 
8 8 15 26 49 6 0 9 
3 7 24 70 32 0 2 8 
6 1 33 79 33 7 0 5 
6 6 38 66 37 0 5 5 
2 1 0 36 59 9 8 8 
6 9 18 48 69 8 9 4 
4 9 29 51 45 2 0 1 
1 2 69 52 63 6 8 6 
3 6 23 44 76 6 3 0 
0 3 33 55 57 2 6 0 
7 3 17 34 43 7 0 2 
4 6 18 63 77 8 1 7 
8 0 38 38 61 5 4 1 
7 0 11 43 16 3 9 4 
9 8 9 30 47 0 6 5 
6 3 1 62 65 9 4 5 
2 9 45 46 23 2 9 0 
5 1 18 40 73 6 9 7 
6 6 72 58 58 4 5 9 
6 4 13 55 42 8 9 3 
3 7 27 58 67 8 1 9 
3 6 30 57 41 8 9 1 
7 8 29 38 57 3 1 6 
4 3 55 41 58 6 3 3 
8 8 37 67 80 1 6 8 
3 7 14 101 80 2 8 6 
4 4 60 65 64 8 0 8 
4 5 20 44 44 4 0 7 
3 8 3 52 58 0 0 5 
0 1 29 24 40 8 1 6 
4 2 35 57 40 2 3 3 
2 1 47 41 56 5 0 7 
9 0 12 43 37 7 2 6 
7 8 17 34 28 2 5 4 
2 2 37 65 40 1 4 3 
5 8 28 36 69 3 8 8 
6 8 4 86 72 4 7 6 
2 1 57 1 73 8 6 4 
7 9 51 63 36 3 7 7 
7 7 14 19 56 2 0 0 
4 7 32 60 21 1 6 0 
9 4 3 32 55 5 7 9 
3 8 19 69 35 1 3 3 
1 9 0 51 48 8 7 7 
7 9 55 73 55 7 9 7 
0 5 31 73 0 2 1 3 
3 2 9 104 28 0 4 7 
9 6 17 69 11 6 9 0 
9 1 69 41 9 1 9 3 
9 8 19 53 55 4 0 1 
9 0 12 51 34 8 4 6 
3 9 10 51 30 2 8 6 
3 0 4 54 25 9 9 9 
9 7 4 97 49 0 3 6 
8 8 34 4 42 2 0 5 
4 4 43 40 107 9 5 4 
6 8 37 22 74 3 3 7 
8 1 7 106 72 8 9 4 
2 2 3 56 41 7 0 5 
8 0 35 70 80 7 5 0 
0 9 38 8 41 3 1 6 
0 0 34 19 28 0 1 1 
6 5 64 34 26 2 7 5 
3 0 3 95 73 5 1 4 
4 4 36 53 49 8 6 4 
9 3 28 41 67 7 3 0 
4 3 0 42 46 1 9 1 
3 1 21 38 75 0 9 0 
9 6 50 57 50 4 1 9 
4 3 59 80 67 4 8 7 
0 2 39 67 48 6 2 7 
6 7 44 17 78 8 9 3 
9 2 5 22 27 9 7 2 
0 6 15 35 41 9 3 2 
8 9 11 42 73 5 8 7 
5 2 37 49 56 1 9 8 
3 0 32 55 51 1 6 0 
6 1 33 49 59 2 1 0 
7 5 25 0 78 1 2 0 
5 8 38 56 69 7 9 0 
9 7 40 64 55 4 5 3 
1 4 61 73 35 6 2 0 
8 8 39 57 74 2 9 3 
9 7 22 62 61 1 6 0 
8 2 51 60 58 8 6 7 
4 5 63 87 50 1 6 3 
4 0 21 38 88 1 1 7 
8 9 24 40 60 1 3 3 
8 8 0 47 86 4 8 3 
8 0 11 48 39 8 2 3 
8 8 3 47 25 7 6 3 
6 0 41 43 58 4 0 1 
7 4 48 38 58 1 3 8 
5 8 48 87 83 1 9 2 
4 4 43 56 49 7 2 2 
0 4 14 45 47 8 5 0 
6 6 6 73 48 8 7 4 
9 1 43 30 0 5 8 8 
2 8 40 9 33 9 2 8 
2 3 28 36 41 3 7 6 
1 9 9 61 51 8 5 8 
4 4 64 46 22 5 8 7 
9 3 1 73 37 4 0 4 
7 7 34 4 56 9 8 0 
1 6 55 34 93 2 3 8 
7 9 33 52 75 7 6 1 
6 6 33 39 51 7 5 7 
6 5 63 26 58 2 0 3 
1 4 39 63 62 4 6 1 
1 7 13 81 47 5 2 9 
1 8 76 21 62 2 4 7 
9 6 47 70 41 7 6 2 
2 7 0 53 31 2 5 0 
5 9 29 60 29 6 1 0 
0 4 23 52 36 5 3 2 
6 2 19 94 84 7 5 1 
6 6 31 28 71 4 2 2 
6 5 38 68 80 3 1 3 
3 5 60 70 63 2 0 5 
8 7 37 65 74 0 0 8 
6 9 50 54 18 3 6 7 
7 8 30 46 14 7 6 8 
8 3 0 75 39 8 5 6 
5 1 5 43 15 1 5 5 
9 3 0 54 78 8 9 5 
7 7 5 64 54 3 3 1 
1 3 35 45 69 2 9 1 
4 1 51 37 48 5 4 2 
1 9 7 61 53 1 2 4 
2 6 10 30 67 5 5 1 
4 9 12 36 34 6 3 3 
9 0 32 73 48 3 9 9 
0 6 24 25 49 6 3 3 
4 0 10 62 14 3 7 6 
8 0 27 10 64 1 6 2 
3 0 47 46 98 0 7 3 
3 1 39 80 51 2 7 6 
2 6 45 75 75 3 2 7 
5 0 48 79 50 8 3 6 
4 1 2 42 53 7 3 5 
5 0 26 36 54 8 1 7 
8 0 17 26 10 0 7 2 
6 0 22 46 46 1 6 0 
2 0 41 70 35 9 5 4 
5 6 14 60 64 7 1 3 
0 6 43 21 78 1 9 9 
2 2 18 50 66 7 7 8 
1 3 51 51 17 7 0 5 
3 4 44 31 42 9 8 9 
5 1 8 58 39 9 1 4 
7 9 51 51 87 8 2 0 
0 2 74 61 40 7 2 0 
1 8 72 51 37 8 7 8 
6 5 15 49 42 2 6 1 
5 4 8 39 33 3 6 0 
4 5 11 35 28 7 8 2 
9 3 43 56 76 5 5 5 
7 6 40 33 52 7 8 6 
6 1 2 31 81 5 5 2 
2 2 13 34 56 8 0 8 
3 5 11 39 81 6 8 9 
6 3 60 40 44 2 9 9 
5 0 67 53 65 2 9 4 
5 6 24 35 55 2 8 1 
4 1 44 67 37 9 7 6 
3 1 21 71 0 4 3 8 
9 8 9 51 34 2 2 3 
5 1 31 83 36 8 4 5 
5 8 50 28 76 6 3 4 
8 6 10 36 67 5 4 3 
4 1 19 73 45 2 5 6 
8 9 44 60 68 8 4 2 
4 6 47 27 43 3 2 7 
3 4 23 79 86 1 3 9 
3 4 19 42 44 8 8 6 
4 9 11 62 73 6 6 3 
3 8 52 41 48 3 1 1 
9 1 0 38 8 9 1 4 
0 5 16 61 72 7 7 5 
8 3 21 39 81 1 8 5 
3 6 16 37 0 8 2 0 
7 8 13 77 64 5 0 0 
0 9 60 84 22 3 4 7 
0 9 42 59 43 8 9 6 
7 9 47 86 102 5 6 9 
5 5 5 62 32 9 5 2 
1 8 71 64 74 2 3 6 
6 2 33 48 49 2 5 6 
7 0 39 45 42 1 5 7 
9 6 12 17 45 3 0 8 
8 7 45 30 66 1 8 4 
5 1 61 69 57 9 5 0 
6 8 28 58 41 2 8 4 
9 4 30 64 24 1 2 1 
8 0 26 37 36 0 5 8 
5 4 37 57 50 9 3 1 
7 3 8 30 58 9 9 0 
4 1 35 100 29 0 3 4 
6 3 34 52 84 9 3 8 
5 0 44 61 69 5 1 6 
8 0 48 29 60 5 3 9 
1 1 58 59 73 9 0 9 
5 0 14 79 48 5 3 7 
2 7 22 56 41 6 6 0 
4 7 3 30 24 7 5 8 
0 8 22 22 49 0 9 3 
9 7 27 11 43 3 7 2 
5 8 28 34 62 1 6 0 
5 1 2 31 59 0 3 0 
0 9 7 53 92 1 1 2 
1 1 0 71 49 0 4 7 
8 1 39 45 74 7 4 8 
7 8 35 65 57 4 3 5 
8 7 16 22 40 6 7 7 
4 3 0 78 0 4 7 1 
5 0 52 23 73 8 1 7 
5 5 20 60 40 0 1 6 
4 0 25 2 49 9 0 2 
0 7 13 11 45 1 0 3 
3 3 23 42 46 7 5 8 
5 2 0 42 48 2 0 1 
5 5 93 66 77 3 8 6 
8 7 5 37 34 1 2 6 
8 2 5 55 55 6 0 5 
0 8 26 38 36 6 4 9 
1 5 46 26 63 6 9 9 
9 1 0 57 78 3 8 9 
3 0 49 41 43 6 4 3 
9 0 38 77 39 8 0 5 
5 5 8 53 19 4 6 1 
1 3 51 50 60 4 2 4 
5 1 13 61 33 9 0 0 
8 2 62 48 70 0 2 7 
1 6 60 66 6 9 6 9 
6 2 26 67 76 8 7 9 
7 9 59 59 21 8 5 1 
1 5 55 78 73 6 4 4 
2 7 24 15 49 5 3 6 
7 9 36 88 31 3 8 7 
4 5 2 46 39 7 2 6 
4 5 0 28 78 9 9 3 
6 8 0 0 66 5 0 1 
5 2 11 79 60 5 5 8 
9 3 46 59 42 5 5 8 
5 4 44 69 31 9 9 9 
1 5 10 42 40 6 3 7 
1 9 21 33 62 4 2 0 
4 4 2 39 26 5 0 6 
5 3 17 52 40 6 3 9 
0 4 6 23 33 8 7 9 
1 3 16 19 27 8 1 1 
7 4 45 35 40 0 3 3 
1 7 47 68 54 7 6 0 
3 9 35 61 21 5 3 6 
4 9 27 56 25 9 4 4 
7 0 29 50 36 5 2 2 
8 8 29 75 97 2 8 0 
0 0 39 79 46 5 9 5 
8 5 26 51 21 3 2 0 
3 4 15 50 50 6 0 3 
0 8 25 93 22 3 5 7 
5 6 58 21 59 3 0 5 
0 0 40 20 47 6 8 0 
2 6 9 68 23 1 2 9 
0 5 20 38 45 9 4 4 
5 4 27 74 59 5 8 1 
4 0 0 54 52 4 6 0 
1 1 12 53 44 8 3 1 
6 0 30 24 49 7 2 5 
1 1 47 37 27 3 7 2 
6 0 40 47 53 6 5 1 
8 1 26 73 49 1 8 5 
9 7 3 35 32 8 3 3 
0 7 34 50 69 8 4 8 
9 9 26 34 56 4 2 9 
8 9 61 72 65 5 0 8 
0 1 33 31 59 6 5 9 
7 2 23 52 60 9 3 7 
6 6 31 48 79 2 3 7 
6 1 31 61 36 8 9 6 
2 3 9 37 53 2 9 1 
9 1 40 52 46 2 9 2 
7 7 22 63 47 5 8 8 
6 6 27 58 50 9 3 9 
9 7 1 42 31 8 2 3 
0 7 18 61 27 2 9 4 
0 2 28 56 68 9 2 5 
5 6 38 53 96 7 1 0 
5 0 30 63 46 0 4 1 
6 2 60 72 75 3 4 1 
3 5 61 29 45 5 7 9 
3 3 49 55 42 7 1 7 
9 8 41 40 40 8 8 3 
4 1 44 42 28 7 9 8 
2 9 52 64 43 3 2 5 
3 5 51 65 77 8 5 4 
3 3 29 21 82 4 0 1 
7 9 46 43 83 6 0 9 
3 2 10 68 44 1 3 7 
3 9 24 29 24 9 3 2 
7 5 28 26 59 4 6 7 
0 4 70 30 42 2 1 7 
7 8 38 26 76 7 4 0 
7 0 29 42 74 1 0 6 
4 3 19 38 46 5 9 1 
7 9 37 52 25 2 7 9 
7 4 20 26 12 4 1 2 
2 8 18 9 52 5 3 5 
4 1 8 64 34 6 5 5 
3 2 46 37 52 9 5 6 
8 2 7 7 40 9 8 8 
4 8 13 50 63 5 1 4 
0 8 43 75 82 8 6 0 
2 0 18 52 48 4 7 2 
9 2 55 38 23 1 1 7 
9 4 33 39 33 0 7 2 
7 2 65 74 75 2 2 7 
4 4 5 55 101 1 3 4 
4 3 24 77 55 2 8 4 
5 1 61 30 63 7 2 7 
0 7 29 51 29 1 3 9 
5 8 47 47 53 3 4 3 
3 1 61 44 33 0 8 1 
6 5 25 53 70 5 0 9 
2 4 11 45 35 7 7 6 
8 0 44 103 34 1 9 8 
6 2 34 59 12 3 7 0 
6 9 24 68 45 9 9 6 
9 7 0 60 46 4 4 9 
0 6 20 70 77 9 3 5 
4 8 0 63 59 0 7 7 
4 6 39 67 30 0 8 2 
3 9 10 61 34 5 6 5 
0 8 46 33 25 6 8 3 
4 0 23 60 59 2 4 7 
1 7 39 65 70 6 5 1 
5 4 32 59 83 7 7 1 
2 4 43 79 67 7 1 7 
8 8 28 59 67 1 5 5 
7 2 47 48 51 9 5 1 
7 8 35 72 45 5 8 3 
9 5 24 26 24 8 7 2 
8 1 29 45 76 0 6 8 
6 3 52 46 53 2 2 7 
6 5 10 33 58 5 0 5 
4 6 55 70 91 3 5 8 
2 9 34 35 90 1 6 0 
4 3 18 54 85 2 6 2 
4 0 35 22 42 7 3 9 
6 4 12 58 66 3 3 2 
1 9 55 24 67 6 3 9 
5 1 22 57 81 1 7 9 
4 8 18 26 45 5 4 1 
7 4 37 50 56 3 5 1 
3 4 18 4 52 7 7 6 
1 7 31 57 41 0 4 2 
1 7 38 77 33 1 6 2 
3 3 60 33 79 5 1 4 
9 3 21 53 54 4 4 8 
5 2 0 41 52 4 0 8 
7 5 13 48 40 9 3 7 
8 2 62 49 76 7 4 5 
2 3 25 80 53 7 3 9 
1 9 29 35 13 8 3 4 
7 9 8 82 59 7 1 8 
2 5 34 36 39 1 3 8 
5 0 89 71 49 0 6 0 
8 0 13 27 66 7 0 4 
9 7 12 48 74 8 5 0 
3 7 40 45 48 7 7 8 
6 5 48 18 32 7 4 4 
5 5 50 48 37 3 6 0 
8 6 37 17 54 7 1 3 
7 5 67 41 58 5 8 4 
2 3 28 97 56 8 0 6 
7 7 41 77 70 7 6 9 
6 7 36 14 48 8 0 4 
0 0 5 46 71 0 7 3 
8 3 11 62 14 8 4 6 
5 4 11 37 53 5 5 6 
7 5 24 46 41 4 6 5 
6 1 2 52 65 5 3 6 
9 3 46 51 46 2 2 2 
4 5 18 46 48 3 5 4 
2 5 7 47 12 6 7 3 
7 2 66 63 47 7 0 5 
8 7 39 55 60 2 9 2 
5 9 0 63 56 5 4 7 
4 8 0 61 71 8 8 6 
6 0 45 47 59 4 9 1 
8 8 29 51 32 9 2 6 
3 7 32 6 77 4 0 4 
7 1 45 73 34 3 5 2 
7 3 0 47 39 1 3 6 
5 0 7 31 26 4 4 5 
3 3 0 46 51 1 8 8 
2 9 0 26 19 2 5 8 
6 1 0 36 49 7 1 9 
1 9 36 55 54 6 5 4 
6 3 46 39 43 3 9 2 
1 5 41 24 14 7 3 4 
8 7 29 30 60 9 0 4 
5 2 65 81 58 9 4 9 
8 6 43 45 55 6 1 3 
9 4 36 24 41 5 6 3 
5 2 39 32 75 8 8 4 
5 1 21 20 81 8 2 4 
6 6 43 76 58 0 0 1 
1 9 15 41 17 5 1 6 
0 7 14 94 68 0 7 6 
1 3 30 61 57 5 5 8 
4 0 42 60 32 4 8 9 
7 7 40 81 82 5 4 9 
7 6 68 25 65 9 0 8 
4 0 28 47 11 3 9 8 
3 7 31 59 24 6 6 0 
3 8 13 37 11 4 3 3 
9 4 45 58 11 3 9 0 
7 1 66 45 0 3 1 0 
6 3 33 47 35 1 7 2 
6 3 24 31 69 8 1 7 
2 0 29 56 42 1 5 4 
7 6 0 45 48 7 7 4 
3 2 64 76 74 8 0 7 
2 1 44 65 57 3 0 3 
4 6 29 43 10 8 1 6 
3 3 22 29 65 1 1 8 
9 2 43 30 48 3 2 5 
0 3 35 80 48 8 4 6 
3 1 25 40 27 3 2 1 
5 1 9 51 57 2 8 4 
1 6 69 47 53 9 0 7 
4 8 31 38 24 2 8 2 
2 3 30 36 41 4 5 0 
2 6 49 41 38 1 8 3 
5 9 13 56 60 2 2 2 
5 4 0 16 72 8 9 8 
0 5 0 80 57 7 7 0 
0 5 30 49 58 4 1 1 
6 2 4 71 38 5 3 8 
4 4 55 52 68 7 6 8 
2 5 41 40 71 9 9 2 
5 8 26 66 0 7 8 4 
4 3 24 75 82 5 1 0 
4 9 45 64 25 1 4 2 
4 5 11 60 35 1 2 8 
2 5 34 47 60 9 3 8 
3 1 52 51 29 8 3 4 
5 9 13 31 64 2 9 2 
0 8 39 64 44 8 9 7 
1 1 48 39 66 3 6 7 
4 1 26 47 49 0 2 5 
9 9 61 59 66 0 5 5 
8 5 17 53 43 5 2 7 
2 8 0 53 27 7 2 0 
9 6 20 56 66 7 4 0 
6 8 20 91 55 9 8 7 
0 6 18 17 28 4 0 2 
7 4 8 54 55 3 3 0 
1 2 65 46 53 1 5 4 
6 5 16 49 59 0 7 3 
8 5 44 23 35 8 0 5 
5 6 61 27 13 5 3 9 
0 0 27 61 24 0 9 0 
3 0 25 53 79 5 8 3 
9 3 0 77 73 3 4 5 
6 2 43 60 64 4 1 7 
6 2 0 57 37 6 8 8 
7 3 51 13 40 3 5 1 
2 4 5 38 17 5 1 7 
9 8 49 54 61 2 6 2 
7 8 25 33 72 7 7 7 
5 3 28 44 32 3 1 1 
1 4 57 61 82 1 0 1 
6 2 22 67 83 1 7 6 
9 1 41 70 60 4 9 7 
6 0 23 77 15 2 6 2 
6 5 32 70 58 4 3 4 
7 0 51 43 47 6 5 3 
7 7 25 20 76 3 3 5 
6 1 46 9 37 1 9 8 
3 2 22 50 67 7 3 6 
9 2 53 31 34 1 0 5 
7 7 66 59 56 4 6 0 
0 0 49 38 75 2 8 6 
8 6 32 53 72 1 0 0 
4 9 45 44 16 4 8 6 
5 1 4 25 61 8 5 9 
4 0 37 54 58 0 7 4 
4 7 34 45 68 0 1 5 
5 5 32 46 50 1 3 3 
3 9 8 80 62 0 8 9 
9 2 42 85 24 7 9 2 
6 4 29 45 51 2 0 8 
2 3 3 46 30 0 9 9 
8 1 42 37 48 2 9 6 
5 8 21 86 74 6 0 4 
2 0 62 20 75 2 3 6 
5 8 3 51 66 6 9 7 
1 8 0 83 15 1 1 4 
2 3 48 41 40 1 6 0 
8 6 11 88 50 7 7 5 
7 6 14 98 32 7 6 4 
3 9 54 75 5 8 9 5 
4 6 29 47 32 9 9 9 
4 9 19 43 40 2 8 9 
5 2 24 62 6 5 6 6 
9 8 15 52 50 8 1 5 
8 8 18 47 53 7 9 3 
5 5 22 70 43 4 0 2 
6 1 51 12 28 7 4 7 
5 8 38 42 38 0 1 1 
2 7 44 71 51 8 9 4 
5 7 38 38 26 7 2 1 
1 4 32 16 41 5 5 8 
7 5 11 44 44 5 8 7 
1 0 40 71 52 5 8 4 
5 4 20 28 55 5 6 3 
3 4 30 27 32 8 8 3 
8 3 40 41 49 7 7 1 
7 7 29 36 61 1 7 8 
2 9 28 42 50 5 1 8 
1 1 26 44 43 8 1 3 
8 8 5 46 45 0 3 4 
6 4 43 27 81 8 9 7 
3 0 52 42 37 5 8 6 
0 2 22 33 55 3 2 0 
4 8 17 36 82 9 0 9 
2 9 38 59 43 1 0 7 
5 4 63 34 67 0 3 2 
2 1 34 63 77 6 4 3 
0 6 60 55 19 7 0 5 
1 7 35 73 65 6 0 1 
4 0 19 66 80 6 4 4 
6 5 21 68 62 0 8 9 
8 9 21 21 46 2 2 6 
1 2 27 48 25 2 8 5 
1 5 30 74 36 0 0 1 
3 5 0 24 93 7 6 6 
5 1 50 74 54 1 4 8 
5 4 74 75 33 2 4 6 
8 1 28 41 68 9 8 5 
0 7 62 57 57 8 0 7 
6 8 34 66 71 0 9 7 
1 6 9 47 66 8 9 4 
1 7 39 27 55 6 0 6 
4 2 15 47 25 6 5 9 
2 9 25 27 48 5 9 0 
7 8 20 18 63 4 7 3 
9 7 28 39 47 2 9 7 
8 6 21 51 42 1 5 6 
0 8 31 34 27 7 5 3 
6 2 51 48 41 5 6 2 
8 0 56 45 33 3 1 4 
9 6 40 55 39 1 3 2 
4 7 13 48 90 0 2 5 
8 5 66 70 69 0 0 6 
1 3 47 69 21 0 6 1 
9 4 8 62 18 0 2 9 
6 7 14 48 12 6 3 2 
0 2 52 85 51 3 3 7 
6 1 38 14 63 6 9 3 
0 6 28 53 76 1 9 6 
9 7 17 40 42 4 7 5 
1 2 0 45 72 4 9 3 
4 8 29 45 77 9 6 9 
2 0 19 57 45 0 7 5 
1 9 24 25 62 1 3 1 
1 3 0 76 56 9 8 4 
7 5 39 70 29 3 7 7 
4 3 37 56 14 8 5 4 
1 3 24 38 53 1 4 2 
9 4 47 50 33 1 8 7 
2 4 29 79 49 9 5 3 
2 2 34 34 35 2 5 2 
7 8 38 55 59 5 8 4 
6 2 19 73 54 8 9 4 
7 0 11 43 84 0 1 2 
6 3 19 53 13 1 2 0 
8 1 2 52 47 7 8 7 
3 0 50 91 27 7 6 0 
6 6 25 29 31 9 4 5 
9 5 31 35 64 9 8 4 
8 3 0 91 42 8 2 9 
6 9 74 39 71 0 0 7 
7 5 58 48 62 1 2 7 
1 1 29 74 25 5 0 1 
1 8 59 64 76 8 6 7 
8 3 6 76 57 9 6 4 
4 6 21 85 24 6 7 0 
7 0 58 52 50 9 3 6 
9 2 27 39 34 1 6 8 
8 4 33 48 42 0 1 1 
8 6 15 45 68 1 3 8 
4 3 39 55 49 0 7 9 
1 9 37 55 25 7 1 2 
0 2 0 61 48 5 5 0 
2 4 29 41 73 5 1 5 
9 6 10 42 47 5 8 3 
5 8 72 43 46 2 1 8 
3 9 22 31 39 4 9 4 
5 9 26 83 43 8 2 8 
3 8 1 81 58 4 1 7 
1 6 6 49 45 8 1 8 
8 3 28 32 38 8 6 1 
6 1 27 52 62 0 3 8 
1 2 53 89 59 6 3 7 
1 7 33 47 28 4 1 6 
7 4 37 80 15 9 3 3 
7 9 0 104 57 0 0 7 
4 8 49 36 67 0 0 2 
7 9 46 59 56 0 5 1 
2 3 37 62 57 2 3 9 
2 6 30 70 0 7 5 0 
7 0 51 88 72 0 4 4 
7 8 62 42 73 7 3 7 
3 8 21 52 61 3 8 8 
7 5 4 53 13 3 7 5 
7 3 20 51 34 3 6 3 
0 8 31 63 30 9 8 4 
6 0 34 71 53 9 0 8 
7 0 6 15 76 3 8 3 
8 1 2 54 62 0 2 9 
7 7 40 44 27 9 9 0 
4 9 74 41 23 0 2 4 
4 1 22 47 68 8 0 5 
8 0 25 53 43 1 9 8 
1 0 20 26 63 8 3 6 
4 4 33 23 74 5 9 2 
8 9 32 79 48 4 2 6 
3 7 23 55 88 0 8 8 
6 3 14 47 69 2 2 2 
6 5 0 48 52 9 5 3 
7 1 30 55 27 5 7 9 
3 6 30 65 64 4 9 1 
5 4 34 22 18 7 3 3 
7 7 40 23 22 3 2 2 
5 1 34 17 32 8 1 4 
8 5 52 25 61 8 9 6 
0 2 34 86 45 4 5 0 
8 7 33 74 48 0 3 8 
8 8 36 64 19 2 0 5 
9 6 35 37 24 1 0 0 
2 5 65 69 47 2 6 7 
8 1 30 64 71 5 7 0 
9 1 65 61 29 2 4 6 
1 0 16 46 76 5 9 9 
7 7 27 34 51 0 4 0 
0 3 20 28 34 8 1 0 
6 2 38 42 48 8 3 8 
6 4 44 71 36 6 1 0 
8 7 0 66 61 2 5 0 
9 2 0 46 55 5 9 2 
7 3 68 66 73 4 2 4 
1 3 61 59 68 2 3 1 
3 0 67 51 61 4 9 5 
1 9 12 25 28 6 4 6 
4 2 38 57 22 5 6 6 
6 7 37 91 31 3 4 8 
9 2 0 84 49 0 2 0 
3 1 8 33 36 8 2 9 
9 0 45 92 82 0 3 0 
1 9 35 25 28 5 2 7 
9 9 36 58 27 3 0 0 
7 3 30 88 23 9 6 6 
5 7 84 40 47 4 8 0 
9 8 9 52 26 9 0 4 
6 3 27 62 0 1 2 7 
7 0 9 44 68 7 8 1 
3 5 22 43 86 5 2 5 
1 2 22 26 65 3 0 3 
6 1 49 56 60 4 8 6 
4 1 24 70 44 5 0 6 
5 2 46 47 25 6 4 4 
7 2 19 66 31 1 3 1 
8 1 20 44 33 0 0 9 
0 1 41 56 26 6 4 8 
1 2 29 72 49 0 4 5 
1 9 45 45 30 0 2 0 
2 9 42 53 59 1 0 7 
9 9 44 37 69 1 2 1 
0 6 30 54 79 9 8 1 
5 9 75 96 48 1 2 1 
3 0 41 68 25 0 3 5 
4 0 17 83 23 9 4 9 
0 0 31 0 73 3 0 7 
9 1 25 48 19 8 3 7 
2 6 11 32 62 1 6 6 
2 6 14 87 25 3 3 2 
4 7 30 41 67 3 6 8 
2 3 22 49 58 0 5 2 
0 4 43 64 73 0 5 9 
5 6 31 54 67 8 0 1 
0 4 31 39 47 8 8 4 
9 4 12 21 64 9 9 9 
2 7 24 46 40 3 9 4 
9 2 72 40 55 5 7 7 
9 4 53 68 46 8 2 8 
1 3 30 59 51 2 9 4 
7 1 26 46 41 1 4 8 
4 9 15 32 63 7 6 2 
9 0 40 59 59 4 1 0 
4 1 51 50 85 2 5 3 
3 6 52 60 3 5 7 0 
5 8 19 75 53 6 2 2 
0 0 25 80 77 8 0 5 
2 1 28 60 39 1 0 9 
8 1 31 39 72 0 1 2 
4 9 16 47 36 7 1 4 
5 6 65 74 32 1 8 8 
5 3 20 62 14 9 2 0 
4 7 7 47 15 1 5 5 
6 0 2 37 62 2 6 4 
2 9 24 67 4 6 6 9 
5 7 71 18 29 4 0 3 
0 9 20 37 64 4 1 1 
3 3 2 49 39 1 2 3 
6 6 60 33 65 8 3 9 
4 0 12 62 65 8 3 0 
5 8 2 52 119 4 9 4 
3 5 0 44 61 8 8 0 
8 1 13 4 37 0 4 8 
1 9 38 55 33 9 3 5 
0 9 40 83 48 4 0 7 
7 9 8 43 66 3 4 3 
7 6 49 26 55 8 1 0 
8 0 0 73 49 2 1 7 
2 7 36 43 63 1 1 4 
0 9 12 79 37 0 0 2 
1 9 41 40 29 4 6 6 
6 8 17 59 12 2 3 9 
9 9 41 75 50 1 6 6 
0 7 34 54 88 6 4 8 
0 8 40 60 0 0 7 6 
2 0 37 1 43 4 7 6 
7 1 3 54 89 0 3 8 
6 2 45 42 37 2 9 3 
0 6 45 47 83 1 4 6 
8 3 34 41 45 2 5 6 
5 3 39 72 47 4 8 0 
1 1 43 44 43 8 6 6 
3 5 21 42 26 3 9 0 
9 5 27 119 63 6 6 5 
0 0 68 64 51 3 8 7 
6 3 48 15 40 9 9 7 
8 6 17 56 58 8 8 7 
4 0 10 47 51 2 4 4 
2 3 22 12 60 3 1 9 
0 2 42 56 44 3 1 0 
1 5 27 49 93 3 5 7 
8 6 19 35 26 8 3 0 
6 5 46 15 38 5 7 0 
6 7 43 60 61 5 8 8 
7 5 24 50 45 5 3 8 
0 3 13 15 42 3 2 5 
7 7 47 50 37 8 2 6 
4 2 38 78 44 8 9 3 
8 9 21 39 54 4 4 7 
2 5 26 29 64 7 7 9 
3 8 14 38 53 7 7 2 
9 5 25 23 70 5 0 9 
4 7 21 61 23 6 8 0 
0 8 16 28 29 0 3 4 
5 4 29 45 94 0 2 5 
6 1 104 48 1 0 2 3 
2 9 36 81 56 5 4 5 
4 2 36 75 5 2 2 2 
6 8 26 27 59 8 8 6 
2 1 67 28 40 0 9 8 
2 0 79 56 33 3 9 1 
4 9 50 59 39 3 0 9 
3 8 35 32 19 2 4 8 
6 3 20 59 45 7 2 1 
9 5 29 47 11 9 6 0 
6 2 36 49 45 7 0 2 
1 3 15 55 102 4 3 9 
0 6 30 34 42 7 0 4 
3 0 33 51 74 2 4 7 
8 9 54 59 69 4 8 7 
4 4 64 26 54 7 4 6 
9 9 25 51 34 6 4 7 
5 6 26 12 61 4 6 1 
