8 3650
1 2 28 50 58 9 7 7 
3 2 30 57 52 4 1 6 
2 0 43 69 61 7 2 6 
0 2 34 58 29 4 9 8 
1 1 19 54 57 3 4 8 
0 3 10 29 56 8 4 2 
0 1 45 35 22 0 0 4 
1 7 24 67 56 0 4 5 
5 2 44 20 47 9 0 3 
0 0 62 68 36 6 8 2 
6 8 21 26 67 7 4 0 
7 9 24 76 25 8 6 7 
1 0 53 57 66 1 7 7 
5 8 25 49 51 1 5 4 
3 6 17 45 37 2 8 4 
6 5 36 22 50 6 8 7 
9 9 14 25 51 1 6 5 
9 3 42 68 42 6 9 5 
3 4 28 81 80 4 5 0 
2 1 34 38 34 7 5 3 
7 9 16 30 55 9 3 4 
3 3 34 55 39 2 6 6 
2 5 21 33 67 2 2 1 
9 4 4 45 46 1 0 6 
5 9 28 30 43 3 4 0 
7 5 62 29 56 0 4 2 
2 0 63 41 55 1 3 4 
6 7 61 66 60 5 1 3 
5 4 12 63 58 7 7 1 
6 7 36 3 72 8 0 8 
4 3 42 59 60 3 0 8 
0 8 14 65 36 9 7 1 
6 8 16 26 33 4 6 0 
9 7 14 47 5 1 8 7 
2 4 23 65 75 5 7 6 
7 8 0 70 26 2 2 8 
7 3 17 24 10 3 7 6 
1 9 28 55 46 6 5 4 
4 7 44 94 70 0 9 6 
3 3 83 58 34 9 3 1 
4 3 34 38 91 6 2 3 
1 8 15 61 51 0 9 7 
3 3 67 85 80 5 0 3 
8 7 6 40 11 5 7 3 
1 6 41 37 98 0 9 1 
2 9 66 62 103 8 1 7 
2 3 36 71 0 6 1 2 
8 6 30 27 49 3 7 6 
3 3 37 36 34 1 4 9 
1 5 58 85 50 4 5 1 
4 5 27 26 43 0 1 7 
1 9 15 63 44 6 1 0 
7 8 18 43 54 8 2 5 
3 3 9 62 74 6 7 4 
9 1 28 63 49 6 7 7 
1 7 35 61 54 5 2 6 
3 3 0 37 40 8 4 5 
7 4 45 92 55 5 3 2 
3 8 52 38 37 8 3 9 
3 4 48 47 42 2 0 3 
1 3 33 52 55 0 2 1 
1 4 32 40 24 4 1 3 
2 2 26 80 88 0 5 3 
2 4 26 61 53 1 9 9 
4 4 61 29 75 7 5 0 
1 3 29 87 35 3 8 1 
4 8 23 31 77 1 2 4 
1 4 51 45 44 9 7 1 
2 8 72 24 78 7 6 8 
6 8 41 68 73 4 6 1 
0 2 63 47 100 7 5 1 
0 9 39 33 0 1 3 6 
0 3 60 45 0 6 5 3 
9 6 22 67 51 0 7 5 
3 2 52 70 70 9 2 4 
3 5 48 15 63 8 9 0 
1 8 29 9 48 9 6 7 
8 1 36 42 39 5 4 0 
0 9 0 78 48 6 3 5 
7 6 10 24 21 1 4 9 
7 0 22 17 49 7 9 8 
5 1 50 37 46 7 0 7 
2 6 25 56 29 8 7 2 
4 7 13 27 55 2 0 5 
1 6 56 61 27 8 0 9 
1 8 18 39 40 4 9 6 
1 3 41 49 49 0 5 1 
1 6 38 55 44 5 6 8 
6 5 64 56 47 8 8 6 
4 7 4 35 73 2 1 8 
3 4 18 70 76 8 4 0 
1 0 67 65 56 1 0 1 
6 8 56 46 24 5 2 0 
9 4 33 58 49 2 4 4 
4 4 33 19 27 8 4 7 
9 2 49 69 82 4 4 1 
8 1 56 47 49 2 6 3 
7 0 66 64 62 0 4 1 
4 6 20 16 80 4 7 0 
1 5 38 30 31 2 4 2 
1 1 57 57 56 1 9 0 
4 6 36 42 62 8 6 2 
4 0 39 35 61 7 0 9 
3 3 31 46 17 2 1 1 
2 5 32 68 84 6 6 0 
3 7 5 88 20 2 4 6 
0 7 29 63 38 2 3 4 
3 0 0 57 47 2 7 0 
1 7 24 49 59 8 0 3 
6 7 20 61 81 3 5 4 
9 4 0 19 51 6 1 9 
5 9 0 102 74 5 1 6 
2 9 35 52 29 4 8 1 
9 7 5 53 46 9 2 6 
5 0 61 67 71 6 1 9 
4 2 21 67 57 6 2 0 
7 0 52 29 77 6 9 3 
1 5 32 76 14 8 1 3 
8 9 26 52 40 9 9 5 
5 7 40 127 58 2 5 2 
6 8 19 49 48 2 9 7 
8 5 0 61 50 2 7 6 
5 3 14 50 53 3 3 5 
1 1 53 20 33 7 5 8 
3 2 66 26 31 6 9 3 
7 7 52 41 33 4 2 1 
9 7 11 27 60 2 6 0 
4 0 67 66 49 3 5 1 
5 6 38 53 67 9 1 9 
9 9 19 40 62 5 2 8 
4 5 0 57 46 3 6 3 
4 3 60 67 40 8 8 1 
1 2 25 51 32 5 6 8 
3 8 13 28 1 4 9 5 
6 9 27 51 40 0 0 5 
2 5 0 66 68 0 9 6 
3 9 32 22 61 0 6 6 
4 7 34 57 67 0 0 1 
7 6 19 71 78 6 0 8 
9 2 13 45 33 3 0 5 
9 7 15 75 22 3 0 0 
1 7 50 53 41 9 4 2 
7 4 0 47 60 9 0 6 
0 7 37 25 76 7 9 2 
5 7 7 33 45 2 6 1 
1 8 42 29 51 3 4 5 
9 5 58 43 73 0 1 1 
4 3 26 50 75 6 5 5 
1 9 30 28 39 3 8 7 
6 2 43 49 42 3 9 4 
7 3 4 42 19 1 5 2 
6 9 21 23 26 3 3 6 
1 6 32 67 21 4 2 1 
6 6 5 40 61 4 6 5 
2 8 20 36 41 6 6 1 
1 4 28 50 30 2 5 9 
7 6 71 47 23 4 9 5 
4 2 34 72 30 3 7 9 
2 1 13 62 88 6 2 4 
9 1 15 70 50 0 0 5 
9 7 14 24 64 8 7 6 
3 1 20 47 76 2 8 8 
2 3 0 50 29 0 7 9 
8 3 36 59 61 9 5 5 
6 2 15 25 52 2 9 2 
8 2 35 74 64 2 9 0 
9 6 25 26 17 3 5 4 
3 6 61 22 45 9 6 4 
7 7 35 54 72 7 0 4 
6 0 48 59 55 0 9 4 
6 6 59 51 10 5 7 0 
9 9 34 87 65 0 3 0 
0 8 29 31 46 3 4 0 
1 3 34 36 73 0 8 2 
3 4 48 60 37 9 7 2 
0 4 0 41 35 5 0 7 
6 1 45 46 39 3 2 1 
4 6 40 34 37 5 9 0 
3 5 3 65 49 4 5 0 
3 9 43 43 43 4 3 9 
3 7 51 71 65 6 6 9 
0 3 76 57 48 1 5 1 
2 0 29 92 84 5 0 3 
6 6 39 49 38 0 3 6 
9 3 0 55 62 8 5 6 
9 5 31 76 40 5 1 8 
8 0 44 26 51 2 0 5 
7 9 40 44 5 1 1 0 
6 1 8 68 42 9 2 3 
0 5 0 32 76 7 1 0 
7 9 0 0 62 9 7 2 
2 7 40 10 57 3 9 1 
8 8 47 93 60 3 3 1 
7 0 0 47 47 8 4 1 
2 7 37 55 59 8 6 8 
6 1 33 88 45 9 7 7 
8 5 18 31 36 8 5 2 
4 9 68 75 58 5 7 6 
9 1 28 42 13 9 9 0 
2 8 0 46 41 0 7 4 
2 1 14 55 56 1 4 8 
2 5 86 73 42 3 5 9 
0 3 22 34 23 7 6 1 
7 8 19 40 59 1 3 5 
7 8 28 40 18 5 8 4 
9 4 26 21 53 2 4 8 
6 4 32 0 56 6 9 5 
9 5 18 66 43 5 4 1 
6 8 18 69 33 5 3 9 
9 1 4 61 59 8 8 8 
1 7 16 52 13 6 8 1 
9 8 27 47 24 5 5 0 
8 2 0 36 48 8 1 5 
5 0 0 44 53 2 1 6 
2 8 19 41 55 0 1 1 
5 0 3 64 52 5 1 2 
0 9 26 56 67 6 4 5 
5 6 18 64 54 8 8 1 
7 7 54 45 41 9 7 7 
5 8 30 61 47 4 2 5 
3 1 33 54 65 6 8 7 
8 0 15 53 51 1 6 7 
0 8 0 51 83 0 1 5 
1 9 41 43 69 8 7 2 
2 7 20 66 45 2 3 0 
2 0 9 58 77 8 3 9 
0 1 20 78 32 4 0 3 
6 1 39 61 49 0 7 3 
6 6 24 69 33 9 8 5 
2 9 0 43 6 9 7 7 
8 8 48 46 45 5 0 5 
6 2 25 75 49 5 0 6 
8 1 35 59 84 8 4 9 
0 1 37 102 57 1 3 6 
8 2 36 70 63 7 7 4 
9 1 81 34 47 0 2 8 
5 7 37 53 52 9 7 1 
1 5 43 54 68 9 5 0 
4 4 48 75 41 3 6 3 
0 1 19 96 47 0 2 9 
1 9 20 45 53 7 9 3 
3 7 53 62 40 4 1 6 
3 2 21 51 30 2 1 2 
2 3 47 75 53 1 1 6 
0 2 7 30 41 4 1 2 
3 7 11 59 76 6 7 8 
8 8 66 47 55 7 5 4 
8 9 40 38 52 8 0 8 
9 1 31 73 66 5 0 1 
9 3 19 26 7 1 5 0 
3 1 38 40 36 0 0 4 
0 7 20 11 75 6 5 1 
8 3 48 95 52 5 5 3 
3 1 45 26 34 4 6 0 
2 6 0 67 40 3 3 4 
1 8 25 61 48 2 6 0 
6 9 16 57 69 1 7 0 
5 8 44 29 44 8 3 1 
8 9 0 55 34 8 5 7 
3 2 9 68 54 6 1 2 
5 2 29 75 81 9 4 5 
8 9 39 80 67 4 7 4 
7 5 26 37 36 5 6 2 
3 9 33 54 60 8 5 2 
1 0 28 32 47 6 7 2 
5 9 47 65 38 7 9 9 
3 2 9 76 41 4 4 7 
4 3 42 48 68 3 4 0 
7 8 19 20 40 0 7 3 
3 7 30 60 61 8 8 3 
1 3 22 50 48 9 4 2 
3 4 50 66 56 5 1 1 
9 3 35 49 63 1 4 5 
2 5 34 63 28 9 1 4 
8 0 21 53 49 9 7 4 
1 7 1 76 67 6 0 4 
5 0 6 62 31 9 2 1 
9 1 60 64 61 9 8 2 
4 1 26 36 32 5 7 0 
0 9 41 16 71 9 0 4 
3 2 62 60 16 8 1 2 
9 5 35 37 80 4 2 0 
3 4 38 72 77 4 1 2 
1 2 42 71 64 6 8 5 
9 3 21 68 50 7 1 0 
8 0 58 34 9 7 9 3 
3 2 38 17 29 5 3 3 
5 0 12 37 45 0 7 6 
0 2 0 37 100 2 5 1 
7 4 41 39 31 7 4 7 
7 5 45 55 48 8 1 1 
2 8 31 52 38 1 6 0 
5 9 23 47 77 1 3 1 
6 0 55 28 80 1 1 8 
2 4 32 67 97 5 8 9 
1 4 27 67 38 3 5 6 
3 0 53 26 4 7 5 9 
9 3 2 56 54 4 1 0 
9 7 39 42 46 7 4 5 
1 6 67 49 24 9 5 1 
8 8 35 35 22 5 5 5 
2 6 9 72 43 7 5 2 
4 1 20 49 81 1 9 5 
9 5 0 81 22 9 6 4 
7 0 3 8 44 6 5 0 
9 2 0 41 75 5 8 2 
0 6 7 17 35 3 4 9 
6 2 53 67 19 2 2 7 
2 4 37 46 87 3 7 2 
8 5 60 35 44 9 2 7 
9 6 41 45 71 3 5 0 
9 7 45 54 48 2 7 7 
4 7 29 36 44 0 7 4 
4 2 56 43 106 4 7 0 
5 6 38 72 34 1 4 3 
6 4 37 18 16 9 8 6 
2 9 37 60 62 1 3 6 
0 3 71 50 46 3 0 4 
1 2 13 41 25 2 9 6 
7 6 16 41 59 6 2 9 
3 6 25 46 39 0 9 6 
4 8 23 22 60 8 0 4 
4 9 47 78 48 6 9 9 
8 5 44 0 45 8 9 2 
1 9 38 0 29 0 6 0 
7 9 42 33 37 1 0 2 
7 1 19 51 85 9 2 4 
6 5 41 79 73 7 4 4 
1 6 50 62 51 4 2 9 
7 2 37 53 48 6 9 2 
4 9 39 104 12 6 3 7 
3 3 23 78 54 7 2 8 
3 7 27 30 53 8 8 4 
0 9 29 55 67 1 5 8 
1 7 55 92 48 8 9 1 
7 3 0 73 43 0 6 1 
9 2 22 51 86 7 0 6 
6 8 12 62 57 0 4 5 
6 4 39 47 40 2 4 4 
6 9 6 93 55 8 4 4 
2 6 36 48 38 8 8 8 
2 8 33 46 70 7 9 2 
3 7 42 51 99 2 0 8 
4 0 32 61 64 5 9 9 
9 5 40 23 62 0 7 0 
3 5 52 81 31 7 9 2 
3 7 45 53 61 4 4 6 
5 9 21 8 60 1 6 8 
6 1 48 92 87 1 4 6 
6 5 53 83 90 4 1 9 
2 0 12 38 47 8 4 2 
9 4 32 98 59 9 5 9 
4 8 38 81 63 3 1 4 
1 8 55 88 29 7 4 4 
1 3 40 41 75 0 8 5 
4 4 24 55 24 3 8 9 
8 2 3 46 52 4 9 8 
7 5 4 23 57 3 7 7 
8 5 16 46 50 0 3 0 
2 7 51 35 0 6 9 8 
6 8 49 97 67 1 7 6 
5 4 2 33 44 1 1 1 
3 4 25 69 64 6 2 7 
8 5 38 25 72 6 2 6 
5 5 16 32 37 9 8 5 
7 8 51 34 48 6 8 7 
9 2 18 78 33 3 7 0 
3 1 18 69 48 6 4 2 
5 4 40 22 55 9 1 2 
2 3 60 58 32 2 3 0 
1 8 10 19 60 7 9 9 
4 8 37 84 66 3 1 4 
9 8 34 50 27 1 6 7 
9 4 80 63 63 3 5 7 
0 7 0 71 24 6 7 4 
8 1 0 62 43 7 0 5 
9 6 43 65 48 4 7 7 
6 6 57 63 42 8 0 5 
3 8 70 4 35 3 7 4 
3 1 23 21 42 8 6 9 
7 4 32 51 13 0 1 1 
4 4 0 25 65 1 4 2 
9 1 19 27 15 7 7 7 
8 3 53 34 42 0 2 1 
7 2 27 52 36 0 1 1 
5 9 55 33 80 8 2 1 
5 8 10 42 18 3 0 6 
4 0 24 23 61 8 2 5 
2 4 45 44 45 7 8 2 
1 6 20 36 65 6 6 5 
9 8 4 42 97 0 6 4 
9 3 38 34 87 5 7 0 
0 4 31 78 75 1 0 8 
7 9 65 49 50 4 8 7 
8 4 45 63 59 1 3 0 
6 8 29 48 64 5 0 0 
6 5 44 81 65 0 8 5 
2 2 0 45 34 1 2 3 
3 4 31 67 47 3 6 3 
2 4 35 46 66 3 1 6 
0 4 13 28 28 6 1 6 
5 2 21 75 25 9 9 5 
6 8 9 28 73 8 7 1 
7 7 61 52 48 0 7 0 
5 7 39 39 52 6 1 5 
1 1 51 27 53 5 4 7 
4 3 25 73 39 5 4 5 
7 3 0 6 25 8 7 5 
7 3 11 0 38 1 2 3 
1 1 42 70 49 5 4 0 
4 5 8 91 24 6 3 4 
5 9 25 20 25 7 8 5 
1 1 0 66 49 4 6 5 
2 2 56 50 97 1 1 2 
4 5 29 67 34 7 8 0 
1 5 30 30 72 0 7 6 
9 7 10 38 67 1 5 6 
2 1 22 58 33 1 6 5 
2 4 41 31 63 1 8 7 
5 7 59 57 38 8 7 5 
1 3 59 44 43 4 3 3 
4 7 20 83 55 5 6 6 
5 5 15 77 67 2 2 7 
0 6 4 54 52 6 3 9 
4 7 30 26 57 2 1 1 
7 4 45 50 9 4 1 8 
6 8 63 45 55 7 2 3 
0 5 28 38 49 3 7 5 
0 2 3 22 29 1 5 2 
1 6 55 41 43 0 0 4 
8 4 33 84 56 2 1 8 
8 7 55 66 0 9 7 2 
3 6 29 19 13 4 2 0 
9 2 3 45 35 7 8 4 
6 1 19 35 57 6 4 8 
1 4 57 60 65 7 3 8 
1 5 51 57 30 0 7 4 
5 7 27 74 5 5 9 4 
8 1 35 34 35 4 6 2 
8 9 37 68 53 7 1 6 
3 1 49 33 30 0 2 9 
8 8 22 26 48 0 4 9 
8 6 39 72 77 9 8 3 
2 5 60 62 59 7 4 6 
3 5 25 68 60 2 1 7 
0 0 38 51 93 8 2 1 
2 1 30 56 20 8 4 5 
1 8 46 50 32 9 0 7 
7 7 14 61 81 2 9 3 
6 7 13 64 73 3 5 0 
5 9 1 22 81 1 4 7 
8 2 58 69 75 7 8 5 
6 3 15 91 33 9 8 0 
6 1 17 43 25 1 9 2 
8 1 0 52 77 5 7 4 
0 1 46 35 33 9 8 4 
1 1 23 50 18 0 8 2 
1 3 25 71 77 9 5 4 
3 1 50 3 60 9 8 9 
3 0 16 30 66 8 7 7 
9 6 16 64 59 4 3 6 
2 1 63 52 66 4 8 9 
1 8 55 26 34 0 3 9 
5 3 54 36 37 3 6 9 
3 2 69 56 19 0 6 0 
0 8 40 58 34 1 9 0 
3 0 22 82 12 0 8 2 
1 1 45 57 55 3 1 0 
2 7 55 24 59 7 3 1 
4 1 30 36 36 1 9 3 
0 9 37 4 10 2 5 0 
4 7 71 56 63 7 3 3 
0 1 19 50 27 0 0 6 
1 9 63 16 40 3 5 0 
5 0 1 43 50 7 7 4 
6 1 28 36 40 3 7 1 
9 1 34 0 42 1 0 2 
0 0 12 17 63 9 0 5 
6 3 40 52 50 0 8 7 
7 3 29 46 61 3 1 5 
0 1 24 76 54 5 5 3 
9 0 82 84 37 6 9 9 
5 0 22 24 53 5 5 9 
2 6 39 35 33 1 0 9 
2 9 21 70 57 4 2 5 
0 3 41 87 41 5 8 8 
3 0 43 61 34 9 8 6 
0 2 56 52 77 6 1 5 
6 4 1 69 86 6 0 6 
8 9 45 82 57 6 6 6 
7 2 14 89 76 2 4 4 
9 4 13 73 23 3 4 8 
8 1 40 24 29 4 9 1 
7 7 25 68 54 4 6 6 
2 3 2 47 28 5 5 0 
5 7 37 51 41 4 1 3 
5 3 25 43 35 9 7 3 
0 8 23 36 76 4 1 4 
2 4 78 28 86 3 4 1 
4 0 41 53 42 9 2 0 
4 4 36 27 24 9 9 2 
5 0 63 22 91 1 7 9 
6 7 32 54 72 5 8 5 
3 7 54 51 66 1 9 0 
5 1 41 48 59 0 1 9 
0 3 81 99 23 7 3 2 
2 4 27 52 52 6 2 7 
1 6 58 56 36 5 5 4 
7 2 44 12 62 4 1 3 
1 8 54 69 36 4 0 1 
6 1 9 84 64 3 9 9 
2 0 27 50 50 3 9 4 
1 3 32 20 78 3 8 5 
9 4 13 63 76 5 0 9 
3 3 15 82 32 8 4 0 
6 5 0 50 84 7 4 8 
4 5 33 77 35 1 6 8 
5 4 29 40 44 2 5 2 
9 4 64 83 34 6 5 5 
5 2 59 34 52 2 3 6 
8 1 12 32 28 1 7 5 
9 4 40 39 28 5 7 2 
9 9 40 36 51 9 1 6 
1 2 20 19 52 0 8 4 
2 9 20 30 74 3 0 2 
5 8 4 64 16 5 2 8 
1 2 18 63 28 5 3 7 
3 8 6 73 68 5 2 1 
3 9 23 80 34 6 5 7 
1 0 20 38 12 7 0 3 
3 4 41 51 82 2 2 5 
5 0 31 68 58 5 6 2 
3 6 51 29 61 7 8 1 
9 0 73 52 80 3 2 7 
3 1 28 50 23 4 1 8 
7 0 68 48 23 6 4 5 
4 8 17 53 10 4 5 6 
1 5 0 24 14 3 4 0 
1 0 26 50 86 9 6 3 
7 5 8 27 37 1 1 6 
6 4 50 13 77 6 1 6 
8 2 57 35 47 6 4 0 
7 0 13 40 56 0 1 0 
4 3 4 36 71 0 4 7 
9 8 53 48 79 5 8 4 
1 9 28 88 50 6 1 6 
1 7 13 75 77 1 1 3 
7 0 33 69 70 7 9 7 
0 5 37 71 5 6 3 8 
0 8 29 49 33 5 0 7 
9 6 10 56 80 1 6 6 
6 6 17 41 106 2 1 4 
3 2 13 49 46 7 6 6 
8 8 58 23 94 2 2 5 
8 1 48 0 40 5 3 3 
2 1 5 48 46 0 8 8 
4 0 25 50 46 0 8 4 
4 6 43 52 84 9 1 4 
3 3 15 46 85 4 0 1 
7 0 38 78 52 0 1 8 
0 8 40 34 15 7 9 4 
0 7 48 76 30 9 6 4 
8 6 25 72 27 2 2 6 
7 4 14 34 86 8 8 8 
0 3 16 25 75 8 9 3 
3 8 42 110 85 3 8 3 
6 4 23 66 52 2 6 4 
2 9 20 31 8 3 6 9 
4 0 46 47 47 9 7 7 
0 3 46 66 39 8 5 7 
7 3 9 51 84 0 7 4 
0 3 0 83 55 3 5 1 
9 8 20 36 50 7 1 3 
4 5 8 66 63 7 8 6 
9 9 54 50 30 8 2 3 
4 1 45 34 71 3 0 3 
8 3 24 82 30 2 0 2 
2 4 18 47 94 4 1 7 
1 7 25 49 64 1 4 7 
6 7 29 75 38 8 9 9 
5 8 20 14 35 5 8 9 
1 0 17 22 54 6 7 5 
7 1 49 28 23 8 8 6 
7 9 47 31 76 7 3 3 
9 6 39 22 50 6 0 3 
3 2 13 73 48 8 8 6 
1 8 46 61 35 4 1 2 
8 2 4 57 8 7 7 6 
9 4 23 54 39 6 1 5 
9 0 67 39 55 9 0 8 
7 7 31 47 40 3 0 0 
2 4 56 42 78 2 7 3 
4 1 21 22 64 1 9 2 
9 9 43 49 51 4 2 1 
8 2 55 82 0 4 7 8 
1 1 10 62 18 0 7 2 
1 9 4 35 44 6 6 8 
3 7 15 69 81 3 5 6 
8 5 37 79 22 2 4 4 
5 5 18 14 30 0 4 8 
2 8 65 101 34 3 3 7 
3 0 26 37 50 5 3 7 
1 7 24 34 52 1 8 9 
3 0 28 51 67 4 6 2 
1 5 17 84 56 3 5 9 
5 9 19 63 62 2 6 7 
2 0 29 27 60 2 0 7 
8 6 5 47 38 9 5 9 
8 9 0 46 76 7 5 0 
0 2 30 33 6 3 6 3 
8 5 43 72 75 8 6 6 
7 0 12 89 61 1 6 4 
4 8 34 26 43 7 7 3 
9 0 72 45 52 5 3 9 
6 3 32 49 79 0 8 8 
1 4 5 64 80 1 2 3 
0 0 42 16 54 9 5 7 
0 4 0 31 20 9 4 8 
1 7 36 35 57 7 1 0 
9 3 33 47 39 1 1 0 
7 9 18 57 30 2 5 5 
8 2 37 24 52 5 8 0 
9 2 16 9 51 0 0 5 
0 7 23 73 58 7 5 7 
1 4 36 40 50 8 1 4 
1 8 17 55 83 7 5 1 
6 9 0 69 52 1 3 8 
5 0 21 66 10 0 2 7 
9 4 37 51 35 0 4 8 
7 0 28 29 44 5 1 4 
9 0 15 62 38 0 4 6 
9 2 12 64 27 9 6 5 
0 9 43 26 60 1 6 2 
2 2 47 40 35 4 7 5 
1 2 52 43 28 2 8 6 
0 5 33 44 70 5 4 1 
3 0 58 46 73 2 5 3 
3 1 7 80 34 6 8 7 
4 7 0 80 35 3 1 6 
7 4 49 46 12 5 1 2 
9 8 7 30 30 2 1 8 
2 8 23 32 32 7 5 6 
9 0 4 67 14 0 6 4 
4 9 54 32 8 0 3 3 
6 3 24 104 29 1 2 1 
9 2 12 58 29 8 3 6 
4 7 34 62 73 2 7 6 
1 8 34 8 54 5 7 7 
3 2 34 49 50 7 4 9 
1 5 13 51 54 8 1 8 
9 2 31 27 58 6 4 9 
7 5 33 60 26 3 9 3 
5 5 31 51 35 0 1 0 
0 1 34 33 0 6 9 4 
6 7 28 14 58 5 9 4 
4 2 0 71 48 9 6 5 
0 3 0 32 67 3 2 7 
5 7 46 65 59 5 1 6 
4 0 1 57 50 3 5 6 
3 3 42 5 42 3 0 9 
7 5 39 56 54 0 7 1 
3 6 22 61 58 0 0 6 
7 1 11 58 93 5 0 5 
0 7 27 35 90 3 1 6 
0 4 61 57 39 9 1 6 
5 4 10 40 77 7 7 1 
7 9 25 20 47 3 3 1 
8 0 30 55 72 6 4 3 
4 5 37 30 48 4 8 1 
6 6 66 36 39 6 2 0 
6 4 37 62 25 0 6 9 
2 0 7 56 81 1 1 1 
8 5 63 34 66 6 5 5 
4 1 10 68 44 6 6 6 
6 6 72 62 52 3 6 6 
0 8 42 40 53 8 4 7 
2 4 34 73 29 3 8 3 
7 7 48 37 49 3 9 1 
8 6 5 68 58 2 7 3 
0 1 3 80 25 5 5 2 
6 3 45 45 55 2 5 9 
9 0 13 65 31 7 9 7 
2 9 51 47 32 8 0 2 
1 6 53 40 33 1 8 6 
5 1 32 39 64 1 3 3 
7 0 56 32 33 7 6 3 
4 1 11 66 75 7 5 7 
4 2 16 52 74 9 7 0 
3 8 0 30 71 7 0 0 
9 6 52 21 43 7 4 4 
2 9 20 26 70 9 9 7 
5 9 38 34 55 1 4 9 
5 6 4 57 34 7 3 3 
4 5 27 64 83 0 4 6 
9 4 57 86 61 9 1 4 
4 3 35 64 33 4 5 1 
0 0 25 29 29 4 6 1 
3 6 59 65 82 3 0 3 
0 4 41 53 57 6 2 7 
3 6 3 49 63 7 4 9 
6 9 33 45 41 2 0 7 
0 6 41 43 45 9 9 0 
2 7 0 63 48 3 3 2 
9 5 40 71 39 5 1 2 
0 5 24 40 62 2 3 1 
0 3 63 57 24 2 7 5 
8 3 25 76 44 2 4 7 
8 1 13 65 25 7 1 9 
1 8 80 75 39 8 6 7 
5 8 28 32 38 2 4 7 
1 3 10 42 68 9 8 4 
7 3 32 78 50 5 2 1 
5 9 34 45 38 0 0 3 
1 2 37 42 61 2 3 1 
0 3 39 62 54 6 9 7 
1 4 0 63 56 2 1 8 
9 3 24 40 52 0 8 6 
1 5 35 42 56 5 3 1 
1 9 24 58 45 0 7 1 
7 9 41 49 43 7 8 3 
0 6 0 56 48 7 9 8 
4 6 35 22 65 4 3 7 
2 8 0 56 97 9 0 9 
0 9 35 74 63 9 9 5 
1 8 27 72 58 6 4 4 
5 8 34 55 24 0 1 9 
5 8 13 84 45 4 4 9 
7 6 36 40 35 5 3 0 
7 9 39 45 60 4 5 8 
9 3 46 66 82 3 8 0 
6 4 56 72 45 1 1 8 
0 3 8 42 69 4 7 5 
0 6 18 45 37 2 3 3 
4 5 0 13 50 8 4 2 
6 8 42 46 25 8 9 0 
1 7 68 57 64 9 8 0 
7 3 26 45 42 3 2 1 
5 4 24 19 82 8 7 5 
5 1 42 44 14 6 1 0 
6 4 18 26 21 4 7 9 
1 1 55 68 24 4 9 9 
4 4 32 56 42 7 5 9 
4 9 19 30 57 6 6 3 
0 7 22 46 29 1 7 9 
6 4 29 37 73 6 6 7 
0 4 31 45 33 1 1 9 
0 4 12 55 54 1 2 6 
5 1 39 55 50 5 7 1 
8 8 16 20 50 7 9 0 
6 7 23 90 39 2 4 4 
6 4 46 69 61 3 6 6 
3 2 33 35 30 3 6 3 
0 2 26 9 36 0 6 1 
0 4 0 46 49 8 4 8 
3 7 0 67 25 8 1 7 
5 1 80 69 42 8 7 7 
6 2 30 27 48 8 5 5 
1 6 24 53 81 9 4 2 
4 2 44 42 49 1 5 0 
5 5 31 68 54 9 1 3 
7 7 22 63 29 6 4 4 
8 1 42 48 49 3 7 3 
3 0 52 29 55 1 0 1 
2 0 7 59 51 7 1 8 
1 2 53 71 41 2 8 0 
0 3 60 23 20 7 6 4 
2 4 25 54 81 8 6 1 
6 2 22 84 48 2 6 1 
2 3 76 31 58 8 2 3 
4 7 46 58 45 7 6 0 
8 5 45 0 54 4 0 0 
6 9 5 65 51 2 5 3 
8 3 78 59 61 5 6 1 
3 9 21 52 35 4 1 3 
9 4 9 34 68 7 8 5 
4 6 64 43 49 3 4 2 
0 3 14 115 77 7 5 1 
6 3 39 42 40 8 9 1 
9 5 21 65 47 3 4 8 
1 1 21 10 65 6 1 8 
0 1 7 37 53 2 5 5 
6 7 41 59 49 6 3 6 
2 1 25 65 22 9 0 1 
8 5 34 46 48 5 5 4 
7 6 45 43 51 8 2 2 
0 1 0 43 37 7 2 9 
4 6 6 42 37 1 6 1 
6 9 46 47 32 0 5 9 
0 6 17 20 47 4 2 7 
8 3 19 35 56 6 5 7 
2 3 19 0 61 9 8 3 
3 3 67 34 64 9 2 3 
8 2 13 61 15 0 2 2 
0 8 10 21 42 9 9 7 
3 6 83 32 83 5 1 1 
5 9 0 57 42 5 5 9 
8 8 46 43 43 4 2 6 
7 4 3 33 42 4 8 3 
9 2 1 39 36 1 6 4 
8 0 32 42 63 1 6 9 
1 4 26 33 97 0 1 8 
2 8 58 35 12 5 3 1 
6 2 26 58 20 7 8 7 
0 5 45 20 43 8 1 9 
2 7 53 59 27 5 2 9 
3 6 32 26 46 8 1 7 
4 7 4 40 71 2 1 4 
0 9 52 83 63 5 8 3 
4 4 14 39 44 4 1 9 
2 1 46 33 71 5 1 4 
5 6 30 62 76 2 7 2 
4 4 32 42 64 9 7 2 
2 4 60 86 37 8 6 2 
5 3 0 61 32 3 0 0 
7 0 45 68 75 3 3 6 
3 8 24 29 18 1 3 7 
9 1 38 82 36 7 9 6 
0 6 13 38 53 5 5 4 
8 6 0 47 56 3 0 8 
6 4 7 47 51 6 5 7 
8 5 43 28 70 1 6 8 
1 8 43 21 36 4 5 7 
7 8 32 69 48 8 6 8 
4 3 19 66 18 5 8 2 
6 2 3 66 63 3 0 4 
1 5 69 51 23 1 9 8 
2 6 27 58 67 9 9 8 
1 6 23 70 69 6 6 8 
9 9 0 56 38 2 8 7 
2 3 63 56 47 7 7 0 
0 8 31 88 56 1 2 8 
6 4 41 50 82 2 6 1 
4 1 46 23 83 3 2 6 
3 8 42 58 38 4 2 4 
8 9 71 20 60 1 1 7 
1 3 28 38 48 8 5 2 
1 4 35 56 50 0 7 3 
8 8 17 57 75 0 8 2 
9 5 36 9 58 5 5 0 
4 4 73 37 58 6 9 5 
2 6 8 16 41 5 4 3 
9 6 0 53 56 5 3 2 
4 2 0 89 79 2 7 0 
8 7 29 35 30 2 6 6 
5 9 67 96 44 4 6 9 
7 7 10 68 56 5 0 8 
5 4 12 25 45 6 4 4 
6 5 1 28 48 4 2 1 
2 0 42 53 21 2 3 1 
9 9 28 45 73 2 7 0 
3 6 28 50 66 3 7 7 
4 4 27 44 58 7 3 9 
9 0 20 35 67 7 9 7 
5 2 57 67 45 5 0 2 
9 5 18 31 44 8 6 8 
6 0 35 29 64 6 5 8 
7 9 36 77 76 5 9 4 
5 9 9 58 41 5 2 6 
9 8 12 38 45 7 4 3 
7 8 37 34 4 1 8 3 
2 2 42 27 18 6 9 1 
0 4 19 32 43 6 1 4 
7 5 12 57 51 2 5 7 
1 9 0 47 27 9 0 1 
7 6 0 66 37 7 6 4 
2 0 38 60 52 6 4 2 
0 2 24 24 17 7 4 8 
3 1 54 43 9 1 4 0 
0 3 23 51 32 9 7 4 
6 6 60 95 0 7 2 1 
4 8 31 18 41 3 8 9 
3 5 33 56 76 7 0 8 
9 9 17 48 43 6 9 0 
7 4 40 45 29 4 4 3 
9 6 35 41 38 9 9 0 
7 6 56 23 47 0 5 5 
4 7 16 46 62 7 2 1 
8 2 44 31 43 5 1 3 
6 2 5 49 61 5 8 9 
2 7 51 49 73 2 3 5 
4 9 0 43 41 4 9 0 
6 6 37 62 62 8 7 1 
4 8 23 80 56 4 0 3 
3 2 28 43 30 5 4 6 
5 4 54 61 50 9 3 5 
6 1 0 6 22 9 8 2 
1 8 0 20 55 5 7 8 
0 0 11 55 11 6 5 5 
0 7 38 45 24 1 4 2 
8 9 8 65 49 1 5 2 
0 5 28 58 27 1 3 1 
0 0 64 56 73 0 3 7 
9 9 53 87 27 0 0 6 
9 0 47 45 46 6 9 1 
3 3 31 86 38 2 3 1 
2 3 8 55 36 6 3 7 
0 8 53 88 63 6 8 6 
8 7 62 76 30 0 4 1 
6 3 34 50 17 8 8 1 
9 3 27 36 48 9 9 9 
5 0 43 66 51 0 9 6 
4 8 19 61 80 6 9 8 
6 0 22 63 59 4 5 8 
3 1 33 28 26 3 7 8 
7 3 25 35 51 4 6 7 
9 9 0 0 81 1 5 0 
6 4 28 53 54 2 6 0 
5 0 62 48 74 4 0 0 
0 8 24 45 49 1 6 4 
7 2 23 51 29 4 8 9 
4 1 0 38 46 1 9 1 
6 1 34 19 10 6 8 9 
5 1 13 75 60 9 1 6 
3 9 32 67 58 9 2 3 
0 8 13 67 53 9 6 1 
5 2 9 20 73 8 1 7 
0 7 27 43 69 1 9 3 
5 8 56 29 75 8 4 9 
9 0 0 60 87 4 9 4 
4 6 30 16 88 9 5 8 
2 2 1 23 50 5 6 7 
6 4 23 38 41 8 5 4 
9 0 33 69 57 6 3 7 
7 1 37 74 47 8 3 4 
1 1 64 74 58 1 8 6 
1 2 46 21 52 5 2 1 
6 5 30 79 54 1 6 3 
7 5 0 41 34 5 3 7 
5 7 39 34 80 6 3 8 
4 4 38 11 76 6 7 0 
7 5 16 36 80 1 7 2 
3 7 40 45 73 6 4 4 
4 1 13 56 64 5 3 2 
4 3 39 52 55 0 9 8 
7 2 32 58 59 3 5 9 
8 1 3 107 60 2 0 7 
5 8 34 44 87 3 8 9 
7 2 0 52 24 7 8 4 
1 2 96 70 33 5 9 8 
4 7 36 56 37 2 5 8 
9 2 8 53 30 5 0 1 
7 9 30 93 22 7 9 1 
3 4 20 44 48 4 3 6 
6 4 30 11 83 6 3 7 
3 1 14 43 27 5 2 4 
4 4 14 19 62 3 5 6 
6 6 48 24 78 8 2 5 
9 6 67 62 38 3 6 8 
0 8 47 30 76 1 5 3 
8 2 43 61 102 8 3 3 
0 5 48 41 36 6 0 1 
3 8 0 16 63 2 9 7 
3 5 0 83 29 9 4 2 
2 3 39 71 39 3 1 0 
4 3 33 58 38 5 3 8 
2 7 38 28 57 0 6 4 
1 1 41 58 44 0 2 1 
7 7 22 63 24 6 9 3 
7 1 0 34 58 3 0 7 
8 5 24 25 70 9 5 3 
4 6 56 96 52 8 7 9 
9 5 17 69 36 9 9 6 
6 6 26 44 37 6 7 6 
8 1 37 36 53 5 6 5 
1 1 51 64 46 2 3 6 
6 2 62 52 49 4 9 9 
4 2 35 50 63 7 8 2 
0 4 29 54 73 3 9 4 
7 7 17 61 31 5 2 1 
0 8 38 46 52 9 3 3 
9 4 30 0 10 5 1 4 
1 0 32 35 14 8 8 6 
7 5 28 42 27 9 1 0 
6 8 49 38 47 3 2 8 
5 4 19 59 24 6 4 8 
4 8 0 5 19 0 3 8 
4 9 65 58 41 0 3 4 
1 8 59 28 40 5 9 7 
1 0 18 47 64 3 1 5 
4 9 29 64 53 3 9 8 
9 9 59 104 46 3 0 9 
6 9 44 50 6 5 2 9 
8 6 0 63 76 8 2 8 
0 7 49 28 69 0 2 0 
4 8 22 43 13 0 4 2 
0 0 22 46 56 5 1 3 
4 7 16 49 56 0 0 6 
9 4 29 5 25 0 4 5 
1 5 12 89 87 3 2 7 
3 2 36 31 70 8 2 3 
0 0 41 43 39 8 9 2 
2 5 43 54 39 9 4 5 
4 4 22 46 57 1 4 2 
4 6 29 47 54 3 3 9 
8 6 0 42 23 9 4 9 
6 4 19 70 47 1 3 8 
1 5 43 75 52 9 9 5 
5 3 48 36 46 3 9 1 
9 2 48 51 0 7 9 6 
2 6 33 49 39 5 3 3 
0 8 28 61 44 7 2 9 
5 3 0 67 71 7 7 0 
5 2 39 58 26 8 5 3 
8 8 60 15 81 3 0 8 
4 5 48 39 59 3 8 7 
5 7 43 39 21 6 0 3 
6 9 1 41 62 3 3 3 
2 6 31 64 66 8 5 3 
0 7 41 35 65 6 5 9 
9 8 39 51 35 9 4 8 
8 0 43 77 89 5 3 8 
9 1 41 39 21 9 3 1 
3 6 35 59 45 0 2 8 
5 6 24 47 17 8 0 3 
8 4 40 71 38 6 0 9 
1 5 27 48 25 8 4 0 
2 5 36 30 60 7 8 4 
8 2 40 76 48 5 8 2 
1 0 51 73 74 0 4 7 
3 3 15 20 43 0 7 2 
7 5 32 52 26 6 1 8 
7 8 37 30 32 1 2 3 
6 9 58 61 56 5 0 5 
5 3 16 55 35 7 5 5 
6 0 20 18 50 3 8 4 
4 6 50 60 49 8 6 0 
6 8 22 17 39 1 9 6 
4 5 15 66 44 5 2 1 
8 5 46 28 33 3 0 2 
5 8 41 70 48 5 2 5 
1 6 37 48 56 8 9 9 
4 0 49 46 19 6 6 0 
0 7 15 64 43 9 3 1 
5 2 51 11 66 3 1 0 
5 3 0 79 23 3 0 1 
9 9 2 89 3 0 1 4 
5 5 29 43 74 5 8 0 
8 0 66 49 101 6 0 1 
2 3 0 85 47 5 6 4 
0 5 46 37 35 0 9 6 
0 7 31 19 45 7 1 2 
9 2 31 29 35 9 3 9 
2 2 20 63 51 6 0 5 
4 6 29 57 60 7 4 4 
9 6 53 10 24 9 4 1 
2 1 0 57 89 8 2 5 
1 9 26 48 54 7 0 3 
9 7 10 34 47 1 3 4 
5 0 22 6 55 9 6 3 
7 8 61 48 41 4 3 9 
5 2 49 48 73 4 1 4 
2 8 56 17 84 3 2 9 
2 3 8 51 73 1 1 1 
7 2 21 56 64 6 6 1 
1 7 54 34 46 6 4 7 
4 4 0 55 50 0 6 0 
6 4 18 23 41 4 3 4 
8 7 14 74 61 5 6 0 
4 1 71 14 8 0 3 9 
2 8 55 15 8 7 2 9 
1 8 23 59 75 1 1 0 
7 3 30 39 18 1 2 3 
9 1 8 30 58 1 6 8 
5 5 3 50 70 9 8 2 
7 8 25 51 63 3 4 0 
9 1 44 55 49 3 0 7 
6 2 64 47 31 2 8 8 
7 2 4 42 60 2 4 9 
8 9 12 47 61 0 2 2 
7 7 22 67 61 0 1 7 
1 0 85 44 43 5 1 0 
3 1 8 26 38 5 3 8 
0 9 52 51 49 2 6 5 
5 2 45 71 35 8 3 3 
7 1 28 43 62 7 3 3 
4 6 28 71 80 3 1 5 
8 6 58 6 58 6 1 3 
4 1 28 89 32 1 6 8 
8 9 0 80 15 1 5 0 
7 2 44 49 53 0 3 4 
5 9 19 52 0 8 0 1 
7 1 45 85 57 0 5 7 
1 1 11 47 30 1 6 0 
6 0 23 83 72 4 7 3 
7 9 25 57 25 6 1 6 
5 8 40 52 74 5 8 7 
1 9 50 64 6 5 6 7 
6 9 16 65 10 0 6 8 
1 1 27 38 56 9 4 4 
8 4 35 48 27 0 1 1 
9 1 24 49 8 9 5 1 
6 7 16 46 17 4 7 5 
7 6 14 62 62 8 8 9 
8 1 26 36 23 2 1 8 
4 4 28 70 57 8 8 1 
9 3 11 22 63 6 2 8 
8 5 22 40 60 9 2 8 
6 8 35 114 47 7 8 3 
5 3 39 90 53 3 1 6 
5 7 8 65 78 1 9 8 
7 9 38 61 46 4 1 9 
2 7 13 61 43 1 4 1 
1 8 0 5 46 0 6 1 
8 6 21 38 63 0 5 0 
2 3 43 52 40 5 9 2 
4 4 20 30 73 0 7 6 
1 0 55 21 72 4 1 8 
5 4 40 37 62 9 0 6 
2 5 23 49 34 2 3 5 
2 9 47 12 63 9 3 4 
3 5 30 76 49 7 7 8 
0 5 15 58 72 1 2 8 
4 6 67 69 19 4 2 1 
0 3 17 41 22 7 3 9 
9 2 39 45 69 0 5 2 
4 2 25 84 20 9 0 1 
5 2 0 3 63 5 9 5 
5 2 21 42 69 6 8 9 
6 8 56 17 76 0 3 9 
1 3 0 81 76 7 2 6 
6 6 52 36 31 9 2 1 
4 7 27 51 71 8 7 7 
1 3 1 30 17 0 4 2 
4 4 31 38 76 7 5 3 
2 4 0 26 78 7 8 8 
9 6 34 50 36 6 5 1 
5 6 29 59 49 2 4 9 
1 3 46 41 56 0 5 5 
2 2 30 57 51 9 9 7 
9 6 51 40 64 9 6 9 
5 5 44 59 38 3 5 3 
4 6 49 12 61 4 0 0 
7 8 39 24 6 3 0 4 
6 4 0 75 65 9 1 8 
9 9 24 30 47 5 1 2 
6 0 54 14 8 6 8 5 
3 8 19 45 56 7 4 8 
7 5 12 47 58 2 3 9 
6 9 30 22 41 6 4 8 
7 1 29 54 77 3 9 8 
6 3 36 30 33 5 3 0 
1 2 6 59 39 2 9 1 
8 4 4 63 40 3 7 9 
3 4 28 68 44 0 2 8 
3 0 15 67 63 7 2 3 
1 9 0 50 47 0 0 6 
3 8 0 52 48 2 0 1 
4 5 18 73 50 5 4 7 
0 7 52 58 78 0 6 6 
8 9 52 80 84 7 9 4 
7 6 6 43 48 5 2 9 
7 5 41 47 54 1 0 1 
2 0 46 52 32 9 9 7 
2 4 46 9 57 4 6 2 
4 2 22 74 50 5 0 5 
8 8 51 61 22 7 4 1 
5 9 35 40 33 2 2 0 
7 9 9 46 25 3 7 5 
7 9 34 24 37 3 3 1 
2 1 25 33 46 4 4 5 
9 7 9 41 44 1 4 2 
2 8 52 33 40 8 5 2 
1 2 0 70 47 4 2 7 
2 9 20 36 66 6 9 2 
6 0 38 29 17 7 6 5 
1 9 76 20 5 8 1 2 
7 2 20 55 32 7 2 8 
9 7 35 62 49 9 4 4 
1 6 23 22 40 4 7 2 
5 8 18 71 45 9 0 6 
1 5 0 0 30 5 7 6 
3 2 42 64 39 6 1 0 
9 2 25 63 53 4 3 6 
6 9 29 53 57 1 3 5 
7 6 56 41 35 1 6 5 
7 0 87 76 68 8 1 5 
8 5 57 27 57 4 0 2 
4 9 43 54 38 7 4 4 
0 1 35 42 42 7 4 1 
7 4 38 13 84 6 0 9 
0 2 40 12 32 4 6 8 
7 4 65 52 42 6 0 4 
1 0 62 53 50 8 4 1 
7 9 33 64 28 7 1 5 
9 4 25 42 58 3 9 9 
7 4 69 39 54 1 3 8 
1 2 53 36 29 7 7 9 
0 4 0 51 60 9 4 7 
4 2 20 89 90 7 2 9 
2 3 68 11 46 8 8 7 
4 9 27 29 0 5 8 5 
4 9 31 66 71 3 8 3 
2 1 43 58 8 9 9 6 
9 7 15 43 50 3 3 6 
5 2 11 31 70 2 6 9 
4 1 25 61 16 2 8 2 
1 6 44 36 10 8 4 3 
9 2 47 27 26 4 7 5 
3 5 37 65 55 1 0 5 
1 9 60 84 22 4 1 3 
9 6 42 37 62 0 9 3 
2 5 1 76 56 8 2 9 
2 3 13 60 26 4 8 6 
6 7 0 28 54 1 3 4 
6 0 87 45 35 4 8 1 
3 4 40 45 13 6 5 0 
1 9 39 76 52 1 6 4 
6 6 41 20 53 9 1 0 
8 8 35 34 0 7 0 4 
5 5 2 90 47 6 7 9 
7 0 15 61 51 9 5 8 
4 0 0 38 36 2 0 1 
4 5 13 35 34 0 9 2 
4 5 34 66 27 4 2 6 
4 5 37 27 70 6 9 6 
6 7 16 35 26 6 4 7 
3 7 0 83 63 2 7 7 
7 1 46 79 52 6 9 9 
7 6 9 63 27 1 3 3 
6 2 26 42 52 9 1 2 
2 0 3 87 33 3 1 8 
7 4 27 39 32 9 6 8 
6 1 0 46 51 7 7 7 
7 7 24 69 49 2 4 3 
4 4 31 28 36 8 3 8 
8 7 27 39 57 8 5 2 
0 7 32 22 84 6 7 6 
6 7 41 32 72 7 5 9 
9 1 29 70 27 3 1 3 
1 3 25 76 100 0 4 3 
0 0 4 55 81 6 0 8 
9 8 6 58 64 7 0 3 
3 9 0 79 103 1 5 2 
0 5 22 73 47 9 5 1 
0 5 18 65 73 5 9 1 
3 8 90 40 78 5 0 6 
3 5 45 39 35 7 9 9 
8 4 30 78 60 2 6 2 
7 7 0 43 38 8 4 4 
1 0 36 55 83 2 8 3 
9 5 4 62 74 7 0 2 
3 4 22 48 16 6 1 0 
9 4 38 46 61 6 8 6 
7 1 0 65 39 2 8 6 
0 4 7 51 39 7 3 7 
9 2 16 29 8 1 7 8 
4 8 2 36 52 5 7 4 
9 7 38 34 64 9 5 6 
5 8 31 43 48 0 5 4 
3 1 62 42 47 2 5 5 
6 2 6 42 30 6 8 2 
5 9 15 46 75 8 7 4 
4 5 17 33 31 2 7 0 
6 8 26 23 64 5 4 8 
4 3 61 32 32 5 4 5 
1 2 27 55 63 0 6 3 
3 3 34 57 69 0 1 1 
2 6 42 59 29 7 3 4 
7 1 56 28 42 6 6 1 
1 4 13 72 73 0 7 1 
3 0 32 67 77 2 2 4 
2 6 13 57 80 8 5 5 
7 5 31 61 57 6 9 1 
3 0 38 27 63 3 4 3 
0 1 22 69 63 7 4 5 
8 4 17 0 72 0 7 8 
5 2 11 57 65 2 0 2 
9 1 45 48 69 9 0 2 
4 8 40 27 48 2 0 4 
4 0 6 59 48 9 3 7 
1 6 27 62 46 1 7 6 
0 0 35 12 23 0 9 9 
7 1 18 79 43 7 2 5 
3 7 31 4 46 9 3 0 
9 2 48 44 42 5 2 6 
5 0 41 80 75 7 3 2 
8 3 50 29 68 1 0 7 
5 1 19 90 41 3 0 4 
5 2 19 49 87 7 0 2 
4 2 0 53 55 1 1 6 
4 7 47 28 35 2 3 8 
3 0 2 47 34 2 1 0 
6 6 33 60 41 7 0 2 
2 1 35 47 82 5 2 3 
5 5 44 54 50 0 9 0 
9 2 7 20 52 7 1 8 
2 6 44 74 43 2 2 3 
2 5 1 54 43 9 3 0 
0 0 0 53 35 7 2 3 
7 0 1 32 83 6 3 7 
2 9 37 27 81 3 7 1 
2 2 40 50 60 8 3 1 
0 2 62 87 55 9 6 9 
3 9 37 37 54 9 7 5 
6 3 63 45 73 7 8 3 
4 5 33 32 45 3 1 1 
0 3 0 32 55 8 6 4 
2 8 24 34 65 1 0 4 
4 0 59 54 52 6 7 5 
5 5 46 97 76 1 3 9 
6 4 2 75 73 9 1 4 
9 1 41 51 61 8 4 6 
8 1 0 39 57 3 6 9 
8 2 37 72 62 9 8 5 
2 3 46 56 38 1 4 9 
1 4 49 49 47 6 8 8 
4 0 26 54 55 2 4 5 
9 7 57 61 35 7 9 0 
2 8 41 60 36 0 5 1 
2 5 13 53 42 5 6 5 
1 6 59 44 74 9 4 3 
4 5 23 16 49 3 5 8 
9 9 24 38 35 2 1 3 
2 3 15 73 36 2 7 9 
9 4 0 36 52 6 4 0 
5 0 37 28 87 9 3 0 
8 7 30 79 20 3 3 4 
0 3 58 43 56 9 8 1 
7 9 26 33 43 0 0 2 
5 3 41 56 53 2 8 0 
1 5 50 59 43 5 7 7 
5 8 30 35 55 4 6 8 
7 5 18 74 45 9 6 0 
4 3 25 30 30 1 4 6 
6 0 40 40 31 3 0 7 
7 0 10 66 49 0 9 7 
4 4 45 76 41 9 0 2 
5 1 44 33 35 1 0 4 
7 5 52 41 46 5 7 7 
6 0 0 64 29 0 6 5 
0 4 0 28 74 5 7 0 
2 5 20 42 57 0 4 5 
5 3 36 67 65 0 9 0 
6 5 0 40 79 3 8 9 
4 4 8 65 77 1 2 6 
1 8 15 42 39 9 6 5 
9 5 14 98 38 5 2 9 
9 0 4 31 41 0 7 9 
4 8 62 81 48 6 9 8 
0 2 35 58 33 1 1 9 
1 8 21 24 47 9 9 2 
8 0 22 54 30 2 2 4 
0 2 29 42 67 6 2 8 
9 6 34 52 42 4 5 3 
8 6 11 51 54 0 6 8 
9 0 35 16 58 7 0 9 
2 8 18 60 35 1 7 2 
4 3 8 61 67 8 2 3 
7 6 39 36 54 0 0 7 
0 1 13 39 33 2 5 4 
3 3 4 32 29 7 9 5 
7 1 49 18 88 8 0 8 
3 5 35 24 46 7 1 4 
9 6 27 37 23 1 2 4 
5 8 40 77 55 5 0 9 
5 2 29 59 72 6 2 9 
4 0 27 46 54 0 0 6 
3 5 34 120 40 7 2 6 
1 8 25 44 87 3 3 1 
7 3 29 67 54 3 4 5 
2 7 8 74 61 4 4 0 
7 0 2 9 52 6 7 6 
5 7 51 36 15 5 9 6 
3 6 47 35 23 4 2 0 
9 9 77 59 32 8 8 8 
1 3 15 61 61 9 9 3 
2 5 31 40 32 5 8 6 
8 0 51 71 55 0 0 2 
0 2 30 55 60 1 1 9 
0 5 8 87 33 5 4 5 
4 5 0 69 31 3 9 7 
8 6 38 88 90 4 7 6 
5 6 38 89 63 5 3 6 
2 5 14 54 51 0 1 2 
7 2 10 36 39 5 8 8 
9 8 20 78 66 4 8 8 
5 6 43 44 31 1 2 1 
4 7 36 125 0 3 6 1 
8 5 48 64 44 1 8 7 
3 1 38 52 71 6 0 1 
7 3 29 46 32 0 3 3 
7 3 58 47 30 4 9 6 
5 6 0 51 56 1 8 7 
8 5 42 54 64 2 1 0 
1 3 43 92 37 1 8 7 
8 1 52 59 41 6 5 2 
5 3 77 37 33 9 8 2 
0 5 35 34 49 7 1 0 
3 4 45 59 64 6 4 0 
5 7 51 53 52 2 8 1 
0 8 38 72 49 2 1 0 
6 9 16 50 41 8 0 1 
9 4 26 82 37 6 9 9 
9 6 3 29 36 9 5 1 
1 2 50 26 44 9 4 9 
6 3 35 8 44 7 9 0 
8 4 29 59 57 9 0 4 
4 2 17 29 39 4 9 9 
8 6 42 48 41 7 8 7 
7 0 60 37 45 6 9 9 
8 2 10 46 86 2 8 7 
3 9 34 64 62 9 0 3 
2 1 51 46 37 0 0 3 
7 9 14 22 62 6 0 2 
4 4 37 19 38 7 5 3 
0 0 34 71 64 1 0 6 
6 7 3 61 30 3 5 3 
6 5 54 30 24 2 3 3 
7 3 83 26 77 6 6 6 
0 7 17 0 21 6 8 1 
7 5 0 55 51 5 8 5 
3 3 28 69 53 7 9 9 
0 6 18 0 36 3 4 7 
5 3 18 61 43 4 3 2 
6 9 15 16 69 7 2 7 
3 3 9 45 50 5 4 4 
2 7 22 52 43 5 0 8 
5 9 26 55 30 4 5 1 
9 2 62 38 0 0 4 6 
6 6 53 57 38 2 0 4 
5 4 21 34 99 9 4 3 
4 0 34 39 52 8 0 9 
7 8 30 23 65 9 3 4 
7 6 20 53 37 4 9 9 
4 3 73 45 21 5 1 4 
7 2 32 66 79 5 6 5 
9 7 44 31 35 6 3 2 
7 0 30 56 54 7 3 1 
7 6 19 55 64 0 7 5 
4 2 41 18 40 4 2 2 
4 4 36 68 52 0 7 9 
8 4 18 66 61 4 4 1 
5 3 34 28 37 8 6 2 
0 2 3 66 52 8 4 6 
7 3 24 32 12 7 5 8 
9 7 46 50 51 7 8 9 
6 5 56 54 41 2 0 4 
6 1 5 38 39 2 2 7 
1 7 2 51 65 3 9 2 
2 6 27 71 33 4 0 1 
8 2 0 40 47 9 4 4 
8 9 44 23 88 3 7 0 
2 4 65 19 79 3 2 7 
5 0 14 44 32 2 9 3 
4 0 53 48 43 3 1 3 
5 6 27 53 63 0 2 9 
5 7 23 44 24 5 7 9 
6 1 27 69 61 2 8 8 
8 6 35 48 79 2 4 0 
8 9 49 58 22 0 5 2 
2 1 27 73 35 6 9 3 
3 8 40 65 68 7 7 1 
6 4 14 66 42 0 0 1 
7 4 17 54 15 5 1 6 
2 8 48 4 29 5 5 8 
9 7 7 40 73 4 6 1 
0 5 16 66 33 2 3 6 
2 4 38 63 50 0 1 6 
4 9 4 62 57 9 1 2 
2 3 0 21 59 7 6 2 
0 8 23 33 44 8 5 5 
2 3 47 77 33 8 6 4 
9 1 28 80 56 9 8 9 
3 0 15 72 61 0 9 0 
8 7 35 94 61 3 0 0 
9 3 0 61 46 9 1 2 
6 3 3 36 67 9 1 3 
6 3 17 69 76 0 9 0 
8 9 24 90 37 0 8 3 
7 4 24 70 50 8 2 3 
0 5 47 61 43 0 4 9 
2 0 19 23 64 6 7 4 
5 5 14 35 69 8 1 5 
8 9 38 64 61 3 4 0 
4 8 53 55 55 1 8 8 
8 8 35 80 54 5 4 0 
2 7 56 69 16 6 6 8 
3 6 45 39 41 2 9 0 
1 6 41 38 46 8 2 8 
1 8 2 68 45 4 5 3 
5 4 21 69 44 5 2 9 
3 2 0 25 29 9 3 9 
7 6 22 69 69 9 6 9 
6 0 0 10 55 3 5 7 
3 2 38 55 48 0 1 5 
5 4 27 37 63 6 4 0 
9 1 4 36 66 7 9 1 
8 6 28 28 45 0 1 4 
9 1 41 36 65 3 4 2 
3 4 26 65 67 9 5 4 
4 8 1 63 45 6 3 6 
3 1 54 28 49 6 6 2 
3 8 51 2 50 6 3 9 
1 2 0 86 3 9 5 6 
3 6 30 24 70 1 0 8 
5 0 26 69 35 7 9 4 
7 2 27 62 32 8 8 7 
7 4 27 36 55 2 0 0 
6 5 51 74 50 3 3 3 
2 8 58 56 62 5 1 0 
7 4 65 37 71 8 0 6 
9 8 16 38 78 1 2 6 
9 3 40 28 56 7 0 3 
6 2 34 75 29 4 3 7 
0 3 48 25 55 7 4 3 
1 4 51 40 23 7 4 7 
2 9 56 58 9 7 0 9 
5 2 12 49 64 1 9 3 
5 2 39 37 52 8 0 1 
3 0 23 37 42 9 3 2 
9 3 27 36 68 7 8 1 
3 8 7 49 55 0 9 2 
8 0 0 71 37 6 5 6 
8 8 48 67 74 3 3 7 
9 4 36 40 41 6 8 7 
8 3 8 46 52 6 5 9 
5 9 60 68 103 9 7 2 
1 8 24 72 58 6 8 0 
5 5 31 40 43 5 4 3 
8 8 14 58 55 7 6 3 
4 7 28 16 47 4 5 4 
7 1 4 0 20 4 1 2 
1 3 49 56 34 5 4 6 
3 7 70 34 46 5 4 5 
8 5 24 64 86 0 5 8 
1 5 23 37 22 7 2 1 
8 5 1 52 88 3 7 1 
2 0 50 54 18 9 9 4 
4 3 9 72 73 2 1 5 
1 9 2 53 57 3 4 1 
8 2 6 39 41 1 8 1 
9 3 14 85 38 1 0 9 
9 0 0 38 65 1 7 8 
9 0 0 37 12 5 4 4 
0 3 59 56 69 2 9 5 
3 5 47 78 23 2 8 9 
1 4 0 96 46 0 7 0 
3 7 4 73 21 6 3 7 
6 4 39 49 18 2 6 4 
3 5 25 70 18 1 3 2 
6 4 10 30 59 5 2 9 
8 8 35 50 59 5 3 3 
8 7 10 24 64 8 3 9 
7 9 41 36 76 2 4 9 
6 7 10 51 56 2 0 7 
0 4 6 56 71 4 3 4 
8 0 29 54 65 8 2 3 
7 9 0 123 62 9 7 2 
6 2 22 9 21 0 2 0 
8 9 47 55 57 8 5 1 
6 6 47 4 20 1 2 7 
3 2 13 46 41 5 5 7 
8 0 40 65 67 3 6 0 
8 3 66 38 42 5 4 9 
8 5 32 55 42 4 4 9 
4 2 50 18 34 5 3 7 
0 4 34 77 49 5 5 9 
0 1 44 38 60 9 8 7 
0 9 26 59 90 7 0 3 
4 0 23 47 60 2 5 6 
7 0 4 60 28 7 0 7 
7 9 40 28 54 7 8 1 
0 6 56 59 57 0 9 3 
8 5 47 61 52 1 5 4 
8 0 28 68 56 7 3 8 
8 3 19 53 70 5 2 5 
3 8 0 26 76 4 2 1 
6 0 24 62 29 3 9 4 
6 1 82 46 26 2 9 9 
2 8 1 44 62 8 0 9 
9 0 0 49 80 1 0 3 
9 2 32 49 79 7 5 1 
1 1 36 5 20 0 6 8 
5 4 32 49 24 3 4 1 
0 0 0 103 44 2 1 4 
6 6 67 81 39 8 2 5 
9 3 50 75 46 8 6 1 
0 3 6 87 70 5 0 2 
2 0 44 93 69 8 6 1 
7 0 23 39 44 8 7 3 
6 0 26 64 33 9 0 8 
9 6 18 20 28 6 5 9 
0 8 51 40 33 5 4 7 
9 3 23 43 94 8 9 6 
5 7 56 40 39 7 1 0 
4 2 4 47 85 7 7 2 
2 2 41 60 38 5 7 9 
8 0 10 51 46 2 0 3 
1 5 33 53 57 8 3 3 
6 3 6 74 43 8 4 1 
7 0 25 49 59 0 3 4 
8 4 48 40 56 8 6 3 
1 8 13 67 54 6 9 4 
8 9 73 57 63 9 4 0 
1 1 14 26 27 8 1 2 
2 3 4 40 40 1 0 1 
2 3 38 74 52 7 3 3 
9 7 15 32 25 8 8 2 
0 2 16 30 32 0 7 6 
8 4 29 79 99 1 8 1 
4 5 43 55 12 0 3 3 
6 0 77 51 69 7 6 2 
1 9 49 40 14 3 0 3 
5 9 29 42 50 6 4 0 
8 8 33 54 44 0 4 7 
6 6 45 44 60 9 1 8 
5 0 0 32 33 0 7 6 
6 0 56 75 10 2 0 4 
5 9 38 29 25 0 2 0 
7 2 0 34 39 8 0 3 
3 5 44 56 66 4 9 0 
8 2 13 32 44 0 5 9 
0 7 33 52 64 2 3 6 
3 6 47 54 81 9 8 2 
4 3 37 62 82 6 1 7 
9 6 29 48 63 6 3 4 
2 8 43 3 51 7 4 6 
4 3 32 46 63 6 2 8 
6 4 46 68 63 2 6 5 
5 0 23 62 60 2 8 8 
9 5 65 59 35 3 2 6 
3 2 50 75 19 3 2 6 
3 0 64 64 49 1 5 5 
4 0 0 41 53 8 2 4 
0 4 57 30 41 6 4 1 
6 3 18 24 54 5 3 8 
8 3 63 52 33 7 2 7 
0 2 38 74 58 3 6 3 
4 3 27 75 49 4 1 6 
1 4 42 32 51 0 7 7 
0 7 10 63 71 2 2 2 
9 3 39 12 46 0 3 1 
0 3 25 34 58 8 4 9 
1 1 31 12 34 5 9 4 
1 5 34 89 35 0 5 9 
7 1 0 80 30 8 9 5 
9 3 0 23 37 8 8 7 
7 1 26 39 39 7 8 2 
8 1 45 41 57 3 4 4 
9 8 8 22 35 3 7 4 
9 5 44 22 70 6 6 5 
9 7 28 44 37 5 0 4 
2 2 49 60 58 8 0 9 
9 2 48 55 33 4 4 7 
9 6 14 35 22 1 5 7 
0 3 46 68 43 1 0 1 
9 4 29 53 27 5 9 7 
5 9 40 26 71 3 3 0 
4 4 71 52 27 3 5 6 
9 1 28 62 71 1 2 2 
4 5 59 44 39 2 0 5 
8 3 15 24 52 8 3 1 
0 6 30 62 81 7 4 1 
2 3 46 51 40 9 3 7 
9 2 0 83 55 4 2 8 
9 1 31 53 45 6 6 4 
2 2 0 40 45 2 8 8 
9 5 14 62 28 2 8 1 
5 5 41 47 86 5 2 6 
8 7 44 51 54 5 9 6 
2 2 32 30 38 2 7 3 
7 2 25 50 64 8 1 1 
6 8 39 15 43 6 7 6 
3 5 14 40 52 9 0 2 
8 6 10 69 34 1 5 7 
5 5 33 24 49 6 8 7 
0 1 0 41 32 2 1 8 
2 4 33 71 50 1 9 7 
5 1 21 70 32 3 3 8 
6 6 22 46 50 0 0 5 
2 6 7 74 53 8 2 7 
9 7 0 51 41 5 1 9 
2 5 6 63 74 9 2 6 
8 3 26 42 80 6 9 7 
7 4 10 36 46 4 8 9 
3 2 4 77 25 6 9 9 
6 4 23 20 43 6 2 9 
0 0 54 52 43 2 0 2 
4 3 46 65 64 8 5 8 
4 6 5 48 63 7 4 3 
8 3 33 43 38 1 0 2 
4 6 0 65 59 2 6 6 
5 1 30 103 31 8 0 5 
7 3 31 60 47 2 1 9 
7 4 45 76 76 6 8 7 
3 0 32 48 55 2 4 6 
0 9 22 52 60 2 1 6 
6 4 0 43 57 6 8 2 
8 5 25 68 37 4 8 3 
8 1 21 74 25 1 7 7 
2 8 46 84 61 1 8 3 
7 8 61 61 17 7 9 0 
2 3 40 44 39 2 9 0 
6 2 37 36 51 0 4 5 
1 3 0 53 35 1 0 9 
2 7 12 49 56 4 1 2 
9 0 20 49 47 2 2 1 
8 6 57 39 38 9 8 3 
3 2 35 36 46 7 3 6 
2 0 28 40 40 3 2 8 
0 9 29 67 9 9 5 8 
5 8 29 52 55 9 0 2 
0 4 54 74 33 9 1 5 
2 8 4 14 25 2 2 6 
1 3 54 50 80 0 6 8 
9 1 15 35 73 0 0 5 
1 8 57 32 66 7 1 3 
5 4 0 71 35 2 5 1 
5 6 0 70 66 2 8 4 
6 6 42 56 14 4 1 2 
6 4 0 61 47 7 4 7 
2 7 26 70 62 0 1 6 
9 8 50 60 4 5 1 3 
3 2 13 12 46 5 4 0 
1 2 26 15 72 7 6 6 
1 5 50 61 27 7 8 0 
8 4 40 57 62 9 4 4 
7 1 5 33 51 5 2 0 
3 3 32 45 31 1 5 6 
7 1 5 70 69 4 1 3 
9 2 10 56 66 0 7 1 
8 3 28 55 38 6 1 9 
9 4 45 67 62 5 9 8 
7 1 55 53 46 7 0 7 
4 9 15 45 45 1 2 2 
4 4 73 63 51 8 8 9 
2 3 32 43 55 7 8 7 
5 0 67 36 68 9 4 7 
4 5 0 3 31 3 9 5 
1 3 58 51 77 0 2 7 
8 3 24 48 88 9 5 1 
9 0 41 82 79 4 5 1 
2 5 13 58 75 0 4 5 
4 7 25 66 70 7 5 5 
2 2 62 101 15 0 3 5 
1 4 16 27 78 6 4 7 
0 1 10 43 63 3 7 5 
5 8 53 29 64 8 7 1 
9 0 39 50 6 7 3 0 
8 5 35 16 28 9 3 2 
1 0 1 23 52 9 2 4 
4 6 44 33 81 8 4 1 
8 5 3 36 71 6 3 8 
5 8 27 3 33 6 7 2 
4 0 42 45 40 8 0 3 
6 1 46 57 50 6 2 7 
7 1 30 32 13 1 6 0 
8 9 19 20 59 7 2 1 
2 5 7 82 60 4 2 8 
1 9 9 36 15 5 6 7 
8 0 25 33 27 2 4 4 
3 8 21 35 48 3 4 7 
0 4 0 85 72 8 0 0 
5 9 35 30 46 1 2 8 
0 0 30 31 41 9 6 0 
5 3 12 60 51 6 0 0 
0 7 28 43 45 3 9 3 
3 2 29 43 67 8 5 4 
4 8 45 55 39 3 5 5 
6 8 47 57 24 9 8 8 
1 8 20 64 19 3 0 5 
7 9 38 39 32 7 1 6 
4 0 9 44 44 0 6 4 
1 7 25 70 25 4 5 0 
2 8 46 44 63 4 5 3 
1 8 23 32 44 1 8 1 
8 5 43 43 40 3 7 4 
3 6 7 52 63 5 5 6 
9 9 28 39 53 7 4 9 
5 5 32 34 67 5 9 4 
7 7 44 53 56 7 3 5 
0 6 19 50 46 3 0 7 
2 7 30 50 65 0 3 2 
3 8 30 72 0 5 0 5 
4 2 40 12 76 1 6 2 
6 7 30 19 32 5 1 8 
8 1 17 45 61 8 1 8 
3 1 27 61 68 1 0 2 
9 5 57 63 49 6 3 8 
9 6 55 82 33 0 8 8 
1 3 30 36 69 0 6 1 
4 9 48 2 68 9 1 4 
6 9 47 45 49 3 2 3 
4 7 27 54 67 2 1 4 
7 5 25 33 92 9 2 5 
1 9 25 58 44 5 4 8 
5 9 60 32 36 7 7 6 
6 2 26 69 65 7 1 8 
5 8 34 29 37 7 0 3 
2 5 28 52 18 6 5 5 
4 7 8 49 57 3 5 6 
8 4 4 62 51 2 4 4 
2 0 53 82 72 4 4 4 
0 6 33 70 53 5 2 6 
9 0 56 89 81 1 0 7 
0 7 13 47 49 4 5 6 
6 4 33 34 87 9 5 4 
8 1 25 21 34 3 6 5 
8 6 54 50 60 8 4 8 
3 2 33 43 43 0 7 6 
3 2 15 53 52 1 0 0 
4 7 42 56 33 8 1 2 
8 3 1 38 75 0 7 0 
9 6 38 47 58 6 8 5 
9 1 54 42 75 6 1 4 
4 5 42 43 36 8 8 5 
0 3 6 69 13 3 7 8 
7 1 46 53 61 2 4 0 
1 1 33 39 49 4 2 6 
4 4 8 26 16 1 9 0 
2 3 21 42 47 2 8 6 
2 0 48 76 62 6 1 7 
7 3 38 50 52 6 6 2 
9 4 40 38 0 2 9 4 
0 4 41 30 43 9 6 2 
2 5 20 38 29 6 4 8 
8 1 0 55 70 6 1 3 
5 4 5 50 39 1 6 8 
2 7 0 36 85 1 4 3 
0 5 45 25 73 0 9 9 
1 9 12 46 83 9 9 9 
0 3 25 67 80 1 7 8 
7 6 26 58 61 0 1 5 
9 0 43 78 42 2 3 5 
6 3 41 58 56 9 7 0 
5 1 15 69 40 7 5 7 
2 4 28 67 66 4 3 0 
2 9 45 91 45 0 8 4 
1 6 23 46 66 8 0 8 
5 7 36 85 61 0 6 8 
2 4 0 15 40 4 2 5 
7 5 0 15 63 0 5 7 
5 6 48 58 15 7 7 7 
3 5 51 96 53 6 4 5 
6 2 14 61 49 2 2 5 
5 6 35 41 48 1 4 0 
9 0 30 71 43 4 5 8 
2 6 7 48 51 2 0 4 
1 6 8 85 33 8 3 2 
3 1 58 43 61 3 5 0 
3 7 11 32 36 7 8 5 
7 0 11 30 56 0 8 7 
8 7 36 60 70 6 8 0 
7 8 66 58 27 9 3 6 
4 4 10 60 72 6 6 6 
5 4 21 58 60 5 1 2 
0 6 11 57 75 7 7 9 
0 5 14 63 32 4 6 6 
1 4 74 45 47 8 3 6 
8 3 29 70 54 5 6 6 
8 4 62 79 54 2 8 5 
1 7 0 54 45 3 8 0 
6 4 20 35 71 7 6 7 
9 5 49 40 39 2 4 2 
4 8 52 42 48 8 7 1 
3 3 0 20 86 3 4 5 
0 7 32 23 59 2 1 6 
1 4 29 48 54 4 7 6 
4 3 26 59 29 2 9 1 
4 1 0 59 49 9 8 9 
0 6 24 48 56 0 0 5 
1 4 34 56 55 0 3 3 
3 4 6 87 79 9 3 7 
5 0 38 54 28 3 9 0 
5 2 40 36 46 4 9 7 
7 0 50 14 12 5 3 7 
8 2 55 54 51 0 2 8 
1 1 12 49 40 5 3 5 
7 4 22 33 18 6 2 6 
1 6 32 45 94 9 6 0 
2 2 53 45 47 1 2 8 
7 2 29 35 74 7 4 0 
8 2 13 21 24 8 3 1 
5 1 15 42 46 0 5 5 
6 6 46 47 62 2 1 8 
1 5 19 79 58 6 1 0 
7 8 66 54 63 9 8 3 
4 0 41 43 60 9 9 6 
5 4 32 70 51 2 1 1 
9 0 16 73 39 0 5 6 
5 6 23 20 70 8 5 8 
8 1 53 63 53 9 5 0 
4 6 16 36 27 7 2 8 
0 7 58 26 75 2 1 9 
7 7 0 29 43 7 4 7 
4 5 69 49 61 7 2 9 
8 5 61 43 18 6 8 0 
5 6 55 27 85 3 0 3 
2 9 41 81 35 2 7 6 
7 4 35 94 57 7 3 6 
4 0 47 49 31 1 9 6 
7 2 49 55 22 7 3 9 
6 8 36 52 38 4 0 4 
4 3 48 48 46 4 9 4 
7 3 85 17 79 4 6 8 
8 3 4 20 74 9 3 1 
5 8 15 59 44 0 9 5 
1 6 15 53 59 1 3 5 
2 3 23 46 65 5 8 7 
9 5 25 52 36 4 5 0 
7 5 17 63 35 1 8 3 
7 3 24 79 39 1 0 2 
0 7 27 46 64 9 9 7 
0 8 23 82 89 5 7 7 
0 6 62 72 35 8 3 9 
1 2 54 54 42 0 1 4 
8 9 9 59 37 5 1 7 
4 5 53 44 44 4 3 7 
8 1 43 62 44 3 6 4 
8 2 40 34 36 8 8 0 
1 2 0 45 53 6 2 2 
4 8 35 85 9 0 3 1 
9 8 10 72 30 8 4 9 
6 2 24 33 63 8 4 4 
9 3 40 72 86 6 4 2 
4 8 16 48 31 9 4 2 
0 4 11 95 58 1 2 6 
5 1 67 34 51 5 6 9 
5 2 57 86 55 5 1 4 
2 8 24 59 24 9 0 3 
6 6 44 46 55 4 8 3 
0 0 45 54 84 1 1 3 
2 6 0 26 57 7 4 0 
7 6 36 16 85 6 7 3 
1 3 27 49 62 9 2 0 
2 1 30 47 45 2 4 0 
4 9 74 47 55 2 9 1 
2 9 44 42 44 9 6 8 
7 9 31 1 59 9 6 8 
9 6 24 41 54 8 0 0 
1 2 50 59 45 3 9 2 
9 2 39 75 47 5 3 8 
4 8 12 64 41 3 9 7 
0 5 67 66 65 3 0 7 
7 5 30 40 36 5 7 5 
0 2 0 103 92 3 8 3 
6 5 6 23 33 9 3 4 
6 0 0 74 77 5 9 0 
5 7 56 32 46 4 2 6 
3 5 36 44 72 0 6 2 
5 0 40 45 34 7 1 4 
4 4 56 78 59 5 9 3 
3 9 18 57 44 6 7 5 
9 8 35 67 49 5 3 6 
6 3 38 79 53 1 1 5 
4 5 43 65 4 6 4 4 
8 9 27 63 46 9 1 2 
4 6 9 34 71 5 6 1 
8 6 15 91 74 1 0 0 
8 1 53 37 60 6 3 9 
5 9 19 58 49 3 9 6 
6 4 34 79 58 8 0 7 
8 0 8 31 51 0 7 6 
0 8 0 46 22 4 0 7 
4 7 19 47 67 7 8 2 
8 7 40 40 73 3 1 6 
9 8 7 48 50 2 7 9 
1 7 34 73 72 7 2 5 
3 5 0 60 93 1 5 7 
9 0 49 85 63 2 7 0 
6 3 37 49 34 5 5 3 
7 3 13 52 14 7 1 2 
1 9 54 75 88 7 5 0 
9 5 0 77 54 0 8 1 
3 6 15 32 38 5 4 8 
5 3 39 36 25 9 2 6 
8 7 37 56 77 6 9 4 
1 3 22 29 82 4 5 7 
2 6 28 57 56 0 0 0 
9 0 21 38 30 9 3 6 
9 6 51 39 50 6 8 4 
0 6 0 41 55 0 3 4 
3 2 53 57 30 4 0 2 
8 5 0 27 44 0 9 8 
4 7 0 36 16 5 2 3 
1 3 30 54 28 9 7 1 
8 8 41 39 68 1 6 2 
0 7 70 36 46 9 3 9 
3 9 42 66 34 1 6 9 
5 7 23 36 6 9 0 4 
1 8 23 57 44 1 8 6 
5 6 22 34 55 3 4 4 
6 8 56 42 24 6 9 8 
6 0 1 60 85 7 8 9 
6 6 6 72 20 0 8 4 
2 3 17 57 68 0 4 1 
2 4 43 36 47 6 4 1 
8 9 52 2 93 3 0 3 
2 4 59 65 54 7 8 3 
6 7 10 47 50 3 6 2 
9 5 18 27 55 7 6 8 
4 4 33 48 56 3 0 8 
7 1 24 37 40 0 8 2 
9 2 29 64 90 5 8 1 
1 7 50 25 38 5 9 4 
6 2 45 44 59 8 2 9 
4 2 52 51 61 3 5 3 
5 5 38 37 67 9 3 5 
0 1 57 14 52 8 8 6 
8 4 30 43 40 5 1 9 
7 5 43 58 71 0 9 7 
4 6 56 24 24 1 4 4 
9 2 39 84 39 8 7 7 
3 9 43 28 25 9 4 2 
2 7 0 65 50 1 0 8 
7 4 36 50 41 6 6 0 
2 6 0 12 51 1 8 8 
7 9 42 44 19 2 9 6 
8 2 36 53 52 0 1 9 
3 1 2 65 76 4 8 1 
3 7 47 55 20 2 6 2 
3 1 9 96 46 9 1 1 
5 9 24 63 46 3 8 4 
5 5 24 56 50 5 5 8 
9 1 49 89 24 0 0 2 
9 5 17 42 67 2 7 7 
0 1 32 22 59 7 2 6 
0 2 72 75 56 1 6 4 
0 8 5 67 47 3 2 1 
6 9 35 65 71 8 4 1 
4 6 0 49 28 0 4 6 
8 4 34 32 40 8 3 3 
4 4 33 18 49 3 1 1 
1 9 44 59 52 2 2 0 
2 3 38 45 28 7 5 6 
3 3 11 41 40 3 1 5 
1 4 42 77 23 1 7 0 
4 3 39 75 61 3 6 8 
4 5 35 18 40 4 3 9 
2 5 32 37 18 8 9 5 
5 9 17 70 57 4 5 2 
4 7 42 42 54 6 1 0 
5 9 14 26 95 0 6 7 
0 1 37 67 33 3 2 2 
4 6 21 60 105 1 3 8 
4 6 25 44 80 1 3 3 
1 7 19 56 39 3 2 5 
2 6 22 59 53 9 3 8 
3 0 8 36 96 0 8 8 
6 8 27 58 81 3 6 2 
6 1 32 12 64 6 0 2 
3 9 5 60 42 3 5 5 
8 7 20 31 54 8 2 5 
7 3 39 37 68 1 1 0 
3 8 0 66 68 1 5 9 
2 7 64 44 80 6 1 7 
5 3 47 23 31 7 7 3 
6 7 43 20 35 3 5 6 
5 2 2 33 54 8 1 1 
8 0 33 40 63 3 5 3 
0 0 6 2 43 1 5 8 
6 5 37 74 29 5 3 3 
7 3 20 65 66 0 2 0 
8 6 49 63 65 1 7 9 
4 3 58 80 40 5 2 7 
7 8 50 42 39 9 2 3 
4 1 40 52 39 8 8 3 
7 9 33 37 43 1 0 7 
0 1 34 46 75 4 3 4 
7 8 20 28 8 1 3 3 
2 4 25 51 41 3 1 3 
4 0 0 19 48 2 2 7 
3 1 55 23 66 9 3 5 
6 6 35 46 44 0 1 3 
1 1 34 58 39 0 5 6 
5 1 2 39 72 8 3 2 
7 8 30 61 29 0 5 4 
8 4 3 47 35 0 5 2 
4 2 0 66 52 8 6 2 
0 2 38 33 44 3 6 2 
0 3 22 38 48 7 0 9 
2 3 5 51 46 7 9 3 
8 3 38 83 72 6 0 7 
8 0 54 33 47 2 3 2 
9 1 45 25 64 9 3 7 
5 7 23 50 75 4 9 4 
7 3 17 36 80 8 5 9 
1 0 13 68 39 9 0 2 
4 2 14 92 66 3 7 2 
8 2 53 97 96 8 5 0 
8 5 16 71 73 8 3 5 
5 6 21 33 47 7 9 5 
0 3 10 58 43 3 6 5 
1 7 35 20 23 2 9 9 
3 0 39 36 15 0 1 6 
7 6 81 56 71 5 1 7 
5 9 53 43 58 7 4 5 
4 8 12 77 52 8 5 3 
9 1 51 75 44 4 7 4 
1 9 36 59 90 2 1 1 
9 9 0 74 41 6 9 7 
4 7 31 39 64 2 1 1 
7 0 34 47 30 9 1 2 
0 0 2 75 17 2 7 8 
3 5 69 52 39 9 8 9 
0 9 66 29 69 8 8 2 
8 4 34 75 21 3 7 9 
2 3 10 68 59 7 0 0 
5 4 40 27 70 7 2 3 
8 4 18 45 20 4 8 8 
1 1 47 60 53 4 6 3 
2 8 6 55 31 1 6 0 
5 0 19 39 37 5 3 7 
9 2 33 16 55 8 9 5 
2 9 20 29 61 5 4 5 
9 9 39 48 25 5 2 2 
7 6 21 36 59 2 7 7 
0 4 42 49 46 0 5 7 
4 0 2 85 19 8 7 2 
3 6 13 50 52 2 5 9 
4 8 53 65 47 1 8 5 
8 9 49 98 24 9 5 7 
4 9 27 54 66 1 7 0 
0 7 33 42 59 5 1 8 
8 4 5 53 82 2 7 1 
8 9 10 61 46 6 7 6 
4 2 30 23 66 2 6 6 
3 1 18 26 58 4 3 8 
0 8 45 20 12 0 2 8 
9 3 41 43 43 4 3 7 
8 0 48 33 71 5 0 9 
3 0 43 69 42 8 3 2 
4 0 45 45 69 9 0 4 
0 8 46 37 52 7 7 6 
4 7 24 9 65 7 6 8 
2 5 0 32 41 6 0 4 
0 1 48 37 39 4 0 2 
3 6 0 49 33 0 2 8 
0 9 0 50 39 4 1 5 
3 0 30 48 78 9 0 5 
7 1 39 78 50 1 9 6 
6 8 47 17 48 0 7 4 
4 3 52 30 22 3 9 7 
6 6 16 51 30 7 9 3 
4 8 21 38 29 5 4 3 
7 0 44 76 68 3 2 9 
0 9 57 31 31 8 6 0 
9 9 56 80 63 5 9 1 
2 5 21 37 53 4 9 9 
0 4 33 31 80 5 6 2 
0 2 16 53 38 7 0 1 
0 7 43 50 27 3 7 5 
7 1 80 40 46 1 5 9 
4 5 24 41 51 0 8 3 
4 6 12 57 46 9 2 9 
4 7 52 60 41 2 1 1 
0 8 36 64 67 8 2 1 
4 8 9 26 48 6 2 4 
4 0 48 51 24 2 7 2 
7 8 31 47 85 2 8 8 
5 7 22 54 46 5 1 0 
0 5 23 26 46 6 2 9 
6 0 33 17 54 1 0 6 
0 9 4 69 40 5 4 9 
1 0 15 37 77 0 7 2 
6 5 2 34 14 9 8 4 
9 3 20 48 99 9 1 8 
8 7 51 83 51 0 5 3 
3 3 28 46 63 3 9 2 
5 1 58 61 64 1 7 9 
3 6 6 63 63 0 8 3 
9 7 10 38 89 9 1 3 
0 2 0 66 71 5 4 6 
2 7 47 54 64 5 2 4 
0 2 49 63 39 8 5 6 
7 6 11 53 44 9 6 0 
9 3 0 51 44 1 1 2 
6 4 26 54 60 9 7 0 
7 6 63 21 33 3 2 2 
9 2 24 64 31 7 2 2 
4 8 0 48 44 5 9 8 
6 9 34 50 38 1 1 0 
3 2 51 29 78 3 0 1 
2 3 29 49 64 1 6 9 
4 9 33 38 36 6 5 5 
0 4 20 42 27 3 1 6 
1 0 46 50 61 2 5 1 
9 0 28 44 63 7 5 7 
1 9 41 33 45 1 0 3 
2 1 27 50 58 7 8 8 
7 1 9 59 46 3 8 4 
9 6 13 90 57 3 6 0 
8 6 30 60 58 9 7 7 
7 6 22 77 49 6 6 4 
0 6 31 93 57 0 1 9 
8 5 50 66 58 8 9 2 
0 6 24 71 60 2 6 6 
9 3 15 32 65 6 9 4 
3 7 67 27 38 7 4 6 
1 2 41 55 89 8 0 8 
7 0 51 45 54 6 4 6 
4 5 44 84 26 9 1 6 
6 3 13 59 51 6 3 7 
6 0 42 12 41 0 4 5 
3 1 0 44 21 7 3 2 
2 3 20 48 25 6 3 9 
6 8 53 72 44 0 9 2 
6 3 15 32 34 2 2 3 
4 3 31 40 14 4 8 8 
3 4 57 69 79 2 9 1 
2 5 25 42 72 4 4 6 
2 7 35 73 21 6 5 8 
1 3 17 42 79 3 0 7 
9 5 21 75 73 0 7 2 
8 0 25 38 60 7 6 8 
7 2 30 35 50 8 1 0 
1 4 67 13 55 6 3 8 
6 2 25 72 69 4 4 1 
9 6 71 74 80 0 7 8 
8 0 26 62 21 5 1 7 
3 6 54 30 87 7 1 5 
2 0 34 81 62 4 9 8 
9 2 41 38 70 5 6 1 
3 3 0 29 32 2 2 9 
9 6 0 57 35 6 8 0 
9 0 49 44 22 7 8 3 
8 3 42 63 33 8 6 9 
5 8 17 22 34 8 8 9 
0 2 19 25 23 6 1 0 
1 3 42 80 29 2 2 9 
9 6 41 69 59 4 1 4 
9 7 0 91 62 9 1 0 
4 0 20 44 32 2 5 9 
2 6 0 35 17 1 0 2 
2 5 23 65 1 0 3 5 
4 4 30 67 37 5 1 4 
7 0 7 60 54 0 0 9 
9 3 27 45 72 5 5 6 
9 6 37 47 55 2 3 1 
7 7 23 90 30 2 1 6 
6 0 26 83 62 7 2 8 
8 7 42 57 50 7 4 0 
3 2 53 69 28 6 9 2 
1 4 45 48 49 1 5 5 
4 5 50 21 57 4 2 2 
7 7 41 66 35 1 9 2 
2 3 57 44 61 9 1 8 
9 8 4 33 62 4 3 8 
7 7 84 63 58 8 0 9 
5 1 39 50 78 7 5 2 
0 3 20 71 58 5 1 7 
6 3 26 56 47 0 8 0 
9 3 0 86 0 9 7 8 
7 6 18 50 18 3 4 1 
9 6 52 27 57 7 0 5 
8 6 40 50 76 3 5 9 
4 2 0 56 57 4 0 2 
2 2 30 20 62 6 6 9 
1 4 28 47 65 2 3 3 
2 6 33 97 42 8 9 2 
7 8 0 42 58 6 3 7 
8 8 45 61 47 7 8 4 
7 6 35 50 82 6 8 9 
8 6 46 66 54 3 7 2 
0 8 62 38 56 2 1 8 
9 7 15 67 88 6 5 8 
2 0 43 26 20 3 7 4 
3 9 65 80 82 9 3 3 
4 6 18 45 63 8 1 9 
9 7 33 64 37 2 3 0 
1 7 41 45 62 1 7 8 
0 5 35 1 58 0 7 0 
4 5 22 20 88 5 4 8 
3 3 30 46 52 5 3 8 
4 2 0 67 59 8 4 9 
3 4 34 60 47 4 2 3 
6 1 30 48 50 1 9 1 
8 7 48 35 55 2 6 1 
5 5 34 12 12 1 1 0 
8 1 48 29 54 7 3 7 
7 2 24 33 74 0 7 5 
5 5 42 16 49 1 8 0 
0 5 44 61 22 8 1 6 
9 3 35 31 38 6 2 2 
3 1 24 42 41 5 4 1 
3 6 0 61 75 4 8 9 
2 3 8 50 38 2 9 0 
3 6 16 76 83 5 5 8 
4 6 62 45 69 4 7 9 
3 8 29 61 49 6 9 8 
9 7 0 19 59 5 8 1 
7 2 0 53 43 4 5 8 
3 5 77 68 63 3 4 2 
5 6 18 44 75 0 1 7 
2 6 55 37 50 8 9 2 
6 4 15 65 44 2 8 4 
7 0 37 24 60 6 0 8 
2 6 60 55 57 3 2 1 
4 0 43 41 19 5 1 7 
1 1 48 46 47 4 2 3 
7 9 42 39 50 0 7 4 
6 5 26 22 41 3 1 7 
2 6 37 53 40 1 6 6 
5 1 0 75 68 0 3 3 
7 6 33 24 53 3 2 7 
6 0 13 71 58 1 2 7 
0 6 19 41 44 0 4 3 
6 7 0 43 80 8 8 8 
5 4 4 32 102 4 0 9 
0 5 17 48 27 9 5 1 
1 1 20 89 35 0 2 1 
0 9 10 47 41 6 7 4 
5 7 40 37 9 6 7 2 
8 2 20 54 38 4 4 6 
0 9 87 63 89 1 8 2 
0 7 0 55 17 5 5 8 
0 1 51 45 52 1 1 3 
4 9 3 70 37 6 5 3 
0 4 18 34 47 1 7 9 
3 0 33 61 71 8 3 1 
6 7 19 64 47 5 1 0 
5 7 12 27 104 5 9 2 
0 4 10 34 53 8 9 2 
7 1 17 73 26 7 5 5 
4 7 0 39 58 3 8 9 
7 8 55 35 57 7 1 2 
2 9 17 42 57 9 6 0 
7 5 0 37 70 7 1 9 
4 8 34 20 69 2 1 9 
6 5 67 55 60 6 3 9 
8 9 35 30 16 1 7 7 
4 4 0 30 41 4 8 0 
1 3 41 57 74 0 1 3 
8 0 0 25 48 0 5 5 
6 6 0 57 77 3 9 7 
5 7 16 27 49 9 7 5 
1 0 47 61 43 3 8 9 
5 4 53 71 42 2 0 0 
0 9 43 35 50 4 9 9 
4 5 52 29 64 5 5 6 
6 0 10 52 52 5 0 9 
8 1 22 51 48 8 8 0 
0 4 39 57 46 1 1 6 
9 1 24 57 65 0 9 8 
2 3 31 49 53 4 2 8 
0 0 33 56 22 1 6 2 
2 0 2 21 31 5 3 4 
2 2 19 35 41 3 1 3 
8 2 0 54 39 0 5 7 
1 4 52 48 55 5 1 0 
6 9 12 27 90 0 5 1 
0 4 65 68 39 7 6 2 
8 5 51 36 21 8 5 2 
0 5 44 21 23 5 7 0 
5 2 17 55 57 9 5 5 
6 6 39 36 47 8 4 0 
3 5 18 61 68 1 6 9 
1 2 4 83 34 0 3 5 
2 5 34 46 20 5 8 6 
0 8 39 63 43 2 6 0 
8 3 4 21 84 9 5 3 
7 4 20 49 37 6 7 6 
4 4 51 59 58 5 4 2 
1 7 25 61 18 2 2 7 
5 1 72 72 48 9 3 0 
5 7 31 53 55 5 2 1 
0 5 8 25 10 3 7 0 
3 2 26 53 75 2 4 3 
9 7 14 26 41 4 2 0 
3 9 45 59 26 4 4 5 
8 5 70 0 22 2 7 4 
6 9 65 48 71 6 6 2 
5 9 15 72 34 2 9 7 
1 9 48 21 77 4 6 6 
4 1 1 71 74 4 0 0 
7 4 54 46 15 1 9 3 
7 2 3 40 75 3 9 2 
7 2 60 36 62 8 4 5 
2 8 5 36 29 4 5 5 
3 9 18 46 32 5 8 7 
0 3 36 49 38 4 8 4 
0 0 17 19 61 2 5 1 
7 8 42 47 75 1 1 2 
4 4 34 72 65 9 1 8 
9 7 0 39 56 7 7 5 
2 3 12 53 58 2 2 9 
5 1 8 49 72 9 8 6 
8 4 18 74 50 5 2 2 
7 7 32 43 33 7 4 7 
7 7 37 52 70 8 4 0 
2 8 31 47 53 0 8 6 
6 2 34 42 24 1 3 1 
5 8 43 37 51 3 0 1 
1 8 48 47 42 2 1 4 
6 8 32 38 38 3 5 7 
9 1 41 68 49 7 4 9 
9 4 38 64 34 4 8 2 
3 1 0 56 31 8 3 5 
2 2 8 59 47 7 4 6 
6 6 3 67 46 6 5 3 
5 1 31 51 82 4 9 3 
6 7 45 30 12 7 6 1 
1 5 24 36 17 9 5 3 
6 4 36 62 51 6 5 4 
1 4 44 45 55 2 3 9 
5 9 47 15 24 4 3 4 
9 8 0 32 39 5 9 9 
4 3 45 69 29 4 3 9 
1 5 39 90 33 4 9 9 
8 4 36 55 38 8 6 6 
6 8 41 75 45 5 8 5 
3 8 65 55 82 4 4 3 
9 7 25 40 31 1 6 2 
1 7 61 35 35 2 5 7 
2 3 63 36 28 6 1 0 
7 6 51 42 49 2 4 9 
2 4 61 33 47 2 0 9 
7 3 42 70 63 2 4 6 
6 0 22 48 48 5 2 8 
4 5 3 31 19 5 8 5 
3 8 33 58 38 0 2 2 
1 0 13 38 25 3 3 1 
4 2 51 11 24 9 2 1 
7 4 46 82 65 9 7 4 
8 2 28 87 70 8 4 8 
8 5 38 40 36 0 5 0 
7 8 11 80 62 0 3 3 
9 3 28 32 61 2 2 4 
1 5 12 44 41 4 7 6 
7 8 32 30 30 3 7 9 
4 3 41 90 4 0 6 4 
9 2 10 65 27 5 6 6 
2 5 9 0 52 3 7 5 
7 5 37 17 56 7 0 4 
6 5 22 80 42 1 0 9 
3 2 47 47 52 5 2 9 
1 1 0 35 55 3 2 0 
8 5 19 27 43 8 4 7 
5 2 38 39 63 9 0 8 
3 9 46 46 50 3 3 6 
4 3 31 37 38 5 2 1 
5 7 29 85 26 8 2 9 
6 8 0 47 34 5 0 6 
9 4 3 72 58 9 4 5 
5 3 60 58 3 6 9 6 
4 0 29 50 54 8 8 3 
6 1 32 38 64 8 1 7 
7 1 16 27 45 2 0 2 
3 3 27 57 28 1 5 6 
3 8 0 52 36 7 0 6 
8 9 24 43 27 7 6 9 
5 3 21 56 58 9 2 9 
5 7 45 78 21 7 3 6 
0 5 14 46 25 1 2 0 
7 9 11 67 29 0 6 8 
2 7 12 34 70 6 0 7 
1 2 34 46 48 0 4 0 
1 4 29 45 70 6 4 3 
3 1 32 35 32 7 0 3 
4 3 16 18 61 5 8 4 
3 7 11 76 59 7 2 0 
5 0 44 29 70 1 4 9 
5 3 22 39 45 8 1 9 
8 8 6 27 40 4 2 9 
8 1 70 39 41 5 3 7 
0 9 52 53 47 7 3 4 
1 5 36 55 73 7 3 4 
5 3 22 45 80 0 5 9 
6 6 12 41 50 9 5 2 
3 5 31 69 68 1 6 4 
6 2 49 52 48 0 1 2 
5 5 17 35 26 9 6 9 
1 6 34 76 31 6 5 6 
6 4 37 23 40 3 8 2 
6 2 0 43 84 6 8 7 
8 1 20 55 62 9 9 8 
1 5 25 42 42 9 5 2 
0 2 19 51 51 2 9 8 
7 8 15 42 30 2 9 5 
5 7 48 29 58 0 5 6 
1 5 8 42 47 1 0 5 
0 5 0 51 42 5 3 9 
1 6 16 59 52 4 2 0 
0 8 22 16 58 4 4 0 
2 9 25 16 3 3 0 2 
2 7 37 56 69 9 0 3 
0 9 39 81 86 7 5 4 
8 7 26 62 65 4 9 9 
5 8 7 23 51 8 2 6 
9 3 50 41 86 4 3 7 
3 8 20 41 49 1 5 4 
1 2 22 33 32 0 3 6 
7 2 0 67 41 3 8 7 
9 2 35 72 34 7 9 0 
1 8 57 23 39 8 7 2 
2 0 24 74 56 7 2 4 
4 4 90 32 38 5 0 2 
7 4 42 72 34 9 7 2 
0 2 49 16 22 5 0 1 
1 6 21 56 29 2 9 9 
5 1 53 54 36 4 9 6 
8 8 25 46 60 4 7 1 
6 6 25 53 37 1 0 6 
7 2 22 26 61 5 9 1 
3 9 40 26 41 8 9 5 
7 5 35 27 29 9 7 5 
4 3 2 46 49 1 3 2 
1 4 45 60 43 4 5 5 
8 9 7 27 81 6 5 6 
9 7 33 39 23 7 3 4 
9 6 16 55 43 3 7 4 
4 7 10 9 91 7 5 2 
2 6 41 34 58 8 7 1 
7 4 58 12 85 2 8 4 
8 8 0 37 91 7 9 8 
8 6 30 60 53 2 4 0 
3 9 68 48 90 8 3 7 
3 1 48 65 8 9 4 6 
5 8 32 32 23 8 3 4 
3 1 50 53 46 6 9 0 
7 4 44 59 42 9 3 2 
1 8 22 80 43 4 1 6 
4 4 33 70 39 0 9 4 
2 1 46 70 60 5 4 7 
5 4 31 85 62 0 3 1 
7 8 47 62 56 3 0 9 
7 9 33 55 45 2 3 9 
0 4 11 34 58 2 4 2 
3 5 19 52 61 2 0 4 
8 0 36 39 22 7 1 6 
0 0 25 29 54 1 6 4 
4 0 11 0 66 5 4 3 
1 2 46 34 19 5 7 3 
8 8 35 57 49 5 8 6 
1 4 26 56 33 5 6 4 
6 7 31 47 44 6 2 2 
7 7 26 58 60 3 3 4 
9 1 43 50 41 5 6 9 
3 8 0 20 72 6 2 5 
1 2 28 56 57 4 7 5 
1 9 9 26 48 6 9 7 
9 8 25 85 43 7 4 3 
6 5 59 75 59 3 0 4 
7 3 13 35 29 7 9 3 
8 6 41 53 50 8 0 8 
1 1 66 14 49 3 8 0 
2 5 36 36 57 1 2 5 
2 9 49 8 46 8 8 6 
8 7 13 35 51 7 0 7 
6 8 30 59 68 8 9 4 
7 4 53 36 40 2 8 7 
5 9 24 66 35 7 6 1 
8 7 32 47 56 0 8 1 
8 0 39 87 80 2 9 5 
4 4 20 38 35 3 4 8 
4 8 61 54 50 5 2 8 
4 9 50 51 49 1 4 9 
5 1 0 16 57 5 9 0 
0 6 30 76 55 7 1 1 
4 6 0 40 32 8 5 3 
8 1 17 75 62 4 2 4 
7 5 35 67 74 1 6 5 
4 2 37 30 76 2 3 8 
0 2 33 42 30 0 4 7 
7 0 20 55 55 7 4 6 
3 9 0 41 46 5 3 1 
2 6 0 89 28 9 0 8 
3 0 52 48 70 4 0 1 
7 3 5 37 49 5 5 4 
2 8 33 61 48 6 9 2 
6 3 55 55 52 3 9 1 
7 1 38 34 83 6 6 2 
7 4 13 70 44 1 9 9 
1 4 23 68 37 0 1 6 
8 1 15 78 63 7 9 7 
2 2 22 19 50 0 9 8 
5 7 17 41 51 8 1 9 
8 0 0 35 94 2 2 9 
6 2 40 45 66 9 5 3 
5 2 28 74 48 6 3 1 
3 7 30 43 43 8 7 7 
3 7 62 50 39 9 8 8 
4 7 22 70 55 9 4 1 
2 7 42 35 53 2 9 4 
0 5 9 49 47 6 9 2 
4 7 19 73 68 4 7 2 
3 3 10 40 59 7 2 3 
2 9 34 51 25 0 9 7 
0 4 25 46 87 2 5 3 
6 3 29 64 55 8 6 0 
2 5 20 59 74 5 2 5 
0 4 59 0 57 0 3 4 
3 2 29 63 34 4 1 0 
2 9 19 43 42 9 6 9 
9 1 17 69 86 2 5 8 
9 5 29 28 42 4 9 8 
6 1 61 56 33 0 9 2 
9 7 28 61 50 6 0 6 
7 1 0 23 43 9 9 0 
9 5 34 72 44 9 0 2 
9 6 20 45 49 0 0 1 
0 8 11 46 72 9 4 0 
3 9 32 37 31 4 2 8 
6 7 37 68 36 4 1 0 
6 1 16 52 31 5 8 9 
9 4 0 48 35 5 9 6 
5 6 81 37 60 8 7 6 
0 6 19 62 46 9 0 6 
3 0 50 44 39 7 4 8 
5 4 24 51 57 6 2 2 
6 8 0 48 33 2 4 4 
0 0 63 62 35 0 4 0 
9 6 36 31 48 3 2 0 
6 9 6 49 31 7 9 9 
3 4 15 66 57 0 2 7 
6 7 11 46 79 7 8 9 
5 7 35 49 51 2 0 3 
1 9 27 48 49 4 2 1 
8 8 52 15 35 2 9 7 
5 0 62 56 46 5 5 4 
7 8 30 67 40 8 5 0 
7 8 58 41 25 1 7 2 
8 0 27 51 40 9 0 2 
4 8 27 49 36 3 0 9 
0 4 7 49 49 7 7 5 
4 6 6 21 35 9 7 2 
8 0 33 35 71 4 3 6 
4 5 46 26 34 7 7 9 
5 0 39 22 64 7 4 1 
7 3 15 62 42 9 1 0 
9 9 0 55 68 9 2 0 
4 4 26 21 71 4 3 4 
2 0 33 55 43 3 2 5 
3 5 40 67 54 0 6 5 
5 2 40 73 64 0 3 8 
8 0 13 29 66 9 5 4 
0 3 32 30 42 0 7 1 
5 9 46 23 77 4 3 4 
9 2 0 35 28 2 3 8 
5 3 0 71 82 6 1 9 
6 0 43 57 26 4 0 9 
9 3 26 61 68 2 0 7 
7 7 24 77 37 6 9 0 
3 6 52 49 45 6 1 0 
4 0 26 59 43 7 8 9 
6 8 22 88 54 6 7 6 
9 4 22 63 70 8 4 5 
0 0 20 38 20 6 4 8 
7 5 0 18 44 6 5 0 
7 5 44 89 50 9 3 9 
7 4 0 73 40 8 9 6 
5 0 29 75 24 8 7 1 
8 9 32 60 73 0 6 8 
3 8 25 52 102 9 2 3 
3 1 24 19 24 5 9 8 
7 6 64 70 46 9 6 0 
0 9 0 59 50 9 7 2 
4 6 23 17 59 7 6 1 
2 8 0 40 78 3 8 2 
3 5 9 33 51 0 0 7 
7 1 8 47 61 4 4 3 
6 3 7 88 43 1 2 8 
4 7 8 43 52 4 4 1 
8 6 38 43 41 5 1 2 
7 8 19 91 75 9 4 9 
3 5 67 62 61 7 1 0 
3 4 88 50 7 6 2 8 
1 1 32 46 24 3 1 8 
2 2 46 35 40 3 1 4 
5 2 26 63 85 0 5 9 
2 7 26 22 29 8 5 5 
0 7 37 59 21 3 4 0 
7 1 30 80 15 5 3 4 
2 1 37 47 47 7 9 4 
9 7 16 83 64 2 0 6 
8 7 42 27 51 0 3 3 
9 7 15 54 25 5 8 5 
1 5 48 63 72 8 3 2 
1 6 6 62 52 1 6 0 
7 7 53 14 36 3 0 5 
3 7 18 67 42 5 9 3 
6 7 45 45 58 1 4 9 
4 0 8 31 58 8 5 3 
0 3 19 36 32 6 5 1 
5 7 25 39 69 0 6 9 
0 8 64 51 42 6 1 8 
8 4 37 49 60 1 2 4 
3 7 20 63 21 2 0 7 
0 5 4 24 21 1 0 0 
0 1 37 55 57 1 0 9 
3 3 63 71 70 3 9 7 
5 4 26 55 36 6 3 3 
5 0 17 25 27 2 3 5 
5 6 11 49 30 1 5 9 
5 7 34 62 36 6 2 3 
3 9 10 70 59 4 0 0 
6 0 60 66 24 4 7 7 
8 0 52 55 53 8 8 3 
7 2 26 36 41 0 4 6 
7 9 62 79 0 0 6 9 
9 7 0 61 68 5 8 9 
7 7 0 22 0 7 0 6 
0 6 49 43 25 6 3 5 
1 6 0 53 77 6 8 6 
2 0 29 89 61 9 5 9 
2 1 7 56 72 7 7 8 
1 6 28 79 52 1 4 9 
9 2 60 73 39 3 4 7 
5 0 39 67 30 8 3 2 
9 5 38 76 49 4 3 0 
8 2 10 60 51 9 6 9 
7 0 53 83 47 8 9 6 
8 0 36 64 35 3 0 9 
4 6 56 49 31 0 4 7 
6 0 22 89 53 0 4 6 
0 3 14 33 77 0 0 2 
0 0 45 58 38 5 2 5 
7 8 23 52 63 6 3 3 
5 4 36 80 80 9 4 1 
4 4 32 47 49 5 0 3 
1 3 48 10 33 1 0 1 
7 1 31 33 41 3 6 3 
4 1 5 38 51 4 7 2 
9 9 0 5 34 8 5 5 
8 2 27 44 46 3 9 8 
7 3 17 16 29 5 0 9 
1 2 42 19 20 2 4 1 
5 7 51 40 37 5 0 8 
4 6 21 42 54 5 6 8 
2 0 49 52 36 5 3 8 
6 1 62 74 48 6 0 5 
7 1 23 33 75 6 2 7 
8 3 40 35 81 7 4 8 
5 9 56 34 48 6 0 4 
6 2 9 43 42 2 8 4 
9 2 0 30 53 1 7 3 
0 3 32 62 77 2 6 0 
2 8 38 25 22 8 3 0 
6 0 20 59 40 1 4 1 
4 9 0 35 37 2 5 5 
2 8 28 26 59 4 3 1 
6 3 27 36 44 1 2 0 
9 1 39 30 8 8 8 2 
5 0 67 41 61 7 4 8 
7 1 48 68 58 8 9 4 
8 0 6 12 36 9 2 2 
1 9 14 72 47 7 5 5 
8 4 52 64 23 2 4 4 
6 4 55 70 62 2 3 1 
1 4 32 54 79 8 6 1 
3 8 16 39 65 5 1 4 
0 7 22 78 74 9 5 4 
1 1 31 63 53 8 4 6 
0 0 21 84 32 5 2 3 
4 5 13 58 53 5 2 4 
8 5 42 59 81 2 8 1 
4 1 36 33 8 2 4 1 
1 2 38 2 48 7 0 4 
2 3 16 46 67 2 3 9 
0 0 31 47 60 3 2 0 
2 5 38 17 28 3 6 8 
7 4 38 57 81 7 0 4 
2 1 0 36 42 7 8 7 
5 7 25 60 86 9 1 4 
0 9 16 50 34 0 3 7 
7 0 13 50 75 4 2 9 
6 6 63 43 69 4 4 4 
2 0 11 20 53 2 1 0 
7 3 16 30 45 0 0 8 
4 4 17 45 57 1 2 1 
8 3 22 37 57 4 0 9 
7 7 9 81 56 3 2 3 
1 7 49 32 70 1 0 8 
9 0 31 65 62 5 0 0 
1 9 54 42 36 6 3 4 
5 4 15 18 30 3 2 8 
0 7 32 51 44 2 0 9 
5 9 11 16 49 9 3 5 
3 0 4 99 43 9 6 7 
1 3 0 47 67 7 6 6 
4 4 26 43 22 9 1 1 
6 6 71 68 66 1 8 8 
8 3 56 56 66 1 5 9 
0 2 22 41 19 4 6 6 
6 4 54 78 68 3 0 6 
3 5 0 48 35 5 3 6 
6 8 43 47 67 4 6 7 
6 9 14 62 55 3 1 9 
2 2 29 83 21 1 1 7 
3 5 33 81 33 4 8 0 
1 2 41 55 75 4 1 2 
9 1 45 55 44 3 4 9 
8 4 0 19 57 6 8 5 
9 0 73 41 24 2 0 8 
1 8 28 47 78 9 8 9 
3 3 24 41 37 2 8 5 
6 7 12 42 33 7 7 7 
7 6 9 50 31 0 0 6 
6 0 43 61 75 9 7 7 
6 7 24 50 70 8 4 8 
7 2 4 46 46 5 4 9 
2 1 43 86 72 9 9 1 
6 0 9 48 47 6 5 4 
6 6 5 4 51 6 1 8 
7 9 14 25 60 2 1 7 
1 1 72 41 44 8 1 5 
4 8 33 74 64 1 2 2 
1 9 11 82 48 8 5 5 
6 8 18 66 71 4 8 0 
0 6 42 42 22 7 9 5 
2 4 29 24 69 4 8 3 
6 6 19 40 55 9 9 2 
0 6 0 34 60 0 2 0 
0 6 10 31 15 6 5 9 
9 4 19 53 67 3 8 3 
1 6 5 40 65 8 0 3 
6 9 15 50 29 7 5 8 
9 1 53 23 57 7 9 8 
6 6 37 32 58 5 9 7 
3 9 35 71 52 8 1 0 
1 5 21 66 54 7 8 3 
4 4 40 50 56 7 5 1 
6 0 24 21 27 3 9 7 
3 7 39 47 41 2 1 8 
5 8 43 36 18 3 1 8 
6 8 37 64 56 7 8 6 
9 4 54 29 55 2 8 9 
5 0 11 31 62 2 3 7 
2 2 25 47 34 2 5 4 
2 3 52 58 83 2 4 0 
6 3 38 49 63 4 3 1 
1 1 28 8 71 9 9 7 
6 8 44 49 65 8 5 7 
4 1 26 25 67 0 3 9 
1 6 15 82 60 2 6 3 
4 4 41 19 60 6 6 6 
6 7 29 60 15 5 0 1 
6 9 42 13 54 3 0 5 
4 1 2 66 27 2 5 2 
9 7 72 48 55 0 2 0 
2 7 8 32 47 0 3 5 
3 6 26 83 43 7 7 0 
2 9 34 7 55 6 9 1 
7 4 48 81 52 9 2 5 
5 0 17 50 30 6 8 0 
3 1 31 78 51 7 3 5 
4 4 79 46 49 0 5 0 
1 0 7 20 74 0 7 6 
1 1 57 29 48 4 5 6 
9 6 7 39 47 9 9 6 
7 0 0 91 89 6 7 0 
4 7 68 48 38 7 6 9 
0 7 0 43 46 3 6 0 
2 1 0 43 63 9 4 5 
6 3 40 58 44 6 2 2 
5 2 2 85 71 3 5 3 
3 1 18 45 33 3 5 0 
1 5 35 65 14 8 3 7 
5 5 44 63 61 4 8 8 
3 2 30 57 46 9 0 4 
8 1 41 65 50 2 3 0 
7 9 37 18 49 4 7 2 
5 5 9 21 63 4 5 5 
3 3 16 69 49 2 1 7 
8 5 26 37 25 7 1 9 
0 5 41 75 30 5 7 2 
2 9 2 86 69 9 1 5 
2 3 36 20 72 7 6 2 
4 6 20 65 71 3 0 9 
6 9 51 76 45 9 3 4 
7 9 16 54 17 8 4 8 
1 8 25 64 56 8 2 4 
3 2 10 44 52 9 6 4 
2 6 26 38 20 9 0 7 
2 6 32 42 46 1 7 4 
1 1 36 38 50 4 8 1 
6 1 45 15 25 0 0 0 
6 6 14 17 72 9 2 7 
0 0 9 50 4 5 7 0 
8 4 0 52 24 9 5 1 
9 6 38 60 65 6 0 5 
7 8 21 61 53 3 5 3 
9 1 21 53 17 2 2 3 
9 2 28 54 32 1 3 6 
5 1 25 10 70 9 0 0 
0 2 41 28 70 7 3 8 
0 8 24 15 33 0 1 9 
9 4 0 53 32 3 4 6 
4 8 31 55 75 7 0 3 
8 6 47 60 70 5 0 3 
9 3 8 34 15 2 4 8 
6 8 35 45 38 6 0 4 
5 0 19 65 8 3 7 2 
1 3 41 30 37 9 0 1 
2 4 0 4 38 0 9 9 
0 3 24 29 13 7 4 5 
2 1 24 40 37 2 2 7 
4 2 16 28 85 8 6 7 
9 4 0 1 7 5 2 9 
9 2 19 65 54 0 7 6 
3 8 28 19 17 3 6 3 
8 6 60 66 54 2 4 9 
7 1 43 3 54 4 9 1 
6 1 46 58 62 7 5 7 
0 5 0 52 78 0 6 5 
7 0 40 41 48 7 9 4 
9 6 2 42 17 6 6 5 
5 0 48 39 25 8 4 1 
7 6 38 49 18 0 7 0 
2 7 19 45 42 5 5 9 
9 2 0 20 32 4 2 3 
3 3 47 48 56 5 6 8 
8 2 8 52 49 7 4 3 
5 0 0 41 59 2 5 3 
8 5 52 100 46 4 0 6 
9 1 31 59 40 3 9 2 
9 7 18 41 72 4 3 7 
5 7 38 82 36 4 7 3 
1 3 27 30 48 8 4 1 
7 4 0 56 28 2 4 8 
9 5 2 34 43 6 5 2 
6 9 28 42 51 9 5 4 
0 8 27 63 16 6 2 3 
7 7 35 79 38 3 8 1 
4 0 61 93 71 5 3 4 
3 7 36 44 61 1 2 2 
1 1 22 75 65 4 0 3 
2 1 39 68 44 5 5 9 
6 6 54 37 76 4 1 7 
2 2 12 75 66 7 2 6 
2 3 41 69 45 0 2 3 
1 5 38 37 39 3 8 8 
7 2 44 14 0 6 3 5 
2 2 21 48 15 8 5 1 
8 4 20 26 48 6 7 5 
4 1 57 21 55 2 2 9 
9 2 33 34 43 8 1 9 
8 6 27 72 34 4 7 6 
6 6 4 69 53 4 7 3 
7 4 13 49 26 6 9 6 
7 4 38 70 22 6 0 2 
8 2 6 42 40 8 2 1 
8 8 30 57 23 8 9 6 
1 9 46 59 74 3 2 0 
3 3 36 66 46 8 1 9 
0 1 17 9 73 6 6 9 
7 5 45 45 50 6 8 9 
7 1 3 35 6 2 5 7 
3 3 43 53 59 5 9 0 
0 6 10 59 47 7 4 5 
3 6 26 48 50 9 6 6 
8 9 15 46 52 8 6 9 
4 6 50 69 42 2 1 8 
2 3 34 56 41 1 0 4 
8 5 51 62 91 5 5 8 
9 7 13 24 32 1 1 7 
1 0 20 66 68 8 9 5 
0 0 39 65 59 3 6 6 
1 7 34 7 35 6 8 5 
4 6 38 84 66 6 8 4 
9 2 85 71 52 1 4 0 
5 0 44 20 18 7 8 7 
3 2 0 56 42 8 9 7 
0 8 48 92 56 6 1 1 
5 7 0 66 16 4 1 4 
9 9 41 35 45 6 7 4 
1 0 57 32 41 1 6 7 
2 0 56 81 54 7 6 6 
8 2 39 39 43 8 7 0 
3 6 31 32 43 9 9 4 
6 1 35 77 65 7 2 4 
6 7 53 60 13 6 7 9 
8 1 17 36 44 1 8 3 
1 4 6 56 54 8 0 3 
9 4 21 38 76 1 3 5 
7 9 42 72 61 8 1 0 
3 2 2 39 70 9 8 1 
4 4 0 30 46 1 3 1 
4 5 17 41 51 2 0 8 
7 8 0 71 45 4 5 9 
5 3 37 15 67 7 8 7 
6 2 21 31 54 4 9 2 
8 0 0 67 71 0 0 8 
5 5 23 55 68 0 2 4 
1 8 24 72 29 5 5 2 
9 8 0 20 13 2 1 8 
3 6 18 46 35 9 5 0 
1 4 24 3 20 4 7 8 
8 4 61 53 23 1 6 1 
9 3 27 37 62 0 7 9 
9 1 0 76 83 7 2 0 
7 2 42 44 26 3 0 6 
2 8 23 48 7 0 3 1 
8 6 31 72 114 8 3 5 
5 7 47 70 34 2 5 7 
1 5 47 78 56 7 3 8 
8 1 29 48 69 3 5 5 
7 6 0 38 33 5 9 4 
0 7 0 34 85 9 9 7 
2 2 46 31 75 1 2 2 
0 6 3 68 67 0 8 3 
2 6 33 44 29 0 0 5 
2 5 28 58 20 5 5 9 
6 6 29 61 83 8 0 9 
0 4 42 50 55 9 1 6 
9 1 45 31 44 6 7 1 
5 6 24 53 35 0 6 6 
4 6 36 48 47 7 3 0 
6 0 34 25 60 0 2 2 
9 3 21 65 79 4 3 7 
9 9 21 48 11 8 1 2 
2 1 6 39 56 9 0 2 
7 6 54 42 50 8 3 9 
0 3 57 47 30 1 1 2 
7 3 37 58 73 8 3 4 
2 1 26 38 26 6 6 1 
3 9 64 29 74 8 2 7 
8 6 12 66 49 8 9 3 
1 7 28 52 67 3 6 8 
3 2 70 38 11 8 9 9 
5 6 46 58 25 3 1 0 
3 0 16 82 15 3 9 8 
6 2 7 36 32 1 7 0 
9 4 58 74 46 4 5 7 
3 8 37 61 44 6 7 7 
5 4 5 55 68 9 1 5 
3 6 0 72 25 2 4 7 
0 0 27 44 47 3 3 6 
6 5 68 61 33 9 7 7 
0 8 57 29 69 3 9 4 
9 3 18 67 52 8 4 7 
6 3 40 70 63 3 6 3 
2 0 10 45 76 0 5 7 
4 5 45 46 39 1 0 6 
7 1 19 66 68 5 7 9 
8 3 29 49 50 8 2 6 
1 5 44 33 77 0 1 3 
8 2 21 47 22 5 8 2 
4 0 9 43 63 4 6 8 
7 7 21 67 43 2 2 4 
7 3 56 49 76 1 9 9 
1 1 21 36 43 2 5 6 
3 2 49 52 39 8 8 9 
9 4 38 38 15 2 6 1 
1 6 16 40 50 9 6 8 
8 0 15 19 38 2 2 0 
9 2 37 68 40 4 4 6 
6 8 11 45 90 0 3 9 
3 5 18 66 80 5 8 4 
5 4 32 98 67 3 7 9 
1 4 3 46 31 3 2 5 
9 8 15 20 22 5 9 2 
6 7 53 43 86 4 4 9 
6 8 8 52 40 9 0 6 
4 9 14 47 70 8 0 9 
4 1 36 36 86 6 6 1 
3 3 0 49 50 8 6 8 
4 0 51 57 42 8 2 0 
1 1 19 25 75 2 3 0 
0 3 48 74 41 1 9 6 
5 0 20 71 60 4 2 6 
3 4 19 48 32 2 0 2 
5 8 63 27 38 1 7 3 
6 4 0 44 76 6 5 8 
0 4 23 26 30 3 5 5 
0 3 57 65 53 8 5 9 
2 6 30 39 62 8 8 7 
7 4 17 60 41 1 8 3 
8 5 16 31 42 3 3 3 
0 2 56 33 54 7 1 7 
5 6 31 50 51 1 8 5 
8 9 25 56 75 7 2 0 
3 1 22 76 62 5 6 3 
1 8 29 56 62 0 1 2 
3 2 91 64 59 5 7 7 
5 9 19 33 47 4 6 0 
2 2 0 33 31 7 7 6 
9 1 40 48 51 9 3 4 
0 1 39 24 64 2 6 8 
9 0 51 59 19 9 5 4 
6 8 24 64 37 7 1 7 
4 8 5 48 53 5 0 5 
5 0 38 52 45 7 2 2 
9 6 31 40 102 2 7 1 
4 3 50 57 25 4 5 2 
7 0 27 54 75 2 5 6 
7 4 45 75 50 6 6 6 
2 5 31 32 39 6 4 4 
9 4 29 32 75 9 3 8 
6 8 27 51 50 9 7 9 
9 6 1 46 39 4 8 6 
6 6 38 74 71 6 0 9 
2 2 0 11 49 8 0 7 
8 4 52 44 0 5 6 6 
3 6 33 55 30 1 6 4 
8 6 31 74 47 4 6 3 
7 3 11 63 49 8 3 2 
9 8 32 44 27 8 2 4 
7 1 21 63 54 5 1 0 
0 4 19 49 19 1 3 6 
8 2 24 20 52 8 0 7 
6 7 30 48 43 9 2 4 
4 7 32 85 87 4 0 9 
7 4 39 2 66 9 9 1 
4 4 10 56 49 0 5 0 
2 9 50 77 59 3 1 6 
9 4 47 18 41 4 0 7 
5 8 0 23 64 0 6 0 
1 7 45 50 18 1 8 4 
2 6 90 58 18 4 5 8 
7 8 50 24 46 3 1 9 
1 4 30 99 22 4 5 3 
6 5 22 71 50 6 5 2 
4 9 50 76 2 0 3 3 
2 2 58 38 66 9 1 9 
3 1 12 80 58 2 6 4 
0 1 39 77 47 0 6 6 
3 9 44 74 58 3 6 8 
0 7 47 47 39 6 8 1 
1 5 46 44 72 9 7 5 
3 4 2 79 25 6 6 7 
4 9 28 27 20 1 6 5 
4 5 36 68 24 6 3 5 
6 9 46 65 27 2 8 5 
0 5 69 72 56 7 9 0 
7 1 22 57 33 3 2 4 
3 7 66 57 77 1 1 2 
2 9 42 60 74 9 1 0 
9 9 8 64 33 3 8 8 
8 3 26 57 7 1 5 9 
1 7 61 48 62 1 3 5 
3 2 35 68 80 1 7 3 
0 6 40 46 18 0 7 9 
4 9 39 17 51 0 9 6 
1 6 33 66 39 7 9 3 
9 2 33 20 12 8 9 1 
0 3 18 47 86 2 1 3 
1 6 12 40 77 2 9 5 
7 6 35 41 67 0 6 6 
3 6 51 42 0 8 7 9 
6 8 6 28 49 0 9 9 
6 4 10 44 53 3 5 8 
2 3 37 66 51 5 8 6 
3 3 48 46 23 3 6 1 
5 3 45 49 36 9 4 2 
5 8 2 42 43 0 1 2 
6 0 3 49 21 1 2 8 
3 8 38 30 57 1 9 7 
0 4 35 31 24 1 6 8 
2 5 19 54 28 2 5 2 
5 8 33 19 50 7 1 4 
3 5 63 49 85 9 8 4 
3 0 33 90 6 6 2 2 
8 2 16 49 34 1 3 5 
9 4 25 45 30 1 7 0 
8 7 34 49 38 4 6 3 
5 7 29 51 0 1 4 7 
4 7 41 32 22 0 8 2 
4 4 0 74 61 9 2 5 
4 5 50 54 46 9 7 2 
0 7 28 79 69 8 0 0 
8 8 13 57 63 6 4 6 
2 1 44 53 14 9 6 7 
1 6 28 53 50 7 0 3 
5 7 4 55 40 6 7 7 
9 0 64 62 72 2 8 2 
9 0 46 21 64 3 2 2 
2 4 43 16 71 7 6 8 
7 4 29 42 57 2 9 5 
1 2 0 59 75 3 3 3 
9 6 86 35 63 8 4 3 
6 7 16 77 45 4 8 0 
9 2 27 46 5 2 8 0 
3 6 26 54 41 9 4 0 
1 2 31 76 68 1 8 3 
1 9 61 52 54 4 7 2 
7 9 50 56 19 1 6 0 
4 6 53 32 25 9 2 3 
2 7 26 33 22 8 5 0 
9 1 8 62 68 7 3 7 
5 7 32 39 68 0 9 6 
4 1 33 28 53 1 6 7 
5 8 20 44 54 0 7 4 
0 0 37 40 39 9 1 4 
2 2 38 20 26 6 2 2 
9 2 30 70 39 4 4 2 
9 0 41 9 32 8 1 7 
7 8 73 52 61 9 6 8 
3 9 41 33 30 4 5 9 
2 4 67 42 45 5 6 8 
0 4 57 52 27 7 4 2 
0 8 28 50 55 0 0 1 
6 0 43 75 84 7 5 9 
8 4 10 60 69 9 1 9 
5 2 11 26 54 9 6 9 
0 5 30 56 62 4 8 8 
0 6 29 69 70 2 1 7 
9 0 43 26 50 6 8 3 
4 5 14 26 31 6 0 9 
1 0 29 43 78 2 3 5 
5 5 5 73 73 0 4 6 
6 4 23 53 60 9 2 4 
1 3 25 42 44 2 1 0 
0 1 27 70 48 6 4 2 
7 5 28 89 19 8 0 9 
6 8 30 59 57 7 4 2 
3 1 43 48 46 3 5 1 
5 1 25 24 56 4 9 8 
9 4 25 61 32 6 8 3 
3 3 30 96 92 1 5 4 
5 3 9 46 34 0 8 5 
4 2 46 88 32 0 1 9 
0 3 18 45 14 3 3 6 
0 1 31 62 14 5 8 0 
7 4 25 72 33 6 3 2 
7 7 0 58 59 5 9 7 
2 5 0 51 42 9 1 9 
1 4 11 0 58 4 9 6 
1 7 18 65 43 4 8 5 
0 8 40 53 52 3 2 7 
0 5 8 66 55 7 2 7 
2 0 1 54 41 6 3 6 
1 0 62 37 3 6 9 1 
8 9 4 72 50 9 0 1 
1 1 60 33 47 8 8 7 
0 2 18 89 46 1 7 8 
2 0 0 76 39 4 4 2 
1 7 12 50 55 0 5 2 
8 3 32 46 55 9 7 0 
4 5 26 67 58 2 9 6 
8 5 61 58 11 8 9 0 
7 5 51 58 79 9 3 9 
2 9 27 52 23 9 3 1 
0 9 39 40 55 3 4 4 
5 7 54 64 44 4 9 3 
2 1 6 26 48 3 7 8 
6 6 16 72 56 1 0 7 
6 0 35 75 71 8 5 3 
1 7 38 35 34 4 5 8 
0 6 32 58 67 4 4 3 
2 8 24 41 93 5 7 1 
8 9 55 82 64 8 5 3 
4 1 29 26 38 0 1 5 
8 4 11 31 65 3 8 9 
1 7 7 18 38 9 6 4 
9 0 33 60 18 9 9 1 
1 3 18 65 45 3 0 6 
1 8 44 67 47 1 1 6 
7 5 1 53 40 5 0 9 
4 4 14 47 57 7 5 8 
5 2 38 33 48 0 2 6 
0 0 0 46 56 3 0 7 
5 9 21 62 65 0 0 5 
3 0 45 42 68 0 4 0 
2 7 29 33 59 9 4 6 
6 6 35 46 26 0 6 3 
5 9 58 35 21 2 8 7 
1 4 13 46 37 0 3 4 
9 8 18 27 70 9 0 4 
0 4 5 17 34 2 3 9 
2 6 48 55 18 3 0 6 
1 3 37 45 21 0 4 4 
6 1 2 36 86 1 1 8 
1 4 22 46 34 4 7 0 
7 6 19 40 114 2 9 8 
8 5 57 31 40 3 0 2 
9 3 34 36 44 5 4 5 
1 4 59 84 55 7 7 2 
5 4 3 35 45 4 4 0 
0 3 22 69 14 3 5 0 
6 4 81 38 50 0 7 5 
8 4 58 59 9 8 2 3 
5 2 9 33 23 5 4 7 
3 8 0 57 40 7 9 7 
5 1 40 32 52 0 3 3 
3 3 51 23 86 3 9 3 
6 6 1 18 13 0 0 6 
7 4 61 48 81 7 4 3 
1 5 15 39 66 3 2 6 
8 4 35 31 51 9 6 1 
9 6 17 39 28 9 2 5 
0 3 21 29 54 4 1 5 
7 5 25 45 60 3 6 6 
3 4 34 57 45 2 9 4 
0 2 42 59 28 5 0 4 
4 6 33 37 76 8 0 7 
4 4 28 92 53 3 3 6 
4 2 33 82 54 5 5 0 
6 9 19 47 67 1 2 9 
7 7 72 51 56 2 4 1 
3 4 4 27 77 5 4 6 
6 3 10 29 36 5 2 0 
7 4 0 47 53 3 8 4 
8 4 28 59 40 0 4 5 
5 1 24 78 50 4 6 7 
1 6 0 56 57 7 5 4 
3 2 0 61 88 2 6 3 
7 6 26 27 57 6 5 3 
9 0 49 56 69 2 7 4 
8 7 44 68 54 4 4 0 
1 8 7 34 2 9 9 7 
7 6 10 58 19 3 8 6 
7 6 17 77 66 9 1 6 
4 0 14 46 56 4 1 9 
1 0 40 36 79 2 5 4 
6 8 14 58 28 7 0 3 
2 5 26 23 110 6 6 3 
7 4 23 72 51 6 5 3 
2 8 18 0 39 1 9 2 
8 4 14 38 75 2 2 5 
1 0 35 81 53 9 2 3 
1 8 10 57 45 9 8 3 
8 7 0 23 7 2 6 2 
1 5 34 16 20 0 1 3 
8 0 38 82 36 9 3 1 
0 8 78 39 61 9 2 9 
7 4 21 57 12 9 7 9 
4 8 40 51 18 7 8 5 
4 1 19 55 115 6 6 8 
4 1 56 55 52 2 5 0 
9 6 75 32 65 7 6 3 
8 2 10 44 55 8 1 4 
9 4 13 61 27 1 2 6 
5 1 19 49 20 8 8 6 
8 6 62 27 63 6 1 7 
8 0 35 78 9 0 8 0 
2 6 13 40 45 4 0 5 
8 2 55 70 30 9 0 2 
6 1 26 47 11 3 3 1 
7 2 42 52 61 4 0 7 
9 3 6 29 20 1 1 9 
6 1 0 58 39 0 9 1 
0 7 8 73 82 7 8 0 
3 6 0 0 40 2 9 7 
9 7 46 48 73 9 8 9 
9 4 55 53 27 1 3 5 
3 8 32 40 26 2 8 8 
9 9 0 34 52 1 3 0 
0 8 40 79 14 8 7 0 
2 3 0 42 65 2 3 8 
6 7 5 78 55 3 0 2 
6 5 26 73 42 9 3 4 
1 3 11 25 33 2 5 7 
7 5 59 32 14 8 7 3 
9 7 69 37 41 1 6 9 
1 2 21 40 62 6 1 5 
6 2 27 32 46 0 8 9 
4 1 35 47 46 3 4 2 
1 3 46 81 64 7 2 8 
3 6 13 75 68 0 7 7 
6 4 0 66 44 9 6 2 
0 3 20 12 46 3 9 7 
7 2 24 61 54 6 6 9 
9 7 45 36 76 0 4 3 
2 9 22 42 46 2 0 6 
6 9 27 68 30 1 1 9 
2 6 48 54 40 8 4 6 
6 7 0 39 64 5 1 2 
5 8 2 33 50 5 1 8 
3 7 40 45 11 7 3 1 
0 1 57 47 55 9 0 3 
2 6 12 70 25 1 2 7 
3 2 3 14 51 3 8 5 
2 8 6 33 45 9 6 1 
1 6 34 98 38 3 2 3 
8 6 27 48 24 0 0 0 
6 4 3 35 73 8 3 1 
7 3 0 32 76 2 2 9 
2 1 56 64 35 4 7 3 
5 3 56 28 48 3 4 8 
6 0 48 35 53 9 5 6 
8 8 38 43 79 6 2 2 
3 2 9 22 54 1 7 0 
4 2 55 69 34 3 5 5 
5 4 17 67 53 3 7 1 
3 2 12 38 59 1 0 8 
3 3 51 65 17 6 8 4 
3 0 13 38 21 1 6 3 
2 7 25 45 66 5 7 2 
6 2 42 39 35 7 4 6 
5 5 37 69 46 3 0 9 
6 1 64 76 55 3 7 4 
8 3 27 20 62 7 7 3 
3 8 6 61 86 6 0 2 
9 3 9 36 35 3 5 1 
2 8 19 28 37 3 2 5 
0 1 2 13 64 0 5 0 
5 5 19 51 56 1 2 9 
2 4 5 75 34 0 9 5 
1 0 34 48 58 6 1 8 
8 4 80 63 0 1 5 0 
2 1 24 48 37 5 3 3 
5 7 29 60 36 6 8 1 
4 9 22 39 102 7 5 1 
8 5 38 54 35 2 8 1 
2 8 17 90 23 8 2 7 
1 7 21 30 28 7 7 3 
5 0 49 82 108 5 4 2 
9 5 53 31 77 2 2 6 
9 9 6 32 72 1 3 0 
1 2 10 58 18 3 8 7 
5 4 41 23 38 6 0 0 
7 0 41 59 40 5 6 9 
5 4 19 44 35 2 0 1 
0 5 18 68 11 0 1 0 
8 5 26 47 82 5 4 3 
6 6 48 61 54 8 6 5 
3 5 38 12 9 5 7 6 
8 6 10 40 15 2 0 1 
5 2 26 7 52 1 9 2 
5 5 33 81 64 9 7 1 
7 7 35 77 52 4 1 3 
8 5 48 48 36 8 4 3 
8 4 41 41 67 3 9 5 
4 9 23 75 50 5 2 3 
5 6 24 88 11 0 3 7 
1 0 41 48 75 8 8 6 
0 9 31 70 48 5 8 4 
1 9 38 24 42 6 5 9 
0 4 12 61 46 2 7 6 
9 1 17 45 53 0 6 0 
7 2 29 42 66 1 7 4 
4 4 25 50 58 9 5 7 
8 2 53 71 46 3 9 3 
0 2 32 44 58 1 3 1 
9 4 7 52 31 1 2 6 
8 4 26 40 58 6 1 5 
2 3 53 67 55 3 2 3 
8 7 53 88 68 8 1 5 
9 3 18 8 72 5 9 5 
2 3 25 11 80 1 7 6 
7 0 35 34 48 5 1 5 
6 7 20 68 26 7 1 1 
6 9 41 53 65 2 8 6 
3 7 24 0 36 6 8 5 
7 0 39 71 34 5 8 9 
2 2 47 65 62 3 9 2 
3 3 26 50 45 7 6 6 
4 7 35 69 61 1 7 8 
6 5 38 82 67 1 7 2 
8 3 35 70 40 2 0 8 
7 6 14 32 3 8 3 7 
5 2 13 48 70 0 2 6 
0 4 50 38 48 9 9 6 
7 2 0 65 40 8 7 5 
8 5 13 42 45 8 5 5 
5 2 22 40 100 2 5 3 
8 2 51 36 54 8 2 3 
9 1 80 81 37 7 2 1 
9 2 21 76 53 8 3 2 
4 6 36 82 94 0 0 7 
8 1 28 86 32 4 9 2 
4 8 46 33 79 0 7 7 
6 4 35 34 55 7 7 7 
6 1 53 37 54 6 2 3 
7 4 9 73 58 5 9 6 
8 6 12 23 53 6 9 7 
0 3 19 15 88 0 4 4 
1 4 57 40 43 3 6 5 
2 5 0 54 27 0 9 2 
0 7 46 69 65 5 9 7 
0 7 17 20 67 3 2 1 
3 7 19 62 27 5 2 8 
2 4 5 50 82 7 4 0 
7 8 13 11 62 7 6 9 
1 9 16 47 39 8 6 5 
5 4 40 0 73 9 6 2 
2 3 37 93 42 3 6 4 
5 4 33 14 58 1 6 0 
0 5 50 61 36 1 0 7 
7 7 35 37 71 8 0 7 
2 2 24 41 27 4 8 6 
2 9 67 46 111 4 5 3 
1 3 13 43 17 4 4 3 
9 1 51 51 59 4 3 8 
3 2 50 70 46 4 2 1 
2 1 44 37 86 3 8 5 
9 2 52 40 36 0 7 5 
1 8 35 40 21 9 1 1 
1 5 61 75 76 5 2 0 
5 6 26 41 50 7 7 0 
6 6 45 86 43 7 4 3 
5 5 16 79 60 2 9 8 
0 6 0 75 60 2 0 7 
5 1 43 59 49 0 3 2 
9 9 26 72 38 6 2 0 
0 2 55 66 46 0 6 5 
8 8 55 75 90 1 4 3 
1 6 38 73 62 4 7 3 
8 6 68 17 38 8 0 7 
4 7 42 32 22 9 9 3 
5 8 15 42 12 4 8 1 
3 2 21 77 23 5 5 6 
1 7 20 62 51 0 2 7 
5 2 31 41 46 0 6 2 
8 2 36 38 50 3 1 6 
3 1 25 37 46 0 5 3 
4 4 34 50 48 7 0 7 
1 1 29 53 52 7 1 6 
7 9 55 48 35 9 1 7 
7 2 62 63 42 1 0 0 
3 6 18 40 51 4 8 7 
2 4 40 89 65 2 0 9 
3 7 38 32 57 4 2 6 
8 8 42 55 62 3 3 2 
5 7 11 17 69 3 0 9 
9 6 45 31 32 9 6 8 
3 5 42 8 42 7 1 4 
6 9 59 65 68 3 8 6 
7 8 49 49 70 4 0 6 
5 1 69 63 25 4 5 3 
2 1 38 30 83 2 7 2 
1 9 0 21 41 9 8 9 
7 7 17 84 40 1 6 8 
3 7 28 39 80 3 2 3 
1 1 0 72 28 1 9 5 
2 7 56 21 66 0 0 1 
5 7 0 49 68 4 4 5 
1 1 19 56 61 9 8 4 
9 6 2 33 27 2 4 4 
6 4 38 55 74 4 6 6 
4 7 50 50 85 4 3 4 
0 8 33 44 43 0 3 8 
5 1 7 56 38 2 1 4 
4 5 43 13 65 5 4 6 
4 3 7 47 45 5 6 2 
6 4 82 64 50 4 3 5 
4 1 26 45 45 7 2 0 
4 5 15 56 36 4 2 9 
3 8 74 40 31 9 5 9 
7 4 29 49 34 0 1 7 
0 1 25 44 56 3 8 3 
4 8 5 10 34 8 7 6 
6 6 38 82 53 4 9 4 
1 6 29 34 65 6 9 8 
1 7 12 31 21 5 5 9 
3 6 48 35 34 2 7 9 
2 9 42 30 40 2 4 6 
6 3 46 10 34 7 6 2 
3 0 14 30 46 1 5 0 
8 1 40 13 52 1 1 8 
7 6 12 38 31 7 4 9 
5 7 49 8 39 2 5 7 
4 2 39 24 69 8 9 5 
2 5 10 53 88 0 4 1 
1 0 52 21 43 1 6 3 
2 1 20 24 24 8 1 2 
1 2 35 48 71 5 4 7 
1 0 44 42 37 7 0 0 
1 3 46 64 43 0 8 9 
2 4 37 46 39 4 7 7 
4 4 12 11 31 9 2 1 
0 2 75 68 45 3 1 5 
2 6 14 55 43 8 3 2 
3 6 33 15 42 5 0 7 
6 2 9 36 6 2 4 1 
5 7 0 84 10 0 9 5 
7 8 12 48 33 0 6 6 
0 1 35 51 73 7 8 9 
6 5 67 44 43 5 4 5 
3 4 13 18 31 6 7 2 
4 5 51 92 21 0 0 4 
6 3 9 51 60 0 5 1 
9 0 15 27 38 9 8 2 
0 7 32 24 49 6 8 3 
6 6 16 9 31 4 5 0 
5 7 26 40 54 4 9 8 
6 0 40 7 40 6 4 7 
4 3 36 47 62 2 9 0 
3 6 0 46 73 2 3 3 
1 6 16 60 47 6 4 6 
2 5 17 41 43 3 0 6 
1 0 48 62 52 3 3 8 
4 5 29 0 31 4 7 1 
5 6 20 82 56 2 9 8 
9 6 32 78 29 0 0 6 
0 1 53 91 34 9 5 3 
3 4 35 88 62 3 1 4 
0 9 37 44 43 6 0 7 
1 8 76 61 72 3 1 7 
9 5 0 51 68 2 4 9 
0 0 13 14 10 7 9 4 
7 8 31 36 20 0 5 5 
0 7 54 28 47 0 1 0 
9 9 23 53 55 9 5 2 
0 7 1 23 32 4 0 5 
8 3 51 28 60 9 1 2 
4 4 85 7 61 3 9 2 
0 3 40 2 60 8 9 6 
3 5 31 36 62 0 8 6 
8 2 0 41 28 7 5 7 
2 8 14 33 37 9 0 2 
5 1 31 48 71 5 5 3 
4 8 37 28 36 8 6 7 
8 8 9 84 40 9 0 9 
3 3 52 64 63 2 6 5 
5 5 16 60 34 2 5 8 
0 9 30 49 67 1 5 8 
1 3 15 35 77 9 0 5 
3 8 13 55 59 4 2 6 
0 0 59 80 80 1 8 0 
7 0 27 86 69 3 8 7 
1 2 28 13 43 2 0 4 
5 8 30 59 44 2 6 2 
7 4 46 38 42 8 5 1 
7 2 2 74 46 2 0 0 
9 6 15 46 48 1 2 6 
5 3 21 23 0 6 3 6 
7 9 32 61 15 0 4 4 
7 4 27 53 61 8 1 3 
3 0 17 51 50 0 5 5 
1 5 44 73 54 3 2 3 
7 3 51 64 48 2 9 3 
1 4 20 41 61 4 4 2 
9 6 69 29 56 7 8 3 
6 9 49 45 62 7 9 4 
8 3 22 58 52 3 3 4 
6 1 55 51 33 1 0 0 
0 0 98 24 33 3 5 4 
6 1 59 59 17 4 8 6 
9 5 28 62 37 8 0 3 
3 5 38 61 90 5 6 8 
0 1 32 67 50 7 9 8 
2 2 45 77 87 0 3 8 
2 3 0 52 39 6 5 8 
0 9 25 28 107 6 9 0 
8 8 46 32 52 7 0 8 
0 9 24 26 55 8 0 6 
6 9 23 11 43 7 0 2 
0 1 37 49 53 5 6 6 
6 8 37 34 26 5 5 0 
5 3 3 49 31 9 4 9 
3 7 48 22 53 5 4 6 
3 8 34 56 39 7 2 4 
1 2 30 64 68 5 2 6 
0 3 17 74 67 7 2 6 
4 3 39 91 32 7 1 3 
6 3 30 22 53 9 1 6 
9 1 29 45 37 6 7 9 
0 0 19 56 32 3 6 4 
4 4 33 55 43 1 1 9 
6 0 34 64 65 3 5 5 
3 9 16 55 57 0 6 6 
5 5 31 45 22 9 4 4 
5 0 23 74 48 0 3 9 
5 3 37 49 67 1 4 0 
3 7 57 40 45 5 0 6 
4 3 22 37 50 1 5 7 
1 3 20 83 44 6 0 0 
1 1 13 47 34 5 5 5 
9 2 3 12 40 5 5 5 
2 8 2 36 22 8 2 7 
9 8 50 26 69 0 6 0 
6 8 28 94 80 5 8 4 
8 9 11 23 65 6 3 4 
6 6 0 42 29 7 3 6 
9 0 53 50 64 2 9 0 
2 1 28 72 66 3 0 4 
4 0 55 68 58 1 0 3 
1 5 26 54 70 3 9 3 
