8 3700
1 4 20 43 35 6 5 5 
3 8 16 92 24 9 1 1 
0 5 53 48 79 7 1 6 
8 8 0 41 10 2 2 6 
1 5 26 42 57 5 8 4 
3 5 0 68 83 5 1 2 
2 3 42 65 57 8 4 2 
0 0 36 59 83 7 9 2 
0 9 32 28 41 3 2 3 
9 5 10 46 91 7 3 9 
5 9 19 30 43 9 9 3 
5 2 54 49 43 2 6 0 
4 4 9 20 57 2 2 4 
6 3 30 39 74 3 2 6 
8 4 39 58 48 7 6 9 
1 8 15 31 36 9 4 8 
4 3 4 79 56 3 7 1 
0 6 37 28 53 9 3 6 
3 2 34 28 68 8 9 9 
5 1 14 51 53 9 3 2 
4 4 15 55 45 7 9 3 
7 2 15 31 73 0 4 5 
5 2 24 74 26 5 3 2 
2 9 22 23 36 9 8 8 
2 4 51 28 55 4 5 6 
4 6 0 52 20 7 2 6 
0 0 29 82 38 6 0 1 
6 3 0 56 36 0 8 7 
6 8 36 44 39 2 4 1 
3 2 30 64 41 3 4 9 
3 6 48 61 64 0 0 6 
7 8 8 58 58 8 4 1 
5 5 8 64 45 2 3 3 
6 5 2 56 48 5 4 1 
7 7 39 57 40 3 3 6 
4 4 55 15 48 0 6 1 
6 9 67 68 82 3 3 7 
1 5 32 54 33 8 7 3 
1 8 6 48 32 9 4 4 
2 6 24 38 35 0 7 6 
4 1 24 38 91 7 9 9 
6 7 31 29 75 9 1 3 
0 8 33 50 77 4 0 2 
2 4 54 41 70 7 5 9 
8 2 65 54 51 8 7 9 
1 5 18 53 74 2 8 4 
2 8 45 47 48 3 4 2 
7 7 10 71 48 3 8 0 
7 0 6 58 33 5 9 4 
6 8 28 79 26 7 9 2 
0 0 41 34 41 8 1 6 
6 0 33 52 88 3 7 8 
8 7 64 24 57 7 7 2 
8 7 41 84 45 1 5 1 
2 2 16 35 52 2 9 3 
6 3 1 26 24 0 4 5 
0 4 32 78 23 6 9 2 
2 7 53 43 6 2 7 9 
8 4 0 50 37 9 4 8 
3 8 34 43 89 1 7 5 
4 6 75 20 62 7 1 3 
0 8 50 35 68 4 4 7 
4 5 25 64 70 0 7 6 
8 8 24 43 61 7 6 4 
7 5 49 57 32 2 9 4 
0 3 35 52 60 3 2 6 
4 1 32 39 45 3 7 7 
8 7 20 54 34 3 4 8 
0 5 42 41 45 3 1 0 
2 2 21 38 56 5 9 3 
8 9 0 5 62 5 3 5 
5 5 27 57 65 5 8 6 
0 5 10 55 45 3 0 3 
8 5 16 66 49 5 9 6 
8 8 0 52 24 6 1 5 
6 7 37 38 62 6 9 9 
7 2 75 29 51 7 6 1 
2 4 37 27 87 0 8 2 
7 2 31 14 44 1 0 2 
3 2 61 32 55 0 2 6 
6 7 49 48 49 1 7 1 
0 0 31 76 7 1 7 8 
0 3 47 0 45 3 4 7 
8 2 52 37 46 3 1 1 
5 8 44 32 54 8 3 6 
4 7 48 25 74 0 6 8 
0 8 32 47 60 0 6 1 
1 8 15 45 86 4 8 0 
7 0 21 21 50 4 5 9 
7 7 31 35 54 2 6 5 
1 5 18 54 54 0 1 6 
9 5 33 63 61 3 6 6 
0 8 55 17 20 1 0 3 
3 2 43 55 44 8 6 3 
4 2 20 39 23 7 3 6 
7 7 53 6 31 1 4 8 
3 3 13 38 54 0 8 5 
3 3 19 67 88 4 2 2 
6 8 46 33 36 5 7 5 
5 0 56 52 56 8 6 0 
5 9 8 13 38 2 2 0 
5 9 17 40 46 4 4 3 
9 3 28 20 43 6 0 4 
2 8 36 68 32 3 7 9 
9 5 62 79 41 9 3 7 
3 0 29 32 62 8 1 1 
2 5 12 36 65 0 9 4 
4 5 65 69 79 3 7 5 
8 9 22 56 43 3 7 7 
7 9 22 66 55 3 3 2 
6 3 61 56 33 2 5 7 
6 3 15 65 40 1 1 5 
1 6 32 77 48 5 7 1 
2 7 0 73 11 1 1 9 
7 6 10 75 88 5 7 0 
4 1 9 60 51 3 1 0 
5 6 29 85 0 4 3 9 
7 3 36 58 64 1 2 0 
1 4 23 3 45 5 4 9 
5 7 25 56 62 3 2 9 
8 4 7 70 30 3 4 7 
0 7 38 50 62 5 9 9 
4 7 48 58 80 7 6 9 
8 1 22 19 31 7 7 2 
0 6 53 41 43 2 1 2 
9 6 39 75 38 9 8 4 
5 7 20 35 64 1 1 3 
3 5 25 46 8 6 9 9 
5 4 23 39 83 5 9 6 
6 9 47 84 44 5 1 8 
5 3 29 18 56 6 0 0 
9 5 2 54 36 0 9 3 
0 1 16 28 94 9 0 0 
4 7 39 63 48 6 7 3 
6 2 38 40 69 4 1 8 
1 7 35 48 52 0 1 6 
1 8 90 73 81 5 2 7 
2 0 76 30 54 5 7 0 
4 1 0 55 38 1 3 4 
4 8 0 44 21 8 1 7 
6 4 38 26 55 6 5 9 
1 6 37 35 52 1 1 9 
1 9 36 64 34 5 8 4 
3 5 10 31 33 9 0 0 
5 8 5 61 15 3 5 1 
1 6 30 29 48 2 9 2 
9 9 13 72 0 3 4 1 
0 6 11 80 30 7 7 4 
1 6 44 54 13 9 9 3 
0 0 63 42 64 6 9 8 
2 1 49 63 32 9 7 2 
4 7 57 38 57 9 2 9 
3 9 39 76 16 6 6 3 
8 4 18 71 32 0 4 7 
5 7 22 41 77 9 7 5 
2 3 37 72 33 6 6 3 
7 8 26 51 77 0 5 1 
7 2 36 74 50 0 3 1 
4 8 33 50 26 0 7 9 
1 1 33 21 17 8 5 1 
7 4 0 25 47 9 3 6 
8 2 45 8 48 3 8 6 
6 3 33 71 47 0 7 6 
8 4 20 51 51 5 3 3 
2 3 3 89 70 7 5 3 
9 1 17 81 80 9 4 6 
4 7 16 23 59 8 0 2 
3 9 56 114 30 2 9 4 
4 3 11 54 53 2 3 3 
2 9 12 22 40 6 3 5 
0 8 25 50 80 4 3 6 
4 8 11 52 29 3 8 4 
5 0 28 57 86 7 3 6 
9 2 18 61 32 4 7 1 
9 9 2 50 61 5 3 4 
5 0 0 88 41 8 4 7 
6 4 30 55 37 6 5 9 
8 8 42 58 32 0 6 5 
9 6 50 60 15 3 8 3 
4 8 14 72 41 1 0 1 
2 0 43 52 60 4 2 5 
6 9 22 78 64 6 5 4 
0 8 54 62 73 5 7 5 
6 0 40 56 50 3 7 1 
2 8 27 98 50 1 0 5 
6 4 93 58 10 4 6 9 
7 0 31 53 84 1 5 7 
8 8 36 60 61 4 2 0 
0 5 17 9 78 6 6 7 
5 0 24 52 85 5 3 0 
9 3 33 69 58 8 9 9 
4 1 37 42 64 1 1 4 
2 6 0 62 53 1 9 2 
4 2 56 42 55 9 5 4 
5 2 38 46 41 1 7 9 
7 1 59 58 43 4 9 9 
2 2 19 42 39 2 4 2 
8 3 13 93 78 5 8 9 
1 0 73 47 64 5 1 0 
2 2 25 58 61 1 7 1 
6 4 0 72 78 2 5 4 
5 1 36 72 54 9 7 7 
6 7 40 60 76 9 8 3 
9 3 0 67 61 4 0 4 
3 8 40 55 25 7 9 8 
9 5 29 50 35 2 9 4 
5 7 32 59 54 1 2 6 
2 8 32 75 71 0 5 3 
3 3 3 68 68 6 7 4 
4 7 50 46 1 0 6 5 
9 5 67 57 46 7 9 9 
3 5 30 76 45 7 2 8 
3 4 23 45 53 6 3 9 
8 8 4 40 61 4 2 1 
4 4 0 51 32 4 9 8 
8 8 7 61 61 5 7 6 
5 3 32 43 62 6 2 5 
4 3 34 28 82 3 1 2 
2 3 32 41 48 2 8 4 
3 4 30 57 76 5 0 0 
0 4 31 51 91 7 3 9 
8 4 0 71 0 7 2 9 
6 6 65 61 37 2 8 7 
9 9 19 41 56 9 4 0 
5 6 20 65 26 0 3 0 
7 6 28 40 89 8 2 5 
9 1 14 59 66 6 7 8 
8 5 7 55 41 1 9 6 
0 8 35 31 21 1 2 3 
0 7 47 26 25 2 8 1 
7 8 4 59 49 1 9 5 
3 5 30 49 24 2 1 0 
9 6 26 48 33 7 9 6 
4 3 76 26 39 5 7 2 
0 4 13 19 21 9 4 7 
9 0 10 38 21 4 8 3 
1 9 0 45 76 6 5 4 
6 9 28 39 55 2 5 5 
3 7 66 33 45 9 8 3 
0 3 35 54 40 6 4 4 
7 2 47 52 106 5 2 3 
5 8 41 29 69 3 8 2 
0 4 52 48 52 1 6 5 
3 9 37 3 43 4 5 1 
9 2 13 71 33 8 8 9 
9 8 15 16 51 7 4 5 
4 6 35 66 31 5 1 4 
4 2 29 70 50 6 3 3 
0 9 39 94 72 3 6 9 
7 9 19 72 21 9 8 7 
4 3 66 64 74 0 1 9 
3 4 49 64 63 8 1 4 
3 7 9 81 59 9 9 1 
4 6 30 60 55 9 6 3 
2 0 4 54 31 7 6 4 
4 0 21 73 91 2 6 9 
4 1 41 32 39 3 5 0 
8 5 33 55 48 8 3 9 
2 4 26 26 23 6 4 7 
7 0 34 63 63 4 0 0 
6 0 37 67 35 5 5 1 
3 5 44 54 34 9 5 9 
7 7 16 31 60 8 9 2 
5 3 0 61 54 4 8 8 
0 8 11 60 39 6 2 5 
1 9 26 66 62 8 3 3 
8 2 2 57 75 0 4 2 
5 3 27 48 47 2 3 4 
8 8 34 72 50 6 8 5 
0 5 37 59 67 1 5 7 
9 7 44 32 55 2 8 5 
5 6 33 16 40 8 2 6 
8 8 38 47 62 0 8 4 
4 3 57 72 54 0 7 7 
9 9 43 52 43 2 6 5 
1 3 24 70 60 7 1 5 
2 5 39 67 28 5 5 8 
9 0 0 46 84 1 7 1 
1 3 77 77 40 4 6 5 
2 1 53 27 53 2 0 2 
1 8 14 37 53 5 0 0 
7 8 18 47 64 4 3 8 
7 5 38 48 38 5 2 5 
7 1 9 71 58 5 0 0 
1 9 26 55 51 7 2 3 
4 0 29 96 12 8 0 8 
8 8 29 52 16 4 6 6 
6 8 25 26 49 2 5 6 
8 1 26 55 30 6 1 3 
2 4 53 31 45 0 8 9 
9 6 32 31 14 0 8 0 
5 4 8 72 76 6 9 7 
0 5 40 47 75 4 2 0 
9 6 27 58 34 3 1 7 
2 0 17 20 53 8 6 2 
4 8 25 65 66 8 0 5 
0 2 68 49 50 3 0 8 
9 5 40 35 44 9 8 2 
0 7 25 42 30 4 2 8 
6 6 26 53 46 0 7 2 
9 2 55 18 38 9 7 2 
1 7 19 77 56 8 8 9 
4 5 30 20 49 7 1 4 
0 3 27 33 60 1 2 4 
2 6 0 52 76 7 6 5 
7 9 23 17 52 9 6 1 
8 8 62 30 55 8 5 7 
4 3 12 44 28 5 8 3 
4 6 22 19 48 3 2 9 
5 2 3 36 49 7 0 4 
7 2 27 20 46 9 3 2 
7 4 14 52 66 6 7 6 
6 2 56 47 58 9 8 9 
3 9 27 73 38 1 8 5 
6 5 20 51 58 8 0 6 
7 8 29 86 55 1 5 0 
1 9 45 61 98 5 7 9 
6 9 1 59 54 8 0 6 
2 8 25 78 72 7 2 5 
5 3 28 75 16 5 3 4 
7 0 19 48 29 9 4 0 
4 4 20 34 53 6 1 6 
8 8 37 65 67 0 1 4 
2 0 43 24 66 2 5 9 
2 2 24 58 66 7 7 2 
0 3 36 58 64 5 1 8 
9 4 75 53 53 8 1 3 
8 1 37 50 46 5 1 5 
8 7 48 42 59 8 1 3 
3 9 35 46 61 1 5 5 
5 2 7 45 31 1 4 5 
0 4 50 13 39 4 7 4 
7 9 17 51 41 1 3 6 
0 0 60 15 30 9 2 7 
1 6 18 73 65 5 7 6 
5 4 50 33 92 4 7 4 
1 3 36 28 38 9 3 0 
7 9 48 26 37 7 4 6 
9 7 37 32 46 6 6 4 
1 3 33 83 34 9 6 4 
1 9 13 93 9 3 4 3 
6 9 58 37 51 8 1 9 
0 7 0 69 75 8 3 3 
6 6 6 53 76 8 3 9 
6 8 23 21 72 8 2 3 
4 5 21 36 30 2 1 2 
0 7 25 44 42 3 3 3 
2 3 25 74 60 7 0 2 
9 4 40 77 20 3 3 9 
9 1 31 40 53 0 2 3 
2 0 34 58 71 9 6 8 
4 4 36 50 19 4 2 7 
6 0 15 20 66 8 8 8 
6 3 5 36 30 8 5 5 
6 3 33 41 33 6 2 2 
7 5 27 36 29 6 9 1 
6 1 61 66 21 4 0 3 
6 1 53 49 43 7 9 5 
7 4 57 45 39 6 7 2 
5 0 26 47 44 1 8 9 
3 8 5 39 77 2 8 2 
2 4 0 26 69 3 2 4 
6 1 22 27 34 1 1 4 
3 6 38 61 58 2 9 2 
3 3 60 41 11 0 9 8 
5 9 30 72 64 8 2 9 
2 7 23 46 47 5 5 6 
5 3 21 55 51 3 4 1 
4 2 13 76 44 9 7 3 
5 2 0 42 33 4 4 1 
4 6 13 46 41 2 9 6 
5 9 61 47 37 0 5 9 
4 1 34 52 56 0 3 5 
0 4 36 68 57 6 5 3 
0 6 0 54 55 7 3 1 
9 3 39 73 35 0 5 3 
1 7 15 62 34 8 9 9 
4 3 19 79 52 1 2 9 
1 0 21 22 47 1 3 4 
0 5 26 36 74 0 4 6 
8 4 0 57 55 5 7 8 
4 8 15 85 77 2 3 7 
9 6 23 72 54 9 0 0 
2 1 30 36 61 8 9 6 
2 4 0 52 59 8 1 2 
4 9 29 71 24 0 2 2 
4 4 27 55 28 8 9 8 
0 2 75 65 23 4 6 3 
0 1 25 70 38 8 0 4 
1 4 49 36 48 2 8 5 
2 8 0 47 41 8 4 8 
9 8 23 46 47 6 6 1 
3 6 81 60 55 2 7 0 
3 9 5 56 90 3 3 7 
9 2 48 57 71 6 9 6 
7 3 26 5 48 9 1 4 
5 9 19 34 42 0 7 6 
5 0 3 61 53 9 1 0 
8 3 57 53 34 0 4 3 
2 4 55 67 60 8 4 3 
1 0 30 63 43 5 7 3 
5 8 37 61 56 7 7 7 
3 9 13 17 40 0 1 8 
3 5 50 93 51 7 0 6 
2 3 52 51 11 8 7 4 
3 5 30 45 32 3 5 6 
9 0 34 42 45 4 2 3 
0 9 30 56 72 1 3 8 
4 4 18 16 23 5 3 2 
3 5 20 50 81 4 8 4 
8 6 63 60 91 0 4 1 
1 1 45 79 45 3 7 9 
7 2 12 35 75 0 7 4 
0 2 1 45 64 0 3 2 
6 1 15 58 56 4 7 8 
7 8 44 39 44 6 0 7 
2 5 35 96 74 8 6 7 
2 4 44 45 71 4 6 7 
6 2 40 67 61 0 9 6 
9 5 60 52 27 2 3 6 
9 7 50 91 45 2 4 0 
0 8 55 30 91 9 3 1 
3 3 24 34 41 1 2 9 
8 6 24 50 42 7 8 4 
0 9 65 88 28 0 3 7 
0 3 39 26 35 9 6 9 
9 5 20 16 51 7 9 6 
0 2 36 15 56 5 6 5 
2 4 20 32 74 1 6 7 
4 7 7 43 39 2 4 4 
7 8 16 57 38 3 5 9 
9 1 0 13 39 4 1 6 
8 1 0 12 54 0 2 8 
9 7 47 43 38 3 0 6 
9 8 34 30 51 7 7 3 
2 9 36 38 16 4 3 9 
9 9 29 62 45 5 9 2 
5 1 1 51 44 2 0 3 
8 6 25 105 61 2 6 8 
1 9 72 41 51 2 8 1 
9 9 15 0 29 5 9 7 
9 5 28 49 17 0 4 8 
3 4 37 85 21 6 3 8 
2 9 63 29 90 7 8 8 
1 5 29 82 27 1 0 8 
7 1 32 30 41 6 3 1 
8 8 66 50 60 5 7 8 
2 1 40 66 83 5 5 2 
7 7 27 49 33 0 9 0 
1 3 3 67 44 1 2 1 
7 5 53 35 57 8 8 4 
6 5 37 82 65 8 9 9 
6 5 56 32 37 6 1 3 
0 5 62 32 51 2 5 6 
6 0 14 85 15 1 8 6 
2 0 38 46 38 3 8 9 
4 6 65 54 40 5 4 4 
7 7 46 63 43 2 1 5 
7 7 31 27 11 9 6 9 
0 8 41 44 46 3 8 5 
9 8 21 64 48 3 8 4 
8 0 0 51 56 9 3 5 
8 7 39 62 59 9 6 7 
6 6 33 66 55 3 6 2 
6 8 37 34 73 0 6 5 
8 1 35 46 76 6 6 0 
3 3 18 11 32 5 8 9 
7 8 12 25 65 2 1 1 
8 8 20 66 60 9 6 0 
9 2 98 56 43 9 9 5 
9 9 28 60 67 6 8 8 
2 0 12 70 7 1 9 7 
7 1 0 44 64 7 2 6 
5 0 18 26 64 1 8 4 
4 4 17 38 50 7 6 5 
1 6 33 40 56 9 8 6 
0 3 25 60 22 8 8 9 
4 1 28 30 45 5 0 0 
9 3 30 96 65 8 4 8 
7 5 14 47 49 3 5 6 
6 2 54 30 25 3 9 4 
5 2 52 39 45 3 9 4 
7 9 43 28 31 7 9 0 
7 6 16 56 59 3 8 8 
8 9 5 56 46 9 1 3 
7 5 20 58 39 6 7 6 
5 1 54 21 24 8 7 5 
1 3 24 48 67 3 4 5 
5 1 76 42 44 6 7 7 
7 3 35 79 46 1 5 6 
1 7 16 64 43 9 2 2 
0 8 46 78 37 9 3 7 
0 2 14 44 34 6 4 9 
4 1 41 31 49 1 5 5 
2 4 60 54 46 2 2 8 
2 6 25 53 53 9 9 1 
6 2 42 55 71 2 2 1 
0 1 0 37 19 1 0 8 
9 4 42 64 72 8 9 5 
5 5 47 58 49 1 2 6 
7 3 33 5 30 4 0 6 
6 2 0 40 31 4 9 5 
2 5 14 29 39 1 8 2 
9 2 27 27 45 2 6 9 
2 1 44 36 82 6 9 6 
0 9 27 49 67 8 8 4 
7 0 13 44 34 0 2 1 
8 8 51 33 80 1 4 3 
2 8 18 66 51 8 6 6 
1 7 16 24 49 7 1 3 
5 8 36 82 59 4 6 4 
1 8 10 28 67 1 8 5 
8 8 24 68 52 1 9 3 
3 3 0 32 36 1 9 0 
7 1 67 79 25 7 1 7 
9 6 52 59 45 6 8 8 
6 5 0 33 52 8 2 4 
4 0 48 38 39 5 7 4 
7 1 12 22 32 2 9 8 
3 5 11 33 43 5 0 4 
1 0 26 49 52 0 5 4 
3 7 51 35 49 0 0 6 
6 7 31 32 59 6 0 4 
4 3 7 39 0 3 6 5 
5 6 42 49 75 3 0 3 
4 9 32 81 76 7 5 7 
7 9 38 53 55 9 7 6 
8 9 62 70 60 6 0 8 
9 0 52 42 28 3 9 3 
4 3 33 51 55 2 8 4 
2 7 35 83 117 4 8 8 
5 3 0 38 36 4 0 1 
9 9 18 22 26 8 1 7 
5 6 33 30 41 5 9 0 
8 7 23 63 60 9 9 3 
7 5 41 66 52 0 6 5 
5 5 54 38 86 1 6 1 
6 5 51 26 54 1 2 8 
7 8 48 56 51 1 0 8 
7 0 76 56 48 7 8 3 
1 2 0 37 56 0 1 2 
0 8 6 50 95 2 6 8 
1 4 32 36 26 4 9 0 
8 8 40 33 80 5 1 8 
0 5 46 36 48 9 0 7 
2 0 15 20 30 1 9 2 
0 4 39 49 9 6 2 4 
5 5 54 28 53 2 4 1 
0 4 0 56 32 7 0 2 
2 8 16 81 29 5 6 7 
1 5 45 45 43 7 7 4 
5 1 0 51 70 0 4 9 
8 7 43 65 71 7 1 6 
5 8 39 16 62 6 8 2 
1 7 80 60 34 2 4 4 
1 6 58 54 64 8 8 3 
9 7 23 66 76 1 1 3 
0 0 12 19 54 3 6 1 
5 2 35 57 62 0 4 3 
3 0 36 25 29 9 1 3 
1 9 31 55 67 1 3 0 
1 3 40 77 96 3 4 4 
6 5 25 39 87 0 8 6 
0 5 0 67 69 1 5 0 
5 4 48 6 46 9 6 0 
8 4 32 53 88 7 1 0 
9 8 53 43 37 9 9 5 
9 8 66 89 36 3 4 3 
6 7 49 31 52 5 6 8 
3 0 18 76 66 1 3 9 
5 3 47 33 38 5 9 7 
8 3 17 10 35 4 9 6 
6 0 26 11 47 8 2 0 
0 3 50 21 71 5 8 2 
1 0 26 46 47 8 6 2 
3 8 0 36 25 5 3 2 
4 9 51 30 45 9 2 9 
2 7 58 13 51 8 3 0 
9 8 35 68 48 8 5 3 
5 7 31 57 34 2 9 3 
6 6 0 84 52 3 4 0 
1 6 13 37 52 8 6 7 
7 7 31 52 0 4 8 4 
5 5 17 91 38 1 2 0 
4 8 49 55 19 2 0 1 
6 5 18 84 29 7 2 7 
4 1 0 59 39 6 5 4 
7 1 38 37 48 6 8 4 
0 9 38 41 92 2 9 1 
0 0 4 34 52 0 7 0 
1 6 15 10 46 8 1 6 
7 4 27 50 45 1 2 7 
4 0 60 50 91 4 8 9 
5 4 43 24 52 5 2 4 
7 1 0 45 27 1 8 2 
1 1 56 76 60 4 4 2 
6 1 15 75 44 9 3 0 
9 3 0 56 46 5 1 8 
3 4 0 41 87 8 1 2 
1 2 20 32 52 9 7 1 
7 7 43 36 57 7 5 6 
4 7 44 45 54 0 4 3 
4 8 26 69 72 4 6 7 
7 4 25 23 59 6 3 1 
8 9 26 49 97 9 8 2 
8 4 47 38 18 8 8 2 
1 1 50 50 19 8 7 2 
2 5 28 50 1 4 8 5 
7 9 30 63 79 7 9 9 
1 5 2 39 44 0 0 0 
6 8 0 56 50 8 5 2 
6 3 59 12 55 3 8 3 
1 0 11 24 2 1 2 8 
9 5 26 23 78 0 8 9 
8 7 19 16 60 4 6 2 
0 9 39 53 55 7 7 6 
8 6 22 71 59 7 0 6 
1 5 53 36 33 9 1 2 
7 6 51 46 62 6 3 4 
6 0 43 70 19 2 6 4 
6 6 7 11 29 5 8 8 
4 3 1 20 33 2 7 5 
2 1 12 55 97 8 6 0 
1 3 47 61 40 3 3 2 
7 0 11 53 48 6 9 5 
5 5 39 46 72 2 9 2 
0 4 22 20 48 0 5 4 
2 8 19 31 80 1 6 0 
6 7 9 62 48 8 8 8 
6 8 45 32 54 3 9 6 
1 8 10 43 50 5 1 6 
0 5 65 47 38 1 0 4 
6 7 23 46 41 7 6 8 
2 2 78 30 24 2 8 7 
6 0 69 53 47 8 9 7 
5 7 15 63 46 6 6 9 
5 1 48 51 34 0 9 5 
9 8 28 71 54 8 2 8 
4 5 12 29 57 9 8 9 
5 3 33 69 15 9 7 4 
5 8 21 30 104 7 5 9 
4 7 48 0 49 3 8 9 
5 3 33 55 58 3 1 8 
4 0 22 48 47 5 8 9 
5 0 17 62 47 8 0 4 
5 9 47 78 48 1 3 6 
3 6 35 40 69 4 2 3 
3 8 0 83 36 5 5 7 
9 5 24 35 35 9 5 8 
1 0 10 66 49 0 5 8 
3 6 12 22 75 3 4 0 
2 6 41 30 50 5 7 2 
1 0 18 71 64 8 3 6 
8 4 17 40 62 4 3 0 
3 6 61 36 55 4 8 7 
5 0 56 65 28 1 9 5 
0 7 67 37 43 7 6 1 
7 0 39 35 59 2 7 0 
0 4 28 42 42 6 0 9 
8 3 5 57 55 8 6 5 
7 5 13 44 26 3 2 9 
8 4 34 49 21 2 8 5 
8 1 38 50 59 6 2 3 
6 5 28 54 73 2 4 9 
7 7 8 45 52 1 1 3 
8 0 55 50 25 7 4 6 
7 0 37 67 21 8 3 2 
0 8 13 38 66 7 9 4 
9 8 46 2 25 3 2 9 
9 4 40 51 43 1 2 6 
3 1 28 13 51 9 3 2 
3 1 11 36 36 7 1 1 
3 9 12 61 107 7 3 8 
0 7 11 58 54 4 8 8 
3 4 27 57 24 4 1 0 
5 1 4 14 38 8 1 1 
0 7 34 61 68 8 1 6 
3 3 8 71 70 9 6 1 
2 6 58 69 57 0 1 1 
4 8 54 37 31 5 6 3 
4 9 38 87 61 7 1 6 
4 3 36 100 44 2 0 8 
2 2 35 44 75 5 3 7 
8 1 20 14 80 4 6 4 
7 1 3 30 109 8 8 7 
5 5 40 38 30 0 3 2 
1 0 33 62 21 2 4 6 
6 9 21 15 55 6 5 8 
7 7 49 48 51 8 1 1 
4 0 9 35 61 5 7 6 
8 3 0 51 49 8 3 9 
2 9 28 42 49 7 4 6 
8 0 16 64 2 8 9 9 
3 7 39 56 13 4 3 3 
1 3 26 60 35 2 2 1 
2 5 22 56 58 3 5 5 
6 5 51 18 58 3 4 1 
2 6 7 49 72 2 0 9 
7 1 31 46 18 3 2 1 
6 9 48 45 74 4 6 2 
6 1 37 33 42 4 5 1 
9 1 41 81 0 7 0 9 
7 5 20 23 43 4 8 0 
0 3 52 42 18 3 3 9 
4 5 27 34 31 1 2 1 
1 1 29 65 76 6 6 1 
2 1 42 81 46 4 1 9 
3 9 42 2 63 8 2 3 
7 2 0 28 56 6 3 6 
5 1 22 20 35 4 6 3 
0 0 48 52 58 1 4 2 
8 7 40 41 26 5 2 6 
7 2 5 36 45 6 8 4 
2 1 37 41 56 7 3 4 
9 6 30 24 73 5 7 2 
8 7 37 40 50 7 3 0 
7 8 5 44 18 0 3 7 
1 2 23 29 26 0 3 8 
5 1 73 52 65 4 7 8 
4 5 51 47 72 2 0 1 
1 7 0 23 45 6 8 2 
4 6 0 32 36 7 3 8 
6 0 38 44 16 5 8 6 
0 5 37 35 37 7 7 9 
4 7 42 31 69 3 7 2 
1 2 49 53 67 3 1 2 
0 2 19 45 55 4 6 0 
0 7 24 63 70 0 5 1 
4 3 20 48 50 0 1 7 
1 1 31 97 0 9 5 3 
5 0 49 29 117 1 2 0 
8 7 45 74 41 9 8 0 
3 9 8 53 58 9 9 9 
8 2 31 49 22 0 8 1 
3 6 17 44 68 8 4 7 
4 5 53 63 30 5 9 8 
9 9 51 77 43 6 7 1 
5 5 32 31 44 9 9 4 
8 5 42 31 43 6 2 1 
7 1 35 24 28 7 4 4 
8 1 52 69 20 9 9 4 
6 7 32 58 40 5 5 4 
6 8 56 57 36 1 7 4 
7 3 35 21 43 7 5 5 
6 7 42 52 66 9 2 2 
6 3 41 60 43 1 9 5 
0 2 49 31 32 1 9 0 
0 8 39 74 23 3 4 6 
0 4 50 84 52 5 4 0 
3 4 42 26 77 4 6 4 
3 1 1 37 75 4 8 4 
7 1 0 56 74 4 6 9 
9 3 16 17 36 2 7 8 
6 2 13 39 26 9 4 2 
9 5 39 31 49 4 4 7 
2 5 41 50 45 2 8 6 
1 5 4 43 48 4 2 7 
1 0 33 56 45 7 4 2 
3 1 60 90 53 8 9 6 
9 4 35 56 68 5 3 2 
0 2 0 52 7 6 7 1 
5 4 36 35 38 0 4 5 
1 8 17 69 24 1 2 6 
8 7 28 68 52 3 9 7 
7 6 25 37 64 1 3 9 
4 9 76 53 43 8 2 0 
1 6 35 63 65 0 1 3 
3 4 11 61 72 2 1 8 
9 9 36 74 66 4 9 2 
0 0 59 76 24 5 9 6 
4 5 20 51 29 4 9 7 
0 7 50 94 63 6 1 4 
1 7 45 65 11 1 5 2 
6 5 47 67 67 9 3 5 
0 6 52 76 55 9 4 6 
4 1 8 41 13 0 2 5 
9 6 33 41 65 4 2 4 
1 4 0 76 56 8 0 9 
3 0 24 50 37 0 1 7 
5 0 0 35 37 7 0 5 
3 4 35 60 47 2 0 5 
8 7 11 45 18 1 8 0 
3 0 28 56 53 7 0 9 
6 7 35 50 49 7 8 0 
8 0 11 65 49 2 8 3 
7 6 22 50 36 9 7 7 
4 3 28 24 32 7 5 4 
1 4 9 89 36 1 5 1 
8 2 31 34 64 2 2 1 
8 6 37 53 41 4 8 0 
6 2 14 29 48 3 0 6 
1 0 45 46 83 2 9 4 
7 6 0 56 78 9 0 0 
1 7 41 49 33 9 8 0 
8 8 18 80 52 6 2 1 
7 6 2 53 68 2 3 5 
9 6 28 64 29 9 0 1 
4 6 24 39 48 3 4 9 
4 1 37 60 44 1 6 7 
7 6 53 109 29 0 1 8 
5 4 40 63 22 5 7 5 
9 0 30 42 26 5 6 9 
6 8 28 36 30 5 9 2 
8 9 0 48 77 0 3 4 
0 8 3 75 8 1 0 7 
9 3 31 35 17 6 5 9 
8 7 45 41 76 1 0 0 
0 6 53 11 63 6 7 4 
3 0 25 47 29 7 7 3 
8 8 19 19 40 8 4 1 
5 3 17 32 44 9 4 6 
3 2 54 55 55 4 4 3 
9 6 27 52 41 5 9 2 
8 2 47 64 41 4 7 8 
0 7 52 48 14 6 5 7 
1 6 54 22 69 2 7 8 
4 7 10 36 74 5 3 3 
6 3 53 59 41 0 5 3 
8 5 16 63 41 7 3 3 
2 0 13 24 65 4 3 8 
4 6 35 49 59 0 4 1 
0 5 25 38 64 0 4 6 
1 5 0 55 39 7 3 2 
8 1 24 55 70 0 3 0 
9 2 30 85 37 1 9 6 
7 2 46 57 42 2 7 5 
4 3 53 35 52 9 8 5 
3 1 70 81 86 8 2 3 
5 9 70 54 47 1 1 0 
7 3 18 40 82 7 1 0 
3 6 65 59 66 3 5 0 
3 4 24 40 52 7 7 6 
8 5 14 64 4 6 0 6 
8 8 19 26 33 4 6 8 
5 5 72 51 73 3 5 5 
6 0 1 11 57 7 9 7 
4 2 40 69 44 0 3 1 
8 9 46 34 33 8 1 4 
7 3 82 37 87 3 1 4 
3 4 44 68 81 6 8 6 
4 2 22 15 39 8 4 8 
8 0 14 65 47 7 4 8 
7 5 51 34 60 6 9 1 
8 3 22 41 55 1 0 4 
3 2 49 65 43 7 6 2 
2 2 29 99 28 5 8 3 
0 7 0 28 43 3 2 3 
0 4 35 44 69 7 3 7 
9 9 44 27 48 6 8 0 
8 6 39 67 69 0 5 3 
9 5 38 61 89 1 6 2 
4 2 1 37 28 2 2 1 
5 6 49 90 36 3 0 3 
5 7 31 81 27 5 2 1 
5 1 14 48 62 9 5 4 
6 5 30 15 60 4 1 7 
1 0 10 85 44 7 1 8 
9 7 61 68 37 5 3 8 
5 8 20 57 39 7 9 7 
9 7 17 34 46 3 3 5 
5 0 27 12 14 0 2 8 
9 7 35 44 50 3 3 5 
2 8 10 68 67 8 7 8 
3 8 50 67 78 1 5 7 
0 8 43 59 72 3 0 5 
7 9 96 9 48 3 0 7 
0 6 47 30 53 3 6 8 
4 8 18 27 50 0 3 7 
6 5 46 48 36 5 2 6 
1 0 16 64 62 8 2 1 
9 2 7 19 78 7 5 0 
3 7 43 12 25 7 4 2 
2 6 13 36 40 2 8 2 
0 6 17 54 16 4 5 6 
4 4 28 35 40 8 6 2 
7 3 46 65 20 2 3 6 
0 6 9 55 50 8 9 2 
2 3 1 66 30 2 2 3 
4 0 74 112 47 6 7 8 
3 3 20 61 11 6 2 8 
4 1 46 47 40 6 3 2 
2 3 29 31 52 1 6 1 
8 8 21 65 58 5 1 2 
2 4 31 38 31 3 8 7 
7 0 13 56 49 9 0 5 
8 6 0 47 72 9 4 6 
5 5 25 35 53 0 5 0 
2 5 19 44 34 1 6 7 
0 9 33 77 61 3 1 1 
0 6 11 19 59 4 8 4 
0 6 1 42 26 1 2 3 
6 0 34 42 49 5 4 1 
4 7 33 48 61 3 4 2 
5 8 26 63 34 2 4 4 
5 7 3 41 46 6 2 5 
2 5 9 59 8 0 1 1 
0 0 43 55 40 6 2 6 
1 0 30 57 37 8 3 7 
2 1 19 61 58 3 7 3 
3 9 51 94 68 1 4 0 
6 9 21 66 90 2 1 9 
5 9 43 42 57 0 1 3 
2 0 61 18 52 5 4 6 
2 2 36 55 37 5 1 1 
0 5 36 83 70 5 1 0 
1 6 0 60 25 2 4 8 
0 6 0 51 66 0 3 1 
1 9 42 58 23 7 4 9 
8 1 33 29 54 7 8 2 
2 1 28 81 81 5 0 5 
2 9 0 35 55 9 6 4 
5 1 31 43 30 9 5 2 
2 7 8 56 63 6 6 9 
6 4 37 24 34 3 7 3 
5 4 60 56 13 8 8 1 
7 7 42 64 44 9 4 1 
1 6 16 31 51 9 7 2 
4 5 46 55 66 1 2 2 
0 6 42 62 18 1 5 5 
5 5 58 46 34 3 1 9 
0 6 18 69 25 8 9 9 
0 5 25 58 46 1 6 4 
3 6 31 26 16 1 8 6 
7 0 19 25 26 8 9 6 
4 2 19 46 54 2 7 1 
8 8 48 73 79 7 1 0 
2 1 51 52 71 2 2 6 
4 7 25 23 59 0 9 1 
9 8 15 51 53 6 2 8 
1 6 27 38 59 5 8 5 
8 6 7 36 43 6 6 0 
5 0 21 24 58 9 3 1 
2 8 33 37 54 6 9 0 
9 3 34 42 58 0 1 2 
1 5 14 56 43 2 6 3 
4 1 0 80 45 6 7 6 
9 8 5 20 60 6 1 2 
1 4 46 49 20 2 9 1 
4 3 0 36 59 2 3 6 
7 4 43 68 51 7 2 1 
6 9 0 58 46 5 1 6 
5 6 24 41 49 4 7 8 
0 8 9 54 60 5 6 0 
2 3 43 54 55 2 0 0 
6 6 0 36 44 1 3 8 
2 9 5 28 70 2 7 2 
8 0 31 48 88 3 4 0 
8 3 3 39 65 6 4 0 
6 6 24 64 65 2 9 4 
0 0 69 53 78 0 2 2 
5 9 19 47 55 7 7 9 
0 1 9 66 51 3 2 2 
7 1 6 17 28 6 6 1 
9 1 23 36 27 1 0 9 
5 6 40 15 32 7 2 0 
6 4 82 50 42 0 6 5 
7 9 37 49 42 0 1 0 
7 3 5 76 44 0 4 1 
0 3 0 38 67 7 1 9 
8 2 14 18 34 5 9 8 
9 4 25 52 51 2 4 1 
0 4 0 71 51 2 5 0 
9 0 0 34 89 4 3 3 
3 4 9 44 47 1 9 0 
0 5 0 62 34 5 0 1 
6 2 0 29 19 6 9 3 
2 1 34 25 60 9 3 8 
0 3 23 31 74 4 0 9 
9 0 12 60 45 3 8 3 
3 9 38 41 75 3 7 9 
6 2 37 57 35 2 8 5 
0 8 40 56 53 6 1 9 
1 0 51 63 52 2 9 0 
1 9 41 14 59 3 6 6 
9 3 57 64 56 9 7 4 
5 0 30 18 33 7 5 0 
4 8 16 56 41 6 4 8 
1 0 74 20 46 2 9 5 
7 3 41 50 28 3 9 2 
5 8 1 41 67 7 2 5 
3 0 15 45 68 3 4 4 
2 6 22 45 66 4 6 2 
3 6 57 33 44 4 1 9 
0 4 43 35 28 6 7 4 
5 9 39 44 63 5 7 1 
0 0 36 63 56 3 7 1 
0 8 0 55 58 7 7 0 
3 9 26 58 36 1 8 1 
4 7 31 57 48 5 9 7 
7 1 49 28 63 4 5 8 
1 3 42 62 45 0 1 8 
0 5 32 47 64 3 8 0 
3 2 48 78 65 0 1 2 
1 1 38 37 47 7 2 8 
3 9 62 25 52 7 9 6 
1 4 28 62 61 9 6 5 
3 3 21 48 42 0 3 1 
9 5 34 48 16 3 1 3 
1 5 23 47 35 0 0 9 
7 9 44 50 60 7 4 5 
7 2 15 51 71 8 4 8 
4 7 0 58 57 5 8 5 
0 7 17 76 41 7 3 9 
9 0 30 37 33 8 0 4 
7 6 51 48 49 2 1 8 
2 1 25 73 39 2 8 0 
3 5 54 13 80 3 5 2 
5 1 20 80 74 0 5 6 
7 9 68 55 33 9 9 3 
0 3 49 60 54 1 1 3 
4 2 42 8 44 9 9 6 
7 1 0 81 37 0 6 2 
8 4 51 72 29 0 2 3 
1 8 38 26 65 4 3 6 
3 9 30 38 39 5 4 1 
3 7 16 45 49 0 2 5 
1 4 58 46 42 4 6 7 
3 1 17 20 49 5 4 0 
2 2 8 30 29 4 8 2 
2 8 13 5 44 0 5 0 
6 7 17 76 80 5 4 7 
7 7 13 60 55 7 4 9 
0 3 22 45 48 3 5 9 
8 9 2 60 47 6 7 5 
6 8 18 66 39 3 0 8 
1 2 18 54 51 2 4 4 
2 5 16 45 47 2 8 8 
8 9 4 1 67 4 7 6 
2 6 35 83 70 2 7 8 
2 2 23 76 80 7 1 2 
5 1 14 55 25 8 1 5 
9 1 42 44 47 2 5 0 
4 3 45 71 68 4 0 2 
1 5 24 59 43 4 6 8 
0 1 26 32 29 7 4 5 
7 8 21 48 52 6 9 6 
8 3 26 42 36 4 3 8 
5 3 50 34 61 2 2 2 
5 8 31 26 21 0 4 7 
1 7 45 79 49 8 9 7 
8 3 62 72 43 6 1 8 
5 7 50 47 17 0 8 9 
9 0 20 19 63 1 2 2 
7 5 26 60 41 1 3 9 
0 3 65 50 65 5 8 8 
9 9 43 33 60 8 2 5 
9 3 38 48 42 7 8 3 
0 0 48 28 104 7 1 3 
3 5 0 24 28 2 4 4 
3 7 40 34 54 0 0 5 
8 5 18 48 28 5 9 0 
2 4 43 38 50 4 5 8 
5 2 31 88 55 4 9 0 
2 0 39 72 35 2 0 1 
2 8 22 50 74 5 0 1 
9 9 58 10 62 8 9 4 
9 6 49 56 48 2 5 0 
4 0 46 11 69 5 1 7 
1 8 64 46 77 3 0 2 
2 9 35 38 15 5 0 7 
6 5 4 49 18 5 9 7 
0 5 15 70 18 5 7 7 
7 0 30 45 41 4 2 2 
8 2 21 41 75 1 6 5 
9 9 39 33 76 8 8 2 
3 8 66 15 38 5 9 7 
8 5 0 48 46 0 7 7 
9 4 48 45 31 4 1 5 
8 4 41 47 52 4 2 8 
0 6 13 23 32 3 3 0 
3 0 21 46 29 7 8 0 
9 6 0 38 61 2 0 9 
0 0 61 67 46 8 0 2 
2 2 13 58 48 9 1 0 
7 7 11 83 40 1 1 9 
9 4 50 84 69 7 0 5 
5 7 22 44 67 3 4 2 
7 9 33 77 75 2 9 0 
3 0 31 71 74 4 7 2 
1 7 34 63 31 4 9 5 
9 0 2 67 20 2 1 5 
6 0 12 66 60 2 3 5 
6 6 28 44 63 8 4 4 
3 8 0 59 66 7 9 7 
9 5 43 37 64 3 3 2 
3 2 41 83 38 2 5 5 
3 0 16 35 31 6 5 5 
4 7 30 40 23 2 6 7 
7 7 22 46 48 9 8 3 
7 8 37 49 47 3 0 6 
3 3 39 57 74 4 4 5 
1 4 31 25 35 6 1 0 
1 1 60 68 67 1 9 4 
7 0 39 41 52 2 8 3 
5 8 73 47 23 4 2 4 
3 0 62 60 61 9 9 7 
5 7 38 34 88 9 1 6 
3 7 35 45 54 0 1 1 
3 5 25 14 71 1 5 1 
3 0 19 47 51 5 2 9 
5 4 46 32 33 8 7 4 
6 7 27 58 16 9 9 2 
4 7 53 34 40 3 4 3 
4 2 49 45 61 2 9 9 
0 4 37 40 43 2 7 4 
9 2 40 69 62 6 9 4 
3 1 42 96 36 7 1 6 
7 6 47 73 50 0 5 9 
2 9 30 65 30 5 9 1 
2 1 2 61 81 5 0 7 
0 5 26 42 24 0 9 2 
7 6 78 22 48 1 9 1 
9 5 32 41 38 7 4 0 
8 6 16 56 77 5 8 2 
8 6 56 57 63 4 9 1 
6 1 21 27 29 8 4 2 
9 6 44 78 67 2 4 9 
4 4 28 108 57 4 5 6 
2 1 34 61 40 3 3 6 
1 8 47 15 26 4 9 0 
8 6 58 58 59 2 8 3 
9 7 47 41 19 9 3 9 
0 2 0 71 38 6 8 7 
2 6 0 34 22 7 9 4 
2 2 63 61 67 6 7 6 
5 3 15 58 33 4 1 8 
3 8 37 18 49 0 6 3 
1 9 21 52 55 3 8 2 
0 9 0 28 32 6 9 4 
2 0 20 68 52 7 2 7 
6 1 63 45 33 3 2 3 
4 2 8 33 33 6 0 5 
2 5 48 57 68 3 1 4 
4 2 25 66 104 7 4 5 
7 0 61 53 70 5 9 2 
5 3 51 75 60 3 7 8 
4 9 0 78 27 4 2 4 
0 8 53 36 23 6 4 6 
3 1 9 74 48 7 5 1 
1 6 24 24 11 3 2 8 
2 0 65 38 84 2 5 4 
3 1 50 42 25 2 5 9 
4 6 37 86 46 1 6 0 
9 4 17 20 49 4 5 9 
9 4 34 60 71 1 6 2 
4 3 33 53 23 6 1 5 
6 2 38 33 39 6 8 2 
9 0 51 45 59 3 1 7 
2 3 22 31 61 3 9 7 
2 8 41 69 52 7 4 0 
2 0 25 66 45 9 3 5 
7 9 6 55 91 2 4 6 
3 7 28 20 38 7 9 2 
1 7 9 64 3 5 0 7 
7 7 12 22 14 8 3 7 
7 3 30 49 76 4 2 5 
6 9 23 69 35 3 1 5 
8 1 0 81 29 3 4 1 
6 0 16 34 76 4 4 4 
1 4 2 60 50 3 8 4 
9 5 34 71 45 9 3 1 
5 3 30 69 93 3 0 6 
7 9 13 48 19 4 0 5 
5 2 0 60 86 7 4 6 
4 4 11 54 45 4 7 3 
3 5 45 61 27 3 0 6 
5 6 0 62 55 5 6 5 
1 4 60 33 61 3 9 5 
0 1 25 51 61 0 3 5 
4 5 3 12 30 1 4 9 
4 7 6 61 43 5 3 1 
0 9 18 0 22 7 1 3 
7 1 17 45 57 1 5 4 
2 0 49 31 46 1 4 9 
8 8 73 51 21 1 6 6 
0 4 40 28 10 5 4 6 
5 1 36 77 45 6 4 0 
7 8 0 54 59 7 4 7 
7 6 6 37 37 4 0 8 
6 4 41 41 48 5 5 2 
4 9 39 51 62 4 8 3 
2 4 18 56 44 8 5 4 
6 2 32 54 44 7 3 7 
0 4 45 25 64 5 2 1 
0 5 21 101 28 6 8 2 
9 4 9 45 37 1 1 5 
8 3 34 40 58 0 3 5 
6 5 27 35 35 7 2 9 
1 0 12 32 44 3 4 9 
1 3 19 37 69 3 6 9 
5 0 66 32 57 1 0 5 
9 2 57 20 33 9 8 2 
3 9 25 26 34 1 9 6 
8 7 32 14 12 5 4 3 
3 6 15 38 57 5 1 3 
3 0 62 10 52 8 7 4 
1 5 19 60 12 0 0 4 
5 9 20 37 25 8 0 1 
6 9 1 59 54 5 0 8 
9 6 1 54 53 0 1 2 
2 1 52 72 76 6 8 3 
2 6 0 26 61 6 2 3 
1 5 26 63 56 3 6 9 
2 3 35 68 27 8 5 6 
2 2 34 80 18 7 7 3 
1 8 53 55 75 8 9 2 
8 4 49 87 103 4 5 7 
4 0 19 14 48 1 7 9 
9 1 16 57 47 5 2 0 
5 1 41 95 43 7 2 0 
2 9 25 88 54 3 9 9 
3 1 0 54 75 6 9 8 
8 8 37 20 78 6 4 3 
6 2 41 78 35 4 1 0 
6 5 63 52 53 7 4 1 
2 4 29 71 79 1 0 2 
4 7 0 45 38 1 7 6 
4 9 33 73 25 0 7 7 
1 2 37 75 62 0 0 5 
3 2 65 24 69 4 0 9 
9 4 34 41 43 6 0 2 
0 7 33 60 31 3 4 5 
3 7 45 38 51 8 2 6 
8 7 22 56 34 5 3 7 
2 2 4 42 54 1 5 1 
0 6 47 36 38 3 8 9 
1 1 70 40 93 5 8 4 
6 1 2 84 2 5 0 7 
1 2 37 56 65 8 3 0 
1 7 0 44 58 8 1 3 
2 3 14 41 57 3 1 1 
2 4 19 53 62 1 4 5 
7 5 26 45 31 8 2 7 
1 3 0 20 85 9 5 6 
7 1 37 62 65 3 9 1 
7 9 60 43 33 8 5 3 
5 0 41 56 45 0 8 6 
2 4 25 38 67 8 0 2 
5 7 25 41 66 4 3 9 
6 5 19 79 2 0 3 6 
1 0 42 53 59 5 7 3 
7 1 38 58 79 5 3 5 
8 9 13 23 14 1 7 5 
2 2 7 56 51 2 1 5 
1 0 24 61 52 3 0 2 
1 7 33 92 58 3 0 4 
5 6 40 54 6 7 1 4 
3 1 47 62 40 3 2 8 
2 6 15 58 69 0 7 4 
6 1 24 72 39 8 3 1 
7 7 0 64 26 4 7 5 
1 4 17 58 32 8 1 2 
6 1 54 62 37 4 1 1 
4 2 45 16 34 3 8 3 
8 0 30 44 17 9 9 9 
6 7 22 58 57 0 0 9 
8 4 19 25 16 9 9 4 
8 6 52 27 54 8 1 0 
9 0 21 47 75 8 5 0 
8 7 23 41 45 9 0 6 
4 8 36 64 24 5 3 7 
3 0 14 49 57 7 9 9 
9 4 0 65 45 8 0 5 
2 6 38 49 52 2 7 1 
4 0 19 66 81 9 4 0 
7 8 11 5 53 4 1 9 
0 1 46 58 56 2 1 3 
2 4 39 29 57 4 4 6 
4 8 0 29 36 0 7 3 
5 1 0 52 63 8 6 0 
1 8 68 22 55 2 5 3 
2 5 41 50 58 3 7 2 
7 4 27 62 57 0 3 6 
8 2 0 41 42 6 2 0 
0 8 0 65 28 5 1 7 
8 5 6 89 61 9 3 2 
5 7 43 45 57 4 9 8 
7 1 0 70 45 1 1 0 
0 9 36 70 63 6 7 3 
6 4 32 61 36 0 5 3 
9 9 35 101 51 0 4 2 
4 3 33 66 78 9 4 7 
5 3 13 38 59 8 2 0 
5 5 43 63 55 7 8 1 
9 7 44 44 19 3 2 7 
3 3 5 56 30 5 4 3 
0 7 0 67 32 1 6 4 
8 9 29 67 50 6 5 5 
9 3 23 66 69 0 9 9 
4 0 7 39 63 6 0 8 
6 7 17 77 38 7 1 5 
0 9 1 71 60 0 5 7 
0 2 41 9 39 3 4 7 
5 0 0 80 51 0 0 7 
8 0 55 47 58 1 3 3 
1 4 61 52 43 6 5 8 
2 9 19 63 34 2 6 1 
1 9 1 75 84 3 6 3 
3 0 0 46 86 9 0 4 
5 2 45 52 82 3 1 1 
5 6 15 58 44 9 3 1 
2 8 18 74 46 3 5 5 
1 8 33 67 49 5 1 6 
1 1 56 26 86 1 2 8 
8 8 0 59 50 3 2 7 
6 3 43 59 99 4 2 4 
1 1 53 35 46 1 7 3 
1 4 51 41 34 3 3 5 
3 3 7 33 67 9 0 7 
3 8 20 51 74 4 2 7 
6 8 32 45 48 2 1 2 
8 9 9 29 47 3 4 0 
9 6 46 62 25 2 6 5 
3 9 10 42 53 2 7 9 
6 8 8 59 69 8 1 6 
3 0 31 48 62 5 5 2 
8 3 49 42 58 6 6 9 
7 7 0 39 23 2 6 1 
7 3 30 21 53 5 3 3 
7 0 33 39 2 0 9 1 
3 5 29 78 42 7 7 7 
2 9 26 50 25 3 2 5 
1 0 31 20 79 1 1 0 
2 4 11 72 48 0 7 3 
9 8 42 26 45 9 1 0 
5 7 67 96 80 8 9 2 
8 9 44 39 44 6 6 5 
0 6 0 40 50 3 8 2 
9 5 40 46 27 2 9 7 
3 8 12 77 36 9 3 4 
0 4 53 20 0 0 9 6 
4 7 59 31 54 3 2 7 
1 6 0 42 43 2 7 2 
2 4 44 21 69 7 6 8 
8 3 4 41 76 2 1 6 
9 1 57 57 63 8 1 8 
1 3 53 38 78 7 4 5 
8 5 57 40 38 4 2 8 
3 7 11 69 63 6 9 7 
5 2 52 37 40 8 3 2 
5 3 23 72 33 3 2 0 
7 6 34 28 23 4 2 6 
7 5 46 74 65 8 4 3 
0 9 41 56 84 1 0 2 
0 5 26 53 62 2 9 0 
6 9 33 32 0 7 9 8 
4 4 49 45 61 2 1 4 
2 4 35 55 57 0 9 3 
4 3 92 70 27 5 5 5 
3 0 52 23 45 4 7 1 
4 6 16 46 60 8 4 7 
6 7 29 46 31 1 6 7 
3 1 50 71 36 3 4 7 
5 3 36 80 20 6 6 2 
5 4 21 60 19 7 1 2 
7 0 10 39 35 3 0 6 
9 3 0 78 55 2 2 5 
3 5 31 104 66 3 8 3 
9 3 19 41 35 3 4 5 
5 9 8 32 56 8 6 4 
0 9 16 62 43 0 6 2 
8 7 38 37 55 1 1 4 
4 2 66 62 33 7 0 4 
6 1 56 76 46 3 1 6 
4 4 33 33 33 8 4 0 
7 9 29 29 42 0 9 8 
8 7 3 52 53 0 2 7 
5 9 42 96 38 9 9 9 
3 7 40 21 51 2 0 5 
0 0 34 26 46 6 7 1 
6 4 0 28 53 6 4 7 
5 9 0 59 78 5 6 7 
5 9 3 75 43 0 3 8 
6 8 7 30 28 4 3 3 
6 7 13 17 34 2 6 9 
7 4 39 12 73 8 9 9 
0 4 69 15 45 9 7 7 
7 1 0 46 23 4 8 7 
2 3 36 59 26 9 5 7 
2 0 54 4 42 9 5 9 
1 2 41 108 65 2 5 9 
3 4 44 76 21 8 5 1 
3 8 37 77 71 7 3 8 
7 5 51 85 64 9 4 4 
7 3 27 72 45 9 0 8 
0 6 41 41 41 9 1 8 
9 1 0 64 69 8 0 3 
1 1 21 44 66 2 2 4 
1 9 28 75 93 4 4 5 
4 8 69 28 13 7 7 0 
4 4 19 44 22 2 9 7 
3 7 23 21 16 0 5 6 
6 0 51 63 8 3 7 8 
8 6 72 33 57 8 4 5 
1 6 54 21 40 6 1 9 
6 8 32 40 28 1 6 8 
4 5 8 96 46 0 7 7 
7 6 63 76 38 3 6 1 
1 0 25 28 68 1 0 2 
6 5 29 44 65 9 9 8 
5 8 35 63 42 8 5 3 
7 9 14 5 32 8 9 4 
4 3 16 26 66 4 2 3 
3 7 26 48 29 6 5 1 
7 4 0 61 105 0 0 2 
0 7 42 61 68 0 1 8 
3 1 0 58 81 4 5 9 
1 7 29 71 63 2 1 0 
4 7 23 31 42 9 4 2 
4 9 13 55 28 8 4 1 
2 9 30 97 67 3 3 8 
9 0 23 68 34 3 1 3 
7 2 20 17 34 0 2 8 
7 3 0 50 7 2 2 9 
2 7 50 40 41 0 2 8 
0 2 5 32 35 5 4 9 
5 8 38 36 32 4 4 5 
0 2 48 48 29 2 0 2 
4 1 45 55 42 1 7 6 
7 4 45 32 32 8 4 2 
2 9 22 39 53 3 1 3 
5 1 6 50 68 0 6 9 
8 5 0 53 45 0 6 8 
5 3 40 39 46 8 0 7 
6 4 5 55 37 4 2 9 
5 0 46 87 37 3 8 4 
1 6 48 57 34 5 7 4 
2 9 36 46 87 8 6 4 
0 9 1 47 0 7 9 5 
1 6 41 50 66 8 1 5 
6 1 12 45 50 4 7 4 
9 5 41 61 27 6 5 9 
6 0 38 81 53 1 4 9 
9 2 8 51 53 0 5 1 
3 6 66 26 62 9 6 6 
1 9 5 84 46 6 2 7 
5 5 33 49 102 4 8 6 
0 6 21 43 79 6 1 2 
0 6 34 50 50 8 6 3 
7 0 55 37 48 1 3 4 
9 1 40 20 36 4 2 6 
0 6 31 47 44 7 7 6 
8 0 11 51 74 2 9 0 
7 4 19 71 57 9 1 1 
3 1 25 46 47 1 9 3 
5 0 21 19 22 3 4 1 
6 9 12 43 42 4 5 8 
8 2 21 42 45 3 1 7 
8 6 23 43 32 5 7 9 
8 3 37 75 71 3 7 5 
1 7 2 30 52 3 9 3 
3 9 35 14 40 1 9 2 
5 8 36 37 32 5 8 5 
1 0 71 60 49 0 6 7 
4 6 10 58 77 1 1 3 
4 7 11 49 45 6 0 2 
8 1 30 22 54 9 7 4 
2 3 19 41 72 0 5 3 
6 7 18 40 37 8 2 0 
5 4 8 29 33 0 0 7 
1 5 33 0 54 7 2 9 
3 4 33 83 27 6 9 0 
2 1 0 69 48 4 4 9 
7 9 49 77 49 3 4 8 
8 2 51 22 40 0 4 5 
8 0 23 29 42 8 6 5 
2 3 39 40 56 7 7 5 
4 6 8 31 44 6 3 0 
9 8 37 44 27 9 5 7 
3 4 0 36 42 4 6 4 
1 3 41 41 79 7 6 0 
1 9 24 51 36 2 6 7 
7 1 15 6 61 8 8 5 
8 4 4 61 32 3 1 1 
2 0 26 53 45 0 8 7 
8 1 40 43 52 2 0 1 
9 0 17 42 68 4 4 2 
1 7 72 41 75 0 1 7 
6 1 46 52 54 5 2 4 
1 2 45 53 39 4 8 6 
3 8 2 66 31 3 0 5 
1 1 34 27 79 3 0 0 
1 8 18 85 47 7 3 6 
5 5 22 30 70 9 5 6 
1 0 83 16 44 1 4 9 
9 8 10 49 76 1 9 3 
9 8 15 36 69 7 3 3 
2 9 39 50 27 4 2 1 
8 4 50 32 39 9 3 0 
4 1 22 40 21 6 8 2 
0 6 19 35 60 5 7 3 
8 7 21 6 43 5 7 0 
2 8 10 59 45 2 6 9 
7 9 24 68 67 9 3 4 
3 0 15 83 59 5 9 4 
7 4 48 72 41 8 5 4 
2 9 38 25 83 5 6 2 
4 0 24 52 57 2 3 0 
9 8 18 75 32 5 5 3 
9 9 17 66 20 6 1 6 
1 7 56 45 29 6 7 5 
7 0 38 34 114 9 3 6 
3 3 70 44 76 2 4 0 
6 6 32 57 43 0 2 5 
6 7 23 23 22 6 3 8 
8 3 31 41 60 6 9 1 
0 4 29 72 47 2 3 8 
1 5 48 28 6 8 8 1 
3 6 36 49 61 8 5 6 
7 7 18 41 40 3 5 3 
6 7 5 59 97 7 6 1 
5 4 6 22 58 8 0 3 
2 6 18 55 47 1 0 4 
3 7 73 53 34 5 4 0 
6 3 58 44 75 8 8 4 
5 4 22 64 24 0 9 8 
4 8 56 30 78 5 8 5 
8 0 33 39 47 4 9 2 
4 9 24 51 8 9 1 8 
2 8 18 48 62 5 9 3 
8 9 15 30 42 1 9 6 
5 9 66 34 62 9 1 1 
4 6 1 13 54 0 3 3 
3 1 0 30 22 3 5 5 
3 6 53 37 35 5 3 0 
0 0 18 28 57 7 9 8 
6 4 32 31 52 5 8 9 
4 6 12 49 26 2 8 1 
3 3 0 33 41 3 5 7 
8 2 41 47 38 9 6 2 
3 7 41 45 33 6 0 6 
0 3 82 13 67 7 6 3 
0 7 0 45 100 0 7 2 
5 3 48 29 43 9 7 8 
5 4 29 64 50 2 2 8 
8 0 0 41 42 4 7 0 
1 4 24 38 70 4 0 8 
9 9 40 80 25 1 3 0 
5 8 4 43 18 3 0 1 
5 9 64 52 61 6 1 5 
8 7 19 68 25 8 6 7 
8 8 49 33 25 1 9 8 
6 9 15 61 62 3 4 0 
2 2 13 54 32 6 0 7 
3 6 7 9 70 0 0 1 
6 6 48 45 46 8 7 9 
9 9 16 64 54 6 0 6 
1 1 80 24 86 9 7 2 
4 9 32 31 20 3 3 5 
2 0 0 69 0 1 4 9 
6 9 24 56 19 6 4 1 
0 5 34 32 108 9 4 4 
2 7 53 38 54 8 6 1 
6 6 71 16 34 6 1 3 
7 5 31 73 47 6 7 0 
4 6 9 52 19 9 8 8 
5 2 49 61 52 0 7 5 
9 0 12 59 61 2 8 4 
7 5 17 48 36 8 1 7 
7 8 6 64 59 4 7 7 
1 9 50 59 20 5 6 8 
1 8 55 32 46 1 6 4 
6 1 47 51 43 5 6 2 
6 5 50 49 10 4 8 5 
7 3 37 76 52 2 2 2 
2 8 11 48 35 8 7 4 
8 3 57 62 40 5 2 8 
2 9 33 52 60 6 9 8 
3 8 19 36 55 7 0 4 
0 4 68 80 9 8 2 9 
6 1 51 73 43 4 9 4 
8 5 16 59 28 4 1 9 
5 5 35 33 95 7 7 4 
1 1 46 26 65 3 6 8 
5 9 7 51 35 0 2 1 
1 7 35 33 52 8 7 7 
7 8 24 40 54 8 6 3 
9 5 52 42 74 8 6 8 
1 4 31 55 52 2 8 3 
8 6 6 71 66 1 8 2 
2 2 31 20 37 1 8 3 
2 9 51 65 43 2 9 0 
2 1 60 26 59 1 3 3 
0 2 21 57 34 4 8 5 
1 9 50 55 61 9 6 5 
4 9 52 46 42 3 0 3 
6 6 12 49 59 3 8 3 
1 9 60 39 39 2 3 7 
4 0 48 54 57 4 1 3 
1 6 46 50 87 0 9 9 
9 0 17 75 39 6 9 7 
7 2 36 93 15 1 7 5 
2 3 1 56 38 9 0 7 
4 0 40 43 59 1 3 1 
7 4 72 45 65 0 2 3 
4 6 15 11 49 1 1 7 
9 4 69 40 53 1 3 3 
0 2 0 25 73 7 7 1 
1 9 58 65 60 8 5 9 
0 1 24 63 42 3 0 4 
2 8 50 20 56 5 7 5 
3 1 35 35 62 5 4 3 
9 8 18 55 74 3 9 6 
3 0 40 64 35 5 6 2 
1 3 37 45 44 5 8 4 
8 9 49 65 54 2 7 4 
7 1 31 79 41 4 9 6 
8 0 42 69 75 7 3 0 
2 0 0 25 48 8 8 6 
0 4 5 71 47 7 6 6 
7 0 14 61 35 3 0 2 
6 0 30 52 43 9 8 2 
5 4 51 44 54 6 7 6 
7 8 29 57 59 8 3 3 
3 7 50 29 79 2 6 8 
9 1 35 53 46 5 0 5 
2 8 40 59 50 9 1 5 
2 9 11 40 98 5 2 5 
5 7 50 47 44 8 9 3 
2 0 0 52 68 7 7 6 
4 6 24 63 55 8 1 1 
8 9 57 65 41 2 6 3 
4 1 0 45 56 4 1 5 
3 1 2 42 66 7 9 8 
6 1 31 88 42 6 1 2 
6 6 27 64 35 2 3 8 
4 9 50 83 67 2 3 1 
5 9 53 67 35 5 1 6 
5 4 15 50 37 1 9 5 
3 3 39 42 68 3 0 7 
9 4 29 0 57 2 7 2 
2 0 38 20 67 6 2 3 
3 4 23 68 37 8 7 0 
3 3 23 39 50 5 9 6 
7 0 68 39 66 7 5 5 
1 3 38 32 58 8 1 5 
5 1 53 49 48 5 5 9 
1 7 32 52 39 9 2 8 
0 5 63 65 68 6 7 1 
8 4 7 75 50 5 3 4 
1 9 64 52 21 8 0 3 
1 6 27 42 49 6 7 5 
0 5 15 56 26 9 9 3 
1 4 50 58 19 8 6 1 
7 1 41 67 30 6 5 8 
4 2 21 56 51 1 8 6 
4 0 44 47 13 6 1 7 
0 2 0 41 80 1 6 1 
9 8 2 66 35 5 1 0 
0 6 0 72 89 8 6 5 
9 7 18 30 41 2 1 7 
3 7 1 47 60 4 3 5 
6 9 62 98 41 8 1 2 
0 5 41 48 56 1 0 0 
9 5 46 39 40 1 5 8 
6 3 2 41 64 1 5 7 
0 7 24 54 13 8 5 7 
4 9 34 48 19 7 6 2 
4 0 15 55 59 1 2 4 
0 8 2 32 42 1 1 1 
3 8 38 30 23 5 5 1 
1 0 31 48 68 7 0 7 
3 9 28 58 65 7 0 5 
5 5 33 71 57 9 7 4 
5 8 14 60 4 0 4 4 
0 9 37 53 52 8 1 9 
4 9 35 35 93 3 7 3 
8 8 26 61 49 0 6 5 
7 4 33 51 53 8 5 7 
5 1 21 11 37 6 0 9 
0 2 12 44 15 2 3 0 
0 3 19 35 24 6 1 9 
4 0 16 45 53 6 4 5 
4 6 16 39 35 6 0 6 
5 9 30 53 83 3 4 0 
9 6 13 76 63 7 2 9 
4 8 7 61 95 3 1 3 
7 5 35 23 60 9 5 5 
4 3 0 47 77 6 8 8 
1 1 55 30 68 3 3 3 
2 7 11 63 91 5 5 4 
5 9 12 19 75 1 4 6 
2 0 15 47 59 4 9 3 
1 4 22 46 62 4 7 5 
8 2 37 41 55 1 9 6 
0 5 20 74 43 8 2 0 
1 0 31 78 72 7 0 5 
1 7 3 93 38 9 5 2 
8 9 17 30 80 0 4 5 
9 4 12 30 70 0 5 6 
3 2 10 50 47 9 8 9 
3 9 50 36 65 0 1 9 
8 7 59 48 57 7 8 2 
4 4 43 39 25 5 3 3 
8 3 64 53 77 6 8 6 
1 5 0 20 53 3 3 9 
3 8 53 52 33 0 3 3 
4 2 0 43 19 5 5 1 
4 4 9 42 30 9 8 5 
2 8 10 62 70 2 0 7 
7 9 61 41 41 3 5 0 
8 6 15 56 96 4 0 2 
8 9 40 33 27 7 1 7 
3 0 50 87 54 4 7 3 
3 9 0 17 32 0 8 8 
3 5 52 57 38 1 7 7 
1 2 8 66 73 3 2 6 
5 8 60 22 55 9 6 9 
8 0 30 66 23 3 5 4 
1 1 22 76 57 9 2 8 
4 2 44 35 64 8 7 3 
4 1 29 38 54 8 9 5 
1 9 11 55 51 0 1 0 
0 6 25 16 31 6 8 1 
5 0 29 50 49 2 0 9 
5 3 24 52 74 3 5 3 
0 6 36 45 35 3 0 4 
7 1 51 49 68 9 0 4 
1 8 49 51 55 0 2 4 
9 9 53 72 32 7 9 9 
7 6 6 55 35 8 6 6 
5 5 32 47 15 4 4 2 
5 8 22 70 62 1 0 4 
8 0 39 39 67 9 7 0 
4 5 24 10 96 3 8 2 
0 4 34 23 23 6 9 6 
6 4 17 74 45 5 5 2 
9 2 53 71 32 9 8 8 
1 1 34 65 73 6 1 5 
1 1 29 71 27 7 4 9 
1 8 56 87 49 3 5 2 
4 9 6 68 32 9 7 7 
5 0 26 82 33 0 9 0 
7 4 29 68 38 5 6 1 
6 7 20 61 37 8 4 6 
4 0 3 77 54 5 6 5 
3 1 73 77 48 8 5 5 
0 8 21 65 22 4 5 0 
6 0 20 59 31 4 4 0 
9 3 25 65 50 4 6 0 
9 7 45 68 48 5 4 2 
6 4 28 47 76 3 3 3 
5 9 63 85 82 2 1 5 
1 6 20 47 73 3 4 8 
6 8 31 66 32 3 5 0 
9 8 38 27 39 3 2 3 
6 3 45 58 30 8 9 4 
8 1 53 46 76 1 9 3 
0 5 41 77 49 9 7 6 
0 1 19 79 44 4 8 4 
3 5 60 48 59 5 2 1 
1 9 7 35 41 5 1 2 
1 2 38 64 71 4 5 6 
3 4 50 46 6 3 9 7 
6 6 27 58 6 8 8 0 
5 7 69 48 64 7 2 7 
7 9 36 34 73 3 0 6 
3 6 41 60 62 0 9 1 
0 7 29 38 27 8 1 5 
2 3 19 78 62 5 6 1 
2 7 28 88 29 3 0 1 
4 1 24 43 26 0 3 8 
6 5 4 11 46 2 2 1 
9 9 16 85 32 1 1 2 
8 4 43 64 58 6 3 3 
8 6 19 59 37 9 1 9 
6 8 58 46 37 9 1 8 
7 4 56 16 43 6 6 6 
7 4 9 17 24 1 1 2 
8 3 36 18 20 1 4 3 
6 1 44 11 31 5 1 5 
1 3 26 46 101 7 5 7 
6 3 0 38 35 5 4 2 
6 0 40 44 35 4 6 2 
8 7 55 70 57 7 4 2 
3 4 0 28 70 6 8 1 
5 4 28 25 28 7 0 4 
8 6 65 36 29 8 2 5 
0 1 27 26 82 2 3 2 
9 7 19 42 55 1 7 5 
1 6 36 33 10 0 9 8 
7 3 17 48 64 2 8 7 
0 0 25 17 51 6 1 8 
8 9 44 52 61 3 4 2 
5 0 28 54 58 0 2 2 
3 0 24 69 40 2 0 3 
9 6 49 27 54 0 9 1 
9 9 14 18 63 4 9 7 
9 5 12 17 17 7 6 8 
1 0 21 76 44 1 9 6 
0 8 29 35 43 0 6 6 
9 4 35 40 74 6 5 1 
8 7 49 73 41 0 9 8 
3 8 40 49 68 7 2 6 
2 2 13 58 56 3 4 9 
1 7 15 27 73 5 8 1 
0 1 16 54 52 2 3 4 
9 1 1 57 4 9 2 1 
9 2 11 8 39 7 4 8 
8 7 12 54 60 5 3 6 
0 8 49 71 89 8 5 4 
6 8 11 63 82 0 1 3 
4 9 18 65 52 6 5 3 
3 8 21 54 74 2 8 6 
8 6 63 47 36 0 2 7 
7 3 3 62 35 0 7 8 
3 0 9 51 43 3 7 6 
3 1 40 78 37 4 5 6 
9 9 23 16 33 9 3 6 
9 0 32 62 62 5 8 0 
1 4 38 45 72 8 2 3 
9 2 0 78 72 5 7 3 
0 0 29 35 54 7 8 5 
4 8 34 34 47 0 1 3 
6 5 48 36 25 4 6 3 
0 5 38 56 53 6 9 8 
0 4 6 32 55 3 5 0 
5 3 12 67 51 6 7 0 
3 1 61 30 59 9 3 3 
7 2 9 80 47 3 9 3 
7 1 36 52 38 6 7 3 
2 6 46 41 49 0 7 2 
9 4 54 59 51 6 6 1 
9 9 49 74 22 9 2 3 
2 5 31 38 63 3 3 1 
0 7 31 58 65 0 1 6 
6 2 11 26 11 1 7 7 
1 7 12 61 47 9 1 2 
5 7 3 41 77 1 2 9 
7 7 17 43 42 8 8 4 
7 7 21 30 23 9 0 3 
9 7 36 54 18 7 1 1 
4 1 20 50 61 4 9 9 
5 5 15 47 65 7 6 0 
5 7 0 43 14 4 7 0 
7 6 30 70 34 7 5 4 
0 5 0 62 35 4 4 6 
2 4 16 49 56 5 9 2 
3 2 31 3 43 9 9 9 
3 1 19 100 34 0 5 8 
5 5 8 78 71 8 8 2 
8 5 6 66 42 0 4 9 
6 9 40 71 77 7 0 8 
6 2 43 41 66 2 9 2 
0 8 0 62 63 6 6 3 
1 7 3 65 39 5 6 6 
7 5 30 71 59 1 4 7 
7 2 48 81 54 5 4 1 
3 7 47 54 88 4 5 4 
8 6 22 41 18 0 3 8 
7 1 0 69 48 1 8 8 
6 1 8 34 34 1 7 0 
7 1 20 59 47 0 4 1 
6 9 25 73 24 4 2 1 
3 0 47 52 57 3 0 3 
7 1 6 13 57 4 5 3 
0 6 25 36 21 6 6 0 
7 8 21 39 17 4 1 4 
6 6 45 32 41 8 6 8 
1 5 37 35 35 8 5 7 
8 6 27 51 34 4 1 1 
2 2 20 36 46 3 1 2 
7 7 31 41 44 3 5 7 
9 6 46 41 46 0 5 3 
6 7 10 57 80 6 4 0 
5 0 0 68 65 7 1 0 
2 9 15 59 37 2 9 9 
6 5 66 27 43 0 4 2 
8 4 29 85 69 7 6 0 
9 3 9 46 38 0 7 8 
6 8 39 63 81 5 9 9 
5 1 46 40 48 4 8 2 
4 2 28 53 41 8 0 7 
5 1 37 11 61 8 4 2 
8 8 27 55 50 5 0 4 
3 7 62 0 29 1 4 7 
4 1 23 24 11 8 5 9 
2 5 0 39 56 5 8 8 
4 7 20 65 19 6 9 1 
3 9 31 42 47 8 8 2 
9 6 59 37 43 9 7 6 
7 2 19 68 39 6 2 3 
0 3 25 63 29 8 6 3 
7 1 45 43 72 6 1 4 
3 9 58 16 67 2 8 0 
6 3 40 62 32 7 4 0 
3 8 37 29 28 5 0 6 
5 1 23 27 52 9 7 2 
0 2 28 69 27 2 5 2 
7 5 51 52 47 7 3 7 
6 6 13 24 70 1 2 1 
9 3 33 59 69 2 7 5 
9 6 49 53 66 0 5 1 
3 0 56 67 53 0 6 9 
0 8 25 53 23 0 4 9 
9 2 15 55 54 5 1 0 
9 9 18 56 29 6 9 2 
5 5 65 63 38 7 0 9 
3 8 49 35 46 2 0 6 
6 0 4 58 31 8 7 1 
2 5 22 38 45 4 7 7 
6 7 47 46 84 0 0 5 
2 3 10 47 71 3 8 4 
6 3 19 10 52 5 1 3 
8 9 29 76 56 0 6 6 
2 1 20 83 91 1 5 0 
1 8 22 55 35 7 5 4 
2 8 44 65 58 0 2 3 
6 9 49 48 86 5 2 6 
8 3 11 54 45 7 5 9 
3 9 46 50 45 0 7 9 
6 7 25 37 74 8 0 5 
2 0 19 74 27 2 9 3 
6 4 39 76 47 5 7 6 
6 1 38 33 51 9 2 1 
1 1 52 48 68 2 8 5 
8 9 16 43 38 7 9 2 
5 7 37 91 79 4 8 2 
8 3 34 66 30 3 7 1 
4 1 37 57 47 3 9 0 
2 0 28 32 56 7 9 1 
9 8 21 81 43 4 7 1 
8 1 9 28 38 2 6 4 
6 0 15 47 75 7 1 2 
1 9 16 38 54 7 0 5 
0 7 28 39 33 1 1 2 
4 1 13 82 40 3 0 4 
0 2 16 20 39 7 6 1 
1 1 48 36 8 9 7 7 
4 2 34 81 68 8 9 4 
9 8 51 51 68 0 7 8 
8 2 94 64 47 9 9 4 
2 3 28 48 3 5 2 5 
9 2 35 49 29 6 2 9 
0 2 11 62 55 4 1 4 
8 1 39 53 68 4 1 3 
4 6 62 51 62 8 7 5 
8 7 41 37 34 3 7 7 
5 4 51 82 70 1 7 7 
1 8 35 49 65 1 2 9 
3 3 37 36 58 7 1 3 
4 9 28 20 93 4 9 4 
5 4 30 38 62 7 1 0 
7 5 59 37 57 8 3 4 
3 4 32 22 56 2 9 4 
9 5 8 73 57 8 9 4 
2 8 37 57 66 7 0 4 
7 3 66 76 18 6 4 5 
6 8 18 73 23 8 0 7 
9 6 66 17 45 3 2 6 
4 2 11 24 41 3 9 9 
0 4 11 26 40 5 1 3 
5 5 46 60 51 6 8 0 
9 4 0 31 25 4 0 7 
2 7 45 67 74 6 0 1 
6 0 26 38 62 6 5 8 
4 9 18 38 53 5 0 8 
8 9 33 37 56 9 7 8 
8 4 12 63 41 1 7 7 
2 5 33 9 65 4 5 4 
6 0 46 50 21 1 0 2 
9 6 27 54 45 2 6 0 
9 8 42 58 50 1 4 3 
1 7 33 91 70 7 2 6 
0 9 39 45 66 0 4 0 
4 3 37 54 61 9 6 9 
2 5 43 39 54 9 7 9 
5 7 48 26 56 0 3 1 
1 7 54 25 38 3 5 0 
2 1 52 22 35 1 6 6 
9 3 29 34 41 4 8 5 
7 3 56 73 52 5 6 0 
3 4 44 29 61 2 4 0 
5 6 69 28 49 3 4 8 
3 0 23 30 87 7 2 8 
9 6 10 63 18 4 5 8 
7 5 22 37 74 0 6 8 
5 3 28 13 42 5 7 4 
5 8 22 51 67 2 1 4 
5 7 55 47 72 7 5 0 
1 0 55 39 45 3 3 9 
2 0 18 67 51 2 6 8 
4 2 0 46 39 4 3 4 
3 4 26 15 46 1 4 7 
7 6 5 16 46 3 4 6 
6 2 43 72 79 8 7 6 
7 1 14 50 38 1 4 2 
7 3 39 77 25 6 6 2 
4 0 48 61 82 0 1 4 
3 4 0 39 59 7 5 9 
3 1 13 71 64 6 4 3 
0 2 6 58 59 0 6 8 
6 5 56 35 21 1 5 1 
3 3 36 41 26 5 6 2 
7 1 39 53 78 1 7 1 
9 4 32 27 61 3 2 0 
1 7 8 38 29 1 3 4 
5 4 43 48 40 8 7 2 
3 5 15 69 6 5 3 0 
9 7 35 63 86 2 7 6 
3 6 15 86 46 4 1 1 
4 9 46 65 73 8 2 4 
2 3 58 33 32 9 5 8 
2 6 22 86 81 9 4 6 
0 5 5 61 43 2 4 8 
3 8 27 65 27 5 4 3 
6 1 44 79 51 6 3 9 
9 9 24 0 48 3 6 8 
6 4 38 74 26 5 6 5 
4 2 15 40 31 4 4 0 
7 6 25 35 71 6 7 4 
2 9 6 50 61 1 0 5 
7 0 73 68 35 1 5 0 
2 4 30 34 55 9 2 0 
8 4 1 28 55 3 0 8 
1 5 43 66 92 2 1 1 
2 6 26 29 57 5 7 8 
4 4 1 67 12 3 7 5 
8 3 29 84 65 9 8 1 
7 2 24 92 30 1 4 1 
0 4 33 62 37 9 3 7 
5 7 0 51 60 4 3 1 
9 2 43 56 51 4 7 2 
5 8 18 62 51 5 7 0 
7 5 4 41 0 1 8 2 
6 6 16 18 48 6 7 6 
4 9 23 34 60 4 5 7 
9 9 42 36 58 1 3 3 
0 4 29 88 70 0 3 3 
8 3 43 55 55 1 9 5 
4 4 9 50 19 4 6 9 
5 9 7 7 63 0 5 7 
2 9 37 70 47 3 5 2 
9 3 24 24 41 8 4 8 
4 5 52 69 59 9 9 9 
4 3 19 63 67 1 3 4 
2 5 0 71 52 4 6 0 
0 4 19 24 53 3 9 0 
6 3 47 71 56 7 5 5 
9 5 32 74 53 0 2 1 
6 9 24 26 52 3 5 7 
6 9 0 54 57 2 7 2 
6 9 33 50 46 4 2 8 
7 7 37 51 86 6 0 9 
6 7 25 60 89 1 9 4 
1 2 44 13 56 1 3 0 
9 4 30 66 57 9 3 1 
3 6 30 36 37 0 6 2 
4 3 36 46 39 5 3 3 
8 1 42 29 67 0 6 5 
2 5 36 41 38 6 5 4 
5 0 32 56 46 2 1 1 
4 3 17 60 39 9 9 7 
3 8 30 57 41 9 5 5 
9 7 30 38 46 0 5 4 
2 8 9 22 77 5 0 0 
0 3 12 56 94 0 9 6 
0 6 34 39 78 6 5 5 
9 6 0 56 72 1 0 7 
4 4 2 52 17 5 1 9 
8 9 0 81 28 1 8 7 
7 9 6 23 65 8 7 4 
8 7 64 40 79 5 6 4 
1 3 22 36 69 2 3 5 
2 4 47 36 73 9 7 0 
6 4 34 42 39 4 1 8 
2 7 19 65 39 7 6 2 
3 8 12 35 7 7 3 3 
6 0 23 36 55 3 0 3 
5 5 8 42 78 0 4 7 
9 4 57 74 73 5 6 5 
2 7 25 56 35 4 9 9 
9 2 0 29 56 6 3 5 
8 4 10 19 29 2 6 3 
1 0 48 55 56 3 3 2 
7 5 33 29 45 5 1 0 
1 8 74 57 79 7 2 8 
3 0 11 39 25 4 2 2 
7 1 21 73 34 5 3 7 
7 5 21 56 33 8 9 0 
1 5 28 34 58 0 7 4 
6 6 38 68 73 5 9 0 
8 4 34 17 52 2 8 3 
0 6 31 62 78 0 4 5 
5 1 50 95 65 6 9 2 
9 6 24 43 76 7 3 0 
8 1 31 44 49 1 3 7 
2 4 26 111 36 3 7 9 
0 5 1 63 34 3 9 8 
1 2 30 5 52 4 9 8 
6 9 42 74 52 7 3 3 
1 0 26 68 36 3 9 3 
5 1 21 65 28 6 8 7 
4 0 32 68 91 6 9 0 
2 8 66 88 4 6 6 5 
1 6 18 44 89 5 6 4 
9 6 0 46 63 7 8 2 
6 2 16 47 59 8 5 0 
0 7 22 29 85 4 0 4 
6 3 21 61 33 1 2 7 
2 6 22 85 25 3 5 1 
2 3 37 35 32 1 7 2 
3 5 25 72 31 1 2 5 
1 4 15 57 66 0 5 5 
0 3 6 46 34 1 5 0 
9 1 37 69 31 3 1 5 
2 4 37 29 61 7 6 9 
4 9 49 64 51 2 3 7 
3 4 4 33 12 9 5 2 
7 3 39 30 88 8 7 6 
6 4 59 37 60 4 6 7 
9 5 24 45 34 8 7 6 
1 1 18 58 5 3 9 5 
0 9 21 58 90 5 5 5 
2 4 73 43 93 4 8 6 
5 6 82 20 40 4 0 7 
3 9 48 48 25 3 6 7 
1 8 34 37 52 5 3 5 
4 2 43 82 41 8 5 0 
6 4 58 34 77 3 7 2 
2 3 27 36 77 2 8 5 
4 1 10 63 35 0 0 6 
5 8 0 77 43 1 5 3 
8 7 17 59 73 6 0 3 
8 4 0 97 44 7 7 7 
6 3 39 51 26 3 6 3 
0 4 58 69 54 3 2 2 
9 6 53 31 68 8 6 5 
2 7 62 30 46 3 6 4 
6 1 14 66 71 4 1 2 
2 5 15 68 62 7 7 8 
5 6 61 79 86 5 0 1 
4 7 9 71 46 9 8 0 
6 7 30 61 48 7 6 9 
0 4 71 62 68 5 1 3 
8 2 23 52 39 6 9 5 
2 6 19 57 48 4 9 1 
0 2 0 51 38 9 1 9 
5 9 24 52 53 5 3 3 
3 6 14 45 95 0 7 1 
4 3 12 86 69 0 7 5 
7 1 40 77 38 4 5 8 
8 6 45 53 27 2 7 5 
4 7 68 42 84 8 3 9 
1 0 29 71 60 6 9 8 
3 2 0 69 21 8 1 3 
2 0 34 48 41 3 6 6 
3 5 0 68 68 1 4 8 
6 7 13 41 71 5 3 2 
9 3 16 16 33 4 6 1 
5 9 23 78 42 3 9 8 
6 8 53 42 60 4 1 1 
1 0 0 60 35 9 7 2 
8 9 17 37 62 7 7 5 
5 8 3 76 76 7 4 9 
5 4 34 53 67 3 3 8 
4 3 3 20 51 0 9 2 
9 7 31 33 52 3 4 3 
0 6 39 43 43 3 4 2 
7 6 37 81 27 1 6 6 
7 1 0 57 53 0 5 6 
2 7 31 64 31 3 2 1 
7 5 18 37 76 8 0 0 
7 7 43 39 0 3 2 4 
1 1 39 49 62 1 4 0 
4 9 29 43 41 9 8 2 
7 9 22 56 27 2 9 3 
7 5 19 56 78 2 3 9 
9 6 37 89 22 1 4 1 
1 9 26 43 67 4 7 0 
7 4 45 49 31 7 9 1 
6 6 17 38 88 5 2 7 
5 1 11 54 51 8 7 3 
5 8 40 77 69 3 0 4 
0 5 22 84 72 2 1 6 
9 7 34 17 74 7 8 8 
1 3 32 67 32 7 7 7 
2 1 54 63 55 1 3 5 
6 8 71 13 41 5 7 0 
3 2 49 84 53 5 7 1 
1 4 47 40 56 4 0 5 
7 2 32 30 56 8 7 5 
0 9 59 78 58 9 4 6 
7 2 28 59 30 4 1 2 
2 9 20 76 66 8 7 9 
1 6 11 33 55 4 6 0 
5 4 24 55 40 8 1 6 
2 3 41 42 52 5 8 4 
4 6 66 6 53 5 7 2 
8 4 37 40 60 0 1 4 
8 6 56 50 42 4 1 9 
7 3 44 63 60 6 6 3 
4 6 0 34 49 0 5 8 
9 0 46 14 56 0 7 5 
1 7 19 59 57 1 8 6 
1 2 48 60 78 6 8 2 
1 8 37 47 71 3 3 2 
6 0 35 74 34 6 8 7 
9 6 42 50 24 0 3 2 
8 5 29 39 26 9 6 5 
8 3 39 84 37 2 4 4 
2 6 6 0 42 9 5 9 
4 8 9 48 48 0 9 9 
4 1 38 86 63 8 4 1 
8 7 40 48 44 7 5 9 
5 7 0 63 87 6 0 0 
4 9 4 52 82 6 7 2 
1 4 40 31 69 5 7 1 
2 4 6 46 36 1 3 8 
5 0 12 39 40 0 4 3 
6 1 55 66 85 5 8 8 
9 3 34 72 108 2 3 1 
3 3 76 56 82 7 4 3 
8 2 43 46 32 4 1 3 
8 4 0 61 27 8 9 9 
9 3 27 65 37 7 7 7 
1 1 67 70 57 7 4 6 
8 5 14 64 52 4 8 9 
4 3 49 32 23 8 6 1 
9 4 0 24 75 1 2 1 
7 3 5 13 81 2 6 6 
2 1 0 31 61 1 2 4 
5 8 0 25 51 4 3 2 
9 6 12 53 19 2 1 4 
8 5 65 23 43 8 0 4 
0 0 0 0 31 4 9 5 
8 4 16 49 43 4 2 4 
6 9 37 41 39 5 8 6 
2 7 42 67 58 9 8 2 
5 2 8 71 61 5 1 6 
1 4 29 59 43 3 3 1 
5 6 35 74 55 4 2 6 
7 0 48 34 44 4 2 9 
1 8 41 52 75 6 4 5 
9 3 53 52 34 2 1 2 
8 6 36 70 46 1 5 8 
1 9 63 18 37 2 7 2 
7 5 32 46 46 6 4 6 
2 2 23 87 47 0 2 8 
0 7 0 63 26 3 9 9 
1 8 0 20 68 9 8 0 
2 6 0 31 68 2 0 1 
7 4 17 33 59 4 0 7 
9 7 34 37 43 4 6 3 
0 1 19 63 75 0 0 1 
7 0 48 71 44 5 8 2 
6 9 25 41 52 0 7 8 
4 0 45 48 56 6 2 7 
8 0 22 27 42 9 0 3 
9 4 35 73 59 5 9 6 
6 4 0 40 46 9 0 5 
8 5 17 74 28 7 1 3 
1 5 61 57 47 3 7 1 
0 0 60 58 75 0 7 6 
8 5 33 65 54 3 0 0 
5 0 35 74 36 8 0 5 
6 0 25 7 45 5 7 6 
5 8 34 53 13 3 5 4 
0 9 42 54 41 6 7 8 
3 2 34 82 46 4 3 1 
7 0 36 21 36 8 0 8 
6 3 22 45 47 3 6 3 
1 9 35 49 48 3 2 6 
1 5 38 54 56 9 7 6 
0 2 39 72 45 8 8 7 
9 6 26 55 55 8 4 6 
9 3 51 34 31 9 4 4 
0 4 67 9 59 1 6 9 
0 3 62 15 39 8 8 1 
3 1 11 25 49 2 2 1 
9 2 15 75 64 3 0 3 
5 2 42 84 66 6 3 4 
4 8 60 47 92 7 8 2 
4 9 15 51 84 6 5 3 
5 4 47 46 68 3 3 0 
9 7 44 50 62 3 3 7 
8 0 30 55 70 3 1 2 
4 4 30 39 75 3 6 1 
9 7 20 53 39 0 2 4 
1 3 16 68 32 9 1 0 
6 6 31 52 62 6 0 9 
5 7 31 29 9 6 2 2 
4 2 39 59 63 8 1 2 
8 9 49 55 20 6 4 0 
5 7 5 66 31 1 5 6 
5 7 16 29 29 0 3 2 
7 9 20 79 44 5 8 1 
4 7 15 57 43 0 9 3 
3 1 34 35 51 3 4 5 
2 1 62 47 38 6 9 8 
7 4 16 75 35 4 3 1 
1 9 64 55 42 4 2 8 
5 0 36 69 40 6 0 1 
5 5 18 57 21 3 0 3 
1 2 50 87 58 9 1 6 
6 7 18 63 50 9 5 2 
3 1 38 48 18 4 8 8 
7 6 23 38 3 6 9 8 
7 2 29 32 63 2 3 6 
3 9 57 44 40 1 9 2 
4 2 42 46 53 3 4 5 
2 0 46 21 39 7 4 1 
1 5 6 49 50 0 2 2 
6 0 29 17 79 1 6 1 
6 0 45 27 68 5 4 4 
2 7 16 65 50 1 7 4 
8 4 35 58 36 3 2 4 
1 8 15 79 64 5 4 5 
8 9 45 41 25 1 1 1 
1 8 44 82 55 2 8 1 
6 0 43 93 48 1 8 8 
1 0 11 28 53 2 0 3 
5 0 33 10 82 6 0 9 
6 8 26 44 72 8 2 8 
6 7 12 45 12 3 1 3 
0 3 4 30 74 9 6 8 
0 2 8 53 62 6 8 0 
4 5 44 36 37 3 0 3 
5 3 73 41 27 8 7 6 
7 6 20 65 43 5 7 0 
4 1 9 18 63 1 0 0 
0 6 49 44 34 7 2 9 
7 6 40 63 79 7 0 0 
7 7 17 40 42 5 7 3 
4 9 0 69 67 6 7 0 
1 7 0 28 72 7 4 9 
4 5 33 28 61 2 0 5 
3 2 35 60 30 4 2 7 
1 3 23 57 50 8 6 3 
0 1 23 19 53 4 1 0 
9 4 52 24 42 7 4 0 
9 1 20 40 101 1 0 8 
3 8 31 46 38 4 5 3 
1 1 22 43 32 8 1 3 
8 8 16 61 46 3 9 4 
1 6 38 42 40 7 3 3 
8 6 29 21 61 6 1 4 
7 3 37 17 70 1 9 1 
3 1 12 92 49 9 8 8 
7 4 29 49 10 4 7 7 
0 9 0 64 52 6 3 8 
8 6 80 35 59 0 7 2 
3 2 0 27 45 1 1 3 
5 2 29 28 54 0 5 0 
4 4 44 64 43 2 2 9 
2 8 70 55 69 8 6 1 
7 5 34 68 47 3 5 1 
9 1 53 63 48 7 4 3 
1 9 24 78 27 3 6 8 
7 5 5 55 13 6 9 2 
1 3 11 49 27 9 4 1 
1 2 23 61 87 2 1 0 
6 2 7 66 66 4 6 6 
8 2 36 49 77 5 1 6 
8 0 23 39 47 2 7 9 
2 2 45 76 85 2 7 8 
2 6 5 84 51 8 3 2 
5 8 14 67 50 5 4 2 
5 1 1 60 67 2 7 9 
4 7 45 45 57 7 8 2 
8 7 48 68 77 9 2 9 
4 7 32 33 78 7 8 9 
6 9 57 28 58 1 8 3 
5 6 26 20 40 2 2 4 
5 4 16 23 61 6 8 2 
8 1 54 57 34 3 0 1 
7 1 1 67 55 8 2 8 
9 2 25 23 55 9 6 4 
3 4 15 45 86 4 5 0 
3 0 45 39 23 4 9 9 
2 4 23 28 74 6 5 2 
2 4 0 37 31 4 9 3 
1 0 43 112 32 5 8 1 
8 3 29 45 95 6 0 0 
1 0 22 39 107 4 9 6 
8 0 33 67 41 6 7 6 
4 4 11 23 57 4 4 6 
1 7 88 45 34 6 5 4 
0 7 37 71 39 3 8 3 
4 5 47 63 72 7 7 6 
8 5 61 46 56 4 5 0 
9 6 47 62 47 2 9 5 
5 3 62 48 21 5 8 7 
5 6 33 49 53 0 4 7 
1 2 0 76 72 3 3 9 
5 9 28 53 72 0 5 9 
7 0 31 47 49 3 5 5 
6 8 2 65 27 4 2 0 
6 9 40 34 55 5 6 0 
5 7 32 85 81 3 5 2 
3 9 27 50 41 3 7 0 
7 4 33 52 61 2 8 1 
3 7 36 49 41 2 5 4 
6 6 35 62 49 7 7 3 
5 6 27 37 51 3 0 1 
8 5 16 50 68 3 2 7 
6 8 0 39 43 7 8 8 
6 5 23 56 54 1 6 7 
9 3 60 55 42 3 9 1 
6 2 51 33 15 0 7 0 
3 2 14 67 25 3 4 7 
1 7 38 85 90 7 8 7 
1 5 36 78 33 0 7 6 
6 3 51 24 72 3 7 4 
3 5 0 62 43 8 7 9 
7 7 31 17 28 9 4 0 
6 5 31 18 65 6 3 1 
7 4 10 59 52 7 4 8 
1 3 0 93 44 8 8 6 
2 3 3 43 61 7 2 4 
1 7 53 61 69 8 6 4 
6 8 15 58 86 3 5 0 
0 4 12 41 45 8 5 1 
5 4 13 49 55 8 9 7 
6 6 14 39 16 6 6 5 
6 7 36 57 83 8 8 9 
6 1 35 20 32 3 1 8 
1 5 52 38 51 5 7 9 
8 4 15 64 35 7 3 5 
8 8 40 73 38 5 3 3 
6 2 7 51 84 6 7 0 
3 1 59 38 29 5 3 6 
0 1 31 38 54 4 6 5 
9 9 33 38 37 9 9 2 
8 6 48 54 65 4 0 6 
4 2 41 84 54 2 2 8 
8 0 17 105 59 9 7 5 
9 1 27 57 70 8 9 3 
2 4 9 47 44 4 6 5 
5 7 54 88 61 0 6 3 
2 8 38 31 23 4 6 9 
3 3 12 36 60 4 2 5 
2 7 54 21 65 3 7 1 
1 5 10 34 38 8 5 6 
1 8 31 22 61 6 6 3 
0 3 2 84 7 4 0 3 
2 1 31 17 3 8 9 3 
9 9 30 66 36 0 2 7 
9 4 39 95 35 6 6 5 
5 9 58 69 53 6 3 8 
5 0 45 76 23 1 2 5 
0 4 23 62 35 0 1 4 
5 2 57 55 40 1 3 5 
0 9 53 39 45 5 3 1 
4 1 41 81 57 2 7 7 
1 5 75 6 39 5 8 3 
4 9 40 97 69 1 6 5 
0 6 34 26 7 9 3 7 
8 1 25 57 17 7 5 6 
6 4 14 33 65 6 9 7 
4 0 26 7 54 4 8 3 
0 7 29 35 13 5 5 5 
4 8 15 35 43 8 3 8 
6 4 82 57 18 4 6 7 
9 7 62 56 80 9 0 8 
5 2 27 29 51 9 4 7 
7 1 10 60 46 7 0 2 
3 6 69 50 22 8 1 0 
4 1 0 37 41 7 8 1 
4 1 17 29 45 0 2 6 
1 7 33 51 26 8 8 3 
9 3 70 77 43 9 6 6 
9 0 26 20 45 3 6 7 
6 4 0 60 51 7 6 8 
1 1 17 57 61 0 4 3 
0 4 35 45 69 5 9 9 
4 9 21 57 24 8 5 7 
3 9 42 72 47 6 3 8 
7 0 41 70 42 0 0 5 
8 7 68 26 48 3 4 9 
2 8 69 39 35 8 2 7 
0 9 62 58 66 4 3 1 
0 8 16 39 41 8 8 4 
7 3 29 60 80 4 1 0 
3 4 54 79 47 2 5 5 
1 6 40 65 36 3 7 4 
3 8 43 35 68 9 0 8 
8 0 2 73 54 5 0 3 
1 1 16 72 40 6 6 8 
2 8 3 17 51 0 3 7 
3 1 8 75 44 9 9 1 
7 6 1 29 40 2 6 3 
2 0 3 49 58 6 4 9 
9 7 31 53 40 1 5 5 
3 4 25 56 29 2 8 3 
5 4 6 60 59 2 9 6 
8 0 47 112 59 1 3 7 
6 2 35 35 66 7 2 9 
7 7 23 50 16 5 2 8 
7 6 65 25 50 4 3 2 
0 6 40 66 31 5 8 1 
3 4 12 60 47 7 6 5 
9 5 72 38 36 8 4 3 
1 7 12 42 2 2 3 0 
8 5 50 88 61 3 2 6 
8 1 4 68 49 1 0 7 
6 8 28 50 60 8 9 8 
2 8 18 46 69 3 2 9 
5 7 27 18 58 0 3 6 
3 9 41 33 25 3 6 4 
1 3 13 64 72 1 7 9 
6 4 31 46 60 4 8 4 
2 4 38 38 56 2 1 9 
8 2 0 63 17 2 3 1 
6 2 1 87 83 0 3 1 
8 7 50 42 32 7 3 2 
0 6 3 97 46 6 2 6 
0 2 54 41 8 4 3 9 
0 5 56 2 72 5 8 2 
3 8 52 79 19 0 3 9 
1 2 34 35 70 1 7 8 
1 0 39 26 64 6 6 2 
2 0 51 78 54 3 9 2 
1 5 46 43 78 8 0 1 
6 3 65 64 48 5 5 3 
8 7 47 60 60 7 4 4 
7 6 56 14 50 2 0 0 
6 4 46 63 62 2 2 7 
1 0 29 47 29 4 2 0 
4 7 9 76 43 7 6 4 
6 1 0 42 31 8 7 6 
4 3 47 38 71 7 7 9 
9 3 38 43 64 5 2 0 
0 1 10 97 48 1 8 0 
4 3 21 20 68 8 4 6 
4 5 24 53 33 7 5 5 
8 0 34 60 72 7 1 9 
1 9 17 65 55 7 6 8 
0 6 41 74 0 4 4 2 
3 0 17 50 59 8 8 9 
2 4 46 38 13 3 7 8 
0 7 23 41 58 6 8 5 
8 1 23 15 54 7 6 3 
7 5 51 59 41 3 7 7 
2 5 34 57 57 0 9 4 
0 7 32 48 26 1 3 5 
2 3 10 54 51 0 3 5 
8 9 27 12 51 0 9 0 
9 9 31 31 66 5 2 0 
1 9 0 21 64 5 8 2 
0 7 52 29 63 4 7 8 
8 6 55 40 88 6 4 5 
0 3 0 89 69 0 8 9 
4 3 0 41 55 5 6 2 
3 4 60 24 91 8 8 6 
8 1 20 72 31 0 1 4 
7 0 48 26 60 9 0 8 
6 2 41 50 64 3 9 4 
1 3 13 82 91 7 6 6 
1 5 13 44 28 9 7 4 
9 5 20 31 68 3 3 0 
0 3 29 16 39 6 1 2 
4 0 16 64 61 3 1 7 
1 0 20 43 35 9 1 0 
2 9 69 66 21 7 2 0 
5 8 39 56 60 5 4 6 
2 2 56 53 42 8 3 5 
9 0 36 40 60 2 1 8 
0 9 3 38 12 0 8 4 
2 9 12 51 40 8 0 3 
2 0 0 60 1 6 9 8 
5 5 13 68 62 9 3 0 
9 6 69 3 46 5 7 8 
4 1 4 31 42 9 9 0 
4 9 6 68 56 5 2 9 
6 8 0 32 36 0 0 7 
8 9 19 34 35 2 2 7 
5 9 16 15 25 2 5 1 
7 7 39 68 51 2 6 9 
5 8 8 25 67 5 3 9 
7 6 9 63 48 1 4 1 
5 1 60 47 51 4 7 4 
9 8 1 55 71 3 1 7 
4 0 25 34 63 7 5 2 
5 9 47 52 68 4 7 8 
0 0 42 76 60 4 8 2 
0 9 0 22 9 4 0 5 
9 2 70 33 68 1 9 7 
3 1 12 49 34 0 5 9 
2 6 20 55 70 4 8 9 
4 0 2 65 87 2 5 5 
5 2 39 52 71 3 9 8 
2 1 27 41 41 4 9 5 
2 0 30 45 31 0 0 5 
0 8 14 32 57 1 3 4 
8 7 41 63 37 5 2 7 
7 9 32 87 57 1 5 5 
6 3 54 44 42 7 7 6 
5 3 12 6 61 1 4 4 
6 5 19 55 22 9 4 2 
5 8 15 38 76 6 2 4 
5 4 22 31 75 5 8 2 
1 0 0 32 80 9 7 8 
9 9 33 51 72 1 3 0 
6 0 20 11 62 0 9 7 
4 3 37 70 65 3 4 6 
7 5 20 58 77 8 7 4 
8 9 5 50 33 6 7 6 
0 7 64 49 29 1 5 5 
8 8 2 83 89 9 3 5 
7 2 39 11 52 9 0 4 
5 0 2 68 42 0 7 3 
4 1 5 52 12 6 6 5 
6 7 55 69 49 2 7 4 
7 6 35 17 28 4 9 6 
8 9 68 81 49 6 0 2 
2 3 37 34 53 9 1 8 
0 4 23 63 47 7 0 6 
6 4 46 61 45 5 6 5 
7 5 46 21 30 8 5 8 
1 6 26 51 47 7 3 5 
4 6 39 66 48 4 8 0 
2 1 0 57 5 8 0 0 
4 8 29 60 80 8 7 1 
9 2 53 9 84 1 5 7 
9 7 49 76 54 8 9 4 
3 5 0 44 21 8 9 3 
6 4 1 24 48 0 5 6 
0 3 56 61 50 9 7 2 
4 5 0 54 41 9 8 5 
0 3 22 63 43 5 1 6 
7 6 9 30 24 7 8 6 
5 0 33 48 51 1 9 8 
6 7 17 60 48 4 4 7 
5 3 50 63 74 6 6 1 
0 0 45 41 17 5 4 5 
1 7 30 75 39 7 3 7 
0 8 60 67 27 4 6 5 
6 5 8 85 62 4 2 0 
9 7 11 43 53 6 8 5 
8 4 14 61 72 5 0 3 
5 0 11 45 54 3 8 2 
3 9 55 59 27 8 1 5 
0 6 27 47 43 2 9 8 
4 3 59 47 59 8 8 4 
3 4 40 91 48 2 1 1 
8 5 18 38 37 4 3 4 
5 7 0 32 38 9 1 7 
7 1 20 50 0 2 7 6 
5 2 15 86 51 7 0 7 
8 6 61 55 72 8 3 6 
4 3 18 17 73 6 3 7 
9 3 15 60 31 5 0 7 
8 3 0 59 35 2 4 4 
7 9 17 56 68 2 5 8 
0 7 32 16 32 2 5 4 
6 9 38 65 53 9 0 2 
7 9 24 20 47 7 0 5 
7 5 34 18 47 6 7 3 
6 2 51 49 42 1 9 5 
4 4 36 88 40 8 5 6 
6 6 45 48 78 8 6 1 
3 9 30 56 46 8 8 6 
9 0 30 65 56 7 1 4 
0 8 11 64 64 3 7 6 
2 2 0 47 28 7 1 3 
8 5 62 56 33 7 0 0 
6 5 30 30 43 5 4 7 
1 0 30 29 30 2 2 2 
3 3 49 31 42 3 3 2 
6 9 9 23 49 8 9 8 
2 8 14 63 50 9 1 9 
4 7 40 37 30 3 8 6 
7 4 39 48 49 0 2 6 
0 8 18 94 56 9 2 9 
5 3 34 62 45 0 5 1 
2 4 14 56 40 7 2 5 
8 2 20 51 72 8 9 9 
4 9 34 16 60 3 0 9 
1 8 68 0 50 0 5 1 
4 9 22 64 25 6 6 1 
6 7 3 61 0 0 2 0 
9 0 11 0 32 3 3 4 
3 8 46 48 34 0 8 0 
1 8 23 0 53 5 0 8 
5 1 40 22 33 0 6 4 
1 0 3 48 44 7 8 2 
9 3 60 29 79 3 5 2 
4 6 37 40 33 7 0 2 
8 3 49 44 37 4 5 4 
8 4 31 48 27 6 5 1 
3 8 21 46 75 8 1 1 
7 6 0 84 41 5 2 4 
9 2 55 53 16 6 1 2 
3 6 41 20 50 3 2 7 
7 6 27 65 39 2 1 9 
3 6 23 52 63 2 0 2 
4 8 29 44 85 8 0 2 
7 6 4 46 130 3 5 5 
7 7 2 28 65 7 6 1 
3 7 44 37 51 6 5 8 
6 3 0 59 63 6 5 3 
4 8 17 41 42 1 0 2 
4 5 48 61 75 1 8 0 
4 5 33 83 38 5 9 8 
9 4 0 84 15 2 0 9 
4 5 55 12 68 1 5 5 
1 0 38 27 64 1 6 3 
1 1 60 62 59 2 7 8 
8 9 23 47 51 7 8 5 
9 0 56 34 70 0 6 1 
2 7 25 94 13 3 2 0 
8 3 37 46 45 1 7 2 
3 5 0 31 58 1 1 9 
7 3 31 71 54 2 9 0 
1 0 49 53 70 3 3 2 
2 1 13 50 22 9 2 6 
2 0 29 68 14 6 9 1 
4 4 56 69 23 5 2 1 
9 4 26 0 46 4 8 6 
6 5 56 74 93 9 0 9 
5 0 67 16 28 5 3 9 
4 4 41 41 69 6 9 4 
5 9 6 44 78 8 3 7 
7 2 25 54 36 7 9 4 
1 4 14 47 23 6 7 3 
4 1 28 34 58 6 6 8 
8 9 102 17 34 9 7 8 
4 5 43 24 65 1 3 2 
5 4 18 69 67 7 4 4 
9 7 82 58 53 7 7 7 
9 2 12 37 51 4 0 1 
4 5 46 49 64 4 4 3 
1 4 5 39 53 5 6 7 
2 5 3 56 58 3 6 7 
1 7 35 25 63 1 4 6 
4 6 51 62 21 4 9 6 
2 2 16 33 28 4 7 2 
9 8 31 29 70 8 9 6 
6 7 17 88 48 4 9 8 
8 4 24 41 55 4 7 0 
8 7 41 34 40 8 2 0 
2 3 40 65 31 6 7 4 
9 7 0 62 87 6 4 0 
6 6 50 60 25 3 5 3 
0 3 6 43 48 1 8 7 
8 9 0 31 51 1 3 3 
9 3 8 19 37 0 2 6 
2 3 0 74 28 6 6 9 
5 1 7 38 22 0 5 6 
7 9 7 66 55 0 5 9 
3 7 23 82 46 2 1 1 
5 8 23 44 73 5 1 8 
7 3 20 47 65 1 6 5 
8 0 41 45 53 4 6 1 
2 8 29 38 74 8 5 3 
3 2 34 53 39 3 7 4 
9 1 39 23 34 8 9 1 
5 7 54 64 52 8 9 6 
8 7 35 13 33 7 4 3 
3 1 10 70 62 8 4 7 
2 3 9 49 41 3 0 9 
7 0 77 33 65 9 4 1 
5 4 30 48 39 4 6 0 
4 6 22 0 54 4 8 1 
7 8 32 87 36 2 3 6 
9 0 39 65 57 4 5 2 
8 4 51 39 56 3 2 4 
4 9 31 55 73 2 8 6 
0 7 0 88 92 8 5 9 
0 0 17 34 27 0 2 5 
8 9 31 63 74 0 3 4 
8 0 0 49 36 2 4 0 
7 1 9 40 22 8 3 2 
9 7 36 64 38 6 2 2 
7 8 31 72 51 9 1 1 
2 7 27 19 35 2 4 5 
8 7 38 40 79 4 4 2 
6 9 52 56 54 9 2 3 
2 4 9 69 69 6 5 7 
2 8 0 54 54 8 7 4 
3 3 43 39 32 6 8 6 
8 6 60 46 25 6 8 6 
7 7 18 48 25 1 9 6 
7 5 49 48 60 2 6 9 
9 5 11 62 66 2 6 1 
0 4 27 54 40 2 3 0 
0 4 14 79 43 1 5 6 
7 0 49 39 18 0 0 3 
2 6 42 25 45 2 7 6 
9 2 44 53 18 1 0 1 
7 6 53 43 50 4 4 1 
8 8 68 31 25 9 9 9 
2 7 79 49 70 4 7 7 
8 4 28 72 40 7 0 9 
0 6 41 73 32 3 0 0 
6 3 37 20 44 9 3 9 
7 3 13 76 56 7 8 1 
3 0 24 52 68 1 8 3 
6 6 2 70 31 7 1 4 
6 9 35 41 33 6 8 4 
7 2 25 18 7 1 2 8 
0 7 2 50 15 2 0 9 
1 6 55 62 16 4 1 3 
3 9 36 43 49 8 2 6 
4 0 0 50 0 3 8 1 
6 0 29 36 34 0 5 1 
9 7 42 20 58 9 8 4 
7 8 26 44 46 4 4 0 
4 0 0 83 26 5 7 2 
8 2 11 39 47 7 1 5 
3 2 12 24 20 9 4 7 
3 2 50 21 55 4 3 6 
0 3 74 58 35 1 4 8 
6 3 30 68 3 0 9 4 
2 3 24 65 12 6 0 6 
2 2 37 73 57 3 3 2 
5 8 12 62 31 2 6 0 
3 1 25 39 88 1 9 2 
9 8 19 43 22 6 6 8 
3 9 34 37 40 9 1 0 
8 7 56 11 31 0 9 3 
1 1 28 28 30 5 7 0 
0 1 20 63 59 1 5 3 
3 7 24 70 50 3 9 3 
1 3 47 27 48 3 1 8 
3 1 0 73 70 4 9 0 
2 8 12 45 25 9 2 7 
4 3 0 39 54 9 6 9 
4 7 37 45 52 4 2 1 
6 8 22 53 64 7 2 0 
0 5 66 33 45 1 2 9 
0 7 56 83 61 5 2 5 
1 4 7 16 21 1 7 7 
0 1 30 36 45 1 3 6 
5 6 5 34 53 7 4 0 
4 6 49 45 51 5 2 7 
0 3 46 47 87 0 5 0 
0 4 25 31 30 7 3 2 
5 8 8 55 55 9 2 1 
8 1 33 87 26 4 1 7 
9 2 35 51 58 6 3 6 
0 6 27 24 41 4 7 3 
7 8 53 69 23 5 8 3 
7 8 14 81 24 1 4 4 
1 3 12 15 76 9 7 6 
5 6 11 55 71 0 0 1 
7 1 25 47 47 2 8 1 
6 3 18 40 87 9 0 9 
8 1 78 76 69 6 1 9 
0 2 47 45 53 1 5 6 
2 2 25 41 38 8 0 9 
2 8 14 34 71 3 5 8 
5 2 26 53 58 1 7 6 
2 2 0 74 39 9 5 2 
3 0 31 40 55 4 5 5 
5 4 33 40 63 1 3 1 
2 1 0 61 68 0 2 5 
9 2 19 74 38 3 6 5 
8 0 27 23 71 3 2 1 
9 7 32 75 59 8 5 9 
8 2 12 25 79 8 0 9 
4 2 34 73 42 8 7 8 
4 1 6 54 53 5 9 3 
9 2 11 54 40 8 3 4 
4 9 33 55 76 4 1 3 
3 5 6 55 48 1 5 8 
8 9 47 80 61 9 9 7 
5 7 48 80 32 2 7 9 
1 8 38 103 3 0 7 9 
9 1 9 39 61 1 7 6 
7 2 43 31 40 3 9 2 
9 9 76 54 60 0 7 5 
7 6 0 33 78 1 4 8 
0 0 20 15 55 5 4 4 
7 1 0 52 34 8 4 2 
2 8 32 73 81 9 8 2 
4 7 29 50 69 7 8 6 
1 1 18 82 56 9 7 7 
5 2 15 68 42 8 2 2 
6 2 14 26 30 5 4 3 
5 0 71 24 45 0 1 7 
6 5 42 34 73 2 6 2 
6 4 18 30 46 5 6 1 
4 3 27 48 46 4 0 3 
2 8 3 58 43 8 7 0 
0 0 16 54 41 2 1 3 
4 9 47 65 55 7 1 9 
6 7 5 53 81 5 7 1 
1 1 35 34 53 4 6 1 
8 7 0 45 58 8 5 9 
3 3 20 40 36 0 6 3 
4 4 29 48 41 1 4 1 
2 6 53 41 35 5 9 7 
7 7 25 13 73 7 9 4 
3 5 0 65 20 6 3 2 
0 7 10 36 41 4 6 8 
2 8 10 71 57 6 7 6 
9 5 62 49 0 9 5 3 
2 4 38 37 65 8 2 5 
7 4 33 15 31 7 2 7 
7 9 34 34 46 1 8 1 
4 8 49 58 40 8 0 1 
9 9 30 27 78 3 4 3 
2 7 42 39 80 3 6 7 
2 4 40 64 67 8 4 6 
5 0 50 20 66 3 2 5 
2 7 62 24 70 7 7 1 
2 6 63 62 52 9 2 1 
8 1 28 36 60 0 6 7 
2 9 17 44 67 6 7 9 
0 2 0 44 91 7 3 5 
6 8 35 45 52 2 1 8 
1 7 34 32 81 1 4 5 
5 8 54 64 26 3 7 0 
2 8 49 34 32 5 0 2 
2 1 69 67 31 7 6 9 
3 8 31 56 34 0 1 1 
6 1 33 37 52 0 0 4 
9 4 21 78 57 9 1 1 
7 5 12 28 59 4 5 4 
3 9 19 52 8 1 2 0 
2 7 25 69 43 1 8 5 
5 1 26 29 68 7 9 0 
6 5 37 28 50 2 4 3 
1 3 2 64 5 3 7 8 
4 5 0 24 39 9 1 5 
9 6 33 58 43 0 3 6 
4 6 53 50 79 7 4 8 
3 0 23 52 15 7 8 9 
5 8 28 72 10 9 9 6 
0 7 62 45 51 0 5 0 
3 4 0 11 52 7 1 4 
4 1 11 35 29 2 1 8 
5 4 47 36 57 8 4 0 
6 5 10 69 55 3 4 7 
0 9 25 32 32 9 6 9 
9 9 28 96 67 6 0 4 
6 6 25 66 50 4 0 7 
8 8 0 38 29 9 2 8 
2 2 28 44 0 9 9 2 
5 1 47 45 46 3 6 7 
0 8 24 63 72 7 0 3 
7 6 49 45 28 9 6 0 
7 5 30 93 53 3 1 9 
8 1 51 50 65 4 9 3 
1 0 36 0 70 8 0 9 
1 2 0 62 49 6 2 1 
7 4 47 71 5 3 0 7 
2 3 27 64 25 2 5 1 
0 4 47 44 52 4 1 1 
3 4 26 36 53 5 5 5 
5 5 16 48 48 8 4 6 
0 3 1 70 87 9 3 6 
0 9 14 43 64 3 5 9 
0 3 53 84 58 6 7 3 
6 2 61 25 30 4 5 9 
3 1 2 10 54 0 7 9 
9 6 14 67 46 5 8 7 
8 9 34 74 45 6 7 6 
5 9 41 58 33 0 1 8 
0 2 28 50 42 0 6 5 
1 9 33 74 56 2 5 8 
3 8 26 64 50 4 2 3 
0 7 15 71 56 7 0 6 
7 9 38 30 20 9 8 7 
6 9 54 55 63 4 1 0 
2 8 29 69 60 2 1 0 
0 3 60 75 51 1 5 3 
4 3 39 65 69 4 2 9 
7 2 27 67 15 6 6 9 
1 3 0 51 39 1 2 0 
4 9 17 63 39 1 3 9 
8 0 2 12 40 0 4 0 
2 5 15 66 62 8 0 2 
6 6 11 66 51 6 2 8 
7 4 12 75 56 5 5 9 
1 3 8 66 21 7 0 7 
3 9 65 22 79 6 1 9 
4 2 38 31 43 5 6 7 
7 7 54 82 34 9 6 4 
8 8 34 32 82 9 9 4 
9 9 38 101 49 7 3 6 
6 4 25 58 16 1 0 9 
4 2 42 61 50 8 0 9 
6 7 28 67 20 7 7 7 
6 1 59 86 44 9 4 0 
8 6 10 59 54 5 5 2 
6 9 32 56 39 5 0 0 
4 5 18 63 76 4 5 7 
3 2 59 48 64 5 0 6 
9 0 74 12 78 2 6 1 
2 7 17 42 20 6 1 2 
4 5 25 35 53 9 1 5 
7 0 39 70 68 4 4 2 
6 8 29 24 31 0 7 7 
4 5 8 61 107 3 1 8 
8 1 30 29 48 7 0 8 
7 8 47 38 57 0 3 4 
7 1 36 36 42 8 0 5 
2 0 32 32 22 7 9 7 
2 0 41 11 68 3 2 5 
3 0 52 67 33 0 0 5 
1 9 41 43 39 5 0 4 
1 9 38 45 61 9 7 7 
3 8 22 6 63 0 7 8 
2 5 26 64 64 3 0 6 
5 7 48 48 70 3 2 0 
9 9 40 44 67 7 9 5 
3 2 49 44 15 0 7 9 
9 5 22 56 107 5 2 1 
3 8 8 65 64 3 5 2 
8 8 6 68 48 0 9 3 
9 6 55 63 75 1 9 7 
0 8 14 53 54 9 4 6 
0 6 8 93 30 9 0 3 
8 3 6 70 33 8 7 0 
8 2 43 69 39 0 4 4 
8 1 18 52 66 1 4 8 
8 8 52 34 64 7 6 1 
6 5 41 65 38 2 3 4 
2 7 7 42 41 5 0 1 
4 8 0 71 71 2 9 4 
3 1 43 77 37 7 4 4 
3 9 14 38 63 5 2 3 
6 9 25 92 24 9 5 9 
2 8 27 45 74 2 7 9 
3 0 67 30 64 4 3 5 
4 1 19 53 56 3 7 5 
0 0 38 54 24 1 4 1 
9 5 22 40 73 0 2 9 
6 7 0 76 24 9 1 2 
6 9 12 68 55 3 6 1 
5 4 27 31 51 4 0 0 
0 7 40 38 34 1 1 2 
3 0 0 58 43 4 2 0 
0 5 36 40 45 6 5 3 
1 2 31 95 50 7 6 7 
8 3 16 65 23 2 3 3 
7 0 42 25 85 2 6 7 
9 5 7 26 79 9 5 4 
9 4 0 42 67 7 5 5 
0 0 81 37 53 3 2 7 
9 3 44 62 53 4 9 0 
3 5 1 57 42 6 9 6 
3 7 23 32 21 0 6 5 
6 1 33 36 29 8 6 2 
2 2 31 38 43 1 9 1 
1 9 62 40 86 2 6 0 
8 2 8 38 45 9 5 3 
1 3 34 36 43 2 1 0 
4 7 45 73 51 5 1 3 
1 6 12 32 29 0 0 1 
7 5 9 56 104 0 0 0 
0 6 0 50 13 7 9 3 
1 4 62 30 23 2 2 1 
6 7 40 62 85 1 3 4 
2 7 24 48 25 5 2 9 
8 3 37 56 61 5 5 0 
4 6 4 45 35 3 0 7 
3 1 7 64 26 9 8 5 
3 8 16 35 50 4 3 5 
4 0 45 69 48 9 7 6 
4 3 11 43 58 5 2 3 
4 4 22 57 29 5 5 5 
9 4 28 87 16 9 8 6 
9 3 51 22 50 8 9 7 
1 9 20 59 74 6 6 3 
3 5 18 46 59 3 7 4 
0 0 13 52 63 9 4 8 
2 2 8 45 46 9 0 0 
8 6 22 75 52 5 7 6 
1 0 58 36 41 3 9 2 
9 1 21 67 35 5 1 9 
8 7 36 15 35 0 3 5 
1 7 76 37 29 5 7 8 
5 7 28 32 34 9 2 9 
3 4 49 32 55 7 6 8 
1 5 25 42 37 0 9 3 
2 6 63 22 87 5 6 8 
1 9 20 23 62 6 1 4 
7 3 20 47 43 3 3 3 
3 4 5 75 21 0 7 3 
0 1 30 60 33 6 5 8 
6 6 28 62 42 9 2 2 
7 5 7 16 49 5 5 5 
6 3 40 79 70 8 7 2 
3 0 45 45 53 7 4 4 
0 3 64 77 39 1 4 0 
9 3 14 12 68 6 8 3 
3 7 3 68 52 1 1 8 
1 4 51 47 39 8 4 0 
8 1 72 54 86 7 5 1 
3 9 1 38 17 9 1 1 
1 4 36 47 59 7 9 1 
9 9 14 39 59 4 3 8 
9 7 42 69 43 7 0 8 
3 8 50 38 16 5 1 2 
2 5 19 60 49 1 4 3 
9 9 28 38 25 2 1 9 
9 9 28 76 48 6 9 9 
4 9 28 51 36 2 4 6 
4 9 28 94 77 8 2 8 
4 6 51 61 80 1 9 4 
9 5 31 72 25 3 6 6 
0 4 28 47 46 1 4 9 
8 8 11 46 63 9 3 2 
8 2 40 50 25 0 3 9 
7 7 52 44 72 3 6 9 
1 4 0 51 61 4 9 8 
7 0 11 83 39 4 8 8 
3 2 7 58 69 2 6 8 
1 8 40 45 45 3 6 2 
2 3 35 83 47 8 2 7 
2 9 29 39 28 8 0 6 
5 5 40 61 50 9 9 3 
3 0 55 56 50 2 3 6 
4 7 38 57 44 1 7 2 
8 6 7 43 92 8 6 1 
0 7 0 69 21 9 2 0 
9 8 31 80 40 1 3 2 
2 7 24 85 48 8 1 3 
1 9 67 24 38 0 0 3 
6 6 42 34 59 5 8 3 
9 0 0 20 27 5 3 2 
3 3 37 52 48 6 5 4 
0 7 45 75 58 9 5 0 
5 4 46 70 38 9 9 2 
6 5 27 48 78 3 9 7 
3 3 23 28 40 9 4 0 
0 3 4 47 5 4 4 8 
1 9 21 70 46 3 6 3 
9 9 42 46 64 8 3 0 
6 6 0 91 58 3 1 7 
9 1 6 74 78 2 1 3 
3 3 31 50 57 3 1 5 
5 4 23 65 55 5 4 2 
5 7 43 23 65 8 5 1 
8 3 9 68 65 3 1 6 
8 8 12 49 44 2 7 5 
7 7 14 23 25 4 1 0 
8 3 8 27 70 0 0 1 
5 0 22 57 38 1 5 0 
8 2 30 57 46 0 8 9 
7 1 47 25 44 0 8 9 
1 3 75 19 56 8 1 9 
9 4 29 73 41 6 8 9 
1 4 34 82 58 9 0 9 
2 5 0 25 31 2 1 1 
8 8 20 19 61 6 6 5 
5 7 19 22 13 1 7 0 
4 2 10 68 61 4 7 9 
7 7 7 55 88 2 8 9 
2 8 13 48 48 2 8 9 
0 3 1 36 62 8 1 6 
4 3 12 83 24 7 0 8 
5 5 0 78 0 4 8 0 
5 0 12 39 72 1 1 0 
0 1 39 53 54 9 6 2 
9 8 33 103 30 9 0 4 
6 4 17 25 39 8 2 0 
3 7 21 64 73 5 8 9 
0 3 31 53 82 8 6 6 
4 8 30 81 48 7 7 7 
3 3 53 44 45 9 0 5 
8 5 15 53 83 2 2 0 
9 6 22 86 48 0 7 7 
4 3 74 34 41 9 3 3 
6 8 3 77 97 2 1 5 
3 1 6 33 36 6 5 4 
3 5 48 24 67 9 3 7 
5 7 9 33 40 7 9 9 
4 1 37 43 61 4 9 5 
5 7 37 16 59 2 3 3 
8 0 51 72 44 5 2 9 
2 4 17 58 58 2 3 5 
1 9 39 65 33 1 1 2 
5 3 21 57 50 7 3 4 
0 7 30 64 45 8 4 5 
6 6 32 36 81 8 8 3 
1 5 35 24 35 9 0 5 
1 5 26 59 74 4 9 9 
7 8 27 60 45 6 6 6 
4 4 24 54 45 3 1 2 
4 3 21 16 23 6 9 2 
1 8 3 74 37 6 6 3 
5 1 32 56 53 8 2 7 
6 4 50 43 79 4 0 2 
8 7 25 70 62 9 3 3 
3 9 17 56 55 4 6 5 
4 7 31 51 56 7 6 9 
3 2 0 34 23 3 0 1 
9 3 34 58 44 4 3 4 
9 1 39 33 49 0 0 1 
9 0 23 52 32 6 5 5 
8 2 0 68 29 1 6 1 
1 9 58 50 26 9 2 1 
2 4 31 43 77 1 4 7 
7 8 36 44 69 9 7 5 
0 3 26 47 52 0 7 2 
5 4 43 45 60 4 1 1 
2 4 31 52 67 5 4 3 
0 7 62 81 56 0 2 3 
1 3 44 46 91 1 0 9 
4 4 44 92 22 0 2 9 
6 0 26 70 13 8 4 0 
9 4 16 51 85 5 5 6 
8 9 63 28 52 3 9 1 
3 8 74 53 62 0 1 2 
7 8 20 36 71 9 8 7 
6 5 5 57 66 0 1 5 
7 6 11 31 50 8 1 8 
7 9 8 74 86 1 7 0 
1 5 32 12 62 8 6 8 
1 4 45 61 42 0 5 6 
8 9 51 3 85 3 7 6 
7 8 39 43 77 9 2 1 
9 0 50 23 52 1 9 6 
4 6 1 48 75 4 5 6 
7 4 3 83 51 6 8 1 
6 0 65 11 40 7 5 0 
3 5 31 48 37 9 3 9 
3 9 32 47 38 1 7 5 
2 4 35 24 59 7 9 0 
1 3 45 58 59 3 9 1 
1 6 72 52 68 4 9 9 
8 9 39 52 51 5 1 9 
9 8 26 40 70 8 6 9 
9 4 54 36 59 9 1 1 
2 0 57 40 21 0 6 4 
6 2 25 26 37 7 1 2 
2 4 48 62 34 0 5 4 
6 8 0 23 27 5 0 7 
3 6 57 53 39 0 8 0 
1 8 58 28 23 3 6 0 
2 9 46 57 62 5 0 3 
4 1 24 12 67 6 8 2 
3 1 42 33 29 2 0 1 
0 5 40 31 41 3 9 0 
1 2 44 19 63 3 6 6 
7 8 0 84 38 4 4 1 
1 5 61 31 32 2 3 7 
0 7 25 75 61 4 2 5 
0 1 41 80 29 3 7 3 
8 8 61 59 18 9 8 5 
5 7 20 77 62 0 0 9 
8 9 40 54 50 5 5 4 
0 1 13 66 44 7 6 1 
8 1 19 35 99 2 9 4 
2 6 54 26 68 4 2 0 
7 7 73 63 76 1 2 0 
9 0 43 44 63 1 8 3 
7 4 29 24 96 0 8 8 
8 0 32 28 62 5 9 6 
4 8 16 46 54 6 8 4 
8 6 23 97 60 3 8 8 
4 9 47 97 49 9 2 6 
9 0 47 44 60 3 0 0 
5 5 33 0 66 8 4 7 
4 4 24 87 34 4 5 8 
3 2 10 90 27 1 2 4 
9 5 0 91 79 1 6 5 
3 0 36 54 40 0 9 0 
8 2 65 44 58 6 3 4 
2 4 50 52 60 6 1 0 
1 2 17 35 61 8 4 7 
6 2 30 88 2 5 8 4 
5 5 29 65 43 9 5 4 
0 9 21 57 18 9 7 5 
9 6 40 33 49 7 8 9 
8 5 47 58 24 2 7 2 
2 5 42 82 20 1 0 5 
5 4 0 68 0 4 7 2 
8 9 47 66 27 1 0 8 
7 5 70 43 36 3 4 7 
8 2 50 57 47 4 3 0 
4 5 43 34 24 7 2 2 
1 1 38 66 48 7 3 9 
5 1 3 56 48 0 8 7 
0 0 23 6 54 5 7 8 
5 3 41 34 52 8 5 9 
8 4 11 55 67 0 0 8 
9 5 43 51 63 3 1 6 
3 6 12 36 48 2 3 2 
5 8 0 49 44 4 9 4 
7 5 0 66 45 8 5 0 
3 6 58 49 74 0 7 2 
0 5 20 60 59 7 3 3 
7 3 26 45 68 0 8 1 
2 6 36 36 41 5 6 5 
0 0 0 66 45 5 9 4 
8 9 53 29 68 4 6 3 
1 1 6 24 52 4 4 7 
9 9 37 47 52 1 0 3 
7 2 18 2 43 8 3 4 
9 6 49 33 39 4 7 8 
5 2 9 101 34 6 7 4 
1 0 21 18 25 6 1 7 
2 1 35 70 42 6 3 9 
9 5 35 24 32 4 3 7 
1 4 0 53 61 5 7 5 
1 8 20 66 57 9 4 8 
5 7 42 41 41 5 5 4 
5 8 57 25 31 3 3 9 
9 8 54 2 67 7 6 6 
9 5 21 42 73 5 2 5 
1 1 26 61 62 2 6 2 
0 4 15 51 65 0 7 1 
0 5 46 75 43 2 8 3 
4 3 56 54 69 9 3 2 
1 7 38 20 72 6 4 0 
7 4 7 51 49 8 0 5 
4 6 29 27 22 1 9 9 
2 1 45 61 66 3 6 2 
4 8 35 57 42 3 7 4 
0 0 39 60 44 4 0 6 
1 4 6 7 29 9 6 9 
4 8 0 37 77 9 6 8 
6 0 21 51 16 5 9 8 
0 8 0 62 35 9 6 9 
6 6 24 75 86 1 2 1 
3 8 47 38 26 1 2 1 
3 5 31 38 61 7 4 4 
3 9 69 84 69 8 9 8 
1 7 16 47 46 3 4 2 
8 7 38 63 53 2 4 0 
7 3 5 56 76 5 7 9 
6 1 14 94 70 0 5 4 
8 6 22 56 52 3 6 5 
6 3 32 75 29 8 4 6 
9 2 26 54 52 1 1 9 
7 5 17 51 50 3 2 2 
7 9 27 59 48 8 9 8 
4 2 35 68 49 4 7 4 
8 8 52 60 39 9 7 8 
0 7 34 59 19 8 6 1 
5 0 43 82 77 4 9 3 
7 5 59 1 53 5 2 0 
6 9 0 64 82 4 4 5 
2 4 15 66 50 6 1 6 
7 2 40 57 28 2 9 0 
6 9 64 39 83 0 9 6 
3 0 0 55 26 6 1 3 
5 1 10 30 67 9 7 1 
0 3 35 9 77 8 6 7 
7 7 14 31 34 6 7 2 
8 0 40 41 34 7 3 5 
7 0 40 43 3 9 3 5 
8 3 35 27 47 3 8 6 
8 7 25 68 55 9 4 6 
9 3 30 33 43 7 7 7 
7 8 27 40 25 4 7 9 
4 5 30 37 15 8 1 1 
2 7 51 102 38 2 1 4 
8 9 53 27 76 0 3 1 
9 5 3 80 33 1 6 1 
0 6 15 55 40 1 9 9 
0 4 31 41 69 6 9 7 
8 7 50 52 62 8 5 5 
0 7 28 32 80 6 9 4 
3 6 24 33 27 6 0 6 
3 7 35 52 22 7 6 5 
5 3 37 41 75 5 6 2 
4 6 75 51 47 5 8 4 
0 8 39 78 62 8 1 3 
3 1 0 25 54 3 0 2 
4 1 27 75 84 7 8 3 
2 0 45 43 19 4 6 0 
9 4 25 79 45 8 3 5 
9 5 32 88 14 3 4 5 
6 8 15 46 79 8 9 5 
9 9 30 37 24 2 6 3 
9 3 13 63 75 2 1 2 
3 0 22 71 65 6 5 4 
2 9 28 59 51 4 8 1 
7 1 28 67 28 9 5 6 
1 2 47 39 54 7 6 5 
3 5 51 65 43 0 6 5 
9 0 58 51 27 5 6 0 
8 4 22 58 31 3 1 2 
5 6 28 74 41 9 3 6 
7 7 35 23 61 2 7 1 
0 7 37 43 37 1 1 4 
0 2 26 63 85 5 6 9 
6 6 0 55 12 9 9 6 
7 4 29 30 64 5 6 8 
6 9 9 26 59 0 8 1 
5 9 55 75 78 8 9 0 
4 3 17 24 52 1 9 9 
2 3 37 24 31 9 5 5 
3 1 13 55 44 7 7 3 
5 2 44 74 52 5 7 3 
4 1 59 73 74 8 0 9 
9 6 38 13 52 3 2 2 
6 0 14 21 41 6 5 9 
3 2 32 31 54 3 9 3 
0 3 56 31 68 2 4 9 
5 3 36 62 68 6 8 9 
6 4 44 62 25 0 6 9 
0 1 8 44 85 8 1 3 
8 7 17 65 49 2 9 4 
6 4 11 76 35 5 4 7 
9 2 38 59 17 3 4 0 
3 0 43 22 51 4 8 8 
7 9 29 61 66 1 0 1 
8 1 22 47 27 6 3 1 
8 1 16 37 40 9 0 5 
3 1 36 61 81 8 1 9 
6 7 5 59 71 2 5 7 
3 5 42 52 87 6 0 8 
9 8 28 76 28 1 5 0 
1 9 18 64 52 2 8 6 
2 9 22 76 55 1 9 4 
2 1 61 47 54 1 9 9 
6 3 40 50 24 6 3 2 
1 6 46 22 62 5 4 3 
1 0 16 77 62 8 5 6 
7 3 54 81 36 9 7 5 
5 4 0 57 43 0 8 0 
4 2 4 64 57 6 8 8 
3 2 31 80 42 0 4 8 
7 0 25 46 39 2 3 7 
1 6 17 17 50 7 8 9 
4 3 25 86 61 9 9 9 
9 3 30 76 52 8 4 4 
4 0 27 67 66 2 6 9 
6 1 0 64 53 6 4 2 
7 3 41 0 72 4 6 2 
9 9 27 37 44 6 7 9 
4 0 32 63 32 8 5 7 
1 6 43 85 55 4 2 9 
8 6 40 97 40 2 8 6 
7 1 51 38 9 7 4 5 
9 5 9 71 29 5 3 2 
0 7 35 36 61 3 5 5 
6 1 45 34 22 4 7 0 
1 6 20 73 47 0 9 6 
5 3 14 51 34 4 8 5 
1 9 18 27 42 6 3 5 
4 5 31 50 59 1 4 0 
4 0 32 39 71 7 9 1 
6 4 39 67 67 7 8 1 
3 4 7 44 54 6 3 4 
5 1 64 38 38 2 0 3 
7 4 48 71 44 3 5 5 
3 4 24 90 37 6 6 5 
5 3 0 31 51 8 4 6 
8 6 6 81 43 5 5 0 
2 7 33 63 54 0 1 7 
2 1 28 66 77 4 1 6 
3 7 17 75 45 4 1 5 
5 5 32 28 48 5 7 2 
6 4 30 21 90 0 6 1 
0 2 54 19 28 6 4 3 
6 3 43 35 40 1 4 2 
5 4 6 18 20 6 9 7 
2 0 32 35 75 4 4 7 
0 4 40 31 30 6 2 2 
5 0 45 62 43 6 0 7 
6 5 22 31 61 8 5 4 
2 1 11 21 62 0 3 5 
8 7 16 50 45 7 2 1 
5 7 52 38 54 6 8 5 
6 3 12 28 40 1 2 6 
7 3 44 17 17 0 9 4 
8 0 25 49 35 3 8 7 
3 3 5 38 31 0 8 9 
2 7 45 70 32 5 0 1 
9 6 0 36 38 1 3 7 
1 3 4 49 26 5 4 2 
6 9 41 61 27 0 6 7 
9 5 0 83 68 5 0 1 
7 1 56 69 87 4 8 6 
6 8 23 49 85 2 2 0 
4 7 14 49 80 2 3 9 
8 5 27 66 62 9 9 9 
4 3 49 72 28 2 1 8 
1 0 56 87 47 3 7 9 
6 7 38 25 67 5 6 2 
5 7 34 27 29 9 4 6 
6 3 28 61 33 3 8 5 
5 3 37 69 59 2 1 0 
1 0 1 91 56 0 7 1 
9 9 36 20 21 4 1 9 
1 5 42 25 89 0 4 4 
9 8 0 46 39 2 6 9 
4 5 15 49 44 8 8 1 
4 9 1 70 47 2 4 8 
4 8 37 63 39 7 5 7 
2 9 0 62 29 3 0 2 
1 4 38 77 38 8 8 3 
4 6 32 58 87 3 6 2 
9 6 47 14 15 3 3 5 
9 8 43 67 39 8 8 5 
2 7 49 26 66 6 2 6 
7 0 45 36 37 5 7 3 
4 2 0 35 53 5 1 9 
8 9 16 39 33 7 0 1 
0 3 0 78 12 0 9 3 
8 9 35 59 44 8 5 2 
0 3 32 43 46 1 9 9 
9 7 28 52 81 1 5 0 
5 5 43 64 54 7 3 4 
2 4 19 50 15 9 1 6 
8 2 26 64 71 8 6 9 
8 7 17 31 53 2 5 8 
2 2 9 61 43 0 9 8 
1 5 43 71 52 9 6 6 
3 1 36 53 93 9 9 6 
7 7 57 63 55 3 3 5 
1 8 59 49 14 5 5 5 
3 1 38 9 54 0 1 8 
8 8 53 0 51 2 5 5 
0 6 32 45 7 8 6 0 
6 3 49 14 50 5 8 5 
4 7 67 86 33 5 1 9 
5 0 8 21 42 8 9 1 
4 3 69 50 40 3 7 3 
1 0 85 40 16 5 1 2 
1 0 64 71 62 3 5 4 
9 4 40 78 48 7 6 9 
2 1 45 61 66 7 6 3 
4 5 36 38 43 2 6 0 
3 9 58 48 65 6 1 8 
9 4 14 82 36 3 2 5 
9 0 34 31 13 9 2 3 
3 4 19 61 34 4 8 4 
8 8 29 30 81 9 8 3 
3 8 24 43 40 1 9 2 
5 5 29 42 22 8 2 9 
6 2 25 35 81 8 8 5 
5 3 56 7 33 7 8 1 
5 7 38 62 46 3 0 6 
5 0 2 33 58 3 4 7 
6 5 24 46 46 7 8 0 
2 0 19 26 49 3 2 8 
4 9 42 55 69 1 6 0 
9 3 34 45 55 3 3 9 
4 4 46 63 43 4 5 5 
1 4 23 67 49 0 2 0 
6 2 38 50 42 5 9 1 
1 1 44 41 52 3 6 1 
4 2 23 53 60 8 5 3 
5 6 47 85 30 7 7 8 
2 4 36 65 77 9 0 2 
2 5 25 37 54 0 5 8 
1 7 44 98 67 3 0 5 
6 0 13 97 88 3 5 6 
5 5 30 52 54 3 9 6 
9 7 54 87 82 5 8 1 
0 8 56 58 63 7 3 7 
7 0 8 38 31 1 7 5 
1 1 59 29 1 8 2 0 
5 9 37 47 74 1 0 4 
3 2 15 34 59 0 3 5 
2 0 51 70 37 2 8 6 
6 6 47 68 39 8 8 4 
1 8 54 15 61 9 0 1 
3 5 35 50 85 4 7 1 
7 7 45 45 5 2 5 8 
9 9 0 42 64 0 2 3 
0 7 20 65 62 2 6 2 
7 5 16 53 79 2 8 0 
7 1 83 46 30 5 4 5 
5 5 34 64 45 9 0 2 
2 8 9 44 58 6 7 0 
3 8 48 24 53 2 2 6 
2 0 0 44 79 3 5 0 
5 3 2 34 53 6 4 7 
8 7 31 47 64 6 6 2 
9 0 23 69 44 6 9 9 
9 2 28 77 56 8 5 1 
2 8 35 76 76 2 5 9 
1 6 31 62 32 1 9 5 
4 6 24 67 49 4 1 9 
7 9 52 33 64 8 2 4 
8 4 18 39 31 0 4 4 
7 2 21 64 4 3 6 2 
6 0 41 44 66 3 9 2 
1 0 30 16 58 5 4 0 
7 9 52 44 57 7 6 1 
8 5 0 29 2 5 2 9 
7 0 29 41 52 5 9 0 
6 2 14 63 55 3 3 5 
0 8 39 51 47 1 8 6 
9 3 36 33 24 0 6 4 
1 7 44 75 10 4 6 5 
9 0 33 23 17 7 2 7 
7 2 34 66 86 8 1 9 
5 3 31 82 44 0 6 3 
4 3 11 35 20 9 2 5 
7 0 1 16 19 6 6 7 
0 3 18 45 34 8 2 1 
8 9 47 52 47 3 4 2 
4 7 49 53 20 5 6 8 
7 6 58 31 52 1 5 3 
4 6 33 28 26 2 7 6 
5 6 20 66 52 8 9 6 
5 1 10 1 76 2 9 6 
6 1 38 46 43 0 8 7 
3 0 21 64 65 0 8 4 
9 8 23 56 73 5 3 0 
6 7 45 0 21 2 9 8 
3 8 46 81 14 9 1 0 
8 8 38 60 42 9 8 4 
9 1 64 53 64 0 2 2 
7 3 24 70 103 1 9 4 
0 2 20 68 44 2 2 9 
9 7 19 42 45 0 9 3 
0 5 21 95 66 7 5 4 
8 5 42 68 51 6 9 7 
2 1 26 44 30 0 1 9 
8 4 48 41 31 4 2 1 
5 8 29 75 18 8 0 4 
0 4 38 11 29 9 3 4 
0 6 0 69 71 4 4 4 
3 2 0 47 49 5 7 4 
9 9 59 13 43 7 6 7 
5 8 0 47 47 8 8 4 
2 9 27 66 56 7 6 5 
5 6 47 38 22 9 7 5 
0 7 21 63 80 4 0 7 
9 9 66 42 31 6 3 7 
7 2 35 42 20 8 5 5 
4 9 58 48 45 5 6 8 
4 6 50 28 36 4 8 9 
7 9 0 39 37 1 5 7 
5 6 35 51 45 6 3 2 
1 9 0 60 37 8 8 2 
0 7 40 20 27 1 9 2 
3 2 5 64 42 0 3 6 
4 7 21 37 46 7 3 6 
0 3 0 77 21 5 5 9 
7 1 13 26 57 9 4 8 
1 4 45 12 66 4 6 1 
5 4 21 38 41 6 9 5 
9 1 53 18 59 6 7 7 
9 2 47 35 45 5 0 2 
3 1 6 42 13 4 3 8 
5 8 10 43 58 6 4 9 
6 7 44 31 75 3 8 1 
9 8 38 14 61 1 2 4 
4 5 12 60 39 4 5 4 
0 6 4 43 56 8 9 7 
9 9 54 59 43 4 4 7 
1 6 0 84 28 8 2 3 
7 0 28 31 41 2 7 4 
8 1 30 47 39 1 9 9 
3 4 24 35 85 2 3 8 
0 8 0 33 73 3 9 2 
6 4 20 32 56 3 1 3 
7 1 23 29 0 2 9 4 
5 6 45 18 29 5 7 1 
8 5 44 11 64 9 3 4 
9 8 25 41 75 8 9 1 
3 8 68 36 38 5 7 8 
2 4 35 57 26 5 6 2 
0 2 19 77 41 9 9 2 
6 4 57 48 36 0 7 2 
6 9 9 34 29 8 4 7 
8 9 34 15 62 2 7 6 
2 0 50 33 66 4 1 5 
0 5 27 74 41 4 1 7 
0 6 0 45 48 7 0 9 
5 2 29 39 50 2 4 5 
5 8 56 26 76 8 1 9 
3 9 14 23 44 8 1 2 
7 0 5 74 47 9 3 5 
2 0 11 74 59 8 5 0 
6 6 24 43 82 4 6 6 
2 7 15 17 29 3 2 0 
0 2 36 58 71 8 9 3 
1 3 34 71 56 5 2 7 
9 1 17 47 42 0 0 4 
8 7 13 44 60 2 9 9 
1 4 19 38 46 8 0 2 
7 4 42 63 41 7 0 7 
7 3 33 3 43 9 5 2 
6 4 42 77 60 2 0 8 
8 9 35 27 26 9 5 3 
5 5 36 38 69 5 9 6 
1 1 20 56 52 7 6 9 
9 4 18 76 23 1 0 8 
8 0 22 11 43 9 6 7 
2 4 0 100 36 0 2 3 
6 2 0 57 48 0 9 8 
2 2 51 60 58 4 4 6 
3 0 44 39 63 3 9 1 
8 0 36 35 29 6 4 6 
3 0 26 37 52 2 0 3 
3 1 24 48 17 5 8 8 
7 8 24 28 59 6 0 5 
7 1 0 56 64 9 0 7 
1 9 28 35 26 4 2 8 
5 6 48 54 66 7 2 6 
1 3 0 73 75 9 1 5 
4 2 32 50 30 4 7 0 
8 6 0 28 40 0 6 4 
6 7 35 86 44 3 5 9 
2 9 51 38 29 2 2 0 
4 4 0 37 40 1 2 5 
1 4 60 22 66 0 2 8 
2 5 0 47 93 0 1 3 
0 0 0 38 93 9 0 8 
4 3 69 38 31 8 2 2 
3 7 19 67 40 5 8 2 
9 6 27 76 43 3 4 8 
9 4 43 48 27 4 4 6 
4 1 31 75 7 5 5 0 
9 9 40 28 99 7 2 9 
