8 3800
1 6 34 30 71 0 8 8 
2 2 21 21 71 8 7 7 
8 1 53 27 36 1 3 8 
6 4 4 52 46 1 7 6 
6 1 2 64 48 5 3 7 
0 2 46 6 33 2 2 9 
9 5 28 38 34 6 1 7 
8 1 32 85 66 7 5 6 
3 1 33 65 2 5 5 3 
4 3 3 44 0 3 2 4 
7 6 53 8 91 1 5 7 
5 2 28 17 54 8 5 2 
5 3 0 41 83 3 4 6 
7 6 50 36 85 4 9 2 
4 0 30 50 35 3 7 0 
1 2 3 87 63 1 2 4 
1 5 31 19 46 5 5 6 
3 9 0 84 26 8 3 2 
3 2 35 56 43 6 3 5 
5 5 36 45 65 3 9 7 
6 9 0 61 65 5 0 6 
6 8 33 97 33 9 0 5 
2 3 26 49 68 3 2 3 
8 3 9 74 51 6 2 8 
6 8 12 45 21 9 2 4 
2 5 13 48 14 5 7 7 
7 5 38 90 37 7 0 2 
2 7 32 29 27 8 9 2 
2 0 42 40 29 5 4 3 
3 6 68 49 37 7 6 1 
1 6 33 31 63 4 6 6 
0 9 26 42 20 4 9 2 
7 8 5 76 43 1 4 7 
0 0 34 24 47 3 8 1 
9 3 33 32 39 5 9 7 
8 9 13 43 37 1 1 0 
8 9 0 38 46 3 2 4 
8 6 33 52 61 5 8 2 
2 8 4 61 47 2 7 2 
9 2 54 55 72 6 0 5 
0 7 20 70 56 3 9 2 
4 6 14 81 57 4 0 9 
7 2 76 88 67 3 5 1 
4 5 40 49 51 9 0 7 
5 5 69 0 63 4 8 3 
5 6 46 43 25 8 4 3 
0 2 40 57 103 6 8 2 
9 4 54 48 14 9 5 9 
7 9 19 60 72 7 9 4 
9 0 9 51 52 5 4 2 
3 8 50 39 55 9 6 5 
8 7 38 47 78 2 8 9 
2 1 1 56 37 5 7 8 
0 9 7 31 72 1 9 3 
4 0 49 69 35 2 0 0 
4 5 31 30 106 9 7 0 
2 0 25 34 45 5 4 2 
1 0 0 45 40 0 5 3 
7 5 32 72 26 3 0 1 
9 9 66 12 47 0 0 6 
0 6 0 51 73 4 3 1 
4 2 33 70 28 4 6 6 
4 0 37 75 36 6 4 3 
6 0 8 50 38 4 1 3 
1 9 0 68 43 1 9 6 
5 5 20 43 102 3 6 0 
3 0 5 26 6 9 2 3 
9 9 30 9 75 0 7 9 
8 3 0 69 34 4 1 1 
9 5 47 62 32 1 0 3 
7 6 25 57 48 6 5 9 
2 1 55 71 67 6 8 7 
1 5 14 77 53 5 1 6 
0 6 42 67 41 2 1 9 
4 7 37 44 70 8 8 3 
5 2 18 45 72 7 4 9 
9 3 20 25 27 8 4 6 
9 5 65 65 59 7 2 5 
2 7 0 44 60 8 6 9 
3 3 4 48 61 7 4 0 
9 0 40 53 70 0 1 5 
2 3 0 46 63 3 9 9 
6 7 9 41 29 4 9 7 
1 0 36 87 38 1 4 8 
2 4 53 90 29 4 0 0 
9 7 35 54 43 4 9 9 
5 5 0 56 50 2 3 7 
3 8 54 72 44 0 7 4 
6 8 44 36 99 4 6 9 
3 4 23 83 49 2 8 4 
7 8 46 43 64 8 6 2 
5 1 43 60 41 9 4 6 
9 4 38 39 35 1 3 8 
1 1 2 58 67 8 8 4 
7 5 4 69 91 7 8 9 
0 5 55 66 13 3 0 1 
3 8 1 32 34 6 5 3 
6 9 15 35 49 9 2 2 
4 2 89 68 47 4 1 7 
6 1 0 47 36 2 0 0 
9 1 47 56 49 6 3 4 
1 1 5 0 28 3 5 9 
2 4 7 76 44 1 0 3 
9 7 31 68 47 8 7 2 
1 4 1 30 60 8 2 1 
5 4 8 63 49 6 5 1 
8 9 50 60 103 2 3 2 
5 1 35 50 40 4 4 3 
3 1 23 90 32 5 2 5 
0 0 10 87 59 6 9 7 
9 4 71 76 28 5 7 5 
0 1 20 0 30 8 9 4 
7 8 19 68 72 8 1 6 
7 4 32 92 54 4 4 6 
0 1 39 36 38 2 5 9 
6 9 18 74 54 6 1 2 
2 1 16 30 27 4 9 8 
7 4 7 86 49 7 4 9 
0 9 27 26 65 1 8 6 
3 4 0 25 51 5 5 0 
8 1 25 44 49 9 5 6 
0 3 58 27 28 0 9 4 
5 9 32 49 90 3 7 8 
5 8 30 35 41 1 1 1 
7 1 30 62 79 7 8 6 
1 6 37 35 45 8 5 6 
6 3 29 52 41 1 8 7 
4 9 23 69 45 6 0 1 
1 9 26 91 63 1 7 9 
1 1 12 40 70 2 6 9 
4 6 8 35 74 7 5 0 
4 5 26 50 63 4 6 5 
1 2 48 70 31 7 2 9 
3 7 4 58 66 5 0 4 
8 6 28 38 53 3 0 7 
6 6 0 51 29 9 6 7 
6 8 20 58 31 5 0 0 
8 1 35 78 57 5 2 2 
6 4 39 33 28 0 6 2 
8 3 17 28 33 7 9 2 
1 9 39 46 44 2 4 3 
7 7 23 56 61 4 6 1 
5 2 46 39 46 9 6 3 
1 5 13 74 73 4 2 4 
7 9 6 46 37 0 5 8 
3 1 52 52 41 8 0 3 
3 6 7 30 62 1 0 5 
9 3 25 69 60 0 1 2 
0 4 43 87 30 2 3 2 
3 7 20 34 53 7 3 7 
3 4 45 45 86 0 6 3 
6 0 19 45 81 8 2 4 
9 2 32 56 30 7 4 1 
3 1 28 47 16 8 3 2 
3 0 31 64 24 6 1 0 
8 4 64 73 67 9 4 4 
4 2 17 56 40 2 2 6 
3 2 21 78 0 2 5 0 
3 6 28 42 29 4 9 1 
6 1 33 42 52 2 4 1 
2 1 27 15 41 1 7 5 
6 4 24 50 21 8 7 5 
8 8 50 73 66 7 4 7 
0 5 8 58 63 7 1 5 
6 7 35 45 47 9 3 3 
8 4 0 18 42 5 3 6 
9 6 26 63 41 5 6 8 
8 3 13 64 35 6 2 5 
7 2 16 73 50 5 5 4 
5 9 0 44 66 9 5 7 
7 5 0 58 17 2 5 2 
9 0 50 39 40 7 5 1 
5 3 0 63 67 4 5 8 
8 0 22 40 46 7 9 4 
7 8 55 44 28 6 2 1 
1 2 38 19 52 2 6 0 
6 8 33 30 55 5 8 4 
9 0 29 64 78 2 1 9 
8 4 42 57 54 1 9 4 
3 5 50 41 59 0 5 9 
9 3 23 49 13 2 1 6 
0 7 13 54 44 3 5 2 
0 8 16 43 40 4 8 0 
6 6 34 53 28 5 5 6 
9 0 38 83 32 0 1 4 
3 8 20 94 44 3 6 0 
1 6 30 29 21 5 8 3 
5 2 31 67 36 5 5 7 
3 5 44 60 78 1 4 7 
1 0 36 49 59 1 2 8 
2 6 64 3 41 3 0 0 
5 1 22 36 41 2 1 0 
9 4 68 45 25 2 8 1 
0 4 15 70 59 8 3 0 
6 8 33 65 27 3 7 5 
6 2 31 63 27 3 1 1 
4 6 0 37 5 4 5 7 
2 4 45 21 28 8 8 5 
5 6 37 61 58 8 6 7 
8 9 24 50 52 3 1 6 
5 2 46 63 46 8 9 9 
5 4 13 65 42 1 8 1 
7 6 19 39 20 0 1 9 
0 8 45 53 54 1 5 1 
1 3 33 42 1 5 9 7 
2 1 56 39 43 0 6 9 
7 2 8 12 59 6 1 0 
7 4 57 43 36 9 5 0 
2 5 0 58 57 8 7 5 
2 9 30 57 66 8 7 5 
9 4 9 60 59 3 1 5 
1 4 51 55 40 5 4 6 
4 1 66 44 59 5 0 7 
9 7 22 47 32 0 7 3 
3 7 30 73 50 5 0 0 
2 2 27 66 56 8 9 5 
0 9 51 57 52 0 0 7 
8 5 32 37 17 2 1 5 
8 8 50 44 32 3 6 8 
3 6 50 42 61 0 6 3 
3 5 44 55 35 4 8 7 
3 0 46 39 37 9 2 5 
4 6 9 72 23 3 4 1 
1 0 10 52 109 1 0 1 
8 6 8 54 51 3 0 3 
2 4 59 50 86 2 7 0 
4 6 12 67 79 7 7 2 
2 4 28 60 43 0 1 8 
9 1 21 67 43 5 3 8 
3 2 38 46 29 2 3 3 
1 1 23 46 47 2 6 6 
9 9 9 70 53 7 7 7 
2 8 43 33 80 2 3 7 
8 4 0 48 45 8 5 2 
3 6 39 39 70 0 2 6 
3 5 55 41 50 6 0 4 
7 5 14 24 37 6 0 4 
2 2 13 35 75 1 7 8 
9 5 40 61 35 1 2 0 
5 7 3 39 0 9 5 9 
0 2 34 42 63 4 0 2 
7 2 35 72 47 1 4 3 
6 6 32 52 39 6 5 3 
2 2 22 57 52 5 9 9 
5 0 23 23 17 4 0 7 
8 6 12 58 50 1 4 8 
0 6 0 32 40 7 7 5 
5 0 40 86 32 1 7 9 
6 9 33 37 36 6 8 3 
1 2 18 44 75 6 5 7 
0 6 26 83 68 4 8 0 
5 3 33 65 50 6 3 6 
4 9 39 88 45 6 7 3 
3 4 46 22 56 7 6 6 
3 6 39 39 62 9 7 3 
4 8 0 24 58 9 8 2 
1 9 37 50 61 6 1 1 
2 1 56 60 5 0 9 3 
1 3 46 88 62 3 9 7 
3 3 33 97 56 9 1 0 
3 8 8 18 37 1 5 6 
5 9 21 75 58 0 9 2 
8 5 0 87 56 8 1 7 
4 2 36 43 39 9 0 4 
6 8 1 88 73 3 2 3 
1 2 59 69 64 3 9 2 
1 4 17 61 64 5 4 5 
3 3 0 51 79 5 9 2 
6 4 38 93 44 3 2 6 
7 3 39 60 63 7 8 2 
3 0 34 45 51 2 9 6 
5 8 54 44 41 4 6 9 
4 8 43 54 87 6 4 1 
2 4 66 49 50 5 4 5 
0 9 5 62 82 7 5 8 
5 6 44 43 55 2 3 9 
8 6 59 54 74 3 1 5 
8 8 46 64 45 7 8 0 
7 1 0 30 53 4 3 0 
8 4 53 62 59 3 8 9 
7 2 50 56 65 1 7 1 
7 3 76 76 82 5 0 8 
6 3 8 28 49 6 2 4 
2 1 36 82 23 9 5 4 
5 2 0 34 61 7 9 4 
4 7 65 64 54 5 3 2 
7 3 25 41 12 3 5 2 
1 8 22 40 55 2 5 1 
3 2 26 44 42 2 4 9 
9 0 22 49 66 0 8 6 
4 2 42 35 76 7 7 3 
7 4 17 55 58 0 4 1 
9 8 24 49 18 3 9 6 
9 7 0 61 44 5 7 9 
6 4 50 27 66 6 1 4 
7 1 0 28 49 9 7 5 
7 2 41 66 31 9 3 7 
9 0 32 41 66 7 0 3 
6 8 62 47 30 1 0 7 
5 1 62 47 30 7 2 4 
4 0 3 61 26 7 6 4 
1 9 26 48 34 2 3 9 
6 1 44 41 91 6 4 4 
8 6 35 16 39 3 2 1 
3 0 57 27 33 8 5 8 
1 4 53 79 47 4 6 3 
1 0 50 81 39 7 1 5 
4 5 41 41 59 4 3 4 
2 6 43 0 64 8 3 1 
5 1 45 53 49 8 8 2 
2 0 42 51 60 2 7 7 
2 9 14 70 45 4 0 6 
0 2 39 45 49 4 4 3 
9 9 68 57 46 3 6 3 
3 0 19 71 36 1 2 0 
1 4 8 45 41 8 9 7 
0 0 19 34 64 3 8 8 
1 4 17 43 60 0 7 8 
4 0 75 53 13 4 5 6 
9 6 52 38 38 1 8 0 
7 6 24 61 72 5 1 7 
3 1 40 51 91 5 9 5 
5 9 1 56 19 0 7 9 
8 9 13 78 51 7 9 7 
6 4 57 74 89 1 2 5 
3 8 23 64 45 5 3 9 
2 2 9 38 98 8 5 8 
9 1 56 89 15 5 8 2 
2 5 30 63 45 0 2 6 
8 6 0 25 36 5 3 4 
9 2 25 101 48 4 3 7 
3 1 28 58 53 3 2 0 
1 7 57 61 66 4 1 1 
0 9 67 58 36 0 4 2 
7 4 66 69 82 3 7 9 
0 5 5 22 60 8 6 9 
9 3 27 62 66 7 8 8 
5 8 25 25 62 4 1 3 
3 0 18 36 58 0 6 8 
9 3 18 26 37 9 0 2 
6 4 44 7 25 1 0 9 
1 3 22 47 29 3 9 8 
7 7 17 42 75 4 9 6 
5 9 23 54 43 6 1 6 
4 8 8 64 35 9 4 6 
9 4 88 87 60 1 3 9 
0 7 32 53 22 2 2 7 
6 0 47 58 46 9 4 0 
2 5 102 68 27 3 9 1 
5 1 40 48 40 5 5 2 
5 1 36 31 42 2 1 1 
3 2 18 62 19 1 4 7 
4 8 34 42 103 6 5 7 
4 6 26 74 17 5 8 7 
7 3 12 37 62 9 9 2 
9 3 29 59 27 3 5 6 
1 9 27 65 42 6 9 1 
7 8 6 34 54 3 7 6 
3 2 35 38 56 3 7 7 
5 6 8 65 30 4 5 5 
1 7 0 49 74 4 8 2 
7 9 24 1 23 2 6 4 
2 2 44 82 72 2 7 1 
1 3 5 102 43 7 0 2 
7 8 0 44 59 2 1 8 
6 9 42 36 39 9 1 7 
5 5 38 67 25 0 8 4 
8 2 29 41 52 7 5 1 
3 9 39 52 11 1 4 0 
5 8 14 26 37 4 6 2 
0 8 56 67 14 4 6 6 
4 2 55 92 59 6 3 6 
1 3 38 52 45 9 6 0 
8 1 25 13 55 1 4 3 
3 5 41 77 48 9 5 1 
5 7 36 60 68 3 7 1 
4 3 27 82 29 3 8 7 
9 4 60 21 65 5 8 7 
1 8 53 47 91 9 7 4 
8 2 39 80 50 2 5 1 
5 3 36 35 45 8 3 2 
5 0 57 53 44 7 4 3 
9 3 23 25 37 8 6 5 
2 2 17 68 45 2 7 9 
9 0 42 42 17 5 3 2 
4 5 16 57 52 4 0 1 
6 4 13 48 34 1 1 7 
6 9 32 45 68 2 1 0 
1 9 50 42 54 7 0 0 
0 2 15 35 44 2 6 5 
5 0 46 56 63 7 5 2 
4 1 59 61 4 8 9 2 
5 8 19 50 52 6 3 8 
9 7 21 35 40 1 4 3 
2 4 68 20 49 3 0 8 
2 2 8 52 58 1 5 9 
1 1 66 52 20 9 4 4 
5 2 21 48 74 2 8 7 
6 3 15 50 37 7 9 0 
3 0 49 59 61 7 7 9 
9 0 47 86 35 9 6 1 
4 9 14 12 53 4 1 5 
5 5 29 79 50 6 9 6 
7 9 27 52 50 2 3 8 
5 0 37 48 40 7 7 0 
2 6 28 49 50 9 6 3 
0 8 83 97 14 6 0 2 
7 1 36 11 72 5 1 0 
0 2 30 57 38 3 7 3 
3 5 14 76 64 7 1 4 
2 2 16 54 54 1 1 3 
1 8 0 24 61 9 4 6 
4 5 0 34 36 0 9 6 
5 1 41 2 16 5 1 1 
6 7 0 46 37 9 4 2 
4 3 55 33 31 3 0 4 
9 6 0 54 56 4 5 3 
3 5 10 79 54 8 6 1 
9 0 13 72 41 4 7 3 
3 4 41 53 70 0 1 0 
0 7 51 71 41 9 3 2 
5 9 38 49 29 3 8 5 
7 0 47 74 46 1 2 2 
3 8 43 63 90 9 9 5 
9 3 0 37 59 6 2 6 
3 8 53 76 49 2 9 9 
1 3 35 55 105 7 2 4 
1 9 19 64 80 7 6 2 
8 8 29 76 0 9 1 6 
9 6 47 58 67 9 6 3 
9 9 33 48 39 3 6 7 
1 8 23 41 30 2 9 5 
2 1 38 49 56 3 6 8 
4 8 22 58 74 0 2 0 
8 4 41 79 56 0 6 5 
4 9 61 67 72 6 7 6 
1 0 4 45 51 2 7 9 
6 8 58 44 24 7 9 2 
2 0 67 34 0 0 2 3 
3 3 2 32 37 2 0 5 
5 9 36 34 29 1 1 6 
6 4 2 70 66 2 9 0 
0 0 22 22 74 1 0 5 
9 8 46 55 62 9 6 9 
4 9 6 72 51 1 2 2 
0 6 45 45 36 4 9 0 
4 8 19 97 76 2 1 4 
9 9 17 87 38 5 6 1 
4 6 12 33 28 2 0 3 
4 0 14 53 56 7 5 5 
3 9 21 38 54 2 7 7 
3 2 30 50 80 0 5 5 
1 6 47 71 60 7 3 9 
8 8 15 71 51 0 0 6 
2 5 0 55 41 6 9 5 
3 9 10 70 38 4 4 7 
1 3 45 58 52 7 7 1 
3 5 34 38 65 1 8 8 
2 3 28 61 40 0 8 8 
7 8 39 52 32 6 8 8 
4 8 23 68 77 0 0 4 
3 9 36 89 50 1 2 2 
6 9 36 86 17 8 9 0 
8 1 2 16 36 9 1 8 
4 3 65 42 84 7 3 9 
5 1 6 36 47 2 6 5 
5 4 7 54 48 4 7 5 
1 1 6 34 34 7 3 3 
3 6 9 59 63 5 7 5 
4 9 36 40 53 3 4 4 
9 6 26 77 80 8 0 5 
9 8 35 48 46 3 9 5 
4 0 62 49 76 6 9 4 
1 0 28 55 96 7 2 7 
2 5 37 47 37 2 1 0 
5 1 30 58 73 8 3 1 
1 2 31 47 110 2 8 2 
3 1 47 31 63 8 3 0 
5 2 26 71 12 1 4 2 
7 1 35 40 49 3 3 3 
6 6 70 56 64 0 1 8 
3 1 0 76 47 0 8 1 
3 9 5 21 37 3 0 1 
8 4 0 26 40 5 4 2 
1 3 45 19 81 0 8 5 
7 4 0 58 16 5 4 1 
6 1 58 78 58 4 8 2 
4 9 51 38 23 0 9 0 
2 5 34 70 18 4 7 0 
8 7 39 73 68 0 9 2 
4 1 17 40 59 8 1 1 
2 1 31 56 43 6 6 4 
3 3 12 32 34 2 2 3 
0 5 86 47 52 4 6 5 
2 8 39 35 56 9 1 2 
5 9 9 48 54 3 3 5 
2 8 23 89 55 6 2 8 
6 0 34 44 98 9 1 5 
4 5 42 42 42 3 6 1 
7 9 19 56 45 8 4 0 
2 0 26 37 29 3 4 6 
8 8 39 66 43 0 5 2 
4 4 39 72 35 2 6 9 
1 1 21 55 49 2 4 4 
6 0 24 55 41 2 2 0 
3 5 17 0 57 7 1 4 
7 2 44 63 25 0 2 1 
5 2 40 22 29 5 7 0 
7 0 0 48 58 2 7 3 
0 1 0 62 55 1 6 3 
0 3 5 55 64 5 6 5 
7 6 30 39 25 6 3 9 
6 5 34 72 66 8 8 4 
1 1 38 40 49 6 6 5 
0 4 66 66 29 8 9 3 
1 1 30 72 54 1 1 9 
6 6 21 53 20 9 3 4 
2 2 35 68 62 5 4 8 
4 0 45 64 57 8 4 7 
6 8 15 55 0 1 4 7 
2 5 42 35 65 7 3 5 
8 3 0 83 62 7 9 4 
9 2 16 26 63 1 5 4 
1 2 3 76 46 0 2 1 
9 1 16 26 47 2 6 8 
8 7 80 23 20 5 7 0 
1 1 29 43 66 3 7 9 
2 5 53 63 56 3 6 8 
5 0 20 43 41 3 0 7 
8 4 32 39 43 5 6 3 
5 8 9 52 19 2 1 6 
7 1 48 57 57 0 3 0 
1 7 44 74 35 1 4 7 
0 3 20 72 39 0 2 2 
4 9 13 29 77 6 7 4 
3 2 26 29 25 3 7 0 
6 0 67 37 38 1 2 8 
5 0 26 68 32 9 3 3 
6 6 62 62 18 4 8 8 
3 2 49 60 44 6 8 5 
0 8 13 70 54 2 2 0 
5 6 42 46 32 8 2 3 
6 7 34 42 42 7 6 9 
3 5 23 52 31 0 8 9 
0 0 54 51 61 5 1 2 
0 2 19 65 43 9 6 8 
1 7 54 17 72 9 2 1 
5 8 32 62 64 3 6 3 
5 9 48 24 63 5 4 3 
1 7 65 68 31 2 8 5 
2 8 0 68 44 1 7 1 
3 8 6 0 44 3 8 7 
5 7 23 82 58 4 6 7 
6 0 12 33 95 4 7 7 
3 7 36 64 54 1 0 9 
1 1 64 30 35 2 7 0 
2 5 15 96 0 8 2 2 
9 5 72 41 49 9 0 6 
2 5 25 51 31 9 4 6 
9 5 45 63 69 7 9 3 
5 1 34 72 48 8 4 9 
1 6 37 67 32 5 5 5 
4 3 47 26 51 7 7 2 
9 8 57 53 53 3 1 7 
4 0 59 29 61 6 4 4 
4 0 43 47 50 3 0 7 
3 9 0 69 14 5 3 8 
1 6 23 40 17 5 1 3 
1 0 45 44 74 0 3 1 
0 9 43 76 31 7 0 3 
7 3 31 32 72 4 8 4 
1 6 32 43 62 8 4 7 
3 1 42 53 46 9 2 0 
5 8 49 80 84 3 9 4 
5 7 0 48 47 3 0 0 
6 6 50 57 74 2 8 6 
6 2 36 97 69 7 3 2 
4 8 67 57 72 1 8 5 
4 9 40 52 48 8 0 9 
3 5 31 38 27 1 1 6 
5 4 73 20 10 5 5 8 
7 4 52 23 62 4 5 0 
1 3 37 32 50 5 7 9 
2 9 28 40 43 2 1 8 
5 9 53 43 43 9 4 8 
1 8 46 44 37 9 8 0 
0 8 5 53 58 4 0 7 
4 2 0 44 63 8 1 6 
4 3 53 69 49 7 6 5 
7 2 68 65 0 8 4 9 
4 6 14 67 103 4 1 1 
2 6 0 63 55 8 8 5 
1 9 43 44 81 8 5 9 
3 9 44 49 82 8 2 1 
6 4 18 33 63 7 5 2 
4 2 54 54 0 0 3 6 
8 7 46 33 66 8 2 0 
0 0 20 76 47 0 9 9 
1 2 41 90 50 1 2 9 
7 9 26 47 92 3 1 7 
1 7 0 28 71 9 4 2 
5 3 46 75 65 0 5 1 
9 5 48 18 33 1 4 4 
7 2 28 63 12 4 6 6 
4 0 60 55 56 5 2 9 
1 1 16 70 41 3 9 0 
9 0 26 31 48 6 4 9 
5 5 18 60 57 2 7 5 
1 9 6 45 60 5 2 8 
5 9 12 58 78 3 6 0 
4 6 66 49 23 6 0 9 
1 1 13 45 42 6 8 9 
2 8 0 59 44 2 3 4 
8 6 54 57 24 9 5 2 
0 6 54 40 59 3 0 2 
3 1 18 19 42 3 4 4 
4 8 40 52 60 6 8 3 
2 2 23 69 41 8 8 2 
3 0 10 69 37 5 6 8 
2 3 38 53 36 0 8 4 
9 2 15 67 43 9 6 3 
6 7 15 74 84 9 2 3 
9 6 2 31 29 0 2 1 
0 5 36 116 91 8 3 3 
7 8 22 34 28 2 5 6 
9 5 36 51 92 2 8 1 
0 7 13 32 42 6 5 4 
3 3 44 24 0 3 3 9 
3 5 31 44 96 4 4 8 
7 1 32 55 28 3 9 1 
3 9 73 55 73 0 6 3 
1 7 31 38 55 3 6 1 
4 2 55 37 25 6 5 1 
4 3 26 57 40 9 8 3 
9 5 26 66 39 8 1 0 
0 6 33 0 78 8 0 3 
0 3 55 50 69 4 4 9 
3 0 25 67 51 0 8 2 
4 2 56 67 67 4 2 0 
3 0 32 11 72 7 8 9 
3 7 45 74 28 3 4 8 
7 6 79 25 60 7 4 4 
5 8 40 86 64 2 0 0 
2 2 2 60 17 1 7 3 
8 3 42 54 39 7 7 8 
0 6 22 41 55 6 8 0 
1 9 67 43 82 8 3 4 
1 9 19 43 66 0 2 7 
8 7 56 57 25 3 4 4 
0 7 28 34 88 5 2 1 
1 8 33 46 48 6 6 8 
9 6 53 41 62 8 7 7 
8 1 24 31 40 0 0 2 
0 9 37 83 64 7 3 4 
1 3 54 16 40 1 7 8 
3 1 46 72 63 7 1 0 
0 0 23 55 45 8 6 9 
5 9 25 57 30 1 9 7 
6 7 53 67 56 4 1 1 
8 3 30 64 33 1 2 5 
9 2 39 46 57 2 7 7 
3 0 40 49 53 3 5 9 
5 4 22 72 43 8 7 7 
2 5 5 61 54 8 3 4 
0 4 42 80 37 3 4 1 
8 0 19 17 60 1 2 9 
0 2 12 41 45 5 8 6 
1 0 26 25 63 2 1 3 
0 1 25 41 69 5 4 3 
5 8 49 46 39 8 4 6 
3 2 18 38 48 1 2 6 
8 3 26 49 56 4 2 9 
3 9 29 35 43 8 7 7 
7 5 38 49 17 8 5 7 
0 3 32 57 50 1 6 1 
6 9 33 54 55 1 2 2 
7 6 41 13 23 9 4 2 
4 6 13 74 60 2 8 7 
9 3 14 53 23 9 8 2 
9 8 50 17 62 7 5 1 
1 9 33 54 32 3 9 4 
9 9 23 58 47 0 9 4 
3 7 36 32 64 1 7 7 
9 9 39 64 42 8 9 8 
3 3 59 47 79 2 1 1 
8 7 58 22 20 5 7 2 
0 6 0 32 58 2 0 7 
6 6 24 35 48 0 7 0 
3 3 26 58 64 4 2 8 
6 2 30 49 54 9 6 8 
6 5 41 45 54 7 0 9 
3 9 13 67 49 5 9 4 
7 0 32 16 84 2 8 4 
6 8 55 70 55 8 4 4 
3 9 56 69 57 5 9 4 
7 2 50 54 37 9 8 8 
6 7 40 60 71 0 9 8 
0 0 65 62 37 7 8 2 
3 6 23 56 50 7 8 3 
1 1 47 55 50 5 3 8 
1 6 10 54 57 1 0 7 
6 0 25 30 53 0 9 8 
5 7 42 38 94 8 5 7 
1 8 45 51 57 7 9 7 
5 6 3 53 14 9 8 0 
8 5 52 69 77 0 6 2 
1 4 42 65 51 7 0 9 
3 9 37 37 41 4 5 2 
9 7 41 48 31 6 5 5 
0 5 11 79 29 4 7 4 
0 6 0 24 79 8 0 1 
6 7 41 62 42 9 1 6 
5 2 61 65 26 1 0 6 
2 9 15 73 28 3 4 1 
0 0 39 41 53 0 6 3 
1 7 0 79 79 0 2 2 
2 2 0 45 65 2 3 6 
6 5 17 47 57 3 3 1 
9 1 61 76 52 7 2 5 
0 8 52 53 59 3 0 8 
7 2 33 54 52 1 9 6 
5 8 0 52 36 1 7 3 
9 1 39 67 28 0 9 7 
0 4 3 57 41 7 3 4 
0 4 41 45 54 0 8 0 
2 3 20 43 26 6 9 1 
9 3 55 11 52 3 8 4 
0 7 28 28 95 1 2 7 
0 8 20 69 59 9 7 5 
6 7 13 29 79 2 8 8 
2 0 40 31 35 4 6 0 
0 9 62 72 84 3 2 6 
6 1 48 28 43 0 1 7 
5 8 22 36 39 2 0 3 
3 7 1 45 42 3 1 7 
9 8 6 37 46 6 1 1 
8 4 17 64 40 6 1 3 
7 8 51 77 100 5 8 1 
6 2 27 65 52 7 3 1 
2 9 65 40 52 5 7 2 
2 1 34 48 49 2 8 1 
5 0 24 52 75 0 8 9 
3 1 59 72 35 7 1 4 
5 1 43 19 41 0 5 1 
0 4 30 81 74 8 1 0 
0 0 22 33 91 1 7 2 
9 1 54 45 67 7 6 1 
6 4 0 20 35 2 4 5 
1 3 30 79 48 6 5 6 
7 1 16 33 39 0 5 9 
3 4 35 25 28 0 3 2 
2 2 44 29 19 8 6 5 
1 0 40 79 39 4 5 2 
7 1 23 77 54 8 3 2 
0 5 5 35 28 5 3 6 
3 6 31 64 49 9 7 8 
1 5 26 34 42 6 8 1 
4 8 41 47 35 7 0 3 
7 5 21 60 34 0 0 6 
8 4 0 74 59 4 9 8 
7 1 18 11 20 0 8 5 
4 3 26 21 68 0 4 6 
6 0 47 34 46 4 6 7 
4 7 9 35 36 5 1 4 
5 1 54 47 72 1 5 9 
5 9 36 55 75 3 9 4 
1 7 64 46 67 5 6 0 
5 1 32 54 79 4 0 1 
9 4 0 63 36 1 0 6 
8 5 64 22 0 5 1 6 
6 7 55 58 26 4 8 0 
4 3 62 50 38 1 8 6 
0 1 39 59 51 9 0 2 
5 3 30 55 0 4 5 3 
3 4 22 61 55 3 1 6 
4 7 30 31 47 7 6 1 
8 2 54 56 79 7 2 9 
1 2 40 19 55 9 5 5 
0 7 50 59 12 9 7 1 
4 0 25 68 49 2 1 9 
1 4 26 55 43 7 6 5 
1 1 35 47 25 2 0 5 
3 8 25 9 51 8 1 8 
5 3 29 56 53 5 3 7 
3 2 47 88 60 0 2 8 
1 9 32 71 29 4 2 8 
3 9 49 31 49 6 9 6 
4 9 25 46 46 4 0 8 
6 2 24 25 54 3 4 2 
5 7 39 40 68 8 8 3 
5 0 38 66 43 2 5 7 
0 1 15 31 53 0 0 4 
6 4 17 32 67 9 2 5 
2 2 0 22 57 0 8 4 
2 0 42 101 47 5 3 1 
8 0 38 51 52 8 8 8 
9 6 33 0 75 7 7 4 
8 3 32 53 44 3 9 9 
8 7 76 71 31 0 1 0 
6 2 59 53 50 3 3 4 
0 6 27 67 17 5 3 2 
6 3 6 67 101 1 8 4 
0 7 36 77 34 1 8 8 
7 3 55 26 26 3 5 5 
7 7 50 53 29 9 9 4 
7 9 0 52 56 7 5 6 
0 4 49 51 15 5 0 1 
6 8 19 71 81 0 6 3 
4 2 12 56 68 9 9 7 
9 0 55 58 43 8 9 2 
1 9 48 54 38 0 1 0 
2 5 57 86 52 7 2 1 
6 2 25 72 59 8 4 9 
7 8 24 39 32 3 0 4 
7 6 29 63 55 1 5 0 
1 1 48 44 47 4 0 8 
8 4 29 91 40 8 8 8 
8 3 37 43 41 5 7 7 
8 1 31 41 29 2 4 4 
4 4 35 61 27 4 5 6 
3 4 46 46 42 1 8 4 
1 0 55 61 60 4 5 1 
6 2 11 41 83 9 7 2 
2 8 46 66 60 2 5 9 
2 9 26 63 89 0 7 0 
6 0 31 86 61 6 9 1 
0 1 36 65 47 3 9 5 
6 0 11 53 85 3 6 4 
8 4 30 67 48 6 4 2 
7 4 25 56 62 9 4 4 
9 7 53 88 20 6 8 2 
4 6 23 57 40 8 3 0 
3 6 29 51 36 6 8 9 
1 2 69 73 52 6 6 5 
1 3 48 70 66 2 3 6 
9 8 51 53 32 6 4 0 
2 9 42 33 64 9 6 1 
0 4 21 62 38 2 0 3 
4 5 7 54 42 8 7 1 
4 5 27 37 56 5 3 3 
1 2 13 67 45 0 9 3 
7 9 41 45 31 5 0 1 
7 3 45 96 34 0 3 7 
3 9 16 1 1 7 8 7 
6 0 63 21 25 9 7 7 
8 6 0 64 36 4 5 7 
8 8 34 48 59 1 7 5 
1 4 40 77 44 4 9 6 
6 2 15 43 45 3 0 0 
6 9 26 26 37 0 7 6 
9 3 1 53 55 3 9 6 
4 1 0 50 66 1 5 7 
4 4 24 51 33 8 7 3 
4 1 62 69 43 9 3 4 
7 4 44 80 63 3 4 6 
6 5 14 45 93 4 7 5 
0 6 33 47 12 6 2 8 
2 5 39 60 39 3 5 7 
7 7 57 37 21 6 5 0 
6 5 11 41 46 1 5 9 
8 2 45 72 24 3 5 8 
1 4 26 58 46 9 0 8 
1 2 63 76 71 2 2 8 
8 5 33 51 23 1 9 0 
9 9 20 50 42 9 0 8 
2 4 0 38 57 6 3 6 
4 3 41 66 89 0 5 4 
3 2 24 29 33 9 8 9 
1 7 5 60 13 6 9 2 
9 5 31 54 32 9 3 3 
1 5 25 51 50 1 6 4 
2 7 61 63 46 2 1 7 
3 6 33 64 49 4 8 4 
8 1 0 46 45 5 2 5 
6 1 24 57 30 2 6 9 
0 8 19 31 27 6 1 1 
8 3 23 42 44 4 3 8 
4 4 53 34 94 9 3 4 
4 8 0 39 61 9 0 6 
5 7 20 53 56 7 4 4 
8 1 40 47 59 4 5 5 
9 2 44 46 34 5 1 8 
1 2 44 51 50 5 0 8 
6 6 30 70 35 2 0 7 
1 0 25 13 58 0 1 8 
3 4 5 61 28 1 4 9 
0 2 14 54 44 9 3 3 
7 2 17 45 36 1 7 8 
8 8 58 36 33 5 4 2 
6 4 54 15 93 2 8 5 
3 0 33 53 92 4 6 2 
2 0 28 57 59 3 5 2 
9 8 59 65 38 7 2 2 
7 2 47 77 30 5 0 6 
5 0 18 75 74 8 0 2 
9 6 35 61 72 4 6 5 
1 2 46 57 47 5 4 7 
5 1 11 10 60 5 6 1 
2 6 36 38 64 7 6 4 
8 4 33 71 71 8 8 7 
2 5 0 44 45 7 4 2 
2 6 42 55 62 2 4 7 
4 4 34 39 39 7 4 0 
7 4 27 30 62 7 0 4 
1 8 17 59 79 4 6 8 
0 7 22 21 59 3 8 3 
1 8 47 42 16 1 3 0 
9 7 25 62 27 9 7 8 
5 2 39 68 42 0 8 5 
1 7 8 46 33 0 1 4 
6 5 46 33 52 5 9 8 
8 7 4 35 78 8 1 4 
6 8 6 82 38 4 6 3 
2 9 6 31 68 0 6 5 
8 8 25 62 57 0 6 6 
5 7 14 61 40 3 8 3 
2 8 50 67 53 5 9 1 
4 1 34 72 38 2 8 6 
4 7 67 60 65 5 0 1 
7 2 28 43 56 0 2 6 
8 7 5 54 33 9 6 3 
8 5 29 56 43 0 0 4 
5 3 0 40 56 1 4 9 
5 8 41 50 82 3 3 9 
3 4 31 34 54 3 9 9 
7 1 12 44 30 7 6 9 
1 9 45 56 21 3 9 8 
2 0 10 45 25 9 2 9 
8 9 33 53 43 4 6 1 
8 8 0 66 66 6 0 2 
3 8 29 40 12 1 3 7 
6 7 14 38 26 5 9 7 
3 9 23 25 80 6 1 0 
9 0 45 75 49 2 2 0 
6 2 21 34 30 7 9 6 
8 2 56 40 46 6 7 6 
3 2 35 61 77 9 6 3 
1 4 22 46 55 1 4 4 
9 0 48 73 55 5 3 4 
9 7 74 41 77 4 3 5 
2 4 44 42 79 7 6 5 
3 6 54 48 52 7 5 8 
5 0 24 43 43 5 3 5 
7 9 44 38 44 7 5 5 
6 1 71 43 43 0 1 0 
6 6 24 96 55 1 5 9 
1 6 38 42 32 4 2 8 
4 6 30 58 41 9 8 2 
1 2 12 101 75 1 2 6 
3 2 0 43 24 0 7 6 
2 9 27 64 73 9 7 5 
9 3 37 28 62 1 5 4 
6 0 40 62 14 6 9 1 
5 6 42 49 64 9 4 9 
5 4 13 46 35 7 7 3 
6 5 42 0 59 0 2 5 
2 9 9 43 54 7 5 3 
8 6 28 69 78 9 0 9 
5 1 44 66 65 0 8 5 
1 4 21 85 55 2 0 2 
0 2 54 48 49 3 6 2 
0 5 42 29 29 5 9 6 
7 5 33 58 42 2 3 2 
3 0 19 12 56 1 7 0 
2 5 47 77 52 0 7 3 
6 2 1 46 74 4 4 5 
8 3 61 44 39 9 0 0 
5 9 45 66 33 8 2 5 
0 3 16 75 28 5 1 5 
4 7 41 51 19 3 4 8 
8 3 34 53 17 1 5 3 
5 2 18 44 32 5 4 0 
1 8 58 77 69 6 4 7 
0 2 35 22 35 8 2 5 
6 1 10 50 33 9 6 6 
0 6 20 52 54 0 7 8 
4 6 23 61 22 1 6 7 
4 6 66 71 61 3 7 9 
7 1 35 32 36 9 6 9 
1 9 21 6 72 5 2 3 
2 7 39 72 31 3 6 4 
1 8 35 56 32 3 9 9 
6 1 21 88 63 5 7 9 
0 7 8 41 61 6 0 1 
7 7 15 64 62 4 9 5 
7 4 0 44 32 3 5 6 
4 6 10 62 70 5 8 5 
8 9 30 27 47 5 2 5 
9 8 40 36 72 2 8 8 
8 1 3 34 51 2 3 3 
1 7 55 24 37 1 4 4 
8 1 65 57 34 0 7 1 
4 0 0 40 43 7 0 0 
7 0 0 62 52 7 2 2 
1 0 53 30 60 0 4 0 
0 4 42 45 43 2 3 5 
4 4 59 50 59 4 0 0 
4 5 46 63 46 9 2 5 
8 0 12 91 35 5 9 3 
2 5 32 36 79 3 4 5 
2 8 43 73 44 1 0 2 
9 7 30 67 66 3 3 5 
1 4 19 47 47 7 5 9 
0 2 32 45 53 4 5 7 
2 9 32 53 0 0 9 0 
7 2 39 14 10 4 0 0 
6 4 10 43 49 3 2 8 
5 7 7 59 37 0 7 5 
4 0 24 57 30 9 4 5 
2 4 26 68 56 9 9 7 
3 7 29 19 38 5 7 3 
1 4 36 35 68 9 3 1 
2 3 27 34 107 1 1 8 
1 0 56 37 19 3 1 7 
8 2 3 69 61 4 2 9 
8 1 55 63 41 0 1 3 
6 4 32 53 32 2 9 9 
1 7 27 43 72 3 6 6 
6 9 37 86 72 4 0 8 
5 7 56 64 48 4 4 0 
2 7 41 44 42 0 9 0 
4 0 20 20 57 3 7 1 
8 1 62 81 19 0 0 2 
8 8 34 54 79 1 3 6 
7 3 32 65 76 7 4 2 
4 5 32 18 13 5 6 2 
9 0 24 47 60 3 0 8 
5 0 18 71 68 7 3 8 
7 3 12 61 63 4 2 9 
7 3 46 42 57 9 3 5 
7 7 42 47 62 2 5 2 
6 2 31 86 46 2 7 0 
6 4 16 16 11 6 6 7 
2 1 66 13 15 3 0 4 
8 8 8 60 35 2 3 9 
4 9 35 44 57 9 7 3 
4 0 17 10 71 6 4 8 
3 1 60 72 48 8 0 7 
5 8 21 69 41 1 2 9 
9 6 42 44 64 8 2 5 
7 4 23 49 59 8 3 0 
5 5 23 40 43 9 8 7 
3 0 15 58 74 6 5 5 
8 6 35 70 44 6 9 8 
1 2 63 96 63 0 6 9 
2 1 45 61 48 5 8 3 
8 3 36 37 58 2 7 9 
1 8 34 63 50 6 7 2 
4 2 31 69 21 2 9 9 
3 4 0 78 68 1 9 3 
6 9 10 66 54 5 2 0 
1 1 24 33 39 2 9 1 
8 5 31 42 53 3 9 3 
2 0 52 27 24 6 5 7 
4 9 56 59 72 8 6 8 
1 4 52 56 43 7 7 8 
4 8 7 29 43 0 2 1 
8 1 2 39 46 2 1 9 
8 9 35 47 36 9 3 6 
5 3 0 58 101 8 6 4 
3 4 19 28 44 9 4 0 
2 5 6 56 47 6 2 3 
5 0 73 68 38 4 0 2 
5 4 40 51 64 7 8 4 
2 2 0 67 76 1 4 9 
2 3 9 0 61 1 7 6 
0 0 67 69 22 1 1 9 
5 9 21 40 25 1 7 5 
9 4 45 46 54 0 4 4 
9 7 17 78 39 0 7 6 
2 5 31 33 61 0 6 7 
2 0 16 24 94 7 3 1 
9 4 78 28 54 9 1 0 
2 0 35 29 70 6 1 0 
5 0 59 91 39 7 7 5 
7 9 31 62 62 9 8 9 
1 8 24 49 86 6 7 7 
8 3 4 36 0 6 0 4 
9 4 46 87 56 8 8 5 
3 1 74 54 37 8 9 3 
8 3 40 57 91 2 7 4 
3 7 42 79 75 1 2 4 
1 4 33 39 31 6 5 4 
2 6 12 11 70 7 7 2 
0 3 60 31 78 0 4 1 
4 4 19 64 38 7 0 7 
9 0 12 60 36 9 7 3 
8 3 36 67 60 9 9 3 
4 2 19 56 105 6 0 4 
1 2 45 44 17 9 1 9 
4 6 18 49 38 5 1 9 
5 7 47 33 58 5 7 3 
4 1 19 67 41 6 4 7 
1 8 51 75 16 6 4 1 
7 2 31 30 55 1 3 9 
6 8 39 31 32 6 9 8 
7 6 15 51 52 4 4 8 
7 9 7 81 10 8 2 3 
6 3 8 43 75 1 2 6 
3 4 52 59 68 5 2 2 
1 8 45 52 49 7 5 2 
9 8 5 50 58 7 2 6 
4 5 35 68 40 6 1 8 
6 0 0 62 38 5 2 1 
9 4 16 32 83 7 7 8 
3 5 0 60 101 8 7 3 
1 6 50 57 43 1 0 9 
6 3 39 62 21 0 3 9 
0 1 52 63 69 9 4 1 
3 0 46 46 35 6 1 0 
0 7 17 49 91 7 0 7 
6 6 38 58 46 6 5 7 
6 9 7 57 58 0 9 4 
9 6 57 45 45 4 7 8 
2 2 47 64 17 1 8 2 
6 3 5 31 55 3 8 6 
4 7 23 96 80 9 7 7 
4 5 37 49 65 2 4 4 
6 5 32 53 51 7 3 4 
6 9 4 49 35 3 5 0 
6 2 54 51 44 0 6 1 
4 9 22 0 55 7 2 9 
5 3 18 29 52 2 2 9 
8 2 0 46 55 4 8 6 
9 0 45 45 47 8 4 5 
8 7 23 36 56 9 6 0 
0 4 21 38 89 7 5 0 
5 4 30 49 50 0 6 2 
7 7 30 48 70 1 3 9 
5 3 22 49 51 3 2 5 
9 3 0 44 53 0 8 9 
6 1 22 48 61 2 6 7 
9 9 26 46 75 7 5 1 
0 1 0 41 80 9 1 1 
0 5 0 49 48 8 9 0 
4 4 16 63 55 2 3 4 
6 8 25 73 51 0 6 2 
3 3 22 41 32 9 0 1 
9 5 15 15 55 1 7 8 
4 6 5 59 46 7 0 0 
7 6 27 67 30 0 8 3 
1 1 52 7 81 1 7 6 
1 9 56 22 67 7 0 6 
2 8 22 92 41 9 7 5 
1 3 32 75 29 4 6 7 
2 7 0 32 32 4 1 7 
7 5 36 48 37 2 6 9 
1 6 25 21 33 5 0 7 
1 0 17 57 31 9 2 5 
0 9 0 48 39 4 0 9 
0 8 30 84 47 6 1 8 
4 9 26 77 65 0 7 6 
0 3 73 42 45 9 9 2 
1 7 42 95 32 5 9 0 
1 2 26 43 32 8 7 8 
8 5 13 30 22 8 3 4 
6 1 49 86 38 1 3 2 
6 9 38 5 49 5 3 4 
1 4 30 63 74 4 5 7 
0 0 46 71 40 0 0 0 
8 0 39 31 52 3 0 3 
0 3 10 75 63 8 4 2 
6 8 5 51 57 6 9 0 
6 6 29 35 54 3 7 6 
6 3 3 55 56 9 1 5 
4 9 12 40 27 8 2 2 
9 8 69 23 56 7 7 4 
6 0 22 82 59 8 2 3 
3 4 47 46 46 6 6 1 
4 4 52 52 84 9 7 0 
2 2 41 32 13 3 5 5 
6 3 23 54 50 8 5 1 
5 3 20 63 24 1 9 3 
1 0 0 10 21 0 1 1 
6 0 47 52 48 9 6 7 
5 3 20 42 52 0 6 8 
2 3 62 35 52 6 1 4 
6 6 15 75 69 2 4 6 
7 4 19 14 45 6 3 0 
7 9 9 51 26 4 9 2 
7 4 5 38 42 3 6 6 
3 6 28 99 33 2 7 7 
2 0 61 77 49 1 5 2 
1 0 19 77 50 6 2 0 
2 4 31 42 56 6 4 1 
8 8 40 35 78 1 3 5 
9 3 59 47 44 6 5 9 
2 9 0 73 84 5 1 4 
4 1 17 85 76 9 5 1 
8 3 35 40 30 3 9 4 
3 8 33 49 47 5 4 2 
6 2 43 45 71 1 2 6 
0 9 40 65 35 4 4 4 
9 2 11 45 59 1 8 3 
4 6 0 30 88 4 3 5 
7 3 3 9 61 2 7 6 
4 8 9 46 53 3 1 4 
1 5 8 42 52 7 4 8 
3 4 8 62 41 1 4 2 
1 5 26 53 79 9 9 4 
7 0 0 64 44 2 7 5 
6 4 34 77 30 1 7 4 
9 2 55 41 50 1 4 8 
1 2 23 57 50 3 5 7 
7 6 36 44 58 6 1 4 
6 8 17 38 61 6 7 2 
9 7 41 50 34 1 5 1 
2 6 4 49 20 3 5 7 
9 2 31 79 17 3 0 5 
1 5 0 61 33 9 9 4 
9 0 17 13 34 1 0 4 
2 9 27 44 59 0 2 6 
5 9 12 57 35 8 9 4 
8 9 25 54 32 2 8 6 
1 8 61 47 31 4 2 2 
3 2 14 52 62 8 2 7 
6 8 21 47 36 9 8 5 
9 9 38 38 62 4 6 0 
6 0 24 52 31 8 6 4 
3 3 68 31 63 4 7 7 
4 6 1 34 55 0 7 0 
3 5 34 64 82 2 6 4 
4 8 35 34 74 0 2 5 
0 6 14 52 52 3 8 7 
6 2 10 59 34 0 1 5 
3 0 33 64 21 8 9 8 
3 1 19 34 65 0 0 6 
7 6 67 29 68 0 3 3 
3 8 32 51 28 0 7 7 
0 3 11 58 59 8 9 3 
7 5 18 50 46 7 6 9 
7 4 66 38 54 9 5 2 
9 1 8 34 67 9 5 7 
4 4 48 52 43 1 4 7 
8 9 33 48 46 2 6 3 
9 5 34 71 14 8 2 5 
2 8 21 44 57 8 6 7 
1 5 52 43 50 9 7 8 
6 5 31 72 43 5 4 4 
3 8 3 61 84 4 2 6 
8 0 49 36 32 0 8 9 
7 3 35 88 33 5 6 4 
3 3 31 41 64 2 5 4 
7 0 44 41 57 9 9 4 
1 0 63 59 76 4 6 7 
3 6 16 69 34 1 8 9 
4 7 4 55 52 8 9 2 
5 1 30 42 26 2 5 5 
5 8 9 29 19 4 6 9 
1 4 4 68 79 2 6 2 
8 3 0 35 34 4 6 1 
2 6 17 66 81 8 2 6 
4 1 59 73 51 1 3 8 
8 6 17 47 61 4 1 7 
5 8 32 11 46 6 8 0 
6 9 42 75 31 6 6 3 
1 9 40 41 18 6 9 1 
7 7 30 2 24 3 0 4 
8 0 39 29 73 0 0 1 
2 2 42 102 43 0 4 3 
9 2 33 52 46 9 2 9 
1 9 32 20 26 6 2 7 
0 5 64 38 57 3 7 6 
4 9 38 48 12 5 6 6 
7 6 19 66 73 7 6 4 
7 1 11 61 87 8 7 8 
7 8 15 22 69 0 8 1 
1 1 22 28 107 9 0 0 
8 4 32 38 59 5 9 8 
0 0 33 53 54 9 5 2 
1 9 44 43 63 3 7 9 
2 9 15 58 59 0 5 9 
3 4 29 55 58 4 9 8 
0 6 38 73 56 0 5 8 
9 6 10 40 42 3 3 3 
3 7 20 46 59 4 8 1 
0 9 50 77 40 9 0 4 
6 8 70 52 64 6 8 1 
4 2 8 71 16 2 0 5 
8 2 43 39 28 2 2 5 
6 1 11 52 48 3 9 8 
9 5 29 96 53 6 0 5 
3 1 46 32 13 2 6 8 
9 9 46 55 44 2 3 9 
2 7 5 70 8 8 5 0 
2 7 24 31 54 2 2 2 
5 1 42 80 34 4 3 0 
9 4 63 24 55 7 2 2 
0 8 36 81 43 2 4 8 
9 3 29 51 54 1 1 1 
4 2 31 54 57 9 7 6 
6 2 13 46 56 2 4 1 
3 9 67 36 33 9 4 0 
8 1 28 54 69 0 8 4 
0 9 59 48 89 7 5 8 
7 3 8 57 73 3 5 6 
5 8 52 33 43 3 3 3 
1 3 45 57 56 8 9 4 
3 4 30 63 51 5 4 0 
9 6 25 65 38 6 3 3 
2 1 38 32 33 9 3 9 
3 5 34 56 76 7 3 8 
0 0 25 68 66 7 3 2 
2 8 24 43 62 7 2 2 
0 5 37 69 44 0 8 2 
1 0 8 86 21 6 3 1 
4 5 59 69 62 6 2 1 
8 7 22 58 82 3 3 9 
8 5 58 56 48 6 4 7 
3 7 16 99 38 3 1 4 
9 8 39 26 72 6 2 1 
3 8 31 83 0 4 5 8 
1 7 17 35 65 4 9 7 
8 5 32 36 47 5 4 5 
9 7 0 66 72 6 9 4 
9 6 28 61 63 7 5 8 
1 1 47 65 43 2 4 5 
6 3 76 72 19 4 4 7 
8 3 54 45 57 4 4 8 
4 1 27 50 77 7 2 5 
0 7 41 49 5 0 8 1 
2 3 60 76 28 2 6 2 
5 3 29 35 79 6 7 6 
0 4 46 35 39 4 4 3 
4 9 33 29 25 5 2 5 
7 2 60 33 60 3 0 8 
9 7 37 51 34 4 8 2 
8 5 17 74 29 3 6 1 
3 2 29 44 38 1 7 7 
6 8 20 63 45 8 3 8 
6 9 67 59 11 2 1 8 
1 0 45 61 23 3 1 6 
4 8 31 58 87 9 7 7 
8 5 33 81 4 3 9 4 
4 0 0 56 57 3 5 2 
3 8 57 69 35 6 6 2 
3 3 7 53 10 2 0 8 
9 9 20 93 75 2 4 8 
9 1 28 43 70 8 3 3 
0 4 40 68 40 5 5 2 
8 8 28 21 85 6 9 8 
2 6 32 22 51 7 3 6 
8 6 10 55 21 6 9 6 
6 9 28 74 52 6 3 3 
5 2 37 45 66 8 7 8 
6 0 31 55 55 0 0 2 
0 1 28 63 46 7 5 3 
6 9 22 46 68 2 4 4 
3 2 42 51 37 1 7 3 
4 8 35 11 29 2 9 0 
4 3 20 62 46 2 1 4 
8 3 9 37 10 9 7 4 
1 0 24 59 58 1 3 3 
6 8 11 33 60 8 4 6 
4 3 6 40 46 8 7 1 
9 5 38 62 60 5 0 0 
7 9 8 50 44 3 4 6 
6 1 9 46 50 6 8 2 
7 5 3 40 57 1 0 2 
8 6 7 82 34 1 7 5 
5 8 33 100 69 8 1 9 
4 1 39 106 69 5 7 6 
1 2 36 75 47 7 5 6 
8 8 54 68 92 7 1 2 
8 2 24 48 64 7 1 9 
5 6 43 11 41 1 5 2 
1 7 27 55 121 2 5 1 
4 6 27 42 48 8 5 4 
1 8 54 63 50 6 7 0 
2 9 30 58 28 9 7 8 
5 0 24 37 22 4 0 8 
1 0 36 54 54 7 7 9 
3 9 14 53 59 7 7 3 
7 3 39 92 70 3 0 6 
6 4 0 48 22 2 1 6 
8 2 16 75 47 8 7 6 
3 0 49 83 65 2 4 3 
3 7 55 46 53 4 2 6 
9 7 8 45 74 8 6 3 
2 0 0 41 52 1 3 7 
5 8 51 48 63 4 5 2 
9 7 20 89 48 8 1 6 
8 5 31 12 43 0 9 7 
9 0 59 124 13 0 2 9 
3 4 10 50 71 0 7 4 
6 2 57 98 40 3 7 7 
6 6 21 53 49 6 6 0 
3 6 37 56 57 9 7 7 
4 6 0 32 40 3 2 6 
8 3 7 54 79 6 7 3 
2 8 0 77 61 9 1 6 
5 4 56 33 65 0 7 9 
4 4 47 39 57 2 8 2 
1 7 26 27 35 5 4 8 
9 7 26 40 38 5 0 0 
5 2 23 62 35 0 0 2 
8 6 49 65 42 1 2 1 
7 8 0 76 51 8 0 4 
0 8 21 8 54 7 0 0 
6 4 22 53 28 9 0 9 
6 9 29 42 33 6 0 6 
5 9 42 62 49 5 5 4 
2 3 62 41 41 8 3 4 
4 9 33 69 65 7 7 3 
3 0 67 65 45 6 1 8 
6 9 12 60 34 6 1 3 
2 6 0 57 52 1 0 6 
8 2 60 17 69 9 3 3 
6 0 5 67 54 2 6 4 
9 2 0 34 53 6 5 3 
8 5 32 85 73 8 9 9 
1 8 43 41 28 2 8 2 
4 5 0 72 34 6 7 8 
4 8 18 85 31 0 4 0 
5 3 36 86 61 4 1 9 
7 5 42 15 36 7 7 4 
0 8 70 33 25 3 8 6 
2 0 17 33 48 9 7 3 
6 1 31 48 40 8 5 9 
1 0 60 91 59 7 1 9 
4 0 18 51 69 6 4 7 
9 6 27 60 9 5 8 2 
3 0 42 24 77 6 8 2 
2 9 41 45 28 2 1 4 
5 3 28 40 9 4 4 9 
3 0 17 45 65 1 6 6 
1 9 22 82 68 3 4 2 
1 1 37 28 34 0 3 4 
2 8 7 50 23 2 0 7 
2 8 9 70 74 7 2 0 
5 1 33 50 67 4 6 2 
4 6 32 64 40 5 5 5 
6 6 24 26 71 3 2 7 
9 0 27 35 42 6 5 7 
1 0 4 70 83 3 7 4 
2 9 29 44 56 4 5 3 
7 3 34 50 72 8 2 0 
7 9 0 65 58 6 6 3 
0 7 26 74 13 4 4 4 
0 2 0 60 64 3 2 5 
7 1 51 76 58 6 8 7 
1 3 59 43 34 7 7 3 
2 7 30 46 99 5 1 3 
9 1 64 50 54 4 9 2 
9 4 45 46 56 9 4 5 
4 8 17 60 31 0 4 8 
6 0 46 47 44 8 2 7 
9 7 50 35 71 8 1 0 
0 7 35 42 20 8 6 5 
7 5 28 74 76 3 1 4 
4 1 21 21 44 9 2 0 
6 3 32 55 77 5 4 5 
4 3 2 40 58 6 1 6 
3 7 0 6 48 3 6 8 
1 6 63 22 36 0 5 8 
3 6 20 12 84 7 6 4 
5 0 70 35 31 1 0 3 
7 4 28 46 46 5 5 3 
0 7 22 98 25 7 9 6 
7 6 43 50 58 1 9 0 
0 2 23 63 28 2 8 6 
2 9 39 83 19 4 6 9 
5 7 22 54 61 6 4 1 
1 9 23 30 49 8 5 7 
2 6 20 38 84 4 4 1 
2 9 35 57 46 4 2 0 
8 6 24 44 32 9 3 2 
3 4 47 20 24 2 2 5 
2 4 31 63 84 3 8 6 
5 5 17 34 36 3 2 5 
6 8 34 70 27 9 4 6 
2 5 36 43 33 9 8 9 
0 5 27 35 26 8 8 1 
9 4 70 64 37 0 8 9 
7 5 15 54 17 8 2 8 
4 3 42 61 61 8 1 8 
3 3 15 42 7 9 9 5 
4 9 29 50 72 3 4 1 
6 6 62 44 78 9 7 3 
9 0 20 30 65 9 0 8 
1 1 28 56 44 0 9 8 
4 2 27 21 44 1 4 4 
6 0 34 60 77 4 4 1 
8 8 43 64 23 3 1 3 
9 6 33 51 45 8 6 0 
7 1 42 52 51 7 4 8 
2 9 0 95 18 0 7 8 
5 5 36 60 56 8 6 7 
3 9 27 45 30 7 6 3 
0 7 10 69 55 5 3 8 
0 7 64 6 79 9 4 6 
9 3 72 49 3 1 0 5 
0 7 40 65 30 6 7 0 
3 9 16 36 12 5 4 3 
4 3 3 29 63 8 9 2 
3 9 32 42 68 8 9 5 
6 5 54 74 57 8 7 1 
0 4 0 31 40 0 0 7 
5 7 28 57 57 9 0 7 
7 9 35 72 92 4 0 1 
6 9 56 32 65 9 2 4 
4 1 19 48 64 2 7 9 
8 2 29 47 73 8 9 3 
7 9 0 32 34 8 5 5 
2 1 44 38 88 0 2 1 
1 4 36 83 32 5 8 0 
1 4 23 52 68 6 7 9 
4 9 33 75 43 1 6 0 
8 8 42 17 12 4 9 7 
2 0 31 56 45 7 0 5 
5 0 3 43 51 6 4 7 
9 3 14 35 74 9 9 7 
5 9 46 52 55 1 8 7 
3 7 5 63 71 9 6 0 
7 6 0 38 32 4 3 0 
7 8 47 62 0 4 8 2 
2 3 31 45 55 1 2 5 
1 9 24 69 73 2 9 5 
0 0 25 77 23 8 3 5 
5 7 2 69 58 9 8 4 
8 9 37 66 36 3 0 2 
9 9 0 57 46 9 5 4 
9 6 24 33 20 9 9 2 
1 7 57 61 16 6 1 6 
4 2 0 55 52 9 3 0 
6 0 37 18 42 2 3 2 
2 4 41 46 83 0 6 9 
0 8 49 21 55 7 2 0 
8 6 50 25 58 6 7 4 
3 0 0 56 53 2 9 1 
7 6 26 24 59 8 6 9 
7 1 28 75 21 7 7 1 
4 2 46 27 27 1 2 5 
0 0 48 41 60 2 3 1 
8 1 20 51 44 1 7 8 
1 5 35 87 23 8 8 6 
5 0 13 53 29 4 6 4 
1 6 27 62 44 8 0 7 
4 5 55 55 75 7 1 9 
0 1 19 79 23 5 7 4 
0 5 16 69 62 4 2 2 
2 8 30 31 27 9 8 7 
9 3 28 35 56 5 5 6 
4 7 17 72 60 1 2 2 
3 1 0 40 66 6 5 4 
0 2 0 73 40 9 3 0 
3 4 33 82 52 5 5 1 
6 4 53 53 27 2 7 2 
3 7 60 36 47 8 6 3 
5 1 24 36 41 4 0 6 
0 4 12 43 80 6 7 5 
8 5 17 0 33 1 1 2 
1 1 29 46 54 5 3 2 
8 3 0 78 44 6 6 2 
8 5 32 34 27 1 3 5 
2 1 31 39 63 0 1 3 
6 6 25 38 42 8 1 6 
4 8 23 74 73 9 0 6 
2 8 16 38 70 7 5 1 
9 4 30 55 19 2 4 3 
3 6 34 43 23 8 6 3 
7 6 12 75 72 2 7 8 
5 3 10 62 39 0 0 3 
6 6 22 48 45 2 1 5 
9 4 8 79 43 0 6 5 
0 9 51 29 43 1 6 2 
9 9 33 34 50 1 5 1 
4 3 34 61 10 6 0 4 
5 4 33 95 37 3 7 5 
7 8 18 25 66 1 9 0 
5 4 30 64 71 5 6 5 
3 4 19 34 26 8 5 9 
7 3 0 39 37 3 6 7 
2 7 40 67 73 6 6 1 
0 9 0 25 69 3 9 7 
5 9 42 33 52 0 9 2 
5 0 27 39 56 8 7 3 
8 0 30 59 18 0 6 7 
8 0 32 53 71 3 3 1 
9 4 45 76 39 0 6 3 
3 4 31 52 47 7 6 1 
7 1 50 60 70 9 4 7 
1 9 9 55 36 1 6 6 
3 0 39 25 48 7 2 4 
6 7 16 61 39 9 1 0 
5 4 45 81 105 2 2 1 
5 7 25 38 43 2 7 6 
6 1 27 70 24 4 3 8 
3 4 21 52 76 4 7 7 
7 5 50 66 102 9 0 7 
0 2 33 34 34 6 0 8 
1 3 45 52 40 0 4 4 
7 9 38 43 52 1 9 6 
1 4 44 66 69 3 7 9 
6 8 16 43 114 0 3 2 
3 2 53 44 45 8 7 9 
0 2 29 2 72 6 5 6 
4 3 55 28 8 3 9 9 
7 6 25 23 21 1 6 8 
8 6 23 42 46 4 4 9 
3 8 30 55 45 4 7 8 
6 9 49 47 44 8 6 9 
7 4 29 36 55 1 6 3 
7 8 74 30 41 8 7 2 
4 3 12 74 59 1 9 4 
2 6 31 36 3 1 9 2 
4 3 41 26 39 5 4 4 
5 8 0 54 21 6 6 6 
4 7 51 66 66 0 0 2 
9 8 59 58 36 6 0 3 
5 9 22 63 64 9 5 5 
9 8 17 44 79 7 5 5 
1 5 35 28 92 1 6 9 
7 3 22 63 59 2 8 9 
4 3 46 57 11 3 8 2 
8 7 31 67 52 3 2 5 
0 1 0 21 49 8 4 5 
3 2 31 53 41 2 7 0 
2 5 38 56 49 5 0 0 
8 0 46 37 56 2 2 2 
4 7 35 22 66 9 8 2 
4 8 10 19 73 8 1 8 
9 1 26 63 23 1 6 1 
7 2 36 36 32 6 9 5 
4 9 30 39 39 6 8 2 
9 1 42 32 47 5 1 4 
8 1 6 46 73 0 9 2 
8 3 52 15 35 6 0 1 
7 3 17 31 23 9 8 6 
3 6 43 40 67 4 0 3 
5 5 20 45 61 9 3 8 
5 0 0 52 53 4 5 0 
7 7 37 67 30 4 3 8 
6 0 6 58 70 2 3 0 
8 7 29 68 52 2 0 1 
5 5 32 36 67 5 2 6 
3 1 29 28 30 0 6 2 
5 5 33 31 55 8 9 1 
9 5 0 90 44 3 6 2 
7 4 32 23 53 9 6 2 
2 1 10 37 69 6 7 8 
2 3 63 35 47 7 4 9 
4 7 67 54 86 5 5 7 
8 0 60 66 16 7 1 3 
3 5 60 20 44 9 8 0 
4 5 17 16 7 2 9 4 
6 2 47 61 57 3 4 8 
8 1 52 51 22 9 7 2 
7 3 13 37 50 1 9 0 
1 2 22 37 44 8 6 3 
0 3 25 93 38 2 5 0 
2 1 0 51 1 7 1 3 
5 4 32 49 28 6 8 0 
7 7 36 57 0 2 6 6 
0 4 0 69 41 1 9 1 
9 4 0 63 57 6 2 2 
3 9 31 51 50 3 3 5 
6 2 40 84 32 6 6 0 
5 5 46 48 66 2 4 2 
0 0 0 83 56 5 6 2 
9 8 32 70 73 7 4 2 
1 8 24 44 46 3 3 8 
9 4 31 23 63 1 9 6 
6 1 37 36 57 6 3 1 
1 3 62 58 96 1 0 7 
6 9 20 91 54 7 2 5 
7 2 43 84 93 1 9 7 
7 8 52 67 23 9 6 7 
6 7 46 72 85 5 3 6 
6 0 8 82 54 0 4 7 
5 9 13 52 56 1 3 5 
6 2 50 35 30 4 0 6 
5 0 19 43 70 8 8 8 
1 0 39 32 68 9 3 1 
5 8 27 62 91 7 7 0 
8 9 24 28 46 4 3 4 
6 3 27 39 33 7 1 4 
9 8 72 44 51 1 2 1 
1 8 6 69 27 5 0 5 
7 7 31 68 75 6 0 7 
9 7 0 56 40 9 5 7 
6 8 29 76 78 7 7 6 
1 6 52 25 31 7 2 7 
7 1 23 61 14 6 1 1 
5 4 30 72 46 9 1 6 
9 9 29 21 80 4 6 9 
2 6 30 52 29 0 1 1 
0 7 49 49 90 5 4 9 
3 0 10 89 61 3 1 9 
4 0 51 57 34 7 9 5 
8 2 9 33 38 9 8 3 
1 7 34 21 72 4 9 4 
9 8 37 37 57 2 1 0 
4 3 39 53 38 5 8 3 
1 9 27 39 55 9 3 2 
2 5 14 55 62 4 6 1 
0 0 35 19 86 1 5 2 
6 8 16 42 1 9 9 2 
6 2 6 37 69 8 6 4 
4 1 39 40 68 8 6 9 
1 6 25 25 63 7 3 4 
2 9 42 74 53 3 3 8 
5 7 30 36 37 1 0 9 
9 2 17 52 75 9 2 1 
0 1 24 31 60 0 7 2 
9 0 16 52 39 2 8 4 
4 6 50 53 31 2 4 9 
2 4 28 57 37 8 0 0 
8 1 28 56 50 4 0 7 
5 3 27 71 11 1 6 9 
7 4 7 10 28 4 7 6 
8 3 6 34 16 8 6 9 
4 7 23 43 32 2 5 8 
6 4 33 82 59 3 7 7 
5 2 25 33 48 1 1 1 
6 1 3 57 54 4 2 6 
0 0 10 23 42 2 3 9 
4 5 23 61 67 0 6 0 
3 5 25 46 23 7 8 4 
5 8 7 20 58 6 5 8 
0 4 14 74 106 2 6 1 
3 5 82 16 45 3 9 8 
2 9 58 39 66 4 0 2 
8 4 44 78 49 0 4 2 
1 2 42 96 5 6 8 2 
1 9 62 36 25 4 0 5 
3 6 62 17 32 3 2 5 
0 5 19 34 20 0 7 5 
0 1 39 74 39 6 2 2 
3 3 55 22 52 5 8 0 
2 3 0 40 36 4 8 5 
4 3 42 56 47 3 4 8 
3 5 36 69 30 8 9 9 
7 3 41 43 58 1 0 6 
9 7 39 39 54 4 0 6 
7 0 8 53 50 4 6 3 
1 0 50 2 71 7 9 9 
9 8 62 36 11 2 9 6 
9 2 29 32 15 6 2 0 
4 5 73 91 68 5 6 6 
7 8 39 37 72 4 5 3 
5 3 31 27 56 2 1 4 
9 7 23 55 23 4 8 4 
3 8 27 66 66 2 5 1 
5 3 28 7 58 3 9 7 
9 0 20 99 79 7 5 6 
9 6 11 45 46 5 7 1 
8 0 5 64 49 5 5 0 
8 1 77 81 8 0 3 9 
9 8 42 84 24 4 0 5 
4 7 27 96 68 9 9 0 
2 8 0 75 59 3 6 6 
6 7 37 77 44 6 4 2 
5 3 22 7 34 8 9 1 
9 8 25 78 38 6 5 3 
2 4 0 18 54 7 5 8 
7 3 28 45 40 6 3 7 
8 7 55 52 32 9 3 1 
8 5 51 38 28 4 9 9 
5 4 16 89 55 0 1 2 
7 1 33 27 63 8 5 8 
5 1 44 49 60 0 6 3 
4 5 0 82 45 5 7 7 
7 6 65 63 36 7 0 8 
2 3 12 54 27 3 3 1 
8 3 45 73 28 9 8 8 
8 1 39 45 41 9 9 6 
4 4 57 70 81 2 8 2 
9 5 44 29 74 6 1 1 
1 3 27 57 19 5 1 4 
8 7 34 62 25 2 1 3 
5 9 59 61 53 5 6 1 
7 7 28 81 52 8 4 2 
7 4 6 27 60 5 0 5 
2 6 47 45 43 8 9 7 
4 9 11 55 34 0 0 6 
1 1 49 20 46 4 8 5 
2 1 17 48 58 2 4 2 
2 2 23 30 65 6 9 1 
9 1 41 25 21 3 4 3 
5 8 44 0 63 2 6 7 
0 9 10 66 69 0 9 5 
6 9 19 27 34 7 0 3 
1 8 16 30 76 1 3 3 
9 7 37 23 73 8 9 4 
6 7 30 44 43 6 5 2 
4 1 27 59 51 5 4 1 
9 1 7 6 83 5 6 4 
5 6 18 30 69 4 6 7 
9 5 31 56 47 4 1 2 
0 7 22 84 39 1 7 0 
4 5 45 17 44 9 8 6 
8 0 28 55 25 5 2 4 
3 2 7 82 43 7 8 8 
6 9 11 37 27 8 8 4 
8 9 40 82 57 3 6 8 
0 2 29 55 55 1 0 2 
2 7 56 60 47 0 4 7 
6 8 4 92 56 6 7 9 
9 7 24 43 43 2 4 3 
3 8 52 65 54 0 5 9 
9 2 33 50 82 1 1 5 
9 1 23 45 24 1 3 6 
9 1 25 33 60 0 6 3 
4 0 19 72 54 1 7 2 
5 0 43 41 45 9 6 3 
8 2 49 59 26 5 6 4 
4 5 48 58 50 5 1 6 
7 9 39 18 34 8 9 0 
5 9 39 41 74 7 8 8 
0 0 32 63 42 8 1 2 
8 3 81 85 88 5 8 2 
4 3 44 70 41 9 8 9 
6 1 14 45 32 9 9 1 
1 7 42 13 43 6 7 6 
6 4 49 58 23 3 3 0 
0 2 25 45 62 0 9 5 
2 1 6 17 86 2 6 1 
3 6 44 42 51 2 2 2 
7 2 10 48 107 0 1 4 
8 6 36 50 48 5 1 3 
6 0 25 54 80 8 0 1 
3 8 29 59 41 1 4 0 
5 7 32 21 26 2 3 5 
2 5 19 72 51 6 7 2 
2 5 4 23 58 3 1 8 
6 1 44 70 25 8 1 4 
3 3 1 45 72 6 1 2 
5 2 28 52 33 6 5 8 
5 1 50 93 43 8 5 7 
2 6 37 87 64 9 2 0 
7 8 1 44 68 4 9 8 
1 7 49 46 0 8 9 7 
7 5 11 39 35 4 0 4 
7 8 27 104 50 5 3 9 
8 5 40 38 60 8 5 2 
2 4 76 35 21 7 4 1 
6 3 45 43 27 0 1 6 
0 0 60 36 67 6 0 7 
8 9 4 42 40 6 5 9 
4 2 44 75 62 9 8 0 
5 3 32 69 27 5 7 5 
2 1 21 73 32 2 1 2 
5 8 0 53 56 5 5 8 
8 0 10 60 41 7 4 7 
4 8 21 71 63 5 7 4 
0 4 6 22 59 0 6 2 
5 8 29 48 97 6 9 4 
5 9 31 64 42 2 1 7 
8 6 40 26 33 7 6 6 
4 9 56 31 66 9 0 7 
3 9 48 37 50 6 9 0 
4 6 50 63 75 0 2 9 
7 5 17 1 81 7 3 0 
7 4 41 65 84 6 0 9 
2 7 25 38 61 2 1 9 
1 9 50 46 43 3 9 0 
0 4 24 34 37 2 0 5 
7 7 19 61 65 6 5 9 
8 7 30 45 61 7 2 1 
0 5 28 46 46 6 4 3 
8 0 31 55 19 4 2 5 
0 0 35 38 56 1 6 1 
4 8 11 73 56 5 6 6 
5 5 21 94 15 4 6 3 
7 0 51 80 54 4 3 0 
7 0 43 36 84 8 9 0 
4 4 17 41 58 2 4 8 
0 9 29 29 76 3 0 5 
5 3 51 47 56 3 8 5 
0 7 32 34 32 5 2 1 
2 7 29 38 75 3 3 8 
6 1 8 43 13 5 1 0 
2 8 37 57 41 4 4 2 
4 0 35 70 63 7 0 7 
9 5 40 45 34 3 9 6 
0 2 29 43 37 4 4 1 
3 9 50 42 50 5 5 7 
8 1 25 50 45 1 0 9 
6 9 22 67 52 3 0 7 
4 0 30 41 27 8 4 8 
5 0 20 98 51 7 2 3 
2 3 12 59 32 5 8 0 
8 6 0 100 46 5 3 2 
7 7 74 82 77 9 4 5 
7 7 27 40 75 5 8 6 
3 6 16 48 117 3 6 7 
5 4 48 54 39 6 6 6 
7 2 39 59 58 0 6 0 
3 4 31 36 44 1 2 4 
2 4 72 34 53 5 3 2 
7 7 33 55 40 5 2 3 
7 5 34 57 37 7 7 6 
7 5 26 56 67 3 9 8 
9 1 49 51 18 9 7 2 
5 6 30 80 33 7 1 8 
5 3 35 33 66 5 6 8 
1 1 7 49 26 3 3 3 
8 8 35 68 35 7 3 9 
1 5 39 68 46 1 8 6 
5 4 4 34 40 7 6 7 
6 7 50 30 38 1 8 6 
3 7 55 64 54 9 6 9 
7 3 22 48 33 5 1 9 
4 8 28 44 28 2 2 2 
4 5 22 37 31 6 0 0 
2 9 40 44 79 1 4 6 
4 1 38 60 58 9 5 8 
1 5 60 69 26 0 6 7 
4 4 25 6 71 4 7 3 
8 4 52 25 61 2 1 1 
9 8 43 32 48 5 5 1 
2 3 30 71 93 6 5 6 
9 2 0 52 17 7 1 8 
5 1 24 0 62 8 0 9 
1 9 15 32 41 1 6 6 
2 2 17 14 70 2 7 8 
4 4 29 56 50 3 3 6 
2 8 43 23 41 0 4 3 
9 1 52 69 45 9 9 0 
6 0 0 24 63 2 1 7 
0 3 48 55 73 3 1 1 
4 1 40 75 45 3 9 2 
4 6 41 48 47 6 4 1 
5 3 0 62 42 0 6 2 
2 3 39 23 59 3 7 8 
2 5 43 23 9 8 2 4 
4 6 21 64 42 5 3 5 
9 2 0 19 47 1 3 6 
3 6 44 54 19 6 6 5 
9 4 36 33 50 5 5 1 
4 5 14 58 39 8 9 4 
0 4 31 51 63 2 4 2 
4 6 20 24 86 2 5 4 
5 9 25 42 58 7 9 6 
5 0 49 18 75 4 7 1 
2 3 0 32 44 9 9 0 
0 6 23 59 69 6 4 5 
3 2 52 92 20 9 6 5 
4 9 61 21 28 8 2 7 
7 7 45 77 47 9 7 5 
4 0 38 40 6 4 8 0 
6 5 29 42 81 0 4 7 
7 0 4 33 58 5 5 3 
4 3 43 48 63 0 4 7 
9 6 0 65 38 5 6 1 
7 1 45 66 29 7 1 5 
5 9 9 10 43 4 6 9 
6 4 0 31 23 3 8 4 
2 1 38 26 23 8 0 0 
3 2 2 70 50 7 9 3 
5 7 37 67 53 5 7 6 
8 1 11 41 32 2 3 2 
6 5 44 61 25 7 0 9 
4 8 50 52 54 0 4 6 
1 1 14 68 30 6 3 1 
2 5 41 37 75 6 1 5 
0 1 55 27 43 9 3 5 
5 2 50 18 37 1 6 1 
9 9 32 61 1 0 6 5 
5 6 26 80 93 0 1 4 
8 1 24 58 71 3 8 4 
3 8 23 28 39 0 0 1 
0 9 37 57 72 3 9 1 
3 8 41 46 60 6 0 7 
5 7 42 29 36 4 3 7 
5 5 59 70 66 6 7 3 
4 5 50 31 34 0 4 0 
5 6 0 53 42 7 5 9 
1 2 43 24 53 4 3 3 
1 7 0 38 64 3 4 5 
7 2 32 51 56 9 1 4 
9 2 26 42 39 4 9 4 
4 6 29 46 92 5 3 9 
5 5 25 50 45 1 8 1 
1 3 46 51 58 8 3 6 
0 6 31 71 47 9 9 7 
4 1 10 23 66 7 5 6 
9 5 35 54 25 0 0 9 
2 3 59 62 43 2 3 4 
6 1 43 44 27 3 1 6 
3 6 33 67 34 0 9 9 
6 4 57 14 15 2 2 4 
4 0 4 42 37 5 8 9 
9 8 19 81 46 0 1 4 
8 1 30 22 67 6 8 7 
0 6 41 29 59 4 9 0 
7 9 28 36 63 4 1 4 
0 2 30 25 49 5 0 7 
2 2 0 38 31 6 0 3 
5 9 40 36 24 8 3 6 
4 5 13 65 74 2 4 0 
9 6 52 26 64 8 5 5 
9 7 20 43 26 2 7 8 
7 9 38 20 79 8 9 7 
4 4 15 61 90 7 4 4 
5 2 7 90 11 3 4 2 
6 9 20 36 50 5 7 1 
3 9 27 35 62 5 0 7 
9 1 38 40 36 0 8 6 
4 0 8 51 47 8 8 3 
9 3 39 68 56 2 3 2 
0 4 42 66 41 9 6 7 
1 7 34 55 64 9 1 3 
3 7 0 17 58 5 9 8 
3 6 35 47 54 3 3 8 
2 5 22 65 30 4 9 1 
9 9 46 52 22 6 2 8 
1 9 13 0 49 8 2 9 
1 1 0 39 56 3 2 1 
3 7 6 91 60 7 0 6 
7 2 30 45 26 9 6 7 
9 5 12 64 77 7 0 4 
1 7 30 60 87 2 1 6 
6 0 22 47 59 2 8 6 
8 9 17 43 71 4 2 4 
7 7 40 65 56 6 5 6 
1 4 66 91 57 9 4 4 
5 0 20 46 33 4 7 7 
9 3 0 34 56 3 2 0 
3 9 69 39 41 3 6 5 
5 5 71 74 40 3 8 7 
4 5 4 47 49 9 9 7 
8 7 4 68 71 8 6 1 
8 0 14 81 46 9 0 2 
7 4 20 95 40 0 1 6 
0 4 81 22 26 8 9 0 
8 0 31 54 87 3 5 8 
5 8 9 91 39 3 7 9 
6 6 24 44 29 5 8 6 
7 3 35 46 65 6 2 1 
0 8 25 36 53 7 2 6 
3 9 97 63 60 9 6 4 
2 7 41 78 27 2 6 6 
7 7 0 65 70 1 4 6 
5 8 39 50 37 2 0 1 
6 0 14 97 61 4 8 5 
1 4 39 57 6 8 8 4 
9 0 52 62 78 2 9 4 
2 7 55 41 50 2 4 0 
8 2 26 34 65 6 6 3 
4 1 0 51 70 6 1 8 
4 4 51 67 56 2 3 9 
9 4 8 61 48 2 3 0 
6 8 70 35 64 4 0 3 
5 5 39 14 26 2 9 4 
4 8 32 75 74 2 4 5 
2 2 9 40 73 7 6 3 
0 9 36 83 62 5 3 3 
1 5 52 56 72 6 6 0 
9 7 27 41 61 6 7 7 
0 7 0 51 34 8 2 0 
6 2 35 78 15 1 0 7 
9 1 43 27 79 3 6 8 
9 0 7 56 69 0 7 5 
2 2 26 12 72 0 3 9 
8 9 32 30 41 0 9 1 
8 9 45 81 82 6 8 9 
2 0 25 37 50 5 6 3 
3 0 18 41 82 6 8 0 
9 9 14 18 69 0 8 9 
8 9 43 35 72 3 5 0 
8 1 36 64 60 5 6 8 
7 8 47 58 51 0 4 0 
3 5 0 53 26 9 3 1 
5 3 16 50 66 4 9 6 
8 8 32 40 25 9 4 4 
4 6 36 48 68 6 1 9 
3 0 28 45 71 9 7 2 
8 2 47 59 67 5 4 1 
2 3 42 73 59 1 9 7 
1 1 39 32 26 6 4 2 
6 4 63 31 61 3 4 9 
9 2 28 89 19 3 0 2 
5 0 15 48 66 8 0 7 
6 9 0 12 39 9 9 6 
2 1 68 69 63 0 5 4 
1 4 50 32 57 4 4 0 
5 2 36 55 79 1 8 0 
9 9 38 39 41 0 7 7 
1 2 32 48 60 5 2 1 
8 4 47 73 78 8 5 7 
8 7 44 33 96 3 0 7 
6 9 19 74 21 8 0 5 
9 1 15 45 45 5 9 0 
9 0 45 19 86 4 7 6 
0 5 47 25 44 5 5 2 
9 6 36 27 37 9 0 4 
0 4 40 15 86 3 9 7 
6 2 13 41 56 9 6 3 
6 9 50 28 34 2 1 2 
5 6 23 41 34 6 8 0 
1 4 48 78 38 3 6 7 
1 5 11 19 60 5 5 5 
7 7 0 45 60 8 9 3 
0 2 38 59 53 4 3 0 
2 0 34 27 66 6 4 4 
4 5 15 7 33 7 3 3 
4 9 14 54 50 0 7 9 
5 0 28 61 37 6 7 0 
8 4 53 38 33 0 8 0 
7 7 19 62 76 1 1 3 
4 5 46 41 66 5 6 0 
8 8 44 61 48 7 9 3 
4 1 20 92 75 5 2 9 
3 8 9 72 77 8 9 8 
5 1 26 18 25 0 8 1 
5 2 33 45 58 4 8 0 
6 5 6 74 37 0 9 3 
3 6 32 59 51 9 7 6 
6 9 56 33 45 3 3 5 
5 5 46 56 85 5 5 2 
5 7 0 64 59 5 4 6 
9 1 41 48 7 9 9 1 
9 4 53 54 81 3 6 1 
0 2 44 102 56 9 7 9 
6 2 31 46 54 9 5 3 
7 9 15 87 57 5 7 5 
7 5 38 18 50 1 2 8 
8 7 42 80 35 1 8 0 
6 8 28 11 55 8 9 7 
8 1 48 46 45 7 7 8 
7 3 25 47 42 6 1 3 
8 8 0 34 26 2 6 4 
9 7 46 25 55 9 5 6 
7 0 30 27 42 9 2 3 
4 3 27 59 69 5 2 2 
5 8 7 32 72 3 6 8 
3 9 41 49 29 3 0 1 
3 1 24 60 26 8 1 0 
8 0 36 11 63 8 3 9 
2 1 60 39 56 1 4 8 
9 6 34 38 44 5 9 5 
8 0 39 65 26 3 9 6 
5 2 16 103 45 7 6 7 
4 9 10 64 20 5 4 6 
5 7 52 57 61 8 8 7 
4 4 19 10 50 3 9 2 
0 2 0 49 28 2 4 7 
4 8 6 54 16 2 6 6 
0 0 51 48 93 8 7 7 
6 6 12 58 66 7 2 4 
8 0 4 49 61 9 5 2 
4 5 8 31 50 7 2 4 
9 9 65 79 40 3 4 5 
7 8 18 56 60 8 9 1 
1 2 27 34 92 6 0 7 
9 9 55 62 70 2 0 2 
2 7 27 54 76 0 8 2 
9 0 8 51 45 1 8 4 
8 4 21 41 51 1 1 3 
7 7 26 78 73 5 3 6 
6 4 0 38 69 4 9 7 
9 4 0 37 67 0 3 6 
4 2 29 45 54 4 6 4 
3 3 38 48 51 5 3 4 
9 7 40 41 34 1 9 7 
4 7 42 57 81 3 7 3 
6 3 35 44 52 2 7 0 
2 6 21 49 66 4 1 9 
6 2 12 58 70 0 9 6 
8 2 41 28 77 0 6 9 
8 9 0 12 87 8 5 5 
1 8 1 36 31 0 2 7 
5 1 51 75 94 9 5 2 
2 2 28 39 49 3 3 5 
2 0 2 76 71 8 8 4 
2 4 17 59 65 7 0 2 
0 7 49 69 33 7 0 1 
1 7 29 47 79 8 7 8 
3 2 0 48 81 0 8 6 
2 9 18 26 55 0 3 2 
5 4 21 16 41 3 2 3 
8 7 0 52 39 1 0 9 
2 9 37 47 34 1 3 9 
6 1 29 80 52 5 3 5 
8 5 26 67 37 1 4 5 
7 0 53 51 48 3 0 6 
8 9 31 56 34 9 2 3 
0 6 31 36 36 1 8 4 
3 2 36 26 4 7 4 3 
2 8 64 43 67 2 4 4 
4 5 8 18 37 6 5 6 
6 7 13 83 80 9 4 3 
8 1 36 36 84 7 9 6 
7 4 23 57 49 4 6 5 
5 2 4 17 25 7 0 7 
9 0 27 101 89 1 3 5 
1 4 50 33 86 5 2 9 
9 6 14 68 91 6 9 2 
1 1 14 58 61 2 7 0 
4 7 56 41 109 2 5 1 
5 3 65 64 77 4 7 4 
3 9 60 71 69 1 5 2 
2 4 18 18 71 1 5 3 
3 1 0 74 41 2 3 0 
2 3 35 74 46 1 0 0 
1 5 49 58 84 6 6 3 
0 7 7 50 80 1 3 3 
5 9 5 81 66 1 9 8 
4 6 48 39 48 2 3 0 
3 0 45 53 47 6 6 1 
6 1 31 50 58 1 7 0 
7 3 50 71 15 5 6 8 
6 7 51 50 76 3 8 8 
5 5 12 68 35 5 1 5 
7 2 15 13 45 5 0 4 
5 2 10 16 68 6 2 2 
4 5 29 70 51 6 6 8 
5 0 57 65 45 5 1 6 
8 8 18 92 78 9 1 7 
1 8 25 41 42 8 7 4 
5 3 3 38 77 6 5 7 
3 1 25 50 21 0 8 4 
3 1 25 69 48 9 8 7 
1 7 16 76 51 8 6 7 
7 4 0 69 56 9 8 2 
0 0 30 47 41 8 1 2 
1 7 25 42 40 1 9 5 
4 3 30 89 69 6 2 2 
9 6 8 29 13 6 4 7 
5 3 26 43 41 5 7 2 
5 0 20 43 37 7 6 2 
1 6 39 57 55 2 4 5 
7 4 0 62 69 5 6 0 
9 0 36 34 39 7 9 6 
0 5 66 43 72 5 4 6 
3 2 9 83 41 8 7 5 
7 5 8 54 76 1 7 2 
0 8 51 62 45 4 0 0 
6 9 38 49 48 8 1 7 
4 6 44 38 55 0 2 7 
4 3 36 41 48 9 5 8 
0 1 0 52 29 0 1 1 
9 6 22 48 104 3 5 0 
7 8 12 30 68 5 8 0 
2 0 0 39 22 2 1 2 
1 5 8 47 49 4 6 9 
6 3 0 33 15 2 1 6 
1 4 25 54 7 1 4 9 
9 7 29 70 66 1 6 4 
3 0 24 38 85 8 2 3 
6 6 40 55 9 6 3 8 
1 4 36 61 63 8 1 5 
0 8 0 55 41 6 8 8 
0 0 75 79 34 1 5 4 
3 3 34 37 39 2 7 4 
7 6 2 44 62 7 2 4 
8 2 11 24 26 4 4 8 
8 0 23 43 44 3 8 6 
4 2 19 82 3 3 3 2 
7 5 31 47 23 7 1 2 
5 9 59 55 34 7 2 5 
2 6 0 77 37 8 2 8 
6 4 17 67 32 4 1 6 
4 2 22 24 14 5 0 3 
7 4 7 47 57 0 3 5 
7 5 33 18 70 1 3 7 
4 2 17 46 41 3 8 4 
0 2 0 65 54 9 3 0 
9 9 41 56 37 3 9 4 
0 1 0 87 55 5 3 1 
0 2 52 60 37 3 4 4 
2 1 30 42 76 4 1 0 
9 7 24 59 28 6 2 0 
4 2 19 37 24 4 8 6 
1 2 24 40 46 4 3 0 
3 7 27 19 79 5 4 9 
6 2 25 41 48 1 2 8 
3 2 31 59 42 5 1 0 
0 7 53 36 85 6 1 6 
1 6 24 98 18 0 3 2 
4 0 52 65 72 2 6 1 
0 6 69 49 90 7 1 4 
6 7 45 26 43 1 5 4 
2 7 33 27 40 2 2 7 
2 4 69 39 37 7 4 9 
4 6 33 74 44 5 5 4 
7 5 10 26 42 2 1 6 
7 2 20 52 45 9 9 4 
0 2 84 63 51 7 2 7 
4 6 13 27 68 2 3 1 
1 7 31 13 53 1 0 7 
7 1 22 65 59 8 1 3 
0 0 0 22 40 8 0 8 
2 1 18 42 31 1 5 3 
5 9 28 57 77 6 6 8 
4 0 2 54 43 4 2 5 
2 7 6 32 43 4 4 0 
4 7 38 51 65 4 5 2 
1 5 17 52 25 3 5 8 
4 1 40 52 108 9 0 4 
0 1 6 94 26 0 4 7 
7 9 27 9 78 0 8 1 
8 1 57 76 45 1 9 0 
9 9 54 49 21 3 2 7 
9 5 65 10 66 9 3 3 
5 8 40 34 56 7 2 3 
3 9 53 51 35 7 4 9 
1 6 15 51 64 4 4 1 
0 9 19 50 40 5 8 1 
2 2 20 29 68 8 0 9 
4 0 43 42 62 4 1 7 
6 9 26 54 64 1 6 4 
2 5 0 33 48 3 9 5 
7 2 47 102 87 9 7 6 
3 2 0 42 34 7 4 6 
0 2 60 70 42 3 2 2 
0 3 66 68 38 7 1 6 
9 3 14 53 40 2 1 4 
9 6 27 0 47 3 6 5 
5 3 0 45 63 6 2 9 
5 6 0 45 116 1 2 3 
5 9 58 60 31 2 6 2 
7 9 2 16 43 3 2 2 
5 4 13 23 37 7 7 9 
8 0 48 47 44 3 1 5 
9 8 17 71 34 3 9 6 
3 0 11 2 48 3 8 5 
0 0 0 61 29 8 6 7 
3 8 24 51 74 7 2 4 
4 2 36 67 28 6 4 3 
5 0 48 29 44 7 1 4 
0 2 22 61 54 2 5 8 
9 7 47 35 50 4 9 9 
4 9 21 55 52 7 1 8 
7 3 47 33 50 1 7 6 
5 5 33 71 48 6 5 3 
1 1 33 3 48 9 7 4 
4 8 16 49 50 7 8 3 
9 6 48 76 28 0 6 7 
8 5 36 23 64 7 7 5 
6 7 47 35 94 3 3 4 
2 1 35 21 42 3 9 4 
0 2 39 73 55 7 3 0 
7 9 28 50 48 3 4 2 
7 2 37 64 39 3 6 1 
1 6 33 40 49 8 7 0 
8 5 17 55 20 8 6 6 
1 4 35 64 35 9 9 9 
5 8 17 58 43 6 8 1 
1 4 0 33 46 8 5 1 
5 4 27 47 38 9 8 2 
3 6 6 41 45 3 5 7 
5 1 10 56 94 7 2 3 
8 3 5 38 62 2 8 3 
8 1 34 44 37 0 1 7 
9 4 31 52 51 8 8 1 
9 4 26 38 51 4 2 6 
5 4 33 33 24 3 4 4 
0 1 19 78 1 3 7 1 
4 3 18 21 42 0 4 1 
5 6 0 44 13 8 0 9 
9 8 41 50 26 4 3 2 
6 5 91 46 16 1 6 2 
0 6 36 46 63 4 1 1 
8 4 7 70 68 3 1 5 
0 8 46 33 52 5 4 4 
9 5 33 51 51 5 7 1 
4 4 42 45 19 1 4 6 
2 0 0 41 43 3 9 3 
8 4 28 25 49 9 8 4 
2 0 26 99 63 6 8 6 
5 2 40 67 65 7 1 7 
0 8 34 34 32 2 7 2 
0 9 21 45 40 6 8 3 
1 9 14 70 20 4 2 7 
8 1 70 27 36 1 2 2 
5 3 54 59 31 9 8 1 
8 0 13 75 60 0 1 0 
1 2 18 68 74 2 0 3 
1 1 36 35 41 2 6 4 
6 2 57 33 52 0 5 0 
9 1 25 48 54 8 7 9 
2 8 59 85 36 9 9 2 
3 7 38 46 46 9 1 1 
7 4 6 47 22 6 7 5 
9 1 30 45 43 0 3 1 
0 2 44 96 54 9 4 1 
1 2 0 46 32 8 9 6 
4 7 11 18 44 3 6 5 
3 3 26 63 35 3 7 8 
4 2 59 75 28 0 0 1 
5 9 16 64 20 1 3 0 
9 6 0 6 21 5 8 9 
7 4 33 33 54 7 1 4 
3 1 0 51 70 1 8 8 
8 0 42 26 63 1 6 9 
6 5 36 27 52 7 8 5 
3 9 29 68 83 5 0 6 
5 4 12 54 51 1 2 6 
7 7 28 25 59 7 9 3 
4 8 51 62 53 1 7 2 
7 7 11 70 89 4 1 4 
5 3 62 62 24 6 7 5 
3 1 32 50 37 4 4 8 
6 5 49 36 69 4 4 4 
2 8 26 75 70 7 5 0 
8 4 26 54 85 1 4 7 
9 5 13 77 66 7 8 6 
5 7 0 64 36 4 6 2 
8 5 67 37 36 4 1 5 
6 6 46 56 58 8 0 2 
3 9 51 31 23 2 9 1 
3 8 11 52 51 4 3 3 
8 5 28 47 44 0 8 9 
8 9 22 61 58 6 8 8 
9 1 48 17 66 3 8 8 
5 2 27 42 42 4 7 5 
3 2 9 44 32 5 0 5 
0 7 9 34 82 8 5 1 
8 1 9 49 78 6 6 2 
8 2 15 35 78 0 8 5 
3 2 50 61 76 9 4 1 
4 4 18 14 19 2 8 8 
6 0 45 74 83 4 6 4 
4 5 35 44 51 2 9 6 
5 2 28 20 36 3 1 9 
0 0 17 48 69 8 6 9 
3 0 34 63 32 1 7 9 
4 3 26 13 69 9 5 5 
0 7 23 21 52 9 0 4 
3 8 24 63 58 7 8 3 
9 1 40 22 30 0 1 8 
4 7 46 53 52 6 2 0 
4 1 10 7 25 7 8 3 
1 9 25 65 33 9 2 6 
1 7 7 53 62 7 2 2 
6 1 33 72 38 7 7 5 
4 1 13 64 39 6 0 3 
1 0 49 62 22 7 3 4 
8 8 20 66 34 3 6 2 
1 4 71 57 64 5 9 9 
2 4 0 48 55 7 7 5 
6 0 19 34 55 0 9 6 
0 4 35 36 29 9 3 1 
6 9 12 38 42 9 5 9 
5 0 47 51 31 8 6 5 
1 2 40 84 66 4 1 6 
8 5 8 44 47 8 8 6 
1 0 61 58 78 8 5 4 
3 8 21 15 52 2 0 2 
5 6 22 69 42 8 0 6 
3 9 12 51 75 9 5 6 
4 3 20 81 27 6 6 3 
8 3 18 47 55 0 5 1 
8 4 15 58 58 5 9 5 
0 7 30 14 83 0 3 2 
6 1 9 37 39 3 2 3 
7 8 35 82 0 9 7 0 
7 3 43 35 69 2 9 3 
6 5 29 59 11 6 4 8 
1 4 25 53 31 0 5 6 
8 8 52 55 29 6 6 6 
2 5 64 47 37 0 4 8 
1 2 35 17 50 6 5 6 
4 1 35 65 22 9 7 6 
8 0 6 34 6 2 8 5 
4 4 9 42 28 0 5 2 
1 3 19 88 55 5 5 0 
7 7 29 85 76 0 4 0 
8 7 56 52 71 7 3 4 
4 5 39 85 45 7 0 2 
4 1 20 50 51 1 4 9 
5 3 1 48 43 0 2 5 
5 9 5 46 59 6 9 7 
2 7 42 53 44 2 5 9 
4 7 51 21 48 8 6 1 
6 4 20 87 32 8 3 4 
1 9 44 33 61 9 0 0 
1 9 44 31 54 9 9 4 
0 9 54 52 49 5 0 2 
8 9 43 86 57 5 5 5 
2 5 46 44 60 9 3 9 
3 2 60 64 37 7 9 4 
0 6 27 55 33 7 8 7 
4 0 18 80 45 6 9 3 
3 9 22 57 54 5 7 5 
0 9 2 39 42 2 5 0 
5 6 34 51 48 5 8 2 
4 4 53 69 85 3 1 0 
3 9 37 48 56 7 6 4 
6 1 17 67 32 0 0 9 
4 6 32 67 28 4 2 6 
1 4 47 83 21 4 1 8 
5 6 39 58 41 7 9 9 
8 7 5 57 53 7 9 6 
9 5 27 69 68 1 9 8 
9 2 30 68 51 4 1 3 
2 1 32 87 69 8 6 7 
2 1 41 39 43 8 0 4 
2 3 19 0 76 4 2 2 
8 6 54 65 59 7 5 5 
8 7 20 90 52 1 8 1 
7 3 23 51 18 6 0 0 
3 9 18 40 76 3 8 0 
1 3 34 59 45 7 4 5 
5 8 15 57 38 2 5 9 
0 9 23 58 74 2 9 0 
1 8 6 41 60 2 2 8 
6 7 35 33 55 8 7 3 
9 3 82 66 70 9 9 9 
1 6 31 88 38 7 4 2 
1 3 34 62 38 8 4 0 
2 3 19 57 53 8 9 5 
6 2 44 57 74 4 4 2 
2 3 5 50 52 7 5 7 
5 3 28 48 31 9 3 8 
7 9 54 68 47 8 2 2 
3 0 62 54 79 2 3 4 
0 9 18 54 104 3 3 9 
4 3 8 89 32 2 9 9 
3 0 29 39 53 6 5 8 
1 4 35 56 49 6 9 9 
2 8 30 66 44 5 2 6 
2 3 27 76 64 7 1 6 
3 3 33 31 60 5 4 1 
5 7 49 27 65 9 0 5 
8 8 60 25 11 9 0 6 
2 3 44 76 115 1 5 2 
8 1 37 89 5 4 0 5 
1 1 12 51 39 3 6 8 
3 4 42 56 38 1 7 5 
7 9 39 41 56 7 6 6 
4 3 0 51 63 4 0 2 
0 5 53 30 33 3 9 9 
5 1 0 76 43 7 9 7 
9 7 49 61 54 4 5 9 
9 3 0 48 32 5 3 5 
0 9 75 62 46 1 0 8 
4 6 34 48 28 4 2 8 
1 3 47 79 57 7 5 4 
9 1 55 49 54 9 2 4 
5 8 6 80 47 0 2 9 
4 9 65 49 93 8 8 4 
7 6 72 77 86 2 5 7 
3 5 25 22 62 6 5 0 
3 9 57 87 20 5 8 3 
0 8 10 44 41 5 7 8 
2 0 25 69 87 7 5 5 
1 9 46 39 67 9 7 2 
5 2 40 76 47 9 4 5 
0 5 27 22 34 0 0 1 
1 5 5 53 53 6 9 7 
0 3 57 70 37 6 5 5 
9 9 42 56 23 2 1 3 
5 9 16 34 56 4 9 9 
0 7 46 43 40 2 8 5 
5 0 13 22 90 3 5 3 
8 0 28 76 57 5 5 7 
3 8 3 58 34 1 3 8 
5 4 13 33 66 5 8 3 
3 1 59 23 26 5 3 8 
8 1 12 0 44 3 4 6 
3 5 40 60 54 0 4 1 
6 5 23 83 62 0 5 3 
3 3 29 64 35 4 5 6 
7 5 47 32 75 9 3 6 
2 7 53 92 54 1 4 2 
2 5 36 24 53 5 5 7 
5 3 27 90 37 3 9 2 
0 5 51 109 6 4 2 9 
2 2 25 50 83 4 5 4 
5 2 30 61 108 5 6 1 
7 4 34 47 65 5 3 7 
0 8 8 86 49 4 2 2 
4 9 6 49 29 1 2 4 
6 6 1 50 35 6 6 8 
9 5 58 79 44 6 6 5 
7 9 0 14 44 2 3 0 
7 3 31 60 64 9 3 3 
5 1 26 39 53 1 6 9 
2 8 4 52 67 0 3 8 
9 9 7 67 63 0 8 4 
8 3 41 71 30 4 1 3 
0 5 7 68 53 6 6 1 
2 4 18 60 59 7 9 5 
5 3 50 72 75 6 1 6 
6 3 41 67 29 6 3 3 
5 9 37 20 67 0 2 3 
3 3 13 67 94 3 9 6 
3 1 37 53 38 9 7 4 
5 2 44 40 27 4 6 9 
6 3 14 46 21 1 0 6 
3 6 25 36 61 6 3 6 
9 4 0 38 52 4 5 3 
1 2 55 61 76 8 7 2 
4 2 64 69 80 8 8 4 
4 0 35 59 41 7 3 4 
9 7 32 61 42 5 4 7 
5 4 32 61 38 1 7 1 
6 5 11 42 20 0 1 4 
0 8 18 17 55 6 7 4 
8 2 44 7 44 1 8 0 
6 0 35 90 46 4 0 0 
2 9 14 31 33 1 6 3 
6 5 10 28 27 9 1 6 
1 8 49 42 30 5 9 8 
3 4 65 62 51 5 4 0 
5 8 25 66 60 3 2 6 
2 7 18 47 69 4 3 8 
8 1 51 48 34 8 3 7 
6 3 36 58 46 6 8 3 
1 0 41 27 29 1 8 7 
0 7 54 71 44 3 7 9 
2 9 71 46 60 9 0 4 
0 3 40 15 44 4 3 8 
7 9 27 42 34 5 6 8 
6 4 34 58 37 1 8 1 
5 8 68 21 25 7 7 7 
3 1 17 72 46 9 7 6 
0 3 10 77 39 4 5 2 
8 8 30 82 48 8 5 1 
2 4 34 47 36 7 9 1 
8 6 67 45 79 7 6 3 
3 7 25 34 51 5 9 9 
2 8 18 48 24 9 4 3 
3 8 30 44 52 0 9 4 
3 1 42 48 79 4 3 0 
5 0 35 50 75 0 3 5 
6 3 42 59 77 7 0 1 
7 1 37 18 49 8 0 2 
3 1 23 74 51 6 8 6 
9 6 32 18 19 0 6 0 
2 4 4 62 58 9 3 2 
0 4 17 42 51 2 1 2 
3 1 36 41 18 8 7 8 
5 4 18 48 56 5 3 2 
2 4 0 47 24 7 0 1 
3 5 21 66 22 8 7 0 
9 0 56 81 43 4 5 0 
9 1 25 69 57 4 7 9 
2 2 0 76 58 4 4 9 
2 4 47 41 59 8 4 3 
4 2 10 42 21 6 3 3 
4 0 60 53 52 4 9 3 
6 7 38 49 83 6 9 2 
2 3 23 31 48 1 3 7 
1 0 35 47 52 0 0 9 
7 9 25 27 63 6 1 1 
4 8 30 51 70 7 2 0 
2 7 30 69 27 0 0 9 
0 5 18 39 0 8 2 1 
5 7 0 27 31 5 6 8 
3 6 34 80 31 9 2 6 
1 8 34 34 46 8 7 0 
9 8 42 56 29 4 1 1 
5 8 31 56 30 7 2 5 
5 8 9 60 44 4 1 9 
8 7 6 20 47 2 7 8 
3 9 41 27 55 6 6 0 
2 3 29 15 47 5 2 6 
6 3 23 51 61 2 5 7 
7 5 28 18 50 9 3 9 
2 9 19 26 17 7 2 9 
5 9 37 36 0 4 0 2 
6 1 41 63 52 7 0 5 
3 7 63 12 44 0 0 9 
9 5 0 34 51 1 0 4 
0 0 64 80 45 5 7 7 
7 0 63 53 15 0 6 7 
4 6 2 80 14 0 3 0 
4 0 14 52 49 2 9 7 
7 1 48 54 54 4 0 2 
2 3 41 33 72 0 0 4 
7 8 25 55 19 2 1 9 
3 9 48 46 53 0 4 9 
2 5 45 27 42 8 5 2 
6 1 45 25 48 7 0 7 
3 4 21 15 72 5 7 4 
3 3 39 24 65 1 3 9 
6 4 56 44 68 0 0 2 
0 9 1 22 56 3 8 9 
5 6 17 56 43 0 0 6 
0 7 92 48 0 8 6 5 
4 1 8 26 16 8 7 1 
2 2 50 60 56 9 5 1 
2 7 23 46 55 8 5 0 
6 6 26 69 39 7 8 5 
6 1 13 49 3 7 4 5 
1 9 40 40 71 7 7 8 
1 5 35 46 51 0 6 6 
2 3 17 65 55 2 3 8 
0 2 13 72 61 2 8 9 
6 3 51 56 41 9 3 4 
3 2 25 40 80 8 5 5 
9 0 15 43 43 6 2 6 
7 6 28 49 78 7 8 8 
1 7 47 32 76 2 8 1 
5 5 10 109 51 9 5 6 
8 2 55 49 107 1 6 3 
2 7 0 57 6 4 8 4 
0 7 43 59 54 6 8 6 
7 2 38 31 56 2 6 3 
1 7 8 46 56 7 2 7 
6 9 19 49 40 1 5 3 
4 5 31 66 51 6 3 0 
8 6 29 55 67 8 2 2 
4 5 66 60 38 6 4 8 
3 0 38 70 81 5 7 7 
2 0 7 40 68 1 7 4 
0 0 17 81 58 2 9 3 
6 2 22 34 93 5 7 8 
5 2 59 41 22 1 3 9 
6 7 32 4 106 2 1 8 
3 6 63 56 37 6 0 9 
2 5 69 36 41 1 9 4 
7 0 9 67 48 5 3 4 
3 9 0 17 76 2 2 0 
7 1 25 32 52 3 5 8 
3 6 25 21 66 2 1 5 
4 5 37 1 78 0 4 1 
8 3 64 62 57 1 6 0 
6 7 10 33 34 6 7 6 
9 4 9 27 94 6 3 6 
6 0 27 28 23 6 9 2 
7 5 44 86 66 2 5 6 
8 4 22 49 35 1 0 3 
8 2 41 75 88 2 8 5 
8 1 13 24 69 1 3 5 
6 7 47 47 45 8 6 7 
5 0 25 61 69 3 0 2 
0 6 52 34 12 0 6 1 
6 3 26 32 59 4 6 2 
1 9 38 38 58 2 0 2 
8 1 42 65 53 3 8 4 
8 3 11 59 61 0 6 3 
4 4 8 73 51 6 1 8 
7 6 5 28 93 3 8 8 
0 1 25 27 80 1 8 5 
2 4 28 38 29 4 4 5 
8 8 49 36 41 9 4 2 
3 6 38 35 35 1 3 7 
1 3 40 50 22 8 7 7 
9 8 55 39 22 2 3 4 
3 6 41 72 39 4 3 9 
0 1 2 56 55 3 1 1 
2 4 41 33 75 0 0 9 
3 8 3 40 57 8 4 0 
4 4 13 65 34 4 8 6 
7 0 7 58 39 7 5 5 
6 7 36 44 71 9 5 3 
4 5 34 76 77 7 1 8 
2 2 0 36 42 5 8 0 
9 0 42 61 93 9 9 6 
9 6 14 73 54 0 0 3 
3 4 26 56 66 9 8 6 
7 4 5 0 25 9 5 8 
8 0 31 10 62 9 4 0 
3 6 26 56 43 9 7 5 
7 3 13 33 82 2 5 9 
4 2 48 16 72 7 7 5 
0 1 49 44 56 5 4 3 
5 4 67 55 84 2 0 7 
5 8 45 57 59 6 4 9 
2 5 29 40 56 1 1 1 
8 1 40 74 27 2 0 6 
0 4 40 58 54 8 5 5 
1 7 1 56 57 6 3 0 
3 5 57 17 70 2 0 8 
9 4 54 55 12 8 6 2 
7 3 24 57 26 8 3 3 
5 1 2 36 57 5 6 6 
2 0 0 37 78 2 2 3 
7 4 16 67 47 1 8 9 
7 1 0 43 47 6 4 1 
9 0 19 13 27 8 5 1 
0 6 51 43 44 8 0 5 
9 3 46 42 31 7 2 0 
4 8 0 28 76 3 9 0 
6 5 71 29 39 6 7 8 
9 9 4 81 73 4 1 5 
2 8 0 68 14 3 8 6 
7 7 33 85 21 8 1 6 
5 3 61 64 34 3 3 9 
1 1 5 29 41 2 4 6 
5 6 42 61 42 9 7 6 
1 8 7 62 51 0 5 0 
3 0 5 85 60 0 4 8 
1 6 12 58 37 6 0 8 
5 0 11 53 32 3 8 1 
3 5 0 50 45 0 5 3 
5 4 31 53 53 0 8 4 
4 2 30 67 21 9 0 4 
2 7 45 3 68 3 8 8 
6 7 18 83 24 8 4 8 
9 1 48 43 46 8 4 5 
4 9 41 34 33 2 5 7 
4 0 0 56 65 4 2 7 
2 3 22 27 47 6 4 8 
3 1 69 77 47 1 7 5 
5 3 36 21 88 8 8 5 
7 1 34 1 37 4 6 9 
3 7 0 81 36 3 5 4 
3 4 76 23 52 2 0 4 
3 0 42 60 65 6 9 2 
4 2 38 36 48 4 0 2 
3 8 15 54 9 1 7 3 
2 3 37 33 57 8 5 9 
3 8 16 22 47 1 7 9 
3 1 33 78 83 9 2 7 
7 8 20 46 40 8 5 6 
8 4 0 66 73 6 3 4 
9 7 24 47 44 5 6 4 
8 4 61 49 29 2 3 4 
3 1 8 65 38 8 9 3 
6 1 27 79 22 0 5 4 
0 8 17 48 36 2 6 3 
1 3 20 37 25 9 2 2 
5 5 11 26 76 8 2 2 
3 0 10 27 38 3 1 8 
7 1 0 60 0 7 9 7 
1 9 41 98 55 1 6 8 
6 5 1 16 50 4 7 1 
4 3 21 55 53 2 3 1 
3 0 49 42 27 9 6 4 
9 1 36 60 42 1 9 6 
5 6 45 33 78 8 7 5 
8 2 45 16 71 1 5 1 
0 3 16 79 65 3 2 2 
7 6 70 36 85 0 8 0 
4 3 33 73 14 6 4 8 
3 7 32 58 12 4 0 5 
7 0 24 38 40 8 3 6 
1 8 18 50 9 2 6 9 
7 4 16 38 38 7 8 9 
5 0 17 52 66 5 1 3 
4 5 55 63 25 6 1 9 
2 6 22 74 49 5 5 5 
3 0 46 64 63 0 4 3 
9 2 21 30 44 6 3 9 
2 4 16 52 57 8 8 2 
1 8 68 32 5 6 3 2 
8 6 42 61 68 3 6 8 
0 5 28 50 60 7 8 6 
0 3 70 15 68 4 5 4 
0 7 57 12 29 9 0 9 
0 4 5 79 83 5 0 6 
6 8 19 47 58 9 2 5 
4 6 42 57 68 2 5 0 
5 9 56 62 77 2 8 6 
1 1 31 33 39 0 8 2 
2 4 12 50 34 2 9 7 
3 4 59 41 64 5 0 6 
2 5 15 45 45 1 3 4 
4 1 22 75 71 5 0 9 
8 6 46 68 55 8 1 7 
9 8 32 59 45 1 0 3 
6 2 34 53 66 6 2 8 
2 3 27 74 43 1 2 1 
0 9 52 77 58 3 9 0 
6 3 40 58 40 8 1 7 
0 6 0 66 58 2 9 9 
6 4 26 48 68 3 7 5 
5 7 34 58 23 1 4 8 
9 3 21 75 36 1 8 1 
4 8 27 82 15 4 2 3 
3 1 16 39 25 0 6 1 
0 7 0 64 66 7 7 9 
7 2 10 62 43 1 1 4 
5 5 20 100 58 6 0 9 
0 9 21 33 72 9 4 9 
8 4 7 43 22 0 6 7 
9 9 20 17 18 5 3 3 
5 6 12 82 66 4 2 4 
7 6 2 44 48 5 7 6 
4 4 0 36 42 7 0 0 
2 8 64 57 21 4 6 0 
9 2 70 82 32 9 1 2 
4 3 22 35 76 3 5 0 
3 9 48 56 39 9 8 8 
4 9 12 31 48 3 8 2 
6 5 48 61 0 8 8 6 
3 9 25 91 43 3 9 9 
3 5 47 33 50 2 1 8 
2 4 60 80 78 3 0 0 
4 3 0 60 58 6 4 6 
0 1 30 42 51 2 3 8 
0 5 53 52 46 0 2 0 
0 8 50 25 42 2 7 1 
2 7 39 28 38 3 0 1 
5 9 0 42 45 9 7 4 
1 0 35 70 38 5 3 9 
6 7 47 41 39 9 5 6 
1 5 39 31 63 7 0 3 
4 7 22 32 49 2 3 0 
0 4 0 55 54 8 9 6 
4 6 54 85 32 5 7 0 
0 8 32 28 30 7 0 9 
7 0 52 42 38 0 1 5 
3 0 29 43 33 8 5 7 
1 5 42 43 75 7 8 6 
9 6 0 70 8 8 5 5 
1 4 19 85 39 9 4 6 
5 1 27 61 34 5 4 1 
8 2 40 40 48 4 1 2 
9 4 31 40 69 7 2 3 
5 2 29 26 35 3 8 7 
8 1 0 80 43 6 7 3 
7 6 12 37 72 1 5 5 
7 7 16 61 16 9 0 4 
5 2 61 63 58 4 3 7 
9 7 51 62 71 7 1 4 
0 5 1 25 57 8 0 1 
2 2 30 63 54 0 9 2 
6 0 13 65 40 8 7 3 
1 8 0 36 48 5 2 1 
6 1 33 28 73 4 8 6 
4 3 40 33 21 6 6 0 
9 0 25 43 78 8 9 5 
0 9 50 30 41 7 2 0 
7 7 71 64 41 0 6 2 
7 3 28 53 61 2 3 6 
6 7 62 72 30 8 6 4 
9 6 32 54 35 3 0 8 
7 4 38 21 58 2 6 0 
5 8 27 35 31 9 9 4 
2 0 13 34 54 5 9 0 
0 9 7 59 57 3 2 0 
2 7 18 111 4 0 2 9 
2 4 33 58 45 7 6 6 
1 0 46 58 12 7 6 7 
7 6 34 38 25 4 3 7 
0 3 48 21 20 2 1 7 
6 4 17 65 28 0 3 3 
7 8 17 64 30 0 2 3 
3 7 46 43 28 5 3 0 
4 8 26 44 44 1 9 3 
7 0 22 50 57 0 1 2 
7 1 85 60 52 9 7 1 
0 4 22 64 41 3 2 2 
0 4 54 49 77 7 7 2 
3 6 37 27 39 2 4 1 
5 8 55 51 40 6 1 6 
7 8 41 38 51 1 6 0 
5 5 65 71 44 3 1 1 
0 5 36 47 42 6 4 0 
8 4 20 49 25 9 5 4 
2 8 37 77 66 5 6 3 
4 0 31 38 70 0 3 6 
6 4 44 35 64 8 2 6 
3 1 5 31 84 9 8 0 
5 5 7 24 56 2 6 6 
2 1 13 59 30 6 1 0 
3 2 54 59 61 8 8 0 
9 9 21 44 41 9 3 9 
5 2 31 49 30 4 0 4 
3 3 50 64 36 2 8 9 
0 4 23 65 45 6 3 7 
4 7 38 31 41 4 9 9 
6 5 38 44 30 7 0 3 
4 0 38 83 96 0 0 6 
5 8 19 20 92 1 9 9 
8 7 70 45 30 9 6 7 
8 5 23 82 23 4 2 5 
0 0 35 60 51 6 6 2 
9 0 43 0 37 3 5 6 
3 4 4 35 79 6 0 4 
6 1 53 72 45 3 2 7 
5 0 41 73 66 8 5 3 
8 5 40 48 16 3 4 4 
2 4 37 68 28 9 1 3 
2 1 8 65 21 6 1 5 
8 8 31 49 74 0 6 1 
2 0 41 48 75 5 5 9 
0 5 36 45 44 7 2 9 
5 3 42 93 20 4 5 8 
0 1 1 66 76 9 8 5 
1 7 47 83 69 4 8 1 
0 6 41 29 39 5 2 9 
7 2 35 23 0 4 1 9 
6 4 8 35 31 6 9 2 
0 8 13 16 75 2 2 7 
9 8 45 27 40 7 9 6 
4 4 44 54 32 2 7 3 
2 7 58 39 30 8 2 5 
7 5 18 70 42 4 4 5 
2 6 14 65 32 2 4 1 
7 1 28 16 31 1 9 1 
2 6 15 48 98 7 2 3 
7 1 49 15 56 5 6 8 
2 9 15 79 43 6 9 3 
5 7 60 61 35 9 4 0 
3 9 15 55 37 2 3 6 
1 4 28 66 11 0 3 8 
5 3 78 31 35 0 6 6 
7 2 12 38 46 1 4 4 
1 2 56 38 62 0 8 0 
7 4 28 65 23 8 9 0 
1 3 19 54 59 9 7 3 
7 0 55 68 22 0 9 0 
8 7 8 56 48 9 1 8 
7 5 36 43 68 7 3 3 
8 9 31 25 31 9 6 4 
6 3 33 50 43 8 4 8 
8 8 51 36 14 6 3 9 
7 5 40 69 55 4 8 6 
0 9 75 22 50 0 6 4 
9 5 33 58 30 2 8 1 
9 3 36 48 82 3 3 7 
0 1 10 38 36 4 7 1 
4 3 49 51 52 1 3 1 
3 4 30 36 69 1 8 0 
0 8 22 49 58 4 5 6 
5 1 26 42 38 8 5 5 
0 2 17 93 29 3 9 0 
4 3 52 53 32 2 2 3 
4 8 53 80 12 2 5 1 
5 0 16 45 85 9 8 4 
7 4 44 65 0 3 0 7 
3 4 12 49 80 2 1 3 
8 6 0 53 54 0 2 9 
0 5 9 59 33 0 7 5 
3 6 0 63 52 3 2 6 
8 6 7 64 71 1 0 7 
3 6 0 54 56 7 6 9 
9 1 16 73 48 7 3 5 
7 1 49 49 23 3 5 9 
6 3 32 45 47 4 1 3 
9 4 44 103 55 0 2 6 
1 1 10 21 61 1 1 8 
1 9 9 29 23 8 5 3 
2 7 12 67 32 6 7 1 
2 9 0 57 69 6 4 2 
3 8 58 44 12 9 3 3 
3 5 26 50 37 9 2 8 
1 3 38 64 43 8 5 8 
0 9 43 48 59 6 6 8 
3 8 10 72 96 8 3 2 
2 1 1 65 16 8 0 3 
8 7 33 27 37 9 7 0 
6 3 12 78 72 2 1 8 
0 3 10 51 54 0 0 6 
2 9 21 3 12 3 2 2 
6 9 37 23 51 8 8 9 
5 7 22 39 52 6 3 5 
6 5 20 43 79 9 5 3 
5 4 60 74 59 9 8 6 
9 6 48 79 59 9 4 6 
7 6 46 38 31 3 3 0 
5 9 25 16 54 0 6 5 
6 5 46 52 91 3 5 1 
8 4 0 60 51 6 1 4 
1 8 16 40 7 5 8 8 
2 2 48 23 44 6 3 6 
8 5 12 0 21 2 8 6 
6 6 43 80 48 6 7 9 
2 9 26 24 28 2 8 9 
5 3 26 40 38 8 8 0 
5 6 7 78 37 5 6 6 
7 0 44 75 35 2 8 6 
2 7 10 35 48 3 6 1 
5 3 26 36 47 7 3 1 
5 4 9 85 67 5 2 2 
5 7 50 41 31 7 4 2 
9 9 24 30 49 7 8 1 
5 7 41 9 53 2 9 4 
9 3 17 21 54 8 4 6 
7 3 0 59 74 5 7 2 
6 9 34 54 63 1 7 2 
6 2 21 8 29 3 3 3 
0 5 48 42 29 1 8 7 
9 9 1 13 52 8 5 6 
7 5 29 39 58 3 4 2 
0 6 58 0 16 6 3 0 
8 7 14 96 51 6 4 5 
1 7 63 73 63 8 1 5 
4 5 24 37 40 3 0 7 
0 7 53 51 55 3 9 3 
7 7 37 62 32 2 2 6 
3 2 23 48 40 7 0 3 
7 2 39 49 45 5 2 6 
2 2 37 41 64 5 8 8 
0 5 46 48 30 4 7 6 
5 9 15 75 82 0 6 2 
6 9 0 55 53 1 4 2 
3 9 4 25 53 1 4 3 
4 8 0 53 97 7 8 1 
5 2 26 75 77 3 6 6 
9 7 43 77 36 0 2 0 
2 3 39 83 73 2 9 7 
6 9 14 49 50 8 4 6 
0 3 56 78 90 8 1 5 
1 0 32 7 42 5 8 1 
7 8 63 13 40 2 0 3 
2 2 19 41 67 9 3 6 
2 4 0 51 15 5 9 5 
3 3 27 8 72 0 0 3 
9 0 3 103 77 0 5 2 
6 0 19 55 25 8 1 2 
5 4 32 54 48 7 6 7 
3 8 34 30 31 7 3 9 
7 6 15 34 71 3 5 1 
1 5 14 48 1 4 9 8 
0 4 49 33 51 8 0 7 
1 5 43 77 46 8 2 2 
1 4 33 54 36 6 8 2 
4 1 32 44 78 0 7 2 
2 6 36 46 33 9 8 8 
3 8 0 69 64 0 2 2 
4 9 52 50 50 4 8 7 
8 1 32 58 50 5 3 3 
0 3 22 75 33 5 0 3 
3 2 29 16 72 6 4 1 
0 7 21 66 31 0 3 9 
7 6 34 71 45 2 9 1 
1 7 32 14 6 4 6 8 
8 0 19 49 60 4 3 2 
8 0 47 70 36 9 4 8 
5 0 33 69 50 0 0 7 
3 1 0 22 42 2 7 1 
1 9 17 40 56 8 4 1 
8 6 27 47 58 9 5 1 
4 7 0 27 35 3 5 9 
9 3 12 29 50 9 9 2 
0 5 4 71 28 9 3 4 
0 8 0 52 34 2 9 9 
2 5 27 20 56 3 9 8 
0 8 45 5 72 4 9 3 
0 9 20 22 38 4 8 3 
8 2 48 35 57 9 1 7 
7 4 53 42 62 1 4 0 
9 1 34 51 30 9 6 1 
8 8 51 43 75 0 7 7 
7 5 40 80 34 3 6 1 
5 1 25 79 42 2 2 8 
5 5 0 7 20 9 4 4 
1 3 70 50 42 5 3 4 
0 0 33 52 49 4 5 5 
5 5 13 19 16 6 6 2 
1 7 34 34 9 1 7 3 
5 0 58 62 18 1 0 0 
7 0 16 52 70 7 6 9 
2 3 44 34 41 7 5 2 
3 5 38 70 62 6 2 9 
0 2 34 45 67 0 0 5 
9 6 10 19 71 1 7 8 
0 9 49 49 83 9 3 2 
0 0 0 44 90 7 2 8 
3 6 20 23 55 9 7 3 
7 1 18 78 29 0 7 9 
9 9 62 30 48 9 1 7 
2 5 23 56 14 6 2 6 
0 0 37 65 76 1 0 9 
4 7 47 42 25 0 2 6 
9 8 5 30 31 4 0 8 
8 3 32 77 19 5 5 7 
0 2 9 100 58 4 5 0 
3 1 33 64 24 5 0 6 
2 4 43 73 43 7 1 1 
6 3 15 74 35 7 8 2 
8 0 2 10 57 6 4 6 
5 4 38 39 30 5 4 4 
8 0 30 59 31 3 9 3 
9 7 29 34 48 2 4 4 
3 2 2 61 73 6 9 6 
5 3 43 35 56 4 9 8 
8 0 54 99 36 9 0 1 
9 9 39 44 78 8 4 5 
2 3 20 41 87 4 7 7 
7 5 75 54 37 1 9 1 
5 8 48 45 25 6 1 3 
7 8 59 60 23 5 2 3 
8 1 3 50 44 0 0 9 
8 8 45 53 0 7 4 9 
3 8 55 32 17 0 3 3 
5 8 89 11 76 0 9 2 
4 1 15 18 61 2 8 1 
0 9 21 57 61 5 8 9 
3 1 53 56 63 0 9 4 
2 9 36 62 87 9 1 2 
9 9 40 71 56 4 5 6 
3 6 36 37 72 4 3 5 
0 7 34 70 24 1 6 2 
2 0 10 63 57 9 1 3 
4 2 22 19 30 5 9 5 
5 7 28 28 45 5 3 9 
1 0 0 25 41 0 7 4 
7 0 26 86 95 7 3 1 
1 2 0 82 75 8 8 4 
3 0 28 51 78 3 6 9 
0 4 8 57 29 9 0 9 
7 4 30 57 44 0 0 5 
7 4 68 51 41 3 8 5 
9 1 45 50 59 9 8 5 
6 7 0 58 62 8 9 6 
1 8 30 53 0 1 7 2 
1 3 6 56 55 6 3 9 
0 8 24 60 53 3 5 3 
1 9 38 39 50 5 6 7 
0 2 12 25 45 5 4 2 
4 1 2 66 33 0 1 1 
1 8 28 16 12 6 4 8 
5 6 43 39 53 4 8 9 
4 7 36 39 18 6 6 7 
2 1 19 71 51 2 8 6 
3 6 58 78 76 4 8 5 
3 0 36 49 38 8 5 1 
0 1 41 73 40 6 3 7 
9 2 12 67 9 8 8 9 
7 8 2 89 64 4 9 0 
7 0 23 49 40 8 3 6 
7 6 53 42 49 8 1 1 
2 0 36 87 61 4 5 7 
5 8 47 36 39 6 2 4 
8 3 0 28 76 2 3 8 
6 9 43 27 36 8 1 7 
2 8 59 54 47 1 3 2 
4 2 13 31 71 0 7 9 
7 8 0 80 20 2 2 3 
8 2 26 69 109 8 2 0 
7 8 41 92 63 3 8 2 
7 1 21 55 57 6 1 8 
5 3 35 32 68 3 8 0 
2 7 25 50 29 3 4 5 
0 7 49 48 8 7 6 8 
9 3 50 50 58 0 9 4 
4 6 11 56 59 9 5 6 
7 3 10 60 27 3 7 5 
4 7 31 50 71 5 0 6 
8 9 0 21 20 9 1 2 
7 6 35 47 58 2 5 0 
1 1 47 55 20 0 3 3 
9 9 50 91 62 5 1 1 
3 4 19 36 48 6 8 9 
4 0 59 59 73 8 7 9 
6 5 56 66 31 7 6 7 
9 1 26 62 36 8 2 2 
1 5 26 48 29 0 2 9 
2 1 35 44 46 0 7 4 
7 5 15 46 15 6 0 6 
8 6 0 18 69 6 0 2 
2 2 26 85 63 0 5 5 
1 3 23 71 63 1 4 2 
2 0 76 30 32 2 9 5 
3 3 55 87 60 3 5 0 
5 6 20 63 61 6 3 4 
8 4 53 65 23 2 7 3 
7 5 44 50 34 1 9 6 
6 8 54 70 74 3 3 9 
1 8 34 40 18 2 5 5 
4 4 79 60 31 8 4 2 
1 1 35 39 16 7 4 1 
7 9 27 33 81 3 5 7 
7 0 13 50 66 3 6 4 
7 7 40 80 43 8 7 3 
7 0 35 48 76 9 9 3 
0 5 37 40 63 2 0 7 
3 5 38 46 35 0 8 5 
3 3 33 38 59 4 2 2 
2 1 29 8 40 1 1 1 
0 7 38 65 89 0 4 7 
6 1 20 30 33 7 0 8 
5 5 8 51 45 9 3 7 
3 6 48 53 38 4 8 6 
8 9 28 47 37 7 1 4 
9 9 41 28 60 2 1 9 
6 3 36 29 63 0 8 7 
9 7 36 35 49 7 9 2 
9 5 55 74 65 4 3 4 
6 3 12 47 77 7 3 2 
6 5 15 62 37 0 0 6 
6 4 34 9 94 4 5 3 
4 1 50 63 79 1 0 7 
0 0 38 36 66 4 6 0 
2 9 0 82 86 0 9 6 
0 4 0 31 53 6 8 2 
0 9 0 40 34 2 8 7 
6 9 23 55 13 7 2 7 
3 5 12 26 57 0 3 3 
4 3 0 39 21 3 1 4 
9 7 18 41 79 4 9 6 
0 3 8 51 63 7 8 1 
6 8 42 18 80 2 0 0 
5 1 41 66 56 3 7 2 
4 9 11 39 78 1 6 0 
7 6 9 70 47 7 5 9 
3 0 58 33 78 0 9 9 
8 8 36 32 68 6 6 5 
3 5 0 40 51 6 5 2 
6 0 32 53 51 5 2 6 
6 1 0 47 55 1 5 7 
0 2 34 36 39 2 8 2 
0 6 14 38 49 8 5 6 
4 6 53 69 72 4 7 6 
1 4 48 33 81 6 1 3 
6 3 49 40 73 4 5 3 
5 2 38 67 90 2 9 7 
3 7 51 28 78 5 9 1 
3 4 0 45 59 1 4 5 
0 5 0 37 45 6 0 8 
0 5 23 41 48 9 0 8 
5 5 49 36 88 1 3 9 
4 4 33 69 31 2 5 3 
3 7 29 16 71 4 5 7 
3 0 0 72 29 8 0 3 
5 1 23 48 72 3 2 7 
6 8 47 37 70 0 6 7 
5 3 5 63 51 2 5 8 
6 5 37 56 64 8 8 0 
5 1 30 70 17 3 3 5 
3 7 0 20 47 6 3 1 
5 6 57 76 44 9 3 9 
0 9 38 34 31 3 7 3 
1 5 18 65 63 7 4 5 
3 1 12 63 21 5 6 8 
6 3 21 30 58 7 7 2 
0 3 41 70 71 1 3 2 
0 6 31 27 93 5 5 4 
2 6 35 56 41 4 1 6 
7 5 74 25 50 2 2 4 
3 4 0 43 56 0 3 9 
8 6 35 34 37 0 2 9 
7 9 62 58 63 1 9 1 
2 0 35 13 36 9 9 0 
8 5 15 66 61 8 3 6 
6 6 22 54 43 4 0 0 
2 0 58 74 49 5 5 5 
3 9 23 40 64 0 9 5 
5 6 20 45 17 2 5 7 
3 8 62 25 54 6 8 2 
4 9 45 56 74 3 1 5 
2 9 41 44 32 2 2 2 
3 9 0 31 36 9 1 2 
6 5 66 36 58 5 4 3 
4 0 14 106 71 9 4 8 
7 8 41 25 40 2 3 4 
7 0 2 53 59 4 5 4 
7 9 17 69 37 0 1 3 
6 1 8 48 41 1 7 0 
2 9 6 55 63 1 6 9 
7 3 37 75 64 5 2 6 
1 5 0 22 46 5 5 7 
8 3 74 67 84 0 5 3 
8 3 48 56 88 8 2 4 
5 7 39 33 55 6 6 0 
7 4 1 52 70 8 5 2 
0 9 6 45 33 0 1 2 
1 8 29 44 25 8 5 1 
2 0 26 55 75 9 5 4 
0 5 61 36 25 9 5 2 
2 5 51 54 40 8 7 1 
5 1 47 37 24 1 6 5 
7 7 16 70 49 7 9 5 
0 8 0 42 98 9 3 9 
1 8 11 55 36 8 3 8 
4 3 42 69 65 2 2 4 
9 1 52 75 46 5 6 2 
3 7 54 32 47 0 3 1 
5 8 4 22 84 3 1 9 
0 7 14 75 74 9 2 8 
8 8 39 65 53 3 2 9 
2 9 25 77 37 6 7 2 
4 4 37 60 26 9 5 8 
1 3 55 49 33 4 5 4 
6 9 63 54 62 3 1 8 
2 7 63 63 63 4 9 0 
1 8 17 57 47 8 0 0 
2 7 17 31 53 7 6 1 
1 9 22 7 21 2 7 6 
7 7 28 55 26 8 1 2 
4 6 52 23 0 1 9 7 
8 6 2 19 54 9 3 3 
7 5 23 55 35 2 1 4 
4 1 15 85 102 2 3 0 
2 0 35 49 54 5 0 8 
9 1 49 36 59 9 1 9 
7 4 32 68 5 6 3 1 
8 4 55 67 50 0 0 2 
0 5 19 51 44 2 3 0 
7 4 53 37 86 4 4 4 
9 9 6 40 9 5 7 3 
4 1 62 62 42 0 4 5 
4 6 17 58 21 3 4 3 
6 0 46 19 30 3 6 6 
9 5 20 40 61 6 5 9 
6 1 50 57 48 8 5 9 
6 4 46 64 22 0 1 8 
6 4 1 61 50 6 0 4 
1 4 24 77 29 8 4 2 
1 9 46 32 38 8 1 9 
6 2 41 46 51 9 5 3 
4 3 17 86 42 1 7 4 
6 8 46 53 61 9 1 6 
4 1 7 46 27 3 4 0 
0 7 17 48 57 2 2 2 
9 1 1 50 62 0 5 1 
4 2 52 47 37 9 9 5 
2 3 0 53 27 8 4 7 
6 8 42 42 45 3 1 2 
4 8 38 58 79 5 1 5 
6 6 46 23 39 1 4 8 
6 6 27 9 39 8 6 7 
5 2 58 49 36 4 0 5 
8 2 44 28 26 9 1 9 
5 7 36 43 82 4 6 6 
7 4 42 61 56 8 6 4 
1 0 28 83 44 2 6 9 
5 9 51 39 41 1 7 3 
8 9 23 30 49 1 1 8 
7 9 31 57 86 7 0 2 
2 2 21 75 45 2 6 9 
2 5 29 63 50 3 2 5 
4 7 50 74 55 9 4 2 
5 2 39 73 63 3 7 2 
7 1 24 43 28 6 9 2 
0 6 25 49 58 2 7 8 
6 7 29 45 41 2 1 1 
6 6 43 14 24 4 8 0 
1 5 13 23 12 0 5 8 
1 4 21 20 84 7 6 9 
3 9 35 28 72 1 6 3 
2 3 21 28 57 5 1 7 
0 8 46 40 49 5 2 4 
8 8 58 70 57 4 8 4 
4 4 43 63 39 9 4 3 
0 5 43 42 49 5 8 4 
8 5 63 76 46 5 9 8 
6 5 0 37 37 4 0 1 
0 7 84 70 35 8 2 8 
6 4 10 42 29 6 1 1 
2 8 38 73 52 2 1 9 
3 4 7 54 60 0 3 4 
7 8 0 35 47 6 7 5 
5 2 3 47 45 1 1 7 
6 7 8 64 25 9 2 8 
2 6 34 40 106 1 6 2 
0 3 10 73 77 5 7 2 
9 8 19 19 64 1 9 3 
8 4 9 96 33 4 6 3 
1 6 10 57 19 3 3 1 
9 0 52 57 25 5 2 0 
2 0 13 51 59 5 4 7 
5 3 8 53 82 8 0 3 
5 2 11 74 36 0 9 7 
8 7 16 90 57 7 6 2 
3 3 55 35 68 4 7 5 
0 2 48 42 56 0 4 1 
6 6 50 89 64 0 4 4 
7 6 46 69 58 7 2 4 
7 4 20 80 16 8 7 1 
5 0 10 69 19 8 3 1 
8 4 42 20 38 6 7 5 
5 4 24 65 25 6 1 6 
8 9 57 42 53 5 1 2 
2 1 22 64 51 3 8 3 
2 0 33 51 44 7 7 3 
9 2 21 19 14 6 1 8 
5 3 2 51 43 7 3 6 
8 5 13 47 39 7 4 4 
8 5 44 30 34 2 3 5 
1 0 64 53 21 0 1 7 
0 7 46 37 62 1 7 9 
0 4 0 42 29 8 6 8 
2 1 18 54 54 0 2 1 
0 9 32 37 59 5 5 8 
3 8 11 67 66 4 0 9 
0 9 11 49 101 3 0 7 
3 3 42 30 45 2 1 7 
0 5 35 51 36 2 2 8 
3 5 42 52 70 5 5 6 
4 9 54 76 63 6 1 6 
4 2 16 74 48 2 4 7 
9 9 32 34 95 7 6 4 
3 3 43 38 50 4 1 1 
0 7 25 47 40 3 7 9 
7 0 0 58 49 7 2 9 
8 3 25 0 17 7 1 0 
9 9 31 18 66 0 0 5 
7 0 29 67 45 7 1 6 
8 5 44 53 61 5 8 8 
4 9 0 26 53 1 7 0 
6 6 35 75 38 6 6 4 
9 3 23 17 37 5 4 9 
1 2 26 82 39 5 7 1 
0 1 35 37 59 1 3 7 
2 2 27 59 40 8 6 9 
6 7 32 32 39 7 5 2 
0 7 27 64 88 5 3 4 
2 1 13 44 37 3 7 4 
6 6 40 25 49 8 9 3 
1 4 26 53 55 7 3 2 
5 2 37 37 107 9 0 6 
4 5 16 60 57 4 1 3 
1 3 35 60 27 6 8 1 
2 2 37 27 54 2 7 4 
4 7 63 48 65 6 7 4 
7 5 95 44 53 5 8 0 
4 5 57 45 75 4 7 8 
2 8 6 62 33 6 6 0 
7 1 41 28 33 4 6 7 
7 7 17 52 28 7 3 2 
7 0 0 35 66 1 4 5 
7 1 65 95 63 2 2 6 
9 1 0 90 68 7 7 3 
4 0 15 10 35 1 4 3 
8 8 62 46 83 2 7 2 
4 5 17 47 42 3 1 8 
4 1 23 22 59 0 6 9 
3 1 51 57 25 4 1 8 
0 4 43 25 48 2 3 2 
9 1 29 65 35 8 8 7 
7 9 45 51 57 8 3 2 
8 5 34 36 27 0 4 6 
2 2 38 47 61 1 4 1 
2 8 78 52 0 8 3 8 
1 9 42 55 57 2 5 7 
1 8 34 85 25 9 3 7 
2 7 32 73 58 5 0 9 
9 2 0 68 19 6 3 9 
4 6 51 55 72 1 3 6 
2 9 48 39 44 2 9 4 
1 0 0 68 28 8 3 9 
4 5 22 24 60 9 3 6 
0 1 30 5 9 4 8 2 
6 1 19 36 24 6 1 6 
7 5 66 30 50 1 7 5 
2 0 26 69 50 0 5 4 
0 8 80 50 73 6 0 4 
1 2 64 79 48 6 3 7 
0 7 42 38 78 8 5 4 
0 2 21 50 26 5 1 5 
5 1 21 26 37 3 5 3 
4 4 2 73 49 5 6 8 
8 0 21 57 33 7 9 6 
0 7 8 20 61 7 5 9 
1 4 17 46 57 6 1 5 
5 1 58 69 81 5 8 1 
1 4 18 56 45 4 3 7 
5 8 67 49 67 3 9 7 
4 2 10 24 53 1 5 4 
4 7 28 51 48 1 4 6 
1 9 21 24 52 2 0 0 
2 2 30 50 42 8 6 7 
4 8 51 35 57 9 4 5 
8 8 70 62 22 8 1 3 
2 7 7 43 55 6 7 2 
6 0 29 87 36 0 5 5 
5 2 0 70 59 1 0 0 
3 0 25 63 55 3 8 0 
6 8 31 67 66 5 0 4 
1 9 14 40 47 6 0 5 
9 3 10 46 64 5 9 6 
1 2 0 74 84 0 5 5 
5 4 40 30 52 0 9 3 
4 3 27 56 79 5 7 0 
5 1 38 42 45 8 0 0 
9 1 27 84 64 7 0 7 
6 9 43 65 38 2 8 0 
8 9 2 31 82 9 3 9 
3 0 34 13 65 3 2 8 
1 0 31 0 12 7 8 8 
4 1 16 75 65 0 5 4 
7 1 13 64 61 6 9 2 
4 5 16 33 68 3 7 3 
6 7 55 71 69 4 7 4 
0 5 28 36 38 3 8 7 
2 1 34 45 32 1 1 5 
4 5 47 66 53 3 2 8 
6 2 18 17 46 2 8 0 
8 9 42 38 88 3 0 3 
3 7 38 32 82 3 9 9 
3 6 47 63 0 1 8 3 
8 3 3 35 82 4 3 3 
6 4 0 32 38 0 9 6 
7 8 27 75 22 8 7 5 
7 5 47 39 26 8 4 2 
9 5 43 1 33 5 1 6 
3 0 23 72 48 0 0 9 
1 4 46 44 59 4 6 8 
3 8 44 76 25 0 3 0 
4 9 17 44 26 1 7 2 
8 7 30 76 54 4 1 1 
6 6 45 0 41 6 9 6 
2 7 33 15 70 8 7 8 
2 1 47 56 35 0 6 3 
1 8 71 50 37 5 5 2 
4 6 33 54 58 3 6 5 
0 9 19 48 38 2 7 7 
0 9 17 55 41 4 5 3 
6 0 27 53 43 2 4 6 
0 6 20 29 78 7 6 4 
4 6 51 34 78 1 1 1 
3 8 23 53 57 1 4 4 
7 4 32 73 84 8 4 0 
2 2 0 57 20 4 1 6 
4 7 9 69 46 9 2 0 
8 2 57 17 67 9 2 6 
9 7 32 25 54 6 3 0 
6 9 50 19 38 7 8 2 
5 3 13 46 105 6 3 1 
9 5 58 20 68 5 9 1 
3 4 23 73 17 6 6 4 
0 1 37 69 40 9 6 6 
0 9 8 61 41 6 0 7 
1 8 32 34 25 3 1 2 
8 8 0 63 67 9 1 5 
8 2 50 75 51 9 1 4 
3 3 49 41 77 6 7 3 
5 8 42 39 42 7 0 1 
0 9 9 57 50 0 2 3 
7 8 28 31 21 7 9 0 
0 9 50 19 30 4 7 3 
6 5 67 31 70 9 0 6 
1 2 17 57 71 7 9 6 
8 2 56 53 0 7 8 4 
2 4 0 30 34 1 3 9 
6 4 57 56 47 0 8 7 
0 7 33 38 66 9 9 3 
1 2 7 21 56 6 9 9 
7 1 7 79 38 2 3 9 
5 0 53 29 50 7 4 9 
9 6 35 22 42 6 7 4 
9 7 0 83 17 8 6 7 
5 9 21 41 79 1 4 8 
7 2 19 30 47 5 1 5 
6 8 41 52 57 1 8 7 
7 3 15 53 33 8 9 5 
4 5 48 30 61 4 8 3 
1 6 39 34 59 3 5 3 
2 6 28 55 43 5 5 7 
8 6 29 52 40 7 3 2 
4 0 0 62 56 0 7 1 
5 7 17 73 64 1 2 5 
5 4 26 58 55 6 4 2 
1 8 1 71 41 8 6 8 
9 2 12 66 29 5 6 6 
6 4 22 99 47 2 9 8 
1 2 16 37 55 8 0 8 
4 7 38 38 53 7 1 5 
4 5 55 27 39 9 1 6 
1 4 19 52 67 2 8 5 
1 0 43 46 69 9 1 6 
4 0 37 57 80 1 7 3 
6 3 21 24 30 9 1 1 
4 1 54 74 47 1 8 1 
4 8 47 0 64 9 0 6 
8 3 86 55 47 7 7 0 
2 2 17 77 45 6 6 7 
4 2 67 17 20 4 9 9 
3 9 9 59 14 7 1 1 
1 8 69 66 28 3 5 4 
1 2 8 89 21 4 1 5 
8 1 38 59 45 6 1 0 
1 2 21 47 64 9 2 5 
8 9 10 76 65 5 7 7 
4 3 10 67 46 4 2 8 
6 9 24 58 44 6 8 5 
2 6 56 71 45 6 1 8 
9 2 22 32 63 9 4 5 
3 0 2 73 75 9 6 5 
7 6 24 76 16 7 7 5 
2 2 7 69 92 9 9 8 
6 7 11 46 30 2 3 4 
3 5 0 55 41 0 4 3 
4 3 37 51 69 1 1 6 
9 5 19 95 0 9 8 6 
7 2 42 40 71 2 8 2 
7 8 44 51 61 4 4 5 
5 0 47 30 55 1 8 0 
9 5 0 20 54 4 4 0 
3 3 8 35 34 3 5 6 
1 5 59 55 70 4 8 3 
4 9 41 36 53 4 9 9 
9 8 0 48 42 2 0 3 
0 8 7 33 18 0 7 6 
6 2 24 26 50 6 1 2 
7 0 0 10 45 8 0 6 
7 2 16 25 42 4 6 2 
8 6 50 53 47 0 1 5 
6 9 26 46 47 7 6 1 
4 6 17 90 78 5 9 6 
3 5 51 75 71 5 9 9 
7 5 10 36 58 4 3 1 
1 8 30 57 62 6 0 3 
6 4 36 49 62 7 0 2 
6 9 28 59 58 1 3 0 
1 8 23 51 51 3 1 8 
7 0 35 79 50 0 7 2 
6 2 0 49 45 5 6 7 
7 2 52 28 44 9 2 1 
0 0 38 77 14 9 5 1 
4 5 33 12 67 8 2 0 
5 6 27 82 44 2 4 9 
4 1 9 9 40 4 4 7 
2 1 37 2 35 0 1 3 
9 2 50 56 41 2 6 9 
2 0 16 43 28 5 2 1 
6 0 32 31 79 6 0 9 
5 6 62 48 64 8 5 8 
6 1 33 70 68 7 8 3 
6 3 33 22 34 8 3 2 
8 1 19 75 44 7 8 2 
9 9 72 70 52 5 6 1 
7 2 18 22 57 3 1 3 
7 9 34 53 72 4 7 2 
3 0 27 73 40 1 2 1 
0 9 50 84 38 9 5 5 
5 9 24 13 66 5 9 9 
4 4 12 0 55 0 6 3 
5 0 20 77 44 3 1 2 
8 8 20 66 44 8 1 7 
9 8 41 36 37 4 5 6 
1 5 7 41 34 7 5 3 
5 1 29 50 65 0 2 2 
0 6 30 53 34 0 2 3 
4 0 42 40 64 5 1 7 
3 5 8 54 81 4 7 9 
3 0 56 59 63 3 9 8 
9 1 90 26 48 4 5 3 
1 9 38 44 72 0 1 3 
7 0 16 81 46 3 3 9 
4 5 45 59 68 7 0 2 
2 4 2 64 30 8 4 8 
8 4 17 53 0 0 0 8 
7 1 21 50 53 4 7 6 
8 7 34 21 29 0 9 7 
1 3 11 50 31 4 9 3 
2 2 43 53 41 7 5 2 
8 5 26 65 30 5 9 2 
3 1 0 28 40 9 7 5 
5 7 14 68 42 3 0 3 
3 7 18 50 57 3 4 1 
9 7 21 18 33 7 5 0 
4 0 14 66 45 6 1 3 
5 0 0 36 58 0 8 3 
4 3 26 73 46 4 8 9 
4 3 60 56 71 6 5 4 
2 9 28 31 45 2 4 0 
7 2 20 69 32 6 7 2 
6 8 3 29 74 3 8 5 
8 3 29 24 36 0 2 1 
3 3 42 39 67 1 0 5 
4 0 30 36 46 3 1 0 
0 9 44 46 86 8 0 2 
2 9 17 73 44 2 6 3 
7 5 30 78 12 8 9 3 
2 8 32 49 43 0 8 9 
0 3 0 58 78 0 7 0 
5 3 11 45 53 5 8 1 
6 6 18 35 53 2 1 6 
3 6 14 21 69 4 1 1 
8 6 1 43 58 8 1 4 
6 2 37 47 24 2 5 9 
2 9 14 39 35 3 3 7 
7 1 29 40 40 0 6 0 
7 3 24 51 18 9 4 4 
0 9 39 67 49 9 4 9 
5 0 47 63 49 9 7 9 
7 6 5 60 0 9 8 7 
3 4 10 63 51 9 2 8 
0 2 10 30 50 1 6 0 
6 8 24 32 58 4 0 2 
6 6 7 69 40 2 8 4 
6 8 5 56 50 7 7 3 
8 8 24 35 24 6 8 7 
2 9 72 55 40 5 8 9 
1 7 25 72 36 6 0 8 
0 8 35 76 46 8 2 0 
3 0 30 54 53 5 2 7 
9 4 39 59 25 0 8 2 
7 2 39 64 48 1 1 1 
6 7 34 60 101 5 6 4 
4 4 71 45 66 2 3 4 
1 5 20 26 70 8 6 4 
3 5 30 15 32 9 0 1 
2 5 44 84 47 3 2 6 
9 1 4 54 39 4 6 9 
9 6 24 13 51 0 1 1 
8 0 33 41 64 0 8 8 
0 9 28 51 50 8 6 5 
4 1 23 42 52 0 7 3 
9 0 10 67 55 1 4 8 
8 1 24 46 36 1 8 8 
3 4 18 89 62 2 3 8 
6 5 17 38 62 5 2 3 
5 8 44 63 47 0 3 0 
0 2 41 73 81 6 0 9 
3 0 22 65 29 3 8 5 
3 4 0 88 38 1 6 5 
5 4 61 81 65 9 1 5 
1 9 36 39 48 5 2 5 
1 1 60 48 31 4 5 5 
1 4 13 66 8 6 0 5 
1 4 25 60 51 2 1 5 
2 7 34 48 70 5 3 1 
6 5 51 63 53 4 7 2 
2 0 46 45 54 1 5 9 
0 2 12 28 33 6 9 5 
3 5 0 36 43 2 5 2 
4 9 46 66 84 9 3 8 
4 9 44 64 18 6 3 1 
6 3 39 47 39 4 8 6 
8 8 4 12 56 7 2 9 
0 4 6 28 20 8 6 7 
5 5 56 109 40 2 4 8 
7 4 31 17 11 9 6 4 
6 7 42 66 44 2 1 5 
8 9 29 47 32 0 0 6 
3 3 37 2 45 2 9 3 
