8 4050
1 3 54 43 38 3 9 1 
4 2 18 48 62 0 4 1 
9 4 29 14 66 3 7 0 
0 7 30 61 40 3 6 9 
7 5 61 62 76 0 2 1 
6 9 26 43 52 6 9 1 
7 4 63 44 57 8 0 9 
4 1 40 9 47 9 3 3 
6 0 9 61 57 0 5 1 
0 1 58 51 52 9 1 2 
7 8 51 44 76 7 8 8 
5 5 60 58 51 2 5 2 
6 9 27 77 30 3 2 1 
6 7 0 52 27 0 9 0 
9 9 0 74 35 3 2 6 
7 8 3 20 32 8 9 5 
4 7 34 51 38 4 4 0 
0 4 49 18 55 5 5 6 
0 7 42 79 28 8 5 8 
8 7 71 12 29 6 6 0 
0 0 24 18 10 5 9 8 
1 1 62 71 45 0 8 5 
8 1 60 55 36 6 6 9 
6 9 38 55 16 5 8 4 
8 8 77 76 41 0 9 6 
6 6 41 25 51 3 3 5 
2 1 18 52 51 9 1 4 
3 6 95 47 42 5 6 6 
7 0 32 51 80 4 7 3 
1 0 41 21 52 8 2 3 
4 2 29 67 54 1 6 7 
4 8 57 83 45 2 6 5 
5 3 77 51 47 5 5 2 
9 6 25 37 60 0 0 9 
7 3 45 35 49 6 9 1 
4 4 15 67 31 2 9 0 
0 6 20 42 60 1 0 7 
8 1 39 70 46 4 0 7 
8 9 12 35 11 3 0 3 
8 0 30 55 34 3 1 7 
6 2 33 118 36 5 7 3 
5 4 7 44 60 0 7 0 
9 4 34 31 38 2 2 0 
9 0 9 15 36 6 8 0 
5 7 37 56 52 1 9 7 
7 1 18 78 30 1 0 4 
4 3 64 27 56 0 5 1 
2 3 17 52 42 7 7 0 
8 2 21 64 32 1 7 3 
2 2 28 43 78 5 4 4 
4 8 22 47 75 0 8 8 
1 9 15 77 37 0 9 6 
8 7 33 46 24 6 4 1 
5 1 22 24 62 8 1 9 
6 8 23 58 58 1 4 8 
0 8 34 48 20 3 2 5 
5 1 55 0 23 1 6 9 
2 6 68 78 55 6 1 4 
5 3 43 62 72 7 8 0 
4 7 50 43 38 5 4 7 
1 4 36 26 70 8 9 1 
9 6 21 49 25 8 0 7 
4 6 32 60 45 7 8 8 
9 3 33 59 94 1 9 6 
1 4 81 0 44 2 4 5 
4 4 39 84 55 3 4 5 
2 4 35 22 13 0 2 2 
9 0 64 101 82 7 1 0 
7 0 27 41 24 5 8 7 
2 6 26 67 73 6 0 8 
6 4 4 55 18 0 0 3 
0 3 36 57 73 3 3 8 
6 0 32 53 60 4 8 8 
6 0 6 70 51 8 0 1 
9 3 43 42 73 0 4 4 
2 9 27 46 60 8 2 8 
3 4 57 78 40 6 7 4 
7 4 59 35 50 2 1 8 
2 0 41 44 69 8 9 1 
4 6 67 69 43 9 0 4 
8 3 2 16 58 7 1 4 
0 0 1 60 33 7 6 9 
8 3 26 31 38 5 0 9 
1 0 23 45 71 1 1 4 
8 8 26 51 10 6 2 9 
1 6 0 20 49 0 3 7 
2 0 54 50 28 0 7 3 
8 5 14 50 55 0 5 2 
9 0 39 31 48 2 7 9 
8 3 85 19 34 3 3 2 
5 8 17 44 52 6 3 6 
3 0 61 72 63 1 9 7 
1 6 20 55 24 0 8 7 
8 0 30 55 50 7 1 3 
6 4 16 38 75 7 9 0 
2 1 28 57 45 2 3 5 
5 0 10 69 46 5 5 0 
7 2 0 50 38 2 5 3 
3 3 16 56 18 9 6 9 
2 3 22 30 49 1 0 0 
1 3 54 52 35 7 4 2 
8 8 26 36 47 1 2 2 
2 8 49 110 24 3 7 1 
7 0 16 90 49 7 9 3 
2 0 39 62 62 6 9 6 
2 6 34 74 50 4 2 5 
1 1 41 83 89 4 5 3 
2 2 0 53 65 3 5 4 
1 7 28 89 78 9 5 7 
6 2 36 65 43 8 9 4 
5 7 32 41 75 9 0 6 
6 8 59 69 46 9 8 0 
1 6 21 53 62 6 9 6 
1 7 46 71 53 9 8 3 
2 4 3 63 50 7 0 2 
8 1 43 83 52 0 9 3 
8 3 13 0 34 6 7 5 
0 4 53 53 51 6 7 3 
2 9 7 64 62 6 8 0 
3 4 48 38 92 7 5 5 
5 5 17 65 61 6 7 5 
2 1 49 50 39 1 6 5 
0 5 0 61 75 2 7 6 
6 0 28 27 81 2 2 7 
4 6 55 33 86 4 9 5 
5 1 16 11 74 5 5 5 
2 0 46 42 66 9 9 2 
4 8 3 47 71 8 4 5 
5 4 22 1 73 2 3 7 
8 8 0 29 51 2 2 4 
4 1 36 52 56 4 4 8 
8 7 44 35 28 6 8 3 
1 6 41 68 52 3 0 6 
8 6 10 32 14 6 9 6 
7 4 37 64 63 7 3 3 
6 9 51 59 28 6 5 5 
0 3 69 16 41 4 6 9 
1 0 12 42 35 0 1 3 
8 6 48 74 10 9 5 4 
0 5 25 42 77 8 9 3 
8 0 38 67 29 6 8 3 
5 8 36 67 46 9 4 7 
4 2 42 53 83 1 0 2 
2 9 33 58 36 2 9 5 
4 3 57 38 64 0 5 4 
8 4 18 69 41 3 5 5 
9 9 25 36 57 7 0 4 
3 2 14 25 49 6 5 6 
3 3 32 43 53 4 1 8 
7 1 62 36 43 8 3 3 
4 0 33 43 32 2 0 4 
6 6 0 58 59 4 3 9 
3 3 0 50 43 0 7 4 
3 0 37 50 44 6 4 9 
0 7 1 68 75 0 8 4 
4 5 5 46 48 9 1 5 
3 3 12 72 52 0 4 3 
7 1 0 59 36 7 2 4 
6 9 9 55 57 5 5 2 
9 8 36 81 66 9 2 2 
6 4 31 18 50 0 9 0 
8 1 20 84 40 8 9 2 
0 8 33 9 53 3 6 2 
4 1 78 47 32 2 7 8 
6 9 36 43 59 1 6 4 
8 2 11 52 56 3 7 3 
9 5 20 43 64 9 6 0 
5 9 16 43 45 2 2 6 
5 4 42 50 44 1 3 9 
5 1 46 73 50 5 3 9 
5 0 19 67 57 5 4 6 
2 9 32 72 54 6 2 4 
1 5 9 42 73 9 7 1 
9 2 40 48 93 2 5 3 
5 2 68 67 68 9 5 6 
6 2 18 45 66 8 1 0 
5 6 1 72 42 3 6 4 
1 0 14 47 17 8 9 0 
9 5 51 35 27 9 5 2 
8 8 24 65 67 0 9 4 
1 0 36 52 36 5 6 2 
7 1 37 73 62 2 0 7 
0 6 30 70 24 9 0 1 
3 0 50 26 80 9 1 8 
9 7 38 11 66 5 3 5 
7 5 43 48 50 7 7 1 
9 8 61 83 21 4 1 0 
3 4 25 60 64 9 6 7 
8 3 24 35 46 5 7 9 
6 5 44 86 42 7 2 3 
1 6 12 70 39 5 3 5 
4 5 0 97 71 2 5 5 
1 2 54 61 72 6 8 3 
6 8 30 61 27 4 2 0 
8 8 39 78 17 6 1 7 
6 9 0 25 84 8 5 9 
9 4 92 53 42 0 2 6 
7 5 88 53 86 0 1 2 
3 7 26 52 64 9 7 5 
2 6 31 49 56 6 8 4 
4 8 19 55 21 1 6 3 
9 2 23 101 45 4 3 3 
0 6 9 25 71 2 7 9 
2 3 25 31 44 2 5 8 
7 8 17 73 62 2 8 0 
8 1 28 48 45 0 2 2 
1 4 41 0 47 2 3 2 
6 8 34 35 50 2 5 7 
7 7 20 42 12 7 2 8 
8 3 42 51 32 7 0 6 
4 1 32 50 58 2 4 2 
6 8 61 40 37 6 4 6 
2 2 13 33 54 0 2 0 
4 6 47 48 53 1 9 4 
8 4 4 63 50 3 2 6 
7 5 18 43 86 8 7 2 
4 1 13 58 48 5 5 1 
0 2 37 65 103 1 4 0 
1 1 31 50 52 5 3 1 
7 1 0 36 70 7 7 2 
9 4 30 78 24 0 6 3 
1 0 13 53 38 1 3 9 
1 3 10 6 55 0 0 4 
0 3 27 19 48 7 5 5 
8 7 45 57 38 0 7 8 
0 5 0 32 20 0 3 3 
5 3 56 55 47 7 1 0 
8 4 27 78 7 2 0 5 
8 6 22 39 90 4 1 2 
4 4 65 35 10 1 6 4 
4 1 9 22 68 6 0 3 
1 0 29 57 32 8 2 1 
1 5 33 74 12 7 4 3 
2 3 67 30 62 4 4 7 
5 7 50 61 15 8 6 2 
8 9 23 83 18 4 1 6 
2 8 60 35 35 4 4 1 
8 5 18 83 48 4 2 5 
3 8 28 45 67 1 3 4 
0 1 36 67 60 6 9 5 
3 2 0 25 84 9 8 0 
6 7 7 21 43 9 5 4 
1 6 25 18 47 8 2 3 
5 9 9 47 53 2 9 7 
2 1 28 39 61 6 9 0 
7 7 22 23 15 7 1 5 
6 1 5 77 80 3 1 3 
9 1 43 63 16 8 6 8 
0 4 46 37 67 9 4 6 
2 2 19 62 30 8 7 4 
3 1 55 58 36 4 3 2 
6 8 77 45 96 6 5 5 
7 5 38 50 58 0 6 3 
5 7 14 71 42 0 6 3 
0 5 21 57 38 5 6 1 
2 5 57 52 85 6 3 4 
2 6 48 31 27 1 5 9 
7 7 0 68 35 6 5 7 
1 4 60 51 36 7 0 2 
5 6 49 42 51 7 7 5 
9 7 24 40 33 3 5 0 
6 7 47 63 24 7 2 5 
1 6 59 36 21 0 8 4 
5 8 29 44 56 2 5 8 
3 6 44 36 32 1 9 2 
9 6 35 42 61 8 9 1 
3 2 55 43 31 2 0 0 
1 1 35 62 54 3 1 3 
0 4 59 39 44 9 1 4 
5 1 66 46 54 6 5 0 
0 2 17 13 35 5 8 7 
1 8 0 72 23 5 4 3 
9 3 6 47 51 3 8 2 
8 2 46 49 39 0 6 6 
2 4 29 90 64 3 5 8 
9 6 40 94 43 3 4 9 
6 7 19 43 49 7 4 3 
2 7 9 35 30 4 1 2 
0 4 53 21 40 8 4 6 
4 1 0 53 57 4 8 2 
7 8 5 53 36 7 5 1 
2 4 31 1 45 5 6 8 
9 3 16 66 80 1 4 3 
3 3 16 4 35 4 8 6 
6 9 0 68 38 3 5 1 
6 8 53 63 69 7 6 3 
4 2 24 53 36 2 8 7 
0 1 17 56 25 4 6 2 
5 3 58 48 54 7 6 0 
9 4 58 51 41 0 0 7 
0 4 13 51 36 1 7 4 
0 4 59 35 88 8 4 7 
7 0 8 67 31 6 8 6 
2 6 46 53 50 4 6 2 
5 3 22 63 21 4 2 5 
4 3 15 64 57 7 9 5 
1 9 49 40 54 9 8 5 
4 2 51 61 43 0 7 9 
4 6 39 24 62 7 9 6 
9 3 33 38 62 0 1 6 
5 2 40 13 31 5 0 5 
0 6 27 53 24 8 6 4 
5 6 61 44 47 7 8 8 
5 2 48 52 82 3 7 7 
8 7 43 48 22 7 3 9 
4 2 22 64 48 4 6 0 
6 5 38 35 73 8 6 5 
2 0 27 23 34 6 1 4 
0 4 0 18 37 8 6 6 
7 8 8 29 7 9 0 7 
2 3 20 30 26 2 5 8 
1 0 0 61 2 4 3 7 
8 2 31 52 44 3 6 4 
6 7 0 38 35 5 4 2 
9 8 36 64 39 4 6 2 
1 2 4 61 47 0 1 7 
6 4 9 54 39 1 8 2 
0 6 41 39 52 9 7 0 
7 3 37 20 40 4 0 1 
0 2 32 50 52 9 3 5 
0 3 26 46 41 4 9 9 
8 8 29 43 44 7 9 5 
3 0 59 24 73 3 3 7 
6 8 37 47 67 6 8 4 
2 1 26 46 52 0 5 5 
7 3 43 70 13 0 6 8 
6 7 3 28 58 3 5 5 
3 0 53 20 38 4 6 6 
8 5 35 39 54 9 3 8 
4 5 6 73 26 5 8 4 
8 5 26 62 67 4 7 7 
9 1 47 50 35 7 3 2 
2 3 47 25 35 1 7 8 
0 5 21 60 25 9 2 1 
9 6 46 49 74 6 4 9 
3 8 46 47 40 7 1 3 
3 5 61 77 40 1 9 2 
2 4 45 50 74 0 1 3 
8 6 5 64 38 2 1 1 
6 1 1 26 54 3 4 3 
5 2 25 22 47 4 0 7 
1 1 28 14 46 7 1 6 
3 6 43 50 50 7 2 1 
4 2 31 68 72 8 4 1 
0 1 7 70 40 2 5 0 
9 8 42 53 23 1 7 8 
3 9 28 5 80 4 7 1 
0 4 40 70 53 5 8 3 
7 3 33 55 87 2 2 4 
2 6 45 69 24 4 8 6 
6 2 35 24 7 7 7 8 
7 2 4 61 19 6 3 0 
6 3 14 40 56 4 0 2 
6 0 14 0 49 0 4 4 
2 6 35 18 39 6 2 4 
9 6 15 41 52 4 0 0 
2 4 17 66 83 5 5 1 
3 8 32 56 77 3 5 6 
2 3 24 40 5 5 0 4 
1 7 3 35 74 5 4 9 
1 4 0 77 63 7 1 4 
2 0 5 42 75 9 4 2 
0 9 33 43 54 4 7 5 
0 6 57 69 35 8 0 9 
1 6 17 63 75 9 7 4 
4 7 29 29 38 3 2 8 
0 9 0 31 21 9 6 2 
7 5 8 45 30 5 1 9 
7 1 22 37 46 5 0 0 
8 9 23 42 17 8 0 1 
3 0 21 53 33 7 2 7 
2 9 12 88 84 4 6 9 
6 6 19 48 46 4 7 3 
7 9 24 73 57 7 0 8 
0 9 26 47 36 6 6 0 
9 8 12 69 66 6 7 3 
2 8 0 84 97 2 5 8 
7 6 68 60 33 9 2 5 
2 6 50 24 31 5 2 7 
4 8 33 38 74 8 9 8 
0 2 17 44 30 9 0 4 
5 6 12 70 40 9 3 7 
4 0 53 76 52 6 2 2 
5 5 60 46 37 9 4 9 
0 7 2 29 47 2 6 3 
3 2 27 47 44 9 5 8 
2 4 0 92 25 5 8 0 
7 7 0 55 48 3 9 8 
4 6 0 42 42 4 1 9 
0 0 52 49 48 5 7 8 
5 7 27 31 52 6 5 4 
0 2 62 49 38 7 2 7 
8 5 23 33 56 0 3 7 
8 1 24 36 86 0 8 6 
2 5 35 64 104 8 0 3 
5 2 16 66 12 6 4 6 
7 6 43 33 31 1 5 6 
4 9 0 56 11 8 2 2 
1 0 23 35 87 0 8 7 
7 6 28 81 95 4 3 4 
2 1 63 39 78 0 8 2 
3 3 13 45 58 8 4 2 
0 6 23 70 56 9 3 3 
7 0 31 25 80 0 6 8 
6 2 21 85 37 9 2 7 
3 0 36 68 67 0 4 6 
0 1 58 40 67 4 2 2 
5 0 18 33 37 0 6 9 
0 5 34 90 63 0 8 7 
6 4 0 49 65 9 8 3 
0 7 78 39 41 5 6 3 
9 3 31 52 56 9 1 9 
4 3 52 25 26 4 7 1 
7 1 32 35 70 1 0 5 
0 8 15 6 61 9 4 6 
9 2 41 19 35 2 9 7 
7 1 34 59 62 7 7 5 
7 6 47 27 3 1 1 3 
8 5 34 75 11 9 4 0 
6 6 36 74 62 1 8 1 
0 6 48 22 19 4 5 2 
1 4 5 31 49 8 2 9 
9 0 18 71 35 1 4 3 
5 5 52 35 18 2 7 0 
9 3 23 51 62 0 8 6 
2 7 48 56 15 5 5 4 
9 7 32 48 41 7 4 8 
3 6 43 57 49 3 7 0 
6 0 55 68 17 5 5 6 
3 0 59 21 54 2 2 3 
9 7 27 44 31 7 5 3 
6 3 0 80 23 3 8 1 
5 9 36 42 41 6 4 9 
5 6 27 21 48 0 6 2 
2 9 4 36 48 9 0 8 
5 1 0 63 48 4 3 5 
1 5 10 69 45 3 1 9 
0 2 4 51 38 5 0 0 
7 5 65 32 28 8 6 8 
2 3 48 44 59 1 2 9 
8 5 0 49 28 7 8 5 
4 9 21 56 54 5 7 5 
6 4 9 57 54 9 2 8 
7 8 0 63 65 9 9 0 
8 5 0 48 69 8 6 5 
1 0 26 15 51 2 9 5 
7 9 28 85 49 6 5 5 
3 5 10 76 40 8 6 2 
4 8 57 24 32 8 8 9 
2 4 21 38 26 4 9 3 
5 9 30 34 60 0 9 5 
0 9 42 89 76 2 6 8 
0 7 23 91 64 8 4 8 
7 2 7 30 18 2 1 2 
1 6 14 27 53 0 4 9 
0 1 25 50 77 9 6 5 
2 4 18 65 41 8 7 0 
0 8 71 41 16 5 4 4 
8 5 41 35 58 5 0 9 
0 0 24 54 65 5 0 6 
0 1 41 57 47 8 9 0 
5 3 4 55 53 9 2 6 
5 2 16 58 42 0 4 3 
3 4 64 25 46 9 0 9 
2 9 0 66 50 9 8 6 
3 4 10 81 96 8 9 7 
3 6 31 71 27 4 6 4 
6 9 51 10 41 6 0 0 
0 0 31 38 38 9 8 7 
3 9 31 70 42 8 6 6 
4 8 31 89 53 6 3 8 
7 4 27 31 76 5 8 0 
6 5 30 58 42 2 9 9 
9 8 14 67 41 3 5 1 
5 9 44 42 92 4 9 1 
1 7 41 46 67 6 5 6 
8 2 22 66 75 8 6 2 
7 1 19 37 52 9 8 0 
9 7 22 47 84 7 2 8 
4 4 25 49 34 1 7 7 
0 8 5 45 52 8 9 0 
4 3 41 53 75 4 7 2 
9 2 38 28 39 3 3 8 
5 4 53 48 36 9 6 4 
3 2 4 47 70 0 7 1 
5 3 30 39 66 0 3 5 
8 4 23 62 38 6 8 5 
4 2 0 32 54 9 3 6 
3 1 17 63 58 0 5 5 
5 5 22 55 38 3 3 0 
5 2 29 74 93 2 1 5 
3 4 56 44 75 7 3 6 
7 5 17 59 14 2 7 7 
9 8 28 69 76 6 3 6 
9 9 81 54 46 4 1 8 
2 9 13 54 24 7 7 6 
2 1 17 25 41 5 3 3 
4 6 21 32 0 6 3 5 
3 5 14 31 36 4 9 3 
4 8 0 37 25 2 6 4 
5 5 26 54 34 8 2 8 
1 1 64 53 53 7 7 6 
5 2 45 62 48 4 9 2 
7 2 4 21 48 8 6 1 
4 9 48 48 76 3 5 6 
1 2 13 25 22 1 5 6 
2 9 15 43 28 9 2 7 
6 9 47 40 48 3 5 6 
4 0 22 54 43 3 7 1 
6 8 45 69 55 2 4 5 
0 8 30 72 40 5 5 9 
5 2 43 58 31 4 2 2 
9 3 28 32 48 6 3 6 
9 6 31 56 72 3 3 7 
9 9 19 15 46 7 0 2 
5 3 19 37 18 7 0 6 
6 6 37 31 34 8 9 0 
5 4 17 39 81 5 0 4 
5 9 21 48 104 4 6 8 
9 6 35 65 42 8 8 0 
4 8 0 71 19 1 8 3 
7 8 15 31 32 1 3 3 
4 4 56 59 39 9 5 3 
0 8 37 26 62 4 7 6 
6 5 33 54 30 1 9 2 
8 5 17 48 73 3 9 4 
4 8 16 51 45 9 0 3 
6 4 38 54 3 3 9 5 
7 5 9 15 33 6 8 6 
5 5 1 39 37 5 2 7 
8 2 24 46 57 1 6 4 
2 7 19 46 93 7 5 3 
9 8 0 39 20 9 4 6 
9 5 51 33 58 8 5 5 
5 1 26 48 18 5 2 3 
1 4 25 41 91 6 0 0 
7 0 67 99 78 1 7 3 
8 6 23 1 35 8 4 8 
3 2 21 58 52 7 5 8 
9 9 15 49 53 0 8 5 
2 3 38 60 79 9 5 2 
2 7 34 32 60 2 9 3 
9 5 34 40 71 5 7 0 
1 7 64 61 62 3 1 5 
3 0 49 66 57 4 0 6 
1 9 40 17 49 3 7 2 
9 5 40 29 50 6 7 1 
7 9 29 37 56 5 0 8 
8 3 20 43 36 9 2 2 
1 1 36 14 24 2 2 2 
3 4 31 48 61 7 4 9 
9 7 0 64 39 1 4 7 
4 5 3 60 51 9 8 7 
4 2 8 56 14 6 5 1 
4 7 10 43 77 2 3 1 
9 9 26 86 67 3 5 9 
9 1 29 42 57 4 9 1 
3 5 18 45 37 2 1 9 
3 5 21 38 47 3 4 3 
2 8 16 86 12 9 7 0 
7 8 17 19 17 1 6 9 
4 3 33 33 96 4 0 0 
6 1 30 82 47 7 3 0 
3 2 26 41 61 7 2 6 
1 2 33 53 30 0 9 7 
4 8 70 70 14 5 8 9 
4 9 37 48 39 4 6 9 
0 7 23 35 68 0 0 9 
3 3 5 39 40 6 1 5 
6 5 31 12 54 5 8 6 
1 2 22 37 56 9 2 3 
2 3 30 52 58 7 0 3 
2 1 46 87 38 0 2 5 
3 0 25 54 15 4 2 3 
7 3 6 49 17 9 2 2 
5 2 0 75 43 8 1 0 
3 5 39 32 55 1 8 1 
5 5 16 65 68 8 1 9 
9 6 23 67 52 5 2 2 
4 4 38 42 66 2 3 5 
8 9 27 47 56 2 0 8 
9 1 11 62 55 8 8 8 
1 0 12 80 70 2 6 3 
9 8 31 75 69 7 7 8 
1 4 0 76 12 9 2 9 
1 7 49 38 56 2 7 1 
4 1 38 46 35 8 0 0 
7 0 0 51 56 4 7 8 
3 2 53 43 76 0 3 4 
7 7 25 49 70 8 5 3 
8 7 21 42 30 8 9 0 
4 9 45 56 63 0 6 7 
3 9 0 66 65 4 8 2 
7 6 30 67 31 9 3 8 
0 0 64 77 33 0 4 9 
6 6 2 53 43 6 8 6 
7 0 24 44 74 5 8 1 
8 4 36 30 58 6 4 0 
3 6 36 38 60 5 4 5 
1 5 47 44 57 5 9 7 
6 7 5 49 73 3 1 7 
8 8 39 42 67 6 1 1 
6 7 43 57 41 8 5 9 
4 5 44 39 81 6 5 2 
3 3 4 72 24 9 5 5 
5 2 3 56 34 1 3 0 
5 8 32 50 44 5 9 9 
4 2 48 71 19 2 2 5 
2 9 14 50 56 2 6 7 
0 6 55 49 58 3 3 8 
1 9 10 47 56 9 3 3 
4 7 27 48 39 0 3 4 
9 9 27 48 43 6 9 6 
1 1 37 53 49 2 3 4 
7 2 30 54 80 4 7 7 
0 3 58 36 68 1 2 7 
7 3 22 35 78 6 4 5 
1 8 23 50 49 0 7 4 
3 0 13 52 37 1 7 3 
9 7 28 62 82 2 2 5 
2 8 19 14 12 6 3 0 
9 7 20 17 45 8 3 8 
3 5 33 34 58 6 5 0 
2 3 27 68 29 9 3 1 
2 9 34 55 43 7 0 3 
2 9 2 29 72 4 7 4 
7 8 61 92 109 9 9 0 
3 4 66 32 58 9 4 1 
1 8 12 80 42 2 4 4 
8 5 44 51 56 0 6 7 
5 9 60 16 70 3 2 7 
0 0 43 61 32 9 9 5 
8 3 25 73 34 6 2 0 
5 0 53 25 20 6 6 1 
5 6 11 44 48 4 9 0 
3 4 37 48 72 4 4 0 
1 5 56 75 83 9 3 0 
8 6 43 67 21 7 2 7 
7 2 17 46 93 1 3 2 
6 7 10 41 53 8 9 0 
1 2 52 55 35 7 7 7 
0 5 52 92 16 4 0 7 
2 8 20 61 56 7 3 4 
3 1 35 72 77 4 7 2 
7 9 37 69 33 5 7 1 
1 4 0 40 22 8 6 4 
3 9 18 50 74 3 8 3 
7 8 36 36 45 5 1 0 
6 1 46 65 51 6 5 3 
5 8 49 47 62 8 5 6 
2 5 46 48 80 7 9 6 
4 7 56 79 38 5 2 7 
6 9 41 49 61 9 7 8 
1 0 21 52 29 0 3 2 
0 2 44 98 47 9 5 5 
8 9 89 46 28 5 8 9 
8 2 17 46 60 7 4 4 
7 8 17 59 53 3 8 5 
8 5 43 62 77 8 1 5 
0 9 36 42 81 2 1 5 
6 7 54 45 31 3 8 0 
4 4 39 29 35 4 4 4 
5 5 30 66 8 1 2 0 
8 8 0 75 42 2 5 6 
9 6 41 52 65 5 7 0 
5 5 29 56 25 8 7 7 
0 8 56 66 39 4 8 5 
7 4 16 99 67 3 0 2 
9 0 38 55 21 7 9 3 
6 9 0 15 74 9 1 7 
6 7 48 46 19 9 1 4 
0 8 2 60 52 4 3 5 
7 8 22 58 54 3 9 8 
2 4 17 72 80 7 1 7 
9 6 20 7 19 3 5 6 
5 9 18 60 51 2 8 4 
3 0 26 49 33 0 6 1 
9 8 46 60 41 7 4 5 
6 6 48 40 47 3 0 1 
7 5 26 91 38 8 1 7 
9 3 36 41 38 5 1 6 
0 2 30 47 31 2 7 1 
3 4 45 55 65 9 1 0 
2 6 59 51 65 8 5 2 
3 8 35 39 25 2 2 3 
7 5 10 65 83 6 8 3 
8 8 23 18 58 9 0 8 
8 6 25 13 72 9 2 2 
2 4 56 87 42 6 8 4 
1 3 62 87 62 8 3 9 
2 3 0 23 55 6 9 4 
6 5 33 91 49 0 6 7 
2 1 3 69 59 9 3 8 
4 5 47 82 41 6 7 4 
7 5 1 56 57 8 8 4 
2 1 16 40 70 8 1 6 
4 7 18 76 67 5 5 2 
2 0 39 66 69 5 1 0 
0 9 33 53 37 7 3 7 
4 6 23 59 47 9 0 8 
1 7 6 35 33 4 5 9 
7 6 10 54 86 8 7 1 
7 5 63 56 35 6 1 1 
9 3 0 36 39 8 7 6 
8 1 56 70 38 0 0 5 
5 3 42 71 77 3 6 8 
7 1 20 63 83 4 0 3 
0 9 18 32 62 4 0 0 
1 8 44 34 82 9 5 9 
7 9 47 38 67 8 8 6 
6 4 47 26 14 5 5 8 
2 2 13 34 70 8 2 6 
1 6 33 62 32 9 9 3 
7 3 27 61 51 2 4 4 
5 1 20 66 42 3 8 9 
4 2 20 44 29 0 8 1 
9 6 31 76 54 8 1 9 
6 6 10 48 25 2 3 8 
2 3 38 44 37 4 0 5 
4 7 52 67 51 2 7 6 
1 7 34 42 86 6 0 5 
8 1 37 61 26 2 4 7 
3 0 15 88 68 9 6 0 
9 6 22 76 68 9 4 1 
1 6 0 44 28 5 8 1 
9 9 28 47 42 5 6 2 
4 9 52 50 90 7 1 1 
4 0 54 82 62 0 7 4 
4 5 55 41 84 4 0 7 
5 5 66 45 44 0 1 1 
1 8 13 35 69 3 1 4 
6 7 38 35 71 6 9 3 
6 8 16 46 63 6 3 2 
0 1 27 43 17 4 4 5 
4 8 58 42 9 9 8 8 
5 1 36 9 60 2 3 7 
2 5 50 32 43 8 7 6 
0 7 33 48 5 4 4 2 
8 9 35 5 33 3 4 0 
7 2 40 47 64 5 3 1 
2 8 9 92 24 4 1 4 
0 3 18 44 61 3 2 3 
3 6 3 23 80 0 6 3 
5 4 4 41 62 7 8 9 
6 1 0 66 46 6 8 3 
4 1 35 52 19 5 9 1 
6 6 0 43 63 0 4 4 
2 8 61 8 51 5 2 1 
0 9 30 27 36 9 9 0 
3 8 38 41 47 7 0 5 
2 3 22 38 46 6 4 8 
8 8 17 61 38 5 4 4 
2 3 45 43 45 7 7 5 
5 1 58 63 69 2 6 4 
0 2 74 28 49 0 5 5 
8 1 29 71 50 2 3 3 
4 4 17 47 4 9 9 0 
4 0 32 55 55 0 1 7 
8 7 44 53 33 3 8 1 
7 5 31 51 76 9 2 4 
5 6 12 58 43 3 9 5 
5 2 25 51 32 5 3 6 
3 8 39 37 40 5 8 8 
7 0 0 40 43 7 3 5 
3 0 32 81 23 0 7 4 
6 3 42 53 19 9 4 6 
5 5 5 44 61 6 9 2 
6 7 34 19 21 8 2 6 
1 9 49 55 57 3 1 2 
0 0 7 49 49 4 5 2 
5 0 0 84 10 8 0 1 
6 3 0 53 36 9 7 5 
6 2 29 51 47 4 3 9 
3 4 17 36 63 7 4 3 
3 5 48 38 40 1 0 1 
0 4 1 25 21 7 9 9 
7 4 14 72 4 7 3 2 
4 8 30 29 0 9 7 8 
3 8 10 41 63 6 5 7 
2 6 23 66 39 9 1 9 
6 1 12 60 62 6 2 8 
7 9 15 96 38 2 5 5 
1 8 1 12 59 0 5 3 
5 5 91 47 15 6 2 4 
6 6 78 79 43 0 2 9 
0 0 19 64 59 0 4 8 
0 9 29 55 77 7 3 4 
5 1 0 39 60 8 9 8 
5 5 24 83 70 4 0 6 
1 2 49 74 58 2 2 2 
5 2 18 54 43 7 5 3 
7 7 10 52 76 8 9 0 
5 2 41 65 90 7 7 2 
0 7 30 61 14 7 2 5 
0 8 54 53 55 5 3 3 
3 1 46 43 70 5 5 9 
4 7 0 37 40 1 8 1 
8 3 37 30 33 5 9 8 
1 9 0 31 41 6 2 5 
3 7 7 40 31 9 2 1 
7 8 33 40 89 8 0 5 
5 7 36 36 24 4 1 8 
1 6 11 59 48 0 0 6 
8 9 33 43 12 5 2 8 
8 4 1 65 66 3 1 3 
4 9 35 17 43 8 7 4 
9 7 61 66 80 5 4 4 
4 6 41 21 19 7 0 2 
5 7 43 62 52 4 1 6 
6 9 8 69 26 3 4 3 
4 3 33 42 52 3 5 9 
9 0 29 36 74 3 7 4 
1 0 34 45 60 8 1 2 
4 1 0 68 53 6 5 9 
6 1 52 47 51 9 6 4 
9 8 52 74 53 7 7 7 
3 9 25 74 52 8 9 1 
4 7 0 65 12 7 9 3 
1 4 0 70 61 9 9 7 
3 5 27 36 72 0 1 8 
6 1 9 43 69 5 0 0 
2 8 51 55 46 6 8 8 
5 8 19 66 66 8 9 7 
5 6 62 42 25 8 7 5 
1 0 29 71 51 2 4 5 
9 3 0 72 26 3 9 9 
4 3 19 60 23 7 0 9 
8 4 62 20 48 9 6 7 
1 2 2 75 56 4 3 1 
8 6 58 24 36 6 9 8 
2 4 24 45 53 9 8 2 
1 8 35 41 33 0 6 6 
4 8 26 77 56 2 6 8 
7 1 28 15 50 6 3 0 
9 9 56 61 21 0 9 8 
6 2 22 7 97 4 1 8 
9 9 46 13 82 4 7 0 
9 0 52 68 29 0 3 3 
2 7 47 42 59 7 1 7 
8 9 6 58 42 7 6 8 
4 8 33 27 66 8 8 2 
6 3 25 41 42 3 5 4 
8 4 0 17 38 3 0 2 
6 0 56 66 90 4 3 7 
2 3 16 60 50 4 6 9 
2 5 49 73 61 9 0 2 
8 8 14 18 50 5 5 9 
2 7 22 30 83 9 7 2 
6 2 16 59 81 8 4 6 
7 1 35 80 53 9 4 7 
4 1 20 61 76 7 5 6 
6 0 17 41 64 3 4 3 
2 5 40 41 45 0 3 0 
4 5 22 21 67 0 1 6 
2 8 24 65 41 0 1 0 
4 6 29 79 47 1 6 5 
2 5 0 33 64 5 0 1 
9 9 43 65 60 8 6 6 
0 8 20 77 96 8 7 6 
5 7 31 41 80 2 6 3 
5 5 20 51 37 4 8 1 
0 6 31 59 52 1 7 1 
2 1 20 69 51 1 8 0 
4 3 39 51 32 1 2 4 
6 7 22 71 38 6 2 3 
5 1 0 23 60 9 2 6 
5 3 0 18 50 0 3 2 
5 8 8 30 14 0 5 6 
1 5 66 44 65 8 3 6 
7 3 51 21 56 8 5 4 
8 3 42 58 66 0 2 3 
9 2 19 65 96 3 9 1 
1 7 67 36 44 2 5 1 
0 0 29 11 66 1 2 5 
5 8 36 44 27 5 1 8 
6 5 6 68 20 0 5 6 
7 9 30 9 47 0 8 4 
9 3 10 66 43 7 4 4 
1 8 42 33 35 6 6 2 
7 4 17 47 84 0 1 0 
9 8 28 17 59 0 8 5 
5 5 6 68 33 6 3 9 
3 8 7 5 49 2 8 6 
5 2 24 84 36 9 8 1 
0 3 62 58 29 5 6 4 
2 6 48 35 39 7 4 2 
5 8 26 71 33 4 9 6 
4 7 15 52 34 6 7 0 
9 9 36 67 76 8 8 6 
0 9 46 48 47 6 5 9 
6 3 36 49 16 4 8 6 
8 4 49 48 35 6 0 6 
4 6 0 21 63 2 9 6 
2 1 24 60 49 3 3 6 
9 8 9 72 59 9 5 3 
1 2 22 55 0 5 6 4 
5 7 0 60 43 2 0 9 
1 6 42 24 43 3 9 6 
3 3 3 58 77 5 4 1 
4 4 71 51 43 3 6 9 
4 0 0 21 68 0 3 8 
6 3 42 90 75 9 7 8 
1 0 1 42 35 4 9 2 
0 8 49 50 21 0 3 0 
2 5 5 45 88 7 2 7 
7 5 73 55 34 6 6 5 
0 7 37 34 24 7 4 5 
3 7 18 37 56 9 7 3 
9 9 16 59 16 0 8 6 
5 7 32 55 70 1 5 1 
5 5 43 68 60 4 7 4 
0 6 51 83 45 1 3 0 
0 6 30 67 12 0 5 8 
5 8 41 33 67 5 5 3 
0 4 18 81 6 0 5 9 
3 7 35 51 65 2 2 7 
3 1 33 32 71 7 5 3 
5 2 69 36 27 5 7 7 
9 3 19 47 80 2 5 6 
2 5 43 56 51 6 7 5 
4 6 6 73 51 4 2 3 
5 8 56 63 39 8 9 4 
8 7 2 49 43 2 1 4 
5 6 81 35 21 8 8 5 
3 3 38 53 26 2 6 7 
5 0 0 49 44 1 0 2 
6 6 27 24 51 0 9 8 
0 0 34 48 50 4 3 5 
7 1 42 103 79 2 0 9 
4 7 0 55 42 4 4 3 
5 7 73 71 92 9 6 0 
7 3 38 81 62 4 9 8 
6 5 32 36 39 7 8 7 
5 7 22 59 4 1 3 8 
4 0 54 38 65 8 7 3 
0 3 46 0 66 2 8 3 
2 2 0 66 67 4 6 7 
6 5 42 74 11 7 6 5 
5 0 29 81 0 4 5 8 
2 6 26 31 59 1 4 2 
3 2 48 73 45 1 5 9 
2 0 7 43 79 7 0 2 
3 5 38 28 45 4 6 5 
9 9 14 35 24 5 2 5 
4 4 11 26 32 9 5 5 
3 3 66 35 35 9 2 9 
7 4 15 29 21 7 6 0 
6 0 32 35 75 0 8 2 
0 8 45 64 51 6 9 2 
4 8 13 94 83 1 9 8 
8 7 35 8 25 7 9 4 
1 2 38 45 68 9 9 6 
2 6 16 89 46 7 8 3 
2 1 18 29 48 0 9 1 
8 1 49 47 73 2 4 1 
7 5 14 68 10 4 0 9 
8 9 9 62 15 5 2 5 
7 0 15 39 83 9 0 0 
5 4 8 101 91 2 8 3 
4 8 39 27 48 0 9 8 
6 5 21 122 76 6 3 6 
9 3 38 19 74 1 6 8 
7 8 73 38 71 1 7 3 
3 4 34 9 34 5 5 2 
8 4 39 81 40 1 2 8 
7 9 5 66 42 5 2 8 
6 7 0 57 24 0 8 5 
6 2 16 66 45 3 1 6 
2 5 21 66 20 5 8 4 
8 9 7 24 67 9 9 9 
5 7 8 82 50 0 0 4 
1 8 34 47 53 9 4 7 
1 2 26 68 89 2 5 2 
4 9 0 28 27 7 9 0 
3 0 31 36 68 6 1 8 
0 2 3 34 41 5 8 0 
1 6 18 49 45 6 9 0 
7 9 65 44 61 4 9 7 
3 6 9 54 48 5 6 5 
1 5 39 49 51 1 1 7 
1 3 3 55 39 5 8 0 
9 6 64 29 24 6 5 3 
9 4 25 55 35 0 8 5 
9 4 38 73 36 0 0 4 
7 5 30 45 75 3 5 2 
0 6 9 83 21 4 4 8 
2 7 16 49 71 2 9 1 
9 5 27 68 45 3 5 5 
0 8 0 68 44 0 7 0 
3 9 30 52 23 4 6 7 
1 7 20 40 65 2 9 3 
7 7 45 51 34 5 6 3 
0 5 20 50 41 3 9 1 
3 1 5 66 77 5 4 8 
9 9 0 96 18 6 2 2 
2 8 15 72 39 3 9 1 
2 8 16 53 72 3 2 8 
6 8 21 57 17 5 9 3 
5 3 42 29 66 0 4 6 
3 1 3 49 33 9 9 7 
0 5 60 0 34 8 7 2 
2 1 13 37 67 8 0 2 
7 1 16 54 49 1 9 8 
4 3 29 50 47 8 9 2 
1 8 23 34 49 1 1 2 
9 6 11 18 46 5 5 8 
8 2 39 47 30 6 0 0 
4 9 22 63 74 7 4 8 
9 1 30 71 32 2 4 6 
4 6 24 83 69 9 4 5 
1 0 40 44 35 4 3 3 
2 6 27 25 42 1 8 2 
6 6 46 41 32 6 4 2 
7 1 35 80 48 3 3 5 
2 2 36 43 51 1 0 5 
6 1 32 47 54 8 7 3 
6 7 33 55 62 3 6 8 
9 0 27 18 61 5 6 5 
5 7 21 43 64 1 7 7 
2 1 23 75 37 9 7 9 
1 1 11 69 38 6 3 3 
0 6 26 80 61 7 3 0 
3 1 16 72 92 7 5 3 
5 9 64 7 56 4 0 4 
2 7 36 45 10 9 3 5 
5 9 30 24 42 4 9 8 
2 1 12 30 59 3 6 1 
6 5 42 63 56 9 4 2 
5 6 28 70 61 7 3 2 
9 4 59 72 81 1 7 2 
1 2 31 31 49 0 1 7 
5 2 28 57 81 7 9 9 
4 6 53 44 30 1 2 1 
8 0 0 42 41 9 1 1 
4 5 9 56 35 1 3 6 
9 5 0 8 65 5 1 3 
9 6 29 60 51 2 0 7 
5 6 24 75 45 2 7 0 
2 8 19 30 33 6 7 7 
2 2 40 89 69 4 2 2 
5 5 33 69 31 7 4 3 
7 6 50 16 79 3 9 3 
0 4 30 61 77 8 9 2 
1 7 50 56 30 0 8 5 
7 1 3 58 44 0 4 5 
1 0 49 55 43 9 5 0 
4 9 0 16 28 0 8 0 
4 0 39 46 65 0 5 7 
4 7 39 14 78 4 3 0 
0 8 42 53 37 9 3 4 
4 1 0 55 66 0 9 1 
4 1 45 65 79 9 0 6 
4 5 42 63 20 2 7 9 
0 5 11 79 9 5 2 6 
1 1 18 40 21 9 2 1 
9 1 11 65 58 2 4 6 
9 4 55 0 54 8 2 5 
1 7 16 27 91 4 7 9 
8 9 35 56 59 9 1 1 
0 0 44 21 53 4 3 3 
1 7 29 45 63 7 6 3 
4 6 61 59 80 1 2 8 
7 6 59 21 45 6 5 7 
3 8 14 25 41 4 5 0 
0 4 33 19 81 7 4 0 
8 9 17 32 75 7 9 2 
4 6 10 36 19 8 6 3 
4 1 10 71 73 0 4 8 
1 9 7 72 50 5 8 8 
2 3 34 67 74 9 2 6 
5 0 33 34 68 3 3 3 
6 3 51 16 66 2 0 4 
7 2 12 55 78 6 7 4 
3 1 45 17 56 2 1 5 
5 9 59 49 17 5 7 9 
4 0 18 85 11 0 7 7 
8 1 20 52 69 3 6 2 
3 5 16 86 59 5 8 0 
6 5 13 76 54 2 5 3 
2 8 46 92 60 1 0 8 
4 1 20 34 62 1 2 6 
4 8 49 67 0 4 0 1 
8 0 3 32 56 1 6 1 
7 5 43 56 57 4 2 6 
8 5 38 36 17 7 1 4 
3 7 38 23 58 2 5 5 
3 1 19 58 56 0 1 4 
4 6 0 9 64 8 7 2 
2 6 24 73 50 2 7 9 
6 9 13 45 66 9 4 5 
4 9 0 57 66 7 1 6 
9 8 47 47 56 9 2 7 
5 9 34 42 9 8 8 4 
7 1 43 46 63 1 8 4 
0 0 34 51 23 7 7 7 
1 4 28 54 32 3 4 5 
0 5 4 88 44 5 2 4 
1 4 36 61 63 6 1 3 
7 7 31 37 71 8 8 7 
7 5 39 56 87 5 0 7 
6 3 24 64 42 9 3 8 
6 9 57 86 61 3 5 5 
1 1 19 70 11 9 0 4 
0 5 4 26 74 2 8 5 
5 4 12 61 44 1 7 1 
0 3 29 55 91 8 3 2 
7 3 6 56 35 3 4 5 
9 1 45 76 0 1 1 3 
9 8 27 35 44 6 4 2 
9 4 41 37 43 4 2 1 
4 8 33 32 39 5 7 9 
4 0 38 39 56 8 0 2 
5 8 27 42 43 8 3 0 
8 6 38 92 20 2 7 5 
5 3 6 60 72 8 1 6 
6 7 0 72 68 1 4 3 
6 5 38 46 56 1 8 3 
3 9 34 80 80 0 0 5 
4 5 62 16 28 0 4 4 
6 2 72 60 55 7 3 2 
5 0 39 41 43 4 5 7 
4 1 46 51 69 0 7 4 
3 8 8 58 30 4 8 2 
2 6 0 12 66 4 2 2 
4 4 50 57 59 1 9 2 
8 0 11 66 50 6 3 3 
7 7 27 16 38 9 2 0 
5 3 8 49 70 8 7 8 
7 3 21 57 27 5 3 0 
7 0 39 28 18 8 4 4 
7 7 40 27 49 8 2 3 
9 2 41 55 55 0 6 7 
0 9 29 22 54 4 5 8 
0 6 55 49 58 0 8 3 
6 5 42 16 21 9 8 5 
9 5 21 66 68 0 0 1 
2 2 5 38 41 4 1 1 
9 3 51 34 56 6 0 8 
2 4 31 34 68 5 3 0 
0 4 32 55 86 6 5 3 
0 9 13 84 7 2 8 9 
5 2 36 56 55 3 0 6 
6 4 9 30 63 5 3 1 
9 8 43 56 49 5 2 6 
0 9 56 24 73 7 4 3 
2 5 42 55 81 6 5 7 
1 7 14 99 28 4 4 6 
6 0 42 48 54 3 0 7 
0 1 19 60 31 9 5 6 
7 9 44 51 61 7 0 7 
7 5 26 65 52 0 3 7 
3 6 45 22 51 1 5 8 
6 8 39 86 35 3 7 0 
4 3 13 92 29 2 1 2 
1 4 6 86 29 1 0 1 
0 2 12 20 65 8 8 0 
4 6 46 43 67 3 1 3 
4 4 71 61 29 8 7 3 
0 1 0 45 47 8 1 0 
6 3 30 47 66 7 2 3 
5 7 12 57 68 9 0 6 
8 9 56 42 62 9 5 0 
7 8 50 74 45 3 7 2 
1 9 13 7 83 3 2 6 
7 6 6 64 15 4 4 2 
2 2 18 52 55 7 9 1 
6 6 18 76 82 5 4 9 
7 5 44 100 56 4 1 4 
4 6 46 40 41 3 7 5 
4 5 0 23 54 2 2 6 
4 2 43 68 32 8 8 3 
9 7 35 50 22 2 0 1 
2 1 18 52 71 4 5 2 
0 1 21 12 55 7 8 0 
8 8 29 46 35 7 4 7 
8 3 25 34 10 7 7 7 
7 4 30 52 69 5 7 2 
2 6 28 48 48 7 5 7 
3 9 8 39 96 2 8 3 
4 3 27 75 57 2 7 6 
1 5 20 29 53 6 5 7 
9 6 50 27 62 7 8 6 
1 0 30 27 86 9 1 0 
4 0 28 66 26 6 4 9 
5 9 56 17 56 4 6 0 
8 8 0 49 32 1 9 3 
1 7 38 58 22 8 0 9 
9 5 53 27 70 6 8 0 
4 1 53 61 75 8 3 7 
5 9 54 39 42 5 1 3 
6 8 19 44 18 2 9 4 
7 3 0 17 51 3 7 9 
4 3 28 36 55 9 6 1 
4 0 30 54 76 5 6 2 
0 9 45 61 31 1 2 4 
5 4 8 41 75 5 3 9 
4 4 16 20 60 7 7 7 
8 9 19 51 37 3 7 7 
1 9 33 49 30 2 3 1 
0 3 46 26 46 5 6 0 
1 5 26 48 65 8 2 4 
8 9 12 60 34 9 1 2 
5 9 6 33 63 7 0 3 
6 3 9 33 83 9 7 5 
3 8 66 47 20 0 6 1 
9 4 17 66 47 2 0 4 
7 0 17 76 33 1 4 2 
0 1 32 57 87 9 8 5 
6 4 34 54 37 5 3 9 
3 5 62 64 43 7 5 6 
5 2 39 43 91 1 5 2 
4 9 4 55 42 7 5 8 
6 0 8 43 51 4 7 9 
0 7 15 56 78 9 8 1 
5 7 5 59 35 8 3 8 
5 9 65 80 51 2 9 8 
8 4 53 43 87 1 7 8 
0 1 14 52 98 5 8 3 
6 2 37 77 73 8 4 4 
4 7 0 31 27 8 2 2 
5 3 34 26 51 5 9 0 
8 1 2 55 89 7 0 7 
4 6 55 51 53 2 9 4 
6 2 23 53 61 1 3 6 
5 4 40 80 22 6 4 3 
3 3 52 83 46 5 0 5 
9 2 0 55 19 7 1 6 
2 5 49 23 62 9 4 2 
0 1 8 69 48 4 0 3 
3 8 39 50 51 6 2 5 
1 8 23 44 54 2 9 1 
3 5 27 55 48 6 4 3 
2 7 50 40 51 9 1 1 
6 5 59 32 64 2 2 4 
8 1 46 37 41 6 6 7 
7 0 15 2 30 0 9 9 
0 4 15 59 74 4 2 4 
0 9 68 53 38 6 5 7 
2 9 16 36 51 1 5 6 
7 6 29 62 52 8 6 3 
7 7 38 48 77 7 2 8 
0 6 48 68 61 2 4 4 
1 0 46 73 62 0 1 6 
1 1 40 60 41 2 7 9 
6 2 29 67 50 8 1 8 
1 5 9 67 88 9 9 3 
0 3 20 43 36 6 7 6 
7 9 27 25 30 8 4 1 
3 6 26 64 70 9 6 5 
8 0 25 75 65 0 4 2 
8 5 1 22 79 9 4 0 
8 9 63 78 104 8 9 3 
5 0 17 47 29 2 2 6 
8 6 12 60 68 0 2 1 
1 8 51 36 71 7 5 9 
1 9 33 54 25 9 1 8 
3 4 14 86 55 2 0 9 
1 9 54 65 35 7 5 9 
5 7 40 70 32 7 0 9 
4 2 28 74 51 8 6 9 
6 9 27 41 68 9 7 5 
9 2 0 55 52 9 5 6 
6 2 51 84 42 0 0 9 
6 6 53 45 31 3 8 6 
3 8 46 37 60 3 8 0 
9 2 79 63 44 4 5 7 
9 4 23 29 56 1 8 1 
8 4 12 64 29 9 3 2 
8 1 38 48 56 6 4 3 
1 8 7 49 29 1 4 2 
1 9 50 74 66 9 0 9 
4 2 44 80 36 7 3 6 
4 5 40 8 18 7 8 0 
6 6 17 79 58 5 7 4 
5 6 13 89 75 0 5 8 
3 4 25 37 48 6 6 8 
2 2 32 30 40 6 0 4 
5 6 0 38 30 9 6 4 
7 7 31 40 57 8 6 1 
2 4 21 27 40 8 8 0 
7 3 27 48 43 0 9 8 
5 7 39 57 71 0 9 3 
7 3 50 38 19 5 1 3 
3 5 18 27 45 4 3 4 
3 1 19 38 41 7 2 9 
4 2 30 38 49 3 1 2 
2 9 46 47 52 6 4 8 
5 1 41 54 28 3 6 9 
1 2 38 12 59 9 8 8 
6 7 44 16 81 8 5 6 
6 0 6 34 57 3 7 2 
3 4 37 39 50 1 2 6 
1 2 5 49 73 5 3 9 
4 5 53 63 53 6 6 3 
0 6 12 66 45 8 4 8 
1 7 41 52 52 6 8 4 
4 6 39 83 38 9 5 6 
9 5 49 17 72 6 4 1 
6 9 34 96 84 1 4 8 
4 7 19 68 44 7 8 1 
6 2 28 39 36 1 1 2 
6 3 49 43 59 3 4 0 
4 9 16 57 29 9 7 3 
7 4 27 60 32 8 2 5 
2 2 73 51 44 1 1 3 
6 8 34 39 47 7 2 2 
8 8 44 46 40 8 4 1 
2 6 9 54 43 6 6 2 
0 9 36 40 34 9 7 6 
1 4 13 49 43 8 3 8 
3 8 32 48 96 4 6 3 
1 6 26 71 44 1 8 6 
0 1 50 62 53 9 4 0 
9 1 36 90 50 8 6 8 
0 4 26 37 34 3 3 0 
2 8 63 11 62 5 6 7 
2 2 54 28 18 2 7 3 
4 1 17 69 44 6 3 8 
8 9 63 59 35 5 0 1 
5 8 40 52 16 6 1 8 
8 3 8 60 72 0 8 2 
8 8 45 66 44 4 0 7 
8 0 11 56 36 2 8 1 
5 3 0 49 23 9 5 6 
6 0 14 46 50 1 9 8 
8 6 9 31 49 7 3 8 
4 1 57 47 91 0 4 0 
5 9 35 6 42 3 6 5 
3 9 19 50 61 8 7 2 
5 0 7 58 58 3 8 3 
6 6 43 34 38 5 1 1 
7 1 62 19 50 1 4 9 
3 5 43 56 41 3 3 4 
6 5 33 47 40 3 0 6 
0 3 35 22 32 8 6 7 
5 0 25 31 85 1 3 0 
6 7 17 42 53 9 7 1 
8 0 36 49 72 6 3 5 
6 7 4 52 72 7 8 3 
8 1 59 16 55 6 3 9 
0 2 22 11 49 9 0 5 
3 3 32 62 64 6 2 5 
9 2 38 51 64 4 6 1 
8 6 26 54 63 7 8 2 
0 0 42 0 48 1 7 1 
4 7 38 29 40 4 5 1 
8 8 47 56 44 8 3 8 
8 8 18 36 35 0 8 5 
4 0 8 47 63 1 7 4 
0 4 19 64 47 1 8 8 
8 2 23 31 35 8 1 6 
3 9 47 33 21 8 0 9 
6 7 0 37 20 0 6 1 
2 9 17 72 37 3 8 1 
9 9 1 51 58 2 0 4 
9 9 2 31 73 8 3 5 
9 4 27 18 49 8 5 9 
8 0 20 58 45 0 7 4 
9 6 12 9 45 8 2 2 
2 2 47 29 29 0 2 6 
7 9 46 70 67 8 0 0 
9 2 34 86 47 6 7 7 
4 0 0 70 47 3 9 9 
2 7 39 55 31 0 4 6 
4 3 45 43 28 9 2 7 
1 8 24 35 75 4 6 6 
1 1 22 40 60 3 2 4 
3 4 24 48 54 4 2 5 
4 8 39 40 18 2 7 7 
7 9 7 59 64 5 5 2 
0 5 0 82 29 6 1 9 
9 2 51 80 36 9 4 4 
5 8 41 66 78 7 0 4 
9 2 43 34 37 8 5 3 
5 8 30 64 49 5 9 4 
9 7 33 34 48 9 5 6 
1 0 32 71 57 2 8 9 
7 5 9 41 56 5 6 9 
4 0 13 39 36 3 2 4 
5 9 39 53 57 2 0 0 
3 3 27 38 52 1 1 6 
4 8 47 61 68 0 3 0 
3 8 22 77 70 8 8 4 
5 4 10 58 78 2 0 8 
6 9 33 74 54 9 7 5 
9 7 36 79 27 7 5 2 
2 9 20 66 25 3 3 4 
9 2 31 58 39 2 7 4 
9 8 0 21 56 5 4 2 
1 1 20 78 37 3 2 6 
9 0 21 95 43 5 7 1 
1 6 59 16 52 4 6 2 
2 9 46 74 60 8 9 5 
3 2 72 20 42 9 3 4 
1 2 33 68 32 0 8 1 
9 1 13 13 78 1 3 3 
6 2 44 69 29 5 0 9 
3 0 0 61 62 1 3 2 
0 3 69 48 60 4 6 2 
8 0 12 21 51 0 3 5 
1 8 48 12 36 7 3 3 
6 3 50 65 79 3 1 9 
8 9 31 64 55 9 0 8 
6 4 16 42 65 3 6 2 
7 0 46 53 35 2 0 4 
8 7 35 66 53 7 6 3 
5 0 41 42 16 6 0 7 
1 7 45 61 8 6 1 0 
2 4 58 42 64 7 9 4 
1 6 18 48 47 8 0 0 
5 9 41 71 64 0 4 4 
9 6 50 70 10 7 1 8 
3 4 44 75 57 7 8 4 
2 8 50 33 62 7 6 6 
7 1 16 40 36 3 9 8 
6 5 68 48 66 4 5 1 
2 1 42 46 47 3 2 7 
0 7 36 26 0 3 0 0 
0 3 49 73 70 8 1 5 
0 2 22 46 31 3 0 9 
0 2 53 31 67 7 5 0 
6 6 40 44 30 1 0 3 
2 8 1 59 5 8 1 4 
4 1 30 47 45 0 1 7 
6 1 0 40 64 1 4 2 
0 4 14 48 48 3 0 8 
0 0 78 57 48 6 0 3 
0 9 84 54 56 3 8 8 
1 0 22 57 100 7 2 0 
0 8 33 44 25 5 3 0 
8 7 46 69 68 6 5 0 
1 3 22 71 43 7 1 1 
8 8 30 63 36 7 5 1 
1 8 15 46 19 5 8 5 
0 1 51 50 71 4 4 6 
2 7 43 83 39 0 3 0 
7 1 44 37 34 6 4 6 
2 4 21 95 53 7 6 7 
8 2 11 68 29 4 9 7 
3 4 19 67 48 1 7 1 
9 7 18 27 60 2 6 5 
6 5 35 37 57 6 5 8 
4 1 25 74 62 8 6 6 
0 0 28 48 48 8 9 1 
2 8 38 11 81 8 2 0 
8 2 35 61 84 8 9 2 
1 2 4 8 24 9 8 9 
5 3 5 61 27 8 0 9 
2 9 20 87 74 1 5 0 
4 8 26 39 37 1 9 9 
3 3 58 30 49 7 4 8 
9 8 35 30 64 7 3 1 
6 0 34 21 55 6 8 9 
9 3 41 53 31 9 9 7 
7 2 33 48 101 3 0 4 
7 1 32 19 13 1 7 5 
6 1 4 60 34 9 6 8 
2 0 32 93 44 5 1 1 
9 0 17 1 54 2 7 3 
7 6 0 28 41 7 6 4 
0 1 51 59 54 2 6 7 
4 1 68 69 48 3 3 3 
6 1 28 50 20 1 4 5 
5 8 11 40 52 4 5 3 
7 4 25 77 63 6 0 5 
6 9 24 60 35 3 8 0 
8 7 17 45 43 0 5 7 
0 5 55 80 42 7 2 8 
3 9 23 35 46 5 0 3 
3 8 57 54 51 8 3 4 
6 5 50 50 34 8 1 8 
0 3 12 55 97 9 0 8 
3 5 27 49 36 8 1 2 
5 9 28 60 63 6 9 0 
1 4 20 27 33 3 5 0 
1 3 0 9 36 3 4 0 
0 1 42 63 40 7 0 0 
9 4 33 41 54 5 5 7 
8 7 55 77 55 9 8 5 
5 1 23 39 49 7 8 6 
0 2 40 29 44 3 8 2 
4 6 39 66 29 5 2 8 
6 8 0 50 17 9 2 8 
0 0 32 42 97 8 7 3 
8 9 17 43 17 3 8 1 
4 2 3 78 33 9 2 7 
0 4 0 68 62 8 3 9 
3 0 56 65 44 7 5 0 
9 2 25 44 38 5 2 1 
1 5 12 42 50 0 6 3 
6 6 19 73 71 3 4 4 
3 7 2 35 83 3 2 8 
3 7 42 60 28 8 0 4 
5 2 33 11 73 1 3 4 
9 3 15 32 58 5 0 8 
0 6 64 8 41 6 1 0 
6 9 7 90 72 5 9 7 
2 2 51 18 48 0 2 3 
2 7 11 77 40 2 3 9 
9 7 52 59 69 9 7 0 
1 9 30 47 51 9 9 8 
3 7 23 51 83 1 6 6 
8 7 39 52 30 7 9 2 
1 2 58 12 66 8 0 2 
0 2 0 39 74 7 5 8 
5 2 3 52 53 2 1 7 
1 9 0 30 35 5 1 2 
3 6 48 79 70 0 2 0 
6 6 8 75 43 6 9 8 
2 9 56 62 28 4 1 5 
0 0 89 37 35 2 2 6 
2 8 20 50 32 9 4 8 
3 5 9 46 23 4 8 3 
9 2 20 62 108 3 7 8 
2 4 4 57 7 8 2 6 
5 1 59 46 56 9 1 9 
1 6 5 30 46 9 0 5 
7 6 63 49 66 5 3 2 
4 1 16 34 55 9 4 1 
3 4 15 50 27 3 9 7 
4 9 23 31 35 2 0 0 
1 0 0 29 29 5 0 9 
4 5 45 47 62 6 4 2 
3 0 20 40 58 8 6 1 
0 3 50 53 45 8 4 3 
8 7 32 55 51 1 7 9 
6 0 46 39 44 3 2 0 
1 0 23 29 71 9 9 8 
2 7 24 61 25 0 8 4 
7 7 21 55 41 0 2 8 
0 5 53 59 20 2 2 1 
6 8 28 72 74 6 0 8 
0 5 47 32 65 2 4 9 
1 3 0 42 29 6 9 6 
8 0 52 42 44 5 1 8 
6 6 0 51 60 7 4 1 
4 4 36 72 53 9 8 6 
2 8 38 40 92 7 8 7 
4 4 38 46 56 7 6 1 
7 6 36 41 48 5 9 2 
8 8 6 73 15 4 0 7 
4 2 57 60 67 9 2 1 
7 9 43 35 56 6 1 0 
3 2 83 69 50 7 8 7 
4 8 52 78 94 1 8 5 
9 1 35 48 22 7 9 0 
9 4 29 88 41 9 6 7 
7 9 38 57 40 4 2 0 
0 4 28 36 38 7 0 7 
2 3 29 55 75 4 3 3 
3 1 19 58 29 1 5 9 
8 8 6 62 72 3 2 5 
6 9 24 26 50 9 0 1 
2 3 14 58 82 4 5 1 
1 8 32 24 61 4 0 0 
5 2 31 86 46 9 8 1 
2 7 21 28 21 6 7 9 
3 4 37 62 46 6 4 5 
2 5 54 25 49 4 7 2 
0 2 38 36 19 5 9 8 
8 6 42 68 51 9 9 7 
4 1 33 58 75 0 7 9 
8 7 21 68 62 6 6 9 
4 6 24 56 5 8 2 1 
2 5 26 64 79 1 3 9 
2 7 16 58 54 6 7 4 
9 3 54 72 29 1 8 2 
1 3 36 41 30 4 2 0 
6 4 0 65 90 7 0 9 
6 6 47 46 28 6 3 5 
3 1 45 54 34 2 1 4 
4 6 21 44 65 0 3 8 
7 9 40 22 43 0 8 6 
0 3 24 54 42 4 8 7 
5 4 13 16 67 8 2 5 
8 3 73 59 36 0 2 0 
9 3 42 50 31 4 0 5 
3 5 28 46 6 7 3 7 
6 3 0 45 26 6 3 6 
3 7 33 41 39 3 8 3 
1 3 19 52 79 4 9 0 
0 4 11 23 78 9 5 5 
0 0 24 0 62 9 1 7 
2 1 34 85 45 5 9 1 
2 4 39 59 63 3 2 0 
6 2 23 93 57 0 6 4 
4 7 38 34 48 8 0 4 
8 8 19 74 51 0 4 7 
2 9 7 49 43 9 3 5 
0 0 12 40 45 3 3 3 
6 1 6 44 76 4 0 7 
2 9 36 43 58 5 1 3 
3 9 0 43 58 0 8 7 
0 9 20 44 32 1 7 3 
4 6 0 5 63 5 0 3 
8 3 38 38 29 9 6 3 
7 8 16 41 86 2 7 6 
3 8 38 45 47 7 7 0 
4 8 44 22 49 6 0 0 
9 6 33 65 50 4 7 0 
7 3 49 67 69 2 9 1 
4 6 15 59 72 8 9 1 
6 8 79 57 32 8 6 2 
8 1 10 48 27 8 1 1 
0 3 0 50 80 6 8 9 
4 1 28 68 27 7 8 0 
7 5 31 78 69 6 7 4 
3 5 29 21 39 0 9 3 
9 0 46 39 52 6 0 3 
4 8 0 42 80 5 6 7 
1 6 31 61 1 5 3 8 
6 1 4 40 25 6 7 2 
5 5 23 68 34 5 5 8 
4 1 32 58 59 8 0 9 
4 1 19 55 41 9 7 3 
6 1 21 68 13 1 4 4 
8 0 47 69 63 3 8 8 
8 0 61 60 54 9 7 4 
6 3 44 48 61 6 7 2 
7 0 32 35 56 4 3 3 
0 4 47 76 3 4 4 5 
5 6 3 60 59 6 0 9 
8 2 7 48 33 5 2 8 
2 7 0 66 70 8 8 1 
6 2 7 46 26 1 2 7 
3 5 39 48 18 7 5 2 
3 9 15 71 80 4 8 9 
5 7 59 57 38 2 5 0 
3 5 52 23 32 8 4 5 
3 7 29 38 56 6 4 8 
7 3 19 60 10 4 3 9 
8 4 28 48 51 4 8 6 
4 4 0 7 89 8 1 2 
3 2 42 13 27 2 5 6 
9 6 33 33 70 2 2 8 
0 5 28 43 27 5 8 0 
5 2 38 12 20 5 8 2 
7 8 10 44 60 2 9 1 
9 9 14 56 0 3 6 8 
5 2 75 62 52 7 2 1 
0 1 53 14 22 8 2 3 
1 0 61 44 59 0 3 4 
2 2 34 31 38 9 1 7 
6 2 0 52 67 6 1 8 
1 3 16 59 8 5 9 3 
2 5 15 56 60 2 7 0 
9 1 40 43 76 9 2 9 
5 4 40 77 47 4 1 6 
2 0 15 39 42 0 9 9 
7 8 35 32 71 5 8 7 
7 6 27 90 54 5 2 2 
3 3 41 32 69 4 6 5 
8 8 57 53 41 4 0 0 
4 5 0 47 70 5 5 2 
3 1 11 74 42 4 8 6 
3 1 17 42 61 7 8 8 
2 4 5 59 70 7 3 6 
1 2 0 49 9 6 4 8 
7 9 39 59 72 2 6 7 
8 7 19 20 56 9 8 5 
9 1 32 12 42 3 7 6 
7 9 29 56 24 3 0 6 
5 4 67 89 30 7 6 4 
1 8 4 46 69 6 8 3 
9 2 74 57 13 8 8 7 
9 6 20 48 41 4 4 9 
7 1 25 50 51 5 8 0 
6 6 49 49 37 8 8 3 
7 6 25 59 53 8 8 2 
5 6 39 28 27 6 9 1 
7 4 61 71 10 6 3 6 
4 0 43 78 65 7 7 0 
9 3 26 36 53 3 8 1 
5 2 16 70 60 3 5 3 
5 2 2 70 58 5 3 3 
3 9 41 66 41 6 6 8 
4 9 21 48 24 3 2 2 
1 9 10 48 56 0 7 0 
2 1 0 52 58 2 8 7 
0 1 66 33 22 5 7 7 
7 7 0 44 53 5 0 1 
6 8 15 54 36 5 7 6 
0 6 29 77 12 3 6 5 
6 1 33 32 38 2 7 4 
0 3 39 55 28 9 8 9 
3 7 55 46 24 5 2 7 
6 8 42 51 44 4 6 7 
2 5 7 39 64 5 6 4 
7 4 27 48 71 9 9 1 
1 7 28 63 81 8 5 3 
0 0 22 74 65 2 1 3 
2 3 17 68 33 5 7 8 
8 2 35 29 13 7 5 4 
7 2 25 42 48 9 0 7 
1 3 49 52 47 6 2 6 
8 0 0 43 74 5 0 2 
8 6 24 50 46 5 7 7 
9 8 50 50 66 4 6 2 
5 2 0 66 74 4 3 0 
0 0 0 43 78 6 7 0 
2 1 64 47 80 5 1 0 
9 1 52 41 24 9 0 1 
5 1 37 54 62 0 0 7 
9 1 42 72 69 1 2 0 
9 7 31 46 84 1 3 7 
3 2 24 27 38 8 2 6 
2 6 60 41 91 6 4 5 
3 0 14 48 61 8 0 2 
8 9 43 79 34 1 9 9 
5 8 50 49 102 7 0 2 
6 4 39 50 32 1 0 1 
4 2 47 57 47 0 2 1 
8 1 0 108 37 1 6 0 
3 3 37 11 50 7 0 2 
6 0 48 74 19 1 2 0 
3 5 7 71 89 4 7 5 
0 1 24 50 45 4 6 9 
7 0 70 63 55 1 0 3 
1 7 25 59 31 5 3 8 
5 3 14 45 70 9 2 9 
9 7 66 31 84 0 5 2 
3 8 8 52 38 2 2 1 
6 0 37 54 57 5 3 8 
4 6 17 32 112 3 6 0 
7 6 0 32 44 1 9 7 
1 3 33 29 48 8 6 3 
1 5 16 53 29 6 2 6 
3 1 71 37 63 1 8 2 
1 0 40 31 41 2 9 4 
9 0 1 35 88 9 7 3 
5 0 27 58 39 6 7 8 
9 5 44 55 88 7 9 6 
4 7 65 8 2 2 5 4 
3 7 0 36 49 5 7 8 
2 3 20 25 68 2 2 0 
1 5 21 23 72 2 6 4 
1 9 40 33 63 8 3 1 
1 4 15 49 44 7 9 4 
3 1 64 30 34 1 3 2 
4 4 0 28 53 6 2 4 
4 0 17 21 82 9 7 4 
4 0 70 50 15 0 6 7 
5 7 25 88 29 8 8 1 
8 4 10 48 44 5 2 2 
5 1 31 65 59 5 6 4 
6 8 5 44 27 5 2 5 
8 3 35 34 31 8 8 2 
5 1 17 51 54 3 2 7 
0 1 60 46 52 1 2 7 
0 6 0 34 43 8 4 2 
8 5 0 36 54 2 6 6 
1 7 0 43 50 8 6 3 
9 6 91 45 80 4 8 3 
6 5 27 77 57 9 4 2 
6 9 15 23 27 2 7 0 
8 7 24 40 34 5 6 1 
1 1 0 50 77 4 2 7 
4 9 6 39 34 1 6 4 
2 4 33 40 54 8 2 1 
7 4 29 12 13 2 1 2 
1 5 58 54 31 6 7 2 
6 2 38 42 58 0 4 8 
2 9 24 58 48 5 8 6 
6 3 50 35 52 9 9 5 
5 8 52 66 77 0 6 7 
1 8 62 42 49 9 3 8 
5 0 40 76 51 6 2 2 
2 6 0 48 47 7 9 2 
6 9 27 55 21 1 7 7 
2 9 33 31 73 4 2 4 
9 9 10 45 31 3 8 0 
7 7 45 70 52 5 6 3 
1 8 16 21 73 7 1 2 
9 8 19 69 65 5 3 3 
5 8 54 66 29 8 7 8 
0 7 47 55 33 2 4 5 
8 1 58 51 48 2 4 6 
8 9 28 56 37 6 8 8 
5 8 52 66 57 0 2 2 
8 0 37 63 37 4 3 6 
4 1 11 43 53 0 2 5 
7 3 0 35 70 5 9 5 
8 7 18 65 25 3 8 7 
0 1 31 61 77 4 0 8 
7 1 28 38 43 5 8 5 
3 6 52 51 58 1 0 4 
5 8 21 43 97 8 4 4 
6 1 26 53 76 4 3 5 
8 8 31 60 57 7 1 8 
7 7 24 43 48 5 5 1 
4 6 29 31 51 6 2 0 
6 1 25 40 17 8 2 4 
1 6 16 62 38 5 8 9 
3 5 32 62 32 4 4 5 
4 4 38 39 57 2 1 0 
0 7 31 62 71 6 6 9 
6 4 27 16 59 6 9 1 
5 0 0 82 84 5 3 1 
5 6 36 27 56 5 7 1 
0 6 40 60 65 1 4 6 
5 1 0 42 49 9 0 9 
5 2 38 39 22 8 8 0 
7 5 59 57 0 9 2 6 
7 6 2 74 56 9 2 8 
3 5 0 39 55 3 9 2 
7 4 23 79 38 3 1 0 
3 0 55 75 51 3 9 9 
0 9 54 47 50 4 3 5 
1 1 24 35 25 3 0 5 
3 1 18 35 59 3 5 0 
6 4 18 50 34 9 5 3 
2 7 15 70 50 3 1 5 
0 2 26 45 39 8 2 8 
8 4 0 63 65 1 7 0 
9 0 48 60 59 1 9 9 
6 0 40 61 66 2 4 4 
2 7 59 37 3 5 1 7 
3 4 0 61 40 5 6 9 
3 1 60 51 53 0 3 7 
3 5 17 33 79 9 5 1 
4 8 0 44 52 7 1 2 
0 4 0 66 17 4 9 2 
3 0 42 46 26 2 1 2 
4 6 48 40 51 2 3 1 
2 0 0 35 30 3 4 3 
2 1 33 58 37 2 6 8 
4 0 38 63 46 7 3 0 
3 1 0 99 19 6 3 7 
5 1 24 34 66 7 9 8 
5 5 19 50 5 5 7 6 
9 9 40 46 61 4 0 9 
3 0 19 55 48 9 6 7 
6 9 57 48 77 5 1 2 
0 4 15 44 53 2 1 0 
8 5 55 46 68 3 6 1 
6 2 31 11 58 9 4 9 
7 1 21 36 61 7 1 1 
1 6 59 82 62 1 6 8 
5 0 24 79 60 6 3 7 
1 0 22 62 22 5 7 1 
4 0 0 45 36 8 0 7 
5 5 8 32 51 5 4 8 
7 0 12 52 32 2 0 9 
2 5 26 35 52 2 4 5 
8 5 0 67 32 0 3 0 
3 7 35 64 30 5 2 6 
7 9 27 42 33 0 3 3 
9 6 17 52 45 7 4 0 
9 3 5 28 34 2 4 9 
2 1 0 78 66 7 0 2 
0 6 19 60 77 9 8 9 
2 5 22 45 19 2 0 3 
3 5 0 55 70 0 4 6 
7 1 21 44 43 3 3 9 
0 1 0 37 43 7 2 2 
9 6 58 32 50 1 0 0 
1 7 17 37 29 3 0 5 
4 2 41 63 90 9 0 6 
5 6 44 31 51 9 2 4 
0 7 23 27 60 7 5 4 
0 1 42 38 51 6 1 0 
3 4 42 68 31 1 7 5 
1 3 32 71 19 2 8 3 
9 4 31 59 26 8 8 9 
1 8 35 60 23 2 0 6 
3 2 31 36 60 3 4 8 
4 5 19 48 40 6 2 2 
6 9 40 69 57 2 5 6 
0 3 9 87 72 2 9 5 
9 9 50 14 35 5 2 6 
9 4 26 52 39 6 6 2 
5 3 20 44 65 0 0 8 
4 1 0 61 48 6 3 0 
6 2 43 62 68 7 3 4 
1 3 19 50 63 5 4 7 
8 6 0 31 62 6 7 6 
5 7 0 50 0 9 2 2 
7 1 13 10 27 9 4 1 
2 2 0 73 61 9 7 9 
4 3 75 53 62 5 0 3 
8 5 39 34 1 5 0 6 
9 1 30 65 33 8 1 3 
3 2 6 39 63 4 6 2 
3 8 22 23 60 5 5 1 
6 6 38 74 34 6 8 5 
2 8 28 75 68 5 4 3 
9 0 12 23 42 2 2 8 
2 3 0 76 35 8 0 8 
8 2 27 30 57 6 1 0 
9 4 40 45 73 3 8 6 
7 9 29 74 65 2 8 1 
3 1 56 25 48 9 6 9 
2 7 11 84 35 1 5 4 
5 3 41 39 55 5 1 5 
9 9 53 36 66 8 8 6 
5 7 43 52 50 6 8 6 
0 0 17 83 9 6 8 1 
0 5 36 60 27 8 6 8 
9 4 34 63 53 8 3 7 
3 5 25 50 28 2 8 8 
7 2 36 63 32 1 8 3 
3 9 33 8 49 2 2 2 
1 3 35 32 66 6 1 7 
3 0 22 85 30 9 2 5 
2 7 35 18 30 7 7 9 
7 3 40 11 63 2 7 0 
3 0 37 47 18 8 4 5 
5 4 0 74 6 0 3 2 
0 2 27 46 31 1 2 3 
3 0 54 41 47 7 8 5 
7 9 62 37 62 7 1 3 
1 1 60 46 47 2 7 4 
5 9 38 39 54 6 4 1 
5 2 11 35 56 7 9 8 
6 5 42 16 53 8 1 5 
2 7 50 48 46 7 3 1 
3 5 33 67 35 0 5 3 
5 7 62 59 57 4 3 8 
4 1 62 40 80 8 0 0 
6 5 19 51 19 6 1 5 
8 1 0 51 46 3 1 9 
8 0 13 39 66 2 4 2 
5 2 51 51 33 1 2 4 
1 0 81 42 81 0 9 3 
0 8 17 106 68 2 2 5 
4 9 41 26 59 2 1 1 
7 1 50 47 66 1 5 4 
3 0 0 51 22 9 1 3 
1 9 0 58 63 3 1 0 
9 6 29 52 64 0 1 1 
3 0 35 40 29 0 1 9 
5 3 11 61 66 5 0 9 
0 9 61 51 52 7 4 8 
9 9 2 31 21 7 2 7 
0 2 41 18 52 0 0 4 
2 5 5 52 55 8 3 9 
2 2 3 56 98 4 6 2 
1 0 29 44 32 2 2 0 
1 5 22 49 51 4 9 4 
0 9 50 38 56 6 3 7 
9 6 33 58 12 4 0 4 
2 2 48 43 49 4 2 7 
4 8 35 15 48 4 1 5 
3 1 44 31 45 9 2 6 
8 6 44 27 49 5 3 8 
3 8 28 55 48 4 6 5 
4 7 0 54 58 9 8 8 
4 2 17 54 34 5 6 7 
9 2 39 43 51 0 1 0 
6 9 34 34 52 8 0 1 
6 2 16 47 16 0 5 7 
3 2 71 72 10 1 1 8 
2 4 50 67 62 1 0 2 
3 3 52 44 71 2 5 8 
2 2 54 67 58 9 4 5 
1 0 15 65 62 7 0 0 
7 3 32 47 64 3 9 8 
4 9 65 33 47 9 6 4 
3 9 20 23 53 3 4 5 
2 9 37 76 20 2 3 5 
9 1 23 34 61 5 2 1 
6 0 55 68 49 2 0 7 
6 0 14 8 18 0 6 1 
2 7 17 56 39 5 6 4 
6 0 0 73 62 0 3 0 
0 3 85 64 74 2 1 7 
2 1 53 26 32 7 7 1 
0 9 0 76 61 3 7 0 
2 0 0 27 30 4 1 1 
7 0 11 62 42 4 8 1 
9 3 37 62 13 9 3 8 
4 5 25 79 85 2 7 0 
7 9 39 36 52 1 3 9 
6 6 41 54 70 8 0 9 
5 9 21 45 50 5 8 3 
9 0 0 62 57 0 7 8 
5 8 51 67 21 5 3 8 
6 9 56 38 55 0 2 6 
7 9 0 45 46 0 0 6 
0 2 19 29 65 5 7 5 
2 9 20 24 41 4 6 0 
8 8 37 38 80 6 8 6 
6 2 11 75 30 1 5 9 
5 6 27 58 30 4 0 5 
3 6 46 70 51 6 9 1 
6 6 21 48 40 4 7 6 
9 5 38 68 62 7 4 6 
2 2 22 26 73 6 8 0 
5 1 11 37 74 7 2 5 
2 1 39 41 25 2 0 0 
1 1 15 33 67 0 1 6 
1 6 40 53 55 8 0 1 
9 1 54 49 46 1 1 1 
4 1 72 47 78 4 7 9 
1 8 20 27 19 7 3 2 
3 5 36 26 91 5 6 4 
5 8 14 53 29 5 4 0 
2 8 0 85 62 6 8 0 
3 3 18 58 64 1 9 3 
3 3 17 65 13 3 8 4 
8 2 25 69 46 4 2 5 
0 0 18 49 84 9 6 5 
4 0 40 49 67 9 2 1 
3 4 36 70 80 1 0 4 
0 4 0 80 33 8 7 2 
2 9 42 35 33 1 4 6 
0 5 37 49 56 7 2 3 
9 1 0 41 44 8 6 6 
6 5 23 59 49 8 2 9 
3 8 44 48 67 8 2 7 
7 5 33 38 37 2 1 0 
4 4 52 66 50 1 9 9 
8 4 57 65 64 5 2 1 
7 6 8 40 80 7 6 5 
4 2 41 5 83 6 0 5 
6 2 8 56 32 5 7 5 
1 4 30 62 50 2 6 8 
2 8 44 36 43 3 7 9 
1 2 58 50 63 6 9 4 
9 6 41 56 78 4 1 4 
5 2 11 40 22 7 4 4 
8 5 0 44 16 9 8 6 
1 1 46 58 0 5 2 6 
4 2 13 43 64 4 0 1 
3 0 19 64 37 0 4 6 
3 6 9 49 51 3 1 7 
6 5 24 38 50 6 1 8 
6 8 23 34 79 3 0 6 
1 1 9 29 67 1 6 3 
7 0 32 93 14 4 9 7 
1 3 20 29 60 2 4 0 
1 4 21 56 29 8 0 9 
3 8 29 77 42 7 8 5 
4 0 59 44 50 8 3 1 
6 7 5 30 81 6 9 6 
6 5 50 37 55 3 5 0 
3 4 14 37 0 0 9 8 
4 7 0 66 51 4 3 1 
0 9 38 73 34 4 0 8 
4 3 17 24 31 8 4 5 
4 6 18 50 68 4 4 4 
7 2 14 74 42 5 3 7 
3 0 37 61 45 3 5 1 
8 5 20 61 39 3 5 6 
7 7 60 38 44 4 7 8 
8 5 4 52 74 0 2 6 
3 1 81 73 36 3 2 9 
1 3 32 54 49 3 1 0 
1 0 29 50 26 2 5 4 
5 6 29 42 77 8 8 2 
9 7 27 72 56 2 9 1 
8 0 48 39 74 8 8 3 
8 2 54 80 65 6 8 0 
3 1 77 52 37 2 1 4 
4 9 3 38 36 3 6 3 
5 5 17 83 69 0 6 5 
3 7 35 58 55 0 1 7 
5 8 8 57 55 4 3 5 
3 7 25 70 91 5 5 5 
5 5 11 60 75 0 9 6 
5 5 23 88 61 7 9 6 
0 8 76 64 48 7 4 8 
9 3 42 59 78 8 9 3 
7 9 89 59 54 5 3 7 
6 5 10 17 11 9 4 2 
8 7 31 65 69 9 6 2 
6 5 4 35 61 3 2 0 
2 7 43 62 73 7 2 9 
2 9 29 75 89 5 7 7 
1 3 19 68 32 1 4 8 
0 3 71 80 29 5 7 3 
9 7 26 54 55 6 7 7 
7 8 15 73 31 3 7 8 
2 4 33 53 42 4 2 8 
7 8 45 47 37 2 7 5 
9 7 9 58 58 4 0 5 
2 4 1 49 64 3 4 2 
3 5 34 35 49 4 6 2 
1 4 24 39 66 9 7 4 
2 2 14 38 89 9 7 4 
8 5 15 71 44 2 5 9 
5 2 17 29 52 4 7 2 
0 2 34 37 27 8 7 1 
1 3 36 78 60 7 5 9 
1 1 33 67 50 4 3 2 
4 3 62 52 38 5 4 0 
4 5 1 48 50 8 9 6 
0 0 8 60 42 4 9 7 
7 1 20 9 62 3 7 4 
4 4 14 84 54 1 3 3 
4 6 67 15 59 6 0 2 
2 3 0 26 33 7 2 9 
2 8 40 80 90 7 0 2 
0 1 5 86 30 7 8 1 
5 8 3 41 64 6 5 7 
9 1 10 21 43 8 4 3 
6 9 35 64 54 8 5 7 
0 7 13 23 70 7 3 9 
2 0 40 58 71 1 9 1 
7 1 22 79 34 6 9 9 
9 3 20 18 29 3 1 4 
3 2 58 39 53 3 8 5 
3 3 53 6 52 5 5 8 
3 4 21 38 24 4 0 3 
6 7 38 34 35 2 1 9 
2 6 16 62 61 2 1 5 
4 4 32 46 76 3 6 6 
3 7 44 70 61 2 1 4 
7 0 26 60 55 5 7 0 
5 2 28 61 45 8 8 5 
6 1 17 75 77 5 7 2 
2 0 46 34 59 9 0 6 
7 7 3 37 26 7 6 9 
1 1 26 65 71 0 4 7 
2 1 0 39 63 8 3 3 
2 2 34 48 52 7 8 1 
9 2 23 27 61 7 5 7 
5 8 43 54 59 3 4 9 
5 4 61 80 45 6 4 4 
6 1 65 42 87 8 5 0 
4 2 32 31 76 6 3 0 
3 5 64 75 40 6 8 5 
6 9 25 27 51 0 3 9 
1 6 53 24 56 9 2 8 
0 2 32 52 53 7 7 8 
5 9 62 31 25 8 4 2 
8 8 29 68 52 4 7 3 
8 6 58 46 53 5 5 9 
1 5 2 31 51 4 8 2 
6 5 20 61 58 8 0 8 
4 9 16 6 20 0 2 9 
1 9 0 21 54 5 4 0 
6 5 77 59 45 5 7 9 
9 7 41 65 70 5 8 4 
8 5 19 48 60 8 7 8 
9 2 55 57 56 9 2 1 
0 5 18 44 61 8 5 7 
8 2 9 38 59 8 8 1 
9 9 20 51 55 8 0 1 
4 3 17 62 65 6 5 8 
7 5 45 58 31 9 6 7 
8 8 39 34 68 2 2 3 
0 8 0 51 70 3 3 6 
6 2 49 22 61 0 4 8 
1 0 29 41 64 9 1 8 
6 9 32 55 52 8 8 1 
4 9 4 122 38 1 0 3 
8 1 22 18 62 9 4 3 
2 5 36 39 47 3 7 0 
1 8 12 44 57 8 1 3 
2 4 39 49 29 7 2 8 
5 5 44 50 90 6 6 7 
4 6 42 61 46 2 5 9 
2 4 28 81 32 9 4 4 
2 4 52 25 56 3 1 9 
6 2 16 69 50 6 4 8 
4 7 22 34 75 7 3 8 
2 2 41 58 60 2 1 2 
0 5 8 27 31 1 3 9 
8 8 11 63 57 2 8 5 
5 3 59 53 52 6 2 2 
2 0 13 3 42 1 0 3 
6 2 4 34 52 0 2 8 
0 6 60 94 64 7 9 7 
7 5 43 45 42 5 7 4 
3 2 10 51 45 7 5 4 
4 8 12 28 68 0 9 9 
5 9 20 29 74 0 2 1 
2 6 45 63 56 0 8 5 
2 6 2 80 55 1 1 1 
9 7 45 81 37 5 4 1 
9 6 7 45 21 8 8 7 
6 8 48 62 77 5 0 5 
1 6 35 47 37 5 6 5 
2 9 67 55 61 3 4 3 
7 7 33 31 49 7 8 9 
6 8 4 23 16 2 4 0 
4 7 19 44 56 0 5 2 
1 7 61 36 76 7 9 2 
2 4 29 39 63 7 6 4 
5 3 64 50 72 4 2 4 
7 3 29 52 29 6 2 3 
6 2 1 73 45 8 8 1 
3 2 33 63 51 3 7 4 
9 5 50 38 63 5 6 4 
3 6 13 44 57 1 9 6 
7 8 38 52 52 7 5 1 
0 1 29 29 40 8 6 9 
9 6 26 81 74 6 8 0 
8 3 21 68 47 0 8 8 
3 0 27 84 51 1 2 2 
0 0 28 32 82 1 4 1 
7 1 9 23 30 0 4 3 
2 8 35 13 41 3 3 4 
1 0 0 67 51 3 3 2 
2 7 34 71 72 6 5 0 
0 7 10 37 27 6 8 2 
8 9 53 62 72 8 8 0 
9 4 52 28 33 8 5 9 
4 6 23 67 89 2 4 9 
2 8 32 63 85 6 8 8 
5 0 34 87 33 2 0 9 
9 3 31 31 84 3 5 1 
8 7 4 16 36 9 2 6 
3 3 50 67 30 3 9 6 
6 3 47 22 43 8 2 2 
1 7 12 69 67 0 6 2 
7 7 6 107 36 0 9 4 
4 7 0 75 69 1 4 9 
6 9 28 56 12 2 4 8 
8 5 51 32 9 9 8 6 
6 3 36 46 41 4 7 5 
1 2 49 14 48 9 7 1 
7 5 38 43 56 3 9 4 
7 6 38 16 34 2 3 7 
6 4 5 44 34 4 4 2 
0 0 22 76 32 9 8 1 
7 5 12 27 74 2 4 8 
5 1 11 82 62 0 0 4 
2 3 18 61 67 0 1 3 
5 9 26 16 66 8 1 8 
4 8 0 75 47 0 4 1 
8 6 53 73 65 1 5 8 
3 8 33 67 42 6 4 9 
0 4 57 23 58 8 2 0 
5 8 8 66 57 5 9 8 
2 2 46 60 33 5 6 4 
0 1 0 11 47 1 7 0 
9 6 22 13 80 8 1 5 
0 4 49 59 90 3 2 1 
4 3 24 40 68 8 0 4 
9 4 24 53 37 7 9 6 
6 5 18 68 40 0 7 3 
9 4 64 87 49 1 0 9 
3 0 76 45 50 7 0 9 
6 5 30 35 36 6 4 7 
4 8 33 18 37 8 5 1 
3 1 41 8 27 3 1 4 
8 7 38 27 58 0 2 5 
7 1 12 63 33 9 7 7 
9 5 31 45 71 2 6 6 
6 3 69 84 56 5 0 5 
9 4 68 70 91 8 7 4 
9 4 13 61 42 1 3 4 
2 3 10 57 24 5 9 6 
8 3 0 69 73 3 3 6 
8 3 50 0 32 8 7 9 
4 3 47 49 45 7 1 7 
9 8 19 42 48 1 6 0 
8 2 27 51 46 0 4 2 
3 0 61 33 52 6 9 8 
3 3 56 50 54 3 4 8 
1 3 16 62 49 8 9 8 
9 2 24 79 60 8 0 8 
5 1 12 64 90 6 5 4 
7 5 12 33 42 1 8 6 
8 2 0 63 49 7 4 3 
2 1 53 54 39 6 6 4 
1 3 39 59 47 9 0 2 
3 1 18 44 74 8 1 5 
3 9 4 42 65 8 6 6 
0 7 27 86 81 2 5 9 
4 9 37 65 49 7 7 5 
0 4 18 54 66 3 3 3 
8 1 5 53 46 9 6 7 
0 4 51 71 54 2 6 7 
1 5 36 35 79 3 8 8 
7 4 14 63 39 5 1 0 
1 6 22 22 88 8 0 9 
2 9 21 84 48 9 9 6 
2 7 38 85 47 8 5 4 
0 7 39 55 21 4 9 5 
5 4 18 76 23 5 1 5 
2 3 25 17 58 1 9 9 
4 6 13 44 57 3 9 9 
5 3 39 69 68 3 2 8 
0 0 31 74 45 9 5 7 
9 7 12 62 38 1 2 9 
4 4 23 52 58 5 5 7 
6 9 2 81 44 7 2 5 
9 0 0 36 73 4 4 0 
3 1 8 49 62 0 1 9 
6 7 0 43 26 5 5 4 
1 8 20 56 35 0 0 4 
7 8 11 39 85 8 6 0 
6 3 45 13 36 9 4 9 
8 4 28 24 63 6 8 6 
5 1 27 34 58 9 5 6 
4 0 34 57 66 7 9 8 
7 9 12 28 56 2 8 0 
1 5 25 42 46 9 1 3 
1 2 50 45 41 1 6 1 
8 1 21 48 85 9 6 8 
8 8 13 63 25 7 1 3 
4 3 37 52 29 2 4 9 
0 8 26 41 52 6 8 2 
9 1 15 55 84 6 8 6 
0 3 38 56 38 3 5 2 
7 6 28 25 31 4 3 2 
3 4 56 39 54 8 9 2 
3 2 34 95 46 6 3 3 
1 7 41 10 63 4 7 4 
0 4 35 10 31 6 0 4 
8 2 22 68 65 0 8 4 
1 1 67 75 25 9 1 1 
8 0 31 33 56 1 0 9 
9 2 61 38 45 5 3 9 
3 4 32 64 45 8 2 3 
2 5 64 77 67 2 3 3 
9 0 25 50 42 9 7 7 
6 3 16 70 34 4 8 1 
9 1 17 36 33 4 6 9 
2 9 51 12 67 7 8 7 
7 1 32 29 82 5 1 7 
3 7 27 45 52 2 9 8 
0 0 11 23 61 4 6 0 
7 3 26 70 46 9 7 4 
3 5 18 34 52 1 7 4 
2 4 37 18 51 1 8 3 
1 4 30 0 50 4 2 1 
7 5 30 41 59 7 3 2 
6 7 42 65 32 3 7 8 
5 3 40 22 37 2 3 3 
6 3 27 22 39 9 2 5 
0 1 56 52 44 1 9 2 
9 0 26 85 39 9 5 2 
3 3 18 73 74 6 2 0 
0 0 70 57 24 1 5 2 
3 0 16 18 73 0 6 5 
0 4 45 37 36 3 7 4 
7 2 22 36 62 1 9 7 
8 1 28 36 62 9 0 1 
3 1 34 58 43 1 2 9 
2 0 30 80 73 5 6 0 
3 7 26 32 51 6 8 3 
3 9 41 86 65 0 8 8 
5 9 56 12 70 7 7 6 
2 6 30 51 34 6 0 2 
6 2 17 60 61 6 6 2 
6 1 65 59 18 1 5 3 
4 3 25 55 26 6 0 5 
7 1 24 57 53 3 2 7 
0 2 28 43 76 0 4 3 
2 7 25 46 54 5 4 7 
2 1 36 30 34 4 1 4 
5 6 7 44 53 0 2 4 
2 3 15 75 59 4 3 5 
1 4 6 57 29 1 5 3 
6 9 6 43 28 6 4 5 
4 3 4 56 66 0 3 5 
8 0 63 37 44 7 3 7 
2 6 46 73 37 8 9 6 
7 5 49 61 56 3 7 9 
9 1 44 53 39 5 9 2 
2 5 14 39 8 6 2 3 
5 1 0 69 42 4 3 1 
7 4 35 35 46 3 0 7 
6 7 15 57 0 7 8 3 
9 7 10 80 60 9 3 9 
4 3 30 71 32 8 1 1 
1 2 29 60 35 4 6 6 
6 5 11 53 66 3 2 5 
0 6 22 21 84 8 1 9 
6 7 59 34 53 7 3 4 
4 7 0 26 33 0 3 8 
1 6 55 61 70 8 1 5 
2 3 78 79 17 8 0 7 
3 8 49 55 31 9 6 3 
4 3 36 74 46 4 8 7 
6 8 26 40 55 1 6 8 
6 9 28 64 55 6 2 2 
0 1 55 19 53 1 0 7 
5 4 20 54 67 9 4 4 
0 9 15 27 79 7 6 2 
5 0 56 36 61 3 4 0 
4 2 12 61 60 5 2 3 
4 1 29 73 99 0 0 9 
5 0 44 35 47 7 4 6 
0 3 15 67 82 4 8 7 
7 2 26 65 42 2 0 5 
7 4 70 46 66 8 6 3 
1 8 33 55 17 0 8 5 
0 7 9 14 67 2 5 8 
1 1 16 55 64 8 2 1 
5 3 40 83 56 4 5 5 
9 1 20 36 34 3 3 2 
1 6 21 32 102 6 5 3 
9 0 21 18 44 9 5 5 
8 2 20 75 45 8 2 7 
3 7 33 47 83 2 4 9 
1 1 29 44 0 3 9 2 
5 3 6 49 31 6 3 1 
3 9 70 91 58 9 9 3 
5 0 22 45 79 7 4 5 
9 1 49 59 79 3 2 3 
7 2 23 35 35 8 5 1 
0 9 26 49 59 5 5 5 
7 0 17 29 42 1 0 0 
3 8 10 45 41 0 7 2 
8 9 4 73 56 3 8 8 
2 2 7 49 79 9 8 5 
1 9 12 70 47 5 3 4 
1 4 42 58 45 0 1 7 
3 1 34 91 38 5 1 6 
2 6 33 38 50 0 8 1 
2 5 23 66 84 0 9 3 
5 0 29 63 62 1 5 6 
7 8 33 20 93 6 3 1 
0 0 0 63 26 4 4 0 
8 7 31 53 61 3 6 1 
6 0 30 51 64 4 3 5 
4 3 46 48 19 0 2 5 
1 6 21 47 20 2 1 7 
4 0 13 32 32 8 9 4 
3 4 8 61 67 7 3 4 
4 3 23 56 66 9 8 0 
0 0 0 50 61 1 2 4 
2 7 7 32 25 8 7 9 
7 3 41 60 65 3 6 3 
0 1 7 56 68 7 2 7 
5 5 0 63 40 2 3 8 
7 4 16 21 29 3 9 3 
2 7 17 69 80 5 3 1 
0 3 0 63 47 0 7 0 
9 4 35 49 46 8 5 3 
3 3 3 68 71 2 9 1 
0 1 19 36 24 8 8 6 
1 6 18 52 35 5 0 2 
7 9 39 48 23 2 7 6 
6 0 26 68 47 1 2 8 
9 7 27 23 72 0 1 3 
3 5 0 40 22 0 7 8 
8 3 40 53 48 6 6 9 
3 3 52 18 44 2 4 9 
9 0 37 73 76 0 6 7 
5 5 43 85 74 5 3 4 
0 9 29 69 38 7 2 8 
5 3 44 78 35 5 0 2 
9 1 21 51 60 5 6 8 
7 5 56 75 33 6 0 6 
8 2 38 53 81 1 7 2 
9 3 0 2 71 0 8 2 
8 6 21 31 29 3 9 5 
4 5 48 41 30 9 6 9 
0 8 37 34 48 8 2 5 
8 1 5 35 72 3 8 5 
8 0 54 76 84 4 0 2 
5 5 17 12 67 5 5 8 
2 8 32 52 64 1 7 9 
6 9 51 60 48 8 5 7 
1 5 18 28 5 6 1 9 
8 8 35 13 50 0 7 3 
5 5 42 34 13 5 4 1 
3 2 28 49 33 4 6 5 
0 7 10 40 79 1 6 3 
2 6 25 73 36 1 8 1 
2 9 13 52 72 3 9 6 
2 4 7 83 78 6 6 6 
0 5 49 61 27 8 1 0 
0 3 1 42 73 4 1 4 
4 3 0 52 14 9 4 3 
1 8 0 99 52 8 4 9 
4 1 13 58 50 9 0 2 
2 5 64 98 42 3 8 2 
7 0 34 57 77 3 3 0 
7 8 18 57 49 5 6 6 
5 0 52 6 56 4 3 9 
7 4 72 47 65 9 1 8 
8 4 28 65 47 3 4 9 
9 1 50 88 33 2 7 1 
1 9 10 43 44 7 4 1 
2 4 0 76 58 1 1 9 
3 1 40 42 21 2 9 0 
8 8 29 24 58 4 4 3 
2 6 37 37 87 2 1 5 
1 2 44 55 27 9 9 8 
3 9 8 80 31 3 0 0 
4 7 37 77 51 7 6 7 
7 5 66 40 59 1 6 5 
3 6 17 46 35 7 2 9 
9 8 4 30 34 6 3 2 
0 2 11 64 59 0 0 2 
5 8 0 51 36 6 1 3 
8 6 12 42 29 8 1 2 
4 6 7 79 68 1 2 4 
7 5 0 70 41 6 8 9 
0 1 0 67 47 5 0 0 
8 4 32 54 43 5 6 8 
9 3 74 38 42 6 9 1 
0 9 13 31 58 2 6 7 
3 0 45 89 36 9 4 8 
6 6 7 26 44 0 5 4 
8 7 0 49 79 6 8 3 
1 6 23 81 41 7 7 8 
5 6 56 58 52 0 2 5 
3 5 7 25 65 9 3 8 
8 4 44 57 65 3 8 3 
9 7 27 40 78 1 7 9 
6 7 51 77 36 2 9 8 
4 2 22 4 29 5 8 7 
4 7 17 46 93 2 8 5 
3 5 7 16 49 8 5 1 
7 7 14 52 62 8 3 6 
9 2 24 66 61 6 3 5 
1 8 0 10 71 8 8 2 
3 5 74 21 61 9 9 6 
3 4 41 25 53 6 7 8 
3 7 1 54 64 3 9 4 
7 9 33 72 66 9 5 7 
1 3 7 61 20 3 5 2 
5 8 33 57 60 0 3 1 
3 3 0 87 28 4 9 3 
3 4 41 54 26 8 1 8 
6 9 0 56 0 0 1 0 
2 3 23 53 6 4 2 5 
1 3 49 68 57 7 6 1 
3 9 49 12 37 8 7 2 
5 9 24 38 49 4 3 4 
4 0 42 44 62 6 4 1 
8 8 19 55 84 5 2 7 
0 0 0 62 44 9 0 2 
6 3 10 21 58 1 5 2 
1 1 7 34 46 8 9 4 
3 6 57 54 48 1 9 5 
7 8 37 34 70 9 5 8 
1 8 49 45 41 7 4 6 
5 8 47 48 62 0 6 3 
6 3 9 39 68 8 7 4 
1 2 39 53 19 1 9 7 
5 6 21 31 71 5 3 7 
8 3 52 72 61 2 8 9 
6 4 15 40 70 1 4 9 
9 9 26 42 35 8 4 9 
1 6 67 46 39 5 3 0 
0 3 23 34 44 6 0 6 
3 1 40 93 52 6 3 7 
8 1 60 35 29 9 3 4 
5 6 40 68 72 1 8 6 
5 5 20 43 22 9 0 7 
6 3 7 33 22 8 1 3 
4 2 19 36 47 1 3 9 
5 8 26 64 53 3 5 6 
6 7 0 48 57 3 2 8 
9 5 25 55 60 6 1 5 
8 1 52 50 41 8 8 5 
4 6 26 11 56 4 7 6 
7 2 49 28 19 0 9 0 
5 4 33 44 52 0 9 1 
4 2 43 36 36 0 1 4 
7 2 35 19 72 9 9 9 
9 6 22 70 37 4 3 5 
4 1 32 51 47 9 8 0 
6 4 52 25 48 2 1 8 
0 9 60 55 55 7 0 3 
7 9 67 23 16 9 1 0 
7 8 8 0 23 8 0 3 
5 3 25 26 64 1 6 7 
1 7 44 28 71 5 2 1 
4 3 47 91 42 3 0 5 
8 1 17 8 51 0 4 9 
3 6 12 61 10 6 4 6 
9 7 5 36 59 6 8 1 
0 0 34 64 39 8 1 8 
9 7 19 47 57 1 0 0 
7 2 0 57 38 2 0 8 
7 9 20 48 44 1 0 8 
3 2 40 63 45 5 8 4 
3 0 40 39 79 3 3 5 
0 5 33 46 75 7 6 6 
8 5 35 31 33 4 3 4 
2 1 0 71 61 2 4 7 
7 3 19 51 0 3 1 3 
4 9 35 90 31 8 7 3 
1 1 26 63 68 0 1 9 
3 6 1 35 62 2 8 5 
0 6 47 0 32 7 0 0 
8 4 2 62 29 8 1 7 
1 9 37 26 64 4 1 3 
1 1 33 37 49 8 9 7 
0 9 0 19 30 3 7 2 
1 4 24 0 25 4 9 3 
1 5 14 48 44 8 5 2 
9 1 19 83 81 1 1 9 
0 1 16 89 57 3 4 0 
4 6 43 43 35 3 8 7 
8 4 42 63 47 3 9 7 
2 0 34 41 42 2 8 3 
1 2 3 48 41 1 2 0 
5 8 59 53 58 4 2 1 
9 6 61 44 44 6 8 1 
3 9 67 60 36 4 8 9 
6 3 43 58 19 9 3 1 
7 6 25 37 62 7 6 6 
4 1 39 71 64 3 1 6 
9 7 27 39 58 6 8 8 
1 8 38 46 71 0 6 2 
3 7 18 66 48 9 9 4 
7 1 42 43 66 6 9 2 
1 1 28 23 18 2 0 3 
8 4 9 37 113 9 9 4 
9 6 15 18 29 6 6 9 
7 9 48 38 45 5 3 4 
0 6 0 50 49 0 8 3 
5 7 33 64 46 5 6 5 
1 9 42 45 112 6 4 2 
8 0 0 52 38 3 8 7 
6 3 39 66 73 8 0 8 
9 8 10 75 37 5 0 7 
5 4 47 65 53 6 2 6 
7 2 34 69 46 6 2 7 
1 8 36 19 77 0 0 2 
0 7 16 46 79 3 4 2 
6 1 24 61 16 3 5 5 
5 7 21 43 33 4 5 5 
7 2 4 54 58 0 7 6 
6 4 60 24 51 9 9 2 
7 5 21 43 62 9 9 0 
1 5 40 48 43 8 8 8 
0 7 44 64 51 3 0 6 
0 8 38 31 53 9 1 8 
0 0 21 49 49 2 9 2 
0 9 40 51 63 7 9 9 
6 8 32 45 55 1 8 1 
7 9 38 62 19 7 4 1 
7 9 58 57 61 3 4 7 
3 9 35 84 30 2 8 4 
7 8 16 69 37 3 2 8 
4 1 0 39 25 1 3 5 
5 7 36 55 59 2 9 9 
9 4 28 56 19 0 8 8 
2 0 36 31 48 7 4 9 
1 3 25 35 9 4 3 6 
7 1 42 44 67 4 1 8 
4 4 11 87 38 7 3 3 
2 8 5 39 55 0 4 6 
3 2 54 35 40 1 6 7 
4 1 31 36 41 2 7 9 
1 1 69 52 17 6 6 3 
9 6 14 25 12 1 4 3 
2 0 54 91 48 3 4 2 
2 2 37 75 53 7 8 5 
7 4 11 51 41 5 4 8 
4 1 20 40 43 1 9 5 
0 6 47 2 39 1 5 2 
2 6 35 24 30 9 1 7 
4 8 34 51 23 6 9 7 
9 9 21 28 58 3 5 9 
6 6 0 28 52 4 8 8 
6 2 30 22 52 5 6 8 
8 7 26 62 56 1 8 0 
1 3 28 42 60 6 2 4 
1 5 30 33 68 7 3 9 
3 7 78 46 75 7 4 9 
9 2 29 46 48 0 5 9 
3 1 27 49 65 0 4 2 
1 6 22 39 57 8 0 2 
5 5 50 86 27 2 0 8 
4 7 12 58 14 4 2 0 
0 7 16 72 68 9 6 3 
9 7 22 63 53 2 9 6 
2 0 49 49 41 7 1 8 
4 6 52 74 26 9 2 1 
4 6 38 42 52 6 3 5 
7 4 53 57 61 7 8 5 
1 1 8 63 10 2 5 8 
4 6 59 25 47 2 6 6 
3 4 59 41 33 9 3 9 
3 2 9 45 46 2 6 5 
6 9 32 60 61 7 9 8 
4 1 44 87 48 0 9 7 
4 7 3 26 57 9 2 5 
5 7 37 89 53 5 3 1 
7 0 4 49 65 0 6 7 
7 0 68 74 72 7 9 4 
7 1 52 62 77 9 7 0 
5 7 44 65 51 2 2 2 
6 5 44 51 53 5 7 5 
5 3 76 69 46 5 5 0 
5 6 25 97 60 2 9 9 
4 4 37 75 40 1 6 8 
7 5 38 51 44 0 2 6 
8 0 20 44 79 1 9 3 
0 2 50 35 40 3 1 5 
6 3 73 35 50 3 6 6 
9 4 42 32 66 1 6 7 
3 4 0 59 60 5 0 5 
3 4 53 44 67 0 0 6 
7 5 0 52 69 1 1 6 
8 0 48 51 48 4 0 7 
1 7 12 58 85 8 0 7 
5 9 16 48 34 0 5 4 
5 7 36 41 70 1 5 0 
1 9 39 84 40 8 5 2 
6 0 49 84 31 9 3 2 
9 6 37 37 56 0 5 5 
6 5 16 9 58 9 4 4 
4 9 35 54 24 9 5 1 
4 9 36 51 18 4 8 6 
6 6 48 77 57 1 7 7 
3 8 63 30 80 5 3 5 
5 5 25 7 28 4 1 3 
8 6 29 68 58 7 6 0 
0 6 34 54 53 3 3 0 
5 7 23 67 53 9 5 1 
3 0 7 61 45 1 0 8 
9 3 41 33 54 8 0 6 
2 0 33 46 45 2 9 4 
7 0 12 24 49 8 8 6 
5 9 34 66 92 1 6 1 
2 3 18 39 74 4 3 6 
3 6 31 57 37 3 6 4 
1 0 30 40 40 3 4 6 
2 0 11 64 71 6 7 0 
0 1 37 52 34 3 0 3 
6 4 40 26 76 4 3 5 
5 5 16 62 45 3 9 7 
2 5 35 23 98 5 9 1 
0 0 39 58 52 0 2 1 
9 4 35 80 45 8 5 7 
0 4 13 33 50 7 0 4 
4 6 31 55 38 7 3 4 
8 9 3 56 48 4 8 2 
2 0 27 38 81 4 6 8 
0 3 0 10 43 8 5 0 
3 5 17 68 36 3 1 9 
2 0 15 41 88 3 7 3 
5 1 0 66 38 7 2 3 
8 8 40 53 57 8 3 7 
6 8 28 31 61 2 1 4 
0 0 56 29 60 2 5 4 
5 9 18 77 78 8 3 7 
2 0 11 46 29 8 5 6 
1 1 34 35 39 0 7 8 
0 5 14 50 30 1 2 3 
9 1 21 30 71 6 4 0 
2 5 39 39 56 1 6 4 
4 0 6 54 62 3 9 4 
7 4 32 50 48 7 9 6 
9 1 11 98 45 8 7 4 
3 5 17 66 71 6 0 6 
5 2 35 47 7 9 2 3 
9 5 0 101 33 9 5 7 
6 6 27 82 35 7 0 7 
3 8 46 62 29 9 5 9 
5 6 66 43 46 5 9 3 
1 3 51 49 53 5 8 3 
5 0 11 36 44 2 5 5 
8 7 22 40 57 5 6 9 
8 6 30 55 86 7 1 3 
0 2 22 41 66 1 7 0 
2 8 19 18 69 0 4 2 
5 2 37 64 27 0 9 3 
3 3 55 38 25 1 2 2 
1 8 48 39 55 9 3 4 
5 5 18 34 41 2 1 4 
1 7 22 49 48 7 6 9 
6 1 9 77 28 8 6 4 
7 0 12 41 57 5 3 3 
1 9 17 50 34 0 7 8 
6 5 6 65 12 3 3 7 
3 3 59 78 55 7 1 9 
7 0 34 38 52 3 3 8 
9 5 22 48 63 9 7 4 
9 9 17 19 43 1 6 1 
1 5 3 43 89 9 2 8 
1 8 6 58 51 8 5 1 
3 5 52 70 62 5 4 8 
6 1 12 60 76 2 6 1 
4 6 6 25 69 0 9 7 
1 7 29 37 57 7 4 6 
8 5 19 62 72 8 2 1 
1 9 24 51 40 4 2 3 
7 8 0 72 18 3 0 5 
5 0 15 52 76 3 9 4 
4 5 25 28 40 1 1 4 
8 7 50 57 66 1 9 0 
1 0 41 53 44 3 6 9 
3 2 28 19 52 0 4 8 
3 9 46 31 53 0 9 0 
3 9 37 73 8 3 5 6 
5 4 35 42 47 7 7 5 
6 9 47 43 48 5 5 4 
0 0 0 40 69 0 1 5 
0 1 54 55 62 5 2 2 
1 9 27 31 36 4 5 6 
2 2 58 90 55 5 9 1 
4 8 49 46 61 6 4 4 
9 1 4 62 90 0 3 4 
7 4 9 41 29 0 8 9 
5 7 48 57 26 3 0 5 
4 3 31 73 48 3 9 2 
8 1 41 55 54 7 3 5 
2 9 45 51 54 4 9 9 
1 5 10 67 64 3 1 6 
8 2 8 76 43 4 6 6 
5 0 33 21 45 7 0 9 
6 4 17 11 40 9 9 0 
9 3 34 58 45 3 0 0 
5 0 33 59 74 4 1 2 
7 0 33 39 69 2 6 0 
8 3 59 46 78 5 5 5 
6 0 27 48 44 5 9 9 
1 3 12 30 34 7 0 2 
2 9 23 52 29 7 7 2 
1 4 20 36 41 1 8 3 
0 2 42 37 25 7 2 7 
7 6 0 44 70 3 6 1 
1 5 29 73 48 6 5 0 
4 6 10 58 52 5 3 6 
4 3 11 62 100 1 7 8 
4 6 39 38 61 7 8 2 
4 2 21 48 53 4 6 5 
6 0 4 48 85 2 7 5 
0 3 57 21 26 5 4 7 
2 2 29 54 56 3 5 1 
0 4 37 39 52 1 1 3 
6 2 43 93 13 7 0 5 
3 6 27 32 69 1 5 6 
2 3 4 51 48 0 1 0 
5 5 33 33 82 6 8 5 
4 8 4 26 18 3 4 6 
1 5 36 12 71 9 2 8 
8 6 43 69 55 1 3 7 
7 9 52 48 73 4 4 2 
7 8 40 40 101 0 9 9 
8 5 28 36 30 0 4 4 
8 7 6 53 63 8 6 5 
3 4 58 37 38 2 5 6 
1 0 6 79 72 2 0 2 
9 4 29 7 39 3 6 2 
8 9 4 50 64 9 8 4 
0 5 50 66 46 9 3 7 
0 7 54 35 12 6 1 7 
6 7 0 72 38 9 0 7 
6 2 42 54 53 2 6 4 
1 0 37 70 26 2 5 5 
5 4 31 88 75 9 7 3 
2 5 39 42 57 7 3 6 
9 2 31 36 42 9 6 0 
2 2 19 84 44 6 7 7 
0 9 60 70 48 1 0 1 
5 7 40 50 41 9 2 4 
4 1 47 43 18 1 9 7 
8 6 28 8 29 1 8 1 
1 4 47 47 64 5 4 7 
4 4 40 38 60 3 8 4 
6 4 0 29 88 9 5 3 
5 3 16 50 7 8 6 5 
8 4 39 57 68 5 9 7 
3 7 28 22 34 8 0 4 
7 0 74 8 39 2 1 4 
4 5 15 22 37 4 7 5 
5 4 32 52 32 3 9 3 
1 8 28 29 73 8 3 9 
1 0 39 57 54 9 1 5 
5 0 22 74 49 7 7 5 
8 5 13 53 62 4 3 2 
8 2 47 53 24 2 5 6 
5 3 0 32 38 4 7 9 
6 0 0 23 65 8 6 2 
0 3 28 43 26 2 9 0 
9 9 55 55 86 0 1 1 
4 8 1 78 10 8 9 9 
9 7 29 62 50 3 5 9 
7 0 32 61 35 2 9 5 
0 5 15 36 40 8 4 5 
7 1 39 31 71 8 9 0 
2 1 47 93 44 2 6 1 
0 1 14 45 21 2 1 8 
0 9 12 61 59 2 1 6 
3 7 26 70 15 5 3 9 
1 6 60 68 40 7 7 2 
5 2 0 39 50 3 4 1 
5 2 20 86 48 2 5 1 
5 6 4 49 28 7 5 4 
7 6 77 33 32 4 1 5 
1 6 59 46 69 6 9 9 
0 6 9 73 54 3 9 9 
7 1 0 11 59 1 5 9 
6 1 43 77 59 9 6 5 
8 5 10 63 59 3 2 1 
0 7 12 64 62 7 9 7 
0 7 29 26 54 9 4 6 
4 5 30 0 1 1 4 6 
6 1 15 23 26 6 2 7 
4 9 35 43 27 4 2 2 
9 8 33 44 75 9 2 1 
5 9 22 21 44 5 3 7 
4 0 33 52 47 8 0 6 
1 6 0 77 40 9 8 9 
6 0 15 30 78 7 3 8 
4 1 32 36 81 7 8 8 
0 5 34 47 45 1 9 3 
6 6 42 65 73 3 3 1 
3 5 74 60 46 4 5 1 
7 9 15 49 78 9 9 2 
0 6 27 9 33 7 5 0 
7 5 28 72 80 9 4 9 
6 8 46 59 78 6 1 5 
8 2 23 67 50 6 7 2 
9 3 71 65 53 9 0 0 
1 9 41 63 84 0 7 3 
6 0 35 70 69 7 4 2 
8 1 6 45 63 0 9 1 
4 2 35 1 89 8 9 7 
5 3 3 41 37 5 7 1 
3 7 60 0 41 6 1 4 
6 1 54 42 21 9 1 7 
4 4 0 40 55 3 9 6 
9 6 21 67 49 6 6 6 
4 5 43 31 32 1 2 2 
9 6 0 50 76 0 4 6 
0 7 31 58 38 9 2 3 
7 1 1 52 45 7 4 7 
0 3 26 93 57 0 4 6 
7 1 65 45 26 6 4 8 
8 7 55 22 29 5 1 9 
3 3 5 76 72 9 7 0 
4 9 64 14 48 3 5 5 
9 3 13 33 9 0 2 3 
2 8 32 37 33 4 4 8 
5 3 61 56 67 6 2 5 
9 3 29 41 84 3 2 1 
1 3 26 4 28 6 9 0 
0 6 52 61 49 7 8 2 
3 6 21 69 58 9 3 2 
2 0 14 66 58 9 5 8 
1 2 0 97 37 1 5 2 
6 5 44 42 65 4 2 5 
1 0 8 52 40 2 9 3 
7 2 49 55 114 4 5 4 
8 0 9 40 12 4 6 6 
8 7 10 25 25 3 5 1 
5 8 24 29 25 3 5 9 
0 4 28 37 78 9 9 7 
0 0 19 72 0 3 9 3 
1 3 37 34 12 9 8 5 
9 8 41 56 55 6 5 7 
7 9 31 80 51 9 7 0 
1 2 11 49 26 8 9 9 
4 6 8 53 93 2 4 6 
8 2 19 83 56 6 1 8 
8 0 42 54 24 7 4 0 
0 3 39 39 48 6 2 0 
8 7 26 96 40 8 6 8 
2 5 54 48 53 8 2 9 
3 0 0 75 37 9 5 5 
1 1 51 38 41 4 3 1 
4 0 25 91 106 5 6 4 
5 7 36 66 22 8 4 0 
5 7 14 36 41 9 7 0 
5 4 45 33 77 7 9 2 
5 6 20 66 55 6 0 4 
6 3 19 22 65 7 2 2 
9 1 15 26 44 6 1 4 
2 8 50 69 31 8 8 9 
8 9 44 23 31 9 3 9 
0 1 51 69 26 9 0 3 
6 9 36 33 56 6 3 3 
9 1 6 43 50 4 8 4 
9 9 7 63 35 1 7 5 
0 0 55 58 12 1 4 0 
0 9 44 108 13 3 7 9 
0 5 23 42 64 7 6 1 
0 5 55 74 50 5 9 9 
6 3 70 27 53 6 0 0 
7 2 0 50 45 7 3 2 
7 4 23 68 9 3 3 4 
9 5 55 75 34 1 7 3 
7 9 8 71 38 1 0 4 
1 1 12 89 45 1 6 2 
3 5 17 47 78 0 7 5 
6 6 12 0 0 0 1 8 
2 1 41 39 62 3 6 5 
9 4 37 70 41 2 5 9 
0 7 0 68 50 1 0 0 
0 7 23 68 77 2 9 3 
4 2 26 37 84 7 4 2 
6 3 28 48 61 8 6 0 
3 2 37 23 49 4 9 8 
7 3 63 48 2 1 4 2 
5 3 29 67 28 5 7 8 
1 7 32 48 40 8 7 5 
9 2 28 6 78 9 0 6 
1 0 21 8 68 1 2 3 
2 3 27 34 37 7 4 4 
1 3 51 46 69 9 7 0 
9 3 36 25 59 6 1 6 
7 8 23 38 33 1 8 0 
1 5 9 36 30 9 8 5 
6 1 32 65 2 2 0 5 
4 7 0 23 28 1 0 7 
1 0 59 24 45 8 3 7 
8 1 64 30 29 1 6 0 
7 7 79 43 68 7 1 2 
6 3 11 76 53 4 3 8 
6 1 10 48 47 3 3 8 
1 8 44 28 20 1 5 8 
4 8 24 64 35 7 0 1 
2 7 6 36 61 0 3 1 
1 9 33 34 44 6 4 0 
9 5 33 49 55 3 1 1 
4 6 58 51 27 2 4 5 
5 8 45 21 33 4 1 8 
0 5 38 33 37 5 6 8 
1 7 17 77 56 8 6 7 
3 7 25 57 60 8 9 6 
5 7 15 58 36 6 2 7 
1 6 68 69 63 5 7 2 
4 6 39 19 56 4 6 1 
2 0 22 34 52 5 9 3 
7 3 43 46 36 0 3 2 
6 6 43 13 45 1 8 4 
7 0 29 89 62 6 6 2 
9 2 51 26 85 1 8 8 
4 1 16 45 45 1 8 2 
9 4 34 27 34 0 1 1 
2 2 59 40 26 3 7 3 
6 9 44 64 25 1 4 6 
1 2 59 37 29 0 2 0 
4 5 28 48 46 4 0 7 
9 6 56 87 50 4 6 5 
8 1 33 40 28 3 2 9 
0 6 23 38 35 6 3 9 
7 6 20 35 23 5 3 6 
1 8 35 86 42 8 7 8 
3 7 31 116 29 7 5 9 
0 4 0 28 32 1 1 3 
2 1 10 28 48 4 5 4 
0 6 26 70 17 6 1 2 
1 8 32 23 41 4 0 8 
4 9 15 63 58 4 9 6 
7 4 43 43 47 8 0 0 
3 7 32 52 73 5 1 8 
3 7 14 37 53 6 1 5 
8 9 44 37 73 0 4 6 
2 9 34 56 61 3 3 4 
9 6 22 38 81 1 9 6 
1 7 39 35 69 0 1 7 
9 0 0 46 65 9 8 5 
0 0 39 28 38 7 8 9 
1 3 48 67 54 1 7 7 
2 9 13 40 27 5 5 3 
5 5 47 92 31 3 5 3 
9 8 61 27 59 6 6 4 
9 9 30 80 40 7 8 7 
9 6 11 55 53 8 5 7 
9 9 31 13 36 3 4 8 
2 9 6 35 67 0 7 0 
6 1 11 51 31 4 7 6 
7 0 69 35 41 6 3 9 
0 0 47 69 57 8 6 1 
4 6 39 60 66 4 1 2 
5 4 30 66 29 2 3 8 
9 4 51 78 29 9 6 3 
1 9 47 47 62 7 0 1 
5 1 22 53 20 2 5 5 
1 2 24 39 56 0 5 6 
8 4 0 103 20 8 1 5 
6 6 57 32 73 7 9 4 
8 7 33 0 31 7 7 2 
3 3 26 43 59 9 9 5 
1 9 30 72 59 7 9 7 
5 7 12 60 53 9 6 4 
4 8 0 23 38 8 1 4 
8 9 14 51 73 5 2 0 
7 1 0 77 58 4 6 1 
3 6 42 47 38 4 9 0 
9 3 16 58 53 2 1 6 
2 9 11 80 64 2 5 1 
0 3 55 44 58 8 7 0 
6 8 35 42 49 5 2 7 
1 2 16 49 37 8 0 3 
0 8 22 45 37 2 0 1 
0 3 75 23 131 7 4 4 
4 8 67 39 54 7 9 0 
3 6 31 51 30 3 2 1 
7 5 31 33 57 6 2 0 
3 2 59 43 46 3 6 7 
0 3 17 23 71 9 2 4 
5 3 46 18 45 5 9 4 
4 5 0 52 41 1 4 1 
4 3 12 74 61 0 2 9 
4 7 14 39 55 5 6 4 
7 4 24 48 57 2 3 2 
1 0 0 62 55 0 2 8 
8 2 34 28 55 1 8 9 
7 3 53 13 62 8 6 5 
9 6 45 43 57 2 9 2 
9 4 63 51 43 8 4 8 
3 8 0 64 46 0 3 9 
7 1 40 37 37 4 0 6 
5 6 30 58 45 1 6 0 
8 5 58 46 64 5 5 6 
1 6 22 52 47 9 7 0 
0 0 37 44 47 8 9 6 
4 7 0 98 51 4 5 1 
4 9 5 70 53 6 4 7 
4 6 43 52 46 8 6 2 
4 4 0 40 53 8 5 2 
4 0 36 74 54 7 5 5 
1 2 47 64 81 2 0 5 
2 3 59 43 29 2 7 3 
8 4 52 44 79 0 5 3 
5 0 43 67 49 7 3 2 
8 9 52 50 36 2 4 0 
9 6 29 63 61 5 4 2 
2 3 48 22 48 7 1 8 
8 7 22 63 48 0 8 3 
4 7 61 42 12 6 4 2 
0 4 33 30 60 5 2 1 
0 1 68 81 1 8 0 6 
4 1 32 54 73 0 4 7 
6 5 48 42 50 0 2 7 
8 4 34 81 44 1 4 2 
3 1 29 52 70 2 0 3 
8 0 0 77 75 9 1 8 
2 2 35 71 43 4 6 0 
7 8 59 37 33 1 0 0 
1 4 25 44 69 1 2 6 
8 1 74 9 33 9 3 7 
1 5 28 51 37 1 7 3 
6 4 47 38 51 3 0 2 
8 4 37 85 81 3 5 9 
2 0 20 28 48 9 7 0 
1 7 52 19 53 4 7 5 
6 4 32 26 40 6 3 4 
5 2 18 64 74 8 9 1 
8 4 34 45 47 0 9 2 
4 5 33 49 41 8 2 9 
9 7 41 29 31 9 8 1 
1 0 23 34 10 8 0 7 
3 3 66 45 56 1 2 8 
0 4 27 37 52 8 9 0 
1 3 13 63 82 4 4 5 
9 5 23 68 41 3 8 1 
5 8 66 49 42 8 3 1 
7 5 24 32 47 6 4 4 
4 3 20 15 58 6 3 8 
1 7 3 44 32 4 3 2 
9 3 37 43 42 1 7 6 
9 9 17 51 57 8 4 7 
2 8 40 85 46 3 7 7 
5 7 30 70 101 0 8 1 
7 4 25 58 50 2 7 7 
2 5 34 40 38 5 2 5 
3 6 0 62 50 7 9 5 
7 9 7 65 67 2 6 8 
2 9 27 37 55 6 1 2 
3 8 43 93 56 6 9 3 
8 1 0 23 25 4 1 5 
6 0 66 62 34 2 9 2 
9 3 58 55 44 2 0 1 
6 5 26 71 32 6 8 1 
5 4 37 34 95 3 7 3 
1 1 38 63 52 6 4 4 
9 7 34 48 80 1 9 7 
0 2 37 33 64 0 1 6 
4 7 28 58 58 0 0 1 
1 0 59 57 75 7 3 1 
8 3 43 21 66 2 9 9 
0 7 49 55 54 2 2 9 
6 6 24 82 57 8 9 9 
0 4 6 61 70 1 5 6 
7 9 26 26 30 9 9 1 
5 3 0 57 34 9 3 6 
1 1 31 29 80 6 8 0 
2 8 33 63 49 3 5 4 
2 0 24 27 83 4 8 3 
3 6 37 68 58 0 5 1 
3 7 50 24 50 5 1 9 
6 2 47 30 61 9 5 3 
2 3 42 48 47 3 0 9 
2 4 50 54 7 7 5 8 
8 0 56 51 56 2 8 9 
0 4 18 55 70 0 2 0 
0 3 3 59 45 1 2 9 
7 5 28 63 60 1 3 1 
5 3 28 75 50 8 9 0 
5 4 23 75 68 0 7 3 
9 4 15 55 25 2 7 1 
0 4 12 60 81 7 3 7 
8 1 61 83 40 5 2 6 
6 7 10 74 73 6 7 5 
8 1 53 75 62 8 7 2 
5 8 12 14 74 5 5 4 
3 6 42 38 77 6 6 4 
7 5 29 23 53 0 1 1 
2 7 17 40 14 6 7 5 
5 3 75 16 42 5 2 8 
7 4 31 43 62 8 6 9 
4 9 38 47 66 5 7 1 
3 9 71 15 61 4 0 2 
8 0 24 20 56 1 1 3 
0 6 25 76 74 5 0 6 
0 5 22 77 33 8 5 5 
2 8 19 52 34 5 5 8 
8 8 24 35 67 9 2 6 
3 1 19 18 61 3 6 5 
8 4 37 28 58 0 0 0 
0 9 49 72 42 2 4 7 
6 6 24 107 55 1 1 3 
8 3 0 46 39 1 1 2 
7 9 38 16 21 8 6 3 
2 3 0 66 33 2 1 0 
3 6 15 25 19 5 0 2 
1 5 25 52 21 3 7 1 
1 2 50 51 21 9 6 8 
8 5 56 47 22 1 1 6 
0 6 23 15 42 6 5 5 
9 2 28 49 34 4 0 1 
7 1 0 42 24 4 5 7 
1 5 16 52 74 7 0 9 
0 2 17 47 79 6 1 8 
6 0 29 32 61 1 5 0 
6 3 31 53 22 0 2 0 
5 8 40 22 78 7 2 0 
0 6 10 39 45 8 9 0 
6 5 47 16 40 5 1 1 
0 5 6 18 86 3 8 6 
9 9 64 66 51 9 8 0 
9 0 14 26 56 4 7 9 
2 1 15 36 64 4 3 4 
1 5 10 75 42 6 5 5 
9 3 49 53 83 9 4 9 
7 0 30 68 18 2 5 8 
4 6 15 25 78 8 8 9 
6 1 8 30 55 2 5 4 
1 4 47 70 61 4 0 0 
9 5 33 48 51 2 8 5 
2 9 21 46 35 7 2 8 
5 0 38 40 60 7 2 4 
8 0 22 18 42 6 6 3 
6 6 32 66 88 9 7 6 
8 0 35 72 53 5 0 7 
8 1 0 53 50 0 8 7 
3 9 19 12 48 1 9 2 
4 5 28 22 37 1 4 6 
0 0 58 10 49 5 5 6 
9 4 31 40 67 3 2 5 
3 1 57 40 33 5 2 6 
3 7 52 7 65 0 9 1 
7 8 0 69 57 7 1 5 
5 3 3 45 31 1 9 5 
1 2 31 42 67 8 1 8 
7 4 37 76 32 8 5 0 
2 5 45 45 46 9 1 8 
9 7 18 70 41 6 2 7 
2 5 35 65 47 0 0 2 
4 1 24 50 49 0 7 0 
6 3 51 42 65 9 7 5 
1 8 41 37 62 4 5 0 
1 7 18 78 12 4 6 9 
1 7 48 51 51 2 3 3 
6 6 27 63 50 0 0 9 
7 5 34 39 49 7 9 4 
9 9 41 27 53 9 9 6 
9 3 60 49 23 6 4 2 
1 3 23 67 18 8 5 7 
4 0 15 43 62 8 1 1 
7 9 0 59 81 6 4 7 
9 2 19 65 49 5 8 0 
3 6 32 45 59 4 7 4 
9 7 39 75 8 6 9 8 
2 4 56 19 39 9 0 8 
6 8 57 51 60 3 7 0 
9 7 16 10 62 0 3 8 
9 0 58 55 91 2 9 4 
8 2 40 66 48 5 6 2 
1 3 29 51 51 4 3 8 
9 8 23 74 44 3 3 3 
4 2 7 26 47 6 8 0 
1 1 18 53 34 1 7 7 
0 1 19 37 57 0 2 7 
8 9 62 58 38 9 0 1 
1 3 0 42 24 3 9 6 
3 9 2 60 75 1 4 2 
1 0 13 33 76 7 1 0 
1 4 4 53 26 7 7 4 
2 6 16 62 62 0 6 1 
1 3 12 40 32 8 9 3 
7 1 12 51 51 9 8 0 
5 3 8 44 23 3 0 7 
3 0 28 83 71 4 6 6 
8 8 34 34 47 8 4 6 
5 2 0 48 34 7 6 8 
1 9 0 69 55 3 2 5 
9 3 19 20 58 8 4 2 
0 5 39 37 61 9 6 9 
1 5 45 37 35 9 9 7 
0 8 32 33 49 0 8 8 
1 5 33 66 45 9 5 6 
9 2 47 15 37 5 0 1 
3 6 45 46 90 6 0 4 
3 1 47 27 29 9 1 5 
7 5 44 43 87 6 2 1 
6 9 64 17 53 1 4 9 
0 0 14 8 22 5 8 8 
8 0 10 53 9 1 0 1 
7 0 40 41 20 1 7 9 
4 3 0 65 62 3 5 8 
9 1 43 39 52 0 3 3 
0 1 25 25 0 1 9 0 
7 0 32 59 69 8 2 8 
2 2 22 91 80 3 2 9 
0 0 33 43 49 9 7 2 
5 5 33 45 33 5 5 7 
7 7 17 71 38 8 5 1 
0 0 19 33 54 5 1 1 
4 9 71 73 54 4 2 7 
1 3 0 24 76 0 3 9 
8 6 48 49 55 4 8 2 
1 3 44 27 47 4 2 7 
2 6 16 54 31 1 8 0 
1 2 25 15 74 2 9 3 
6 0 52 78 25 8 1 3 
9 4 57 37 18 4 3 4 
8 6 17 59 73 2 3 8 
7 6 40 75 80 7 5 8 
2 9 31 12 56 4 3 6 
8 0 0 56 55 2 6 1 
0 1 15 37 50 0 2 0 
6 1 26 53 50 6 6 8 
3 7 18 53 59 3 3 7 
5 0 30 79 68 4 6 0 
3 4 44 68 65 4 5 8 
3 1 28 26 65 8 6 6 
3 9 0 23 69 3 7 9 
6 2 24 43 11 0 8 2 
3 4 26 60 51 6 7 1 
5 1 6 64 36 9 5 5 
3 4 26 30 58 4 4 4 
5 7 36 53 48 3 0 5 
1 7 50 57 43 6 4 0 
2 5 52 72 28 4 7 8 
5 1 58 55 53 8 6 1 
9 7 0 15 51 9 6 9 
6 4 23 51 90 8 8 9 
4 6 44 43 83 2 4 5 
2 0 54 19 53 1 1 6 
5 9 26 14 53 7 8 7 
4 0 63 97 41 0 5 5 
0 1 46 92 58 4 6 6 
4 0 66 29 50 6 5 3 
1 5 30 74 39 2 2 1 
0 1 11 64 83 5 3 9 
2 7 45 54 28 0 0 8 
4 4 18 69 42 3 6 3 
3 8 30 38 53 1 4 0 
3 2 33 8 26 7 4 9 
9 5 48 42 23 0 8 2 
0 3 30 60 54 3 8 5 
2 3 40 73 36 4 8 5 
2 3 6 34 39 5 6 4 
5 7 18 77 52 4 2 3 
9 7 20 33 67 6 9 0 
7 0 43 92 37 6 3 0 
0 5 0 35 78 8 2 4 
9 5 26 47 67 4 7 1 
0 2 32 33 82 1 3 6 
2 0 51 59 30 6 9 8 
0 1 16 75 80 2 2 9 
0 8 44 70 56 7 0 2 
1 2 15 14 17 1 4 4 
8 2 22 8 54 4 1 7 
2 0 61 36 69 0 9 7 
6 3 20 40 28 6 3 5 
2 0 18 31 24 2 7 7 
4 9 31 50 57 0 7 0 
1 1 60 61 69 9 8 2 
7 6 43 39 28 1 8 8 
5 7 34 45 70 9 9 3 
1 6 18 48 82 1 3 4 
5 6 1 39 16 7 9 2 
3 1 62 61 63 9 7 6 
8 2 0 55 31 4 5 1 
4 3 51 50 55 3 0 8 
5 0 18 22 30 1 7 8 
4 6 61 33 12 0 1 6 
3 1 38 55 47 3 7 8 
0 7 33 45 18 6 9 0 
6 7 44 69 11 9 6 4 
0 9 23 81 28 1 9 0 
0 1 36 55 27 9 6 5 
0 4 36 48 10 9 4 6 
2 5 73 63 28 9 7 2 
5 3 43 72 47 8 7 9 
8 1 39 37 26 1 1 4 
8 4 25 30 79 5 5 7 
3 7 0 14 60 2 3 7 
2 5 6 55 53 5 2 1 
6 8 31 91 18 5 2 1 
5 2 31 72 50 2 6 6 
8 1 31 28 73 8 9 9 
7 0 57 40 59 2 3 1 
4 2 34 87 48 8 8 8 
8 2 4 45 11 4 3 2 
4 9 7 64 68 9 1 9 
9 1 21 39 63 6 8 1 
0 7 0 47 56 1 7 1 
0 0 10 52 64 0 1 2 
8 3 49 77 61 1 0 4 
8 9 0 48 65 0 6 2 
7 6 36 20 85 5 4 0 
2 2 6 53 59 5 3 0 
5 1 1 37 71 6 8 2 
5 1 28 57 33 8 6 5 
3 8 19 65 56 9 6 9 
6 4 34 32 46 8 9 5 
4 6 17 57 39 4 3 5 
9 6 4 86 74 5 9 1 
1 0 41 46 40 0 3 8 
6 8 44 47 26 4 0 0 
8 6 36 62 66 5 5 8 
6 4 57 87 45 5 5 6 
8 4 29 57 36 5 3 6 
8 5 14 56 83 1 5 0 
7 6 64 39 67 5 4 4 
5 3 27 55 80 5 8 9 
7 3 63 59 35 8 0 2 
2 0 36 76 43 5 1 4 
3 9 8 58 47 3 3 3 
2 2 20 47 60 0 6 7 
8 4 37 43 57 6 9 8 
4 7 19 54 72 0 4 6 
9 6 25 69 61 2 0 5 
9 0 19 35 59 7 2 6 
7 3 18 69 36 7 1 5 
9 1 40 61 36 7 2 1 
5 3 12 51 47 3 2 0 
5 9 0 37 50 0 5 1 
4 6 23 58 33 7 9 2 
9 2 41 42 56 7 5 2 
1 2 50 66 59 6 1 3 
6 5 31 101 69 1 8 7 
6 6 25 16 48 2 0 1 
6 8 31 84 55 6 1 6 
4 7 25 57 108 3 7 3 
9 7 54 41 86 0 9 4 
6 4 25 40 30 2 6 3 
1 9 15 58 33 1 9 6 
8 5 31 23 40 1 6 5 
5 9 52 60 28 2 0 0 
6 2 18 74 47 2 0 4 
7 4 37 62 56 0 8 9 
6 8 20 72 71 0 9 1 
5 6 44 68 43 0 4 4 
2 8 27 70 60 4 4 4 
2 7 2 68 64 1 8 3 
7 3 21 53 59 5 7 4 
7 6 82 43 7 5 4 9 
0 8 49 51 47 7 1 2 
7 2 19 28 41 1 1 0 
4 2 14 19 31 1 6 1 
9 4 54 52 50 3 8 0 
1 3 12 8 70 3 2 8 
7 7 2 94 24 2 7 1 
5 1 12 47 45 1 9 8 
5 8 0 59 17 8 0 5 
7 7 51 57 33 7 0 1 
5 6 29 64 54 4 2 0 
8 4 50 33 48 6 9 2 
4 7 52 46 64 7 8 2 
6 6 16 69 103 7 5 1 
3 7 21 13 41 2 6 5 
9 3 44 48 13 7 0 0 
8 2 22 43 37 7 9 8 
8 6 14 102 70 1 5 9 
5 5 64 64 77 2 7 6 
9 3 23 17 48 4 1 1 
5 9 73 61 37 1 3 2 
1 4 22 74 76 1 1 4 
3 1 30 30 73 6 9 6 
5 4 6 108 43 6 9 6 
0 9 36 55 55 0 5 9 
8 0 40 70 61 9 0 9 
9 7 52 44 37 1 4 3 
1 5 60 38 59 3 3 8 
5 0 46 25 52 0 8 5 
3 5 42 74 63 2 8 4 
4 7 43 58 75 0 3 2 
5 0 22 12 48 3 8 6 
7 2 58 14 62 3 7 2 
3 7 12 63 92 4 7 9 
3 2 55 34 47 3 4 7 
9 5 11 45 45 2 7 0 
2 1 43 31 56 0 0 8 
8 6 69 57 44 3 5 5 
9 2 31 30 82 7 5 3 
5 2 28 34 60 0 6 5 
8 0 7 46 57 8 0 3 
1 1 0 59 53 1 7 4 
6 2 20 68 39 0 7 9 
9 1 0 0 36 7 0 5 
4 3 51 24 68 2 5 1 
0 3 40 52 33 9 3 3 
8 4 0 39 27 1 4 2 
9 9 82 22 62 1 0 3 
4 6 25 70 32 2 4 1 
5 6 27 37 24 6 3 0 
5 0 0 5 27 2 3 4 
8 5 30 50 71 4 4 1 
6 5 6 51 55 6 4 5 
3 9 13 44 51 8 9 2 
7 0 7 12 27 9 8 7 
9 1 48 95 33 4 9 4 
8 7 38 66 59 2 4 1 
6 2 34 24 51 7 2 5 
0 3 0 58 89 2 3 5 
1 1 49 44 64 6 7 8 
9 1 22 40 90 8 6 6 
2 7 0 27 35 3 5 3 
0 4 60 37 24 9 6 8 
5 4 48 53 67 0 6 9 
4 6 34 29 71 0 1 6 
9 7 28 43 35 9 5 0 
4 1 28 85 32 5 8 7 
7 2 42 63 54 0 1 7 
7 7 0 25 58 2 8 4 
1 2 44 39 99 0 4 0 
3 5 26 17 69 2 0 8 
4 9 38 64 54 6 2 6 
8 5 49 70 86 0 3 4 
3 1 31 34 67 6 8 7 
3 9 12 16 58 0 9 2 
5 9 5 39 39 3 3 5 
6 1 42 60 5 0 4 3 
9 6 52 49 49 8 1 3 
9 2 36 63 68 9 0 0 
5 1 44 85 66 3 8 3 
5 4 52 34 72 7 6 2 
8 1 11 72 41 3 6 4 
0 5 40 49 40 8 3 7 
8 4 75 54 63 5 7 4 
4 3 13 70 67 9 9 1 
7 1 41 54 70 5 0 9 
0 2 21 40 20 7 2 3 
3 3 0 47 40 2 7 2 
2 9 38 59 28 7 4 5 
9 6 48 62 84 5 1 8 
0 2 20 18 48 5 2 1 
4 3 28 61 2 5 7 0 
6 8 31 57 35 0 0 0 
0 1 9 56 68 8 0 5 
4 8 18 54 51 5 5 0 
1 8 20 75 73 2 6 1 
3 8 12 64 81 7 0 3 
8 6 41 57 24 9 7 9 
9 4 25 58 78 4 6 6 
2 4 72 20 77 8 9 5 
4 0 68 52 50 6 1 7 
8 3 34 63 60 2 7 4 
8 7 47 50 27 8 8 9 
0 2 78 59 67 4 5 9 
2 0 42 44 78 0 6 1 
5 6 20 70 79 7 5 2 
2 3 35 61 62 7 2 0 
7 1 31 51 27 6 3 2 
2 9 0 33 16 0 5 7 
6 9 31 50 58 0 7 7 
6 5 6 26 45 6 5 8 
6 0 10 22 74 1 6 5 
0 3 25 66 34 2 3 4 
3 0 28 49 47 3 4 7 
4 1 6 50 74 0 5 0 
4 0 50 70 69 8 5 5 
5 5 37 38 43 3 2 8 
1 5 55 44 57 5 2 1 
8 5 37 15 23 8 1 6 
2 3 32 78 11 0 3 9 
4 8 53 38 20 0 0 2 
9 0 67 60 31 8 2 1 
7 6 49 37 39 7 8 0 
6 7 39 50 55 0 3 5 
7 1 41 32 61 8 3 4 
9 0 12 65 35 1 5 7 
2 3 10 26 37 7 7 8 
3 3 60 41 80 8 9 2 
6 9 50 71 20 6 0 8 
9 9 20 63 60 6 4 0 
4 1 52 77 72 8 7 7 
8 5 0 55 18 4 9 2 
6 0 13 53 31 3 3 8 
6 6 33 77 16 6 1 9 
4 6 64 62 65 2 7 9 
3 0 31 44 52 4 7 4 
7 8 72 77 18 3 1 1 
8 5 17 32 64 6 0 4 
8 4 29 57 40 0 3 1 
0 8 38 30 50 3 3 2 
6 5 11 36 29 1 3 8 
8 9 44 60 65 6 0 7 
4 9 31 49 51 2 8 1 
3 1 42 24 66 3 0 4 
0 4 42 38 46 9 6 9 
0 8 39 22 64 7 9 6 
0 0 14 93 74 1 3 9 
2 7 24 39 24 1 6 6 
1 0 76 47 50 9 7 0 
2 8 26 92 69 2 3 3 
9 1 40 55 42 4 7 3 
3 7 27 51 29 7 9 5 
9 3 12 10 47 0 6 4 
6 8 51 57 44 3 9 5 
8 2 39 37 50 5 2 2 
5 6 26 43 63 8 6 1 
0 4 76 46 66 8 1 2 
5 9 30 97 69 9 4 6 
5 9 16 50 51 9 1 0 
4 6 0 59 46 9 0 0 
7 4 15 41 76 8 3 6 
5 5 26 13 51 4 5 5 
5 7 22 35 52 8 2 5 
8 9 58 50 74 4 2 6 
8 9 58 45 75 3 2 7 
0 8 32 26 69 9 0 1 
5 3 18 27 62 7 3 0 
0 9 0 69 15 2 8 2 
5 5 42 76 62 4 9 6 
5 3 56 51 87 8 6 7 
5 1 73 70 16 8 1 0 
8 1 34 76 23 4 6 9 
2 4 5 36 83 0 4 0 
4 2 61 39 33 8 0 8 
7 4 21 69 58 8 3 2 
5 8 17 23 3 4 5 0 
7 5 26 63 23 1 2 4 
4 4 71 74 32 3 8 3 
4 6 9 41 31 6 8 0 
1 4 41 12 34 4 6 7 
4 4 19 112 68 3 9 9 
4 0 16 26 64 3 6 6 
7 3 28 88 22 9 3 8 
4 1 39 75 47 4 1 1 
2 9 28 97 45 7 1 2 
9 1 18 23 28 9 1 4 
9 4 5 48 25 4 0 6 
0 1 0 50 53 4 4 7 
5 2 40 67 68 2 3 6 
4 0 38 38 67 0 1 3 
0 9 23 59 53 4 3 0 
2 3 41 60 39 5 4 8 
7 7 21 37 110 4 6 7 
3 6 46 46 38 5 9 1 
7 4 10 64 16 1 0 7 
9 6 66 73 59 5 3 1 
0 0 8 49 52 5 1 8 
9 5 4 63 48 6 5 8 
1 7 34 54 57 2 4 0 
9 5 24 68 50 5 1 1 
8 1 2 40 52 7 5 3 
8 6 21 43 25 5 9 7 
6 2 0 69 42 0 6 2 
5 8 29 77 32 0 1 2 
8 8 29 6 54 5 7 6 
6 3 28 38 39 4 2 0 
2 7 32 92 44 4 2 4 
2 0 19 38 83 0 3 8 
6 5 31 16 63 4 7 2 
5 5 15 37 44 3 3 5 
5 9 45 69 40 0 9 0 
1 1 8 48 52 0 0 1 
5 4 28 63 44 5 1 3 
5 2 44 84 60 2 1 8 
3 3 28 50 75 4 6 5 
2 7 41 76 53 1 9 5 
9 7 38 58 31 0 9 8 
6 2 18 26 62 1 3 8 
0 8 39 24 55 4 6 5 
5 2 56 72 42 4 6 9 
9 6 26 57 66 4 5 7 
2 6 57 23 88 3 6 6 
1 8 44 54 53 9 0 4 
7 6 7 35 58 7 8 8 
4 6 30 61 45 1 0 8 
8 9 55 12 68 2 7 1 
1 8 20 54 43 9 1 5 
7 3 0 62 39 4 1 6 
0 7 0 42 70 4 9 1 
0 9 27 55 32 5 5 6 
5 2 37 55 43 7 6 2 
4 7 48 60 53 1 9 7 
7 5 15 14 56 7 1 3 
4 1 56 39 23 0 6 3 
1 2 50 64 46 0 3 5 
9 9 4 77 63 7 8 0 
7 7 41 66 63 6 7 9 
9 9 27 27 45 0 2 1 
1 1 0 64 65 5 0 5 
6 8 18 60 45 9 8 0 
0 9 26 62 37 1 2 9 
3 3 4 73 34 1 2 6 
1 9 19 62 44 9 5 6 
0 0 28 96 67 9 4 6 
2 5 23 66 47 7 1 2 
0 5 14 34 44 0 3 2 
0 3 0 78 66 9 0 1 
4 4 45 58 50 2 9 2 
4 3 43 30 45 7 8 8 
2 3 1 68 63 3 8 5 
7 0 13 73 91 9 8 9 
7 7 0 82 99 0 1 2 
9 1 5 29 70 3 5 6 
8 2 54 99 36 4 3 9 
3 3 36 72 0 3 3 7 
5 0 73 66 81 9 1 4 
7 0 30 46 64 9 7 0 
9 7 13 76 81 2 9 9 
0 8 65 13 77 3 5 2 
4 9 0 33 103 6 2 4 
4 0 38 20 59 1 0 4 
6 7 0 66 58 3 6 3 
8 2 53 90 73 4 5 4 
6 3 49 43 39 2 5 4 
2 6 0 66 52 4 6 7 
1 3 0 28 36 0 3 4 
7 0 44 49 43 8 8 1 
4 2 6 8 30 7 4 4 
9 3 27 3 41 4 0 2 
9 0 40 57 40 3 6 4 
5 8 66 45 64 5 5 7 
4 5 44 45 21 2 0 6 
7 2 16 52 83 2 8 0 
4 6 35 70 26 2 4 6 
4 8 34 83 49 7 5 5 
4 2 57 42 48 6 1 7 
6 1 0 55 40 2 8 2 
2 5 28 22 74 3 6 3 
3 4 3 74 65 6 1 9 
1 6 32 36 55 3 8 4 
6 6 3 44 40 1 2 2 
1 8 48 37 21 7 5 3 
2 4 24 26 47 4 0 4 
6 1 0 46 32 6 0 6 
3 2 41 66 53 0 8 5 
2 9 54 106 54 3 3 3 
8 6 19 56 60 5 6 0 
7 9 0 86 32 7 9 0 
9 1 35 41 36 5 1 8 
6 1 11 48 65 7 2 6 
7 6 58 59 52 1 0 6 
6 7 42 77 25 1 1 5 
6 9 15 54 32 9 1 6 
6 2 28 42 44 0 6 3 
3 2 30 78 58 7 8 3 
9 4 34 48 58 7 6 5 
3 6 25 40 44 2 0 9 
9 6 0 4 78 1 9 4 
5 4 59 48 31 5 7 9 
4 0 5 59 56 4 8 7 
1 9 25 50 39 7 5 8 
8 5 23 41 67 3 7 4 
5 7 62 75 49 8 7 0 
5 4 0 27 55 2 9 0 
0 8 52 55 15 3 8 7 
1 7 21 61 59 3 8 2 
4 4 83 41 70 7 0 7 
7 1 0 46 43 2 4 8 
8 5 45 59 53 4 3 8 
0 3 53 65 97 0 3 1 
9 1 29 39 25 4 9 8 
1 1 28 36 0 1 6 1 
0 4 31 50 63 5 4 0 
8 6 48 51 21 9 9 8 
3 7 25 58 37 4 9 9 
9 0 50 18 31 5 0 8 
7 5 37 75 46 1 3 6 
6 6 69 50 62 2 2 8 
2 5 6 48 42 0 4 2 
0 8 32 55 77 9 3 2 
8 3 51 37 15 8 9 8 
4 5 28 54 31 5 8 4 
9 0 0 87 43 8 4 3 
2 6 14 20 57 6 1 8 
6 0 46 42 21 9 0 0 
6 1 24 59 59 9 4 7 
6 0 59 51 44 6 1 4 
8 4 56 0 11 2 9 1 
5 0 30 46 69 1 9 7 
4 0 28 38 59 9 8 1 
6 9 18 38 30 2 8 9 
8 0 9 73 34 5 2 5 
8 6 31 36 67 9 7 8 
6 6 10 42 47 1 7 1 
7 1 43 55 50 7 0 0 
0 3 16 36 66 9 8 2 
4 2 51 58 12 2 8 8 
3 7 8 42 70 5 8 7 
9 1 11 40 33 3 2 6 
8 4 49 35 74 0 1 2 
9 2 20 67 42 4 3 6 
9 9 48 85 49 3 4 1 
0 8 43 48 47 9 1 5 
3 3 27 59 33 4 2 9 
7 8 48 43 67 7 7 4 
8 6 91 76 41 4 1 1 
9 9 59 53 23 6 2 8 
9 0 19 7 0 2 8 3 
2 0 26 12 36 9 3 1 
0 4 61 69 43 3 7 6 
2 4 34 70 79 2 3 9 
7 5 7 58 22 9 1 4 
9 9 7 70 42 2 0 6 
0 1 37 74 40 8 2 6 
6 3 55 41 64 6 9 4 
2 5 45 52 39 2 1 2 
0 9 11 17 12 2 3 4 
9 7 0 68 51 3 4 0 
4 2 13 37 54 8 3 7 
0 8 80 47 64 6 0 7 
6 8 30 30 67 5 5 5 
3 3 83 66 80 5 3 1 
3 9 39 7 45 8 0 4 
3 5 45 78 50 3 1 4 
6 6 22 92 27 4 9 0 
6 6 2 40 65 9 1 2 
1 9 22 62 16 6 1 4 
4 3 31 49 61 9 0 6 
7 8 56 62 69 8 2 6 
6 2 15 59 62 4 2 5 
7 1 50 60 98 2 6 7 
1 5 21 3 33 0 3 6 
0 3 28 30 79 8 0 0 
8 0 14 56 48 2 8 2 
1 9 48 94 42 6 9 7 
6 6 29 74 74 3 5 4 
5 0 6 67 66 7 7 5 
1 5 33 57 28 9 7 0 
3 7 16 43 5 2 4 7 
3 9 48 23 38 5 7 3 
2 3 12 72 58 1 2 8 
1 3 17 46 71 0 1 8 
4 0 10 81 40 4 4 5 
9 7 13 72 54 5 9 6 
5 6 0 40 71 5 6 8 
0 3 67 55 58 0 5 4 
7 3 73 37 72 6 5 0 
8 8 38 39 43 3 1 9 
9 1 0 59 34 3 8 5 
7 0 46 82 95 9 5 8 
6 5 67 89 39 3 4 3 
4 1 64 53 64 3 6 7 
6 6 37 92 82 0 9 1 
1 3 33 35 19 3 8 4 
9 3 41 44 71 3 2 9 
5 3 20 23 53 4 7 1 
9 6 21 34 48 8 8 8 
4 5 59 21 21 0 5 3 
8 9 0 31 65 1 1 9 
5 6 19 19 81 9 9 6 
0 0 26 7 27 5 3 8 
2 3 28 46 94 0 1 4 
6 8 53 42 36 9 4 3 
9 1 1 53 76 6 3 0 
3 3 24 19 26 0 2 3 
1 1 11 32 61 1 7 2 
8 6 58 52 33 9 4 8 
3 2 3 50 89 6 5 4 
9 2 12 52 58 6 0 1 
7 5 0 74 64 9 3 5 
8 3 38 45 67 7 5 5 
2 7 14 49 44 5 8 5 
9 2 38 53 30 3 0 9 
1 4 77 58 61 6 9 2 
1 9 29 1 67 7 7 2 
1 7 18 44 49 0 6 4 
0 7 49 54 13 6 2 7 
5 7 55 9 26 5 0 9 
5 6 5 51 54 3 8 4 
5 5 76 67 53 8 8 1 
8 7 0 92 56 2 6 4 
5 5 28 38 36 1 4 1 
7 4 31 43 105 5 1 8 
4 9 39 46 55 7 5 1 
0 6 51 65 28 9 0 7 
1 4 9 29 61 5 7 4 
5 0 42 62 97 5 8 2 
9 8 12 37 93 7 4 7 
2 4 20 21 61 0 4 7 
7 6 45 96 58 3 3 3 
5 6 31 28 74 8 6 3 
0 3 5 54 89 5 6 5 
9 8 66 22 60 6 8 7 
5 6 41 39 89 6 4 2 
1 5 63 44 33 3 8 0 
0 0 29 79 36 9 2 8 
1 4 13 80 36 9 2 6 
4 9 13 49 55 6 4 1 
0 9 17 59 44 4 0 5 
5 2 17 54 34 3 6 8 
3 5 39 67 66 4 1 8 
1 9 51 23 7 5 9 6 
9 1 20 46 42 5 9 3 
3 9 61 62 26 9 9 8 
9 2 20 19 40 9 1 8 
0 4 24 62 30 6 2 7 
7 2 1 17 38 7 9 8 
3 6 34 9 62 5 3 4 
3 1 57 23 68 2 3 8 
0 6 32 38 61 2 2 8 
2 4 33 59 62 1 9 8 
6 4 29 52 24 8 7 8 
3 3 38 67 66 4 7 3 
8 5 49 62 23 4 6 1 
6 8 40 75 22 9 2 1 
3 2 16 55 86 8 2 3 
2 0 13 24 48 5 5 7 
1 3 35 62 74 4 9 4 
8 1 3 58 52 5 8 6 
2 7 49 3 48 5 3 5 
7 6 1 56 50 9 6 5 
3 5 19 76 33 7 3 0 
4 6 29 76 74 4 1 7 
6 5 60 64 31 6 1 8 
5 1 20 51 50 3 0 3 
6 8 18 44 43 9 0 9 
9 6 35 35 28 0 3 8 
1 7 14 34 74 3 0 2 
7 1 35 56 48 5 0 7 
2 6 13 10 41 6 8 7 
3 3 63 57 23 3 6 2 
9 8 0 61 20 6 8 6 
7 9 56 96 44 1 7 8 
6 0 21 18 6 1 8 2 
2 1 43 62 59 2 7 6 
3 3 85 44 49 8 1 4 
4 3 40 32 39 3 6 8 
0 4 24 50 64 7 0 2 
3 0 35 16 51 1 1 5 
0 4 9 16 58 9 1 8 
8 3 2 40 36 2 9 8 
0 9 24 49 58 6 5 1 
8 6 47 39 31 9 8 9 
9 4 0 34 32 7 3 7 
9 9 41 88 53 3 1 5 
6 9 37 16 55 5 9 4 
4 8 0 47 20 8 9 6 
2 5 29 39 49 9 1 5 
2 6 5 46 4 7 2 7 
1 9 45 44 37 9 7 0 
0 6 34 29 38 4 3 9 
2 2 54 53 42 8 3 1 
9 9 72 62 82 5 9 2 
4 4 26 33 33 4 9 4 
5 3 28 41 59 9 4 8 
7 6 15 23 88 7 2 0 
9 7 82 52 84 5 6 9 
6 3 47 55 44 0 8 5 
4 7 0 64 1 2 4 2 
1 6 11 33 65 3 1 9 
5 2 46 47 81 1 6 8 
6 9 19 29 70 7 5 0 
2 9 43 36 54 9 3 6 
6 1 27 72 50 7 0 3 
7 5 37 15 39 2 0 8 
8 9 49 73 57 2 2 0 
9 1 25 30 75 6 7 1 
5 5 51 65 49 1 0 5 
0 3 9 39 81 9 1 4 
4 8 40 69 49 6 0 1 
3 0 55 47 41 6 6 2 
8 0 48 82 50 4 2 6 
2 7 41 0 36 0 6 2 
8 1 54 53 26 4 1 1 
3 2 37 39 52 6 9 1 
9 2 0 0 29 3 8 4 
4 9 51 83 79 5 4 6 
0 0 25 31 40 7 3 8 
2 0 20 60 45 7 0 9 
2 2 63 42 38 9 4 0 
6 1 53 10 46 7 9 0 
0 1 52 49 50 8 3 9 
3 3 15 57 40 3 9 0 
3 8 74 44 32 5 0 6 
7 9 39 45 64 7 7 1 
2 5 47 75 40 9 3 6 
3 1 0 0 29 8 5 0 
8 0 11 15 40 9 0 2 
1 9 0 37 28 7 0 2 
4 7 35 42 70 1 8 3 
4 7 37 16 8 6 0 9 
9 2 18 31 63 2 8 7 
0 8 17 33 31 4 1 0 
0 4 51 85 58 4 0 2 
7 7 25 18 72 5 3 4 
7 9 52 34 33 8 1 3 
7 5 34 52 37 8 2 1 
1 3 47 16 47 7 5 9 
1 6 33 53 42 9 8 5 
8 5 60 67 72 6 7 5 
8 4 22 61 56 7 3 3 
0 8 11 76 49 0 0 2 
1 7 39 39 46 6 5 3 
0 3 26 65 84 0 5 1 
7 7 37 49 7 8 0 3 
8 4 22 68 36 6 7 6 
7 7 16 35 67 6 7 7 
2 7 30 9 24 7 1 0 
9 7 45 36 15 7 3 2 
6 3 3 62 66 4 3 1 
6 5 25 82 86 9 4 5 
5 5 56 70 68 2 9 9 
5 4 8 58 34 9 4 1 
6 4 23 57 72 2 4 2 
0 1 39 96 52 9 3 2 
7 6 77 60 59 9 2 0 
8 3 18 48 71 8 8 0 
1 2 12 60 37 5 7 6 
9 4 20 57 52 9 9 5 
4 9 44 81 62 6 0 3 
0 4 0 40 56 1 6 5 
2 5 37 33 68 4 3 4 
2 4 46 32 33 5 8 4 
3 4 33 77 75 0 4 1 
4 1 11 62 37 5 2 6 
8 5 52 67 65 0 4 5 
4 5 23 72 73 4 2 5 
6 2 36 43 36 6 8 6 
2 3 33 18 58 7 4 9 
1 0 44 60 49 6 8 4 
2 0 28 64 55 5 2 7 
3 1 35 36 23 8 5 8 
8 1 38 61 6 4 3 2 
6 7 51 84 48 8 4 2 
0 4 45 39 31 9 9 9 
4 1 16 32 63 1 5 2 
3 0 33 46 80 1 6 0 
2 1 5 36 72 5 8 5 
8 5 23 54 40 9 5 5 
6 4 21 41 49 8 1 7 
4 6 30 62 69 0 7 3 
4 3 25 59 51 8 0 6 
5 0 66 33 42 4 4 2 
7 4 14 70 50 3 2 9 
4 2 11 24 55 7 8 5 
4 7 16 25 73 1 2 8 
7 2 42 58 50 6 5 8 
1 3 38 68 58 2 2 2 
5 5 25 29 74 8 1 7 
5 1 5 20 73 9 4 5 
3 6 29 58 30 6 0 3 
9 3 17 65 9 0 1 0 
1 7 42 42 87 5 3 3 
8 2 23 47 58 9 2 9 
9 7 15 32 48 7 0 8 
0 8 14 41 79 0 7 8 
2 6 37 31 54 3 5 4 
8 7 48 62 24 1 1 7 
3 7 27 59 42 8 4 8 
3 7 47 20 81 6 5 9 
