8 4100
1 4 6 0 12 7 8 2 
9 3 13 38 24 7 2 6 
4 6 25 62 46 0 7 2 
6 8 18 18 83 6 1 3 
7 3 30 66 72 4 0 9 
2 5 0 55 87 2 3 6 
9 4 45 40 41 3 5 2 
6 2 55 68 28 5 1 3 
1 5 0 26 36 5 0 5 
6 0 21 42 41 8 3 3 
0 5 42 76 104 4 3 8 
1 3 25 62 73 7 9 4 
9 4 57 76 67 4 4 0 
9 4 14 44 44 3 5 0 
5 7 17 50 60 4 9 9 
4 0 40 63 40 9 0 2 
2 5 9 57 67 8 8 0 
1 0 14 2 64 2 8 9 
0 3 33 46 45 8 6 9 
7 1 1 43 36 9 3 2 
6 2 8 60 87 2 2 5 
9 5 6 66 18 3 0 5 
0 1 12 56 21 0 1 0 
8 5 65 53 31 9 9 0 
6 1 64 35 58 4 8 4 
2 9 0 37 49 1 1 7 
3 3 23 34 47 2 1 3 
8 7 19 55 63 4 0 4 
5 6 21 75 50 3 2 6 
1 1 22 54 59 1 4 5 
4 3 7 54 91 0 0 2 
5 1 68 81 68 7 1 3 
9 0 81 51 64 3 3 9 
2 2 3 6 47 2 9 5 
9 8 25 67 45 4 4 2 
4 8 22 79 57 5 6 5 
0 6 83 24 69 8 0 8 
8 8 35 112 26 3 6 2 
5 8 20 40 50 3 7 4 
8 5 36 25 100 0 0 7 
2 9 34 39 38 7 8 2 
4 4 25 65 40 1 9 0 
4 1 34 31 44 6 9 1 
6 8 9 58 38 6 3 5 
1 9 0 45 69 2 2 3 
0 0 47 64 16 0 1 5 
8 5 36 58 50 5 8 4 
7 3 39 23 30 5 9 8 
3 2 37 37 78 4 0 9 
8 4 36 79 21 8 6 9 
5 4 0 39 39 0 3 0 
7 3 5 28 66 7 9 9 
2 3 25 35 41 0 0 4 
8 6 36 34 47 1 9 1 
1 0 0 90 52 8 6 7 
0 8 14 41 30 5 8 5 
1 3 54 36 82 6 5 2 
7 7 56 26 7 8 9 7 
3 0 2 46 29 1 4 1 
6 5 22 27 69 8 9 0 
7 4 11 53 27 1 0 2 
7 5 34 42 53 6 9 9 
6 9 33 85 48 9 8 6 
7 7 40 54 49 9 0 6 
8 4 28 73 36 4 6 6 
0 3 23 86 74 2 5 2 
6 0 25 30 75 1 7 6 
4 9 40 51 48 4 2 8 
8 8 30 15 78 0 2 8 
2 9 39 60 38 6 6 7 
0 3 21 41 29 6 6 0 
7 8 26 36 73 9 9 3 
3 5 28 64 29 4 4 6 
4 9 28 20 38 9 5 6 
6 9 20 34 60 8 5 3 
2 6 40 40 27 9 2 2 
0 7 18 49 37 3 9 4 
2 1 54 56 79 8 9 6 
4 7 67 41 59 4 1 7 
4 3 46 36 33 0 8 3 
4 3 44 1 61 9 3 9 
4 4 5 33 42 0 2 2 
7 9 49 48 48 4 6 1 
7 2 36 45 38 1 0 7 
7 3 31 70 61 1 8 7 
6 6 66 92 24 5 8 9 
4 8 0 54 33 5 0 6 
1 1 32 54 57 5 8 5 
6 2 28 71 39 8 0 4 
0 9 13 47 57 8 6 3 
7 3 0 50 61 9 8 6 
2 5 35 53 62 9 9 4 
2 6 53 67 27 1 2 7 
0 9 35 49 34 5 0 7 
6 9 30 47 44 8 8 1 
4 1 22 43 42 1 7 0 
1 9 43 39 24 8 5 5 
3 6 34 46 46 1 3 8 
2 3 10 38 57 3 6 3 
9 5 47 37 46 8 1 5 
6 2 22 44 73 0 2 9 
2 5 7 71 53 1 7 3 
5 5 23 72 28 3 8 5 
2 2 57 48 35 2 8 8 
9 1 7 55 11 1 1 9 
0 4 38 51 52 8 9 6 
0 5 26 25 67 6 4 4 
9 2 60 77 46 1 4 1 
8 7 35 50 60 9 2 8 
1 3 21 47 45 2 7 6 
0 5 47 7 93 6 3 5 
1 0 29 53 44 1 2 9 
3 2 36 19 46 1 6 0 
0 4 74 92 49 8 8 0 
1 9 6 60 97 5 1 8 
6 2 13 4 39 6 0 3 
1 4 38 60 65 6 1 4 
2 7 44 59 38 5 6 9 
1 3 0 55 49 7 1 1 
4 2 32 60 25 7 3 9 
2 1 46 56 24 5 0 3 
5 2 6 56 35 3 3 8 
0 2 5 53 70 2 3 3 
6 8 36 39 80 4 9 5 
5 6 26 66 41 2 4 1 
3 5 62 55 43 5 2 8 
9 0 41 80 27 0 1 5 
9 9 0 26 56 6 4 4 
2 9 0 48 41 1 0 2 
3 4 11 53 62 5 4 7 
9 8 28 41 70 4 6 3 
5 9 0 72 51 6 3 6 
2 3 31 55 43 7 1 8 
4 3 70 35 69 8 4 2 
6 1 27 64 69 6 3 8 
4 6 38 22 57 5 2 4 
2 7 23 40 42 1 9 9 
5 6 34 47 41 4 3 0 
0 1 40 30 29 6 0 6 
2 3 52 65 44 0 0 4 
0 6 0 61 39 4 3 2 
0 4 22 73 61 7 8 7 
6 1 0 0 34 9 8 2 
4 1 24 5 29 5 7 1 
3 8 46 70 30 6 0 5 
7 2 18 26 78 0 1 8 
4 8 31 41 23 2 4 9 
7 6 33 64 50 1 2 7 
5 9 21 73 0 0 3 4 
4 6 54 35 47 2 5 7 
4 7 15 47 36 0 2 9 
3 3 37 32 62 4 2 1 
9 2 17 35 81 1 3 0 
6 2 18 62 19 7 2 0 
5 9 17 57 71 8 4 5 
8 6 14 81 54 9 9 7 
8 3 24 0 79 0 3 3 
5 4 0 59 59 1 9 5 
5 0 7 57 38 5 9 1 
2 9 14 25 23 6 6 1 
7 0 37 68 75 1 6 9 
8 9 0 6 61 8 9 1 
4 0 38 32 60 0 3 5 
1 0 0 12 52 6 0 1 
9 9 67 27 13 0 1 8 
6 3 40 98 62 7 0 3 
8 7 52 34 41 8 0 7 
0 8 31 49 37 8 6 2 
2 0 59 28 65 9 2 3 
3 7 63 94 41 4 5 4 
5 4 29 55 10 2 8 6 
0 2 45 20 32 7 1 5 
5 4 3 72 44 7 5 7 
0 6 28 61 65 6 5 1 
0 7 45 45 66 1 1 6 
2 8 26 15 23 7 1 3 
5 0 10 39 52 0 7 7 
5 9 64 64 52 3 3 0 
5 5 32 38 55 7 7 7 
9 3 17 19 76 4 8 9 
6 9 57 59 46 8 8 2 
8 5 62 46 37 4 5 8 
2 0 28 37 70 7 8 2 
1 7 17 46 17 4 2 9 
0 5 24 45 51 8 0 5 
7 1 44 86 39 2 9 8 
7 9 34 69 73 0 3 6 
6 1 43 37 46 9 2 8 
4 5 53 70 52 0 0 0 
1 7 43 60 66 5 1 3 
0 8 61 20 78 2 8 6 
7 2 23 30 42 1 7 3 
4 0 27 46 53 3 9 1 
1 8 4 85 71 0 4 4 
6 7 41 65 52 4 2 8 
8 0 48 56 62 4 1 2 
2 0 14 77 56 3 6 2 
1 5 30 21 53 8 1 9 
4 5 33 54 50 4 3 9 
5 5 68 49 62 0 4 9 
1 2 7 43 29 0 3 4 
6 4 41 57 67 4 5 7 
4 1 14 81 65 2 1 3 
8 6 30 54 67 7 6 7 
5 3 88 76 47 2 3 7 
9 4 28 35 56 2 5 9 
2 5 22 0 32 4 9 0 
0 1 45 54 45 5 5 1 
8 7 45 27 42 3 3 0 
5 2 26 29 98 8 7 2 
3 4 12 69 31 1 3 3 
8 1 13 25 62 1 6 1 
9 0 51 37 44 9 6 3 
6 3 30 22 68 6 5 4 
2 4 67 68 74 0 7 1 
1 5 53 35 65 2 7 2 
5 5 25 55 32 5 8 0 
7 1 23 55 32 9 7 6 
2 8 39 25 59 7 4 8 
2 3 12 94 34 3 7 3 
1 5 9 33 57 1 2 7 
4 1 47 43 34 9 0 5 
0 4 0 48 73 0 8 1 
3 2 8 42 28 7 3 6 
6 5 27 32 26 9 6 6 
0 8 8 83 10 4 5 1 
6 7 0 27 67 0 0 0 
1 5 59 69 50 9 9 2 
8 0 20 88 62 6 8 7 
9 6 54 53 36 1 9 6 
6 9 34 39 38 6 6 4 
6 6 39 29 6 1 3 0 
3 6 26 54 28 3 4 0 
6 7 52 33 44 2 0 7 
7 0 47 56 48 3 0 9 
1 4 29 63 54 6 6 4 
2 2 8 37 58 7 4 7 
4 2 6 32 37 0 3 4 
3 0 25 77 55 3 1 3 
3 6 22 63 48 0 0 8 
3 5 41 38 35 9 2 1 
1 0 44 77 85 7 1 2 
8 2 25 58 80 0 3 7 
0 6 10 50 55 1 8 6 
1 3 27 48 55 9 9 6 
0 9 34 40 65 8 3 3 
7 4 10 33 51 1 3 8 
4 3 25 52 45 1 7 9 
1 1 30 53 59 3 2 4 
6 2 49 28 46 3 5 9 
5 5 22 73 47 4 0 1 
3 5 28 25 23 9 4 7 
2 3 8 30 42 3 9 0 
3 5 11 30 23 2 9 8 
2 3 28 57 29 5 9 0 
2 7 71 87 14 4 7 3 
7 9 16 20 39 7 9 7 
4 0 56 35 29 6 2 5 
0 5 51 61 66 7 4 3 
1 3 56 46 45 9 7 4 
2 8 20 45 43 7 1 2 
1 7 20 25 72 3 3 0 
0 5 55 79 42 3 0 6 
0 9 38 37 67 6 4 4 
1 4 26 16 13 1 6 7 
9 2 41 0 30 7 5 7 
3 3 0 57 8 8 1 0 
1 5 0 46 75 7 9 2 
5 4 46 56 83 3 0 8 
2 8 15 36 52 4 9 8 
4 1 5 48 61 4 8 1 
0 2 6 81 61 2 4 1 
7 4 41 47 78 3 4 4 
2 8 31 33 76 1 0 0 
8 6 20 46 68 8 0 7 
0 7 14 53 45 4 2 0 
4 9 34 54 63 3 7 9 
7 9 65 91 41 2 5 4 
7 6 50 79 47 1 7 6 
6 7 29 56 26 2 8 9 
6 8 85 98 40 1 7 2 
1 4 26 82 46 0 1 2 
9 4 32 72 82 4 4 8 
4 1 27 63 62 2 0 5 
7 6 78 54 13 9 0 9 
2 9 20 57 39 4 9 3 
4 0 52 64 75 1 4 6 
2 7 14 78 49 6 4 4 
8 2 13 53 71 2 0 1 
2 5 38 31 24 6 2 6 
0 7 28 33 14 0 1 1 
4 4 55 31 24 5 7 2 
7 1 46 72 70 7 8 7 
0 2 13 28 37 0 4 3 
8 8 13 51 65 9 3 6 
0 2 37 61 51 9 5 9 
6 2 59 42 35 7 2 7 
0 5 27 43 57 7 9 6 
1 7 37 49 68 7 0 1 
3 2 45 73 59 3 2 9 
1 5 17 46 38 3 2 8 
8 7 22 62 24 5 2 1 
2 3 14 24 61 7 8 8 
8 8 59 33 42 6 9 8 
4 2 24 80 57 3 0 5 
4 9 22 73 20 3 3 7 
6 8 44 28 39 0 0 9 
0 4 38 42 90 1 4 9 
4 3 28 33 47 0 2 6 
2 6 0 23 40 1 4 6 
6 7 64 48 56 3 7 3 
3 8 29 25 46 5 9 9 
1 7 12 53 24 1 9 8 
9 4 14 33 58 5 1 4 
2 0 49 39 41 1 1 5 
3 8 21 28 42 1 7 9 
9 4 5 72 1 2 3 3 
8 0 58 32 58 0 4 1 
3 0 18 59 43 1 9 0 
7 9 0 34 50 6 5 1 
3 1 8 54 31 0 1 7 
3 0 18 52 39 2 1 8 
5 8 46 82 19 7 5 0 
4 2 24 0 33 6 4 0 
5 4 13 34 68 5 4 6 
1 9 63 53 51 3 6 6 
5 5 31 15 66 9 0 8 
9 5 12 29 18 5 6 0 
0 6 19 45 50 8 8 5 
2 1 0 90 82 5 5 9 
9 0 66 40 50 7 8 2 
7 1 21 79 0 1 2 7 
9 3 18 50 41 6 2 8 
9 6 39 68 49 7 5 1 
5 4 42 47 32 8 4 4 
7 2 0 76 64 0 5 8 
9 4 23 50 44 3 2 9 
1 9 27 51 47 8 9 9 
0 6 37 52 54 8 0 6 
3 3 13 59 30 6 5 6 
7 2 0 68 43 9 6 5 
9 3 32 79 0 2 1 3 
0 4 13 97 59 5 4 6 
1 9 17 58 77 6 2 6 
6 5 43 55 41 7 0 6 
3 4 34 39 59 4 2 2 
2 4 42 57 40 2 0 7 
7 9 27 26 66 4 1 7 
0 2 11 29 24 2 2 8 
8 2 13 25 60 6 7 7 
5 0 28 59 29 6 3 3 
8 8 29 36 49 2 8 9 
6 5 16 48 39 9 9 7 
5 3 21 57 16 4 1 4 
1 7 6 63 74 4 3 4 
5 2 41 69 55 4 6 9 
0 0 25 39 48 7 4 6 
5 4 0 7 93 5 5 7 
4 5 13 23 24 1 0 3 
4 6 28 33 47 9 4 6 
2 5 64 37 34 3 4 0 
4 6 39 55 61 1 5 0 
9 4 32 20 46 8 4 9 
7 6 11 86 48 8 7 0 
8 8 50 58 43 5 8 0 
4 6 39 79 77 5 5 8 
2 0 36 43 24 1 2 4 
7 9 45 42 43 5 1 9 
6 1 16 42 42 1 2 2 
8 0 13 55 87 1 1 5 
5 0 26 25 25 8 7 2 
9 2 9 21 30 9 4 6 
3 0 10 64 95 3 0 1 
0 5 40 37 47 1 3 6 
0 5 30 28 28 9 0 3 
8 0 48 24 53 3 3 0 
9 1 38 70 52 5 7 3 
8 4 20 41 41 4 8 3 
7 4 37 61 71 0 2 2 
2 0 27 17 29 1 5 7 
8 1 8 65 28 2 0 4 
8 5 25 50 31 9 2 5 
1 7 20 29 54 5 9 7 
3 5 21 32 48 3 9 0 
9 4 38 54 30 5 8 5 
9 1 6 29 50 7 3 3 
9 2 24 36 101 0 6 5 
6 7 26 42 75 6 3 0 
1 9 36 41 108 3 9 8 
4 2 45 51 60 0 4 0 
7 2 19 40 51 6 4 8 
2 8 17 33 81 3 1 0 
4 9 51 51 67 8 1 3 
4 6 16 20 52 4 7 6 
6 1 9 16 53 0 2 4 
2 9 62 39 78 5 4 4 
5 6 47 18 51 3 1 6 
4 5 30 89 30 4 6 0 
7 5 0 89 29 6 4 7 
6 6 0 36 62 1 5 1 
1 8 40 37 54 7 4 1 
1 9 23 32 47 3 3 8 
3 7 26 36 56 2 3 8 
2 3 34 36 39 2 9 2 
6 5 33 37 10 1 3 2 
5 8 49 34 74 6 2 3 
9 3 18 19 61 3 4 5 
9 0 29 55 57 6 2 6 
3 3 65 50 26 3 2 5 
0 6 60 64 51 7 3 3 
6 7 29 41 65 9 3 9 
5 3 51 35 35 6 3 2 
0 5 4 58 81 2 4 2 
2 2 7 67 15 9 0 2 
4 3 6 62 55 7 6 3 
2 0 35 22 37 7 7 1 
3 8 13 68 69 1 0 4 
2 1 38 27 43 1 3 6 
7 8 46 56 68 2 1 9 
1 3 1 68 44 0 2 9 
5 7 48 42 28 7 8 3 
9 0 26 74 0 7 7 7 
1 6 24 52 48 7 2 5 
5 5 25 66 30 6 0 9 
8 5 39 54 62 6 2 6 
1 1 56 63 76 8 8 7 
3 9 25 6 66 4 4 9 
3 8 49 59 100 2 5 1 
1 6 8 74 41 5 3 7 
5 8 0 15 20 4 6 6 
7 2 5 78 35 8 5 9 
1 5 59 84 58 9 8 8 
6 8 66 22 73 0 6 9 
1 5 36 26 23 4 1 4 
4 4 39 28 68 8 6 2 
6 6 29 28 40 1 7 4 
6 9 57 33 50 9 3 6 
6 5 22 60 41 2 1 2 
3 5 52 32 77 0 1 8 
9 7 25 13 23 0 1 1 
2 3 53 65 63 6 7 1 
6 2 55 31 51 9 1 6 
2 6 20 52 63 9 8 8 
5 5 30 46 31 7 3 2 
4 3 27 23 50 8 1 8 
7 8 36 47 47 0 9 7 
2 6 62 38 34 7 5 2 
2 6 0 59 28 0 7 7 
1 9 0 7 39 0 5 3 
7 2 21 62 66 8 8 6 
7 2 18 44 54 3 2 4 
7 5 38 0 46 2 9 2 
5 7 9 34 57 5 8 4 
0 6 35 43 52 7 3 4 
1 3 33 32 40 5 7 4 
6 4 8 46 56 1 2 0 
2 1 51 40 27 6 5 3 
9 5 59 73 34 5 8 0 
3 8 47 74 73 0 6 9 
7 1 27 24 79 5 3 5 
4 9 76 73 54 6 5 8 
4 7 8 40 51 6 7 7 
8 2 38 28 31 7 5 4 
4 3 29 24 78 4 6 2 
4 5 28 38 64 1 4 3 
9 2 22 41 36 4 2 2 
9 6 21 41 6 9 0 3 
5 8 0 74 36 9 9 1 
6 6 42 35 65 6 0 5 
2 8 39 0 60 8 0 1 
8 8 0 35 76 8 5 1 
9 9 38 73 30 2 6 3 
3 4 20 8 59 3 0 9 
7 0 18 46 55 3 1 4 
4 2 0 71 61 5 5 7 
7 2 32 79 16 7 0 3 
7 5 43 31 83 3 6 1 
0 2 36 38 47 7 6 0 
6 3 23 42 66 5 9 7 
7 1 5 38 64 2 8 1 
9 5 44 40 60 9 7 9 
2 0 10 43 77 0 9 0 
2 5 58 55 57 7 0 6 
3 9 52 22 59 6 6 0 
9 7 31 39 8 8 5 8 
8 5 20 65 49 1 8 6 
1 5 50 90 42 0 5 9 
5 9 0 42 19 0 3 9 
4 1 42 29 49 5 0 7 
3 2 35 101 31 0 1 0 
8 3 62 35 43 5 3 7 
5 7 27 36 64 7 6 6 
7 0 38 53 46 2 6 6 
0 3 22 47 10 6 3 9 
2 6 26 68 27 4 2 6 
0 6 15 48 60 6 4 0 
2 9 24 17 50 8 5 0 
7 1 7 76 36 3 1 1 
9 5 29 15 28 9 3 8 
4 3 17 40 44 4 4 5 
6 9 16 7 72 2 7 7 
5 7 52 67 58 8 4 4 
1 0 29 52 31 2 1 0 
7 9 16 40 73 7 8 6 
6 9 16 59 74 2 7 1 
1 9 43 50 55 7 9 4 
4 6 21 102 18 9 7 4 
9 4 26 74 52 9 1 7 
6 1 39 56 56 0 5 5 
7 1 75 54 39 7 0 4 
5 9 20 61 37 4 1 4 
1 0 46 61 21 6 7 9 
0 3 24 48 26 0 4 4 
7 2 21 63 74 1 9 4 
9 4 47 18 62 2 0 4 
9 7 30 80 46 9 4 9 
1 2 64 52 58 1 5 0 
4 7 32 34 61 2 7 6 
7 1 53 62 34 9 8 3 
9 2 37 49 33 7 7 0 
8 6 13 19 56 6 8 1 
9 8 61 22 26 2 9 7 
9 7 64 53 66 8 1 4 
3 0 41 38 55 1 8 3 
6 8 11 44 20 8 1 5 
9 3 52 26 0 2 4 3 
6 4 41 51 63 8 5 2 
9 8 4 22 33 7 1 7 
9 5 34 69 12 8 7 9 
9 8 37 53 28 2 9 5 
0 5 27 43 58 6 2 9 
2 3 12 25 29 4 5 8 
3 3 54 47 58 6 3 2 
4 5 13 55 45 5 4 8 
1 4 0 14 43 4 1 0 
7 6 18 40 28 9 0 5 
1 6 43 86 54 7 9 8 
0 2 0 67 78 5 2 2 
9 9 8 76 34 9 8 5 
2 5 10 32 45 7 2 9 
5 2 45 37 59 4 3 7 
8 1 77 57 40 9 3 4 
9 6 6 16 56 6 7 3 
5 2 0 61 55 6 6 7 
4 1 26 48 79 2 1 2 
1 4 1 58 26 2 7 2 
4 6 35 84 39 7 4 8 
9 4 60 51 65 6 6 5 
9 0 39 62 29 3 1 3 
7 0 36 62 64 6 6 1 
6 3 66 58 49 2 8 8 
0 3 34 38 52 4 3 6 
2 8 19 55 27 3 9 7 
5 9 28 58 32 7 3 4 
2 5 40 83 62 9 7 2 
0 4 40 8 52 6 9 6 
0 4 43 54 54 4 6 3 
7 6 42 48 32 6 8 0 
7 9 12 61 45 0 5 4 
8 9 30 75 43 4 0 9 
8 6 0 16 67 7 9 3 
4 7 29 85 27 9 6 2 
1 6 26 62 54 4 3 8 
1 6 28 52 26 8 0 5 
9 2 7 23 65 7 5 9 
2 8 21 56 29 3 4 0 
4 7 0 34 32 3 4 1 
5 0 47 37 42 8 2 4 
6 6 26 49 49 0 3 0 
4 9 44 51 32 4 2 6 
7 5 17 41 25 4 3 8 
3 6 0 63 75 4 9 5 
0 3 0 40 43 5 5 4 
9 7 25 50 28 1 8 8 
7 0 14 64 62 7 3 7 
7 9 30 73 71 0 8 5 
6 5 21 39 63 2 7 5 
9 2 18 49 20 0 8 5 
1 7 51 9 66 1 3 6 
3 7 29 52 53 1 3 0 
1 6 7 52 83 9 1 3 
6 8 13 66 46 1 6 6 
8 4 31 46 29 0 4 1 
9 8 37 42 44 5 4 6 
2 0 40 46 44 5 8 3 
2 3 36 66 56 8 8 2 
5 7 37 31 61 6 2 4 
3 5 35 39 45 7 8 4 
2 6 17 45 82 5 5 5 
0 2 42 84 50 5 2 6 
9 7 69 6 24 2 7 2 
9 4 41 32 41 6 0 2 
4 0 10 88 66 1 7 7 
7 6 11 48 59 2 1 8 
5 8 32 51 28 0 4 3 
2 8 61 63 55 2 9 2 
5 1 60 53 64 4 2 6 
7 5 34 79 28 1 7 2 
2 2 26 63 34 8 6 0 
1 0 16 21 97 2 0 4 
9 3 30 93 48 4 8 6 
1 1 8 41 65 3 1 5 
5 3 37 60 70 4 4 6 
3 0 0 57 48 9 3 8 
7 2 34 29 44 1 8 0 
0 1 22 39 43 9 6 1 
5 6 21 56 27 5 9 1 
6 8 52 60 64 8 2 2 
2 3 11 43 52 2 9 2 
2 5 14 85 61 2 0 4 
5 4 29 16 60 9 5 0 
9 8 42 35 46 4 1 8 
6 1 37 47 36 8 8 7 
9 6 48 56 44 3 8 3 
0 5 0 32 74 9 0 8 
9 2 26 15 53 6 0 0 
7 1 17 58 42 3 8 6 
2 3 8 47 88 8 2 4 
0 3 24 35 52 8 0 2 
8 2 23 56 24 0 0 3 
5 8 70 58 46 0 3 0 
5 0 45 65 87 1 2 1 
0 0 7 27 47 6 5 9 
3 0 33 39 66 1 1 1 
2 4 17 74 9 2 7 8 
1 1 16 38 24 3 6 4 
7 1 36 12 36 2 6 5 
0 3 0 83 54 6 3 5 
9 9 34 54 38 8 8 6 
1 5 37 44 86 9 8 6 
2 5 18 99 32 7 3 4 
9 7 18 24 93 9 0 9 
4 3 76 93 40 6 4 3 
9 5 21 46 56 5 8 0 
2 6 27 44 38 2 8 2 
2 1 26 50 40 9 1 2 
5 6 39 40 41 7 8 1 
5 5 57 51 73 3 4 4 
9 3 42 43 85 3 9 8 
6 5 50 33 51 5 1 9 
7 6 11 6 49 1 3 2 
1 9 39 23 65 3 9 3 
5 6 0 70 87 4 8 6 
1 9 28 59 40 5 2 6 
9 0 8 73 69 5 6 9 
0 2 0 48 59 3 9 1 
2 3 34 51 69 0 9 3 
7 1 37 23 49 1 1 5 
8 7 11 29 28 2 3 8 
2 7 31 44 48 7 0 4 
6 6 15 73 86 6 9 7 
2 4 45 29 57 2 8 1 
9 0 36 40 64 5 7 2 
4 0 76 59 56 3 2 2 
2 9 23 86 72 0 9 0 
4 9 0 33 49 9 9 3 
2 5 56 81 69 5 2 6 
8 7 75 41 11 7 8 8 
7 0 53 0 71 4 6 4 
7 5 45 41 72 2 0 5 
9 1 44 52 39 7 4 0 
8 0 29 58 30 8 6 1 
2 7 11 79 26 9 1 3 
4 4 42 41 36 2 9 3 
5 1 43 30 31 9 1 0 
5 6 16 33 57 3 3 6 
7 0 10 69 30 6 9 7 
4 3 0 51 33 2 0 6 
9 0 49 27 79 3 8 9 
3 5 26 66 42 6 9 3 
5 8 53 22 42 3 8 6 
9 6 15 59 79 8 8 6 
0 2 14 95 36 8 3 8 
5 5 9 72 24 9 2 3 
6 4 19 57 46 6 5 9 
1 4 26 67 57 1 0 8 
0 1 47 29 14 1 5 3 
0 6 32 30 61 4 2 3 
6 6 20 91 46 7 5 9 
1 4 42 53 80 2 7 9 
0 8 26 44 62 1 6 3 
1 2 33 55 102 2 4 1 
8 4 9 29 50 0 8 0 
7 8 21 50 20 2 6 1 
1 7 35 19 27 2 2 2 
1 1 16 46 81 8 1 1 
5 3 15 78 55 1 9 6 
6 8 1 49 54 0 0 4 
2 7 31 50 44 3 0 5 
3 0 33 42 48 7 6 7 
3 9 47 88 21 9 7 3 
4 8 26 21 38 1 0 2 
2 6 28 47 38 9 4 4 
0 2 46 36 49 0 0 6 
7 3 0 52 26 7 4 2 
3 5 6 59 29 9 3 7 
5 0 13 63 55 9 3 6 
9 1 0 59 32 8 3 9 
1 6 5 59 39 3 7 4 
9 2 17 32 64 8 1 4 
8 9 93 65 55 9 5 3 
4 3 52 47 30 0 5 9 
5 4 29 61 78 0 2 3 
4 5 15 23 65 1 2 0 
8 1 32 41 85 6 7 4 
1 6 30 58 46 2 9 6 
8 0 2 29 32 0 0 3 
1 4 57 26 36 6 7 5 
7 7 20 27 41 4 3 5 
9 1 0 31 35 2 1 1 
6 1 0 63 56 2 2 4 
4 2 38 38 16 4 9 1 
1 6 11 63 49 9 9 6 
3 6 77 91 49 5 7 5 
8 8 19 80 40 1 7 5 
6 4 0 87 60 1 8 0 
6 4 46 72 39 1 4 6 
8 2 27 35 47 4 8 3 
3 8 0 59 27 8 0 9 
2 4 19 21 61 6 5 3 
9 3 47 15 82 6 4 4 
5 8 13 82 62 2 4 4 
8 3 27 52 79 9 2 2 
3 0 50 19 7 3 9 6 
5 4 25 48 62 7 7 5 
3 4 25 41 48 5 3 6 
1 5 42 46 51 2 3 0 
3 4 54 54 43 7 6 9 
4 4 0 43 60 0 4 5 
6 9 5 22 62 4 3 8 
4 3 11 33 34 8 8 0 
5 2 11 92 45 0 3 6 
4 3 52 70 56 8 2 2 
3 4 38 86 52 2 5 3 
3 3 10 41 86 6 7 0 
0 2 67 59 49 5 1 0 
1 3 40 68 50 7 1 6 
5 4 26 56 65 5 1 7 
7 8 16 32 38 0 2 3 
9 3 9 43 70 8 3 5 
2 7 9 65 76 2 1 1 
9 9 16 47 13 1 5 0 
8 1 22 27 55 0 9 3 
8 3 40 28 38 1 8 3 
9 0 8 60 64 4 8 1 
6 3 38 59 33 2 5 7 
6 9 28 82 3 5 0 0 
4 7 20 23 44 2 4 7 
9 0 11 44 59 6 7 2 
3 3 20 55 53 8 3 3 
5 0 20 35 41 2 5 7 
0 2 50 69 79 6 0 2 
0 9 50 62 84 0 5 7 
6 6 14 64 72 9 0 6 
1 8 35 77 47 0 0 4 
7 4 48 45 97 5 9 2 
2 1 26 76 74 2 7 9 
7 7 32 41 54 4 5 1 
3 0 36 51 41 6 1 2 
9 9 28 16 33 1 5 8 
0 2 20 79 83 3 3 7 
8 7 15 65 52 2 0 5 
9 5 33 72 60 4 0 6 
0 6 55 57 72 0 2 7 
7 0 45 53 31 0 8 4 
5 4 40 78 74 1 4 9 
9 8 0 48 86 7 4 2 
5 3 63 59 23 7 4 6 
9 9 26 95 54 9 2 7 
1 0 69 41 75 4 7 4 
8 9 64 68 0 1 0 9 
0 2 8 46 21 2 0 0 
3 6 22 44 43 9 5 4 
5 5 19 88 72 4 3 5 
4 5 13 58 63 5 9 1 
6 3 29 82 57 0 6 2 
9 3 44 25 34 0 2 2 
8 2 26 22 68 7 9 5 
6 5 31 60 74 9 7 6 
4 9 40 80 32 5 3 4 
0 7 50 51 50 4 6 1 
6 0 0 27 43 7 7 6 
6 8 69 80 55 2 6 4 
5 0 12 37 25 1 2 6 
7 3 43 48 76 2 1 7 
2 9 32 92 33 1 1 0 
9 9 57 58 75 4 8 1 
3 6 56 40 43 8 3 8 
9 2 15 30 59 2 2 4 
7 8 62 36 47 9 8 0 
9 2 25 41 64 0 5 0 
8 0 47 87 31 4 9 9 
7 8 45 75 45 8 5 7 
0 0 53 52 37 6 2 5 
8 3 52 62 19 6 9 6 
8 0 22 93 24 2 5 7 
9 6 78 72 51 5 6 0 
0 6 28 53 45 6 6 0 
2 7 41 72 36 4 1 3 
0 2 49 46 31 7 6 8 
3 0 3 77 31 2 4 3 
3 6 50 38 24 0 6 1 
3 9 40 40 52 7 7 9 
4 6 28 17 0 8 5 6 
9 5 13 29 30 4 6 3 
5 4 39 62 39 7 2 0 
8 9 10 58 45 8 5 2 
5 1 19 44 66 8 8 4 
9 0 61 43 50 8 9 6 
8 1 22 55 38 5 2 8 
3 8 39 55 45 8 3 0 
6 4 0 36 59 8 3 9 
1 4 14 0 63 6 0 4 
5 6 51 20 61 0 9 7 
6 1 19 60 58 3 4 7 
0 1 68 61 77 2 7 9 
1 3 17 37 14 1 2 1 
9 7 25 46 62 0 5 4 
1 0 0 56 47 3 0 1 
7 9 29 29 46 3 4 1 
4 2 0 56 31 9 2 7 
5 4 50 23 29 7 7 2 
3 9 43 42 58 7 6 5 
7 3 22 58 92 9 5 9 
1 1 43 52 12 2 0 0 
0 5 21 58 19 6 6 2 
9 4 0 78 62 1 7 7 
1 1 30 38 71 9 0 6 
7 7 27 83 40 4 3 8 
3 3 7 56 60 6 2 2 
4 6 0 9 23 8 0 2 
8 5 46 26 19 2 5 7 
8 1 46 75 0 4 0 4 
6 5 23 67 57 1 7 4 
9 3 17 70 17 6 8 4 
2 5 38 54 56 8 5 6 
0 2 27 27 48 2 8 9 
1 2 37 34 30 7 4 5 
3 4 15 21 69 7 7 8 
0 5 49 62 25 6 3 4 
0 1 35 39 51 1 1 3 
9 0 72 28 49 2 4 9 
3 6 72 89 83 3 1 1 
8 3 32 64 61 7 0 5 
4 3 36 36 78 4 6 4 
5 2 37 13 58 0 6 8 
6 0 25 61 55 8 0 8 
8 3 41 46 16 2 9 2 
3 8 39 53 47 2 7 0 
5 9 47 68 45 5 6 2 
1 6 32 7 58 8 0 2 
6 9 30 11 39 5 8 0 
9 8 16 33 51 5 8 3 
8 0 28 69 63 6 2 0 
2 0 37 30 56 3 3 4 
5 0 0 86 39 9 1 3 
5 9 0 54 52 0 9 6 
2 9 8 36 26 1 3 3 
7 3 0 71 35 0 2 5 
0 0 33 76 33 0 4 6 
4 8 12 7 32 1 7 4 
4 6 49 31 63 0 0 7 
4 5 0 39 63 9 4 5 
9 0 55 84 47 2 6 1 
4 5 31 77 35 8 3 1 
8 8 16 26 52 8 8 9 
1 1 6 11 43 3 6 2 
7 7 23 36 49 6 1 7 
3 6 55 22 52 1 7 9 
2 2 68 51 31 0 5 6 
0 3 48 62 31 1 1 5 
0 1 32 63 69 1 9 7 
0 3 29 17 51 8 8 7 
1 7 0 35 56 6 4 9 
0 3 47 54 47 6 1 2 
6 7 0 33 108 0 8 6 
3 6 31 68 68 3 1 8 
4 3 30 5 20 2 4 2 
0 8 2 28 61 2 1 2 
8 7 50 54 69 6 7 0 
7 8 25 29 45 4 8 4 
6 8 26 27 22 8 8 5 
0 7 9 90 54 2 5 9 
8 6 20 34 29 3 0 2 
1 9 43 50 16 1 2 6 
8 0 12 9 88 6 6 1 
1 3 20 53 89 8 6 5 
0 3 15 60 74 3 1 3 
7 5 38 27 62 6 8 0 
5 1 0 64 54 5 1 6 
0 2 85 59 46 2 1 4 
8 8 43 20 74 3 8 1 
9 7 42 50 31 1 3 1 
7 5 26 27 61 3 0 4 
5 7 9 23 53 6 4 3 
6 7 58 56 46 5 9 4 
8 7 47 79 28 1 9 2 
1 0 57 9 46 8 7 5 
8 2 21 57 54 9 3 1 
9 1 7 45 55 2 1 4 
0 8 36 54 35 1 0 1 
1 0 1 28 74 2 2 0 
9 6 32 64 32 0 7 9 
2 2 20 41 48 9 1 1 
9 6 50 57 71 3 6 5 
1 3 22 30 124 3 2 8 
4 5 13 29 40 7 5 2 
8 0 43 79 86 2 6 2 
0 0 22 56 44 6 8 6 
1 3 0 39 21 4 4 8 
6 9 19 61 27 6 1 8 
7 3 45 82 42 5 9 9 
3 6 51 20 49 1 6 4 
5 7 30 64 45 6 7 7 
2 7 13 35 11 0 6 8 
3 2 0 36 57 5 1 6 
5 2 41 15 30 3 8 5 
9 2 28 73 98 8 8 8 
9 4 23 47 55 6 0 1 
0 3 60 23 56 8 1 9 
6 5 8 62 50 1 3 2 
8 8 40 36 66 3 4 3 
7 0 40 53 36 4 5 5 
7 5 42 57 45 2 4 5 
9 3 54 30 73 4 0 0 
2 1 50 25 75 7 5 6 
1 5 23 62 50 5 3 1 
5 5 13 56 38 9 1 3 
0 6 41 62 61 8 8 8 
1 8 54 96 47 0 2 7 
9 1 6 56 39 7 0 5 
3 9 21 39 52 4 5 2 
0 1 71 38 94 3 9 5 
5 8 29 88 52 3 0 0 
6 5 11 24 46 8 9 8 
3 2 21 28 53 1 6 4 
6 6 46 97 45 8 4 9 
6 9 32 64 43 0 5 7 
8 0 21 45 34 4 7 7 
5 8 47 52 44 5 7 2 
7 0 13 22 56 9 1 9 
9 2 16 69 51 5 1 6 
2 6 14 70 14 7 7 4 
1 7 45 59 34 1 5 2 
4 2 25 45 35 6 8 0 
0 7 40 47 89 5 0 0 
2 4 23 46 26 6 3 7 
1 2 9 39 38 2 9 7 
3 3 36 35 55 2 7 0 
7 8 5 61 43 9 3 3 
0 9 0 53 75 4 7 1 
5 4 30 49 46 0 8 7 
5 2 28 0 34 0 2 3 
0 4 14 47 59 0 8 3 
4 7 12 66 46 3 5 7 
3 3 39 51 62 4 4 3 
4 6 16 12 46 7 6 8 
7 3 75 63 24 9 6 1 
7 5 53 50 35 2 0 1 
0 2 52 65 83 3 9 5 
3 7 4 90 64 2 5 0 
6 4 6 43 36 7 6 5 
9 3 0 20 50 5 6 3 
1 6 28 43 62 3 5 8 
8 1 3 27 27 3 3 8 
3 7 37 33 15 5 1 1 
0 4 32 6 28 0 4 4 
5 8 7 87 25 9 4 7 
1 9 58 24 49 7 8 8 
3 0 7 60 64 2 7 4 
0 6 37 42 42 0 7 3 
3 6 22 52 51 2 2 8 
3 7 45 40 31 1 4 0 
6 9 34 57 12 3 2 5 
6 5 49 64 24 4 6 6 
4 6 62 41 28 8 0 7 
6 2 27 72 63 0 4 3 
6 4 31 24 28 9 3 0 
0 0 23 40 22 9 3 1 
1 3 30 88 60 7 4 1 
4 8 30 38 48 7 9 1 
1 8 34 90 60 6 4 3 
3 6 29 36 55 7 8 3 
4 1 33 39 32 4 5 0 
5 8 33 53 44 5 1 9 
9 7 52 24 62 4 3 0 
3 9 20 68 48 7 6 2 
8 6 41 11 58 0 1 0 
8 1 11 62 26 2 9 6 
3 1 41 36 62 3 3 6 
0 6 30 46 48 2 2 1 
8 1 37 67 42 1 0 9 
1 4 6 12 59 0 4 1 
0 4 15 60 69 4 4 9 
1 0 11 43 59 2 5 0 
8 3 35 42 28 6 7 1 
6 9 40 35 35 5 0 7 
8 9 0 81 50 5 8 6 
9 1 36 27 56 6 3 5 
8 7 0 50 55 6 1 0 
3 1 19 52 14 8 0 9 
1 4 26 54 37 6 4 1 
6 2 56 25 23 6 4 7 
9 3 3 76 52 3 7 2 
7 5 8 80 13 0 0 9 
1 6 35 34 40 8 3 0 
0 0 26 80 38 8 3 0 
5 6 6 18 64 6 2 5 
9 0 34 47 51 0 3 9 
8 8 10 66 56 2 6 1 
2 1 61 32 27 9 4 8 
8 7 31 54 60 9 6 5 
1 2 55 79 36 0 0 3 
1 9 16 47 17 8 9 4 
2 2 34 74 52 6 2 8 
0 4 26 57 55 4 0 4 
7 9 35 49 30 8 2 9 
2 2 33 67 48 8 8 1 
0 0 7 46 9 7 4 2 
6 3 64 53 64 6 6 9 
0 2 0 53 47 2 5 9 
6 5 41 57 78 8 6 2 
5 0 44 70 44 6 3 9 
7 2 0 43 73 1 3 4 
8 7 52 67 56 8 4 4 
0 8 5 57 70 4 4 2 
3 6 16 59 70 5 5 5 
5 5 50 0 74 8 6 6 
1 4 36 59 29 5 9 9 
4 5 44 86 69 5 3 0 
5 3 35 46 52 5 4 7 
0 7 25 25 61 8 7 7 
6 6 5 39 41 9 5 1 
0 2 51 72 43 8 3 3 
9 1 0 67 14 2 2 7 
7 7 29 71 84 4 5 6 
2 4 6 24 66 2 7 7 
3 4 70 42 41 2 2 8 
9 0 27 60 47 9 9 8 
4 7 45 85 84 4 6 1 
4 8 63 43 46 7 0 1 
2 3 18 68 84 1 3 9 
6 8 47 13 37 0 2 7 
5 1 57 58 59 2 7 7 
9 9 44 42 34 6 5 9 
6 4 67 51 51 3 7 7 
5 6 39 87 23 8 9 2 
8 6 30 39 39 5 8 6 
5 6 26 85 58 4 3 8 
1 2 47 68 65 7 6 6 
8 8 10 20 45 7 9 1 
7 7 0 23 26 6 4 3 
1 9 35 50 79 6 6 4 
9 2 14 25 43 6 1 0 
0 7 53 49 77 0 7 2 
7 6 16 51 84 1 9 5 
3 5 16 73 53 7 6 2 
0 0 11 26 28 4 7 1 
5 9 9 54 33 0 7 8 
5 3 10 44 56 3 9 6 
6 0 13 14 28 7 0 8 
7 2 6 51 43 3 1 3 
5 7 8 53 38 7 3 4 
8 4 21 65 40 9 2 6 
9 8 44 12 12 6 5 7 
8 1 0 51 55 2 9 6 
3 3 31 46 21 2 6 1 
5 6 46 45 36 2 6 7 
7 2 0 41 33 2 2 0 
8 7 47 50 90 0 8 5 
1 6 53 62 35 8 5 1 
2 1 22 60 44 7 2 7 
6 9 34 39 48 7 9 9 
8 5 24 61 16 8 1 3 
9 0 0 62 60 2 2 4 
1 5 64 77 59 4 5 2 
8 3 37 22 21 7 7 5 
8 3 61 50 54 4 8 8 
0 0 0 52 47 7 7 6 
6 1 66 73 37 5 6 0 
1 6 28 63 36 2 3 1 
7 3 17 56 52 6 6 4 
1 5 34 23 42 4 3 6 
2 8 28 45 65 2 5 5 
2 7 50 56 47 1 7 4 
8 8 26 33 64 0 0 3 
9 2 41 29 72 5 2 2 
8 8 35 40 35 0 1 4 
4 3 33 24 71 5 1 7 
5 2 31 69 61 2 8 0 
0 9 30 58 30 2 5 1 
1 6 29 22 36 5 3 0 
9 7 13 44 48 7 0 6 
4 6 52 48 64 8 1 8 
4 3 15 77 36 8 2 2 
6 9 16 24 37 4 1 3 
1 6 8 66 26 9 0 4 
1 8 45 63 17 8 9 9 
6 1 42 44 29 5 2 9 
7 2 6 62 48 2 7 9 
1 8 0 20 48 4 7 3 
6 7 37 110 79 2 5 1 
0 1 47 63 44 0 5 7 
3 7 21 44 47 0 1 6 
0 9 24 19 39 7 4 6 
1 0 55 61 51 0 5 8 
5 6 18 59 55 1 0 4 
2 4 49 66 48 8 1 1 
7 4 0 83 72 5 9 6 
9 1 0 65 16 7 6 5 
2 1 43 70 50 6 4 8 
8 8 26 69 58 4 5 2 
2 7 44 44 61 1 4 6 
1 3 0 54 35 9 5 1 
8 9 26 49 36 1 4 9 
1 0 32 61 55 4 2 3 
1 7 53 95 94 7 4 5 
1 5 0 19 50 6 0 4 
3 2 22 50 40 7 7 3 
6 8 49 67 88 3 6 6 
6 4 15 32 43 7 0 8 
0 1 36 59 65 8 2 2 
2 5 0 67 9 0 1 0 
3 9 46 57 25 4 2 9 
8 6 35 60 52 5 3 9 
2 9 27 67 51 5 3 0 
8 1 68 54 44 2 2 0 
1 0 43 101 11 3 8 4 
8 6 45 0 38 6 4 7 
8 1 59 74 60 2 3 0 
6 8 35 50 32 1 5 6 
6 0 53 39 64 7 0 5 
9 6 47 72 29 2 1 6 
6 6 41 48 65 5 0 5 
1 8 30 70 50 2 9 6 
7 1 53 37 69 0 8 5 
8 3 55 60 37 4 1 5 
9 3 26 69 48 3 0 4 
8 2 66 26 21 7 0 6 
0 8 0 78 47 7 0 3 
6 2 44 67 64 6 4 1 
3 8 58 35 44 1 3 0 
4 0 32 54 70 3 9 6 
7 8 25 71 19 3 8 9 
1 1 13 63 47 3 8 7 
3 0 56 64 79 7 8 2 
1 5 18 64 67 5 0 9 
5 2 23 44 94 5 5 2 
8 3 41 35 48 7 5 6 
5 8 44 20 45 4 4 3 
7 2 63 57 53 6 0 2 
1 3 57 51 41 9 9 2 
5 9 50 81 39 5 8 3 
1 7 42 41 67 5 2 1 
0 1 38 55 46 4 1 7 
7 3 61 43 55 4 7 1 
4 9 36 69 45 6 9 8 
0 0 26 57 60 7 6 4 
8 6 4 32 53 0 0 9 
9 5 25 64 88 6 7 9 
8 9 19 36 4 3 2 2 
3 5 46 48 47 5 1 5 
7 7 49 43 34 9 8 8 
6 5 34 61 29 0 8 8 
9 3 0 31 45 3 0 7 
3 7 27 58 36 5 5 0 
0 0 29 17 34 0 2 7 
5 5 32 93 84 9 3 3 
3 6 22 70 69 6 6 6 
9 8 49 41 59 3 7 2 
1 9 5 63 44 9 3 1 
2 2 54 14 27 5 1 3 
2 3 47 39 18 5 9 6 
1 9 42 35 57 6 3 2 
8 9 38 47 70 9 1 1 
6 4 23 33 34 7 7 6 
6 8 42 35 4 1 1 4 
1 4 24 53 31 6 6 0 
4 6 34 59 53 9 6 9 
0 3 27 60 25 7 6 1 
1 7 38 32 42 9 7 1 
3 8 16 16 36 0 2 9 
5 1 33 20 47 0 9 1 
8 7 21 66 15 1 6 9 
2 5 0 80 69 2 6 8 
5 6 39 68 75 9 1 9 
2 3 41 14 105 4 0 6 
0 0 31 67 58 7 1 2 
7 3 0 66 52 1 6 5 
9 9 23 37 83 1 4 7 
8 6 53 52 37 5 4 7 
6 8 65 51 15 0 8 1 
7 2 22 52 67 3 6 1 
1 8 47 48 57 0 5 1 
5 4 26 102 54 6 5 5 
4 5 42 32 48 7 4 5 
2 6 34 41 34 7 1 0 
2 4 44 92 59 4 5 7 
5 8 19 36 58 3 4 2 
6 8 15 67 57 8 3 9 
1 7 3 54 44 3 6 8 
4 9 16 59 40 5 8 1 
2 4 0 88 64 1 0 3 
7 1 0 25 21 0 8 0 
5 2 35 50 63 3 8 8 
0 3 18 70 66 2 9 1 
7 4 53 86 35 1 4 8 
5 8 54 57 19 1 6 9 
9 2 68 36 48 9 8 0 
2 3 17 24 61 0 9 9 
7 8 50 27 41 6 6 1 
0 7 68 49 39 6 1 5 
1 5 30 52 73 7 0 5 
5 6 25 14 58 1 5 0 
6 4 4 62 65 0 6 7 
8 9 47 55 14 9 4 9 
7 9 21 38 62 9 2 6 
9 0 92 41 66 4 6 4 
4 2 36 55 31 6 5 8 
4 9 10 55 69 4 4 7 
9 1 57 9 63 9 2 9 
4 9 20 50 38 2 0 1 
6 3 52 36 55 1 8 9 
3 7 5 43 38 6 4 8 
8 3 10 51 52 6 7 4 
6 7 45 8 50 7 1 6 
7 6 32 73 31 8 4 7 
5 3 50 40 56 5 2 5 
7 9 5 36 70 5 6 2 
6 6 20 35 80 0 4 4 
1 5 31 31 21 7 0 9 
7 6 19 11 46 8 8 1 
8 1 40 48 16 8 8 8 
9 1 23 56 50 5 1 6 
7 9 33 33 50 0 1 5 
2 7 15 67 55 7 7 6 
9 0 3 19 43 3 9 8 
3 8 47 68 60 8 0 8 
6 7 53 62 20 0 0 5 
4 7 33 49 43 8 6 5 
2 6 8 51 48 9 3 7 
7 6 22 70 54 3 5 8 
1 7 50 22 41 6 6 3 
6 4 9 70 15 1 3 1 
5 7 11 32 51 0 0 4 
8 2 39 33 38 4 0 4 
1 3 41 44 32 5 2 3 
3 2 17 53 57 5 0 7 
1 1 35 62 73 0 0 6 
9 3 23 56 67 9 9 6 
3 1 25 83 70 9 7 4 
6 2 40 76 65 2 6 9 
2 8 54 24 26 6 2 9 
1 6 24 25 39 9 8 5 
9 5 2 51 15 0 7 8 
1 7 41 31 78 4 4 5 
5 7 0 39 51 1 4 9 
9 9 33 82 51 6 2 6 
7 7 0 48 40 9 3 0 
9 9 4 39 60 6 3 7 
0 4 0 22 31 4 4 2 
5 3 0 0 51 8 8 5 
7 6 61 38 80 8 7 6 
5 2 0 24 113 3 6 8 
3 4 52 64 27 7 7 3 
6 8 27 40 88 7 6 9 
2 8 12 41 47 7 1 3 
9 9 29 43 65 5 1 0 
5 8 28 50 40 0 8 8 
0 9 36 48 69 2 0 1 
4 6 45 63 65 2 6 7 
3 0 26 79 62 0 0 5 
0 9 51 54 30 2 6 7 
7 3 55 34 44 9 8 0 
1 4 0 53 49 1 8 4 
3 5 28 60 61 0 8 7 
2 4 55 45 26 2 5 1 
1 8 29 64 68 1 1 9 
7 9 25 50 43 0 2 4 
6 6 50 74 36 9 2 1 
9 9 0 29 45 4 8 5 
8 5 0 9 83 2 6 5 
7 1 22 57 38 7 4 2 
0 9 14 17 60 1 7 8 
1 0 31 57 37 5 2 9 
2 1 41 66 54 6 1 1 
1 4 14 78 41 9 1 5 
8 9 30 46 28 0 6 3 
1 8 38 30 52 9 7 4 
3 4 84 94 40 4 9 6 
2 1 39 60 55 4 0 6 
3 4 25 20 63 7 3 8 
8 3 29 12 51 3 9 8 
6 5 59 36 45 6 1 7 
1 0 23 47 35 7 2 0 
6 4 23 63 47 3 2 1 
8 0 12 51 57 4 1 2 
8 7 38 99 69 8 9 9 
4 5 23 80 84 2 8 2 
2 2 32 46 95 5 5 9 
2 6 50 89 44 7 9 8 
4 6 43 65 49 8 8 4 
8 4 0 79 55 0 1 4 
4 6 50 56 49 2 1 6 
5 4 60 54 84 5 4 6 
0 3 24 57 74 9 1 4 
5 8 0 43 28 9 1 8 
3 4 64 28 52 9 8 0 
5 6 2 53 64 7 1 5 
5 1 0 92 71 8 2 9 
5 2 50 40 47 1 6 2 
4 8 0 75 37 8 4 3 
2 4 11 49 29 7 7 0 
8 1 19 53 54 5 5 1 
7 4 17 46 48 1 7 1 
7 6 34 54 59 1 0 0 
1 0 49 38 54 0 6 5 
9 8 38 32 27 4 2 0 
4 5 25 65 58 2 5 8 
4 6 14 103 30 7 4 7 
8 8 24 77 53 3 7 7 
9 9 4 31 67 0 2 0 
1 1 0 46 31 3 4 5 
0 9 48 46 47 1 4 2 
0 4 7 43 51 7 3 3 
2 0 8 30 79 7 4 5 
0 3 31 44 57 3 4 9 
1 8 15 3 51 8 8 6 
5 5 34 58 59 0 8 8 
5 6 2 48 9 7 0 2 
1 5 4 45 71 3 8 5 
6 4 28 63 63 8 5 4 
5 5 25 45 20 8 8 4 
8 6 55 49 56 8 4 5 
1 9 8 69 41 8 7 8 
1 7 12 31 50 0 3 2 
7 8 17 57 5 3 5 1 
6 6 11 53 53 3 0 5 
5 6 49 41 24 8 6 1 
1 1 32 21 68 5 9 1 
2 4 39 55 82 4 2 7 
0 7 31 26 37 9 5 8 
7 6 32 73 66 1 7 6 
9 3 29 58 56 9 2 7 
3 2 14 39 77 5 5 0 
4 6 11 12 30 0 0 4 
9 6 0 10 40 7 5 9 
3 6 18 63 39 4 3 6 
7 4 15 71 43 1 7 9 
2 1 28 46 42 9 8 0 
7 1 2 59 66 9 1 5 
8 7 0 28 31 6 0 8 
9 7 29 48 36 6 7 1 
8 5 38 55 55 8 6 0 
9 0 37 70 3 1 3 2 
0 2 16 79 51 5 6 3 
2 7 7 92 34 5 1 7 
3 3 43 62 29 3 8 0 
8 9 31 70 55 3 7 8 
1 4 41 92 52 1 7 1 
4 8 19 34 69 4 9 9 
9 8 60 45 55 0 8 0 
7 6 3 25 45 9 2 5 
9 3 0 88 9 2 8 9 
6 6 64 65 43 4 6 0 
1 3 10 69 48 7 7 8 
5 6 31 58 50 6 1 3 
9 2 39 51 47 2 8 2 
8 5 23 23 74 9 9 9 
5 7 58 54 44 6 9 2 
0 0 27 42 35 7 5 5 
0 4 22 41 25 7 9 5 
0 0 11 45 51 0 4 4 
4 4 3 38 53 3 5 9 
2 8 26 58 40 8 4 9 
7 8 38 23 75 0 5 7 
0 0 18 35 30 7 4 0 
3 0 20 59 56 4 2 0 
5 0 62 73 18 9 8 6 
7 2 60 34 57 5 1 9 
4 3 22 30 74 2 5 0 
2 4 39 47 43 6 0 9 
8 5 45 66 26 4 8 0 
4 3 18 75 62 6 4 8 
5 0 68 31 29 3 7 6 
4 0 18 67 77 9 9 0 
0 5 55 34 69 8 1 1 
0 9 29 70 37 9 6 9 
7 6 19 34 53 7 8 3 
5 1 46 34 53 6 8 8 
0 9 40 56 67 4 5 1 
2 9 28 44 69 7 5 5 
6 3 17 43 54 6 4 4 
0 0 20 67 20 3 5 5 
5 5 14 37 19 0 6 0 
2 3 15 51 67 1 4 8 
6 5 18 1 70 1 6 7 
4 3 14 64 70 6 5 7 
9 6 17 22 17 0 4 0 
1 1 0 43 54 4 0 6 
0 5 0 47 37 6 1 6 
6 7 39 34 82 2 5 7 
8 2 0 53 91 3 0 9 
6 5 6 74 69 3 7 6 
4 5 17 38 15 0 8 2 
3 2 47 11 62 5 5 5 
6 1 65 69 3 2 5 1 
8 6 5 79 75 4 0 0 
6 3 42 38 42 8 3 0 
7 1 30 48 29 0 4 2 
4 9 17 67 61 3 0 2 
3 7 38 52 0 4 5 8 
2 0 14 69 81 8 3 4 
8 6 21 70 44 7 5 2 
8 5 38 37 66 1 0 1 
2 8 0 33 61 5 5 6 
8 0 45 25 9 4 7 8 
9 0 1 45 62 9 8 3 
2 7 21 55 61 0 6 4 
8 3 0 53 72 4 4 6 
6 1 35 21 33 5 4 5 
0 1 25 33 44 4 1 6 
2 2 56 48 58 9 8 6 
5 2 18 63 52 8 5 1 
1 9 35 53 35 6 3 5 
1 9 50 44 22 9 0 8 
7 1 42 64 85 5 7 7 
6 7 13 41 79 3 1 6 
2 7 25 50 24 3 5 1 
7 4 35 50 59 2 4 4 
3 2 31 65 41 3 6 6 
4 5 42 46 40 6 9 7 
5 2 28 28 35 2 9 7 
6 6 70 67 72 0 4 0 
6 7 17 78 15 0 4 7 
7 1 46 73 13 8 9 7 
9 9 33 42 63 9 8 8 
8 3 37 28 62 4 2 1 
7 4 1 15 50 2 9 7 
4 0 53 18 64 0 6 0 
1 8 29 26 31 3 5 6 
8 7 29 20 84 2 9 0 
7 5 0 88 39 9 8 2 
9 2 30 45 64 2 9 7 
3 9 10 42 27 6 0 6 
2 2 0 30 57 1 3 4 
9 6 57 65 96 2 6 3 
9 2 31 59 55 5 0 5 
4 5 0 38 83 5 4 8 
7 6 17 75 58 6 3 6 
1 4 11 87 21 7 2 8 
8 8 51 31 41 0 6 5 
8 3 53 64 0 0 8 8 
5 2 60 49 46 5 2 6 
0 0 15 52 62 2 5 7 
3 7 18 60 18 4 6 4 
2 2 25 53 66 6 2 9 
6 4 34 57 67 4 9 0 
3 6 29 60 33 7 1 5 
0 9 11 67 4 1 4 7 
3 6 73 19 71 7 7 4 
5 0 32 26 64 8 5 6 
5 1 32 41 38 1 0 9 
8 8 20 40 50 2 1 2 
6 6 29 29 46 4 9 7 
1 6 2 63 14 3 7 0 
0 2 24 68 47 5 5 5 
2 4 22 30 62 9 7 9 
6 2 33 54 48 2 0 6 
8 7 10 71 33 6 8 5 
4 9 13 57 88 8 0 7 
8 1 42 39 66 1 9 4 
1 5 13 42 73 2 3 5 
5 5 0 52 38 9 5 3 
8 3 39 73 66 3 2 0 
8 3 31 80 74 9 9 4 
1 1 27 39 27 7 9 8 
2 7 60 38 50 9 7 5 
6 8 18 111 23 5 2 0 
1 1 4 63 28 2 1 4 
0 6 23 33 51 3 0 5 
9 3 55 29 31 8 0 5 
0 6 35 42 59 6 6 2 
1 2 19 45 31 0 3 3 
7 2 48 20 28 8 7 4 
5 0 32 56 58 3 3 2 
7 3 34 60 68 3 8 1 
2 8 0 96 34 2 6 7 
9 4 30 47 68 8 7 4 
6 1 16 55 55 3 5 7 
8 6 11 50 68 5 5 4 
9 9 61 60 38 5 5 5 
3 5 19 88 46 7 5 0 
9 9 0 20 34 8 8 0 
1 9 9 42 28 7 6 5 
6 5 52 56 106 1 8 8 
0 7 14 46 61 4 3 0 
2 4 54 29 50 5 5 7 
7 7 0 50 66 2 2 5 
7 8 42 45 22 8 6 8 
3 0 57 40 51 2 0 0 
0 5 62 62 21 2 7 7 
3 9 34 64 58 8 5 8 
3 8 10 40 56 2 6 5 
4 5 36 31 45 8 5 5 
4 5 6 29 35 9 4 2 
7 1 40 27 39 7 9 1 
6 3 47 82 85 4 8 9 
9 6 23 65 32 0 5 2 
4 5 72 53 22 3 4 0 
1 2 17 86 58 4 5 0 
9 1 31 34 42 3 9 0 
4 6 28 48 35 1 8 1 
6 4 33 73 34 0 4 9 
4 7 30 43 58 1 7 7 
9 0 0 60 89 0 1 3 
1 1 17 38 29 9 4 2 
7 1 0 85 80 4 5 8 
0 9 30 8 51 5 0 4 
9 3 30 40 69 6 9 8 
2 8 9 75 43 2 5 0 
3 0 0 41 33 8 5 8 
6 7 45 29 57 1 1 7 
4 9 44 72 48 4 4 8 
1 3 5 28 63 6 0 1 
1 7 55 68 45 1 8 5 
0 6 20 48 49 6 6 3 
8 0 7 62 11 4 0 8 
4 2 89 30 56 2 5 4 
7 6 27 67 50 4 4 5 
6 1 12 82 30 0 2 2 
4 0 7 33 66 3 8 4 
7 9 17 56 50 1 4 5 
5 8 38 23 71 1 9 8 
5 0 32 39 53 9 4 0 
1 3 55 57 61 2 4 8 
8 5 26 76 33 6 6 1 
9 9 11 64 59 1 9 0 
0 3 21 44 60 7 8 7 
0 1 25 42 49 2 3 0 
5 2 35 53 20 9 7 4 
9 4 43 52 56 6 6 3 
6 5 27 46 32 5 4 2 
0 0 26 49 29 1 3 6 
2 8 27 53 57 4 9 5 
0 1 71 94 72 1 9 8 
4 2 14 63 62 6 0 6 
3 1 22 80 37 3 0 1 
0 1 47 47 33 3 7 3 
4 9 32 32 20 1 4 2 
9 7 7 42 0 8 2 6 
8 9 8 42 54 5 5 1 
4 6 41 47 22 2 9 7 
9 5 32 27 63 5 0 1 
4 9 70 94 52 4 0 4 
8 5 31 54 38 1 7 9 
2 8 49 68 25 7 3 9 
1 6 0 44 57 6 3 2 
2 1 50 72 49 2 6 7 
0 6 31 24 47 8 4 0 
5 8 68 78 35 0 6 6 
4 8 61 80 55 5 6 9 
1 9 17 27 39 8 7 8 
2 8 41 72 51 8 5 3 
1 8 38 54 22 0 7 8 
2 5 36 47 99 0 6 9 
9 6 28 37 18 6 6 4 
9 5 69 28 62 8 2 1 
7 3 18 72 32 6 5 7 
2 1 29 65 16 0 4 1 
6 8 7 70 66 5 3 9 
8 6 21 36 63 3 1 8 
1 4 72 49 47 0 1 9 
5 2 45 67 47 2 2 9 
4 1 62 43 11 9 1 2 
2 7 9 80 65 3 2 5 
9 8 59 61 20 0 4 2 
6 4 87 92 30 3 7 3 
1 0 40 31 70 5 2 8 
0 4 19 26 31 3 5 2 
8 1 44 37 1 8 4 1 
9 3 21 65 54 8 7 3 
7 3 2 52 60 2 8 9 
2 4 12 30 72 5 2 5 
3 4 18 22 102 0 1 0 
5 1 23 42 42 1 7 2 
3 6 50 84 56 4 6 4 
7 6 27 28 75 7 9 0 
1 8 75 6 61 8 8 6 
6 9 36 67 66 6 9 1 
4 5 7 79 28 1 6 4 
3 7 70 73 98 2 9 3 
5 6 53 52 60 2 8 6 
0 3 82 63 29 4 6 6 
8 6 10 34 54 6 2 9 
0 4 34 45 65 4 3 0 
4 9 46 66 61 1 1 3 
4 1 27 87 67 5 6 4 
8 6 25 24 51 6 1 4 
9 1 12 83 18 9 9 5 
9 0 18 49 54 8 8 0 
3 9 27 59 29 5 1 8 
7 8 58 26 32 3 8 8 
2 1 52 46 75 5 7 4 
1 2 9 48 70 3 8 9 
8 5 13 79 18 8 9 7 
4 9 15 55 0 2 4 7 
8 8 69 54 11 5 9 6 
1 1 50 52 89 7 1 8 
3 0 62 63 41 9 1 9 
6 0 7 62 23 9 8 8 
8 4 2 43 58 7 4 6 
7 1 53 68 59 2 2 9 
9 3 17 33 55 4 5 9 
3 7 2 42 77 0 5 2 
7 8 49 33 60 8 6 2 
7 0 41 34 42 8 9 8 
1 8 25 25 65 8 4 2 
4 6 0 0 75 8 9 8 
1 7 0 86 9 0 6 2 
1 5 0 70 45 8 1 0 
8 1 53 33 57 6 0 2 
8 8 11 11 67 7 9 8 
7 8 11 63 68 3 6 1 
2 1 0 67 80 0 1 2 
8 7 6 38 64 2 8 0 
0 7 0 75 44 9 0 9 
5 6 13 66 36 2 8 8 
6 9 8 76 31 0 2 0 
4 0 19 65 47 9 7 5 
4 0 20 31 53 6 5 9 
5 3 29 32 48 3 8 3 
8 6 26 39 85 1 3 5 
3 4 25 23 48 2 6 5 
4 9 48 74 41 0 8 3 
4 8 46 23 31 7 2 6 
5 2 40 29 37 4 2 7 
1 6 32 56 34 3 5 7 
9 8 22 33 71 9 8 6 
9 6 24 65 68 5 7 9 
2 0 13 36 20 0 5 6 
1 1 13 58 75 1 8 8 
6 4 29 63 21 0 8 7 
4 6 22 25 84 5 2 7 
8 4 42 44 61 4 7 6 
2 7 29 28 45 0 0 8 
6 4 46 22 18 8 3 1 
9 3 14 51 55 6 1 3 
2 6 48 62 33 6 1 5 
4 9 0 50 56 9 1 2 
0 3 0 55 86 2 6 4 
4 6 44 42 11 9 5 7 
0 0 9 12 8 4 5 8 
2 4 35 49 69 4 0 8 
5 9 9 73 66 3 6 1 
2 7 20 38 41 3 0 3 
7 7 24 56 39 6 8 7 
2 8 5 14 30 9 7 7 
0 0 39 83 42 0 9 1 
6 8 0 29 53 7 5 2 
2 4 66 46 29 5 9 2 
1 0 4 81 85 7 8 7 
4 3 30 45 89 2 7 1 
0 6 47 81 35 6 3 9 
9 4 6 19 32 4 5 0 
1 0 42 56 70 7 4 0 
5 3 19 65 30 4 2 3 
3 5 0 56 38 9 2 0 
1 2 11 67 28 4 7 1 
4 3 6 39 56 6 9 3 
1 2 28 37 51 0 4 8 
8 5 25 64 0 5 8 9 
6 7 29 74 18 3 0 2 
2 4 3 46 41 0 6 5 
7 6 38 65 86 2 3 0 
5 6 11 45 3 1 0 3 
0 3 54 21 33 5 0 7 
1 2 20 57 65 1 5 2 
4 0 29 46 31 1 5 5 
3 0 73 44 72 7 4 4 
7 1 22 76 40 9 7 7 
4 0 0 60 59 9 9 2 
2 3 34 49 34 8 5 1 
9 7 40 73 35 3 2 9 
2 9 0 57 36 4 5 7 
7 6 5 65 50 4 8 2 
1 9 24 45 48 8 0 5 
5 4 29 34 0 8 2 5 
2 5 32 30 32 5 8 2 
8 6 38 42 52 0 3 0 
6 6 31 38 28 1 3 0 
2 3 65 95 33 4 1 4 
8 4 15 47 12 5 0 5 
6 8 81 61 36 9 1 1 
2 2 55 52 39 2 1 6 
6 3 61 58 55 4 7 9 
7 3 53 28 67 0 4 3 
3 4 47 52 48 5 1 7 
6 3 25 48 41 8 6 7 
4 6 43 71 12 4 5 0 
4 0 14 40 33 6 1 1 
8 5 20 31 42 6 5 9 
2 0 55 71 49 3 2 2 
5 1 25 67 51 7 6 2 
0 4 54 68 76 5 5 4 
0 2 1 53 41 6 8 3 
7 5 18 38 38 4 7 2 
8 4 42 35 70 9 4 3 
8 3 25 0 36 1 3 7 
2 6 0 45 44 5 7 8 
8 5 31 23 56 1 1 2 
8 9 54 57 19 4 5 2 
3 9 0 35 74 0 1 0 
4 1 8 13 46 0 5 6 
3 4 0 45 41 0 3 0 
5 2 50 42 23 5 1 0 
3 9 35 58 49 1 7 7 
3 8 49 31 31 8 4 9 
6 8 33 45 45 8 8 0 
8 0 44 27 36 4 1 6 
6 6 36 54 15 3 7 2 
7 9 21 32 64 2 9 3 
3 5 8 69 53 3 0 0 
0 7 11 32 66 5 5 6 
6 9 59 45 72 1 3 6 
8 5 34 82 48 6 1 0 
5 8 25 61 38 1 6 6 
2 1 3 29 78 6 9 4 
2 6 25 51 47 1 4 8 
8 3 72 38 108 1 8 2 
2 6 41 42 65 7 9 9 
8 4 48 27 25 8 2 8 
5 2 8 57 61 9 5 4 
1 2 41 68 23 8 2 7 
1 0 71 67 46 9 8 6 
9 6 60 80 55 6 9 7 
9 7 32 62 57 0 4 9 
0 3 37 30 59 4 8 0 
2 0 35 50 55 1 5 2 
1 8 42 43 19 2 2 5 
6 1 37 34 45 6 5 5 
3 9 51 39 74 7 6 7 
2 4 43 24 22 0 7 7 
0 3 28 45 45 5 5 5 
9 5 26 65 44 8 8 2 
8 3 15 41 52 6 5 8 
7 3 45 63 75 9 0 9 
4 4 20 58 42 4 2 4 
7 5 47 31 59 0 4 0 
4 7 67 44 26 5 1 0 
3 1 27 27 48 7 1 7 
3 0 35 76 33 1 2 5 
9 3 14 50 32 5 6 3 
6 1 43 74 64 9 7 7 
5 0 1 70 15 1 8 1 
7 4 8 65 57 5 6 8 
3 0 37 71 62 2 8 8 
6 3 22 103 48 2 7 9 
5 4 57 63 70 8 8 9 
2 4 30 55 41 8 2 4 
3 7 37 53 40 0 8 8 
6 9 43 75 50 5 1 8 
5 9 43 23 50 6 0 6 
8 9 49 47 65 3 6 5 
4 2 17 40 25 4 3 9 
7 3 23 65 52 1 8 2 
3 9 36 33 78 3 7 3 
6 1 0 54 42 8 2 3 
9 8 28 66 4 4 4 9 
6 6 19 33 38 1 7 4 
3 8 39 88 62 5 4 0 
5 4 21 54 45 9 0 9 
5 0 40 89 21 8 6 4 
4 7 13 65 30 7 9 1 
6 5 30 87 60 3 6 4 
1 7 11 60 52 6 0 9 
4 7 0 46 62 6 0 4 
1 9 25 50 67 6 1 9 
9 1 29 53 29 8 8 2 
8 6 0 35 69 4 5 6 
3 9 21 67 91 3 9 8 
2 0 35 46 43 8 4 8 
6 9 28 58 60 3 2 5 
5 7 16 54 33 4 6 7 
0 9 20 58 57 7 9 9 
2 3 32 94 22 0 9 6 
3 7 38 47 40 5 9 1 
4 8 36 26 76 1 7 7 
6 2 29 43 43 1 4 6 
7 3 54 51 33 2 4 9 
7 4 12 62 77 5 7 4 
2 7 2 50 70 6 5 9 
3 2 39 58 60 0 9 7 
6 1 28 45 25 1 7 1 
4 7 0 27 55 2 9 8 
6 2 42 50 63 8 4 7 
6 7 43 34 37 0 5 4 
3 5 33 32 50 0 4 1 
3 2 51 56 37 6 9 7 
5 2 19 41 30 5 5 5 
8 2 25 13 91 2 0 8 
2 7 11 81 73 2 4 6 
5 1 36 69 81 7 9 0 
2 6 33 52 78 5 9 0 
4 7 33 21 71 5 4 8 
4 6 50 32 36 2 0 8 
8 3 39 63 66 8 3 6 
7 2 50 46 18 2 0 9 
9 2 0 101 37 9 2 9 
4 4 18 60 36 9 8 6 
6 2 53 16 80 1 8 8 
7 2 36 86 73 1 0 4 
7 3 38 67 31 1 3 4 
9 2 45 61 47 1 3 7 
0 8 39 35 65 2 4 9 
5 5 46 84 70 3 5 6 
1 6 28 65 61 9 4 6 
6 0 33 56 70 1 9 2 
1 1 30 96 51 1 2 5 
5 0 19 75 65 1 8 7 
1 2 0 34 61 8 7 8 
1 5 49 96 67 2 7 6 
9 9 14 87 63 7 2 8 
8 2 55 59 52 8 8 0 
0 5 2 63 51 6 3 8 
5 4 37 31 47 3 3 2 
5 4 4 46 50 7 9 5 
6 1 21 24 23 1 8 9 
0 7 38 44 60 2 3 1 
4 1 65 30 75 6 1 0 
1 6 40 22 68 5 5 2 
5 4 32 84 40 3 6 8 
3 4 33 56 56 5 2 7 
1 5 26 47 62 9 7 4 
0 4 53 93 61 7 1 5 
9 6 36 47 56 6 6 1 
7 6 21 49 71 4 8 0 
3 9 46 61 23 3 5 9 
7 2 29 65 33 5 1 7 
7 6 37 39 82 6 0 0 
6 4 55 28 32 1 8 1 
2 2 28 80 33 9 7 0 
3 6 9 22 68 9 0 9 
2 9 30 31 14 7 7 6 
8 8 58 53 94 4 1 3 
1 2 16 90 50 7 9 7 
8 1 49 50 57 8 1 7 
9 6 21 65 33 4 9 2 
8 4 41 73 38 0 7 8 
7 0 31 1 63 8 9 1 
6 5 49 65 62 5 5 0 
3 5 31 83 49 9 3 4 
9 3 17 26 76 2 6 8 
5 6 10 52 42 2 2 4 
8 9 27 35 30 2 5 9 
6 7 11 57 46 1 8 1 
4 4 0 49 91 5 0 1 
2 4 7 65 20 6 3 3 
7 1 11 39 49 0 7 7 
0 8 34 41 51 3 7 0 
1 4 28 55 71 1 7 2 
3 0 35 59 53 2 5 6 
7 0 0 47 52 4 8 1 
7 7 0 60 83 0 7 7 
4 8 44 31 58 3 2 4 
6 6 28 50 38 6 2 7 
2 1 18 45 35 0 1 5 
3 9 36 49 55 6 1 5 
1 9 25 2 75 3 3 2 
5 9 45 66 52 9 2 4 
9 3 29 61 6 7 8 5 
5 1 30 59 54 3 7 8 
0 5 18 56 57 5 1 5 
0 5 32 49 19 8 3 1 
6 3 47 50 55 4 5 5 
7 5 7 13 78 9 8 2 
6 1 8 69 39 8 0 1 
0 2 0 19 37 4 3 3 
1 6 46 25 37 5 9 6 
5 3 53 22 81 5 7 8 
8 0 54 44 75 9 4 0 
6 4 35 42 54 4 0 2 
9 4 4 52 40 0 1 7 
1 0 28 3 17 5 9 0 
7 5 8 43 12 6 9 6 
1 4 22 63 68 6 5 1 
8 3 64 61 44 5 4 2 
0 7 30 32 37 7 2 2 
8 4 31 32 0 7 2 1 
3 9 54 61 47 5 9 2 
0 0 31 53 60 7 3 6 
7 9 38 13 22 8 4 2 
6 0 14 43 46 2 6 2 
9 3 4 35 50 7 5 4 
6 4 0 30 7 2 3 3 
3 6 39 39 41 3 0 3 
9 3 36 40 91 5 4 2 
0 3 44 64 20 7 6 8 
1 2 29 66 62 4 9 5 
1 8 19 55 55 0 2 2 
2 4 43 72 12 9 2 8 
0 3 13 40 50 2 8 7 
1 2 41 70 31 6 4 1 
0 1 2 47 51 3 6 3 
7 3 7 52 79 8 4 2 
7 2 16 73 61 1 7 5 
3 9 54 73 76 0 0 1 
0 3 40 31 20 2 0 1 
2 6 0 43 22 1 9 2 
5 9 34 24 45 2 6 2 
6 2 19 26 60 5 2 5 
9 5 0 70 75 1 5 7 
6 8 0 41 51 8 9 9 
2 3 25 31 52 0 8 3 
6 1 0 41 72 4 9 9 
7 7 24 68 65 3 8 7 
8 3 8 61 35 0 3 2 
1 9 34 48 46 3 7 4 
5 4 26 51 59 2 9 2 
9 3 8 36 72 2 6 3 
0 4 48 25 75 3 1 0 
3 9 13 25 66 9 8 5 
4 7 33 59 47 1 8 8 
1 1 31 54 46 4 9 1 
7 5 29 29 59 5 7 5 
9 8 6 58 50 9 0 1 
1 9 0 23 59 5 5 2 
5 8 33 40 25 5 6 7 
3 9 0 70 69 7 8 9 
1 6 15 48 75 6 5 8 
1 5 7 83 28 2 8 9 
1 1 20 45 62 2 4 8 
6 5 31 45 32 0 7 0 
2 3 0 53 28 5 9 4 
0 7 26 49 14 9 7 1 
8 6 45 34 46 6 7 3 
4 8 21 32 26 5 9 8 
6 1 27 52 66 9 9 1 
8 4 6 53 35 4 8 9 
1 6 18 52 66 2 6 8 
0 8 43 50 83 0 0 4 
5 8 0 46 50 9 1 2 
3 8 34 111 46 2 4 3 
7 0 25 38 59 5 4 3 
8 9 51 30 88 9 3 7 
3 0 30 22 31 0 2 9 
5 5 41 63 76 8 6 2 
3 0 33 87 55 8 6 5 
7 1 72 62 45 1 7 3 
8 7 21 86 16 0 8 4 
5 7 60 59 59 2 5 8 
9 6 16 80 35 5 1 5 
7 0 39 39 36 2 0 1 
5 1 18 48 22 0 3 7 
4 6 20 65 98 3 7 2 
2 7 30 51 64 2 7 6 
7 9 13 78 69 5 2 7 
1 8 21 35 51 3 7 4 
2 7 8 12 37 6 8 4 
9 9 26 47 58 8 9 3 
5 0 0 21 49 1 8 3 
2 9 45 39 20 8 0 3 
5 3 19 35 84 8 3 8 
0 3 18 58 60 9 3 1 
7 2 58 77 54 7 1 2 
1 5 45 84 50 3 1 9 
9 4 36 39 29 3 8 7 
8 8 26 5 38 4 2 6 
5 5 17 46 44 4 9 2 
7 1 39 69 69 3 1 7 
1 2 36 39 57 6 3 0 
3 4 57 58 48 0 3 9 
8 7 46 58 58 4 9 0 
4 9 12 20 50 1 2 0 
8 3 19 22 28 3 1 1 
8 2 0 49 59 8 8 5 
8 3 20 89 52 9 5 3 
3 8 24 12 82 9 4 2 
6 3 30 95 39 0 5 6 
0 7 69 96 3 9 2 8 
6 9 36 64 30 3 6 3 
7 2 22 100 32 9 5 7 
0 7 58 80 44 8 7 9 
8 0 50 43 39 8 1 4 
5 4 18 59 84 3 5 6 
4 7 37 63 49 7 0 2 
0 2 21 95 44 9 2 1 
5 8 20 3 43 6 0 5 
3 1 72 37 49 7 9 5 
4 6 45 73 105 7 3 5 
2 0 32 51 69 1 7 4 
3 0 36 57 53 1 2 7 
1 0 36 40 8 2 0 5 
5 7 76 38 38 8 1 9 
8 0 51 91 71 3 5 5 
0 5 62 101 55 1 0 0 
0 1 41 49 50 5 4 9 
7 0 41 73 73 7 4 1 
4 6 8 27 44 6 4 5 
9 2 14 71 81 9 3 9 
2 3 37 74 41 7 0 5 
3 6 69 17 8 2 5 6 
5 7 33 71 46 7 4 1 
2 5 11 48 85 4 4 8 
2 1 72 59 54 5 9 0 
0 2 39 42 49 4 4 3 
9 1 25 20 64 7 7 1 
1 5 25 22 58 8 0 6 
4 2 24 77 50 2 2 1 
8 9 33 59 34 5 4 5 
1 6 37 35 74 8 9 5 
0 2 33 20 31 9 2 3 
8 6 0 56 57 8 6 2 
1 0 59 23 42 1 3 1 
5 1 43 62 74 6 0 6 
8 8 11 29 53 0 9 3 
8 1 30 70 43 1 0 2 
3 2 22 72 41 1 4 7 
2 4 70 39 59 7 3 4 
8 8 1 43 82 8 9 4 
7 3 0 10 105 9 4 0 
5 9 3 38 50 6 7 6 
3 4 52 64 52 7 9 1 
9 1 38 69 62 6 7 3 
5 3 34 78 29 9 4 3 
3 9 55 55 70 7 6 0 
2 8 17 67 60 1 2 0 
0 4 57 76 45 2 8 3 
8 8 18 62 53 3 3 0 
6 6 20 56 86 1 0 9 
4 0 43 33 40 1 9 4 
1 8 39 76 56 2 1 6 
7 6 8 63 43 8 6 3 
1 3 22 17 64 2 5 4 
3 6 27 42 32 7 8 3 
3 6 18 68 59 7 3 0 
2 1 15 67 24 6 4 8 
3 3 27 59 54 6 5 6 
8 9 53 94 45 8 9 5 
1 5 66 25 69 1 5 9 
4 5 12 65 44 1 7 7 
2 1 44 85 96 5 0 4 
8 9 32 3 71 3 8 4 
2 5 43 35 60 7 7 8 
5 2 35 61 36 7 7 6 
7 1 21 43 93 4 6 8 
4 0 12 60 14 9 9 7 
6 4 3 50 80 8 6 4 
9 7 39 46 40 8 3 5 
4 5 29 58 36 2 2 4 
0 5 24 83 54 1 4 9 
6 5 50 33 60 7 0 9 
0 4 5 54 30 7 2 1 
9 2 61 36 69 1 0 6 
8 4 34 61 74 1 0 4 
7 1 39 60 57 9 7 1 
5 7 26 59 58 7 8 9 
9 3 45 67 66 8 5 1 
6 1 88 85 78 2 5 3 
7 5 23 64 57 4 8 3 
6 5 21 3 56 9 0 8 
3 8 17 24 55 5 2 1 
8 4 25 40 52 5 8 8 
1 1 49 43 46 1 7 1 
7 0 27 55 53 5 4 6 
0 3 25 53 78 4 0 2 
1 7 42 49 21 3 7 7 
5 2 4 81 71 2 2 2 
3 3 33 85 64 5 8 7 
8 8 57 53 27 6 2 6 
3 4 34 58 42 5 7 0 
2 7 37 32 72 7 0 2 
2 6 23 40 36 2 5 1 
8 7 44 14 82 9 4 3 
6 9 0 17 25 1 5 7 
0 7 42 56 34 8 5 4 
6 8 39 84 59 4 0 6 
5 8 31 59 81 9 0 5 
3 1 50 79 53 6 9 0 
6 0 53 40 63 3 8 2 
4 3 0 103 40 0 7 7 
5 9 0 78 51 8 8 6 
8 5 33 27 17 4 4 9 
7 1 29 14 68 6 6 4 
7 6 0 59 21 0 4 7 
7 1 28 30 48 0 1 4 
2 3 62 59 46 1 2 9 
1 8 19 31 61 0 6 7 
9 2 24 85 79 9 7 1 
3 8 16 63 73 1 9 2 
5 1 34 71 27 3 5 0 
0 8 24 87 21 1 2 5 
5 1 18 69 3 2 0 6 
8 4 38 26 45 1 0 8 
1 1 23 66 46 1 5 9 
0 1 0 93 62 6 7 8 
5 3 0 54 60 7 9 8 
5 0 39 33 28 6 7 9 
6 0 34 45 29 9 0 7 
4 5 63 79 35 5 4 9 
8 3 50 41 78 6 6 5 
0 0 46 12 73 7 3 2 
9 5 24 32 73 1 1 4 
8 0 22 50 30 0 2 2 
1 2 0 81 76 5 6 1 
0 4 47 61 42 8 5 7 
9 3 0 38 57 7 6 7 
4 6 51 41 69 3 9 8 
9 5 48 21 64 8 5 1 
6 6 50 50 31 6 2 7 
6 7 21 88 42 7 7 1 
0 5 18 37 56 6 0 2 
8 5 0 32 60 3 6 1 
5 8 28 82 61 1 3 9 
5 0 41 31 38 7 2 8 
7 3 18 65 51 5 4 3 
3 0 32 23 39 9 2 0 
3 4 23 30 51 3 0 9 
6 1 33 67 42 7 1 9 
0 9 66 54 75 2 7 0 
8 3 54 36 40 4 8 0 
2 8 28 44 60 8 0 9 
6 4 11 34 76 2 9 3 
0 2 21 38 27 7 9 7 
7 9 45 80 60 1 5 7 
5 3 19 48 63 5 5 4 
5 6 60 61 44 4 5 8 
6 9 31 62 35 3 8 2 
2 1 0 74 50 5 1 4 
7 4 0 82 53 9 6 9 
7 7 56 72 40 7 9 2 
9 9 0 20 87 8 2 7 
4 2 0 64 78 7 3 5 
7 0 14 70 45 9 7 4 
0 5 53 54 26 8 8 0 
1 8 9 47 31 5 2 9 
0 9 0 76 67 6 9 0 
0 8 40 7 68 5 0 1 
6 0 65 31 72 8 8 0 
7 1 29 51 59 7 1 3 
9 3 44 44 20 8 5 5 
8 2 27 52 41 8 9 1 
8 1 19 26 46 9 4 3 
9 9 11 50 66 0 2 7 
1 1 18 51 60 9 8 2 
2 2 52 48 71 1 8 1 
3 9 2 64 55 3 1 9 
9 2 23 60 46 9 5 5 
9 1 75 29 53 2 7 5 
9 6 0 28 55 2 0 3 
7 4 21 35 18 3 4 5 
0 2 50 59 6 9 4 5 
9 8 55 84 37 7 9 9 
3 7 23 65 36 3 5 1 
0 7 24 4 54 3 0 7 
3 3 49 55 83 2 7 7 
8 7 25 91 58 3 0 0 
9 0 30 54 53 2 9 1 
9 1 4 54 62 2 4 6 
1 7 58 53 69 4 3 7 
8 0 35 58 54 9 3 8 
7 3 41 50 41 0 7 7 
2 9 33 58 68 6 2 2 
9 8 58 39 61 3 1 5 
3 4 32 65 100 4 5 6 
2 8 36 38 86 1 2 3 
3 9 36 53 39 9 4 1 
7 0 19 7 15 3 6 1 
4 3 44 45 63 1 9 2 
8 1 23 25 82 1 3 2 
3 6 24 20 64 6 2 0 
6 0 14 47 45 9 3 2 
1 2 38 72 62 8 6 0 
8 6 12 51 58 1 2 8 
2 1 43 21 40 6 6 9 
2 5 42 55 42 0 1 4 
5 9 31 50 48 9 1 7 
7 0 7 18 46 5 5 7 
4 3 31 26 38 9 8 2 
3 9 0 63 70 4 3 6 
0 9 0 37 65 7 0 9 
4 8 33 29 68 0 8 2 
9 3 3 54 50 9 4 8 
3 9 28 59 50 0 2 3 
5 8 46 84 64 0 7 3 
4 8 23 52 46 1 7 2 
5 1 0 53 100 1 9 7 
3 4 31 89 86 6 3 3 
9 4 24 75 65 0 9 2 
8 0 0 43 76 1 2 0 
3 4 0 76 53 7 3 3 
7 1 14 37 69 2 6 6 
0 2 34 0 39 7 9 5 
1 6 18 42 35 0 0 6 
5 6 9 58 35 3 2 7 
4 4 27 69 40 9 7 1 
8 9 41 40 41 7 1 2 
1 1 28 8 67 0 4 2 
6 1 36 54 57 7 9 4 
4 1 42 88 28 5 7 0 
9 8 25 47 52 7 2 4 
9 5 7 53 44 3 2 0 
9 7 13 85 24 6 8 2 
7 7 33 44 75 8 2 9 
5 9 26 87 62 1 9 0 
3 9 49 30 18 3 1 1 
8 9 10 39 70 0 2 8 
9 3 49 75 40 8 8 1 
1 5 19 27 29 4 2 1 
3 2 30 57 46 4 9 7 
0 9 0 41 66 6 1 7 
6 6 60 61 50 3 1 4 
6 2 13 56 47 4 5 1 
3 6 16 67 22 7 7 0 
0 0 27 107 67 7 0 7 
4 5 0 67 67 9 5 0 
3 8 0 69 20 7 6 8 
6 4 0 39 47 3 6 8 
8 5 62 56 72 5 3 1 
6 8 50 62 43 2 2 7 
8 3 7 77 51 0 6 5 
6 2 0 62 78 7 3 1 
7 2 0 0 68 8 3 3 
4 1 9 52 46 2 5 4 
8 0 65 49 90 0 1 6 
7 1 78 56 59 1 3 0 
5 4 3 64 55 6 1 6 
0 7 41 65 54 0 1 3 
5 3 39 45 41 2 7 0 
3 5 20 52 81 8 7 1 
1 6 23 53 98 7 2 0 
1 8 40 29 75 9 5 7 
6 1 41 45 33 3 8 3 
5 4 49 75 60 2 9 9 
9 4 51 41 44 4 1 0 
9 1 32 65 47 2 4 8 
4 1 56 30 68 1 6 2 
6 0 32 69 51 9 6 6 
4 7 33 70 37 3 9 0 
2 0 0 46 65 6 5 8 
8 2 59 60 29 9 1 8 
7 3 41 68 37 9 8 6 
6 5 29 81 77 6 8 3 
9 8 30 1 48 7 7 4 
9 1 6 89 58 7 8 2 
4 5 5 50 53 6 2 3 
1 5 48 43 31 8 3 4 
6 8 44 70 30 9 7 3 
9 3 25 100 93 5 4 1 
1 6 58 82 45 0 3 9 
2 3 44 19 56 6 8 7 
9 5 9 55 62 6 8 5 
2 2 58 56 67 1 2 3 
2 0 20 65 42 6 1 3 
0 4 51 41 70 5 5 3 
6 4 25 22 20 1 6 8 
0 2 6 70 39 9 9 7 
1 6 19 42 35 1 5 8 
6 0 31 64 37 8 7 2 
2 8 0 22 56 5 6 0 
0 5 34 18 38 0 1 2 
3 6 60 71 71 7 7 0 
1 4 7 55 37 6 8 5 
3 7 32 38 90 1 1 3 
9 2 20 12 69 0 3 7 
5 8 18 44 57 8 7 5 
9 8 47 53 55 1 1 5 
2 3 45 68 33 0 8 1 
7 3 1 39 78 8 1 0 
4 6 58 15 55 3 1 2 
0 8 41 18 75 2 8 3 
3 2 28 59 34 7 4 4 
1 8 48 53 17 3 8 7 
7 3 0 38 51 5 9 1 
9 8 44 43 54 0 7 0 
6 9 33 29 67 5 4 7 
0 3 57 69 36 5 3 0 
1 1 0 33 32 2 9 9 
1 2 58 42 80 1 2 8 
4 9 29 52 60 6 5 5 
2 5 8 42 29 2 0 1 
5 0 43 29 48 2 0 8 
7 8 27 37 84 5 3 5 
5 6 10 37 64 5 8 0 
3 3 0 51 15 4 8 3 
1 7 29 88 73 3 7 6 
0 6 24 46 47 4 2 4 
9 3 16 50 64 5 9 3 
3 4 39 44 84 8 4 0 
9 9 0 75 45 1 0 8 
8 9 6 33 64 7 8 7 
8 1 51 47 57 7 3 9 
2 0 52 37 58 0 0 1 
1 7 9 51 48 8 8 1 
4 6 29 89 46 2 3 7 
6 4 7 52 43 7 3 7 
8 1 34 70 43 2 6 5 
3 8 54 24 33 3 1 0 
2 7 55 59 34 9 8 7 
1 0 21 73 58 1 4 6 
1 3 42 59 32 5 3 7 
0 7 56 47 66 7 3 7 
4 7 0 51 33 6 6 4 
2 0 39 48 74 8 7 6 
6 3 13 28 55 4 4 1 
9 1 10 18 88 0 7 1 
2 3 24 44 39 0 2 2 
9 2 41 75 50 9 9 1 
0 8 27 8 36 3 6 9 
1 7 50 48 48 4 0 5 
3 6 54 15 26 0 3 3 
7 0 62 40 37 9 0 5 
0 9 51 45 31 1 5 1 
5 1 65 55 68 8 2 8 
9 5 35 79 60 9 0 4 
3 9 61 68 48 4 9 7 
9 2 74 30 28 5 2 0 
9 3 17 32 58 0 8 9 
3 2 46 64 1 5 7 3 
8 2 38 51 63 0 0 3 
0 6 41 34 37 2 2 5 
6 3 44 10 37 5 3 4 
8 2 43 33 43 2 3 5 
2 8 34 61 44 3 4 4 
6 6 31 64 65 5 6 1 
1 4 25 34 29 6 2 6 
6 4 56 48 61 2 9 8 
6 8 49 54 43 2 7 9 
8 5 36 48 50 3 1 3 
5 8 65 39 90 0 2 4 
8 3 36 63 63 7 0 9 
4 4 12 84 64 5 8 8 
9 8 59 29 22 2 7 6 
8 8 0 33 42 2 8 2 
0 0 10 86 23 9 8 6 
4 2 26 41 33 6 6 1 
1 9 11 63 65 2 8 8 
2 5 20 88 62 2 6 1 
7 2 77 47 62 8 5 0 
8 8 37 104 77 3 9 5 
6 9 43 65 48 8 7 8 
6 2 29 79 65 4 7 5 
7 1 42 47 53 3 1 7 
8 8 64 58 11 4 7 4 
0 5 40 69 51 2 9 7 
3 1 16 56 38 9 6 7 
0 8 28 51 102 8 7 0 
1 1 24 57 57 7 2 0 
2 7 27 57 28 2 0 8 
3 5 27 70 49 9 3 1 
8 0 0 5 73 0 6 8 
9 1 24 32 19 1 1 5 
4 1 37 43 46 3 1 1 
2 0 23 26 50 7 8 2 
3 9 35 74 67 0 4 5 
7 5 31 87 68 3 8 8 
0 6 2 26 78 3 9 7 
3 7 9 66 79 0 7 5 
2 5 29 41 27 8 6 0 
8 8 35 106 53 3 1 1 
2 5 35 53 39 9 1 5 
4 1 22 64 83 5 6 8 
8 2 17 42 39 3 2 3 
8 7 77 58 56 3 1 2 
4 2 43 2 86 4 2 6 
5 1 42 73 42 2 3 9 
5 6 22 39 29 4 7 6 
3 9 5 55 58 1 3 0 
3 2 10 39 54 8 5 6 
7 5 29 35 25 7 7 5 
6 5 54 32 46 8 3 1 
0 1 36 41 49 0 3 7 
1 6 22 79 32 4 6 3 
2 0 39 66 35 3 3 1 
2 6 74 35 42 2 6 7 
1 1 21 21 65 2 9 5 
9 4 38 43 73 0 6 3 
9 6 30 24 64 0 2 4 
5 6 29 39 34 2 2 4 
9 1 34 42 80 7 7 7 
1 6 1 90 40 1 3 2 
7 6 1 46 43 0 8 2 
6 6 0 0 71 5 5 6 
3 5 13 16 28 3 5 5 
4 1 20 53 56 7 5 3 
6 8 20 71 63 3 5 1 
1 6 0 70 18 2 9 2 
5 1 50 43 61 2 3 6 
8 7 53 21 51 7 7 6 
6 2 25 74 32 9 3 6 
7 7 29 66 49 3 1 1 
1 7 25 50 33 9 0 6 
2 6 48 9 60 8 4 2 
4 7 83 60 37 0 1 8 
7 3 51 61 23 7 9 7 
8 7 33 62 45 2 6 8 
5 4 31 93 33 3 7 7 
5 2 53 46 57 7 2 2 
7 8 31 71 41 6 9 9 
6 0 25 8 46 7 8 1 
1 1 33 37 3 8 7 6 
8 8 10 51 63 3 3 1 
8 7 19 51 56 9 1 5 
2 8 14 53 70 1 6 3 
1 6 10 48 54 9 5 6 
3 1 40 49 57 1 3 1 
4 5 61 50 11 7 5 9 
4 0 2 102 7 3 7 3 
8 0 59 16 46 7 5 0 
3 9 0 73 27 0 2 9 
6 3 53 34 45 8 9 0 
7 2 56 57 35 7 8 5 
4 9 0 59 72 7 2 6 
9 0 21 28 25 4 7 9 
8 2 71 39 61 5 3 0 
5 3 34 32 38 9 4 9 
3 0 12 68 57 7 9 8 
2 0 22 33 79 8 4 2 
1 7 37 94 39 0 7 9 
8 0 19 35 40 7 2 8 
3 2 8 55 51 7 1 2 
3 9 55 67 37 2 2 2 
3 0 50 36 31 6 1 5 
8 3 8 63 35 0 8 1 
5 2 13 39 69 7 5 9 
9 8 23 58 12 1 0 5 
3 8 20 45 23 5 9 5 
2 3 14 55 77 1 1 7 
0 6 53 52 73 6 9 7 
1 6 30 29 24 5 6 1 
1 7 61 46 35 8 4 2 
2 9 32 31 45 3 2 3 
4 4 42 21 59 4 5 1 
6 6 6 52 67 3 7 1 
4 9 41 71 46 9 3 1 
1 3 24 65 90 6 9 2 
0 9 32 62 41 1 0 7 
5 8 12 56 56 5 3 7 
2 7 25 65 0 5 4 5 
1 8 15 43 39 2 5 5 
6 3 0 25 51 3 5 2 
9 8 20 25 63 6 4 6 
2 1 12 48 51 9 6 6 
6 6 0 10 86 2 9 4 
0 0 36 33 32 7 8 8 
3 1 34 35 7 2 0 7 
1 6 22 54 51 1 0 8 
5 9 0 35 52 3 1 8 
9 0 51 22 52 3 5 5 
9 7 14 55 34 7 1 3 
0 4 2 17 82 6 5 7 
4 5 43 35 52 7 2 9 
3 5 21 64 68 5 3 5 
9 0 17 32 29 5 3 2 
6 8 41 36 50 3 6 2 
0 4 32 63 64 8 5 3 
4 3 26 32 81 0 5 6 
2 7 41 72 49 4 0 9 
1 0 25 69 40 9 1 7 
9 9 54 55 59 9 3 1 
7 8 21 48 38 5 9 3 
2 6 0 37 51 6 0 9 
7 8 11 38 35 4 6 7 
3 5 0 59 52 4 5 0 
6 0 47 29 72 1 6 4 
2 0 27 77 36 3 9 5 
4 2 43 46 56 0 8 7 
9 2 55 61 57 6 9 8 
8 4 44 46 30 3 3 5 
4 0 22 39 65 3 4 1 
0 5 19 61 42 8 3 4 
0 9 9 50 82 3 5 2 
5 9 30 39 61 3 6 2 
2 9 86 54 67 7 8 6 
9 8 0 3 55 9 1 9 
3 8 29 37 40 5 9 2 
1 9 49 46 14 9 7 6 
7 3 12 22 61 2 9 2 
4 2 29 55 72 3 3 2 
9 4 0 34 31 9 9 4 
0 2 47 46 105 0 0 0 
0 2 22 68 44 3 3 2 
4 1 35 21 39 6 1 7 
6 4 58 13 53 9 8 4 
3 0 27 50 29 4 5 2 
9 0 9 65 28 7 9 4 
0 9 22 39 51 8 0 6 
8 5 40 69 52 7 9 7 
9 8 35 20 73 3 9 2 
4 4 41 53 42 4 4 1 
9 2 50 64 53 3 0 8 
5 6 44 54 55 5 9 6 
0 2 49 35 52 9 7 1 
5 6 37 56 46 4 5 5 
5 2 26 47 57 4 9 0 
3 4 22 32 54 0 8 1 
5 7 31 55 54 9 0 0 
0 4 20 79 49 5 0 1 
8 4 25 46 55 0 9 2 
8 5 38 12 26 0 3 3 
3 8 47 56 64 2 1 5 
0 5 8 88 50 6 2 9 
4 1 57 67 52 5 5 4 
3 8 47 21 19 7 3 4 
7 2 23 73 40 3 6 3 
0 1 4 56 73 9 3 3 
3 9 14 35 29 3 8 4 
4 3 26 60 49 2 7 6 
2 5 54 51 42 3 5 4 
0 1 20 24 55 0 9 5 
2 9 9 42 38 9 9 3 
1 2 51 27 35 2 8 4 
4 2 16 79 2 0 1 8 
5 5 29 31 35 2 2 9 
2 0 61 65 64 0 9 1 
3 6 36 47 23 9 0 9 
6 8 67 52 80 6 5 7 
8 9 63 86 39 3 1 5 
3 6 21 89 35 0 9 4 
9 0 37 40 42 8 9 9 
6 2 35 67 39 0 8 3 
3 5 54 36 36 4 9 5 
1 8 58 51 52 3 5 2 
0 7 63 46 48 4 8 4 
9 8 34 54 41 9 2 8 
4 3 13 38 46 8 4 5 
3 5 26 20 44 9 6 1 
5 4 15 36 50 2 3 9 
9 0 14 75 41 2 4 4 
6 7 16 29 24 1 8 9 
7 5 35 80 17 3 6 6 
4 3 12 105 56 1 7 6 
9 5 34 101 39 7 9 2 
4 4 2 31 99 3 4 8 
3 6 18 0 72 2 9 9 
8 1 50 55 54 5 0 7 
7 5 11 33 57 3 7 4 
4 6 0 55 40 1 1 9 
6 7 29 60 86 7 8 8 
8 7 7 61 68 8 2 8 
0 9 0 70 75 7 4 7 
9 6 21 46 84 5 8 5 
2 4 0 61 37 5 9 2 
7 6 30 64 51 3 0 2 
0 5 13 95 53 9 8 3 
6 7 11 32 39 8 9 6 
2 6 56 44 85 1 8 8 
8 5 29 67 57 1 3 2 
0 6 25 70 64 1 4 2 
9 4 38 58 67 4 2 5 
8 9 45 57 32 6 5 9 
4 9 0 46 51 4 4 5 
5 2 30 16 68 8 1 0 
8 2 17 52 45 1 8 6 
5 3 56 31 62 4 3 2 
2 2 76 68 21 0 6 1 
3 1 12 46 40 6 3 0 
3 2 24 52 71 3 1 0 
2 7 4 56 82 7 5 0 
8 2 0 88 26 8 6 2 
2 5 21 62 49 4 3 4 
2 9 52 54 59 2 4 4 
9 6 21 82 92 6 2 3 
6 7 12 70 35 9 6 1 
5 6 0 49 61 7 9 6 
9 5 1 35 34 6 4 6 
1 8 48 35 47 5 9 1 
4 6 30 56 64 6 3 8 
3 5 27 63 84 8 0 9 
5 9 44 48 38 4 0 9 
3 9 18 18 46 4 8 2 
7 3 41 28 53 5 8 3 
5 1 26 54 43 0 1 1 
5 5 43 44 42 6 6 2 
6 2 20 39 69 7 6 6 
4 7 42 46 61 1 7 1 
2 4 44 53 69 1 3 0 
3 9 11 8 40 3 2 9 
9 8 21 41 46 3 3 6 
9 7 9 20 66 7 7 4 
9 0 15 75 41 7 7 5 
1 3 42 53 39 2 0 6 
4 3 36 48 21 5 8 8 
7 2 30 25 0 6 6 1 
4 2 11 32 34 2 0 2 
9 4 24 40 28 0 7 2 
7 2 20 88 37 9 3 8 
0 1 5 62 59 8 2 5 
7 1 37 52 77 1 5 8 
8 7 47 69 77 5 5 0 
8 2 42 28 41 1 7 8 
1 2 23 66 50 3 4 5 
1 5 51 82 75 1 5 7 
9 8 48 73 44 7 6 0 
1 2 18 37 31 8 9 1 
5 7 26 94 48 0 8 5 
6 3 29 64 41 2 5 0 
8 7 20 50 51 0 0 8 
3 1 48 57 32 5 3 3 
4 5 50 48 36 7 0 1 
6 8 48 48 64 0 6 7 
0 5 33 51 29 5 0 1 
5 9 18 53 62 2 0 1 
7 6 36 28 49 6 8 2 
6 0 5 43 101 2 2 9 
2 2 14 88 41 1 6 9 
0 9 28 49 56 3 7 8 
5 5 20 53 18 2 1 4 
9 6 17 92 8 7 6 8 
5 4 22 56 57 8 3 5 
2 5 28 57 73 9 5 9 
1 4 13 71 16 4 4 2 
7 2 56 71 89 5 0 6 
8 1 24 51 48 2 5 5 
3 8 12 56 28 3 3 6 
8 0 33 100 23 7 8 2 
8 7 22 27 43 9 4 3 
0 6 0 32 66 8 0 0 
9 1 12 18 28 4 1 8 
5 0 44 45 59 8 8 3 
3 7 18 41 50 6 9 6 
4 8 49 17 44 5 8 3 
3 8 14 83 61 8 1 6 
1 0 13 47 0 4 4 8 
6 5 32 46 15 7 2 6 
1 0 45 48 54 0 3 5 
7 8 7 61 46 7 0 7 
2 1 3 20 30 7 8 9 
3 7 7 66 51 9 3 6 
3 0 7 67 45 5 1 1 
5 4 23 45 81 6 9 4 
0 8 56 63 33 5 5 9 
7 9 27 49 51 0 3 4 
5 9 34 51 58 1 4 9 
4 9 9 35 67 8 1 0 
0 8 19 40 36 1 9 3 
8 9 33 59 30 1 6 7 
4 9 39 38 35 1 5 9 
8 5 44 61 61 0 6 2 
2 2 20 24 29 8 8 2 
5 1 50 43 23 9 5 2 
8 4 12 25 89 5 1 2 
6 8 28 66 23 8 7 2 
0 1 44 32 45 4 9 3 
7 7 9 51 66 9 3 9 
3 5 46 64 42 7 3 6 
2 8 70 69 44 8 6 0 
1 9 33 36 60 4 5 7 
2 8 50 47 44 4 0 3 
6 1 46 65 30 3 2 7 
6 8 39 57 65 2 8 7 
7 2 13 38 56 2 8 9 
6 6 34 30 47 2 6 6 
3 6 17 46 77 4 4 8 
2 2 44 39 63 9 5 8 
6 9 24 49 66 7 9 5 
5 9 35 47 62 3 9 6 
7 3 51 79 56 9 4 2 
1 0 33 52 62 5 7 6 
2 7 26 77 54 1 1 9 
2 5 32 41 34 8 4 2 
4 8 46 90 60 9 3 5 
0 6 17 71 47 6 6 5 
8 0 28 86 13 0 2 1 
4 9 61 22 56 9 7 8 
7 1 56 29 76 1 4 0 
8 9 1 22 58 1 7 2 
2 3 0 0 73 3 9 4 
0 1 43 50 55 8 7 9 
4 0 33 47 50 8 3 8 
0 3 40 0 56 7 9 7 
0 0 44 24 59 5 6 8 
3 8 17 40 66 8 6 6 
8 1 36 62 46 4 7 2 
7 1 44 27 72 8 6 5 
0 7 15 91 74 4 1 7 
9 7 27 74 60 1 9 1 
6 5 0 36 53 8 4 4 
8 3 38 51 35 7 6 6 
4 4 0 36 46 5 8 0 
9 8 43 97 32 4 6 2 
7 9 28 63 36 9 3 1 
1 9 9 63 75 3 2 2 
7 5 51 28 43 4 7 7 
1 5 50 78 75 5 5 1 
9 4 43 72 94 3 4 7 
4 8 70 0 29 2 0 0 
8 0 36 68 62 4 6 7 
6 5 37 37 62 1 2 0 
9 8 28 55 72 2 4 2 
8 3 0 39 54 5 6 9 
7 6 55 63 39 4 2 2 
3 8 21 46 51 3 7 5 
6 6 48 52 70 9 2 6 
4 4 23 30 38 4 0 4 
4 2 7 56 57 0 7 0 
2 2 12 2 74 5 1 2 
7 5 27 68 40 2 5 7 
7 9 15 69 22 4 4 2 
3 7 33 24 32 5 8 0 
1 3 21 55 90 3 0 7 
4 4 47 48 39 7 6 5 
3 5 34 64 64 0 8 7 
1 8 27 43 20 0 7 9 
1 2 48 65 15 6 8 0 
0 2 52 39 39 2 4 8 
5 9 55 50 44 8 3 1 
1 6 37 31 85 6 0 8 
9 5 17 83 74 5 5 9 
1 1 54 61 36 9 2 9 
4 1 42 60 23 6 7 9 
3 4 12 29 46 4 1 5 
7 6 24 61 47 0 8 9 
5 4 7 49 19 1 6 3 
3 5 18 62 68 2 9 9 
2 1 26 43 66 1 2 2 
4 8 34 28 78 2 3 8 
3 9 24 54 7 1 6 3 
6 6 11 72 79 8 0 1 
5 3 28 51 62 9 1 2 
8 4 35 71 19 6 7 6 
3 7 10 0 66 4 8 4 
3 8 30 53 54 2 1 0 
0 2 48 55 35 9 4 2 
4 4 30 61 82 8 7 7 
8 7 40 41 45 6 0 8 
4 5 16 50 51 0 2 1 
9 7 0 48 73 3 4 1 
5 5 28 26 50 2 9 5 
7 4 12 44 34 2 4 7 
3 3 10 93 53 1 7 0 
7 7 60 59 25 1 8 6 
2 0 26 30 54 8 3 3 
2 0 26 24 29 0 9 6 
5 6 14 50 29 0 9 7 
3 8 24 52 59 7 8 2 
3 1 6 76 47 9 2 0 
8 8 26 50 76 1 2 0 
4 8 43 59 40 0 8 6 
7 2 50 56 75 5 4 2 
6 7 0 31 44 4 6 0 
9 3 32 52 28 7 4 3 
9 6 0 16 49 4 9 4 
2 1 40 50 80 0 2 8 
6 5 16 83 32 2 4 8 
9 1 9 34 1 4 3 6 
3 7 45 80 59 3 0 5 
9 3 21 46 32 0 0 5 
1 3 42 27 51 7 4 2 
6 0 33 38 74 5 9 1 
0 4 39 60 59 6 2 6 
9 0 48 49 61 5 0 3 
3 2 35 104 36 5 7 6 
6 4 13 22 74 8 9 2 
2 5 46 50 47 3 4 9 
4 9 48 65 41 1 9 4 
2 6 37 48 25 4 2 1 
3 8 25 28 54 4 7 7 
9 2 2 85 85 9 5 4 
3 2 36 50 28 9 3 0 
8 9 55 41 40 2 5 8 
3 2 43 31 54 6 7 2 
3 4 20 71 51 2 9 7 
6 8 17 38 48 9 0 5 
1 9 51 79 44 1 7 2 
9 5 57 38 4 0 7 3 
6 9 23 49 60 8 5 5 
6 9 15 64 23 6 9 4 
3 8 56 24 49 6 9 1 
5 5 11 25 60 5 4 9 
2 3 12 56 63 5 9 9 
7 9 38 49 47 4 9 5 
2 7 32 54 77 8 8 7 
5 9 25 46 34 2 3 9 
2 3 36 73 43 3 7 8 
6 1 35 48 35 1 1 2 
6 1 29 45 97 0 8 1 
6 1 48 92 44 2 4 7 
1 8 6 19 28 8 3 8 
4 3 26 21 81 7 5 9 
9 7 44 52 40 1 4 8 
2 4 20 47 40 7 6 1 
8 6 25 45 94 5 8 9 
5 7 17 47 43 9 1 5 
7 6 6 63 64 2 3 3 
9 5 15 64 72 2 8 9 
3 7 6 18 36 6 1 4 
0 0 42 65 56 6 0 1 
5 2 2 46 29 4 7 4 
3 0 11 78 26 0 4 2 
9 3 17 80 65 9 0 9 
6 5 58 48 45 3 1 8 
3 6 24 60 37 4 3 9 
6 6 71 20 53 2 3 6 
7 9 41 37 57 4 8 8 
0 9 7 70 32 2 9 5 
3 9 6 49 58 9 0 0 
7 7 35 21 51 4 3 2 
1 6 29 53 23 6 4 0 
6 6 47 53 30 4 4 8 
7 6 30 16 64 8 2 4 
6 0 12 23 16 2 7 2 
7 4 0 25 46 1 0 6 
5 7 12 46 37 1 2 8 
3 9 63 44 57 1 5 9 
4 5 14 67 31 9 0 0 
8 1 0 24 54 1 9 0 
0 1 20 18 96 3 0 6 
7 2 12 17 45 3 6 0 
5 2 22 33 0 3 4 2 
1 1 15 65 66 7 6 7 
6 0 0 36 61 5 3 1 
8 5 0 64 89 2 9 2 
1 9 28 34 54 7 6 7 
2 3 27 54 90 0 9 7 
4 5 67 42 63 1 4 0 
5 0 0 95 56 2 6 8 
6 3 24 45 56 1 1 9 
0 4 33 9 55 7 7 6 
7 0 55 32 64 5 3 7 
2 9 12 102 55 4 0 6 
4 8 25 56 36 1 0 9 
3 2 6 61 73 4 8 0 
0 6 52 68 47 5 4 8 
8 2 21 66 26 6 0 1 
4 9 35 33 41 7 2 0 
4 1 5 70 41 1 7 7 
1 3 30 57 33 5 0 0 
3 6 19 66 60 5 2 9 
6 1 41 36 47 6 4 0 
6 5 35 43 43 1 2 4 
5 2 41 41 31 9 6 1 
7 2 9 28 56 5 7 4 
6 1 74 60 43 4 2 9 
7 6 50 50 0 6 5 4 
4 2 29 62 40 4 8 5 
0 6 10 73 88 6 7 9 
6 2 22 38 74 0 2 2 
2 5 38 57 77 1 2 2 
9 1 29 36 34 8 2 7 
9 8 10 51 28 0 8 7 
0 4 33 81 47 3 5 6 
8 3 28 46 59 9 8 4 
5 1 0 72 40 6 3 3 
7 9 32 69 45 0 1 1 
5 8 41 36 47 4 6 3 
3 9 43 30 36 4 4 4 
4 7 27 70 10 4 2 3 
9 5 44 39 45 8 2 2 
7 6 39 41 61 3 3 5 
4 8 46 68 42 0 9 5 
1 0 26 46 33 1 0 2 
6 3 17 75 40 7 6 0 
6 8 34 54 72 4 8 0 
1 5 38 49 46 5 0 4 
6 2 7 23 0 3 0 1 
1 9 0 58 32 0 3 5 
7 9 20 52 59 5 1 4 
0 5 39 48 15 8 9 4 
5 4 64 60 43 0 5 5 
0 5 36 44 63 6 0 3 
2 4 10 66 46 2 1 3 
3 8 0 23 59 0 4 2 
5 6 55 37 36 5 9 4 
7 0 62 18 38 8 5 6 
5 7 33 59 40 0 1 7 
2 8 27 18 89 1 8 6 
6 9 26 30 56 9 4 1 
2 6 0 45 36 1 9 5 
0 7 78 18 54 9 8 9 
7 4 27 55 67 4 3 3 
0 9 19 54 62 4 0 8 
3 3 92 54 51 3 0 9 
5 8 39 81 49 0 9 3 
0 3 19 41 29 9 8 8 
2 1 52 34 80 8 1 8 
2 4 27 83 67 2 2 8 
5 8 72 38 31 4 3 9 
3 2 12 63 59 9 2 6 
6 0 40 40 31 7 1 6 
5 6 16 33 24 7 1 2 
7 2 62 59 48 2 1 9 
9 8 6 41 9 1 4 4 
4 8 8 38 46 5 6 5 
9 9 45 67 91 0 5 4 
1 9 2 65 26 7 9 3 
8 9 40 42 38 5 0 9 
6 6 4 69 45 4 9 3 
8 4 36 46 60 1 4 3 
3 9 30 37 73 2 7 0 
2 5 42 23 61 6 2 5 
9 7 41 88 78 7 3 9 
2 5 6 35 68 2 9 8 
9 4 22 46 65 5 1 4 
8 2 27 53 90 2 1 0 
1 1 39 61 66 6 5 6 
9 3 24 21 71 2 4 6 
1 2 0 63 22 2 8 6 
2 9 11 67 66 5 8 8 
0 7 17 39 45 3 3 1 
6 6 42 52 23 5 0 5 
4 8 50 50 35 3 8 6 
4 4 13 54 38 0 1 7 
5 1 42 74 39 2 1 7 
9 8 20 60 48 7 9 9 
4 7 0 46 43 2 1 1 
2 6 48 42 48 3 6 4 
4 2 62 56 57 0 7 7 
8 3 55 67 39 9 0 3 
6 6 15 45 51 1 4 2 
5 2 23 60 26 8 8 7 
0 2 88 82 45 5 4 5 
9 1 18 25 61 5 0 2 
2 4 27 50 36 8 0 1 
8 8 58 42 45 4 0 6 
9 7 19 31 65 1 3 1 
6 2 47 46 44 8 9 5 
8 5 24 45 75 6 3 1 
6 5 0 46 57 2 6 2 
0 0 36 34 25 1 1 0 
1 0 49 51 100 9 6 1 
9 7 4 43 50 6 1 2 
4 5 25 40 13 2 3 8 
3 2 22 35 47 7 6 1 
5 3 55 66 34 1 2 7 
9 5 22 55 44 7 0 7 
4 3 25 47 53 9 9 1 
8 0 55 46 31 3 7 4 
3 3 34 69 50 1 6 6 
7 7 21 40 50 7 9 0 
8 8 19 56 46 9 4 2 
8 3 51 67 73 1 7 5 
8 3 27 63 36 1 2 7 
0 8 16 49 70 2 7 7 
7 1 43 52 50 4 8 7 
1 6 24 61 82 2 5 0 
9 8 16 51 37 4 7 6 
6 2 44 62 81 7 5 2 
0 1 0 40 51 0 8 0 
1 4 42 27 28 9 4 8 
0 0 44 74 34 4 6 9 
9 2 31 54 52 2 2 6 
4 4 37 33 51 6 0 9 
4 6 76 27 101 7 8 5 
4 5 18 64 47 7 2 8 
9 1 3 53 73 0 2 2 
2 1 45 56 57 0 4 0 
2 2 15 29 67 2 5 2 
5 4 0 51 77 4 7 0 
7 4 42 57 75 4 8 0 
1 2 31 60 51 8 6 5 
8 9 61 55 27 2 1 9 
9 0 65 75 40 4 8 4 
6 8 18 56 67 5 6 9 
6 5 39 46 47 2 5 9 
6 5 41 53 34 0 8 5 
1 2 26 58 70 1 2 2 
3 7 21 67 23 4 7 8 
3 6 25 69 58 0 9 2 
9 7 17 55 49 9 9 8 
7 6 62 3 41 3 0 4 
1 2 0 25 48 6 1 6 
0 8 35 56 50 6 2 1 
3 3 46 50 23 5 0 5 
0 1 19 55 15 0 3 1 
6 6 42 54 60 5 6 9 
4 8 40 17 54 1 0 5 
1 2 41 52 56 1 8 5 
4 7 28 64 55 5 8 7 
3 7 45 45 61 3 5 5 
6 4 21 41 41 8 8 0 
6 1 3 66 24 4 5 1 
4 1 7 54 58 9 2 3 
9 5 10 68 39 5 9 1 
6 0 13 59 52 0 8 3 
4 9 29 60 36 5 4 5 
6 4 44 64 56 9 3 7 
8 5 14 76 25 3 9 4 
2 2 35 35 46 7 7 6 
6 1 61 43 31 6 7 5 
3 0 52 96 17 0 3 3 
3 8 0 58 44 2 7 0 
7 9 39 27 72 9 4 7 
5 6 24 62 40 6 1 4 
3 8 14 66 104 4 0 7 
1 1 17 27 46 9 3 4 
3 7 7 65 78 9 8 2 
3 2 32 29 71 8 5 1 
5 0 52 71 60 3 3 5 
5 6 24 60 52 5 9 5 
0 9 47 82 41 7 1 9 
2 9 19 36 24 0 8 1 
2 7 14 39 21 5 4 7 
4 6 0 49 48 5 2 1 
6 9 37 86 34 1 4 1 
4 6 21 69 37 6 4 2 
8 1 56 44 83 3 3 7 
9 5 42 65 41 2 6 3 
1 9 48 84 16 5 1 6 
0 0 41 23 48 6 8 0 
4 7 58 33 71 4 5 5 
6 9 49 56 61 7 2 4 
8 0 8 43 53 8 4 3 
1 1 43 72 23 4 2 1 
3 1 25 52 22 1 5 2 
5 0 31 36 54 9 6 0 
0 5 14 31 40 9 7 4 
4 2 50 66 34 6 8 6 
1 4 6 57 73 7 4 0 
2 4 27 53 42 3 8 0 
8 4 25 42 36 8 4 8 
6 9 12 36 70 2 7 3 
8 9 69 76 55 2 3 7 
6 2 74 68 16 8 2 5 
8 9 7 42 25 4 0 5 
3 1 44 24 47 7 5 9 
4 3 37 19 61 4 1 9 
6 2 41 78 52 1 2 6 
5 6 65 31 50 4 1 1 
5 4 33 90 59 5 5 5 
1 0 64 15 80 8 0 1 
1 8 30 62 40 7 9 8 
4 9 5 55 82 3 1 5 
0 2 9 55 49 0 5 2 
2 6 10 43 26 6 7 9 
9 9 63 72 52 5 6 7 
0 8 2 62 78 3 5 2 
2 9 37 55 40 0 6 0 
7 3 19 37 55 8 3 9 
4 4 25 73 36 2 8 1 
1 7 20 56 35 1 2 7 
7 6 13 48 6 6 7 4 
7 1 22 38 58 8 0 0 
2 6 43 42 58 3 5 3 
7 7 28 23 43 0 4 0 
4 0 47 37 59 1 3 2 
8 0 13 71 79 1 7 3 
2 6 23 12 57 4 1 9 
4 9 61 35 40 6 9 5 
5 8 18 62 53 0 0 0 
9 4 21 51 50 7 4 4 
1 9 52 53 28 3 3 3 
8 8 48 32 76 9 4 0 
2 0 43 66 81 9 5 8 
7 3 45 49 43 6 3 7 
3 8 33 55 0 5 8 6 
5 9 6 91 66 4 0 9 
8 2 0 76 74 5 8 9 
0 7 35 57 75 9 0 0 
7 6 8 56 26 3 0 5 
9 3 0 55 66 4 8 5 
0 8 51 62 55 0 5 7 
7 1 14 51 45 6 0 5 
7 6 61 49 74 7 4 7 
6 2 42 37 58 4 0 4 
2 7 41 51 62 0 1 0 
9 5 0 47 91 4 8 7 
8 0 22 47 54 8 5 9 
7 6 30 80 71 4 6 3 
5 7 27 67 68 0 8 9 
9 9 28 80 47 2 7 8 
1 1 0 39 67 8 1 0 
6 2 41 46 38 7 1 1 
3 1 66 33 32 5 9 0 
3 0 27 37 42 1 3 7 
1 0 52 23 61 8 1 8 
1 9 67 20 14 7 1 0 
8 6 0 51 30 3 8 6 
1 3 43 59 53 9 8 3 
3 4 0 19 63 8 3 5 
7 7 30 67 97 8 3 8 
0 3 79 54 68 9 9 7 
0 0 29 42 15 5 4 8 
9 2 33 39 66 9 8 5 
0 6 11 30 84 5 7 8 
5 8 37 33 44 5 1 7 
7 2 13 37 69 6 5 8 
4 9 30 40 58 7 4 2 
5 7 37 13 39 9 4 7 
9 5 17 7 74 5 3 3 
1 5 0 54 87 3 6 8 
2 5 17 53 34 4 1 7 
5 7 21 56 52 9 7 9 
9 1 31 50 65 3 2 6 
5 9 60 51 63 1 2 3 
5 9 4 41 48 7 3 3 
3 5 24 30 67 1 4 2 
7 7 46 62 20 5 5 8 
8 1 71 36 38 1 1 0 
6 3 46 38 51 2 0 8 
6 9 17 38 22 3 6 8 
3 1 12 66 69 1 8 0 
2 2 24 0 23 2 2 0 
7 7 7 79 68 8 0 4 
0 7 30 48 37 6 2 1 
5 6 31 61 53 8 8 7 
0 9 14 47 68 0 1 1 
9 2 12 54 71 1 1 2 
9 7 55 65 33 8 4 6 
7 8 49 59 54 7 9 8 
3 1 68 99 30 3 8 2 
5 5 19 41 45 8 0 8 
7 0 0 90 0 5 9 0 
0 1 34 41 29 6 7 4 
4 6 49 51 44 6 7 5 
4 2 16 57 45 4 2 0 
2 7 21 9 35 9 8 7 
5 2 11 74 40 7 5 3 
0 5 22 4 61 6 0 3 
2 8 26 20 34 4 7 1 
6 7 31 16 56 0 9 3 
4 7 27 74 72 8 3 0 
3 8 19 71 17 7 0 5 
0 6 17 38 71 2 4 7 
1 0 24 20 47 4 3 2 
0 3 44 1 70 0 3 4 
3 3 24 63 24 4 2 0 
2 7 40 82 8 0 8 0 
9 2 5 55 54 7 2 1 
3 8 55 54 57 5 7 5 
3 8 6 13 27 6 1 3 
7 9 35 26 48 6 3 5 
4 0 32 56 34 5 3 5 
7 2 27 92 48 1 2 2 
4 5 13 50 22 9 4 6 
8 1 30 23 73 0 7 5 
4 4 27 19 49 6 9 0 
2 2 16 37 41 1 6 6 
8 3 0 74 47 4 6 2 
6 2 0 41 65 8 5 2 
8 4 28 70 79 0 2 0 
5 1 18 46 61 7 6 3 
9 7 28 95 49 0 9 0 
9 8 7 42 41 2 2 5 
7 1 42 45 21 4 6 9 
3 9 32 68 27 7 9 3 
0 8 1 23 58 1 6 4 
4 7 39 54 47 7 3 9 
1 5 47 19 72 7 1 8 
9 7 19 12 33 1 3 7 
2 7 6 66 65 7 5 1 
0 7 0 18 22 3 6 7 
5 1 0 44 59 6 5 2 
6 5 43 49 63 3 7 9 
7 4 15 80 33 8 9 3 
7 1 33 33 58 2 7 7 
9 7 18 40 74 0 8 7 
6 5 55 84 45 7 6 9 
0 4 38 41 51 5 2 3 
3 8 12 54 49 0 3 2 
9 3 0 52 27 3 0 9 
9 6 72 67 27 0 1 2 
2 4 32 49 24 8 6 8 
3 2 29 38 42 8 8 5 
4 3 30 61 37 7 7 8 
5 8 0 69 64 2 1 4 
5 7 61 75 48 5 8 0 
3 8 84 63 41 5 2 4 
6 5 11 74 23 3 0 0 
9 1 41 74 62 6 0 8 
0 5 24 55 29 2 6 0 
6 8 8 83 28 3 2 9 
2 8 19 78 98 9 9 3 
7 1 41 33 45 2 5 3 
4 7 37 68 13 6 1 5 
6 2 6 71 35 4 5 5 
8 5 0 46 49 7 8 0 
3 4 45 55 100 9 6 1 
3 5 24 64 51 2 9 9 
5 5 30 31 22 5 8 0 
6 0 46 36 46 7 8 9 
1 6 32 68 25 2 7 5 
2 2 17 42 58 0 6 7 
2 7 42 86 65 4 3 5 
2 9 0 45 54 5 5 8 
7 0 14 85 37 1 9 0 
9 1 20 70 49 7 3 9 
9 4 4 60 83 1 7 4 
0 5 21 31 56 0 5 7 
5 2 53 36 37 0 1 6 
8 9 37 55 87 0 5 9 
3 6 49 49 96 3 5 7 
7 6 35 67 27 5 4 0 
7 2 46 58 83 6 3 3 
5 7 42 55 55 8 5 5 
6 5 53 22 24 0 4 5 
8 9 60 48 26 7 0 5 
9 4 63 35 63 6 7 5 
7 2 13 36 86 1 6 3 
6 9 8 83 78 5 6 0 
1 5 22 39 7 7 0 9 
6 0 51 29 21 7 9 9 
3 7 37 72 27 4 8 8 
2 0 0 31 38 2 6 6 
6 1 29 43 54 9 1 3 
1 9 32 65 44 6 0 4 
2 6 41 14 65 8 8 3 
6 7 17 39 33 2 7 0 
9 4 1 47 62 3 3 9 
9 8 1 83 53 2 6 6 
6 1 53 66 48 5 5 6 
0 6 7 40 44 7 2 9 
8 4 45 53 78 1 5 2 
6 0 12 92 54 6 8 7 
4 9 57 29 50 0 1 0 
9 0 63 71 56 7 9 0 
5 2 43 53 92 4 3 6 
2 0 53 37 59 9 0 6 
6 5 37 85 24 2 9 2 
3 0 15 49 52 7 6 5 
0 1 15 95 79 6 1 7 
1 9 32 39 31 6 6 8 
9 9 44 69 81 9 9 9 
0 3 10 54 45 9 6 1 
4 5 15 37 31 5 3 7 
5 7 36 54 39 6 4 6 
5 2 37 62 45 0 7 4 
2 2 25 37 27 7 5 8 
4 2 48 46 51 9 9 1 
5 7 18 68 40 7 4 4 
7 4 15 51 48 7 2 6 
3 2 14 69 62 4 8 3 
3 1 34 24 65 4 1 9 
6 6 0 32 66 4 0 3 
3 5 38 45 25 0 4 3 
7 7 47 77 76 3 8 4 
0 7 36 52 47 8 2 8 
8 1 0 47 73 0 5 1 
5 4 11 35 73 8 3 7 
4 3 47 13 17 2 0 7 
2 9 41 66 48 9 2 9 
5 6 38 56 26 1 0 7 
8 6 51 57 49 3 0 3 
3 3 22 80 38 0 1 6 
2 3 35 31 32 8 9 0 
6 8 16 36 80 7 2 1 
1 0 1 60 85 4 7 2 
2 2 42 86 37 7 8 8 
2 1 37 39 31 8 3 5 
0 3 44 67 73 2 7 2 
3 5 0 40 56 1 3 4 
9 1 34 45 36 6 3 6 
7 3 23 41 52 4 9 4 
6 5 9 38 37 3 1 4 
3 4 0 81 32 8 1 1 
5 1 72 57 36 7 2 0 
4 9 32 36 79 3 1 6 
3 8 27 72 37 0 9 8 
2 7 48 54 39 4 7 6 
4 0 33 53 25 7 5 7 
6 8 42 16 68 0 5 2 
6 0 28 73 58 3 7 6 
3 2 61 18 55 3 5 5 
8 2 2 62 61 5 8 2 
2 0 18 52 73 1 7 8 
4 7 34 45 27 6 9 3 
6 4 14 0 64 5 9 3 
9 8 12 55 51 0 3 0 
8 9 36 48 48 5 9 7 
8 7 42 43 100 5 3 7 
3 6 16 73 46 0 1 4 
2 6 46 51 53 4 0 5 
1 5 51 64 46 5 9 3 
1 9 38 49 41 2 8 0 
3 6 26 64 41 6 7 8 
6 0 6 62 73 7 5 0 
0 7 59 40 28 2 9 0 
8 2 23 23 35 0 0 4 
3 4 10 38 61 9 3 9 
0 4 27 32 62 8 7 7 
7 8 30 45 81 7 8 3 
8 0 15 33 33 4 5 7 
4 4 59 54 32 2 2 6 
9 4 13 38 63 6 2 7 
1 7 32 52 30 7 6 1 
8 6 26 50 8 2 9 0 
8 5 23 68 1 8 4 8 
7 2 15 3 41 8 0 8 
5 9 24 58 47 4 5 8 
2 2 17 44 49 1 3 3 
5 5 37 14 67 9 4 4 
5 4 15 38 74 6 6 6 
5 8 13 56 36 0 6 5 
9 2 18 32 23 6 9 6 
9 0 45 34 9 9 5 6 
4 5 28 67 33 1 3 9 
1 6 24 60 29 4 7 5 
6 9 74 55 42 6 8 3 
0 3 29 39 67 7 6 5 
2 5 41 34 38 5 2 2 
5 9 13 62 0 3 1 7 
8 0 35 40 63 7 1 0 
0 7 14 27 44 8 1 7 
7 8 32 46 59 4 0 9 
8 1 50 15 38 4 5 0 
9 4 32 41 47 1 8 0 
6 7 0 10 48 4 8 2 
3 6 11 27 87 7 3 1 
0 2 35 62 53 1 6 9 
8 2 25 63 27 9 5 5 
6 3 38 62 6 2 0 8 
0 0 33 37 59 4 9 8 
9 0 17 41 46 5 9 0 
6 7 41 36 67 3 4 1 
3 2 13 22 69 7 1 1 
1 1 44 76 44 2 8 2 
5 2 71 63 68 9 2 8 
4 7 28 70 69 4 5 5 
3 2 35 43 65 1 3 8 
6 4 5 35 47 2 8 4 
3 2 29 15 34 1 5 1 
6 7 35 88 32 3 5 4 
3 2 29 41 64 1 8 5 
7 0 27 74 62 6 8 5 
3 9 49 15 63 3 9 2 
5 0 38 64 44 7 6 5 
4 8 31 58 68 6 7 7 
5 4 0 41 43 9 3 2 
5 6 29 34 19 7 9 4 
3 4 21 76 53 7 8 7 
1 8 23 35 65 9 0 1 
0 9 0 53 56 7 0 7 
8 7 49 40 33 6 9 4 
9 3 14 45 4 7 6 1 
7 9 40 45 61 2 2 4 
9 6 21 49 64 9 7 8 
0 2 39 63 62 7 0 6 
9 8 49 52 47 7 7 1 
8 2 35 46 47 4 5 1 
3 8 25 51 35 5 5 9 
1 0 37 75 78 0 0 8 
8 2 23 71 59 1 4 0 
6 8 46 56 50 9 4 4 
3 7 49 84 55 9 6 1 
5 2 40 21 60 2 7 9 
7 3 40 31 50 7 1 9 
3 0 29 36 29 6 2 9 
1 8 17 85 58 3 5 4 
3 2 31 53 81 1 3 3 
9 0 0 40 31 8 3 0 
5 1 0 24 81 3 5 7 
7 6 54 73 52 6 9 5 
1 3 28 48 49 0 7 8 
6 1 54 33 47 4 6 1 
5 2 38 71 38 9 2 2 
6 5 57 74 57 3 8 8 
4 8 25 73 45 3 3 4 
6 7 0 28 82 6 0 9 
8 2 15 47 83 9 1 0 
2 9 35 34 49 1 9 6 
3 4 63 55 44 2 5 8 
1 3 20 60 65 3 4 6 
2 0 4 33 73 1 4 9 
6 6 50 63 70 4 8 5 
1 9 33 59 83 0 7 9 
7 8 21 44 50 7 5 7 
3 4 29 56 81 0 0 1 
9 8 55 62 81 0 6 6 
1 0 27 17 60 3 9 0 
8 1 50 57 73 0 9 6 
7 0 32 49 43 2 9 2 
4 2 21 40 36 4 1 9 
5 8 22 43 19 6 5 0 
5 4 52 26 20 9 3 4 
8 9 46 29 25 8 3 4 
8 7 52 48 55 8 0 7 
9 1 31 73 82 5 1 8 
3 3 44 38 60 5 1 7 
9 0 43 67 60 9 0 1 
1 3 46 48 29 4 6 9 
2 2 52 26 47 6 6 4 
3 3 15 12 68 1 7 9 
0 3 37 68 56 5 4 8 
4 7 16 95 42 5 5 9 
1 8 17 45 44 8 0 0 
9 8 36 47 36 1 1 0 
5 9 0 29 66 4 6 1 
6 5 20 27 18 7 6 6 
2 9 47 45 80 1 2 7 
3 1 23 70 4 3 2 9 
8 8 58 44 46 5 1 0 
5 9 27 83 57 1 5 0 
2 7 39 101 77 1 8 1 
1 8 40 49 65 0 8 8 
8 3 9 50 52 5 9 4 
5 1 15 39 40 5 4 7 
3 6 27 47 1 9 6 4 
0 8 43 62 55 7 6 4 
6 8 76 49 67 9 4 5 
3 0 56 10 63 6 5 8 
2 3 4 23 54 2 7 3 
9 1 44 60 59 7 3 2 
9 2 41 47 53 1 9 5 
0 6 34 42 76 8 5 1 
3 6 45 54 43 0 3 5 
6 3 39 47 60 3 2 6 
4 1 61 60 29 5 1 7 
1 0 54 55 45 4 3 5 
6 1 48 18 91 8 8 9 
0 4 52 35 47 0 7 9 
1 3 21 101 70 1 8 3 
1 2 26 30 44 6 9 6 
9 8 44 22 87 2 0 3 
2 9 35 51 59 5 5 6 
3 8 34 43 19 5 3 1 
7 1 26 50 22 7 9 8 
4 8 35 92 47 6 9 6 
7 1 29 52 71 6 3 7 
3 9 66 37 69 4 9 8 
6 6 53 42 39 6 5 9 
8 2 37 44 52 8 3 8 
8 2 47 90 75 6 5 7 
0 8 32 41 48 7 5 7 
7 5 63 88 41 6 1 1 
0 6 33 60 42 1 2 6 
3 7 31 63 52 5 9 4 
3 8 21 54 64 7 6 9 
1 4 6 50 22 6 2 9 
6 4 62 49 36 3 7 8 
3 3 45 67 62 6 4 0 
5 1 9 15 21 4 1 1 
1 2 14 35 53 4 4 4 
3 9 25 96 52 6 2 4 
5 6 5 70 41 9 9 6 
6 7 22 47 50 3 7 3 
5 5 29 26 76 2 1 1 
2 0 44 47 40 8 5 7 
8 6 47 54 63 5 4 3 
5 6 39 73 28 5 6 1 
0 1 14 33 32 1 5 7 
5 7 43 54 55 1 4 5 
8 7 0 49 94 6 0 2 
3 8 41 67 51 9 0 7 
7 1 37 40 52 3 6 6 
8 2 23 27 84 2 4 6 
5 2 24 40 97 9 1 3 
8 1 0 66 56 1 2 9 
6 3 60 92 32 6 2 5 
7 6 30 52 58 0 9 3 
0 1 71 22 56 3 5 2 
0 6 48 76 70 7 2 2 
0 6 26 79 71 4 4 2 
7 3 0 65 59 1 6 5 
7 9 0 64 66 4 9 0 
3 6 28 49 12 0 1 8 
8 6 43 63 99 0 0 0 
7 4 29 52 42 4 0 6 
0 4 14 3 33 8 9 3 
1 3 32 65 71 9 3 8 
3 1 23 27 50 0 1 1 
0 9 40 52 62 7 6 9 
1 6 57 50 64 8 1 4 
3 9 0 25 52 8 7 2 
2 0 16 69 27 7 4 8 
1 5 1 27 29 7 3 0 
2 6 3 65 70 3 1 9 
0 4 37 68 27 4 8 2 
1 3 7 40 45 7 7 7 
4 4 22 37 50 6 4 8 
5 7 55 51 51 3 1 2 
3 7 38 34 27 0 4 3 
1 3 30 85 48 9 3 0 
6 0 12 24 33 3 2 4 
1 3 1 39 53 1 5 6 
0 6 42 74 49 6 9 6 
4 5 60 30 24 1 3 4 
1 1 32 36 67 0 8 8 
7 2 40 58 51 7 3 5 
8 8 35 41 69 0 1 5 
0 3 30 51 40 8 0 0 
3 2 19 60 32 8 1 4 
5 4 17 55 37 5 6 0 
0 5 10 57 7 9 4 2 
3 9 45 68 41 3 2 7 
7 9 1 60 45 6 1 7 
8 6 58 6 42 6 0 7 
0 9 72 41 74 9 6 5 
6 0 10 52 22 9 0 7 
8 6 65 45 58 6 2 5 
0 0 65 50 60 2 0 2 
8 3 17 52 29 4 7 4 
0 8 24 38 53 7 1 5 
4 8 54 78 94 3 5 5 
4 9 1 60 54 7 2 5 
5 8 18 25 94 1 4 6 
9 1 24 58 69 1 9 6 
8 5 44 61 63 0 0 2 
2 9 9 69 59 7 7 8 
8 9 12 42 28 0 3 5 
9 2 20 44 24 9 9 8 
4 3 28 67 35 4 9 0 
4 2 34 64 70 9 4 9 
9 3 7 14 58 1 8 5 
0 7 66 57 45 9 4 1 
3 7 34 62 92 7 8 6 
1 3 29 44 86 7 0 5 
8 0 10 81 38 7 1 0 
0 9 12 23 28 2 5 7 
2 5 0 66 52 8 6 6 
6 1 23 45 0 3 8 7 
8 3 27 21 34 8 5 6 
1 0 56 42 45 6 0 0 
0 5 29 64 64 7 3 9 
2 4 17 41 42 9 1 6 
7 7 26 39 37 8 1 8 
9 6 41 36 46 4 8 3 
7 3 15 26 56 6 2 9 
1 9 45 35 52 1 5 4 
3 3 34 30 26 4 1 7 
5 2 56 94 68 1 2 6 
6 5 29 50 75 0 2 0 
6 8 18 64 47 8 6 4 
7 1 20 62 23 1 2 5 
2 8 18 65 41 8 1 7 
1 1 51 53 62 0 3 2 
1 0 68 22 70 0 9 8 
1 0 58 27 33 2 2 5 
1 5 0 54 78 7 2 0 
5 3 41 63 46 6 3 3 
4 6 40 49 52 3 5 9 
6 2 43 99 14 9 6 6 
4 9 5 61 52 5 1 7 
4 6 27 75 98 1 4 5 
3 6 42 39 65 4 9 6 
9 0 34 44 69 6 8 3 
3 0 37 45 52 0 6 8 
7 7 47 57 51 2 2 4 
4 8 69 32 33 3 3 9 
1 7 13 31 73 5 1 3 
7 3 41 31 39 6 2 7 
9 4 7 47 38 4 6 1 
8 1 22 58 61 9 6 2 
5 2 36 80 59 4 8 5 
4 9 47 54 86 2 5 1 
4 3 56 60 41 9 2 4 
2 8 0 38 52 4 9 3 
3 2 25 35 65 5 5 4 
6 9 38 82 39 4 1 4 
9 6 0 35 31 7 8 3 
5 4 37 38 60 6 8 9 
0 8 46 76 38 0 0 3 
1 3 38 53 40 5 3 0 
5 1 32 57 51 1 3 7 
5 1 61 62 51 4 2 6 
4 7 46 76 40 7 3 0 
3 9 38 55 77 9 9 8 
3 4 29 53 59 2 4 8 
5 1 33 80 62 6 5 4 
8 2 45 59 41 1 3 3 
5 6 30 23 54 7 8 3 
7 0 18 56 58 5 3 0 
0 3 35 33 37 0 5 9 
9 0 54 51 47 7 1 3 
1 0 28 20 58 3 8 2 
0 0 48 46 28 4 3 1 
3 3 14 32 60 0 4 3 
8 7 27 17 40 7 5 1 
4 0 49 46 35 2 8 1 
3 8 36 23 42 3 0 2 
4 6 52 68 60 0 5 4 
5 5 31 22 69 0 4 0 
8 7 52 40 5 6 3 9 
6 7 14 25 50 2 9 8 
9 5 57 65 22 1 8 0 
4 3 36 24 39 3 5 4 
6 1 56 16 37 9 8 1 
0 8 23 23 30 4 2 4 
5 5 0 7 30 3 2 7 
7 4 0 63 82 7 4 5 
3 1 30 69 51 0 1 5 
7 3 49 56 71 7 5 5 
5 8 55 52 61 6 1 7 
9 7 46 90 39 9 3 1 
2 6 59 0 34 1 3 9 
6 4 49 56 58 1 1 1 
0 2 27 52 24 1 8 0 
1 2 33 68 56 7 5 2 
8 5 34 64 85 7 8 2 
2 3 19 60 43 5 8 1 
4 6 25 81 54 1 1 0 
1 5 26 48 5 6 0 7 
1 8 25 23 34 3 2 1 
9 6 19 15 55 0 5 8 
8 6 0 60 65 5 0 2 
6 8 26 53 26 2 5 9 
9 8 25 13 46 2 2 4 
1 3 16 50 46 9 5 0 
3 9 45 89 73 2 4 7 
1 6 49 56 29 4 6 4 
7 0 28 41 42 1 4 4 
6 7 43 73 67 3 0 5 
7 7 37 82 49 8 5 0 
1 1 33 42 14 7 4 0 
6 3 18 68 28 5 5 5 
5 4 21 26 56 3 9 4 
5 7 25 35 50 3 9 7 
3 6 16 44 65 9 3 6 
2 6 24 15 57 9 5 2 
7 6 23 34 33 6 8 4 
3 7 15 49 42 7 7 8 
6 9 36 87 36 5 4 1 
9 4 47 47 23 7 6 6 
4 5 51 53 22 9 0 2 
4 9 16 27 37 5 6 9 
5 1 29 52 49 6 2 1 
3 4 22 49 49 3 4 2 
2 4 60 78 61 3 5 1 
1 9 60 34 69 7 4 4 
7 6 15 16 22 1 4 3 
7 1 1 8 48 3 0 1 
5 8 54 53 15 5 0 5 
4 3 20 11 58 2 7 0 
9 2 18 73 41 4 4 8 
7 8 21 65 43 6 9 4 
1 8 32 45 34 3 6 3 
4 4 3 0 26 4 7 7 
8 6 17 56 42 4 2 3 
0 4 48 40 25 6 1 5 
6 4 0 85 35 7 1 1 
8 5 26 61 15 1 1 1 
0 6 50 28 50 5 0 4 
8 3 19 51 43 1 7 6 
2 8 57 74 51 1 0 0 
1 8 27 61 71 9 7 3 
7 4 34 67 72 8 2 3 
2 7 17 53 83 2 9 6 
6 4 56 63 43 5 6 2 
9 8 17 66 28 1 5 5 
4 9 28 17 85 6 1 9 
6 2 15 44 75 1 3 2 
3 1 15 37 70 6 4 4 
2 2 31 57 42 4 9 9 
7 6 4 36 80 0 4 8 
7 5 73 20 24 2 3 1 
9 5 37 71 44 1 9 1 
5 3 22 35 40 6 3 9 
2 9 13 45 3 4 0 5 
2 8 37 38 28 2 9 7 
5 3 46 87 39 1 0 5 
2 2 32 44 48 1 1 0 
2 1 5 37 56 1 4 7 
8 9 2 35 30 3 6 9 
8 9 43 93 56 8 6 6 
1 1 14 41 39 8 2 7 
3 7 10 52 77 0 9 4 
5 7 15 23 77 3 9 9 
7 6 46 69 2 3 3 7 
2 8 29 43 49 4 0 7 
2 5 36 20 40 1 5 9 
4 2 36 18 50 7 9 4 
2 9 47 62 58 2 9 1 
2 4 44 54 42 3 8 2 
7 0 6 53 7 6 8 1 
0 4 10 23 92 7 9 2 
3 0 61 45 49 3 1 5 
6 6 32 82 38 4 8 7 
2 5 49 34 64 6 0 8 
1 7 0 48 52 9 4 3 
3 7 0 0 64 6 8 2 
4 4 0 8 22 3 8 9 
8 5 23 43 29 4 8 8 
9 6 20 69 75 9 6 7 
8 2 29 70 67 0 3 3 
7 4 34 52 43 2 2 6 
6 5 11 56 67 9 9 7 
0 4 53 41 38 5 6 5 
9 3 21 40 36 8 9 0 
1 7 28 50 25 0 6 3 
9 0 49 55 72 2 3 0 
5 6 28 39 31 2 9 5 
2 2 23 64 75 7 0 9 
6 5 18 53 36 2 9 7 
6 8 9 70 51 2 1 4 
1 2 33 43 13 7 5 1 
6 8 16 62 60 6 9 0 
2 6 8 58 63 5 7 1 
0 1 27 52 64 1 7 3 
8 8 30 52 64 0 2 8 
3 7 40 36 37 6 3 6 
2 0 36 18 45 4 8 2 
3 3 24 80 44 7 4 7 
8 1 51 62 91 8 0 2 
3 8 0 75 55 6 3 0 
8 5 0 85 23 5 0 1 
8 1 33 51 70 8 3 0 
6 7 27 41 48 2 5 3 
8 6 11 70 43 5 6 4 
5 5 53 65 41 4 3 9 
2 7 17 36 78 9 5 4 
2 5 49 57 70 5 3 7 
0 6 25 32 52 6 0 0 
7 4 4 9 36 7 5 7 
5 7 34 67 63 3 3 2 
7 2 34 60 70 9 9 9 
5 3 21 46 92 7 1 2 
9 6 31 42 61 5 8 8 
7 9 36 20 24 6 1 9 
6 2 9 71 62 4 2 4 
1 5 68 58 62 7 5 4 
3 1 18 58 46 1 1 2 
7 7 31 64 45 3 8 2 
4 4 35 75 36 3 8 2 
2 1 47 72 47 1 8 4 
9 5 26 62 67 8 5 1 
3 1 54 7 34 5 1 8 
2 5 19 27 40 9 8 6 
6 4 38 40 46 1 0 6 
5 7 19 46 37 0 7 5 
7 1 13 13 39 0 3 2 
9 1 0 61 42 2 3 9 
7 3 10 30 56 2 1 0 
1 4 43 81 25 3 6 2 
1 7 23 89 65 1 4 8 
0 4 18 36 94 5 9 8 
5 0 39 72 52 1 9 6 
7 1 57 44 59 6 7 4 
7 5 21 60 73 8 0 6 
8 2 56 82 63 6 5 6 
1 2 36 70 54 6 5 9 
4 1 5 55 74 6 5 8 
4 4 25 12 61 0 9 2 
6 3 21 56 26 6 9 6 
7 6 62 76 79 8 1 6 
7 7 0 54 14 0 0 8 
2 6 36 63 72 5 6 4 
3 3 37 68 71 2 6 6 
2 8 51 37 58 9 3 4 
0 8 35 65 35 0 7 0 
4 6 47 31 59 3 3 0 
3 0 33 45 78 6 9 7 
8 5 0 18 91 6 3 9 
9 8 5 91 38 6 3 2 
3 2 8 73 62 8 0 2 
1 4 54 48 38 4 3 1 
8 8 11 37 49 4 5 2 
4 4 41 24 46 3 6 3 
4 8 52 14 64 4 5 4 
3 1 47 52 75 2 8 3 
2 5 68 18 39 5 9 8 
0 0 25 47 27 8 6 1 
1 8 15 72 40 1 8 0 
0 0 39 22 65 3 0 1 
0 3 16 64 56 6 0 6 
2 0 62 48 55 3 9 0 
3 6 11 57 50 4 1 0 
3 9 16 59 27 9 7 0 
7 4 61 85 67 9 8 4 
5 1 0 50 43 3 0 2 
9 1 17 62 74 1 8 4 
8 6 31 39 32 3 6 2 
2 1 24 16 68 3 5 0 
0 1 41 63 64 8 9 8 
1 2 37 73 44 7 6 6 
6 6 92 61 71 0 1 1 
4 8 36 38 59 8 4 0 
7 2 40 55 65 5 6 2 
1 6 29 29 43 7 9 8 
7 5 4 63 61 3 8 0 
2 2 44 43 21 7 6 7 
4 3 0 29 73 5 2 7 
8 7 38 44 63 5 4 2 
6 4 40 29 52 8 5 5 
2 1 22 60 33 2 6 9 
9 2 32 102 51 9 7 8 
9 8 0 18 75 1 4 1 
1 1 34 55 37 5 7 4 
3 9 65 37 52 9 1 4 
5 2 58 29 34 9 4 8 
4 4 41 37 52 2 1 7 
5 5 44 65 56 4 1 4 
7 5 48 41 78 6 3 6 
0 2 54 36 48 1 3 7 
7 6 29 50 50 9 9 0 
8 1 8 35 68 0 0 5 
5 9 0 17 37 0 7 3 
1 7 11 52 57 0 7 4 
5 5 0 51 59 8 8 3 
5 4 14 63 41 0 1 3 
9 8 21 23 42 3 9 6 
1 3 21 40 56 6 6 7 
0 9 81 70 40 7 6 9 
3 4 24 65 50 4 1 0 
1 0 7 67 44 6 9 0 
8 9 0 78 70 4 1 0 
5 3 68 33 65 6 3 7 
0 4 61 40 38 0 1 8 
3 6 53 69 68 1 3 9 
4 2 36 30 32 5 2 0 
9 0 16 43 22 8 9 2 
6 6 29 13 46 4 7 1 
5 1 3 69 83 6 2 5 
6 0 37 39 40 2 0 1 
7 0 7 37 59 1 8 2 
8 9 25 55 68 3 1 1 
4 0 55 55 39 4 9 0 
0 9 10 60 64 2 6 0 
1 8 55 29 49 2 5 2 
3 3 38 0 53 5 6 1 
0 8 30 58 5 0 5 2 
6 6 28 43 59 9 9 2 
4 3 40 56 75 9 1 8 
8 8 42 43 65 5 7 0 
2 9 41 62 63 0 0 5 
1 3 56 48 34 4 9 9 
9 5 39 54 21 1 5 9 
5 5 7 83 57 4 3 3 
3 4 20 34 45 9 2 2 
2 6 51 30 39 8 5 2 
7 0 29 42 50 5 8 6 
0 8 77 36 48 5 8 6 
4 4 49 54 70 0 1 7 
0 6 4 56 42 2 4 3 
1 5 20 74 13 8 4 0 
1 2 12 50 64 5 1 8 
8 2 43 76 41 4 7 8 
4 6 60 52 38 8 0 2 
3 2 40 60 42 0 3 5 
2 0 56 65 39 4 4 0 
6 8 47 72 17 5 7 1 
1 6 4 59 79 1 1 5 
4 1 22 44 11 3 0 8 
9 4 34 51 27 7 2 3 
9 1 58 27 82 5 0 8 
9 4 64 69 53 7 5 8 
8 0 0 40 52 2 5 8 
1 2 28 41 29 7 5 9 
3 8 1 83 80 3 5 0 
3 4 35 58 35 3 6 6 
8 6 55 92 46 4 4 5 
4 3 20 54 29 9 8 1 
3 2 41 19 70 5 7 0 
3 2 44 63 0 4 3 8 
6 1 51 49 40 5 9 9 
2 1 11 52 11 2 9 3 
4 0 0 46 19 7 3 3 
1 2 49 80 19 4 1 8 
7 5 7 54 55 2 1 8 
6 1 59 54 68 1 6 3 
0 4 49 20 43 3 8 0 
3 4 35 62 66 8 1 2 
5 3 53 58 62 9 6 2 
0 4 18 65 69 1 2 8 
5 3 20 40 51 8 1 2 
3 4 34 28 40 1 7 6 
4 4 54 76 18 9 2 3 
1 8 28 53 32 5 5 7 
4 5 36 50 46 8 2 4 
7 1 66 28 29 2 8 7 
6 9 16 85 54 6 6 3 
5 0 3 74 57 2 4 7 
3 6 42 67 17 9 4 7 
6 1 31 37 70 2 7 1 
0 0 48 31 63 5 2 1 
4 3 49 32 45 7 2 1 
2 8 16 37 56 1 7 4 
4 0 65 60 64 2 2 2 
3 5 10 55 51 3 9 3 
7 8 27 46 72 7 7 5 
4 3 13 78 51 5 9 5 
5 0 7 58 50 5 1 9 
9 4 13 68 48 3 7 4 
7 0 22 44 61 1 2 3 
0 2 16 32 41 1 9 3 
5 8 45 58 27 6 3 3 
6 6 0 44 31 1 9 4 
3 6 0 30 65 6 4 0 
1 0 65 46 65 5 2 7 
1 8 29 75 39 4 3 6 
8 0 38 32 37 3 5 1 
0 3 51 38 17 6 0 0 
7 5 69 40 73 1 1 2 
0 6 43 23 57 5 7 9 
8 0 37 22 18 8 0 2 
7 4 0 74 41 9 7 9 
2 1 21 81 61 2 6 7 
3 2 44 30 60 1 3 5 
3 5 0 63 58 6 4 9 
5 7 58 61 85 1 9 6 
9 4 12 66 54 6 4 9 
9 9 19 46 57 6 1 0 
1 4 10 42 63 0 5 1 
0 2 45 53 73 3 2 1 
2 2 26 32 23 7 2 3 
1 5 26 51 7 1 3 0 
9 6 22 68 44 8 1 3 
3 4 25 49 49 2 5 1 
2 5 23 77 85 1 6 3 
8 4 20 90 36 0 3 7 
0 8 41 54 47 6 7 3 
7 1 20 70 63 9 9 7 
9 7 18 46 71 0 7 1 
3 8 20 37 51 7 5 7 
2 7 18 26 47 2 7 8 
4 9 8 101 42 9 9 4 
8 9 38 59 72 7 3 4 
4 0 44 26 84 5 7 9 
3 0 60 62 27 5 5 9 
2 5 35 63 75 1 8 3 
9 3 13 49 47 5 1 2 
3 3 3 49 63 6 8 4 
1 9 18 68 70 8 9 8 
6 7 15 85 56 3 6 4 
3 9 44 60 51 5 6 5 
9 2 76 87 29 6 3 7 
2 9 0 52 71 5 6 9 
8 7 42 47 41 8 5 0 
2 6 19 58 58 7 9 3 
8 2 28 38 35 3 0 7 
5 7 28 75 20 9 7 8 
3 8 0 45 65 7 5 9 
4 7 33 64 52 1 2 5 
4 1 79 76 53 1 6 3 
7 3 40 53 45 7 3 9 
8 4 37 56 65 2 4 4 
8 2 24 57 44 7 7 1 
6 4 56 55 73 7 1 3 
3 6 72 66 45 5 5 8 
3 1 29 61 83 5 6 4 
0 4 9 47 37 3 1 9 
2 2 66 34 52 0 8 3 
2 0 27 65 45 2 3 4 
6 8 22 91 13 2 9 6 
1 4 10 85 55 4 6 7 
7 4 31 94 50 6 4 3 
6 7 40 60 55 7 4 5 
7 5 35 30 61 2 4 2 
1 6 4 45 34 0 4 0 
0 8 25 83 36 9 4 1 
6 7 33 25 21 7 5 0 
0 2 39 67 99 8 2 5 
4 7 37 55 80 9 8 9 
0 1 22 50 67 2 0 9 
3 7 35 59 42 9 7 5 
6 1 11 51 61 0 6 8 
4 8 36 50 79 0 4 2 
5 1 43 8 37 0 7 1 
7 1 52 55 56 8 4 4 
1 6 74 72 59 5 7 4 
6 7 30 47 38 8 1 7 
2 1 20 83 51 1 9 7 
2 0 24 31 58 7 1 0 
3 3 20 38 72 5 6 5 
3 9 28 62 79 0 9 4 
1 5 56 50 60 4 3 1 
1 9 46 80 48 1 5 4 
1 3 15 37 79 4 4 6 
9 6 0 33 80 1 4 2 
0 8 21 62 66 6 2 4 
0 4 40 26 54 4 6 6 
3 1 42 70 57 6 8 0 
4 0 40 60 30 4 6 7 
2 3 32 53 28 0 2 5 
6 8 34 56 37 3 8 1 
7 0 42 43 65 3 7 6 
5 5 7 57 27 2 6 1 
2 2 33 53 40 2 5 6 
5 7 9 15 63 7 9 8 
8 2 0 45 26 6 6 1 
2 3 40 34 100 7 7 4 
2 2 55 38 44 3 1 2 
3 8 25 51 59 4 9 9 
0 4 60 85 36 5 2 5 
6 6 0 31 46 5 1 5 
5 0 14 21 46 3 3 8 
4 2 0 70 73 0 0 6 
0 9 23 20 71 5 3 6 
2 1 37 50 75 1 1 6 
5 3 0 8 35 2 6 2 
9 8 44 72 21 2 2 9 
0 2 40 47 46 7 3 0 
9 7 35 16 63 0 9 7 
3 0 20 44 63 4 0 1 
2 0 8 37 63 1 2 6 
8 8 43 56 35 5 8 0 
4 8 23 45 47 8 1 9 
9 2 67 49 44 1 6 8 
3 8 24 18 60 3 0 4 
4 8 19 45 56 7 2 6 
3 1 29 39 41 4 4 9 
5 3 19 34 57 7 9 3 
2 2 18 79 80 1 2 0 
0 2 57 31 35 1 1 6 
0 7 3 73 84 6 3 5 
5 9 41 61 89 0 9 9 
9 5 11 66 34 7 8 5 
9 5 36 74 47 9 3 3 
9 4 0 42 91 5 4 1 
4 6 19 46 35 0 3 0 
5 5 44 41 33 1 0 2 
5 9 48 40 69 5 3 2 
4 4 33 29 45 6 6 7 
7 4 33 9 70 0 6 8 
9 1 38 30 40 9 1 5 
7 0 61 69 55 7 5 6 
9 8 27 73 56 2 3 9 
4 5 56 48 72 3 5 7 
5 2 35 52 50 3 6 2 
1 7 0 46 73 4 2 1 
0 4 24 30 37 5 5 9 
2 7 53 99 87 6 6 5 
8 7 17 40 45 5 4 1 
7 5 62 62 39 1 0 2 
5 8 47 41 16 4 1 7 
5 7 29 51 39 1 8 8 
7 7 28 41 51 1 0 3 
7 0 19 77 29 9 4 2 
0 6 39 9 64 8 0 6 
4 1 43 39 55 6 5 7 
8 3 8 38 75 2 1 2 
8 7 40 65 59 6 7 0 
2 6 34 66 51 9 4 2 
7 3 12 34 43 1 7 8 
8 3 46 16 49 9 2 7 
2 0 43 48 53 8 8 0 
9 4 34 29 47 6 6 7 
5 1 38 19 46 5 8 1 
0 7 0 35 68 3 3 8 
7 4 20 62 70 6 7 5 
3 6 25 71 59 3 9 1 
5 0 79 44 63 5 5 4 
6 0 28 51 50 9 4 8 
3 0 53 48 55 2 8 7 
2 9 35 49 90 8 4 2 
9 0 50 40 73 7 7 6 
6 8 24 55 49 0 4 4 
3 1 40 39 59 3 1 7 
7 2 10 58 52 2 8 9 
7 3 0 38 43 0 7 9 
0 5 16 67 40 3 7 1 
3 0 57 59 65 0 5 8 
4 3 47 41 69 9 9 2 
2 8 50 69 53 9 8 6 
8 9 2 65 37 0 3 5 
5 9 46 55 79 7 0 8 
9 5 45 55 22 4 0 1 
9 5 5 52 49 9 0 4 
3 2 48 86 29 6 7 2 
2 0 24 101 44 1 7 5 
7 5 5 24 73 7 7 7 
0 9 36 46 17 5 9 1 
2 8 17 57 73 4 4 6 
6 7 0 57 55 1 5 8 
4 9 4 68 50 2 3 4 
1 8 0 109 45 7 0 1 
2 5 33 89 66 3 3 4 
0 5 43 36 49 2 7 6 
9 8 32 29 39 6 9 1 
5 2 0 10 50 0 5 4 
9 8 43 38 76 1 5 8 
8 9 55 58 54 8 1 1 
9 5 69 58 67 9 8 5 
0 0 13 61 62 9 0 8 
8 8 31 7 46 6 8 3 
4 7 42 70 49 3 6 3 
5 6 31 3 22 3 8 6 
4 0 36 67 51 4 5 1 
9 5 32 26 43 9 1 1 
2 5 26 57 43 0 9 1 
7 8 0 75 54 0 9 5 
2 3 6 66 44 4 3 5 
1 6 16 53 55 0 6 3 
5 8 28 7 73 0 9 1 
6 9 0 77 10 5 8 7 
7 9 43 74 24 2 9 6 
0 3 1 72 64 7 8 2 
1 4 9 68 59 0 4 3 
4 2 0 0 19 2 7 3 
8 5 36 30 38 9 3 1 
8 0 36 32 53 9 7 9 
6 4 7 39 35 3 4 0 
2 4 42 47 49 9 8 9 
1 8 3 30 57 0 6 4 
4 1 23 52 35 9 0 3 
5 3 49 37 60 9 3 2 
5 9 26 98 48 3 4 6 
3 1 47 83 31 4 5 6 
1 1 30 51 104 0 8 1 
8 4 16 85 39 2 0 8 
4 2 57 32 40 8 4 4 
4 4 10 57 50 6 5 8 
5 7 52 69 44 5 4 1 
5 6 42 61 72 5 1 0 
4 4 43 66 83 1 4 4 
6 2 20 60 60 3 4 6 
7 1 22 70 46 0 5 8 
8 8 37 44 49 4 1 8 
0 4 18 31 16 5 7 4 
9 5 8 32 61 7 4 4 
7 4 0 58 61 5 7 2 
5 7 29 30 43 5 2 3 
5 4 12 71 48 6 5 4 
3 0 25 60 36 5 6 2 
2 3 49 35 2 2 3 7 
9 4 25 62 34 1 8 9 
8 6 27 18 69 3 3 9 
1 0 33 54 43 3 5 0 
9 1 26 57 68 9 7 0 
0 2 58 36 54 0 7 8 
6 0 86 57 37 2 3 9 
3 3 47 58 48 6 8 5 
