8 4150
1 5 11 57 40 4 0 4 
4 0 14 55 65 1 2 5 
1 3 28 41 57 0 8 5 
7 7 47 91 52 2 1 3 
6 8 24 55 67 4 6 7 
9 9 36 77 46 7 9 9 
0 0 93 20 53 0 3 1 
1 5 16 21 66 0 6 7 
8 9 22 43 37 8 4 2 
4 5 28 44 22 4 5 3 
9 0 5 76 81 2 5 3 
9 0 44 83 50 9 9 1 
7 8 20 77 12 5 3 0 
1 4 18 68 54 6 8 2 
3 1 25 20 26 0 7 6 
8 0 26 64 59 6 0 2 
3 2 7 54 45 6 0 1 
9 1 0 63 4 2 1 3 
3 5 62 25 12 3 9 4 
7 1 34 52 56 0 0 7 
4 6 34 70 82 0 5 2 
6 2 39 42 51 1 6 4 
4 8 22 46 35 2 0 7 
5 2 27 50 58 7 5 7 
6 9 15 83 0 7 8 1 
4 9 21 57 60 2 7 3 
3 3 19 58 33 4 2 7 
9 1 27 48 33 1 6 4 
2 3 0 27 32 6 7 2 
2 6 0 59 32 0 8 1 
6 1 12 58 21 1 2 4 
2 2 29 29 37 8 7 7 
5 8 42 52 55 8 3 8 
3 6 32 94 53 7 5 2 
6 3 24 72 62 6 4 8 
3 7 1 33 58 0 0 1 
6 7 0 56 55 7 6 9 
0 0 19 32 31 5 7 4 
9 1 21 72 64 4 3 6 
7 0 28 9 73 6 9 8 
8 6 41 62 64 4 3 7 
2 6 1 39 37 2 6 7 
2 7 37 44 101 7 1 9 
1 5 37 32 59 4 5 2 
4 3 64 63 39 6 3 6 
2 8 32 24 47 4 7 2 
6 3 58 49 38 5 4 8 
2 4 45 61 61 8 1 7 
1 4 3 55 33 7 3 6 
9 6 38 54 53 9 3 7 
4 4 46 63 52 9 4 6 
5 4 42 63 36 3 9 6 
5 6 33 69 66 1 2 0 
0 2 16 49 85 9 8 1 
1 2 22 54 33 4 3 7 
7 2 35 31 51 2 9 8 
0 1 26 49 79 9 8 5 
0 9 35 54 73 2 2 9 
8 1 32 13 39 6 0 5 
3 4 12 60 41 4 2 6 
7 9 13 41 54 5 6 5 
1 6 69 55 42 6 6 9 
3 3 29 93 23 8 6 7 
8 6 37 56 69 2 8 6 
8 4 38 56 33 1 2 6 
6 0 38 77 46 3 8 5 
3 4 65 73 36 9 4 2 
2 1 20 39 82 3 4 6 
7 1 20 60 27 8 9 3 
4 3 12 49 59 1 2 2 
6 4 20 40 54 9 0 5 
0 7 2 59 29 9 2 1 
3 3 19 47 72 1 7 0 
0 1 36 50 10 6 4 2 
4 6 7 47 52 1 5 0 
7 0 13 48 37 9 0 8 
8 8 6 78 54 1 0 3 
6 6 10 49 60 7 2 2 
3 2 50 83 50 0 0 0 
2 5 44 62 47 1 3 7 
6 1 24 41 63 4 4 1 
9 5 19 46 31 9 3 0 
0 3 26 72 59 7 6 2 
1 0 23 51 68 0 2 3 
8 0 38 49 66 8 9 2 
6 0 0 18 27 9 4 9 
1 6 57 78 31 0 9 6 
3 6 59 53 2 2 4 9 
6 0 0 55 60 1 9 2 
2 8 24 52 77 1 2 6 
5 7 22 55 88 7 3 9 
2 8 49 71 73 6 8 0 
6 1 11 72 47 6 6 4 
0 4 28 51 6 9 0 5 
3 0 1 56 70 7 2 4 
1 3 27 40 61 0 9 6 
3 3 65 51 33 1 8 1 
5 8 51 65 39 5 5 8 
3 4 24 51 50 0 4 3 
7 1 33 47 44 4 4 3 
4 4 8 26 66 8 7 5 
7 5 48 65 35 3 6 9 
0 2 34 34 45 4 4 0 
1 7 24 58 11 7 4 9 
0 8 42 74 60 2 7 7 
5 7 3 36 29 2 9 2 
1 6 48 57 60 3 6 7 
3 3 21 55 53 2 2 7 
6 5 33 72 37 9 6 6 
4 0 19 69 50 6 9 5 
8 4 28 57 44 8 1 6 
2 7 10 52 81 6 5 2 
5 3 0 32 50 9 3 6 
3 0 46 39 74 6 0 0 
2 2 34 105 25 5 3 6 
8 5 38 41 0 1 1 7 
6 6 28 37 55 9 0 2 
4 7 45 9 27 5 8 6 
1 7 31 20 69 7 8 6 
8 3 46 33 71 0 2 5 
4 7 48 62 9 6 6 4 
9 3 57 58 27 4 8 3 
6 9 32 39 94 3 6 3 
0 5 14 79 61 0 4 2 
5 5 19 41 42 2 5 3 
8 4 23 30 49 8 8 8 
0 7 39 42 65 0 7 8 
9 9 0 37 44 7 0 1 
1 0 27 67 17 6 5 4 
3 6 38 47 40 7 6 4 
1 1 17 18 48 8 6 7 
0 0 25 35 35 5 3 5 
1 9 2 48 63 7 1 8 
7 7 24 29 36 1 3 5 
6 6 17 64 54 8 5 8 
2 1 27 54 26 1 3 4 
4 9 30 63 33 5 6 3 
9 9 49 49 88 0 0 0 
4 2 45 51 60 4 6 1 
4 8 27 45 60 6 0 3 
5 3 0 31 58 0 7 3 
6 3 44 42 30 6 5 2 
8 7 58 15 5 7 9 2 
7 3 0 52 50 3 2 3 
9 8 26 52 41 6 4 9 
1 4 33 61 79 1 8 6 
1 6 42 81 26 4 5 0 
0 1 53 50 55 6 9 7 
5 0 27 72 60 3 5 0 
4 9 37 31 56 0 3 1 
8 1 17 64 28 9 8 0 
4 2 7 57 64 5 5 2 
5 1 63 69 69 9 0 3 
7 0 41 36 75 4 4 7 
1 6 0 40 95 5 2 8 
6 6 33 53 44 3 2 3 
8 2 30 63 44 6 4 2 
1 6 46 61 27 4 2 4 
1 6 25 38 44 4 7 6 
3 0 57 35 42 2 1 9 
7 1 35 45 60 5 1 8 
3 1 32 91 55 2 2 6 
2 7 36 74 27 1 4 3 
9 8 43 27 47 4 2 3 
4 7 58 46 72 4 6 5 
3 8 6 58 54 1 7 1 
2 2 41 62 80 3 5 5 
9 2 73 31 61 4 5 7 
1 8 35 31 68 1 1 7 
0 9 27 49 68 2 2 9 
9 6 32 42 70 8 7 6 
1 5 14 86 56 7 2 8 
3 9 43 45 85 9 5 6 
4 6 26 20 40 5 4 0 
1 9 7 96 54 5 9 8 
7 7 46 56 6 3 2 6 
0 0 23 50 66 9 7 7 
4 0 30 54 47 2 4 6 
3 0 46 53 25 9 5 0 
5 7 39 39 52 3 5 3 
4 8 0 22 54 3 4 5 
3 4 52 64 30 0 5 8 
7 7 41 43 0 6 6 6 
6 3 1 12 63 5 0 0 
4 2 51 26 44 2 2 1 
0 7 33 37 25 6 9 4 
1 5 29 43 65 6 1 2 
4 9 23 47 46 9 2 6 
7 0 47 64 30 2 0 8 
7 2 14 54 83 2 6 6 
3 0 10 60 70 7 9 5 
9 8 5 71 29 7 5 6 
4 3 15 44 50 1 1 9 
3 8 19 57 12 8 9 7 
6 4 57 92 41 2 6 0 
3 7 39 56 60 5 2 9 
6 9 22 60 11 5 1 7 
5 4 48 29 56 4 2 5 
5 5 43 72 7 8 4 9 
9 0 20 37 85 6 9 3 
6 3 38 78 64 8 4 0 
0 1 43 34 29 3 5 0 
4 2 37 56 43 1 2 8 
8 2 30 61 70 6 7 9 
5 1 0 34 42 7 0 0 
6 2 4 24 20 2 8 3 
6 8 11 31 20 0 2 0 
2 9 15 83 63 7 3 3 
2 6 25 45 76 2 0 5 
0 2 57 69 17 9 4 5 
5 2 49 8 70 6 0 3 
8 0 17 56 48 2 4 6 
2 2 38 32 47 2 4 0 
6 2 31 52 52 8 3 1 
8 2 41 37 69 7 7 2 
7 6 70 50 36 8 6 1 
3 9 44 41 2 2 3 2 
4 9 13 59 40 5 6 0 
8 4 17 65 35 0 1 8 
4 2 23 27 53 7 2 7 
8 1 0 73 44 5 0 8 
4 8 9 59 34 3 1 1 
7 4 35 57 21 4 7 3 
9 2 3 27 54 4 3 5 
8 1 25 76 39 9 3 0 
8 7 24 61 48 5 5 1 
2 2 43 53 25 0 0 3 
8 6 1 72 51 0 6 7 
3 8 8 27 45 8 8 4 
1 4 18 55 67 4 6 9 
0 4 0 33 48 3 2 2 
0 4 60 67 69 0 6 7 
2 7 41 24 23 9 1 6 
5 6 6 51 35 7 9 0 
7 5 63 32 60 2 1 7 
4 1 52 53 66 1 8 1 
3 9 53 24 34 3 3 7 
4 9 20 71 23 5 4 6 
3 1 66 44 52 1 0 7 
1 6 13 18 43 3 8 5 
9 2 71 62 31 6 7 3 
7 3 13 53 60 6 3 5 
9 9 33 68 31 9 7 5 
8 5 0 56 35 3 7 9 
8 7 27 22 30 4 5 4 
9 9 11 66 48 3 8 0 
7 3 23 60 10 0 9 2 
4 1 20 26 10 3 8 8 
6 1 24 46 59 3 0 9 
8 3 54 50 80 7 9 0 
1 2 39 41 88 6 1 8 
8 7 18 51 63 7 8 5 
9 8 36 61 53 6 5 3 
7 1 18 38 46 8 1 5 
5 3 57 30 49 4 4 8 
6 2 40 42 28 2 1 5 
8 7 13 53 42 0 9 0 
5 1 27 26 67 9 7 1 
8 9 39 46 25 2 5 1 
9 4 7 74 33 5 9 6 
2 2 21 17 59 6 8 1 
2 4 55 37 37 5 8 8 
5 9 43 62 31 7 4 8 
9 3 35 57 76 0 9 0 
0 1 59 59 44 4 9 4 
4 4 34 44 37 0 9 6 
2 9 36 24 64 6 7 2 
1 1 34 33 68 6 5 0 
1 6 45 10 39 0 3 3 
3 4 37 94 62 1 3 5 
9 0 14 58 46 8 6 6 
8 9 28 57 56 5 5 5 
5 5 0 37 59 2 3 6 
7 5 0 64 57 0 6 7 
5 2 12 57 40 0 9 7 
6 8 43 38 50 6 0 6 
5 4 82 44 60 5 4 1 
9 7 26 13 55 0 4 8 
4 9 7 66 79 5 7 2 
5 9 26 57 21 5 0 7 
3 0 38 40 56 1 6 6 
8 4 7 75 66 5 6 0 
6 2 47 49 40 1 8 2 
3 3 0 41 67 7 3 4 
8 0 26 21 36 7 4 4 
3 2 21 78 49 4 2 6 
4 2 32 62 15 2 6 4 
2 8 37 24 57 2 7 7 
6 5 0 50 52 4 7 9 
4 2 41 82 28 0 6 5 
4 5 56 39 72 5 4 3 
6 2 26 48 31 6 5 4 
8 3 28 35 21 8 4 9 
7 4 30 9 53 9 4 3 
4 0 9 42 50 7 0 5 
2 4 19 64 42 6 7 2 
4 1 18 42 53 0 4 0 
4 8 25 27 50 0 8 3 
3 7 56 99 28 9 7 5 
0 5 13 38 62 4 4 9 
6 8 0 45 42 6 7 7 
4 3 42 53 60 7 3 1 
7 4 10 67 64 2 5 8 
7 8 49 42 51 6 0 9 
5 3 57 42 32 8 1 9 
3 4 4 44 48 4 2 8 
2 8 14 32 53 3 6 2 
2 0 36 45 69 6 6 4 
1 4 38 46 26 2 5 9 
2 6 32 74 60 1 8 9 
9 0 9 16 31 9 9 2 
0 1 22 64 23 6 5 7 
9 6 9 30 72 5 4 8 
9 3 49 47 40 8 0 7 
6 2 60 83 71 7 2 1 
8 9 19 49 55 4 0 6 
2 1 31 39 109 5 9 7 
8 6 30 42 34 1 4 9 
7 0 0 52 38 8 7 0 
2 2 49 82 50 3 4 5 
2 1 12 25 39 9 4 3 
3 6 28 44 60 7 4 3 
9 1 16 8 29 2 0 1 
3 9 10 79 42 6 9 5 
6 7 36 74 75 4 7 9 
1 4 0 62 50 0 1 9 
7 6 50 44 61 9 1 8 
2 0 16 26 55 9 1 0 
5 6 25 44 28 2 7 4 
2 7 8 77 79 3 0 2 
9 4 56 70 2 0 1 7 
4 1 58 66 34 2 5 0 
5 8 46 26 61 5 2 4 
7 8 12 44 56 4 8 7 
5 1 6 11 39 0 7 7 
8 2 0 23 49 2 5 5 
9 5 8 47 78 8 2 4 
0 8 38 25 80 5 9 1 
3 0 27 33 61 9 1 4 
8 5 68 28 72 7 1 6 
1 5 41 41 74 8 5 9 
0 4 31 30 44 6 6 7 
4 2 0 0 49 5 0 6 
7 4 5 46 56 6 1 5 
3 5 21 26 76 9 8 8 
8 7 2 29 34 7 5 5 
7 8 0 46 50 2 8 0 
0 2 43 28 58 1 7 6 
2 2 13 46 40 4 1 3 
3 0 24 2 87 4 8 8 
9 8 33 18 67 7 5 7 
3 8 29 78 29 8 1 3 
7 4 45 78 44 4 1 1 
2 1 18 59 37 2 8 0 
8 2 68 63 72 7 3 8 
3 7 13 86 66 1 3 6 
4 6 64 35 56 2 3 9 
2 5 53 46 72 1 7 9 
4 2 23 50 79 0 5 9 
7 3 24 78 28 8 9 2 
5 9 18 47 21 0 2 0 
5 7 48 30 96 2 7 7 
7 1 27 80 66 4 0 8 
4 4 3 54 53 3 9 8 
7 9 73 55 30 3 6 1 
0 8 47 64 61 1 5 4 
5 4 14 69 51 5 2 3 
4 6 35 53 49 9 0 8 
3 2 61 48 57 9 9 6 
2 2 50 41 39 8 0 4 
5 0 4 46 60 7 5 1 
4 2 64 42 78 1 1 2 
2 8 6 49 42 5 0 2 
8 0 25 17 95 2 5 6 
9 7 39 36 44 2 8 0 
1 0 43 13 55 2 2 7 
2 5 46 23 52 6 6 7 
9 2 43 49 42 1 8 4 
6 8 13 35 40 6 5 6 
8 1 54 44 52 2 8 9 
9 4 19 49 67 6 9 9 
7 8 73 58 69 1 4 7 
0 6 33 27 43 4 4 3 
0 5 65 42 92 8 1 6 
8 0 20 74 64 6 8 3 
5 1 0 52 55 5 3 9 
6 7 45 20 53 8 6 3 
6 2 35 18 23 3 2 2 
2 3 25 40 42 1 0 0 
8 7 9 65 127 4 8 6 
5 2 42 51 56 6 5 0 
3 7 8 58 57 0 1 5 
3 9 26 5 26 3 6 4 
3 5 31 55 46 5 8 5 
2 1 39 28 12 8 7 8 
7 1 6 29 0 6 8 2 
2 2 43 32 59 4 1 2 
5 5 27 72 70 9 1 4 
9 9 9 37 11 1 2 3 
9 7 15 15 27 7 0 5 
9 3 21 10 58 1 2 6 
8 7 15 31 61 0 0 1 
7 7 46 9 73 5 5 0 
2 2 19 71 69 0 2 2 
7 7 35 72 58 6 8 4 
5 2 5 65 26 1 4 1 
7 0 39 43 3 9 3 9 
6 2 32 66 35 4 6 8 
8 0 24 73 25 7 5 2 
3 6 25 22 34 6 8 9 
9 3 41 68 38 0 9 0 
7 8 45 39 55 9 5 3 
9 8 19 54 0 4 4 0 
7 5 60 54 57 5 8 9 
4 0 30 34 42 9 2 5 
0 7 24 41 45 5 5 1 
6 9 31 90 72 0 2 9 
2 0 65 66 66 6 3 2 
5 6 17 91 46 8 8 5 
3 7 48 49 59 4 3 5 
9 1 46 65 106 3 9 0 
4 1 21 18 68 0 0 1 
3 6 51 29 39 1 3 3 
7 9 1 63 53 0 9 9 
0 7 23 68 40 2 5 1 
1 3 7 31 72 3 7 4 
3 4 42 10 37 5 1 0 
1 4 41 49 51 2 2 5 
1 6 55 45 42 5 2 5 
9 4 20 47 12 8 1 7 
6 9 39 25 40 1 5 6 
8 8 23 44 60 2 7 1 
4 8 13 72 40 7 9 9 
3 3 26 44 94 7 6 3 
4 4 33 66 37 8 6 6 
1 8 31 50 31 5 6 0 
2 6 48 30 64 7 2 6 
5 3 4 30 39 0 6 2 
2 8 55 37 45 9 3 0 
7 9 5 44 44 3 1 8 
8 7 3 51 50 5 0 1 
7 2 21 27 46 6 7 8 
6 9 63 81 49 5 0 5 
2 8 41 46 55 5 5 6 
0 5 12 56 65 2 1 6 
7 5 6 68 73 0 7 6 
3 8 19 32 54 5 3 1 
4 4 0 63 32 6 9 6 
5 4 21 29 57 9 1 9 
5 5 21 65 73 3 9 5 
2 6 73 50 21 8 6 7 
5 2 24 91 27 4 4 8 
9 2 6 62 50 2 2 6 
6 7 0 44 41 2 6 0 
9 2 43 52 63 7 7 8 
1 0 28 89 67 9 2 1 
3 8 45 62 19 8 1 6 
1 9 37 63 67 4 4 4 
4 4 7 57 73 7 4 4 
3 9 17 59 34 6 0 1 
1 2 43 50 12 1 6 8 
4 1 18 29 34 8 1 2 
0 1 43 77 45 9 1 5 
1 0 16 43 69 1 7 8 
0 4 35 14 62 8 5 3 
2 4 10 36 45 3 6 9 
7 5 11 68 42 4 3 5 
9 2 38 68 15 6 0 9 
4 6 13 51 30 7 4 4 
1 2 40 51 67 0 3 8 
7 0 43 58 76 4 0 0 
6 4 21 56 50 8 7 8 
7 0 45 66 79 9 3 4 
1 5 19 52 37 9 7 5 
9 9 53 63 87 0 8 3 
7 6 52 64 83 7 2 3 
0 5 13 57 58 3 4 1 
4 3 39 107 44 1 5 0 
0 0 55 47 31 2 1 1 
9 4 46 31 102 5 6 6 
8 1 29 30 52 3 3 7 
6 5 33 35 28 1 7 3 
0 3 34 48 73 1 1 5 
2 0 51 17 45 8 6 5 
3 7 0 52 56 3 3 1 
0 1 38 40 40 0 0 0 
9 5 16 80 38 3 9 5 
0 4 28 51 62 1 4 3 
6 8 53 30 30 8 4 0 
4 7 31 78 47 3 7 2 
6 7 2 73 72 7 7 8 
8 3 26 47 53 4 3 7 
8 2 21 45 13 0 9 0 
1 4 22 31 23 8 0 5 
8 5 7 104 26 8 5 4 
4 7 11 50 33 5 7 5 
0 6 22 48 91 7 3 3 
2 8 20 58 54 0 3 3 
4 9 41 60 60 2 9 7 
8 3 42 72 51 9 5 4 
4 7 5 90 44 3 2 4 
5 6 38 20 60 1 8 1 
6 8 48 35 33 2 7 9 
3 4 43 56 39 5 5 2 
1 1 46 63 5 9 0 7 
8 7 29 32 81 5 4 8 
1 4 51 48 41 7 5 5 
2 2 18 75 51 0 8 7 
0 2 8 39 47 1 9 4 
6 1 62 85 54 2 4 5 
7 0 62 47 37 7 7 8 
1 5 34 46 61 1 6 9 
6 9 33 57 59 3 2 9 
5 2 24 45 52 6 8 5 
8 8 55 60 25 1 0 9 
5 2 20 42 80 9 3 8 
6 9 8 28 86 8 8 3 
6 8 55 58 84 3 5 7 
9 2 37 27 68 3 4 1 
1 4 43 57 34 2 8 0 
6 6 53 34 68 3 5 3 
1 9 30 42 61 1 0 5 
9 4 40 54 59 5 8 2 
7 8 45 20 14 0 0 8 
5 8 30 41 68 5 9 8 
5 9 43 57 49 6 1 1 
3 9 55 55 66 2 1 8 
9 1 57 33 40 1 2 8 
7 9 44 51 36 9 7 2 
4 2 29 71 64 4 3 4 
6 7 0 35 54 1 8 1 
4 6 15 34 2 8 7 0 
9 2 27 63 86 6 1 7 
5 0 3 76 77 6 9 8 
5 0 54 71 33 6 4 2 
2 7 24 67 67 7 6 7 
0 0 4 78 28 8 5 6 
1 9 67 77 22 5 1 1 
2 8 52 70 81 3 6 5 
5 5 5 53 56 0 9 7 
8 4 8 38 58 2 9 8 
9 2 37 63 21 2 4 9 
9 6 18 34 43 1 4 4 
8 5 58 31 22 6 8 9 
7 5 12 65 36 9 1 5 
6 9 14 44 23 1 4 5 
8 9 13 61 54 4 6 4 
9 5 54 41 28 3 2 8 
1 9 30 55 29 3 0 2 
9 9 28 51 78 3 8 9 
7 5 0 53 81 7 5 4 
8 9 22 45 10 6 5 1 
0 6 0 56 58 3 8 5 
1 8 80 78 73 3 7 1 
6 0 14 83 16 9 5 1 
3 2 45 79 55 4 0 8 
1 7 3 58 69 8 3 6 
7 8 59 67 31 3 0 3 
8 5 44 34 49 7 3 8 
1 1 71 58 22 5 0 8 
1 3 21 48 63 0 8 2 
1 8 21 13 46 4 8 1 
5 3 25 15 77 9 0 2 
1 6 18 49 32 2 9 3 
6 6 1 15 51 9 5 8 
3 2 12 30 76 7 3 2 
4 1 7 58 24 9 9 1 
2 0 15 86 22 3 7 2 
5 8 55 69 52 0 3 5 
5 7 78 68 56 8 7 8 
5 3 3 2 63 7 4 5 
3 9 4 78 32 2 6 4 
2 0 16 92 52 4 1 4 
4 8 7 0 53 0 5 1 
0 3 26 46 73 7 1 9 
3 5 11 66 53 3 9 5 
7 4 13 46 38 0 5 7 
2 4 15 68 83 0 4 4 
0 4 70 42 81 8 2 8 
4 0 26 39 81 7 2 3 
0 2 52 67 69 9 0 0 
5 0 71 62 38 5 6 3 
3 8 11 51 64 0 0 8 
9 7 49 30 73 1 6 8 
4 8 1 50 13 6 1 5 
7 3 41 42 35 1 5 3 
0 9 4 48 5 0 4 6 
0 0 33 20 54 1 8 3 
1 2 7 29 68 6 3 7 
8 1 47 21 58 3 9 6 
2 8 51 36 33 3 6 4 
5 3 2 60 31 8 7 1 
4 5 40 0 65 0 5 7 
8 9 5 77 32 3 1 2 
4 3 25 28 52 9 9 5 
7 5 24 54 48 6 8 2 
7 7 20 70 46 1 8 8 
5 0 27 77 65 0 2 4 
0 4 30 53 31 7 4 8 
0 9 67 38 23 6 0 7 
9 1 3 59 60 9 1 8 
4 8 34 36 83 9 0 1 
7 0 44 73 37 1 9 6 
5 9 59 20 41 4 0 8 
6 8 38 83 30 6 0 0 
7 9 32 57 39 8 8 0 
1 7 22 38 53 5 2 8 
1 8 16 55 65 3 7 8 
0 1 28 60 46 4 2 9 
6 7 39 82 39 2 0 3 
7 5 16 34 30 2 2 7 
7 1 21 28 35 4 4 5 
7 0 54 64 22 6 8 6 
9 5 33 20 43 9 2 3 
9 2 2 47 41 5 8 1 
6 4 34 46 56 1 9 3 
7 8 25 27 27 9 4 0 
5 7 34 58 22 4 9 1 
3 8 23 26 69 2 7 9 
3 5 23 46 47 7 0 9 
4 3 16 63 78 6 6 4 
1 9 54 55 54 2 6 4 
4 0 33 76 18 3 9 1 
2 7 33 37 62 5 3 5 
1 1 50 45 49 2 3 6 
9 9 8 9 48 9 5 1 
5 5 28 77 73 5 7 3 
7 1 25 0 35 7 2 8 
6 8 20 54 44 3 6 0 
1 8 21 28 83 2 5 0 
4 9 16 57 77 9 4 5 
7 3 71 33 22 3 7 6 
8 8 17 50 50 6 2 4 
4 4 9 55 48 2 3 7 
7 0 47 59 88 7 0 3 
3 6 30 35 22 0 3 0 
8 8 26 59 33 7 0 8 
7 2 1 54 19 3 9 6 
6 6 1 52 59 6 4 4 
6 5 24 46 55 0 7 0 
6 2 36 63 29 1 8 6 
9 6 12 43 20 0 0 0 
6 6 49 40 32 1 5 1 
2 4 14 99 30 9 5 1 
0 0 56 65 58 0 0 6 
8 7 39 30 43 3 5 4 
2 9 14 58 48 2 6 1 
9 9 11 50 63 7 0 2 
1 2 15 65 35 7 9 1 
7 0 66 54 41 3 9 2 
4 0 11 34 45 2 2 8 
2 9 15 58 53 8 4 8 
2 7 26 41 34 5 2 1 
8 5 26 61 72 0 3 1 
5 7 40 57 42 5 3 1 
6 6 21 56 81 1 0 0 
4 7 0 60 64 2 0 2 
7 7 85 38 52 3 8 8 
0 8 1 57 44 5 9 2 
6 5 22 26 70 1 0 1 
7 1 64 0 41 2 3 2 
0 3 38 45 63 6 7 1 
2 5 51 41 53 8 2 3 
1 5 17 14 42 5 7 0 
1 2 56 80 55 3 4 5 
0 7 34 20 48 7 1 7 
0 0 80 25 71 5 5 0 
6 8 28 74 53 8 9 3 
8 0 38 50 63 4 7 4 
8 5 26 47 81 1 1 0 
6 6 1 38 40 7 6 2 
4 7 16 57 37 9 4 8 
5 0 51 61 82 4 9 3 
3 9 47 24 50 9 8 7 
1 4 38 72 52 2 0 5 
2 8 19 50 21 1 5 5 
9 1 29 35 86 6 4 4 
2 5 17 53 53 5 2 3 
2 7 45 32 84 3 9 6 
8 6 48 34 12 8 4 9 
6 4 1 32 0 2 6 5 
8 3 48 56 58 0 1 4 
1 8 16 36 34 3 1 7 
2 5 30 86 55 4 1 5 
8 7 0 47 72 0 3 3 
8 6 26 61 83 7 4 8 
7 2 16 55 31 9 0 3 
2 0 16 81 22 4 0 5 
3 2 55 56 48 5 8 4 
1 6 37 53 54 6 1 9 
6 3 24 76 74 9 5 6 
7 6 38 70 57 3 1 2 
0 1 37 30 32 0 1 1 
5 0 11 51 31 2 6 6 
3 1 0 34 53 6 4 8 
1 5 36 34 19 7 3 0 
7 8 11 60 60 9 0 7 
5 7 43 52 70 9 6 9 
3 1 50 45 59 1 7 1 
9 3 1 55 44 7 7 7 
4 6 31 52 69 5 4 3 
6 5 29 53 52 5 6 1 
3 4 49 26 65 2 7 8 
9 6 42 0 66 3 4 5 
4 7 52 59 54 3 1 3 
5 0 33 28 48 9 7 1 
8 0 55 33 60 5 2 1 
2 2 25 23 71 2 8 5 
4 2 21 71 78 1 7 4 
2 6 52 35 96 1 2 2 
6 0 19 22 46 5 8 4 
7 5 19 68 52 5 9 6 
6 9 55 70 35 5 4 5 
8 0 51 30 66 3 2 3 
9 3 8 58 32 0 8 0 
7 1 82 48 14 2 0 5 
8 7 14 26 59 4 0 5 
1 3 0 54 42 9 5 5 
2 5 52 46 53 8 6 6 
8 3 30 58 34 9 2 1 
5 0 52 20 51 1 0 8 
5 7 53 50 47 2 4 5 
7 2 7 6 32 7 8 2 
7 1 54 48 78 1 7 5 
4 6 39 33 75 7 6 5 
3 8 7 34 33 0 3 9 
9 1 40 54 42 1 5 5 
5 8 0 5 44 7 9 7 
7 8 55 44 56 0 6 9 
0 5 19 43 46 6 8 5 
7 8 53 16 94 6 2 2 
4 2 19 35 18 6 3 5 
4 0 30 31 31 5 2 9 
5 4 2 56 21 4 7 6 
4 0 39 44 46 1 7 7 
8 5 21 35 87 8 9 1 
0 3 0 55 40 3 8 9 
0 7 24 26 18 4 4 0 
8 5 29 17 53 3 6 0 
9 4 48 49 93 8 1 5 
2 6 40 50 28 6 4 8 
3 7 20 88 39 5 4 4 
1 5 44 68 58 1 9 4 
7 0 39 44 26 8 4 2 
1 7 21 60 42 8 1 3 
7 3 0 71 57 6 1 0 
8 1 20 74 56 3 3 1 
6 3 47 36 7 6 2 1 
0 6 46 49 93 4 0 0 
1 7 63 15 39 8 0 0 
6 6 15 41 39 9 8 9 
2 5 36 48 50 8 7 3 
2 6 42 31 65 6 0 3 
9 2 16 28 75 5 7 8 
6 4 3 5 45 9 8 8 
6 1 12 58 50 6 4 3 
9 7 48 65 40 0 8 7 
5 5 5 7 75 4 2 8 
9 0 30 42 61 7 4 5 
9 0 18 28 30 1 4 2 
0 5 59 51 37 0 4 9 
5 6 11 14 33 3 7 2 
6 2 0 15 35 3 7 3 
1 2 62 74 27 3 4 9 
1 5 7 48 68 5 6 3 
5 7 0 25 40 6 6 5 
3 6 33 12 35 1 5 4 
2 3 12 23 74 6 7 0 
3 7 37 43 67 7 4 9 
9 9 17 49 23 4 6 2 
5 7 33 34 70 8 2 0 
0 4 19 34 33 3 0 5 
9 4 44 61 25 9 2 1 
2 7 35 39 52 7 7 4 
8 2 21 28 58 7 4 8 
5 5 51 29 61 8 0 2 
3 4 24 41 40 4 9 7 
7 5 7 35 27 2 7 5 
5 6 33 43 62 6 3 8 
8 3 25 77 26 3 8 3 
2 1 40 27 36 0 2 5 
2 2 39 58 31 5 7 4 
0 4 36 63 48 0 3 5 
1 5 29 72 57 1 7 8 
9 1 66 63 44 3 8 5 
3 9 30 45 16 2 2 3 
3 0 59 57 71 9 4 4 
0 4 0 85 63 4 8 5 
1 4 32 60 81 1 8 4 
1 0 30 44 55 9 2 0 
6 3 17 42 31 2 5 8 
2 2 3 52 43 7 0 1 
8 0 0 23 39 3 8 1 
9 4 23 64 63 4 4 1 
3 5 32 50 64 8 4 9 
2 5 23 90 60 4 7 5 
0 5 21 48 94 0 4 5 
3 7 52 67 45 5 3 3 
7 1 22 32 53 1 4 5 
6 4 39 30 24 6 3 7 
0 3 16 22 45 5 3 3 
1 3 32 42 38 1 2 4 
9 5 10 74 42 2 7 3 
5 0 36 89 63 9 6 1 
0 6 56 56 48 2 0 6 
6 0 48 49 47 9 2 4 
6 8 40 24 57 1 3 3 
9 5 65 16 32 3 9 8 
6 8 18 83 58 1 8 1 
2 7 74 73 29 0 2 7 
0 1 27 51 57 1 6 3 
1 7 45 15 17 8 4 8 
4 5 42 31 30 0 1 0 
7 5 35 27 20 6 4 7 
1 2 11 37 45 5 2 9 
3 1 60 42 27 9 0 3 
4 0 43 37 51 0 8 9 
1 1 0 69 53 3 9 8 
5 5 2 71 61 1 7 3 
3 8 44 72 70 0 5 5 
7 9 0 37 33 9 0 5 
2 5 3 24 60 5 3 1 
1 8 43 24 51 4 9 1 
4 8 26 0 43 5 7 5 
0 9 32 51 65 7 1 7 
2 7 24 15 18 3 4 9 
3 1 17 21 50 1 3 8 
7 8 26 73 44 3 0 1 
7 8 94 50 64 2 2 8 
0 4 31 54 78 3 5 8 
2 8 13 63 38 7 9 5 
9 0 26 51 31 1 3 3 
1 3 66 89 45 0 6 9 
8 6 12 75 64 9 0 2 
3 2 27 72 60 3 6 0 
0 4 33 35 39 9 3 0 
2 3 56 66 47 2 6 8 
1 8 28 82 46 9 0 2 
1 9 29 42 67 3 2 9 
5 2 29 13 16 6 6 7 
7 9 0 81 52 4 7 9 
1 6 21 66 39 7 7 9 
3 7 41 42 28 9 8 2 
5 7 44 46 52 2 3 5 
5 1 32 45 49 7 6 5 
4 0 58 55 55 6 0 9 
7 6 14 73 43 0 9 7 
3 7 18 51 35 0 0 5 
3 1 33 58 51 6 6 1 
7 6 24 29 61 4 3 8 
8 9 46 52 5 1 1 6 
1 0 11 59 57 8 7 1 
0 9 58 57 49 3 7 8 
8 3 32 19 31 8 6 5 
5 4 2 72 55 6 9 0 
5 3 61 60 67 3 3 9 
8 8 24 26 45 0 0 7 
6 3 16 54 25 1 4 8 
1 3 55 60 56 9 3 0 
3 3 0 64 75 0 1 7 
2 2 68 33 72 2 0 5 
6 2 10 44 64 7 7 4 
9 1 23 32 56 9 5 3 
1 7 32 38 53 5 3 7 
0 0 44 62 18 8 6 0 
4 6 0 45 33 5 1 2 
7 3 65 28 80 1 4 3 
5 0 11 51 55 9 1 1 
2 8 48 43 36 9 4 0 
2 2 62 70 41 9 1 2 
5 4 0 36 37 2 5 1 
7 8 5 61 51 7 1 1 
4 9 16 74 74 0 7 0 
2 0 14 82 79 7 3 2 
8 9 8 6 50 7 8 8 
1 8 42 27 32 3 6 1 
3 8 35 40 21 3 6 3 
8 7 23 62 49 1 5 5 
9 8 3 23 33 7 4 8 
8 2 56 40 55 3 8 9 
6 4 0 37 18 4 3 5 
5 4 37 30 82 7 7 4 
8 9 26 28 49 0 4 2 
2 4 45 46 50 7 4 3 
2 0 28 66 77 9 6 4 
3 6 3 64 74 0 1 1 
4 0 26 22 44 5 6 4 
7 7 35 80 56 6 2 7 
4 2 33 17 68 5 5 7 
4 7 14 65 60 9 8 5 
5 3 0 72 60 1 3 6 
1 6 42 32 58 6 7 4 
2 6 43 37 66 2 5 9 
6 1 14 61 58 9 3 3 
6 6 20 58 20 5 3 7 
9 6 10 1 65 9 6 5 
1 3 16 47 53 3 5 7 
7 3 0 38 49 7 3 6 
4 9 27 17 65 4 6 1 
5 8 11 56 72 2 9 1 
6 4 3 50 37 2 6 5 
8 5 35 42 40 8 2 0 
0 1 6 47 62 4 2 9 
2 2 43 40 47 6 4 8 
8 2 51 84 43 7 0 4 
9 0 35 76 31 1 3 3 
4 8 15 41 56 5 8 3 
4 8 27 88 20 8 5 4 
9 1 0 27 57 5 3 3 
2 7 31 68 87 5 1 4 
8 2 39 36 67 0 3 5 
3 9 50 59 31 5 7 8 
7 2 37 60 31 8 8 2 
8 9 14 101 67 7 2 4 
5 2 2 76 12 2 1 7 
8 3 3 57 66 8 5 9 
2 3 47 77 70 6 9 0 
1 2 65 44 42 6 4 8 
9 9 60 81 59 5 7 6 
9 7 61 11 22 0 9 0 
6 4 0 45 88 0 7 6 
5 3 37 48 77 9 0 1 
2 8 41 27 33 8 6 8 
6 0 56 31 52 1 8 9 
6 8 39 79 42 8 7 6 
3 8 0 28 47 2 0 7 
8 6 31 30 64 1 8 9 
5 3 16 74 70 9 3 8 
1 9 24 54 62 1 2 3 
0 3 34 39 83 3 7 2 
4 4 21 64 50 2 5 4 
5 6 47 29 68 0 0 3 
9 6 22 54 70 6 7 0 
3 1 36 81 73 6 3 9 
0 9 34 65 74 7 4 8 
5 6 19 39 92 3 8 1 
7 6 0 28 46 4 6 7 
3 8 19 33 60 0 7 4 
0 8 27 50 65 8 5 8 
0 5 45 67 57 5 1 5 
8 3 54 47 21 8 1 2 
7 5 14 27 60 7 3 5 
6 3 4 77 63 3 9 4 
9 0 0 72 63 1 6 5 
0 8 0 1 94 3 7 3 
1 8 16 41 26 6 6 3 
0 9 25 76 90 9 5 8 
3 1 41 86 48 4 8 9 
2 7 23 66 44 1 0 2 
5 5 53 27 59 9 8 5 
9 0 50 54 66 7 8 5 
3 2 55 21 54 7 1 7 
2 7 48 53 76 9 7 1 
3 9 34 48 48 5 1 2 
1 7 35 40 48 1 1 0 
5 5 63 77 80 3 1 1 
3 4 19 40 15 4 8 4 
9 8 52 72 53 9 8 5 
3 9 52 63 28 5 0 2 
7 6 21 49 18 2 5 7 
6 3 0 40 37 1 1 7 
9 5 0 82 39 1 0 7 
4 8 49 46 76 1 9 1 
7 1 15 67 45 2 4 5 
3 1 46 44 30 2 6 4 
8 4 20 46 39 3 1 8 
3 5 10 73 68 9 5 3 
7 0 25 34 20 2 4 0 
3 5 41 34 31 9 2 7 
2 3 45 50 65 7 5 4 
1 6 26 42 81 8 8 5 
1 8 3 68 31 2 5 1 
3 8 12 38 39 9 4 6 
0 2 14 17 62 6 0 5 
1 5 0 49 20 4 9 8 
8 0 48 42 12 7 9 6 
4 2 17 47 63 4 2 9 
3 8 36 47 43 9 0 8 
4 0 47 99 63 6 3 5 
2 9 56 79 61 3 5 4 
4 1 50 49 30 2 1 3 
1 6 10 49 57 0 9 7 
0 5 31 20 74 7 2 7 
5 2 52 69 41 9 9 9 
6 7 49 24 68 3 8 4 
1 7 41 41 58 0 3 6 
5 1 58 83 37 8 7 0 
7 2 25 55 56 5 5 2 
7 3 27 90 82 2 8 4 
0 5 38 33 37 9 4 0 
3 4 24 60 61 6 4 3 
6 5 50 74 25 1 8 2 
4 5 17 80 76 9 3 0 
4 9 16 62 39 2 1 4 
0 3 18 25 43 1 0 8 
7 1 62 37 65 9 1 5 
0 2 42 44 56 1 3 5 
8 6 27 43 69 3 4 6 
4 3 25 28 11 2 1 3 
9 7 44 74 57 0 7 1 
6 9 45 24 31 3 3 5 
9 1 12 57 54 1 6 6 
8 7 24 48 71 1 4 2 
6 7 27 62 17 0 9 3 
9 3 12 46 58 3 1 0 
2 8 0 15 67 1 4 4 
7 7 4 66 39 9 3 6 
8 7 14 17 53 4 3 7 
5 3 24 52 67 0 8 1 
5 6 47 43 30 7 0 3 
5 2 66 101 66 7 9 1 
5 3 50 2 39 2 8 0 
6 6 0 26 35 2 1 4 
3 5 28 74 83 2 5 6 
4 9 66 74 23 7 4 1 
7 1 48 27 92 7 7 3 
2 6 17 50 41 3 7 3 
9 4 36 64 41 4 1 9 
7 7 18 74 49 2 6 7 
4 9 47 35 68 2 7 5 
2 4 17 48 68 3 6 2 
5 4 44 34 48 8 9 9 
8 3 14 39 49 1 2 6 
9 2 34 117 62 1 5 1 
3 0 20 46 63 9 5 8 
1 9 67 41 68 1 6 0 
8 8 20 70 37 4 6 2 
9 2 0 54 74 9 5 0 
3 7 44 62 57 3 0 8 
9 9 3 64 39 5 7 3 
2 9 7 53 28 5 8 6 
5 3 65 11 36 6 7 6 
3 6 47 45 45 1 0 9 
3 7 26 80 58 4 5 5 
6 6 14 55 56 8 1 9 
3 5 41 44 74 9 4 5 
9 9 53 34 55 7 5 2 
6 0 23 63 21 8 3 4 
8 4 23 64 61 2 6 0 
8 9 2 88 30 7 2 5 
8 2 25 65 54 6 4 3 
2 7 32 44 68 7 3 1 
5 3 49 92 69 5 3 8 
6 6 37 57 76 4 8 0 
6 1 3 63 37 8 2 6 
8 2 23 55 33 9 6 2 
3 5 47 55 51 4 2 7 
0 6 38 58 61 2 5 1 
9 4 19 76 44 7 7 4 
5 9 58 47 26 0 2 0 
2 9 30 38 75 7 9 0 
5 3 22 53 57 6 1 0 
3 9 43 95 64 5 2 2 
5 5 44 66 67 7 5 9 
2 4 34 41 16 8 2 9 
8 8 17 40 62 5 4 7 
2 6 55 29 81 7 6 7 
6 1 0 66 21 4 0 1 
4 2 45 64 61 0 7 2 
9 2 29 26 75 7 2 9 
3 3 2 55 45 0 0 6 
5 4 19 56 82 6 0 4 
0 4 38 44 54 3 9 5 
5 7 34 54 102 3 5 0 
0 2 17 58 50 9 4 1 
0 6 32 72 46 3 6 5 
5 4 36 57 64 4 2 0 
3 1 18 28 42 2 0 3 
5 9 20 59 32 2 8 6 
3 4 27 32 55 0 7 6 
2 8 33 59 78 6 4 5 
6 3 20 58 60 4 5 8 
7 8 19 47 43 2 4 0 
9 1 20 76 22 4 1 4 
4 2 19 73 55 8 2 7 
1 2 13 62 31 9 3 7 
7 8 7 83 17 5 8 9 
1 0 58 89 36 3 5 3 
2 6 39 62 67 6 1 3 
3 5 39 54 71 5 6 1 
8 4 21 33 82 0 7 1 
6 8 38 67 49 7 3 0 
0 5 12 93 39 7 7 2 
7 5 46 23 59 5 3 5 
5 5 49 28 25 0 8 9 
4 1 20 48 60 4 6 8 
1 8 8 60 57 1 7 0 
6 0 0 51 40 0 0 4 
6 6 41 21 62 4 3 5 
4 7 30 69 49 6 9 7 
3 7 38 59 19 7 4 6 
2 6 0 43 78 9 9 1 
1 9 43 50 72 6 8 9 
3 0 45 37 33 6 3 8 
3 2 38 28 22 7 3 5 
9 8 42 63 77 8 7 0 
9 0 19 30 57 7 6 4 
7 2 47 80 59 0 4 3 
3 2 51 61 52 4 1 6 
0 2 44 52 56 5 3 5 
1 1 36 39 48 5 5 5 
6 2 61 55 63 0 1 1 
7 6 69 43 57 1 1 6 
1 9 20 68 36 3 7 3 
4 6 44 31 21 6 1 4 
8 9 66 16 15 7 6 6 
8 9 27 57 27 5 6 9 
1 5 31 64 91 6 6 0 
6 4 1 39 21 6 4 5 
9 6 48 68 65 8 4 1 
9 6 12 38 70 6 4 1 
4 0 26 35 36 5 7 1 
3 6 26 46 37 8 0 0 
8 2 6 53 42 4 4 7 
0 5 12 59 41 0 1 2 
7 8 20 22 58 3 5 4 
3 1 48 65 63 9 7 9 
0 2 58 40 65 3 5 2 
4 7 0 19 30 9 3 4 
0 8 23 29 37 3 6 9 
5 5 49 51 38 7 5 9 
0 3 33 50 56 2 0 8 
4 5 28 53 72 7 4 8 
5 9 15 46 40 3 7 0 
9 5 51 53 51 5 0 9 
3 5 59 28 40 0 5 2 
8 2 27 31 50 3 4 3 
2 1 21 43 32 4 9 8 
6 5 36 58 24 2 5 2 
0 4 37 47 43 9 9 4 
4 3 82 17 73 6 8 1 
1 2 37 39 29 3 0 0 
0 3 46 25 78 4 2 4 
1 0 26 27 38 7 1 1 
0 1 7 62 75 9 1 2 
8 5 14 68 58 0 2 3 
3 4 52 42 82 6 9 9 
7 5 49 94 45 9 7 1 
0 5 33 37 64 8 5 5 
0 7 55 0 4 7 1 9 
9 0 34 47 68 2 6 6 
6 2 4 55 35 4 6 8 
8 1 18 44 39 5 4 2 
5 2 25 4 54 1 8 1 
5 5 0 56 95 3 0 7 
3 8 16 48 62 3 4 6 
0 1 39 2 33 0 9 7 
7 5 47 72 23 5 4 4 
5 4 42 64 39 8 4 7 
4 5 0 45 77 3 7 0 
6 8 27 17 34 3 8 5 
3 5 50 50 50 9 5 8 
2 7 21 67 54 7 1 4 
0 2 5 38 40 5 9 8 
7 4 42 61 28 5 2 8 
3 1 15 56 53 3 7 1 
8 7 31 78 64 7 3 1 
7 9 33 72 41 2 2 3 
3 1 50 1 59 5 5 7 
7 3 63 28 51 4 4 3 
4 4 50 53 66 4 3 9 
7 7 15 49 72 4 1 6 
4 9 22 40 56 6 6 3 
8 7 21 69 46 9 9 1 
5 4 34 56 62 3 1 1 
1 4 12 70 58 6 4 1 
4 3 13 33 75 5 6 1 
9 7 22 77 59 0 1 8 
0 4 41 25 66 1 8 8 
6 5 41 70 17 7 2 7 
8 3 28 57 58 9 6 5 
5 2 24 73 57 6 9 6 
3 7 50 44 58 3 2 4 
8 8 59 68 63 6 1 8 
7 8 20 70 24 9 1 5 
8 7 5 69 41 5 4 3 
7 0 41 49 34 4 0 6 
9 4 29 45 88 8 4 6 
2 6 0 82 18 3 8 5 
7 3 16 49 51 6 9 5 
7 5 15 43 51 7 7 0 
9 5 60 13 21 7 6 3 
5 5 18 9 0 5 6 2 
8 9 10 18 69 6 9 5 
2 7 5 52 40 1 4 7 
0 3 23 47 75 1 8 0 
8 0 65 59 74 6 7 0 
4 9 7 37 62 8 2 2 
9 0 39 45 35 1 9 1 
7 0 30 30 39 7 3 6 
6 0 29 29 60 4 6 1 
1 7 28 32 90 0 5 2 
9 6 51 35 58 7 0 2 
3 1 4 36 101 8 7 2 
5 0 43 24 66 3 3 8 
0 6 24 52 60 5 6 6 
9 1 54 52 47 2 8 4 
6 9 49 10 5 6 3 8 
2 3 54 56 24 5 8 2 
2 2 7 51 11 3 2 9 
3 0 38 56 63 6 1 5 
2 1 57 66 69 4 2 0 
9 5 0 53 29 6 2 3 
2 2 15 37 27 2 5 2 
5 7 28 62 75 6 7 4 
1 9 29 71 48 0 9 8 
3 6 56 69 62 2 9 3 
3 0 6 77 80 2 7 1 
8 2 32 37 64 6 2 8 
7 7 29 69 58 6 3 6 
5 4 53 51 48 4 0 7 
6 0 46 17 38 2 5 1 
9 9 46 41 19 3 9 4 
2 6 58 58 45 4 1 0 
8 4 21 71 41 3 9 9 
0 8 17 29 71 7 6 9 
2 4 50 54 62 9 2 5 
0 4 17 50 33 4 6 8 
3 2 0 44 44 4 7 3 
0 3 54 59 50 7 3 7 
7 6 21 102 74 9 7 4 
9 6 26 55 20 1 1 8 
3 8 58 71 27 0 6 4 
2 8 32 66 44 4 4 6 
5 6 45 14 32 7 5 5 
1 9 28 51 13 6 0 5 
6 5 0 53 44 0 4 8 
6 0 52 87 54 2 4 8 
8 8 2 50 52 5 1 1 
2 8 55 4 33 8 0 5 
9 4 75 44 67 6 4 0 
7 3 33 83 109 3 2 1 
9 1 25 40 19 4 8 0 
1 4 5 25 16 4 6 4 
9 7 52 86 34 6 0 3 
0 4 23 27 78 9 0 7 
1 1 7 49 51 1 7 6 
7 8 41 28 29 6 0 3 
0 9 49 78 25 0 3 0 
5 4 54 69 31 6 7 9 
4 3 8 34 40 3 5 7 
9 7 34 62 69 0 9 6 
6 6 51 61 56 2 4 6 
1 3 0 43 44 6 3 7 
6 7 78 66 82 9 6 0 
3 4 10 47 14 1 6 3 
8 6 11 66 19 1 1 8 
9 1 35 38 21 1 2 0 
3 6 44 56 37 5 2 4 
8 1 36 53 28 4 0 4 
6 0 9 95 86 6 5 5 
5 6 6 49 76 3 1 2 
4 6 47 46 59 9 4 1 
9 8 26 32 59 2 2 9 
3 3 40 25 31 7 6 5 
8 1 4 41 47 9 7 3 
3 2 12 47 58 3 0 5 
8 9 0 60 52 8 4 0 
6 3 17 58 26 3 2 9 
3 9 8 54 56 4 2 8 
0 0 9 95 60 8 9 8 
0 8 78 74 47 3 1 2 
7 4 14 43 42 3 2 6 
7 6 36 69 40 1 3 4 
2 8 25 45 85 7 7 0 
9 3 19 47 53 6 2 1 
4 9 31 60 71 9 6 9 
1 2 1 39 47 0 5 5 
0 9 31 86 45 2 0 3 
0 0 24 52 62 1 9 3 
3 2 14 49 24 0 8 3 
5 4 0 52 61 0 7 9 
8 5 0 73 33 1 6 3 
1 7 47 53 27 6 4 4 
6 2 65 47 34 9 7 4 
0 6 74 53 12 5 5 9 
0 5 71 15 64 9 0 2 
0 2 0 34 50 4 3 9 
7 1 57 26 37 2 8 5 
8 7 15 21 23 1 0 3 
9 0 33 21 62 4 3 5 
5 8 0 19 61 0 8 6 
4 4 54 73 43 1 4 2 
0 2 6 69 88 2 2 6 
0 5 66 67 47 7 1 4 
7 1 16 32 50 1 2 3 
0 7 25 36 61 1 9 4 
0 5 32 71 39 8 9 5 
5 3 55 94 62 3 5 9 
0 0 23 55 43 3 3 6 
0 4 46 59 42 3 1 5 
7 0 0 54 56 5 8 9 
7 1 42 56 63 8 9 1 
5 0 0 16 54 7 0 3 
5 3 20 14 58 5 1 0 
5 1 17 50 55 3 2 4 
4 7 47 23 40 9 4 7 
4 0 50 40 29 1 3 8 
5 1 24 55 46 2 3 2 
9 5 23 64 90 1 8 9 
8 4 10 52 38 3 9 1 
6 4 28 29 70 3 8 6 
6 6 19 62 49 8 9 9 
3 8 26 41 13 9 3 6 
7 1 24 89 45 8 8 8 
7 7 33 63 54 1 7 7 
2 4 9 88 92 6 1 7 
2 4 39 37 77 0 9 2 
0 0 72 62 57 1 9 9 
2 9 20 52 45 0 0 5 
1 0 46 21 42 5 3 3 
2 6 69 80 102 6 6 4 
6 1 21 74 21 5 2 7 
9 8 27 59 36 7 4 3 
0 1 7 40 101 2 1 2 
0 4 43 8 54 9 2 7 
8 9 56 40 52 8 2 5 
1 9 23 23 3 8 0 2 
1 1 51 66 51 9 9 8 
3 9 53 55 32 0 3 6 
6 5 2 52 38 5 4 5 
7 5 48 59 33 3 6 0 
5 9 4 51 37 6 4 8 
1 8 38 58 28 1 6 5 
5 9 17 61 47 6 1 6 
3 5 32 50 48 7 1 9 
7 8 56 68 51 3 6 6 
2 9 21 25 50 7 9 0 
0 7 32 32 69 9 2 3 
7 7 46 70 66 8 8 3 
3 5 35 33 29 5 0 5 
9 3 0 54 24 3 8 1 
3 0 44 49 83 4 9 3 
4 5 30 27 84 7 2 6 
8 3 73 43 45 9 2 8 
8 4 31 34 74 5 4 3 
0 4 55 82 23 6 9 5 
8 7 19 53 39 9 5 4 
6 1 45 22 66 2 5 7 
6 8 12 63 48 0 2 7 
4 2 22 71 48 0 5 1 
4 8 30 28 88 9 9 1 
5 6 31 62 41 9 3 4 
1 5 8 39 60 1 4 4 
3 3 41 63 75 8 8 4 
8 8 65 34 22 5 7 4 
2 4 35 49 47 5 7 1 
9 3 25 59 62 7 6 4 
4 8 0 50 53 7 1 2 
0 0 35 55 8 9 5 9 
0 6 24 20 55 4 0 7 
8 1 26 58 87 9 9 9 
3 5 28 28 60 5 2 6 
0 8 73 36 41 6 4 5 
2 2 37 67 58 8 5 1 
9 8 35 32 42 1 3 9 
8 7 14 74 57 3 1 1 
3 7 39 43 25 4 2 6 
6 3 7 59 71 1 4 4 
9 6 40 68 11 2 4 1 
2 2 61 28 67 3 2 0 
9 1 19 56 42 4 2 9 
2 2 74 66 55 4 9 7 
0 0 41 13 65 5 5 8 
3 1 63 43 47 5 2 2 
5 8 9 59 48 8 0 2 
3 1 10 51 16 8 3 1 
6 3 21 43 81 9 0 3 
3 7 0 83 40 7 6 2 
5 6 48 53 31 1 2 7 
7 3 34 53 55 3 1 9 
7 4 60 31 61 5 0 4 
0 3 41 23 45 2 0 8 
3 3 29 67 31 6 2 5 
0 4 40 61 33 3 3 2 
1 9 0 34 66 8 1 0 
4 4 19 59 33 3 1 9 
5 3 11 57 28 6 5 7 
1 2 39 50 38 6 5 1 
4 8 18 21 26 7 6 3 
2 8 63 11 63 8 7 0 
9 0 22 44 54 7 6 2 
9 3 33 42 77 1 8 8 
0 4 3 39 72 2 5 2 
8 4 56 68 45 8 4 2 
9 8 58 39 48 0 5 5 
5 7 0 82 59 4 8 3 
2 6 62 32 72 3 5 6 
7 8 35 22 48 7 4 6 
7 6 0 21 53 0 4 7 
0 0 57 85 56 6 7 1 
7 2 33 17 30 4 8 2 
1 6 22 42 57 4 0 2 
7 8 45 62 39 6 7 0 
5 0 34 71 53 5 0 9 
5 4 34 43 35 9 4 2 
5 5 13 48 91 6 9 7 
1 0 53 15 56 5 1 6 
7 1 10 45 74 6 2 5 
8 0 5 57 95 0 5 8 
5 5 14 32 61 1 4 8 
4 2 36 66 65 6 2 9 
2 9 62 65 57 0 0 1 
6 8 43 49 36 3 2 3 
2 8 18 44 65 3 9 0 
9 0 53 52 58 0 6 5 
9 6 5 37 62 6 7 6 
6 5 11 64 36 3 3 4 
8 1 44 60 51 2 0 3 
3 3 30 60 56 2 0 9 
6 7 47 62 66 9 6 7 
8 4 42 57 59 2 5 0 
3 4 42 76 57 2 6 3 
5 6 0 50 53 5 1 3 
7 8 26 37 49 3 2 5 
5 0 82 53 78 2 6 2 
0 5 9 58 78 7 3 6 
2 6 0 78 55 0 2 5 
6 7 45 46 32 0 9 9 
3 7 38 53 58 2 0 1 
0 3 6 37 46 3 9 5 
9 5 63 37 56 0 0 0 
9 6 6 54 54 2 4 4 
4 2 38 38 69 1 4 8 
4 6 18 46 56 7 7 9 
5 7 43 28 42 6 5 8 
2 9 33 31 37 1 4 4 
9 2 44 52 13 9 9 2 
0 8 48 52 81 5 2 5 
8 8 22 46 51 9 8 0 
7 5 42 51 63 8 2 7 
6 9 31 28 31 6 5 6 
6 4 10 66 31 3 1 2 
9 1 25 54 49 2 3 5 
2 6 63 45 43 5 2 0 
4 2 30 73 90 0 4 1 
3 5 65 39 60 5 3 2 
0 1 12 0 85 9 6 0 
0 5 43 20 57 3 1 0 
4 3 52 88 46 2 8 6 
9 0 36 82 58 8 8 2 
9 4 2 62 31 8 1 6 
3 6 48 20 16 6 8 5 
8 7 27 15 49 1 5 3 
4 0 3 87 36 0 9 6 
7 2 39 61 60 5 3 9 
3 7 26 21 3 9 1 0 
1 0 48 30 71 3 0 2 
2 8 1 61 50 2 9 1 
8 1 43 38 35 3 1 6 
4 8 52 51 35 0 3 3 
7 9 35 53 49 5 1 1 
4 3 44 11 94 0 8 1 
5 6 53 35 49 0 1 1 
4 2 36 65 83 2 4 6 
3 1 14 42 66 1 4 3 
7 3 30 30 73 6 1 5 
8 5 15 47 67 5 1 9 
9 4 14 32 61 9 6 1 
6 0 17 15 70 3 3 0 
8 7 59 25 25 7 8 1 
0 8 77 57 45 7 9 8 
1 7 32 60 45 7 2 7 
7 4 48 43 48 9 9 8 
6 2 23 68 28 6 5 5 
3 7 38 74 51 8 2 9 
1 1 47 72 58 8 2 5 
3 8 0 77 61 6 8 6 
6 7 11 25 12 0 8 2 
2 9 1 34 33 9 3 4 
1 2 0 65 17 3 9 7 
1 2 0 77 61 0 0 9 
6 2 41 69 56 6 0 0 
9 7 2 53 62 2 3 7 
2 9 43 48 23 9 2 8 
8 8 46 74 41 7 7 5 
1 3 41 27 61 6 3 7 
1 2 30 28 32 8 6 0 
3 0 13 75 57 9 5 7 
3 6 21 50 47 6 8 0 
0 0 38 38 55 7 7 8 
7 7 0 24 64 9 5 7 
6 6 26 20 33 3 5 4 
1 0 22 31 47 4 4 8 
0 8 60 32 81 9 9 5 
7 7 18 47 71 5 2 1 
0 7 28 63 25 5 9 6 
6 5 5 48 39 4 6 4 
3 8 60 33 21 8 9 9 
6 2 35 18 59 4 9 6 
8 5 0 42 73 0 2 7 
0 4 29 54 45 6 5 8 
2 8 47 59 29 0 1 5 
7 7 44 56 73 2 8 3 
4 0 7 64 39 5 9 7 
6 3 0 71 58 8 3 8 
0 5 39 60 64 9 0 7 
3 8 37 52 18 8 8 3 
0 0 20 15 58 0 2 3 
0 4 9 65 51 4 5 1 
5 3 36 56 28 7 2 6 
6 9 44 70 32 6 4 1 
1 0 0 59 64 6 1 4 
7 9 59 59 52 8 8 6 
5 8 29 45 48 6 1 1 
4 3 12 65 32 2 0 8 
8 5 2 39 48 2 6 1 
3 7 66 52 59 8 6 4 
7 2 35 19 82 2 5 6 
0 8 20 76 33 7 8 7 
7 5 23 41 51 7 2 1 
9 1 2 67 47 0 8 1 
9 7 31 65 57 1 6 2 
7 1 17 39 57 1 6 0 
8 9 46 65 59 0 2 9 
4 6 34 61 28 9 9 2 
7 2 42 4 40 9 5 1 
4 4 20 37 82 1 2 6 
3 4 30 47 49 2 6 6 
8 3 19 54 50 4 2 1 
8 0 22 27 9 2 2 5 
6 4 47 63 79 2 5 1 
1 3 36 79 31 7 2 8 
1 3 5 23 53 7 7 3 
3 7 42 30 24 5 2 8 
4 4 56 37 39 6 5 4 
4 8 47 59 34 9 3 0 
2 5 33 35 69 2 2 3 
5 1 11 53 92 9 6 3 
0 9 57 14 36 1 7 2 
8 6 47 51 51 1 2 0 
8 4 36 41 44 4 9 3 
7 9 22 119 54 2 9 9 
0 3 19 78 45 2 8 5 
0 3 16 15 66 8 0 1 
7 9 24 54 45 5 3 5 
1 2 11 34 44 3 2 8 
9 2 46 23 67 1 8 2 
1 6 45 23 63 2 7 7 
4 7 22 58 46 5 9 1 
0 5 28 57 44 0 2 3 
0 9 36 65 24 2 9 1 
2 0 29 70 22 8 1 9 
3 0 0 71 67 3 2 0 
0 4 20 79 24 8 2 9 
4 3 32 55 25 2 1 8 
3 0 58 61 48 5 7 0 
5 3 30 36 54 3 7 7 
1 4 37 42 60 2 4 3 
6 3 53 49 43 9 7 8 
1 9 34 21 48 9 3 1 
5 2 23 36 16 7 3 7 
9 1 54 29 51 6 8 4 
0 9 25 63 55 8 8 5 
5 8 10 75 42 5 7 6 
2 0 55 73 64 3 2 3 
7 9 33 42 46 9 5 4 
2 1 1 64 39 8 2 0 
0 4 35 39 53 0 2 5 
2 6 14 55 82 1 8 1 
5 7 15 78 38 6 8 7 
1 1 42 47 70 5 3 1 
3 6 11 88 76 6 0 2 
3 0 50 25 75 8 9 3 
3 1 71 50 70 3 0 1 
0 8 0 74 68 6 6 1 
3 2 29 35 67 0 5 4 
0 9 30 70 33 9 9 2 
5 2 0 10 38 0 9 0 
4 4 5 67 69 2 7 3 
5 9 40 56 53 1 5 7 
2 3 17 22 19 8 7 9 
5 5 43 35 28 4 5 6 
7 7 28 12 42 1 7 7 
2 4 41 25 72 7 5 0 
4 6 36 29 45 0 8 9 
7 5 19 57 64 6 5 8 
6 3 53 30 64 5 1 9 
4 5 26 92 45 9 4 8 
0 9 17 40 51 7 6 1 
3 3 35 11 27 7 0 8 
4 2 61 56 18 8 5 1 
0 6 46 55 27 8 6 5 
0 2 26 39 50 7 8 4 
6 7 28 75 62 4 8 8 
2 8 8 71 44 8 1 9 
4 8 22 16 49 5 4 2 
4 5 22 61 19 0 1 8 
1 8 4 8 54 6 4 4 
8 4 3 17 58 4 5 1 
6 5 21 47 49 4 6 8 
6 7 42 56 72 3 4 8 
1 5 16 28 38 3 5 3 
2 6 41 87 45 8 8 7 
6 8 42 32 29 9 3 5 
3 3 12 49 39 2 5 7 
5 1 8 76 71 5 5 3 
1 1 0 59 23 4 0 4 
5 0 43 73 66 4 6 6 
3 9 46 43 25 1 4 6 
6 6 2 14 80 8 4 2 
0 0 33 23 51 8 6 8 
7 0 28 24 83 4 0 2 
0 4 0 32 55 6 9 0 
7 5 5 48 40 6 9 0 
4 7 45 40 50 0 0 1 
2 6 29 78 32 8 8 0 
9 9 7 53 73 9 0 1 
5 5 24 63 94 3 9 3 
4 9 48 33 23 9 6 8 
7 6 42 55 55 1 5 4 
6 7 22 70 61 8 4 6 
5 6 20 63 42 2 4 0 
4 8 20 26 45 1 9 6 
0 3 41 48 84 6 3 8 
6 9 19 43 23 2 9 8 
1 3 0 86 53 3 0 4 
1 7 0 55 31 5 0 4 
7 5 30 77 73 1 9 6 
0 9 0 30 40 1 8 0 
4 9 46 54 88 5 8 5 
8 8 19 82 53 2 0 1 
7 4 30 73 62 3 2 8 
5 8 62 49 53 6 9 2 
5 2 27 35 22 8 5 3 
5 9 28 41 30 9 1 4 
3 7 5 20 58 6 4 2 
9 0 29 52 68 8 9 5 
2 4 3 17 11 9 9 9 
9 8 35 63 18 8 4 2 
8 1 60 47 52 5 1 7 
1 3 20 41 82 1 9 2 
4 7 13 44 70 0 7 2 
7 7 25 19 37 9 4 4 
8 1 16 60 60 4 4 3 
4 7 0 48 54 1 0 0 
8 9 31 22 70 8 9 1 
4 8 33 28 30 1 8 4 
4 2 0 64 74 3 3 2 
7 1 10 48 78 3 5 8 
8 4 35 55 54 4 1 7 
3 9 68 16 23 8 3 7 
4 6 24 65 61 5 5 4 
0 8 22 43 42 6 9 7 
5 6 17 26 70 8 5 2 
9 0 36 49 5 8 8 7 
5 7 42 46 64 3 0 8 
9 8 3 17 38 1 7 5 
8 5 9 14 47 0 4 3 
2 5 34 63 52 9 4 6 
2 3 63 57 35 9 9 2 
7 0 30 59 64 6 5 6 
8 1 33 51 39 1 2 7 
6 4 44 62 39 4 6 3 
2 5 11 59 53 7 5 7 
0 5 16 58 66 2 9 2 
7 1 30 69 65 2 9 9 
5 1 29 36 48 1 2 6 
0 3 40 89 68 0 2 9 
3 1 41 61 56 4 3 4 
7 8 49 85 50 3 7 5 
8 7 22 91 37 9 4 3 
5 4 17 8 62 9 8 1 
0 8 29 67 48 3 7 9 
6 7 14 28 26 8 3 4 
5 7 30 66 88 1 3 6 
4 2 30 35 37 8 4 8 
7 7 35 29 59 0 6 4 
6 6 0 21 74 0 2 6 
5 7 25 19 57 5 3 4 
5 8 33 75 45 8 9 2 
3 1 18 65 44 2 3 7 
2 9 44 49 70 1 1 6 
1 9 17 62 69 5 9 0 
2 0 21 41 51 1 5 3 
1 6 19 56 29 2 8 7 
9 2 37 31 44 6 5 6 
8 9 48 65 22 8 0 2 
7 0 30 20 65 9 0 5 
9 3 34 71 43 7 1 0 
7 1 39 27 62 0 1 4 
8 8 3 51 85 6 9 3 
2 9 74 33 81 8 5 1 
8 9 67 57 58 2 3 7 
7 3 15 66 81 5 5 5 
9 0 44 63 67 8 2 5 
8 2 38 43 40 2 3 9 
5 3 59 77 43 3 8 4 
9 4 13 40 38 5 0 4 
9 7 49 35 84 9 8 1 
8 4 43 66 55 9 2 6 
0 0 36 18 56 7 8 1 
3 8 25 36 62 9 5 3 
4 5 19 61 32 2 8 1 
9 4 25 39 67 6 5 8 
9 1 26 71 41 7 7 6 
4 7 15 58 52 0 1 7 
9 2 29 76 72 6 2 1 
9 5 38 42 76 3 5 7 
4 2 4 36 45 1 6 1 
3 1 14 68 31 6 4 0 
3 2 75 65 60 8 2 4 
1 2 44 45 25 9 5 0 
3 3 0 69 37 6 9 2 
0 2 37 27 21 0 2 8 
1 3 31 53 80 6 5 9 
3 5 17 43 62 4 5 3 
9 7 3 31 68 1 7 9 
9 1 9 54 44 0 6 2 
6 3 30 28 32 7 5 8 
7 2 16 33 3 8 7 3 
3 7 30 51 41 3 0 4 
4 5 7 36 87 5 8 6 
7 5 52 12 86 9 4 4 
2 2 26 75 37 3 4 8 
2 0 20 52 65 1 0 5 
4 5 27 69 69 8 9 8 
0 1 70 41 40 3 0 7 
8 7 25 56 45 8 4 1 
0 6 21 23 41 2 2 2 
6 1 33 8 85 9 9 0 
3 8 0 24 47 5 6 8 
3 4 20 51 36 0 1 2 
0 6 25 66 50 7 2 0 
6 9 72 54 57 6 9 2 
3 2 0 56 34 1 2 5 
3 9 34 8 57 4 9 4 
2 2 39 61 45 1 9 7 
0 7 40 48 49 7 8 5 
8 2 42 29 81 4 7 3 
5 6 30 68 46 5 7 4 
7 9 62 69 55 0 6 9 
3 3 3 77 61 2 2 9 
9 1 21 33 63 0 9 0 
2 0 6 51 47 4 3 7 
5 0 41 28 71 1 1 9 
3 9 29 33 51 2 9 4 
2 7 28 55 29 1 4 0 
7 0 19 43 0 1 4 9 
0 4 24 40 68 4 1 1 
2 1 9 36 81 6 2 8 
7 7 44 44 33 6 0 5 
0 8 39 40 31 0 9 2 
0 2 23 23 10 8 4 4 
8 2 26 31 45 5 0 1 
6 0 64 37 71 6 0 1 
3 5 67 17 59 5 2 1 
1 6 29 37 44 3 1 4 
7 3 5 51 34 6 3 7 
7 4 35 118 56 7 7 3 
8 2 31 27 15 4 4 2 
5 4 36 44 29 1 8 0 
5 2 57 27 69 1 5 4 
5 0 9 52 38 0 0 0 
0 3 47 45 73 6 5 9 
9 9 45 81 32 6 3 6 
9 2 52 14 25 3 2 2 
3 1 31 32 34 0 9 5 
7 9 43 66 76 3 5 3 
2 0 38 56 69 7 2 3 
0 9 28 61 72 9 8 4 
9 3 28 27 37 5 1 8 
9 8 0 16 10 1 8 8 
9 0 13 58 48 9 2 8 
1 9 20 35 53 4 7 6 
5 3 10 37 63 2 2 0 
9 1 29 17 26 4 1 0 
7 3 0 27 64 9 1 3 
2 9 25 29 28 6 2 1 
0 8 6 41 35 0 2 0 
0 7 63 31 44 9 5 3 
9 0 45 78 82 4 0 9 
3 2 30 44 38 8 7 6 
5 0 35 44 57 2 9 7 
7 0 61 52 55 8 8 7 
7 8 52 64 60 6 7 3 
5 7 11 50 51 2 7 8 
2 2 0 80 63 4 2 6 
3 5 8 55 40 9 6 6 
2 7 71 46 56 1 6 6 
3 1 40 55 35 5 2 8 
4 7 0 44 52 7 3 6 
8 8 20 19 67 5 1 6 
2 8 51 66 12 1 9 7 
2 8 29 39 33 0 2 4 
2 2 21 34 47 5 9 5 
1 9 0 40 43 3 8 9 
0 5 40 87 68 5 6 6 
5 7 66 34 28 6 4 1 
1 3 63 80 37 3 8 9 
4 5 88 68 81 3 3 4 
4 1 0 38 60 7 2 2 
5 0 46 86 75 0 0 5 
3 2 55 32 25 7 8 7 
6 1 21 34 69 5 8 6 
9 4 5 70 27 9 3 8 
1 6 47 78 72 5 6 5 
0 9 30 81 75 5 1 2 
4 2 40 35 64 0 2 6 
1 7 19 43 52 0 5 5 
9 4 67 82 58 5 3 2 
4 4 4 50 46 3 6 4 
9 9 28 39 54 0 4 0 
4 5 58 46 34 4 2 4 
3 4 39 68 76 2 2 7 
6 3 32 45 58 6 7 7 
5 1 22 51 44 1 7 7 
2 7 43 44 31 0 5 5 
6 4 61 44 63 1 6 0 
3 3 17 45 20 2 1 3 
5 1 26 62 52 1 7 5 
1 6 30 69 60 6 8 1 
1 6 21 72 64 3 0 8 
9 7 0 79 54 8 6 9 
0 5 31 79 48 2 2 8 
5 6 32 41 34 5 2 8 
7 7 14 50 29 6 3 2 
5 1 5 58 61 6 4 5 
2 8 34 54 19 5 4 2 
7 6 37 56 50 5 6 1 
3 8 19 62 49 8 6 2 
6 0 27 44 51 4 9 2 
8 6 49 72 74 6 3 1 
7 0 42 57 39 2 3 0 
5 9 22 72 41 9 7 4 
0 9 60 38 40 8 7 0 
2 8 1 61 48 6 9 4 
2 0 49 34 55 7 0 4 
4 2 16 59 37 2 4 1 
6 7 9 14 73 3 0 0 
1 1 7 54 40 2 7 8 
3 7 33 55 37 1 8 2 
0 4 0 35 54 5 3 8 
1 2 28 92 41 1 6 9 
1 6 17 46 48 8 1 3 
6 2 36 47 48 6 3 6 
9 2 21 33 22 3 0 6 
2 1 32 64 34 4 1 8 
8 7 24 66 42 3 6 8 
7 4 34 37 79 7 1 6 
6 4 25 33 39 2 4 1 
7 1 24 77 89 9 7 1 
5 8 36 75 69 6 1 4 
9 2 17 42 47 9 8 3 
1 1 53 47 57 6 8 6 
0 3 64 79 37 9 2 8 
7 6 0 47 39 8 6 1 
1 1 31 28 71 0 5 1 
5 1 44 70 89 9 0 6 
5 5 35 51 89 9 5 5 
6 9 6 43 64 9 6 7 
3 3 28 46 17 9 9 5 
8 0 32 66 67 5 2 3 
3 9 37 51 66 5 0 0 
5 0 15 79 53 0 3 2 
3 0 25 66 45 7 0 2 
0 3 41 45 65 1 7 8 
1 7 25 65 44 9 3 9 
3 4 39 44 17 9 6 9 
8 8 18 36 32 5 8 9 
3 6 21 60 89 0 9 7 
5 2 14 61 20 1 4 3 
6 5 43 63 85 7 0 5 
8 0 9 57 25 3 8 1 
9 0 12 60 50 5 0 3 
3 6 45 60 15 3 9 2 
1 3 38 25 43 2 8 1 
2 7 18 79 43 4 8 1 
9 4 22 72 66 0 5 8 
8 2 32 51 49 8 8 5 
9 3 63 11 13 0 5 8 
8 1 25 19 27 4 9 6 
3 3 1 53 50 3 0 6 
2 0 42 8 34 8 1 9 
9 3 33 75 39 1 0 8 
8 5 50 47 73 2 5 1 
8 0 47 76 19 7 1 4 
5 0 91 84 59 3 3 4 
1 2 15 51 6 6 4 8 
8 0 48 69 34 2 8 7 
2 1 35 56 63 2 9 2 
3 2 28 33 57 5 4 4 
5 7 38 60 60 0 5 3 
2 4 21 69 33 7 7 5 
7 6 33 46 35 5 4 7 
2 8 0 28 28 0 2 7 
7 6 47 65 0 6 5 0 
4 5 73 34 26 7 6 9 
8 9 26 50 64 9 5 5 
3 9 27 65 40 4 8 5 
1 5 7 70 44 5 8 8 
0 8 53 64 36 8 4 2 
5 1 25 44 53 5 7 0 
6 3 34 81 62 5 6 5 
4 9 14 61 48 2 2 0 
1 0 57 58 43 7 1 9 
6 9 72 25 61 0 0 3 
6 9 36 23 2 6 4 6 
5 1 4 55 34 1 1 8 
1 7 41 78 4 4 6 5 
8 9 7 56 29 0 5 2 
3 4 9 39 45 6 7 7 
2 9 43 38 6 8 5 1 
6 7 9 32 29 9 5 9 
4 3 24 0 46 8 5 7 
3 3 9 25 68 5 2 6 
2 0 0 26 38 0 3 0 
3 1 20 52 55 3 0 6 
0 9 37 42 25 8 3 5 
3 8 60 59 38 8 5 9 
6 3 1 56 32 4 3 7 
6 6 16 0 70 5 7 8 
5 0 51 30 56 6 3 7 
5 4 37 43 63 5 4 6 
7 9 30 45 48 0 2 8 
6 8 28 24 56 8 4 9 
1 5 0 28 71 6 4 6 
4 3 14 83 39 7 1 2 
4 6 18 65 42 2 6 2 
6 6 32 96 59 8 9 4 
5 5 51 39 33 4 8 5 
5 6 47 61 62 3 1 4 
2 0 33 50 60 1 5 2 
9 6 62 44 53 1 3 7 
4 3 0 54 30 0 4 3 
4 6 28 19 78 7 1 0 
6 1 3 45 20 2 5 0 
9 6 1 61 42 1 7 6 
5 1 49 14 64 2 1 0 
9 0 56 25 80 9 9 3 
2 5 7 11 21 7 9 4 
3 2 4 71 53 0 0 1 
4 5 36 45 50 0 5 4 
9 0 13 52 102 9 9 6 
6 9 0 54 61 8 8 7 
7 0 14 65 61 0 9 3 
2 5 32 66 79 9 0 7 
8 8 14 54 81 1 2 2 
8 2 6 30 42 5 9 8 
8 4 24 84 28 5 8 2 
9 4 31 83 50 6 5 3 
9 3 46 50 30 8 3 5 
9 8 24 82 12 2 0 8 
9 2 35 65 35 8 1 5 
4 6 34 24 31 7 5 0 
3 5 18 38 26 6 5 4 
8 4 47 28 40 1 1 7 
8 8 43 48 33 6 7 1 
3 7 64 54 72 5 2 2 
7 9 13 44 58 2 7 6 
1 7 23 61 78 2 7 9 
9 5 25 65 68 2 9 9 
4 5 41 51 46 7 4 8 
8 4 23 71 60 7 7 2 
3 1 21 48 75 9 5 1 
4 4 52 66 40 1 6 4 
3 1 44 35 57 7 2 8 
9 9 28 25 33 1 3 0 
8 9 34 37 51 8 5 1 
4 7 0 41 39 1 2 6 
6 5 20 46 39 1 8 7 
2 0 13 40 37 5 1 6 
4 2 14 62 34 6 6 0 
3 3 58 67 68 5 0 9 
7 2 43 43 29 0 7 1 
1 3 0 51 45 4 0 9 
6 7 40 78 32 6 3 3 
1 3 53 78 13 6 7 8 
7 7 11 67 60 8 2 7 
2 5 1 79 86 3 8 1 
9 4 21 5 41 1 9 7 
9 7 57 40 57 1 3 3 
7 6 39 29 56 3 1 1 
9 3 29 16 40 5 2 1 
9 4 21 50 3 5 8 2 
8 3 44 31 28 6 1 6 
7 2 15 42 34 3 1 3 
1 6 10 28 42 7 1 7 
2 5 17 45 73 5 3 8 
6 7 23 42 84 9 0 3 
0 9 56 39 52 3 8 1 
8 5 0 53 83 5 8 3 
2 8 40 66 27 2 7 9 
3 0 62 54 52 1 5 4 
0 6 27 82 54 7 6 8 
3 0 14 52 28 7 8 1 
6 9 56 25 56 7 0 1 
2 1 23 38 50 3 9 9 
3 8 32 52 39 0 0 5 
7 5 31 68 44 0 2 7 
6 2 17 35 30 9 2 5 
8 7 55 66 59 2 9 4 
0 6 24 36 48 1 6 5 
5 2 3 55 83 1 8 0 
2 7 38 78 52 6 9 0 
4 3 31 49 30 5 0 8 
7 1 47 39 59 5 4 8 
8 1 16 70 75 8 8 5 
7 9 1 50 58 7 0 2 
9 8 3 66 8 8 9 4 
8 1 58 29 31 0 3 6 
9 1 32 59 41 3 9 4 
2 5 41 45 46 9 3 3 
6 3 42 49 27 2 8 2 
4 7 2 0 57 9 4 6 
2 0 31 60 52 2 2 7 
9 5 40 79 67 0 4 7 
6 4 25 87 69 4 8 3 
5 5 21 55 37 0 1 7 
0 4 37 13 13 4 1 6 
2 6 58 41 58 0 8 6 
0 9 23 49 41 6 1 5 
8 7 42 61 57 8 8 2 
8 3 37 75 48 0 9 7 
1 0 60 52 60 8 9 6 
1 0 28 55 37 6 2 7 
9 8 17 39 54 3 5 1 
1 4 21 69 52 2 1 8 
5 6 17 26 38 9 9 9 
2 9 15 56 26 4 3 3 
6 0 10 49 38 7 7 5 
6 1 0 26 44 6 1 3 
5 4 71 41 14 2 3 7 
1 6 84 51 59 0 4 2 
2 8 70 68 43 7 4 8 
4 6 29 61 33 3 7 8 
6 4 38 37 30 4 7 4 
8 6 26 61 65 9 1 2 
1 6 28 71 50 4 2 8 
7 6 66 60 71 6 4 3 
6 8 51 56 38 7 2 9 
2 6 43 35 34 3 4 9 
2 7 0 33 62 4 3 2 
0 7 36 48 49 1 2 3 
8 0 44 56 39 6 6 8 
5 1 33 51 87 2 6 2 
1 4 9 65 84 1 5 8 
8 6 20 61 49 3 5 6 
8 4 19 81 62 2 5 7 
1 6 0 32 25 1 2 2 
9 9 14 40 79 7 0 4 
7 2 65 38 67 2 5 0 
6 2 18 61 68 0 3 4 
9 8 26 46 68 9 5 1 
0 1 38 63 0 3 7 1 
3 8 0 40 35 8 3 2 
3 9 19 29 30 7 2 3 
8 7 47 9 59 3 3 9 
1 5 11 19 69 7 7 4 
5 1 25 28 43 6 0 5 
5 5 48 50 15 4 7 0 
4 2 0 39 63 3 2 0 
3 5 4 41 47 8 9 8 
4 5 22 61 28 4 5 8 
1 6 26 77 35 5 0 8 
2 9 40 60 38 4 8 7 
2 0 34 59 45 2 5 0 
9 9 21 60 37 7 7 9 
6 7 59 20 72 0 1 6 
3 1 0 57 68 5 7 9 
8 4 19 15 24 7 2 6 
5 3 11 36 35 2 7 8 
2 4 12 83 40 5 7 5 
5 0 19 46 1 7 2 1 
7 4 0 32 54 6 8 3 
0 0 12 39 61 7 7 6 
0 5 40 47 49 6 1 9 
0 6 11 44 27 5 5 5 
1 7 52 51 64 9 4 7 
2 6 73 61 64 7 5 6 
4 4 21 46 66 8 7 6 
7 2 32 26 69 0 0 6 
7 1 53 34 34 6 9 9 
8 2 5 41 42 2 3 6 
2 8 16 88 18 7 4 2 
5 0 12 61 31 0 5 0 
6 6 9 79 16 4 4 3 
4 9 0 32 48 9 6 2 
8 2 36 47 24 5 0 7 
6 3 51 77 49 0 2 1 
7 1 5 78 97 2 3 5 
4 2 7 54 46 7 2 2 
6 5 47 19 60 7 5 5 
5 0 61 41 47 7 1 1 
2 9 5 50 50 3 8 6 
3 2 15 66 74 5 2 9 
7 0 9 39 53 7 2 7 
7 5 32 45 53 2 3 5 
6 3 3 74 55 2 3 5 
5 7 19 30 49 9 5 6 
3 4 9 0 68 8 0 9 
5 4 44 20 76 2 6 8 
6 4 19 56 39 6 1 9 
5 6 12 33 17 7 9 4 
8 0 36 11 32 6 6 8 
6 8 27 31 64 6 4 8 
6 4 40 55 41 7 6 2 
9 6 3 41 33 5 3 5 
7 1 0 43 66 6 2 6 
6 2 31 27 54 1 6 8 
0 7 32 60 71 5 3 5 
3 2 7 32 55 5 1 4 
1 6 46 31 67 5 9 0 
3 7 21 80 22 1 6 2 
1 6 42 42 36 7 2 8 
4 4 42 80 37 5 3 3 
3 4 77 30 36 1 9 1 
6 2 29 42 60 6 5 8 
2 5 69 82 87 9 1 9 
5 7 24 76 8 0 0 8 
8 9 29 70 14 9 9 9 
3 7 21 80 43 9 4 1 
1 8 50 30 30 4 0 0 
8 7 10 67 83 8 9 1 
5 2 8 37 15 8 9 3 
4 4 28 43 45 9 3 2 
4 1 54 39 26 3 8 4 
1 5 35 31 9 6 7 2 
3 0 50 43 64 8 7 6 
0 2 68 33 38 5 1 9 
5 3 20 55 62 3 2 1 
1 0 52 57 69 1 8 9 
8 8 48 75 71 1 9 1 
5 8 10 32 57 8 2 7 
9 0 15 34 47 2 9 3 
7 9 31 82 34 7 5 5 
7 8 39 51 49 6 5 6 
8 4 0 62 54 9 0 3 
7 8 35 77 50 4 1 1 
7 2 39 50 52 4 1 4 
2 1 50 39 42 1 0 3 
9 8 62 56 23 1 0 2 
9 8 37 23 32 7 6 0 
4 6 14 67 101 6 9 3 
9 2 15 50 35 8 3 6 
8 4 4 68 60 6 2 4 
5 8 19 33 33 9 3 6 
1 4 31 50 58 5 2 9 
2 6 11 62 21 4 0 9 
6 6 39 58 86 1 2 2 
4 2 45 56 37 0 9 9 
5 2 38 23 24 2 9 2 
9 1 22 23 36 8 4 2 
8 1 48 50 58 3 2 5 
4 0 24 80 48 8 0 2 
2 4 42 35 47 6 4 2 
0 0 26 43 17 4 0 7 
5 2 9 33 39 0 6 9 
2 1 42 33 72 6 4 4 
3 9 0 66 27 8 6 6 
6 4 21 26 57 4 9 2 
1 9 30 35 57 3 5 6 
3 2 29 103 69 2 4 9 
0 0 3 24 62 9 8 7 
1 8 27 53 49 7 4 9 
6 5 43 35 52 4 7 7 
3 7 45 69 51 3 2 3 
2 3 12 39 39 9 1 2 
4 1 14 71 49 0 3 7 
7 4 43 70 69 0 2 8 
2 7 20 17 22 0 9 9 
2 4 7 51 43 6 1 6 
9 3 39 0 37 9 6 0 
8 8 60 57 53 4 1 1 
8 1 14 36 49 0 9 4 
2 1 55 48 66 0 9 0 
4 8 40 62 34 4 1 9 
1 8 11 46 65 7 8 5 
7 0 37 38 54 6 1 1 
3 2 41 46 51 0 5 8 
9 8 35 39 47 4 8 5 
1 5 55 35 33 2 1 6 
9 6 13 68 81 8 2 3 
2 3 34 51 70 3 9 3 
4 3 19 13 82 5 2 2 
8 6 29 42 50 1 8 7 
3 5 0 33 28 6 9 0 
6 2 50 58 71 0 0 5 
7 5 36 48 68 5 6 9 
9 9 21 40 68 0 5 1 
0 7 26 19 23 5 8 2 
7 8 35 73 51 7 7 0 
7 0 1 64 66 9 0 3 
3 5 0 15 62 6 1 1 
9 0 30 24 62 2 2 2 
7 4 29 63 39 4 9 3 
5 9 31 46 42 2 1 3 
3 6 27 61 54 6 7 7 
0 8 3 40 31 3 7 0 
6 7 40 63 87 0 0 9 
5 1 16 61 73 0 8 8 
4 6 12 21 13 2 9 3 
3 4 2 75 32 2 2 8 
7 0 87 53 35 6 7 5 
1 7 28 83 38 9 1 6 
0 1 41 41 64 2 0 2 
4 4 21 10 36 5 9 6 
6 2 16 44 24 3 8 4 
6 0 55 33 42 5 7 0 
4 3 87 36 70 6 8 7 
5 5 26 73 55 7 7 1 
0 8 5 44 50 7 6 8 
1 8 0 70 51 4 3 9 
9 4 40 14 60 5 7 0 
5 5 20 77 39 7 2 4 
7 8 32 43 15 6 1 5 
7 7 48 67 43 6 8 0 
2 7 17 19 59 7 4 3 
0 7 0 64 63 8 3 3 
8 2 43 35 59 8 4 0 
7 4 51 69 110 6 8 0 
3 3 26 40 34 2 3 5 
2 6 0 39 43 4 3 9 
0 2 12 81 44 9 9 4 
7 1 20 86 25 0 3 8 
4 6 45 42 50 8 7 4 
4 3 17 37 88 2 3 0 
8 7 16 64 30 7 9 5 
6 7 55 41 42 3 4 3 
3 3 10 76 74 6 5 3 
8 4 0 53 25 6 4 9 
1 3 31 61 40 7 5 7 
9 8 32 37 71 9 8 8 
9 7 37 66 27 8 4 9 
8 0 57 49 40 1 8 3 
7 4 55 40 47 5 5 5 
6 9 28 24 92 6 0 5 
9 5 62 50 66 3 8 1 
9 5 50 79 62 7 4 3 
0 1 25 59 34 5 2 6 
7 8 7 63 37 4 5 1 
0 4 0 63 26 8 3 8 
1 0 42 63 70 0 4 0 
3 6 38 38 69 2 8 7 
5 3 51 55 78 7 8 4 
0 6 18 60 54 0 7 1 
8 2 36 49 62 4 1 9 
2 3 0 40 100 9 9 1 
5 0 37 54 40 0 5 1 
7 7 28 26 49 6 5 3 
9 6 9 24 21 1 9 3 
4 0 40 61 31 1 6 9 
5 5 29 33 19 0 0 4 
8 6 56 58 78 7 5 6 
3 8 22 89 53 0 0 9 
5 2 8 56 20 9 5 3 
4 8 55 74 52 4 3 5 
7 5 53 70 51 1 1 4 
4 1 66 46 41 9 9 2 
3 3 30 23 56 0 7 0 
9 9 50 36 45 3 8 0 
7 2 39 41 43 7 5 5 
2 6 54 79 37 8 1 5 
2 8 43 28 82 1 1 4 
5 9 45 104 44 7 8 4 
3 5 0 59 0 6 9 2 
9 2 22 67 10 0 2 3 
3 8 9 17 30 3 0 7 
8 5 29 57 78 4 7 6 
5 0 64 33 54 1 1 7 
7 6 76 51 33 9 0 0 
8 1 29 27 4 9 0 0 
6 0 46 43 65 6 3 7 
6 6 2 29 39 7 8 7 
0 3 44 32 44 4 6 7 
5 9 41 26 54 7 3 4 
4 2 45 32 47 2 9 9 
2 9 11 75 64 3 6 0 
4 9 27 40 48 6 1 5 
2 0 23 16 66 1 1 7 
1 2 32 63 50 8 8 4 
8 6 28 41 55 9 2 1 
5 7 7 67 69 7 6 2 
9 2 42 32 60 2 1 4 
8 3 0 74 45 6 2 1 
6 5 40 62 43 3 5 1 
6 5 16 58 60 9 6 6 
8 3 43 77 27 9 4 3 
3 5 14 62 49 5 9 6 
7 3 31 44 62 3 6 0 
0 8 72 59 79 7 3 5 
7 2 34 14 50 1 5 6 
4 9 35 58 14 3 1 1 
8 4 46 64 60 6 5 6 
8 1 0 51 65 0 5 0 
1 8 20 65 43 6 8 6 
4 1 17 81 46 8 4 9 
1 8 0 37 35 6 8 7 
4 5 41 66 45 8 5 7 
7 7 9 61 41 6 3 2 
0 3 19 56 79 7 4 0 
4 0 40 63 31 4 6 4 
2 7 29 57 52 1 6 9 
0 0 2 72 43 2 4 5 
7 1 43 40 50 9 7 5 
6 0 39 49 25 1 3 8 
1 9 68 53 26 9 6 4 
3 9 38 20 52 0 9 5 
3 6 51 42 37 3 8 9 
9 9 39 79 54 8 5 4 
2 6 44 45 10 8 4 5 
0 1 39 37 63 8 7 2 
7 2 39 74 27 4 1 3 
4 5 34 34 57 6 6 3 
0 5 0 32 12 9 3 6 
8 2 42 71 23 8 5 2 
8 5 28 35 8 3 7 2 
3 1 0 80 42 4 3 6 
7 4 54 60 32 1 5 9 
1 7 55 9 81 2 8 0 
1 2 41 45 5 6 3 8 
1 3 23 43 52 1 6 9 
0 4 80 24 32 5 1 7 
7 1 33 49 15 5 9 1 
2 0 51 54 15 8 7 1 
1 5 77 29 32 8 0 0 
4 7 0 46 43 0 9 8 
1 5 13 47 51 0 2 4 
1 9 0 37 53 1 2 7 
6 6 44 17 75 1 3 1 
9 7 32 9 62 0 6 1 
2 3 27 56 14 0 6 7 
7 1 29 70 31 5 3 8 
9 3 33 56 56 4 9 9 
4 2 33 51 65 6 3 2 
4 6 0 48 40 0 9 1 
6 0 27 41 62 4 1 5 
1 8 53 52 84 6 6 6 
6 8 26 79 11 2 7 3 
4 6 40 69 46 6 2 3 
2 0 3 66 28 3 6 4 
0 2 8 57 36 6 0 4 
8 9 0 41 69 0 4 5 
2 0 1 46 95 2 4 4 
0 6 50 79 58 8 4 0 
5 5 1 59 58 1 7 4 
8 8 33 46 37 3 8 7 
4 0 37 83 46 6 8 4 
7 6 44 83 40 8 7 5 
6 6 31 64 39 7 8 8 
4 3 40 55 36 9 4 8 
5 7 32 22 52 8 5 2 
8 1 0 89 66 3 9 1 
9 6 20 44 64 4 6 0 
9 7 38 26 27 6 9 3 
0 2 66 51 56 7 3 9 
3 1 21 60 45 7 5 4 
4 9 36 53 58 1 2 9 
3 0 64 28 48 2 2 9 
7 2 37 45 32 4 8 4 
0 2 11 28 59 4 4 1 
3 6 13 64 94 0 8 3 
1 7 25 64 50 4 0 0 
8 0 55 53 40 3 7 6 
0 3 11 55 54 3 1 9 
9 8 16 79 29 3 6 2 
0 9 23 61 34 2 7 7 
2 4 42 60 16 9 6 8 
7 1 45 80 42 6 9 5 
1 3 20 40 36 7 4 7 
8 0 18 86 74 9 5 3 
2 4 31 64 62 5 1 7 
5 6 92 66 7 8 6 7 
4 1 26 74 56 2 9 0 
3 3 22 47 72 1 6 1 
2 4 33 30 38 4 5 9 
9 4 35 65 79 1 7 5 
3 4 13 18 17 2 0 3 
4 7 8 26 43 5 9 2 
9 2 49 45 73 3 5 4 
1 5 8 50 49 1 8 8 
7 3 30 56 78 0 1 8 
3 3 43 64 58 9 2 9 
0 5 0 39 27 6 9 1 
3 6 52 71 103 9 5 1 
0 1 34 90 58 9 5 4 
6 3 26 53 38 6 3 3 
6 4 25 42 42 0 0 8 
2 6 29 102 31 7 5 9 
9 8 0 58 23 7 2 6 
0 1 13 48 62 7 2 3 
9 8 32 4 22 6 8 6 
4 0 10 82 68 4 2 0 
4 8 23 41 66 4 3 0 
2 5 39 54 85 3 0 3 
9 1 57 21 46 9 7 5 
1 0 22 87 57 9 8 7 
3 8 40 64 41 5 4 2 
6 3 49 59 60 7 8 3 
5 7 22 63 51 5 2 2 
4 9 64 42 66 7 0 2 
6 4 1 61 71 3 9 6 
2 1 44 68 50 9 8 2 
9 3 16 62 85 4 1 3 
9 4 21 6 23 0 4 4 
3 1 29 21 49 6 1 9 
5 0 0 38 0 9 9 1 
0 0 32 20 71 9 8 3 
5 1 4 107 59 0 5 8 
5 7 31 73 54 5 2 6 
2 4 34 36 58 9 1 0 
8 1 19 45 54 3 1 6 
0 3 15 71 68 4 1 4 
4 3 48 48 32 0 3 5 
1 4 40 39 65 7 7 3 
4 7 34 58 77 4 7 8 
0 8 44 58 3 9 6 9 
8 1 32 44 55 6 7 0 
1 4 66 34 55 6 6 2 
6 9 6 64 47 2 9 6 
2 5 19 30 73 9 7 3 
5 4 39 64 43 6 2 6 
6 1 0 47 68 5 0 5 
0 1 57 56 65 4 8 7 
9 4 0 74 55 1 3 7 
6 5 0 40 45 4 4 1 
7 3 5 44 20 3 4 6 
2 1 0 28 29 8 1 0 
9 3 62 47 44 6 1 4 
0 7 43 34 54 0 9 5 
7 2 16 72 32 1 6 8 
7 8 44 46 82 1 8 6 
9 3 19 63 56 7 0 4 
5 7 31 13 23 0 9 4 
2 9 35 80 68 8 2 2 
9 2 66 47 53 1 1 6 
9 3 66 30 51 3 8 4 
7 0 14 42 36 6 7 5 
1 9 58 28 38 4 2 4 
5 2 16 74 42 7 5 5 
5 7 33 45 74 6 8 9 
6 1 52 63 58 6 6 4 
8 0 54 25 75 2 3 8 
0 1 27 55 39 7 0 2 
4 1 29 32 49 4 3 0 
6 1 59 61 59 2 7 3 
0 3 43 39 39 0 5 7 
8 2 26 73 57 1 8 5 
6 0 42 60 46 1 7 8 
5 9 0 45 37 7 3 7 
1 9 16 49 58 2 5 3 
6 1 45 35 61 7 1 5 
6 2 63 60 36 6 7 2 
2 6 18 76 16 4 7 3 
2 3 39 70 48 5 0 2 
8 4 0 17 24 3 6 3 
2 6 16 82 19 2 8 4 
1 4 15 65 23 1 2 8 
8 4 37 67 29 4 8 2 
5 5 46 63 61 3 2 5 
5 8 27 52 35 7 3 9 
7 9 20 67 83 9 6 7 
1 9 0 49 41 9 4 1 
4 7 40 52 42 9 1 5 
5 9 41 43 31 0 0 1 
7 5 19 60 63 1 8 9 
0 7 36 46 22 9 3 2 
6 1 18 45 30 2 5 1 
5 6 60 37 67 1 3 4 
5 9 25 72 39 0 3 6 
2 7 31 73 84 4 9 9 
7 0 27 50 39 8 2 3 
6 1 36 36 32 1 6 1 
1 6 26 71 53 4 8 0 
8 3 28 37 29 5 0 1 
3 6 8 0 76 6 2 9 
0 3 34 33 16 0 8 3 
7 4 40 44 41 9 3 5 
3 3 62 67 38 6 4 3 
7 9 55 66 37 0 5 9 
8 7 17 49 25 4 1 1 
9 3 7 40 40 1 4 5 
8 4 43 37 40 9 0 5 
3 0 18 53 119 2 9 8 
2 4 38 32 51 7 7 9 
6 6 24 62 56 6 2 5 
5 1 51 76 31 9 3 7 
3 7 15 62 69 5 0 3 
7 8 16 58 65 7 5 8 
6 1 16 64 27 2 3 3 
6 3 41 29 42 2 2 4 
8 8 46 61 56 5 9 7 
6 3 0 76 19 3 2 7 
0 9 27 48 83 8 8 3 
1 4 53 76 88 3 4 5 
8 6 37 49 64 9 7 3 
2 6 17 68 55 8 2 5 
9 3 47 71 70 6 2 2 
2 5 42 63 37 0 1 7 
9 9 49 73 48 8 6 6 
6 1 33 40 76 3 9 6 
5 7 26 67 76 0 6 3 
2 2 66 50 45 5 7 9 
9 4 21 97 18 0 3 2 
8 1 37 68 20 7 4 7 
0 7 44 18 53 8 9 2 
2 4 67 33 41 4 9 1 
6 5 22 46 51 9 3 0 
1 7 69 29 45 7 3 8 
8 7 20 56 53 2 3 8 
5 9 34 64 35 6 4 2 
4 4 46 25 74 1 9 8 
0 0 30 92 57 1 0 4 
4 2 34 59 66 6 5 7 
2 3 29 55 53 3 2 3 
6 1 27 65 17 3 9 2 
8 6 37 55 65 8 3 6 
4 5 17 26 31 2 4 1 
4 9 35 50 14 7 9 8 
8 6 47 53 34 9 1 3 
7 9 41 43 13 5 3 8 
1 2 24 45 54 2 1 9 
2 3 32 34 54 1 4 8 
4 5 33 56 60 0 8 8 
6 1 56 68 44 6 9 5 
2 0 8 78 79 4 3 7 
4 0 67 36 74 2 8 4 
4 7 51 58 10 2 7 9 
2 7 42 33 68 4 1 7 
9 8 47 56 43 9 5 9 
5 0 0 63 56 1 2 1 
5 0 22 55 29 2 8 6 
7 3 22 68 55 8 3 0 
4 6 28 27 41 7 0 5 
2 8 37 48 43 8 6 2 
1 2 46 22 52 2 4 3 
3 4 20 52 41 9 3 4 
3 6 26 57 35 6 0 2 
0 6 28 51 23 9 0 1 
9 9 31 31 56 2 8 8 
3 2 66 27 31 6 0 0 
5 6 0 40 27 5 7 8 
0 2 25 16 93 4 7 5 
5 3 30 54 59 3 3 8 
9 1 10 74 48 5 1 8 
9 8 12 0 33 2 3 3 
1 2 8 68 39 9 1 3 
3 9 16 52 86 9 3 8 
3 3 0 59 58 3 1 8 
5 0 27 35 17 7 6 5 
2 7 62 65 49 2 7 4 
3 8 15 55 37 5 6 8 
9 6 35 0 69 3 6 4 
1 7 11 26 46 6 9 3 
3 3 24 28 83 0 3 6 
9 8 0 68 41 7 5 8 
4 4 13 71 59 9 6 1 
4 8 71 51 46 2 0 5 
4 9 86 33 56 9 5 6 
5 3 44 81 67 8 7 2 
2 2 10 65 45 8 9 0 
0 4 56 24 55 1 9 8 
0 1 9 70 31 3 1 6 
7 8 38 27 44 4 1 5 
4 2 24 53 20 3 1 8 
2 9 53 72 39 0 5 5 
2 6 45 64 59 4 0 9 
8 8 82 44 13 2 1 9 
4 2 64 41 53 2 3 2 
2 6 5 30 45 6 9 8 
7 7 26 66 42 6 1 0 
9 9 54 52 49 0 0 7 
5 7 30 58 86 4 2 7 
8 8 32 44 10 5 0 6 
1 1 5 77 57 6 4 4 
8 1 1 28 64 1 5 5 
0 6 16 72 43 7 7 0 
0 7 54 42 54 0 7 5 
7 4 38 41 44 7 0 6 
3 4 46 34 53 4 1 9 
0 6 1 59 50 6 6 0 
0 5 51 20 46 8 1 9 
6 5 40 23 52 1 6 8 
0 3 46 76 61 2 5 6 
8 9 32 77 22 7 9 8 
6 9 25 21 26 4 6 9 
4 3 6 29 56 5 1 1 
2 6 22 42 71 4 6 3 
1 2 73 44 39 2 5 4 
5 3 19 56 45 2 3 3 
0 3 15 84 55 3 2 7 
5 9 10 48 59 9 7 6 
2 6 22 66 17 0 6 8 
3 2 5 70 77 2 3 8 
7 4 0 28 39 0 7 7 
2 8 68 51 36 0 1 8 
9 9 51 50 46 1 6 2 
1 8 32 35 78 8 3 6 
1 7 90 26 93 2 8 9 
3 9 43 45 40 2 9 9 
6 8 52 35 69 8 3 3 
3 8 23 74 42 2 6 8 
1 3 32 42 45 8 0 7 
9 4 18 40 14 9 0 0 
1 4 42 40 58 9 6 4 
3 1 12 29 72 5 2 6 
0 2 41 19 30 4 6 5 
7 8 58 42 60 1 9 1 
5 1 6 26 38 9 9 2 
5 5 29 45 84 0 4 7 
5 9 69 27 25 7 1 2 
1 7 72 38 55 0 1 0 
0 0 39 75 64 2 8 0 
7 5 62 44 75 5 1 2 
9 8 45 87 60 9 5 0 
9 5 42 62 52 8 2 1 
3 7 10 53 10 9 8 1 
7 8 37 38 28 6 7 3 
7 4 25 31 40 3 0 1 
3 4 0 34 45 4 3 5 
3 8 39 90 24 6 6 8 
8 8 9 47 70 5 7 3 
8 4 40 66 66 9 5 6 
7 3 13 76 89 1 6 7 
4 8 20 67 14 3 8 8 
0 5 43 46 45 2 1 1 
3 1 31 43 4 6 3 7 
6 8 37 46 34 8 6 1 
5 3 37 36 39 1 9 7 
2 0 30 26 62 5 0 1 
0 4 23 20 26 9 6 2 
0 3 47 27 56 0 1 6 
1 9 29 39 43 1 8 8 
2 2 38 67 84 4 2 3 
3 4 3 62 29 1 8 6 
3 7 0 50 42 9 8 6 
2 3 26 58 63 1 4 3 
1 0 5 40 76 1 8 6 
2 2 42 47 18 5 9 5 
7 3 38 41 67 3 7 5 
1 8 5 83 66 3 4 9 
9 5 2 76 48 5 7 8 
1 8 19 48 34 7 9 2 
3 4 27 58 75 8 6 9 
8 5 47 65 15 9 6 8 
8 9 0 56 18 0 0 0 
1 7 19 56 52 0 1 0 
7 8 55 56 47 8 2 5 
0 2 27 51 25 7 6 6 
1 2 0 35 43 0 1 4 
1 1 18 61 55 5 1 5 
1 9 40 12 31 8 9 0 
7 3 28 51 41 9 8 0 
9 6 28 47 49 6 7 2 
2 2 70 25 38 5 9 2 
1 2 47 35 54 3 1 1 
3 7 0 66 56 7 9 2 
0 1 21 64 45 9 6 9 
5 7 65 62 32 1 6 4 
6 4 24 53 68 4 6 1 
3 3 45 43 55 1 1 5 
6 8 25 27 57 4 5 8 
6 8 73 65 16 7 6 8 
4 2 24 94 61 2 9 3 
9 5 23 27 62 1 0 0 
5 9 4 77 34 3 8 3 
9 9 13 35 37 7 0 2 
6 6 8 32 10 8 3 4 
0 7 15 74 58 5 4 7 
0 0 26 77 67 7 7 7 
4 3 43 45 35 0 9 4 
1 3 32 47 63 8 2 5 
0 4 28 103 74 4 8 2 
6 9 49 48 59 4 8 3 
0 2 60 53 18 0 7 7 
3 6 17 27 42 9 0 6 
6 0 48 33 65 0 7 4 
5 6 8 22 53 6 1 2 
1 8 43 52 62 6 8 5 
0 2 30 36 27 2 5 1 
0 8 60 75 73 4 3 3 
0 0 50 33 37 7 9 5 
6 5 21 46 45 7 7 3 
1 1 21 32 38 5 5 3 
2 9 4 50 16 0 5 1 
5 6 0 78 82 2 2 7 
6 9 0 35 51 3 5 0 
6 9 21 51 48 7 3 3 
5 0 20 27 23 7 4 0 
1 2 23 56 41 8 3 7 
0 9 41 23 54 3 1 0 
1 3 42 24 43 1 0 7 
2 3 30 41 58 7 0 0 
9 2 58 63 63 0 3 2 
3 7 43 49 84 1 5 6 
5 2 9 49 0 8 4 7 
6 6 6 82 56 2 3 4 
1 1 24 4 86 2 6 9 
5 1 52 64 75 8 0 3 
0 9 29 62 78 1 8 0 
1 0 0 46 32 1 9 1 
5 2 50 41 52 3 3 0 
8 0 39 10 61 6 4 8 
8 2 24 29 24 9 2 3 
0 8 42 54 11 9 1 9 
0 5 13 8 35 9 9 7 
6 6 25 55 30 9 5 0 
1 8 45 44 65 2 7 1 
4 2 21 42 41 6 7 5 
1 0 0 59 76 5 2 4 
7 1 19 26 69 9 1 3 
5 4 0 80 86 6 0 4 
1 6 15 45 60 7 7 7 
8 9 27 47 39 8 9 4 
9 8 4 50 45 1 2 1 
1 8 7 37 24 2 8 1 
8 8 15 52 43 4 9 2 
1 1 42 70 75 1 1 7 
3 1 47 53 40 0 7 9 
5 2 27 41 40 0 0 9 
8 8 31 43 61 7 3 2 
4 1 28 31 42 1 9 1 
5 0 48 92 50 6 4 1 
6 7 0 56 48 1 8 9 
7 9 61 72 35 1 9 6 
3 0 23 66 57 1 5 9 
1 6 42 45 59 4 7 7 
9 8 23 49 69 9 8 2 
4 7 0 46 45 4 2 1 
2 9 28 75 55 8 2 3 
6 4 15 53 38 2 5 0 
8 6 31 61 61 8 2 0 
0 3 29 63 42 3 1 7 
2 6 46 50 61 7 7 0 
6 9 30 69 42 7 4 8 
9 7 19 26 46 7 8 9 
3 1 6 16 16 1 9 1 
9 3 33 46 21 1 8 1 
7 6 52 42 57 2 5 4 
2 8 4 53 35 2 6 6 
3 7 37 26 58 5 5 8 
4 1 46 98 38 4 3 0 
1 5 24 46 40 3 5 1 
7 8 0 46 67 3 0 2 
7 8 29 23 46 7 7 3 
5 2 47 37 29 7 7 3 
9 9 0 53 71 2 8 3 
0 2 19 74 17 7 6 5 
0 8 50 30 33 7 6 3 
2 8 26 64 10 4 6 0 
4 5 28 38 20 4 3 2 
2 3 55 46 60 0 1 8 
5 9 32 53 30 1 5 5 
6 0 0 66 52 9 6 1 
2 9 63 49 48 0 4 7 
4 9 59 46 59 3 5 3 
6 9 0 41 62 8 4 9 
4 7 37 19 34 7 5 0 
6 0 50 52 50 0 0 1 
2 8 0 20 35 8 1 1 
7 8 7 61 43 6 1 4 
8 7 12 5 71 9 6 1 
6 7 45 41 57 6 2 2 
9 4 0 39 51 2 6 7 
8 7 57 57 47 6 6 1 
5 4 4 30 17 9 9 3 
2 8 68 80 54 8 4 8 
0 2 36 45 29 7 3 5 
6 9 42 10 50 8 5 9 
9 0 10 47 44 4 6 3 
8 6 42 43 64 6 7 7 
9 7 35 19 76 5 9 3 
1 4 81 52 0 7 1 0 
8 6 13 49 49 3 0 6 
7 8 31 46 64 7 6 7 
9 2 30 78 66 1 0 0 
6 7 35 99 28 3 2 0 
9 0 0 41 64 7 1 5 
4 7 25 62 45 5 4 4 
1 6 19 28 76 4 1 9 
8 2 62 71 48 6 3 9 
8 6 36 20 31 1 9 0 
4 6 20 34 42 4 2 5 
7 2 6 46 67 5 7 4 
5 0 36 71 73 6 8 8 
5 3 27 32 49 5 2 2 
1 2 19 52 2 2 7 2 
8 4 34 24 61 2 1 9 
6 2 35 61 102 0 3 4 
1 9 28 35 41 5 7 4 
0 3 18 49 40 6 5 8 
6 4 72 27 50 3 5 6 
1 6 57 39 65 0 9 5 
0 7 20 37 40 7 3 3 
1 0 61 34 46 2 1 8 
6 3 25 28 44 5 4 0 
1 0 41 54 14 5 1 1 
1 5 24 52 114 8 5 4 
6 1 32 53 55 3 0 2 
4 2 8 67 85 2 6 0 
2 6 0 72 67 2 7 6 
1 8 50 60 25 9 9 3 
4 2 34 47 76 1 7 6 
9 6 48 32 28 4 1 6 
3 8 21 27 55 7 3 1 
7 1 24 83 42 4 1 4 
6 5 3 54 46 8 6 4 
9 7 41 46 27 6 1 7 
1 5 30 45 69 7 1 1 
4 2 21 42 71 9 1 0 
6 6 21 41 52 2 3 3 
9 0 5 51 11 6 4 3 
4 2 73 26 65 6 8 5 
6 7 23 41 57 9 0 5 
3 7 30 54 51 0 7 3 
8 3 37 16 97 9 7 9 
9 4 33 46 33 3 2 6 
0 2 7 43 66 4 0 0 
5 2 0 87 52 1 9 7 
9 8 28 8 48 6 6 2 
8 2 62 102 46 9 9 9 
4 4 34 28 37 3 0 2 
5 1 9 86 56 4 8 5 
5 7 54 55 71 0 6 9 
5 6 26 47 76 8 3 8 
2 3 18 27 60 0 8 6 
6 5 8 64 48 7 4 0 
4 7 38 115 16 5 5 0 
8 6 38 91 63 4 4 1 
6 5 22 73 64 1 9 5 
9 1 17 31 45 0 3 2 
7 7 40 34 37 1 0 6 
5 0 0 18 33 1 7 5 
0 2 50 20 35 5 0 3 
5 1 18 32 72 5 1 1 
6 5 10 52 31 1 3 0 
5 3 55 81 40 9 4 1 
3 3 46 81 59 1 9 2 
8 5 5 33 46 1 4 7 
1 3 23 59 56 0 7 1 
9 8 37 36 24 5 5 7 
8 8 42 47 32 5 4 3 
8 2 17 16 59 8 2 9 
7 2 11 23 94 5 1 3 
3 1 9 32 52 6 1 4 
3 1 42 40 69 2 1 0 
6 8 27 33 46 0 3 4 
9 8 20 25 51 9 0 4 
9 9 23 32 18 5 9 2 
5 0 41 37 33 3 3 3 
7 0 7 50 49 6 7 1 
3 6 43 75 47 5 2 6 
4 7 51 94 31 7 9 5 
6 7 0 43 29 6 8 0 
0 4 38 45 24 0 4 7 
1 9 52 67 42 2 8 2 
3 1 41 67 72 3 7 3 
3 7 16 42 22 6 0 6 
9 5 39 62 50 9 7 2 
0 7 76 50 57 2 3 2 
1 7 32 68 39 8 2 0 
8 0 33 44 94 8 1 4 
2 7 34 81 81 7 1 7 
6 3 55 46 68 7 1 9 
9 9 6 62 51 6 0 3 
1 9 29 54 29 2 7 9 
7 3 35 22 31 4 0 7 
8 9 56 47 50 9 5 3 
8 7 25 66 56 7 7 5 
8 1 37 46 42 0 6 8 
2 3 27 37 26 5 1 8 
5 9 26 19 33 4 0 0 
2 2 11 54 56 7 2 4 
9 6 10 72 50 3 5 6 
1 7 22 61 42 3 6 2 
2 8 26 35 37 6 0 1 
2 2 72 84 59 0 6 2 
7 1 36 70 70 4 6 3 
4 3 33 50 50 9 2 4 
1 6 12 70 28 0 6 0 
5 4 29 32 50 1 8 8 
4 0 6 51 73 2 8 9 
7 7 19 79 36 5 6 9 
1 4 17 81 37 5 9 8 
9 5 0 53 6 6 3 9 
2 7 43 52 33 5 3 8 
4 4 47 67 86 5 3 4 
9 9 50 53 33 6 6 7 
6 0 68 23 51 1 3 4 
4 5 33 40 49 2 2 4 
8 2 45 42 35 2 0 5 
8 0 19 14 57 6 8 4 
2 8 21 62 63 2 0 7 
6 1 46 45 64 7 4 6 
8 1 42 37 46 2 9 7 
4 9 29 64 31 5 2 8 
2 3 44 79 20 8 8 4 
9 2 40 53 48 3 8 1 
1 2 39 43 0 8 2 2 
4 5 0 78 35 3 3 6 
0 5 0 93 43 1 0 9 
9 1 32 62 54 6 9 4 
8 8 19 72 79 8 4 1 
6 1 22 33 56 1 3 5 
6 3 39 49 55 3 3 7 
5 0 49 90 62 3 9 8 
8 3 0 71 35 3 7 7 
1 4 48 92 51 6 9 3 
4 3 66 35 23 9 9 3 
3 4 59 80 56 2 3 5 
4 3 51 72 52 5 1 6 
3 0 16 59 76 5 7 3 
7 6 12 71 79 0 0 7 
9 4 12 50 75 4 3 1 
1 0 50 38 71 2 9 1 
5 2 34 51 58 8 7 7 
1 5 62 45 36 9 1 3 
2 8 18 44 63 0 2 8 
7 7 11 36 46 6 0 6 
3 4 24 54 32 2 0 1 
7 0 12 77 38 9 4 4 
7 1 66 2 26 1 3 1 
1 6 18 94 69 8 5 6 
3 5 30 42 9 9 9 0 
3 1 0 55 38 6 6 0 
0 6 32 26 41 8 3 9 
9 0 40 59 64 6 0 4 
8 3 10 57 64 0 4 7 
5 5 21 55 61 8 1 2 
7 5 92 61 76 2 9 5 
9 9 0 73 28 9 5 8 
9 2 25 46 29 8 1 3 
2 8 36 49 41 7 7 3 
5 3 48 43 44 9 1 7 
0 7 7 10 69 4 3 4 
7 0 6 21 65 2 2 4 
5 8 39 58 70 8 0 6 
7 8 38 41 33 9 8 9 
7 4 31 91 38 9 0 5 
4 4 39 33 62 6 9 1 
5 8 21 56 25 2 7 2 
2 3 23 45 32 0 9 0 
0 6 15 30 31 4 1 6 
9 5 38 76 46 3 2 3 
4 3 27 49 34 4 6 5 
9 0 85 63 50 8 3 6 
5 3 12 40 51 8 0 8 
0 1 19 74 46 7 4 3 
8 3 0 54 65 4 3 7 
7 6 46 69 90 7 4 1 
5 7 14 28 82 6 1 6 
6 0 9 53 87 0 7 7 
0 1 43 58 48 7 7 4 
3 0 22 19 40 3 3 5 
9 6 66 87 47 7 4 4 
2 8 13 105 45 6 9 5 
2 8 0 60 53 0 9 2 
5 9 49 51 53 3 5 7 
2 5 5 47 35 3 6 3 
9 0 15 31 42 4 7 7 
8 5 63 38 72 1 9 6 
6 1 36 55 46 0 3 4 
1 6 24 54 30 8 3 9 
8 7 32 71 55 5 0 7 
3 8 7 50 89 0 4 0 
4 9 52 23 36 6 5 4 
8 8 12 42 49 8 8 0 
9 9 46 55 24 1 1 5 
9 2 53 25 42 5 5 7 
2 5 0 36 39 4 4 0 
6 7 22 67 44 8 2 7 
0 4 37 52 44 0 0 3 
6 2 40 65 55 1 4 0 
5 2 41 51 63 8 7 8 
9 1 79 96 28 5 3 1 
3 2 4 83 74 8 4 8 
8 6 1 37 61 9 5 4 
1 5 29 55 56 0 2 5 
2 7 23 58 32 2 7 4 
9 5 26 36 80 7 5 7 
1 3 0 46 45 9 2 5 
1 1 0 37 27 9 1 7 
4 0 32 58 53 6 4 9 
3 4 0 30 41 9 2 3 
8 8 26 73 76 3 6 2 
9 9 56 64 74 5 9 4 
6 8 46 82 54 9 2 8 
4 1 47 46 55 3 7 9 
9 0 62 18 82 0 4 9 
1 0 6 86 96 6 3 1 
4 1 45 89 81 1 6 7 
7 1 39 30 22 9 1 9 
4 2 33 77 31 4 3 9 
1 5 10 88 89 2 4 2 
7 3 8 89 28 6 6 5 
3 9 35 40 53 9 6 3 
5 8 2 49 50 7 4 5 
1 5 9 42 37 8 7 1 
6 8 18 47 52 2 8 6 
7 8 26 58 32 3 6 0 
6 2 21 70 59 1 8 4 
5 6 39 60 69 6 5 3 
5 0 0 36 49 2 5 3 
4 6 31 52 34 7 7 1 
3 8 11 13 74 6 5 5 
5 3 36 48 48 9 0 1 
1 4 67 74 63 2 6 4 
7 3 17 51 49 0 9 5 
4 3 44 4 59 6 4 3 
3 3 26 49 39 6 4 0 
8 8 20 57 53 2 8 6 
9 5 10 30 54 4 5 8 
6 8 50 6 7 9 3 0 
2 2 32 66 22 8 7 4 
1 7 16 65 22 2 1 4 
9 5 64 71 65 7 4 7 
8 9 37 63 52 2 6 8 
6 2 14 77 53 6 2 8 
3 0 20 42 59 6 0 1 
2 5 0 42 26 6 6 9 
6 9 26 58 25 4 3 8 
6 0 14 46 32 8 7 2 
1 5 32 58 72 5 8 2 
9 1 72 53 6 5 3 6 
4 6 35 50 61 9 6 1 
4 8 2 49 55 0 6 7 
5 4 0 32 25 4 4 7 
7 5 33 10 68 8 1 0 
2 9 58 85 45 4 3 1 
0 0 49 36 44 6 3 0 
8 5 19 35 53 5 2 7 
2 3 13 46 75 5 4 4 
8 9 40 81 83 3 1 9 
5 1 68 26 57 4 9 1 
8 8 7 45 21 8 4 1 
0 8 20 46 49 2 4 5 
6 5 63 27 93 1 7 5 
0 6 49 35 73 7 1 9 
2 2 57 43 48 5 6 7 
7 4 47 35 53 2 0 4 
7 5 49 53 54 5 7 7 
3 6 34 48 20 0 4 6 
6 7 59 58 60 5 4 9 
4 8 21 46 95 9 5 2 
2 1 43 94 42 3 6 5 
8 3 17 53 52 6 4 7 
0 9 50 36 39 8 2 5 
0 4 0 57 60 7 2 1 
7 8 1 25 58 6 5 9 
2 2 0 21 49 7 9 0 
6 8 30 28 77 8 6 5 
5 5 19 57 54 9 0 2 
3 0 71 19 92 7 6 7 
6 3 0 21 40 7 8 8 
6 6 19 83 61 9 6 0 
7 3 32 40 56 5 5 8 
2 0 3 44 57 2 0 8 
4 4 41 37 14 9 9 6 
2 6 37 32 8 3 5 4 
4 5 29 33 57 9 2 1 
6 0 0 23 55 6 4 3 
0 3 45 57 8 5 6 3 
1 0 23 31 56 8 0 8 
3 3 38 10 70 0 5 4 
9 7 11 38 37 5 8 8 
7 9 10 36 74 1 7 3 
8 9 89 44 64 3 6 8 
1 3 0 44 55 4 4 6 
4 5 0 44 60 6 8 7 
1 2 0 27 29 9 9 0 
9 7 34 86 34 0 9 5 
4 0 51 67 60 7 0 5 
5 3 33 53 39 5 6 5 
2 6 74 38 87 4 1 0 
1 2 21 35 56 5 5 4 
4 5 21 38 66 7 8 0 
1 4 0 44 70 6 0 0 
2 1 29 28 94 6 7 0 
3 7 41 70 42 9 1 4 
8 5 60 63 47 3 9 0 
9 2 15 60 49 1 8 3 
8 5 13 45 70 3 0 2 
6 1 49 17 69 1 7 0 
8 3 34 46 32 9 6 0 
1 9 30 42 72 4 2 7 
8 7 17 48 50 5 7 2 
8 6 22 20 38 8 5 2 
3 0 28 18 29 8 0 3 
7 0 74 90 16 6 4 7 
9 5 1 29 26 0 4 7 
0 3 61 62 42 2 5 8 
8 7 44 25 75 4 4 6 
9 1 34 22 21 7 7 7 
9 2 43 41 76 8 7 9 
6 7 39 88 101 6 9 2 
7 3 36 60 66 2 2 4 
7 8 36 42 72 4 3 8 
6 4 9 47 66 6 5 0 
9 1 20 26 66 1 5 4 
4 1 47 35 56 7 4 4 
1 5 43 53 40 5 4 2 
3 3 15 20 96 8 5 5 
4 3 13 70 48 6 3 6 
6 9 2 60 79 3 2 7 
4 2 56 36 47 2 9 5 
7 5 42 88 53 9 8 0 
0 0 35 74 15 8 2 3 
0 3 15 65 31 0 8 0 
8 6 71 28 40 8 7 4 
8 3 50 57 69 5 7 5 
7 4 43 54 70 1 8 1 
0 6 34 11 48 8 2 7 
6 3 19 44 15 9 5 5 
0 7 19 13 72 3 8 1 
1 1 25 78 52 2 4 2 
2 3 30 37 38 5 8 7 
5 9 28 58 41 0 2 9 
5 5 7 54 73 1 3 4 
6 0 38 60 22 3 2 6 
5 9 31 41 46 1 2 1 
9 5 50 89 29 6 5 9 
9 6 9 62 74 2 1 3 
0 9 28 69 27 9 0 3 
6 8 18 33 56 1 7 9 
7 4 13 46 26 2 3 2 
5 9 11 33 35 7 5 0 
4 1 43 17 62 1 1 0 
6 1 23 5 55 8 1 4 
8 7 25 61 62 7 3 5 
1 8 35 31 40 1 6 0 
1 9 65 45 54 9 5 5 
2 3 26 47 54 8 7 5 
9 6 38 46 39 2 9 0 
3 5 2 39 47 7 8 4 
0 0 25 60 22 9 6 2 
4 2 0 66 64 3 9 2 
8 5 0 42 28 5 7 2 
4 5 15 20 30 4 3 7 
2 5 49 53 45 6 9 9 
2 7 5 64 71 1 7 5 
2 2 13 73 76 2 5 0 
2 9 17 33 37 2 7 0 
8 5 26 53 52 6 9 6 
2 9 10 33 11 2 4 7 
3 3 0 45 58 7 2 1 
7 0 48 29 44 5 5 2 
9 0 47 71 102 8 7 0 
1 8 41 46 37 9 9 3 
1 4 41 42 70 3 9 7 
8 6 9 63 66 0 7 1 
6 1 42 99 47 8 8 0 
5 9 55 40 57 6 2 1 
3 7 58 102 50 1 0 3 
0 1 16 52 35 5 3 4 
2 8 26 69 60 6 7 5 
3 4 11 62 32 9 7 8 
1 1 38 51 94 3 6 9 
2 9 50 51 69 2 5 2 
7 0 75 52 53 6 8 2 
9 1 31 19 10 8 3 2 
1 3 3 63 47 5 8 1 
3 9 36 62 63 9 7 0 
9 2 59 65 54 9 0 8 
8 0 29 29 65 1 3 2 
2 7 23 14 49 1 7 2 
1 4 23 26 52 3 2 4 
0 9 62 34 42 3 3 5 
0 8 17 63 45 5 8 5 
2 6 40 55 57 7 3 3 
4 2 5 48 55 9 7 8 
2 1 53 49 42 4 0 2 
9 6 40 0 46 3 1 7 
3 3 42 44 70 0 5 4 
4 5 49 26 14 5 7 9 
9 6 34 24 57 2 6 8 
2 3 0 61 40 2 2 8 
2 8 30 57 67 7 4 7 
0 5 45 57 44 9 9 0 
9 3 42 44 70 4 9 9 
3 1 49 44 45 5 6 0 
4 4 20 44 52 5 6 6 
2 0 63 13 118 2 5 2 
1 7 14 47 53 5 8 1 
5 6 31 84 62 5 4 1 
2 8 42 70 44 4 1 8 
4 3 57 51 45 5 5 9 
3 9 34 81 83 8 4 0 
5 7 26 52 47 3 8 4 
4 8 46 45 34 7 1 1 
9 6 36 32 84 2 2 0 
0 3 46 55 58 2 9 4 
4 9 22 31 44 0 4 5 
8 2 0 50 47 8 8 6 
6 0 5 28 33 6 0 3 
7 0 48 64 82 7 8 0 
6 0 4 41 55 9 0 3 
3 6 52 70 28 7 5 5 
0 8 32 16 45 2 8 2 
0 0 19 68 28 1 5 9 
4 1 36 56 31 8 0 2 
6 4 36 70 29 4 4 2 
9 5 40 42 52 9 3 3 
8 7 31 41 24 5 6 8 
2 7 13 35 86 2 3 5 
7 2 28 71 66 4 9 8 
9 7 28 36 78 8 4 6 
2 3 25 67 23 0 1 7 
6 4 33 68 35 9 5 8 
6 5 34 36 39 0 2 9 
9 9 53 44 37 3 3 1 
0 1 30 49 35 7 9 8 
3 4 20 32 10 7 6 7 
2 9 41 67 37 6 1 9 
6 3 16 48 37 8 0 0 
0 4 39 33 67 0 2 4 
0 2 38 44 55 0 0 1 
8 1 27 93 8 6 3 8 
2 1 82 63 39 6 1 0 
5 4 49 43 29 0 6 9 
9 0 18 56 72 4 5 8 
4 3 37 62 84 5 8 0 
6 5 33 12 23 5 3 5 
9 9 18 65 18 8 4 1 
4 5 33 43 33 5 4 0 
8 6 83 60 19 3 3 8 
1 6 29 39 72 9 8 6 
7 6 11 28 63 2 5 7 
6 1 19 37 78 9 0 4 
2 9 23 40 32 6 6 3 
3 1 54 50 46 4 3 9 
2 9 29 38 38 4 5 6 
1 2 29 57 49 9 2 1 
9 6 68 1 35 9 4 3 
9 5 32 65 40 5 8 0 
3 6 60 48 38 3 7 8 
8 6 17 55 74 3 0 1 
9 5 0 45 38 9 1 7 
5 8 38 72 26 5 3 4 
8 2 24 10 45 2 4 5 
1 1 24 37 54 4 5 6 
8 0 46 44 44 9 4 9 
4 5 26 44 49 4 6 5 
0 0 30 46 61 5 2 4 
2 8 55 42 57 7 3 6 
7 5 19 59 85 4 7 7 
4 7 40 55 47 7 8 8 
0 5 17 51 40 8 4 1 
4 2 18 52 19 2 1 0 
9 3 26 74 63 1 5 7 
1 2 48 60 64 4 1 5 
8 0 50 78 58 8 4 4 
9 9 2 41 25 9 9 5 
9 7 59 62 21 2 1 9 
7 7 0 53 39 9 1 1 
5 6 31 72 54 4 1 2 
7 3 4 42 87 4 5 9 
8 4 6 39 35 8 6 7 
9 1 15 61 66 8 7 3 
6 4 3 50 19 3 3 0 
7 1 46 44 15 1 9 2 
3 0 29 62 20 3 6 7 
9 5 46 35 15 1 1 0 
8 9 7 61 65 5 6 0 
2 0 41 43 56 1 3 1 
0 3 11 51 53 1 2 7 
7 0 55 37 29 3 4 9 
1 3 23 94 59 6 1 4 
2 7 29 44 35 0 9 6 
3 4 25 41 34 8 9 9 
9 3 23 43 63 5 2 8 
3 9 23 56 52 9 9 7 
0 9 45 58 50 8 7 7 
0 8 0 68 63 7 2 5 
1 1 38 30 52 1 4 8 
4 3 15 37 67 8 4 8 
7 8 24 48 31 9 1 4 
4 0 48 40 44 6 6 8 
9 9 32 39 55 6 9 9 
4 7 5 55 65 3 4 4 
8 4 11 37 31 1 2 6 
1 8 35 45 32 4 5 5 
7 1 59 54 80 3 2 8 
4 5 46 40 71 3 2 8 
4 2 0 49 25 4 8 4 
4 6 37 52 82 3 8 5 
6 2 17 65 70 0 2 0 
2 0 39 32 38 3 5 8 
3 0 77 110 53 3 1 6 
2 8 29 46 31 7 5 8 
1 4 33 62 31 2 6 5 
5 9 13 60 42 4 9 2 
7 8 13 56 57 3 8 1 
6 6 20 55 57 1 8 1 
4 4 14 46 43 0 3 8 
4 5 57 60 30 5 6 6 
2 7 16 34 64 1 6 5 
7 9 23 34 65 0 2 3 
3 0 46 48 59 9 2 9 
6 8 3 84 58 6 2 2 
4 8 31 57 65 8 8 2 
2 1 31 31 59 1 1 6 
8 1 12 24 82 5 7 9 
7 8 11 56 60 5 8 4 
8 5 22 78 55 1 3 9 
7 5 0 45 25 3 0 0 
3 1 70 55 27 3 1 8 
8 2 33 31 49 5 8 4 
4 5 42 50 65 6 9 5 
1 4 63 65 43 7 9 9 
3 9 22 58 21 2 2 5 
1 3 18 25 41 6 5 6 
2 3 36 25 55 1 0 3 
3 3 21 60 44 6 9 4 
5 5 1 55 37 7 0 6 
7 6 4 63 17 0 6 4 
7 5 71 13 68 3 5 9 
4 4 18 64 15 2 6 0 
2 2 22 43 28 5 5 7 
1 4 49 32 47 9 4 7 
2 9 62 34 65 5 6 8 
0 9 30 53 63 5 5 5 
8 1 40 6 54 9 7 4 
7 6 27 69 44 6 3 3 
3 1 4 56 49 6 9 7 
0 4 2 102 39 6 6 1 
2 2 0 41 60 3 0 2 
7 1 20 92 78 1 1 3 
7 4 48 57 88 1 1 5 
1 1 22 59 53 4 7 4 
2 9 56 60 11 9 4 9 
1 8 24 56 26 9 6 3 
7 0 21 62 49 3 9 7 
9 6 67 41 65 5 0 5 
9 7 43 49 72 2 5 3 
4 4 18 65 52 7 3 5 
0 5 0 11 55 3 3 3 
6 9 59 40 27 4 8 6 
5 9 8 41 59 0 7 0 
3 4 13 68 46 4 6 5 
9 4 17 3 32 8 6 0 
5 0 53 41 49 9 4 3 
9 2 27 29 65 9 1 8 
9 1 6 82 39 6 4 6 
8 0 38 30 44 5 3 5 
1 3 30 40 57 9 5 8 
9 4 47 90 45 5 6 1 
8 6 11 49 86 5 5 8 
3 6 50 29 30 6 0 6 
9 6 0 41 64 0 6 4 
1 4 38 26 47 5 5 9 
7 9 37 50 75 3 6 0 
5 5 65 37 51 5 6 4 
8 6 45 41 43 9 6 5 
6 5 57 80 48 1 0 5 
2 6 40 25 64 7 8 1 
2 3 56 105 50 3 7 2 
2 9 35 57 63 3 8 5 
5 7 31 68 32 4 4 2 
3 7 42 31 11 6 6 9 
4 0 44 55 42 6 7 4 
3 0 59 32 41 5 4 2 
3 2 0 74 61 1 9 5 
9 5 8 83 36 3 2 8 
1 2 10 99 20 7 2 9 
0 9 11 40 44 9 9 8 
8 2 47 20 42 0 4 2 
6 7 40 39 83 6 0 5 
4 9 39 40 80 4 2 3 
3 8 27 67 63 2 3 0 
2 1 43 37 80 4 8 3 
4 8 50 61 76 9 6 7 
9 9 1 48 44 5 4 4 
2 2 18 39 40 9 1 5 
9 4 33 47 40 1 1 1 
6 2 11 39 42 8 5 8 
5 7 0 55 50 7 0 5 
8 6 35 58 55 2 1 0 
6 5 61 57 41 4 6 3 
7 6 43 70 37 7 1 4 
2 4 60 45 56 7 7 1 
9 5 39 73 40 7 4 7 
4 9 3 41 35 2 0 4 
4 4 53 34 68 6 8 0 
2 8 17 8 64 9 0 4 
9 8 45 31 54 2 5 3 
3 2 50 34 61 6 8 3 
6 3 19 49 36 2 0 9 
6 6 48 77 51 6 1 3 
4 7 61 62 41 1 6 1 
4 5 24 12 89 5 5 4 
4 0 48 77 53 0 9 2 
0 7 22 58 65 9 1 5 
7 5 9 28 46 3 2 3 
6 2 35 44 59 1 1 0 
2 8 44 69 56 0 5 6 
2 3 0 62 48 8 3 9 
2 4 0 60 81 2 5 1 
1 2 37 35 37 8 9 7 
9 1 55 31 67 6 9 1 
2 1 9 66 27 6 9 5 
5 0 1 76 78 4 8 1 
3 0 29 39 23 5 4 9 
1 3 30 46 37 0 5 4 
2 3 34 70 68 5 4 5 
1 5 27 42 8 5 0 8 
4 1 56 68 57 0 5 5 
8 9 30 35 76 9 7 9 
2 0 51 60 61 1 6 0 
7 0 50 43 55 1 6 8 
4 4 0 17 58 6 5 2 
0 3 0 91 58 3 8 0 
5 5 30 72 81 9 6 7 
4 1 8 65 67 8 2 7 
0 8 48 49 70 7 7 8 
3 9 35 52 73 3 9 7 
4 0 48 82 56 6 6 1 
1 1 35 59 62 2 8 8 
0 6 34 37 23 3 8 3 
2 2 21 53 52 3 9 5 
1 1 27 39 67 9 2 8 
0 7 20 67 82 8 8 6 
6 3 34 58 78 3 7 6 
9 1 0 59 57 7 8 0 
8 6 42 45 52 7 6 9 
1 7 41 50 45 5 7 8 
2 7 49 51 69 3 1 3 
5 0 25 41 37 6 8 6 
7 8 44 33 56 3 0 1 
9 1 44 63 58 7 1 9 
9 7 32 58 50 0 5 0 
4 1 27 30 88 3 4 5 
3 3 58 31 36 8 8 5 
0 2 13 93 30 7 9 5 
6 8 35 71 42 9 1 4 
7 4 67 72 48 3 4 5 
7 6 57 38 16 9 0 2 
0 3 7 59 23 6 8 7 
1 6 0 42 76 0 3 0 
1 4 26 50 1 2 0 2 
6 0 12 27 67 4 7 8 
8 9 42 73 55 9 0 6 
8 6 28 46 64 6 8 7 
9 0 0 55 41 9 6 7 
6 6 37 42 80 9 4 8 
9 9 4 54 39 8 8 4 
5 8 7 46 51 3 5 4 
3 0 50 87 69 1 8 8 
8 3 59 37 20 5 1 9 
2 0 21 59 30 5 4 4 
3 7 29 54 81 1 9 8 
5 3 45 62 70 0 8 0 
6 1 25 42 35 0 4 0 
3 0 57 49 57 6 0 3 
6 6 13 73 52 3 6 6 
4 8 21 82 6 6 6 3 
8 8 45 43 83 3 8 8 
3 8 53 63 23 2 6 3 
9 1 36 51 52 0 7 1 
1 7 8 28 30 7 3 5 
6 0 37 23 73 6 9 1 
1 2 0 81 35 0 5 3 
4 4 33 46 58 4 8 0 
6 2 28 56 50 1 8 1 
9 7 2 31 48 6 2 6 
3 2 31 51 71 3 1 1 
0 2 42 81 36 9 7 8 
1 8 42 91 29 1 0 3 
5 2 14 41 67 1 7 5 
1 0 16 61 67 5 2 3 
2 8 56 58 43 0 8 1 
1 1 18 36 67 2 5 7 
5 9 4 66 55 2 2 9 
0 9 21 51 51 7 3 8 
1 0 31 19 34 1 1 7 
2 2 29 44 47 5 7 2 
2 1 36 51 59 9 0 6 
6 4 55 27 55 5 9 0 
1 7 29 51 60 7 6 6 
8 4 7 49 60 7 9 0 
7 1 50 65 55 6 9 2 
4 6 38 63 65 8 0 1 
4 4 21 88 54 3 5 1 
2 7 24 30 87 2 5 1 
7 5 13 62 54 5 2 1 
7 9 22 41 72 1 6 0 
1 9 28 45 87 5 0 8 
4 4 51 16 39 5 2 4 
2 9 29 67 60 7 7 4 
5 6 15 39 74 2 2 2 
1 3 60 31 46 4 3 0 
2 2 54 44 30 1 8 7 
4 5 54 43 101 5 5 0 
9 5 43 60 82 8 5 9 
1 9 9 19 59 5 4 9 
5 2 40 68 42 5 5 4 
2 6 44 38 58 4 1 3 
2 3 7 25 58 5 0 0 
1 3 37 64 54 5 6 5 
5 0 28 40 69 9 9 4 
7 5 35 35 52 6 0 6 
0 1 56 71 66 2 5 0 
2 4 45 91 58 7 0 6 
2 0 35 57 54 4 1 4 
9 7 22 26 92 2 0 6 
8 3 40 37 58 3 1 8 
4 0 10 74 45 4 6 8 
3 6 41 39 35 4 0 2 
4 7 40 43 57 8 3 1 
7 9 39 46 30 6 5 0 
5 5 36 29 93 4 0 8 
1 8 76 50 25 8 0 9 
6 5 37 57 59 6 9 7 
0 7 27 6 21 4 0 1 
5 9 9 54 65 0 5 7 
8 1 48 51 26 0 2 6 
9 4 24 65 60 6 8 9 
2 9 31 79 57 5 7 3 
8 9 60 13 63 5 3 4 
4 7 16 43 48 4 1 5 
8 9 5 12 62 3 7 1 
5 9 12 41 51 7 7 9 
3 7 1 44 27 5 1 0 
4 6 62 68 48 6 5 6 
0 4 5 37 48 8 4 7 
2 1 58 39 39 3 6 4 
1 2 19 24 49 7 4 3 
0 8 21 61 38 4 6 8 
2 5 16 13 56 7 0 0 
4 2 28 46 50 7 3 2 
6 1 17 44 42 2 4 0 
9 8 59 47 68 2 4 4 
7 2 57 44 44 8 9 0 
0 4 41 42 59 9 0 3 
9 2 18 68 67 0 3 6 
2 1 46 48 56 8 0 4 
0 8 23 81 18 4 8 5 
1 7 15 40 43 5 1 4 
8 6 57 62 6 1 1 7 
3 1 42 54 49 7 0 9 
9 3 0 67 68 9 7 0 
5 6 27 54 67 5 1 8 
7 8 32 47 69 7 0 6 
8 4 34 35 37 1 6 9 
5 6 14 67 74 3 9 6 
7 6 16 57 63 8 0 7 
7 9 12 38 73 0 4 1 
8 2 36 35 53 2 8 5 
2 1 55 44 28 0 3 9 
7 9 45 57 32 2 0 2 
0 9 7 82 72 7 6 5 
4 1 0 46 64 4 4 9 
6 0 9 54 63 0 3 5 
7 9 40 27 33 0 4 7 
2 3 17 69 33 5 6 3 
4 8 2 47 35 8 7 4 
3 8 67 60 71 2 7 7 
2 0 48 71 78 0 5 6 
7 0 58 41 53 3 9 4 
3 2 6 49 59 7 7 7 
7 5 0 42 112 6 3 6 
8 7 0 32 44 7 6 7 
3 7 47 66 60 4 2 5 
2 4 35 12 73 0 7 0 
9 7 33 64 54 3 1 5 
5 3 0 69 34 9 0 8 
3 1 0 50 60 7 6 0 
0 5 12 32 85 5 2 7 
6 1 13 39 55 7 5 3 
0 0 41 0 44 6 9 8 
2 7 69 60 67 6 1 3 
9 7 39 31 33 4 9 7 
9 8 41 42 51 5 1 6 
3 6 37 0 27 9 8 9 
6 2 0 33 18 9 5 8 
6 1 30 44 10 6 0 9 
2 9 40 58 79 0 6 7 
2 3 32 44 44 0 9 7 
9 7 23 73 71 3 5 6 
0 1 36 76 24 5 3 9 
3 2 0 58 65 4 1 9 
7 9 56 35 69 5 7 1 
4 6 0 36 9 3 4 1 
3 8 33 72 76 1 7 4 
1 3 43 54 59 7 8 6 
9 2 38 49 88 5 9 5 
6 7 11 33 49 9 7 1 
7 4 39 58 77 3 2 0 
9 0 35 48 70 2 7 9 
8 9 50 57 69 0 6 0 
0 6 24 56 40 5 9 8 
7 3 39 61 53 6 6 2 
1 9 7 38 68 4 9 3 
2 1 33 65 46 3 9 1 
3 4 35 61 47 5 6 1 
4 8 41 80 39 9 2 0 
9 1 60 33 57 1 1 4 
9 2 53 56 60 1 6 1 
1 7 60 53 16 6 1 6 
0 9 2 58 66 6 1 3 
9 9 35 38 55 7 0 8 
5 3 35 53 65 2 4 4 
0 3 25 93 44 8 7 4 
4 0 25 64 20 2 9 7 
4 0 0 68 33 3 8 8 
2 3 23 22 46 8 5 6 
9 9 15 58 51 1 2 7 
1 1 10 70 52 3 0 5 
0 3 17 63 29 0 1 9 
6 4 0 50 65 0 9 4 
6 1 49 37 32 3 7 7 
9 6 5 34 32 7 9 6 
9 8 63 63 33 7 0 7 
7 6 42 51 95 0 5 3 
6 0 12 29 9 6 2 7 
6 6 56 21 61 2 6 9 
8 5 23 41 25 9 4 7 
8 5 32 31 78 2 3 5 
5 2 11 48 53 0 5 5 
5 4 54 35 37 1 1 3 
7 6 50 32 50 7 6 0 
4 7 24 62 32 2 7 0 
1 4 55 39 25 1 9 1 
3 9 20 26 28 9 0 7 
1 2 51 83 62 5 2 7 
4 5 51 80 41 9 9 8 
6 4 46 53 28 9 3 1 
5 7 22 43 29 0 1 9 
5 1 49 50 46 1 3 7 
0 0 26 30 59 0 1 9 
3 6 0 45 64 4 6 7 
1 6 18 57 0 7 9 1 
2 3 23 23 75 8 8 4 
0 2 18 35 75 9 9 3 
3 8 44 80 58 3 4 6 
8 3 53 33 54 2 3 5 
2 6 0 26 52 9 7 6 
2 8 29 54 68 5 7 4 
3 9 26 66 50 6 5 5 
9 5 21 68 67 9 3 3 
5 5 28 78 0 5 7 7 
8 5 0 59 36 8 2 2 
6 6 14 61 50 4 4 9 
6 6 37 62 80 5 7 5 
9 5 22 45 32 8 4 7 
9 9 11 48 36 1 7 8 
2 3 34 56 61 1 8 3 
7 2 2 47 44 5 6 9 
8 2 39 28 50 5 3 5 
5 6 14 38 24 5 5 9 
7 7 35 65 87 0 0 6 
0 9 23 30 71 8 2 4 
1 3 36 45 19 1 8 0 
9 0 14 76 55 4 1 9 
2 8 9 54 74 9 8 5 
4 5 35 38 45 2 4 8 
2 5 70 69 53 5 3 5 
1 4 49 33 45 0 1 0 
2 6 70 72 25 4 5 8 
8 8 0 61 53 0 6 8 
6 6 50 56 46 8 8 6 
7 6 39 53 49 7 2 3 
9 7 45 24 61 4 9 9 
5 3 34 29 37 7 2 8 
3 1 33 33 12 0 2 7 
8 1 16 22 43 0 6 6 
2 4 32 37 31 9 8 6 
7 4 16 24 37 8 0 9 
1 2 0 37 43 3 7 8 
3 9 28 52 38 6 4 2 
2 2 35 35 23 7 3 1 
7 7 43 59 31 7 7 8 
5 7 16 46 51 4 7 6 
0 5 39 5 50 5 4 2 
0 3 33 8 55 1 3 8 
6 6 27 53 66 9 8 9 
7 6 64 45 16 8 0 2 
5 1 33 82 52 5 3 5 
0 7 31 41 59 4 7 6 
5 0 16 27 51 5 4 9 
4 9 47 46 39 1 3 6 
4 2 38 45 0 4 5 4 
4 3 50 61 0 6 9 5 
5 1 24 89 81 0 5 0 
7 6 62 46 49 5 1 9 
3 5 44 24 34 6 5 4 
5 7 50 49 69 1 5 2 
4 8 41 72 47 0 6 4 
9 9 67 46 21 2 7 0 
8 6 36 44 88 4 3 9 
7 7 39 48 42 3 7 6 
3 7 21 30 74 2 9 7 
8 4 41 6 61 3 2 2 
5 8 23 61 40 3 6 2 
1 6 40 17 32 9 5 6 
5 0 32 42 70 5 5 2 
6 2 38 89 50 4 7 5 
1 0 15 48 49 2 8 3 
7 1 23 66 63 0 2 4 
3 3 43 52 67 2 1 7 
8 1 17 12 53 4 2 2 
1 1 20 62 42 3 7 0 
2 1 24 43 31 2 5 6 
7 2 40 32 24 9 0 7 
1 6 0 46 37 8 8 3 
7 8 43 34 44 3 1 2 
1 1 43 52 40 3 4 1 
0 1 39 51 40 4 2 4 
0 0 21 78 67 8 5 7 
9 6 43 58 38 2 1 1 
8 7 36 66 0 9 5 7 
6 3 20 71 75 6 6 4 
0 0 25 52 72 6 0 6 
9 3 9 49 1 5 3 9 
0 3 22 49 82 8 8 6 
8 1 73 37 62 6 8 2 
4 8 0 42 40 9 6 6 
7 3 35 67 48 1 1 7 
5 3 36 80 48 4 9 7 
3 1 25 27 44 5 5 2 
9 7 35 44 11 4 3 2 
9 0 15 68 16 2 0 9 
3 3 12 28 75 5 3 6 
7 2 46 69 46 5 8 7 
5 4 50 47 47 0 3 6 
5 4 15 47 57 4 0 4 
1 3 54 79 50 3 2 3 
6 5 56 55 85 8 9 6 
0 7 3 33 88 5 6 9 
8 0 4 32 51 2 4 1 
4 2 32 42 70 4 3 6 
8 0 36 25 47 7 2 4 
7 0 61 79 82 2 7 9 
9 7 24 31 73 0 2 2 
7 3 45 57 72 5 5 6 
8 0 38 76 25 1 0 1 
8 7 48 82 60 5 3 3 
1 8 51 35 33 0 0 7 
9 0 18 74 71 6 8 7 
3 7 36 39 21 6 7 0 
2 0 26 37 26 5 6 0 
5 6 23 57 60 1 6 8 
9 6 37 33 33 5 6 1 
6 2 31 72 59 7 0 6 
3 3 43 40 31 3 7 8 
0 6 2 34 85 7 4 8 
9 9 24 27 69 4 5 1 
7 7 55 45 57 7 0 4 
4 8 19 36 25 1 7 4 
7 4 32 35 76 5 2 4 
9 7 22 34 42 7 6 1 
1 1 17 68 61 4 4 5 
0 2 26 60 34 6 4 8 
2 2 17 62 46 5 5 4 
4 3 45 51 49 9 3 1 
7 0 21 26 56 9 2 3 
5 7 9 65 35 6 1 6 
9 7 43 69 65 9 8 6 
1 7 27 46 47 0 3 6 
8 1 20 19 74 6 7 6 
3 8 56 39 87 0 7 4 
0 9 26 75 66 6 4 1 
4 6 30 37 31 3 1 8 
3 2 1 77 59 4 6 6 
5 7 0 56 69 5 5 9 
0 1 49 69 43 8 6 9 
8 7 5 89 29 4 0 0 
0 5 7 0 54 3 7 9 
9 7 5 89 47 0 0 0 
1 7 4 39 40 6 2 0 
6 3 30 31 61 5 0 2 
0 5 33 75 42 5 5 6 
4 5 31 54 14 1 7 4 
1 7 20 54 51 7 7 5 
1 4 44 82 34 7 7 7 
6 3 40 68 77 5 9 3 
6 9 11 42 59 0 6 8 
7 3 55 18 50 6 4 9 
8 6 56 64 23 2 0 8 
9 4 29 25 66 3 6 3 
7 5 25 34 60 2 6 5 
0 5 0 19 23 9 7 9 
0 6 35 43 58 6 4 0 
2 2 10 52 106 6 9 0 
2 4 81 43 64 2 7 7 
7 6 56 50 42 7 2 1 
0 4 16 69 62 3 1 5 
9 9 72 18 87 2 0 8 
4 1 3 56 58 9 5 9 
9 4 45 46 56 1 2 8 
4 4 32 51 39 5 6 6 
1 1 1 29 41 6 6 8 
0 3 49 68 72 2 2 1 
5 9 45 46 100 2 8 0 
1 7 35 58 26 6 4 4 
3 3 0 26 41 2 7 5 
0 8 22 58 26 3 1 6 
9 5 22 24 18 7 1 2 
1 9 54 30 71 3 9 1 
7 5 21 69 38 7 6 9 
7 1 55 56 7 2 7 2 
2 1 38 46 34 1 2 9 
4 2 26 74 39 9 3 8 
5 0 19 60 56 4 4 3 
5 6 36 57 49 5 4 6 
9 7 33 79 13 5 8 5 
5 7 37 44 52 5 8 6 
4 3 37 19 32 1 3 7 
3 9 38 35 51 2 0 5 
1 5 43 47 59 8 5 6 
4 0 18 0 48 2 1 6 
1 7 31 80 64 8 0 5 
0 8 8 74 68 2 2 6 
1 1 39 42 74 8 9 3 
4 9 27 48 38 2 4 4 
1 5 19 66 31 2 7 0 
0 8 46 74 48 5 0 7 
6 9 62 69 39 3 6 4 
5 0 8 7 56 3 9 3 
0 0 29 31 72 5 3 0 
4 3 29 38 45 5 8 3 
6 3 8 54 49 6 1 8 
8 1 32 39 47 6 9 0 
8 8 48 64 45 6 4 8 
5 9 21 18 38 4 4 8 
6 7 37 52 61 5 7 8 
1 8 51 73 72 2 2 7 
9 4 5 56 66 9 4 6 
8 9 38 78 49 9 9 4 
8 9 67 41 35 0 5 9 
0 0 31 50 39 9 0 8 
1 5 7 69 35 2 9 4 
2 2 1 41 69 1 0 5 
7 9 0 83 61 9 0 1 
3 5 34 35 48 0 6 4 
7 2 29 32 32 1 8 9 
9 3 30 46 35 2 0 8 
0 0 16 86 49 0 6 2 
7 3 42 47 89 5 5 5 
0 7 48 56 62 9 3 1 
3 6 51 47 56 4 5 1 
0 0 46 19 32 7 3 1 
4 7 67 34 31 1 5 8 
5 8 18 38 52 3 6 8 
6 8 68 75 30 0 8 3 
3 0 14 72 68 4 4 7 
9 2 3 58 65 4 8 0 
8 5 51 59 3 0 9 9 
0 8 20 44 42 4 6 0 
7 6 12 64 62 2 6 9 
4 9 21 76 4 1 6 2 
9 9 50 57 50 2 1 0 
5 9 3 58 71 9 0 5 
9 5 15 64 33 6 1 5 
8 4 28 70 46 3 8 1 
4 0 27 35 8 9 6 4 
0 1 0 75 67 2 1 7 
8 2 22 85 56 2 6 2 
0 2 36 57 55 6 4 4 
1 7 53 43 50 9 1 4 
7 1 14 46 31 7 5 2 
4 8 52 69 69 6 5 6 
3 1 40 53 64 4 6 0 
5 2 31 61 71 8 6 7 
7 7 55 66 28 7 3 9 
7 3 2 18 69 2 8 6 
9 8 72 51 52 6 4 0 
3 5 45 39 54 9 3 8 
9 4 23 75 35 7 0 1 
5 5 38 35 54 5 9 4 
2 2 35 78 39 2 5 3 
5 3 50 27 44 5 8 3 
3 7 48 64 35 5 3 1 
2 6 50 27 81 2 2 8 
1 3 27 65 85 3 6 3 
4 5 23 49 69 7 2 9 
1 5 0 59 9 9 2 2 
0 1 50 61 59 3 7 3 
9 4 10 54 47 0 5 0 
5 5 26 43 57 9 7 2 
2 1 34 47 79 4 9 6 
3 8 47 50 6 6 4 0 
3 8 63 54 68 3 4 4 
2 6 44 43 20 8 9 3 
5 0 48 36 3 9 9 1 
8 4 51 41 42 5 9 4 
1 0 13 54 44 7 8 4 
5 9 49 36 40 3 7 4 
4 6 24 3 43 1 4 9 
5 4 14 83 21 3 5 5 
6 6 41 56 56 3 3 3 
5 8 16 73 62 8 1 4 
7 3 30 56 57 3 9 6 
5 4 46 68 27 0 8 9 
7 9 0 71 76 7 9 9 
7 0 17 51 42 1 2 8 
2 3 31 28 52 5 0 3 
3 9 29 37 74 7 7 1 
0 3 34 41 35 4 5 2 
8 4 53 51 82 1 5 6 
4 5 25 46 65 1 8 5 
0 1 34 63 79 3 6 9 
9 9 73 76 51 2 5 8 
5 2 0 32 86 0 2 6 
9 2 13 32 75 8 0 6 
5 7 42 50 81 4 3 4 
7 5 65 54 78 8 4 5 
3 0 38 65 18 4 8 1 
0 6 10 59 51 0 0 6 
5 0 33 64 75 7 9 5 
9 7 44 66 72 6 5 1 
2 6 13 43 25 0 2 8 
7 7 23 53 33 7 5 8 
3 5 0 63 60 3 6 0 
4 2 45 38 40 4 4 2 
7 6 15 68 46 2 8 5 
5 7 52 27 76 5 9 1 
1 8 10 59 59 0 2 7 
2 9 45 50 45 5 0 3 
9 9 9 40 61 2 6 1 
8 9 38 67 44 7 3 6 
6 0 6 25 28 7 1 9 
1 1 9 61 49 4 6 4 
1 6 0 41 25 0 1 8 
6 5 11 62 69 5 8 2 
1 5 30 12 45 1 8 9 
9 1 22 51 9 0 6 1 
8 8 28 32 64 9 8 4 
4 9 53 16 60 2 4 1 
9 4 42 11 44 3 8 5 
0 4 0 84 74 0 5 4 
7 1 14 95 40 7 7 5 
3 1 13 42 64 1 2 1 
9 1 48 32 66 5 5 0 
1 0 29 38 66 7 0 7 
6 1 37 73 63 0 5 1 
3 3 19 58 51 1 0 6 
2 8 39 20 42 8 2 1 
7 2 25 30 39 6 3 8 
2 5 31 81 54 7 8 1 
5 4 81 46 31 8 8 6 
4 1 53 27 50 6 4 0 
8 4 56 79 57 6 1 2 
6 6 48 74 51 2 9 9 
8 3 44 29 49 5 6 5 
3 6 46 29 45 1 6 2 
8 1 2 38 67 1 6 6 
4 6 56 73 55 3 4 9 
8 5 37 51 42 0 3 5 
0 0 0 74 55 1 8 4 
1 2 25 59 46 6 1 6 
2 2 31 18 33 9 7 0 
6 0 0 68 29 5 3 5 
9 5 32 33 37 9 2 1 
8 5 54 32 50 0 3 3 
0 0 36 11 77 4 4 6 
1 0 42 69 44 7 1 3 
9 0 50 42 72 9 8 2 
9 8 42 50 35 6 8 9 
7 9 20 27 52 2 9 9 
1 1 47 77 38 1 8 4 
5 2 22 61 41 4 4 5 
1 1 28 59 46 1 8 8 
8 3 0 16 0 8 9 4 
4 1 20 54 63 6 6 5 
6 5 16 43 68 9 1 4 
6 4 50 37 56 7 4 5 
1 5 19 4 48 6 9 1 
3 4 93 21 34 5 3 9 
5 2 33 49 36 9 5 5 
3 6 30 67 47 5 8 5 
4 2 50 43 31 4 4 6 
7 1 44 53 25 9 8 3 
6 1 22 30 33 1 4 7 
4 2 0 49 44 4 9 6 
5 3 51 29 58 3 2 7 
5 1 27 49 81 9 8 7 
4 5 0 43 52 9 1 0 
4 6 81 26 57 6 9 2 
0 9 17 64 44 0 6 6 
6 3 49 69 62 5 1 4 
4 3 45 53 45 2 8 0 
7 8 56 25 42 7 9 0 
3 8 0 74 51 9 0 3 
2 4 11 54 63 9 7 7 
5 8 0 60 59 2 3 2 
2 5 9 26 55 7 8 7 
9 0 15 52 67 9 2 6 
9 8 41 32 69 5 0 0 
8 3 15 57 42 5 5 0 
6 8 31 34 97 9 4 9 
1 3 15 62 55 4 4 8 
9 6 56 40 48 6 5 4 
6 3 30 72 62 8 0 4 
8 9 41 51 31 7 7 0 
9 9 58 47 52 8 0 9 
2 2 84 44 46 2 1 0 
7 0 0 49 79 8 4 1 
5 4 27 44 13 3 7 7 
6 4 0 45 40 0 5 3 
6 1 7 56 47 3 4 6 
9 3 36 57 56 0 2 6 
4 4 13 25 49 9 1 8 
5 0 60 41 8 6 6 5 
9 1 31 55 27 5 5 8 
1 6 58 22 63 0 2 0 
0 7 12 67 63 0 0 5 
2 8 52 85 61 0 0 5 
3 4 9 22 52 9 2 7 
1 7 49 57 31 3 2 6 
8 3 6 29 8 4 2 7 
4 9 45 65 45 4 7 4 
0 8 18 47 20 7 7 2 
3 9 21 46 32 2 1 4 
3 5 16 44 113 5 7 9 
8 3 21 35 77 9 8 9 
3 7 0 67 89 6 0 7 
3 3 4 86 26 5 5 7 
4 3 67 24 51 3 8 4 
1 9 39 49 34 6 5 7 
9 0 17 33 54 2 9 7 
4 9 46 36 52 1 1 3 
8 9 24 77 25 2 5 6 
3 1 29 91 52 5 0 8 
2 6 63 53 32 9 4 7 
1 9 54 46 25 7 5 8 
0 5 53 45 39 8 6 2 
5 7 28 44 61 3 2 4 
2 2 38 50 70 0 7 3 
9 1 36 52 47 9 4 1 
8 4 13 48 92 2 0 6 
1 3 29 19 44 0 6 2 
0 6 30 80 39 8 8 6 
1 8 42 43 58 0 5 4 
4 2 11 39 10 0 8 7 
9 6 13 82 44 3 9 2 
8 7 38 44 44 6 5 7 
2 7 37 39 80 4 4 1 
4 8 81 65 39 2 6 4 
4 0 26 49 68 6 9 5 
6 8 20 48 64 4 1 0 
5 4 21 68 65 2 1 4 
4 8 66 57 56 2 5 6 
4 0 39 61 72 2 0 2 
5 6 49 56 46 8 2 4 
2 1 37 66 52 5 5 9 
0 0 16 45 33 9 5 6 
7 4 37 25 69 0 0 5 
2 0 48 46 41 8 7 5 
9 7 55 34 47 7 0 3 
6 7 28 26 55 8 7 7 
2 9 15 38 46 9 6 4 
1 0 24 65 53 0 9 8 
1 3 29 38 61 4 3 7 
1 9 25 58 70 4 0 9 
0 1 33 110 42 8 9 7 
5 2 33 51 41 5 6 7 
1 3 3 54 15 4 9 7 
0 6 56 90 1 5 4 3 
5 1 16 34 64 2 6 0 
0 7 0 45 65 7 1 6 
2 6 23 87 59 7 5 5 
7 2 50 50 57 6 9 1 
1 1 35 58 75 9 2 0 
6 4 48 54 72 9 5 4 
6 7 63 5 40 7 7 7 
4 4 68 31 44 5 1 2 
5 7 34 58 74 9 3 3 
2 9 74 76 90 0 2 7 
9 9 39 57 15 3 2 8 
8 7 25 48 62 8 8 7 
5 3 43 42 56 9 7 7 
8 0 48 40 63 8 3 3 
8 7 20 30 55 6 5 0 
5 5 41 52 33 2 3 5 
2 2 62 63 92 5 9 7 
5 5 19 38 42 6 8 9 
2 6 60 17 31 9 3 9 
4 6 8 70 67 6 9 0 
6 7 24 81 28 7 9 7 
6 1 27 28 4 3 3 3 
4 0 14 63 22 5 2 9 
7 1 12 15 41 5 1 9 
7 3 36 77 38 1 5 3 
9 1 21 40 73 6 5 9 
1 9 16 57 59 9 7 0 
9 3 19 41 60 5 8 4 
1 7 54 93 29 1 7 6 
4 6 10 45 64 0 1 4 
4 9 21 94 55 9 0 7 
0 4 60 51 35 7 9 1 
9 5 38 53 27 1 4 0 
6 7 9 32 34 3 4 2 
1 6 78 38 41 3 5 7 
8 8 14 33 62 1 3 9 
2 4 70 45 15 1 5 4 
2 6 43 61 41 7 2 7 
8 0 15 19 65 6 1 3 
9 5 34 44 50 9 7 2 
6 6 42 56 66 2 3 5 
2 9 28 47 21 0 3 6 
3 3 21 44 68 7 1 6 
5 7 53 56 24 5 3 0 
2 7 27 8 38 1 3 1 
2 2 60 44 38 9 7 3 
2 1 64 34 27 3 3 1 
9 9 32 38 37 4 1 1 
1 6 22 74 24 9 0 8 
2 9 24 31 57 2 7 6 
9 6 0 53 64 8 1 5 
1 7 51 60 40 9 8 5 
8 0 69 12 41 3 4 4 
0 3 25 41 35 4 0 3 
4 8 29 56 27 3 5 0 
2 1 39 67 12 0 7 2 
0 2 44 66 62 0 7 5 
3 7 44 32 76 1 8 9 
3 5 21 77 90 9 0 2 
7 2 17 45 28 1 5 6 
7 5 8 46 53 4 3 5 
7 8 52 23 77 8 8 5 
4 1 39 45 76 4 0 8 
8 7 20 36 27 8 8 5 
5 8 6 64 77 0 9 9 
7 6 55 12 59 5 3 7 
8 3 38 52 56 1 8 4 
9 3 15 11 87 2 2 2 
4 2 33 0 26 1 7 3 
3 4 25 45 65 0 3 7 
9 1 39 41 85 6 7 3 
9 4 36 48 16 5 2 8 
8 2 46 28 46 9 0 4 
8 0 28 56 69 3 8 5 
9 1 69 60 59 5 5 1 
2 2 13 66 56 8 5 3 
5 9 5 31 65 4 4 1 
3 8 13 56 54 2 2 8 
4 2 6 27 30 7 2 0 
4 9 10 69 64 2 0 7 
8 9 25 39 81 4 7 1 
3 0 39 32 60 2 3 7 
2 2 5 58 67 5 8 9 
1 4 55 77 36 9 9 5 
3 9 19 61 49 3 8 3 
2 9 32 30 59 4 8 9 
5 0 19 34 46 4 7 2 
3 0 47 22 55 9 3 3 
1 5 32 64 67 8 8 7 
0 3 25 48 56 6 2 7 
6 1 33 54 85 8 7 9 
4 9 14 52 29 1 8 9 
9 9 0 38 48 2 8 4 
2 9 18 77 65 6 6 4 
9 6 46 56 16 8 3 0 
8 9 61 33 29 4 1 9 
5 0 34 49 32 1 8 9 
9 6 29 10 64 0 9 8 
1 0 23 32 75 5 0 8 
3 7 34 50 37 5 4 8 
6 3 45 69 49 8 0 9 
4 7 62 56 34 9 8 7 
