8 4250
1 8 42 57 44 5 0 7 
4 8 8 39 66 2 1 8 
3 2 42 32 60 9 9 5 
6 8 58 11 42 0 6 9 
7 6 22 67 36 0 4 7 
3 8 11 51 71 5 7 0 
9 4 51 30 70 3 6 2 
6 9 39 62 43 9 1 2 
7 2 21 60 53 5 3 6 
7 8 29 54 51 5 9 2 
7 5 26 20 33 2 8 1 
0 7 58 49 66 3 9 3 
2 4 18 50 45 8 0 2 
4 6 39 37 53 4 3 4 
8 1 72 41 26 3 8 3 
9 0 33 50 62 0 0 0 
7 3 28 51 0 0 4 5 
7 9 54 53 41 9 2 6 
2 5 58 78 35 0 7 3 
2 9 23 40 37 4 0 5 
5 3 0 70 36 3 0 9 
3 8 14 48 20 1 6 6 
6 0 35 34 42 1 8 5 
5 4 10 20 61 6 6 1 
1 9 15 58 40 2 9 5 
2 9 47 52 32 1 1 7 
9 6 45 44 71 1 7 8 
5 7 0 47 48 9 2 0 
8 3 23 60 36 8 3 3 
1 2 0 51 61 5 6 2 
6 6 22 57 38 9 2 8 
5 2 20 100 27 0 7 3 
6 2 34 72 49 7 9 6 
4 8 17 62 62 7 3 2 
3 2 19 40 43 5 3 3 
7 7 29 20 64 7 0 4 
8 4 34 34 31 3 8 0 
9 5 55 67 62 5 9 2 
1 5 51 77 18 2 1 6 
1 7 39 54 64 5 0 0 
1 8 41 33 64 8 8 0 
1 9 22 42 57 3 8 6 
1 3 42 0 51 8 4 3 
9 5 41 49 47 4 6 8 
5 3 22 56 35 0 6 9 
0 1 48 26 37 9 4 7 
1 9 46 57 64 2 6 8 
1 1 24 67 43 1 5 9 
8 3 42 49 56 1 6 2 
0 3 17 73 29 7 2 5 
4 8 5 37 73 1 4 4 
9 9 19 53 65 8 6 5 
7 4 47 69 65 3 8 0 
6 1 5 45 8 5 0 1 
7 0 0 43 30 1 4 2 
9 0 22 40 55 3 1 0 
8 6 35 68 34 8 0 1 
9 3 45 89 57 9 2 4 
0 9 5 68 62 0 4 1 
3 5 0 46 68 7 1 8 
0 1 16 20 29 0 0 0 
6 5 52 86 12 9 3 2 
0 2 0 84 75 7 4 1 
6 3 70 46 41 0 4 9 
0 9 22 64 76 3 7 9 
6 7 40 30 19 1 0 7 
0 2 0 56 50 8 4 2 
4 5 29 49 21 3 6 0 
4 5 60 58 70 3 4 5 
3 4 55 57 2 4 1 3 
0 2 0 41 52 2 5 6 
0 4 58 37 54 0 9 0 
5 1 36 69 89 6 3 6 
6 4 16 41 41 1 7 4 
0 8 45 54 41 8 5 3 
1 2 22 19 68 2 9 1 
8 2 54 19 45 3 3 1 
7 6 10 36 56 1 6 1 
3 2 45 14 69 3 3 7 
8 7 53 50 47 4 1 1 
9 1 29 44 72 6 2 9 
1 4 25 65 22 9 3 0 
5 6 0 50 8 0 8 8 
5 5 28 72 18 0 6 3 
1 9 23 57 32 9 3 1 
0 0 18 19 27 6 7 8 
2 0 29 55 73 7 9 8 
9 8 5 64 42 8 2 5 
6 0 30 54 53 1 8 7 
8 1 52 69 35 6 6 7 
9 3 23 49 44 1 0 0 
0 4 4 73 68 4 2 7 
3 4 52 61 49 3 3 0 
8 6 18 89 51 4 3 1 
8 2 27 60 50 4 7 3 
9 9 11 34 81 2 7 3 
7 3 13 27 68 1 1 7 
8 7 23 73 20 9 3 2 
8 7 4 96 71 1 0 8 
6 3 28 62 63 8 3 8 
6 0 16 71 52 6 7 0 
5 5 21 50 43 6 5 3 
6 0 18 44 32 3 4 0 
7 4 18 27 39 0 2 7 
7 9 35 40 31 1 5 9 
6 7 60 6 49 9 7 1 
8 5 50 54 78 0 1 7 
9 3 16 19 89 0 1 1 
5 7 41 82 44 5 8 6 
7 1 12 41 61 0 7 5 
7 6 48 31 35 6 4 5 
4 7 18 25 56 4 5 4 
0 8 39 58 38 1 5 9 
2 9 53 68 51 6 0 6 
4 6 42 30 36 4 4 5 
3 9 16 62 88 1 6 8 
3 9 59 51 43 1 3 5 
4 9 57 32 52 7 4 6 
3 3 96 44 38 9 0 9 
6 4 31 38 83 3 7 2 
6 5 57 53 20 9 5 4 
9 1 36 53 14 6 1 9 
4 9 38 80 72 2 5 8 
8 6 36 48 93 0 6 9 
2 9 33 53 49 5 6 5 
4 3 31 75 64 2 2 4 
7 7 28 50 58 2 6 2 
6 1 40 15 20 2 3 6 
4 1 36 84 58 3 0 3 
9 8 67 66 66 9 8 7 
5 3 24 58 34 9 6 7 
9 4 33 44 44 2 3 5 
9 4 42 36 72 9 8 4 
1 5 49 27 61 4 8 9 
6 9 17 70 66 8 5 2 
4 5 32 49 40 5 1 1 
9 3 15 33 76 9 1 0 
8 5 25 58 49 9 4 5 
4 1 0 28 38 2 4 4 
0 1 61 66 50 3 0 1 
2 2 13 38 48 6 1 9 
4 4 28 57 32 6 8 0 
6 0 44 29 54 9 2 4 
9 4 35 95 41 4 3 1 
2 6 45 59 38 7 2 7 
9 5 19 18 36 3 1 9 
4 7 52 93 57 9 7 4 
0 6 45 71 73 6 7 8 
5 5 64 57 37 4 0 3 
3 2 45 45 55 6 1 4 
1 3 15 50 65 6 7 9 
3 2 38 47 29 5 3 0 
0 6 16 33 25 1 6 7 
6 3 43 45 88 1 1 3 
1 5 40 76 41 4 0 7 
9 4 57 66 27 6 2 6 
0 8 19 66 2 0 3 1 
1 2 44 55 49 0 7 4 
6 0 44 50 100 9 8 7 
7 2 22 22 80 0 7 2 
0 0 26 11 80 0 3 8 
0 2 42 49 74 8 0 7 
4 7 0 56 73 4 5 4 
6 9 14 70 54 7 4 2 
8 2 31 22 40 2 6 9 
0 0 0 34 21 2 4 4 
5 3 23 33 49 1 1 7 
1 0 59 59 53 5 5 6 
0 9 34 41 15 6 8 1 
0 6 53 76 43 9 4 7 
2 6 46 45 45 6 4 4 
4 6 4 23 76 6 5 8 
6 1 38 27 41 7 1 2 
8 6 48 35 31 9 3 0 
0 9 51 29 82 7 6 8 
8 4 24 12 22 3 2 5 
3 6 42 58 37 1 4 1 
7 2 7 63 0 0 6 6 
9 6 6 44 45 6 9 1 
4 2 50 25 57 4 4 3 
5 8 31 57 60 7 2 2 
7 4 24 45 64 8 4 8 
6 7 26 65 31 7 2 0 
0 3 32 10 67 0 2 3 
1 5 36 33 29 0 0 2 
2 6 7 53 56 6 3 1 
7 9 50 96 26 8 2 9 
2 0 49 25 65 5 8 1 
7 3 42 48 22 7 7 8 
7 8 52 27 50 0 7 8 
6 3 2 83 64 3 7 2 
2 5 42 30 55 5 0 1 
6 4 41 42 67 6 9 4 
0 1 15 33 37 2 3 3 
4 5 32 55 9 7 8 0 
1 1 60 10 31 6 7 7 
6 8 7 53 64 6 3 9 
5 7 11 31 51 9 0 1 
8 3 23 27 59 4 9 9 
8 2 19 36 55 0 8 6 
2 9 20 50 64 1 7 6 
2 3 19 83 20 2 5 2 
0 2 21 66 17 1 9 8 
9 3 33 43 43 4 7 6 
9 4 57 39 76 6 5 2 
7 4 26 30 54 1 2 0 
9 2 25 42 58 0 6 6 
2 1 13 74 40 2 9 7 
4 9 41 75 69 7 2 5 
7 4 11 32 88 4 9 5 
3 1 15 54 40 5 2 1 
9 1 11 71 19 4 4 1 
1 2 17 49 75 0 2 9 
3 6 11 48 47 7 8 4 
0 5 44 60 58 5 4 2 
3 1 25 68 69 9 4 6 
2 5 43 19 37 8 2 8 
6 8 28 44 64 2 3 0 
2 8 24 40 33 6 3 0 
3 0 40 45 24 0 6 2 
7 7 28 65 54 2 2 3 
5 1 7 48 67 2 2 2 
7 1 34 61 78 4 0 4 
1 8 0 61 48 6 7 6 
4 3 0 64 32 5 5 1 
7 2 44 67 43 9 2 7 
8 4 8 66 64 2 6 9 
5 3 18 44 116 6 4 3 
4 0 1 34 53 8 4 0 
2 4 17 52 82 2 6 9 
7 9 15 43 60 9 3 8 
0 7 49 28 22 6 2 1 
4 9 55 62 52 8 6 1 
5 6 23 24 83 2 9 7 
2 7 19 68 82 1 1 0 
4 8 50 54 59 3 4 2 
6 1 54 72 46 5 4 9 
5 1 62 30 58 7 9 0 
7 7 21 79 74 7 8 3 
6 3 7 92 27 4 8 8 
3 6 53 50 73 0 4 0 
9 7 68 77 102 9 3 6 
6 6 10 66 42 0 7 8 
9 5 0 58 69 7 9 1 
3 1 59 45 59 3 3 1 
6 9 30 72 87 9 4 9 
9 9 0 58 62 3 5 8 
1 6 24 71 33 7 6 8 
1 5 48 45 52 2 0 3 
5 6 0 54 81 5 2 6 
3 3 27 43 50 7 7 1 
3 6 38 69 33 5 0 2 
3 8 0 22 64 8 5 0 
4 4 71 61 51 9 7 2 
2 3 43 36 43 0 7 2 
0 2 35 19 63 6 2 5 
7 7 4 42 46 8 6 7 
6 4 22 43 27 3 6 1 
4 5 31 62 33 6 2 4 
1 4 26 34 69 5 1 7 
4 8 45 56 26 5 3 1 
9 7 24 64 38 0 2 4 
6 5 30 46 48 1 3 9 
9 7 9 33 44 4 6 2 
4 0 42 54 59 4 4 1 
8 5 14 65 65 3 3 4 
1 7 19 60 30 9 4 4 
9 8 28 29 51 8 2 2 
3 6 20 67 76 2 7 6 
7 9 61 42 18 6 5 1 
7 2 44 17 51 7 3 2 
5 3 36 68 36 0 7 8 
7 2 57 27 48 4 3 4 
1 0 39 21 51 2 2 4 
1 3 17 43 91 3 8 4 
8 0 41 12 38 3 2 6 
1 8 44 49 24 0 2 0 
2 6 8 8 59 4 0 6 
8 3 38 30 39 2 7 6 
5 1 43 83 64 3 3 6 
1 6 19 42 37 3 8 0 
6 7 36 59 57 7 0 3 
7 8 42 69 45 4 6 1 
9 6 12 58 38 2 3 8 
3 4 54 67 67 4 8 2 
4 3 19 69 76 9 5 3 
5 7 17 34 63 7 8 2 
3 9 34 37 36 7 5 0 
8 9 0 50 29 5 8 5 
1 7 43 37 12 6 4 5 
8 5 25 38 33 1 4 8 
1 4 19 69 44 6 3 9 
0 1 60 37 29 9 3 2 
6 1 21 31 59 5 9 3 
7 4 37 58 33 3 9 7 
5 9 40 57 47 6 3 0 
6 4 6 15 31 0 2 5 
4 1 6 53 55 3 6 3 
5 9 34 39 42 0 1 1 
5 8 41 66 60 0 0 0 
2 5 29 53 22 4 3 4 
0 0 31 13 51 0 7 0 
5 7 42 48 16 8 0 0 
4 4 17 67 27 3 1 7 
8 6 42 108 68 3 3 0 
3 5 67 51 51 6 2 4 
9 1 51 45 77 4 8 4 
5 4 61 51 39 4 6 8 
2 7 29 58 63 2 5 0 
5 7 52 79 18 0 4 2 
5 2 30 69 31 0 6 7 
7 9 51 76 43 4 9 1 
2 7 18 43 59 3 0 1 
3 6 32 71 61 0 4 5 
6 5 21 61 81 8 7 6 
2 2 32 74 79 4 4 7 
4 1 29 52 47 3 2 4 
1 4 17 72 64 2 3 0 
6 4 29 55 83 6 6 5 
5 1 8 64 59 6 6 8 
8 7 19 40 82 7 0 0 
3 8 0 83 86 7 6 7 
8 7 48 25 39 5 9 9 
1 8 12 10 56 7 9 3 
2 8 54 22 68 0 9 4 
2 9 11 81 57 2 8 6 
1 3 27 29 64 9 7 3 
1 7 39 49 39 2 0 0 
1 0 36 66 45 5 1 7 
0 5 41 35 63 0 3 3 
9 4 40 25 53 0 3 4 
7 7 19 79 17 3 3 5 
1 2 41 66 14 4 3 2 
6 9 27 36 55 9 4 6 
6 1 22 51 45 7 8 8 
5 7 0 20 50 9 4 4 
0 8 32 36 14 8 0 5 
1 3 15 58 85 3 1 4 
0 0 47 42 36 5 0 9 
2 6 36 70 54 2 5 9 
1 6 7 40 58 7 7 4 
7 7 59 43 66 8 6 5 
4 1 0 61 47 9 7 0 
7 6 41 10 30 8 7 7 
0 6 24 80 67 8 1 1 
8 2 34 73 0 0 2 2 
0 4 45 35 10 5 6 1 
1 5 49 62 45 1 8 4 
1 8 3 50 35 6 0 0 
5 0 0 62 54 9 3 9 
4 2 68 53 42 7 6 5 
8 0 58 21 34 6 4 8 
2 8 43 57 45 9 4 8 
7 6 51 27 25 8 0 5 
3 2 0 15 62 3 9 6 
3 2 34 56 72 6 9 6 
2 0 60 46 52 2 4 8 
3 7 32 59 25 0 8 2 
2 2 26 47 65 7 6 3 
8 4 40 23 56 7 0 0 
8 0 31 51 86 3 1 1 
9 1 14 5 72 6 3 1 
5 1 33 31 7 3 2 8 
2 6 0 65 47 9 6 8 
0 3 26 123 59 9 5 2 
9 7 25 60 55 0 2 2 
3 3 39 69 32 9 6 4 
9 9 0 43 52 3 9 7 
7 1 22 40 38 4 2 5 
2 1 24 38 61 3 2 2 
4 2 56 44 50 3 0 2 
5 9 37 35 95 7 0 0 
1 8 31 81 64 5 7 8 
9 1 15 46 38 2 7 2 
0 3 38 33 57 6 5 9 
4 7 0 46 38 0 2 5 
1 6 27 59 50 0 3 0 
3 5 33 46 66 8 4 0 
6 3 20 19 70 5 8 1 
9 4 25 50 34 9 4 8 
5 1 45 36 65 4 6 9 
7 8 13 75 74 6 2 4 
8 7 40 68 59 7 4 4 
1 3 4 58 56 8 8 0 
0 8 25 49 62 8 8 3 
0 6 31 34 54 9 7 4 
6 7 55 56 39 1 0 4 
2 5 52 63 71 5 2 0 
2 6 17 62 74 0 6 1 
5 6 35 56 33 6 8 1 
5 2 88 59 50 6 3 6 
9 5 41 41 62 7 5 8 
9 0 24 28 60 8 3 8 
2 0 32 26 79 7 3 1 
8 2 65 89 55 8 9 0 
8 4 12 61 51 8 4 5 
6 7 30 64 48 7 3 2 
0 1 11 55 40 2 0 6 
6 8 44 54 14 7 8 1 
8 7 25 73 55 5 4 7 
9 1 23 36 38 3 9 9 
6 0 46 19 65 0 7 8 
0 4 35 27 70 2 8 9 
0 1 26 31 66 9 6 6 
1 5 0 49 49 5 3 3 
8 4 24 76 32 7 9 2 
9 4 40 24 54 3 3 1 
9 8 2 43 51 3 8 3 
3 5 58 39 0 8 5 3 
2 2 31 53 42 6 0 6 
6 7 17 36 67 2 7 9 
6 1 12 36 31 6 2 9 
3 0 45 46 66 7 2 0 
6 9 69 40 58 3 9 5 
6 1 26 0 66 5 2 5 
9 8 7 25 50 8 1 0 
1 1 49 89 69 5 6 7 
0 0 70 60 58 9 8 2 
8 5 28 44 72 9 1 9 
2 8 0 17 62 5 3 7 
7 9 40 68 63 5 5 6 
9 6 35 41 66 4 1 0 
1 2 36 31 63 1 5 3 
6 1 31 62 46 0 4 9 
6 6 35 46 49 4 3 3 
8 3 4 27 46 7 1 1 
7 2 30 60 83 6 4 5 
1 0 34 52 33 7 9 8 
0 8 10 51 85 0 7 0 
5 8 23 39 38 0 5 0 
9 0 20 84 34 7 3 0 
5 6 23 51 46 1 0 2 
3 1 6 50 81 9 2 7 
4 7 4 25 67 1 2 2 
8 0 5 52 39 9 6 0 
6 8 44 54 30 6 1 1 
2 2 26 56 73 4 8 2 
3 6 43 27 29 2 2 2 
9 4 16 46 73 9 2 8 
6 4 44 36 49 6 6 3 
7 6 43 47 32 2 6 6 
6 6 16 57 0 1 3 7 
9 7 46 60 90 9 5 6 
0 9 26 55 46 9 0 4 
0 0 40 67 43 7 3 7 
6 1 63 69 81 3 7 7 
7 1 12 39 68 2 2 8 
2 8 41 58 23 3 5 6 
9 0 6 33 20 1 8 0 
5 9 30 67 76 3 4 8 
5 8 42 30 59 6 2 2 
9 5 57 57 37 1 5 2 
5 0 24 29 24 5 3 8 
1 6 21 52 58 0 6 1 
8 8 37 93 77 4 0 3 
8 3 45 47 54 4 2 2 
4 2 21 63 69 3 6 0 
8 5 76 68 33 7 7 3 
3 6 0 56 45 5 8 1 
7 9 0 47 49 1 0 9 
4 7 40 40 40 5 8 1 
4 2 18 48 20 5 1 1 
1 1 16 44 33 5 7 4 
3 1 86 44 64 7 2 6 
1 9 45 61 85 3 8 2 
6 4 56 44 65 0 6 1 
1 5 14 26 74 3 7 9 
7 6 31 30 49 7 7 7 
0 3 16 44 39 1 9 9 
5 8 20 77 14 8 6 2 
6 8 14 47 50 6 1 4 
5 8 34 36 54 6 9 2 
4 9 52 54 36 3 8 6 
9 2 0 19 55 0 6 5 
0 3 61 86 28 0 6 9 
7 9 2 50 73 2 8 0 
2 5 50 49 67 5 2 8 
1 3 0 46 21 7 0 8 
5 4 14 19 28 7 1 2 
2 4 13 59 73 7 3 8 
2 1 0 62 26 0 8 3 
9 3 0 58 32 7 5 0 
4 5 22 57 41 4 4 1 
3 3 31 38 46 3 7 3 
1 6 17 84 36 5 7 6 
1 2 4 47 44 9 5 7 
1 1 36 39 70 2 6 0 
7 2 38 50 52 2 4 9 
9 2 22 30 42 5 2 6 
4 9 64 101 37 6 3 2 
7 4 16 14 31 4 8 8 
0 8 54 48 44 1 4 3 
8 7 22 26 7 5 6 6 
9 1 62 60 66 8 7 1 
6 4 18 19 44 7 2 3 
5 9 68 52 39 8 9 9 
8 9 1 38 53 2 0 9 
6 1 27 22 30 7 7 4 
6 9 43 35 47 3 2 2 
8 5 18 44 40 4 6 4 
6 5 55 85 34 5 9 0 
1 4 16 46 29 1 6 3 
3 4 26 52 45 2 7 8 
9 3 40 103 111 9 1 0 
9 2 28 69 32 5 7 5 
1 1 17 30 19 5 6 2 
3 9 8 53 48 0 4 7 
7 0 33 52 58 1 2 9 
5 3 12 38 55 0 2 7 
9 0 35 81 68 1 2 1 
2 5 31 50 11 0 8 4 
7 1 47 48 80 2 1 3 
3 5 21 62 35 3 1 4 
6 4 55 39 45 4 6 5 
9 9 41 41 8 0 2 2 
1 9 0 10 72 3 4 1 
3 3 12 33 72 4 5 5 
1 6 37 31 48 2 0 9 
7 4 21 68 40 8 6 5 
0 8 15 58 50 9 2 8 
3 2 62 73 67 1 4 5 
2 6 65 44 52 6 0 3 
4 1 17 50 101 8 9 2 
7 8 4 38 84 2 0 7 
2 3 36 46 57 2 1 1 
2 9 25 64 72 0 6 8 
5 2 17 72 57 8 8 7 
0 4 51 45 58 7 6 0 
8 6 7 34 60 5 9 0 
1 7 48 37 52 2 8 3 
8 2 42 11 89 0 8 7 
4 4 13 68 35 3 4 4 
8 0 26 57 70 5 0 5 
2 8 14 10 30 2 1 6 
2 5 43 17 32 8 4 3 
3 0 79 79 29 7 6 5 
3 3 49 32 49 9 0 0 
2 3 31 49 63 5 3 0 
5 2 68 65 31 4 2 8 
6 6 19 63 25 1 5 1 
4 8 15 12 30 3 0 0 
6 7 61 28 51 8 7 9 
3 4 29 39 47 7 8 7 
0 3 23 36 27 7 1 4 
9 3 48 60 49 4 6 5 
7 9 33 42 39 7 9 0 
6 4 39 67 31 7 7 2 
7 0 1 69 82 8 8 3 
8 3 0 51 96 5 2 4 
1 0 29 42 16 5 6 4 
6 1 41 0 65 0 0 6 
2 6 12 70 66 1 1 9 
9 9 42 50 46 5 6 9 
1 1 19 53 58 8 9 9 
4 8 41 85 4 3 8 2 
6 6 56 27 56 5 0 9 
6 2 27 78 55 6 6 4 
6 7 51 53 49 4 2 7 
9 4 82 36 49 3 6 6 
2 6 15 52 40 9 6 5 
0 5 3 63 16 2 2 9 
5 2 49 33 62 3 0 7 
1 8 55 68 60 2 2 9 
6 1 10 45 43 9 0 2 
4 4 0 45 60 5 2 2 
9 9 15 26 41 9 9 4 
6 0 63 45 51 2 4 1 
0 7 43 38 18 9 5 3 
8 8 28 44 68 6 3 1 
6 3 26 31 60 5 5 6 
5 9 25 46 35 9 1 3 
7 4 2 30 34 2 5 4 
0 2 35 70 24 3 9 8 
0 9 17 22 64 1 0 3 
6 9 0 58 64 9 1 4 
9 0 33 59 88 7 1 9 
2 2 48 65 43 0 2 3 
0 5 0 58 12 7 5 6 
5 0 18 23 21 6 5 7 
6 0 20 40 27 1 1 9 
9 0 0 71 46 6 1 9 
1 8 53 25 40 7 3 1 
4 4 30 55 23 5 7 3 
8 3 44 30 54 5 3 0 
5 5 70 24 65 4 7 7 
0 0 34 57 32 9 0 6 
7 9 26 52 34 0 9 7 
6 0 41 83 48 1 8 4 
1 1 7 51 56 8 4 8 
2 4 9 64 51 4 4 3 
3 0 27 56 16 7 9 3 
9 0 29 76 68 6 7 0 
0 8 36 67 36 2 5 8 
0 9 41 73 15 4 6 4 
0 8 29 22 22 5 3 5 
2 6 23 34 56 5 6 7 
4 1 37 83 25 8 3 5 
7 5 48 39 67 7 5 2 
8 1 21 56 21 8 3 6 
0 5 82 74 63 8 3 2 
0 1 13 41 51 6 5 5 
1 6 38 44 46 0 8 5 
2 2 31 26 51 1 6 3 
7 2 17 56 24 4 3 9 
1 2 41 55 0 2 2 1 
1 8 25 52 46 3 8 7 
5 1 25 58 40 4 7 2 
2 3 37 52 35 2 3 8 
5 6 5 61 28 3 4 7 
1 6 28 58 54 9 7 1 
3 3 0 43 29 8 3 8 
5 4 34 48 61 8 3 3 
7 1 33 34 90 1 2 2 
4 1 21 33 80 2 8 1 
2 7 64 66 43 4 2 0 
6 4 15 43 82 1 0 1 
7 4 34 37 61 5 5 5 
0 7 37 29 33 6 1 0 
8 8 13 43 52 5 1 4 
1 6 6 46 28 8 4 1 
1 6 42 39 49 0 6 6 
1 6 57 48 51 9 1 5 
1 4 37 43 37 4 0 0 
9 1 16 50 54 6 3 7 
1 2 9 41 44 1 3 2 
2 8 0 27 35 8 3 7 
6 4 0 63 30 6 1 6 
1 2 44 76 40 3 2 7 
0 3 13 51 33 0 4 4 
8 5 0 24 48 3 5 1 
3 5 0 56 22 4 0 8 
4 5 31 71 31 9 2 2 
9 3 40 37 25 1 3 0 
8 6 0 44 57 4 5 9 
2 5 1 38 60 5 3 4 
7 6 59 45 48 1 3 9 
6 7 37 71 32 5 5 8 
5 1 29 48 46 0 9 2 
4 1 44 24 67 3 6 6 
3 6 3 58 53 7 5 2 
8 5 25 39 78 0 2 1 
4 9 41 30 48 2 2 5 
0 8 55 46 67 1 5 0 
3 5 77 83 87 6 2 7 
8 0 40 48 83 1 1 0 
4 3 17 36 59 0 5 5 
3 4 44 79 63 3 0 9 
3 1 44 65 44 7 9 5 
9 0 16 47 49 5 6 5 
2 7 54 63 81 1 4 5 
7 4 5 54 110 3 5 6 
7 2 20 52 102 5 1 0 
5 1 28 26 76 6 0 9 
8 9 19 34 53 1 4 0 
3 3 14 42 54 3 7 8 
4 8 24 46 59 3 0 8 
1 5 13 51 39 1 5 6 
3 0 52 26 8 6 3 5 
7 8 31 52 46 8 6 8 
2 8 26 56 41 7 3 0 
1 7 23 33 87 6 0 4 
7 0 16 35 70 1 4 7 
0 3 46 29 42 0 3 9 
0 8 26 49 47 0 9 8 
3 2 58 41 67 2 7 6 
4 4 35 31 62 2 6 6 
7 2 72 57 39 6 1 2 
9 4 42 21 87 6 4 2 
8 0 54 29 69 4 1 6 
7 7 24 45 73 1 8 3 
2 0 24 65 43 3 5 1 
3 1 56 21 23 7 0 1 
6 2 33 43 76 6 2 1 
6 2 35 73 55 0 8 6 
6 1 27 28 48 6 9 4 
0 9 6 17 38 6 8 8 
2 1 20 29 44 7 5 7 
2 4 6 27 25 6 8 7 
6 1 44 13 102 3 1 2 
4 5 11 21 42 9 2 7 
4 8 40 69 36 8 6 9 
7 1 22 42 66 2 9 9 
5 0 24 14 48 6 6 4 
7 7 52 57 50 5 2 6 
9 1 63 69 50 9 9 4 
4 1 63 14 54 0 9 1 
6 3 35 82 56 8 9 6 
3 9 14 77 89 9 6 0 
1 7 45 58 40 9 2 7 
4 4 25 57 61 5 7 8 
6 2 35 60 41 5 9 4 
2 7 22 46 19 6 7 8 
0 8 0 13 27 1 1 0 
5 8 4 50 43 6 7 5 
3 8 3 63 56 8 4 4 
3 3 19 81 46 6 5 5 
8 6 5 57 31 7 2 4 
4 8 60 46 22 0 5 1 
9 6 61 33 36 5 5 8 
9 7 11 47 35 7 1 7 
0 0 50 31 7 6 7 1 
8 5 17 66 29 5 5 0 
6 2 41 24 66 2 5 4 
6 3 48 52 54 3 1 6 
8 3 53 56 59 6 7 8 
2 8 27 71 50 1 8 4 
1 1 63 31 49 0 2 9 
5 5 44 62 62 4 6 9 
7 9 22 27 39 8 5 4 
3 0 7 38 46 2 6 0 
8 9 59 65 25 1 4 6 
0 5 45 56 33 6 9 3 
4 4 58 63 46 4 8 9 
8 1 32 26 47 4 6 6 
0 4 8 60 60 6 6 7 
5 2 8 93 8 0 8 4 
7 3 0 8 65 9 7 2 
5 9 55 44 35 3 8 9 
0 2 20 16 27 2 7 4 
0 8 49 56 78 8 1 7 
4 3 43 69 83 2 8 5 
7 8 11 40 28 1 3 0 
8 6 11 58 46 8 1 4 
6 9 26 70 54 3 0 9 
2 9 36 45 70 4 3 1 
3 5 40 31 50 3 4 7 
5 8 36 48 56 5 3 4 
0 3 57 28 22 6 0 9 
2 1 67 63 27 8 8 1 
1 7 0 13 19 2 1 3 
0 7 21 34 100 1 1 8 
6 8 43 57 30 5 4 0 
7 6 50 50 56 3 5 2 
0 2 27 43 65 7 2 5 
3 9 36 41 26 4 6 5 
1 3 71 39 56 2 2 3 
8 0 39 47 82 5 0 9 
8 5 55 29 54 6 4 0 
2 2 47 77 76 9 4 9 
2 1 20 37 37 1 4 8 
4 4 27 24 35 8 1 7 
0 6 24 68 45 8 3 7 
7 6 57 49 42 8 2 3 
7 7 41 51 61 6 3 5 
2 4 9 81 49 6 2 2 
5 8 1 50 43 9 5 5 
1 7 10 44 50 9 8 2 
4 1 24 69 88 8 8 8 
5 5 22 59 81 5 4 7 
3 0 11 7 68 5 9 9 
4 9 22 91 49 9 2 5 
0 1 31 81 50 7 7 9 
2 7 25 52 34 0 3 8 
4 5 33 53 42 2 3 1 
7 1 17 73 57 8 0 3 
1 1 15 60 75 8 9 9 
2 7 24 50 51 1 7 6 
9 8 38 82 46 3 3 7 
2 2 25 63 42 3 0 9 
5 0 8 56 60 9 0 0 
5 7 19 44 37 1 0 7 
4 0 52 88 78 0 9 9 
8 9 6 33 22 7 4 9 
7 5 22 84 43 7 3 0 
0 8 42 55 18 8 9 8 
3 2 7 44 62 9 3 7 
3 5 42 75 26 1 5 6 
4 6 27 63 41 9 1 2 
6 8 8 55 56 2 7 8 
6 3 10 41 57 8 7 4 
9 5 19 55 45 5 2 2 
5 0 0 33 87 6 0 2 
4 4 13 36 50 6 1 7 
0 7 18 52 62 1 9 3 
8 2 77 40 36 9 6 5 
0 7 31 54 85 6 1 5 
8 7 24 45 32 8 0 1 
5 6 34 53 43 0 3 4 
1 1 67 59 66 2 2 6 
2 4 6 76 34 4 1 9 
5 5 22 21 40 2 1 5 
5 2 4 77 78 9 6 4 
4 9 38 73 54 8 3 9 
0 3 0 53 66 6 3 6 
1 5 44 31 42 3 7 3 
0 3 33 67 32 7 1 5 
6 9 29 25 43 1 4 8 
2 2 64 88 37 7 5 2 
9 9 70 35 63 1 6 0 
6 5 0 49 89 6 9 9 
2 8 60 56 81 5 5 7 
4 4 0 39 60 8 1 5 
0 9 48 44 0 3 2 2 
0 7 0 62 35 3 5 3 
3 1 32 45 58 5 9 2 
4 7 20 63 59 3 7 2 
7 1 49 40 17 8 8 9 
8 2 33 16 69 9 6 4 
7 9 53 67 50 1 9 4 
3 6 26 45 99 7 0 5 
2 0 47 82 71 3 5 4 
1 5 39 17 71 3 5 4 
4 0 5 54 23 7 4 9 
7 8 61 44 32 2 4 6 
5 6 39 41 59 0 8 0 
5 2 0 21 80 5 4 9 
8 8 0 73 41 8 7 0 
3 1 45 21 0 7 4 8 
6 0 57 67 36 2 8 7 
1 7 49 29 48 6 6 2 
2 5 12 52 92 8 7 6 
8 6 22 59 33 5 0 2 
1 5 5 82 34 8 4 1 
0 9 54 50 62 6 9 3 
5 2 44 80 56 5 3 1 
8 1 34 34 44 2 8 5 
1 5 22 60 67 9 7 8 
2 8 47 45 40 1 4 5 
6 7 23 22 51 1 3 0 
6 9 67 53 41 4 7 5 
9 4 75 50 72 0 1 5 
9 5 8 26 48 2 9 7 
9 5 13 34 37 7 1 5 
9 7 26 91 66 3 1 4 
7 3 13 52 100 9 2 0 
8 5 25 89 63 6 6 3 
3 6 18 46 36 8 7 0 
1 7 0 34 18 2 3 4 
4 1 50 49 32 8 4 1 
9 0 14 70 78 6 4 0 
7 6 66 36 53 5 8 2 
0 2 9 76 43 2 5 7 
6 7 2 56 25 1 5 2 
6 1 0 48 41 8 5 7 
9 0 14 45 53 0 1 5 
9 9 31 45 52 6 7 6 
7 5 17 11 32 7 5 2 
6 6 51 0 56 7 5 4 
1 5 37 62 43 0 7 7 
5 9 9 16 40 2 7 3 
5 9 41 21 58 4 9 2 
5 0 11 44 56 7 8 1 
7 3 57 56 56 7 4 5 
1 5 34 72 49 2 7 9 
3 2 12 36 57 5 9 2 
4 4 23 71 93 3 3 3 
5 1 66 62 29 3 6 9 
4 0 35 23 75 7 4 2 
8 4 12 37 73 9 8 2 
4 4 5 68 79 0 9 4 
0 6 0 88 45 0 2 7 
7 0 27 67 64 2 9 4 
0 0 9 28 91 9 6 3 
4 5 26 64 60 3 2 0 
0 4 0 67 61 4 3 5 
0 4 0 4 74 3 3 4 
5 4 35 59 0 6 0 9 
1 7 31 51 5 2 3 5 
0 9 10 56 41 1 5 0 
5 4 44 6 56 7 3 2 
7 4 1 7 52 6 4 2 
4 2 12 21 32 7 2 1 
9 6 28 19 50 3 6 7 
6 5 2 58 87 8 5 7 
1 1 30 20 61 9 9 1 
5 1 41 60 35 9 0 1 
2 8 28 31 84 6 2 5 
9 0 35 64 93 1 6 9 
4 3 27 72 27 8 0 7 
4 7 54 24 67 6 5 4 
0 6 13 53 33 2 5 4 
8 5 13 36 56 7 3 8 
4 5 31 43 63 1 2 7 
2 9 31 48 61 1 3 0 
3 3 0 41 31 8 0 2 
7 4 37 66 45 4 5 0 
5 6 16 76 41 9 5 2 
9 0 14 54 42 3 4 4 
5 7 14 49 48 5 2 4 
9 9 0 48 87 2 4 6 
2 8 26 41 60 5 7 7 
6 3 16 61 47 8 0 7 
3 2 24 18 26 4 0 0 
1 0 44 21 64 1 6 9 
2 4 0 79 26 0 3 1 
8 2 33 24 27 2 2 6 
9 8 0 75 74 4 8 3 
6 9 0 69 58 5 9 7 
8 0 51 36 79 7 7 4 
0 5 21 43 58 6 5 6 
0 9 54 85 59 6 1 3 
4 5 38 64 28 7 5 7 
4 3 0 83 61 4 5 2 
6 7 52 8 48 4 9 3 
4 1 41 61 61 6 6 4 
8 0 19 68 41 4 0 0 
8 7 13 49 52 7 8 1 
5 5 50 44 39 2 9 4 
0 6 0 44 15 3 7 3 
3 4 43 42 29 7 6 9 
3 1 37 45 63 7 2 3 
1 9 45 78 19 5 6 2 
6 2 4 70 19 0 3 7 
9 1 38 48 78 3 3 5 
5 2 19 48 58 3 3 2 
0 8 16 58 67 9 0 0 
5 8 58 36 61 2 9 1 
6 4 43 38 73 0 2 9 
0 9 65 63 85 7 3 4 
3 8 9 83 86 7 6 0 
0 3 21 60 55 5 6 2 
0 1 30 51 53 8 5 1 
0 4 12 75 28 9 8 7 
7 3 62 30 79 7 0 9 
5 2 0 59 60 1 1 9 
6 2 53 23 8 7 8 0 
0 8 46 27 64 7 5 4 
1 2 32 44 49 3 4 0 
5 7 30 73 53 9 3 2 
9 3 23 6 69 0 1 6 
7 8 45 76 64 2 7 9 
3 7 36 54 47 6 4 8 
0 8 36 40 63 7 7 7 
3 0 11 70 47 2 2 0 
0 6 61 21 95 9 5 3 
1 4 58 35 56 8 8 8 
2 1 26 0 27 9 1 0 
3 0 8 62 48 7 2 6 
4 5 15 46 47 9 7 4 
8 7 0 57 58 3 2 5 
2 3 42 49 35 5 9 9 
2 0 10 79 37 6 0 8 
9 5 50 57 32 2 6 7 
6 0 27 64 32 2 3 1 
3 5 22 45 29 5 5 9 
4 5 0 59 66 0 2 0 
6 9 1 63 63 5 8 4 
8 5 47 46 45 3 0 3 
7 0 16 54 0 7 4 8 
2 1 45 45 63 0 7 8 
3 4 51 76 61 3 8 9 
1 7 70 38 84 2 2 1 
0 9 9 55 61 0 0 5 
3 5 39 52 16 8 3 4 
4 5 44 80 69 9 4 8 
9 7 7 28 18 2 5 4 
1 6 23 34 53 3 7 0 
8 7 9 19 68 2 7 1 
0 9 0 38 51 9 6 4 
4 3 46 53 33 2 8 5 
0 4 32 87 64 8 9 4 
9 1 21 64 31 2 1 9 
9 0 46 68 56 1 0 0 
1 4 33 40 100 8 1 5 
8 2 60 31 48 6 0 1 
1 7 27 41 99 1 6 4 
0 3 37 82 41 0 0 8 
1 5 5 40 41 2 1 6 
8 0 12 65 43 6 4 5 
4 9 56 51 74 7 7 5 
1 6 27 69 57 3 8 8 
3 3 16 38 34 2 7 6 
6 6 10 47 15 0 7 1 
0 3 43 64 56 1 2 8 
4 0 45 61 13 0 6 0 
5 5 3 51 91 1 2 6 
8 7 72 15 44 5 2 2 
0 5 35 21 24 1 3 9 
1 7 36 22 50 8 3 0 
4 3 15 52 72 1 2 1 
7 2 35 74 63 0 1 9 
7 8 27 53 73 1 9 2 
3 2 19 39 42 1 5 6 
4 4 77 34 66 8 7 6 
1 6 39 53 76 1 9 3 
5 9 46 55 33 0 9 5 
9 5 19 45 69 6 4 8 
4 3 57 29 85 8 7 4 
9 3 61 41 66 9 7 5 
6 2 33 0 62 4 0 6 
7 2 51 22 52 6 0 5 
3 8 7 63 75 7 1 2 
0 3 28 62 31 0 9 3 
3 3 33 24 43 1 2 1 
3 3 42 19 31 1 7 1 
5 1 45 39 40 2 1 0 
8 9 25 52 92 6 6 0 
0 5 24 41 68 7 3 2 
5 2 32 68 44 1 5 4 
1 0 44 80 37 9 2 9 
4 0 24 43 34 0 5 8 
0 0 15 48 65 8 7 3 
2 3 1 66 59 0 2 4 
0 0 45 71 88 0 7 8 
6 4 0 61 36 8 4 1 
9 1 21 53 26 5 3 1 
0 7 22 61 54 9 8 0 
1 4 14 54 55 2 6 7 
8 9 0 33 82 3 1 2 
6 6 27 57 3 5 4 0 
8 8 0 44 83 0 2 6 
7 1 5 50 72 6 4 2 
3 3 44 30 70 0 1 7 
0 2 45 55 48 3 6 2 
2 3 24 62 67 2 0 4 
9 7 48 41 80 9 7 9 
3 7 66 57 53 2 9 8 
6 5 59 49 40 6 7 7 
9 4 15 18 67 4 8 6 
5 1 10 21 31 6 6 3 
5 1 0 42 98 7 8 1 
0 4 9 87 23 8 0 8 
6 1 62 70 56 5 4 5 
4 7 12 65 72 4 1 1 
2 5 43 59 58 9 4 4 
9 4 0 22 93 2 1 8 
0 4 1 43 63 6 4 6 
6 1 9 59 44 2 0 7 
0 2 52 85 52 8 5 5 
3 3 27 45 47 0 5 4 
5 9 68 32 96 0 3 3 
4 4 7 69 46 0 0 0 
2 9 49 14 42 1 2 6 
7 1 35 55 51 3 9 5 
7 4 81 62 32 4 1 5 
4 7 45 43 50 5 4 9 
5 2 49 36 61 5 2 6 
6 0 44 52 29 2 0 4 
9 1 15 81 53 2 3 4 
8 6 48 45 69 3 6 4 
2 3 48 46 42 6 3 3 
3 6 6 29 46 0 1 9 
3 7 30 13 22 4 3 8 
3 0 6 45 39 1 1 9 
4 7 39 61 35 4 9 9 
6 2 45 49 9 4 2 9 
2 5 37 66 72 2 8 0 
0 3 21 45 59 0 9 6 
6 4 20 76 66 5 2 9 
5 2 23 46 2 8 2 3 
8 4 17 23 77 8 4 9 
5 0 0 58 61 7 0 6 
4 5 17 78 28 7 1 6 
2 6 46 43 54 4 0 7 
8 8 14 56 72 8 3 6 
1 8 18 57 38 8 1 5 
5 6 51 57 65 3 9 3 
4 1 41 43 21 0 1 6 
7 9 51 32 59 0 1 2 
1 8 11 26 34 0 2 4 
3 2 0 30 56 5 1 5 
1 9 37 55 34 4 5 7 
2 0 21 60 36 0 6 1 
8 4 24 28 43 5 6 6 
9 9 56 39 65 4 2 1 
2 6 18 59 39 7 1 3 
1 2 0 63 50 6 6 4 
2 3 0 44 83 4 8 7 
6 2 47 48 26 4 9 4 
4 3 22 69 61 2 1 9 
3 7 48 41 39 4 1 7 
9 8 18 83 64 5 2 5 
8 5 16 38 74 5 1 5 
0 0 14 29 30 7 5 6 
0 3 39 38 41 9 1 6 
0 4 14 50 50 4 1 6 
4 1 27 56 21 4 1 4 
0 3 30 46 70 8 9 6 
4 5 5 44 43 1 9 6 
4 2 46 59 54 1 7 3 
8 3 61 23 30 5 2 8 
9 2 11 67 71 8 1 1 
8 0 54 60 19 3 7 6 
7 9 18 78 52 3 7 3 
1 2 31 52 61 7 8 6 
9 9 5 53 58 3 8 0 
1 1 26 0 79 2 3 7 
4 0 0 41 28 1 3 1 
0 1 43 35 39 4 9 8 
3 4 43 93 42 0 6 0 
7 7 5 16 74 8 9 1 
9 0 13 67 27 8 8 9 
4 4 12 76 50 9 3 8 
8 8 46 51 53 4 9 4 
1 2 55 45 78 5 1 4 
9 3 16 41 58 4 7 1 
8 1 33 39 78 3 1 9 
1 4 0 35 60 6 2 3 
5 8 21 59 39 3 5 1 
0 5 16 30 14 7 2 9 
3 7 36 28 53 4 2 5 
5 3 65 66 22 8 0 5 
9 4 72 52 51 9 4 8 
8 3 7 77 42 1 2 6 
5 3 21 114 46 9 5 0 
3 1 0 76 46 2 0 4 
4 1 42 61 82 3 1 1 
1 1 42 71 90 2 1 2 
5 9 40 16 41 2 7 6 
0 1 19 49 37 2 4 8 
4 7 23 63 21 9 4 2 
0 9 20 40 21 6 6 7 
1 4 27 24 52 1 9 4 
6 6 44 6 45 6 4 1 
2 6 8 35 46 4 8 3 
7 6 62 67 57 9 6 3 
1 0 39 17 38 7 4 5 
0 7 62 31 61 5 2 4 
6 8 37 64 52 1 5 4 
3 7 73 46 71 6 7 0 
8 9 41 51 56 8 2 5 
8 7 10 65 60 3 4 2 
1 2 7 66 46 0 7 5 
1 8 43 61 75 2 7 4 
0 0 38 53 63 9 9 9 
0 8 4 47 28 4 3 4 
6 5 0 40 41 7 4 9 
5 7 28 28 80 1 2 3 
5 6 45 39 10 3 3 7 
1 7 29 81 73 7 6 9 
2 2 41 102 48 4 7 6 
3 9 28 61 59 3 6 7 
9 8 27 58 13 4 7 3 
1 7 24 46 75 2 3 9 
8 7 13 8 24 3 3 8 
4 0 4 45 51 4 5 7 
1 5 26 37 70 0 5 4 
3 8 26 61 34 4 3 4 
3 4 28 67 53 7 4 8 
2 2 51 40 46 2 8 7 
1 0 28 50 24 6 8 3 
8 2 28 73 93 3 7 9 
9 3 54 25 44 3 1 9 
9 6 0 44 59 6 9 7 
0 8 40 12 37 8 8 5 
1 2 27 6 30 5 6 0 
9 9 4 42 41 5 6 5 
7 1 50 94 27 8 6 3 
4 5 20 37 100 0 7 0 
0 0 25 50 42 1 2 4 
1 2 38 55 40 3 3 7 
5 8 31 57 24 7 2 3 
3 5 34 36 52 3 9 6 
1 5 19 36 56 5 0 5 
9 4 38 54 44 0 3 5 
6 6 60 58 83 6 2 7 
3 9 52 41 38 0 5 3 
7 3 50 60 27 3 3 7 
0 7 14 67 52 3 8 8 
3 3 48 71 51 7 3 4 
4 1 23 47 68 1 8 8 
7 2 60 38 59 3 1 1 
3 1 0 62 70 4 6 4 
4 6 16 58 41 7 3 3 
4 6 40 61 51 9 5 7 
7 6 30 46 43 0 4 4 
9 6 18 52 71 8 7 8 
7 3 0 96 37 2 7 2 
0 9 35 36 81 9 7 7 
2 9 14 48 20 8 6 0 
6 4 14 73 37 6 7 2 
6 4 16 56 28 8 4 1 
2 3 27 62 43 3 1 0 
6 4 39 100 35 6 1 9 
3 6 11 44 27 3 8 1 
2 8 8 13 42 3 8 1 
6 7 75 52 68 1 2 3 
6 4 19 77 40 4 3 9 
4 7 47 58 61 8 4 8 
0 5 37 21 58 4 7 5 
8 1 64 71 18 0 1 7 
0 2 33 60 33 0 3 3 
8 6 19 98 50 7 2 0 
4 8 17 53 48 6 6 5 
7 6 13 0 43 5 1 0 
2 2 24 32 53 3 7 6 
7 5 0 54 63 7 3 8 
7 3 43 32 22 1 7 5 
9 8 4 70 43 4 9 6 
4 3 63 33 68 9 2 3 
0 8 47 61 57 0 5 1 
2 2 14 67 39 2 4 3 
0 1 6 42 83 8 4 7 
7 6 32 79 40 6 4 7 
9 6 11 60 51 6 8 3 
5 5 19 72 71 8 1 6 
7 0 19 35 72 5 5 5 
9 2 27 55 46 9 6 3 
9 3 28 31 50 9 8 5 
2 7 42 69 17 5 8 0 
4 9 10 52 67 5 5 4 
2 6 23 56 60 9 8 7 
5 6 35 46 50 3 4 8 
0 0 44 54 23 8 5 9 
0 2 55 45 40 0 2 7 
1 9 48 65 41 2 4 9 
9 4 23 51 72 0 4 4 
8 4 33 84 29 5 9 2 
7 6 10 51 37 7 7 9 
4 8 23 72 54 5 7 3 
3 8 76 82 25 2 1 3 
4 8 5 35 34 4 8 3 
0 2 23 18 20 2 1 2 
0 1 16 34 75 7 1 1 
4 9 35 72 27 6 8 5 
4 0 45 40 50 7 1 8 
9 8 58 1 11 2 2 7 
1 0 30 65 82 8 4 1 
6 9 33 49 22 2 1 6 
2 3 49 55 55 7 7 0 
3 4 6 49 56 8 4 5 
5 2 16 36 34 2 9 5 
6 4 45 79 42 6 2 1 
9 8 16 70 50 6 9 7 
1 9 34 48 41 8 1 2 
5 9 51 78 58 6 2 2 
5 5 20 28 50 2 7 9 
8 7 50 24 82 8 5 9 
5 2 41 72 48 6 2 8 
4 4 0 65 76 1 6 4 
5 1 65 53 67 4 6 1 
9 8 0 70 41 0 4 0 
7 8 33 42 52 6 7 0 
4 6 66 54 70 8 2 1 
9 5 53 58 70 9 5 6 
7 3 22 73 90 5 5 5 
5 7 23 35 55 3 6 3 
7 8 33 61 72 2 6 8 
8 9 38 22 54 5 1 3 
9 8 50 22 32 6 1 1 
9 3 26 44 58 9 3 7 
8 9 8 41 74 2 2 5 
5 4 19 62 31 1 0 6 
6 9 33 22 55 6 5 3 
4 9 69 40 36 3 0 5 
4 6 33 25 19 4 4 9 
6 7 36 13 68 8 4 6 
6 7 40 51 44 9 2 0 
9 2 43 87 56 6 1 3 
4 3 19 37 23 0 1 9 
6 4 8 68 63 1 7 2 
5 8 23 56 53 0 4 6 
3 3 31 39 108 4 6 9 
3 7 9 61 52 1 8 6 
4 6 41 63 46 9 6 5 
8 8 22 40 61 2 4 8 
8 9 13 0 79 4 8 6 
9 3 2 53 44 8 9 4 
0 9 0 43 36 7 1 4 
6 2 52 35 61 1 3 5 
8 8 49 37 57 4 0 6 
1 6 16 79 58 3 7 1 
4 2 71 50 9 5 5 3 
2 6 30 8 19 7 6 3 
4 8 0 66 32 9 5 7 
3 6 36 17 30 8 8 2 
9 2 50 56 20 3 5 6 
4 4 39 59 74 8 7 0 
2 0 49 79 45 4 2 7 
4 2 15 62 71 7 4 2 
3 6 39 31 19 7 9 6 
7 9 7 26 46 7 5 6 
4 9 24 51 5 3 4 4 
4 0 29 63 9 9 9 0 
7 4 22 85 71 3 3 4 
5 4 39 36 41 2 9 6 
5 4 23 34 83 3 9 8 
1 9 43 37 50 6 0 2 
2 2 23 46 57 7 5 7 
9 2 18 60 32 0 3 3 
1 1 0 47 49 4 8 3 
4 0 30 52 55 3 8 8 
3 3 34 63 51 2 6 8 
0 6 21 70 84 2 8 0 
7 0 60 62 34 5 0 1 
2 5 6 37 40 9 1 8 
8 7 41 58 48 4 9 7 
0 6 46 64 43 3 5 8 
0 9 0 87 50 9 2 3 
7 3 35 41 70 8 2 5 
3 2 33 35 34 7 6 6 
0 1 17 46 27 2 5 0 
3 6 27 21 77 9 2 3 
6 5 24 70 43 5 1 7 
3 8 33 29 33 0 5 5 
6 5 14 55 49 8 6 8 
8 7 29 11 53 8 1 6 
0 8 48 24 27 6 7 9 
0 7 44 49 57 9 7 9 
1 1 0 34 49 0 5 5 
2 8 14 57 57 6 9 3 
3 8 44 27 31 9 6 6 
0 8 0 69 51 0 8 6 
1 7 58 90 48 2 9 3 
7 6 39 79 22 0 3 6 
7 9 35 59 72 9 4 5 
9 0 58 55 36 3 5 3 
0 7 0 77 26 3 0 1 
8 1 0 73 51 3 7 9 
9 3 50 75 82 7 5 3 
0 8 44 20 58 1 7 0 
9 7 1 43 47 4 5 3 
8 5 30 58 56 9 5 8 
4 4 41 33 65 0 3 9 
0 5 51 52 85 1 3 2 
9 3 27 52 29 9 6 9 
5 2 16 58 42 6 4 2 
8 7 56 106 22 7 3 5 
4 7 0 69 84 9 5 0 
6 2 26 61 1 9 2 7 
5 9 14 65 40 4 0 7 
0 9 45 64 43 4 8 9 
4 6 44 32 57 6 3 0 
4 1 54 13 69 6 1 8 
8 9 17 47 85 6 3 8 
9 9 43 61 97 5 9 2 
6 0 66 27 38 4 6 7 
3 5 52 72 38 1 5 2 
4 4 29 27 54 3 6 9 
2 6 21 76 0 1 5 5 
7 1 24 53 41 1 7 3 
8 3 44 46 7 0 4 9 
2 9 58 57 47 6 0 0 
9 3 47 95 58 6 9 9 
9 2 51 58 102 4 5 9 
9 9 49 17 80 0 6 6 
2 8 15 56 90 5 7 2 
2 6 0 61 14 3 5 7 
7 6 49 46 53 2 1 6 
6 4 27 33 36 0 0 1 
3 7 13 74 32 1 3 5 
4 4 50 71 50 9 7 6 
2 0 37 51 76 6 0 0 
8 0 43 23 63 0 5 2 
3 1 11 60 38 1 7 8 
9 7 36 67 46 9 5 9 
6 3 42 62 33 9 4 0 
4 9 26 59 56 2 3 5 
0 9 40 45 55 1 8 4 
4 0 25 46 31 6 5 0 
5 5 24 16 46 0 4 9 
0 5 33 69 45 1 2 8 
6 8 19 69 32 9 6 8 
7 9 26 65 39 0 3 0 
2 5 48 72 30 8 8 0 
3 1 1 47 40 8 6 1 
3 1 33 31 43 8 3 9 
9 5 19 41 57 9 5 0 
6 6 31 74 27 3 9 7 
7 4 60 48 59 8 8 2 
7 0 30 34 54 9 9 4 
9 0 39 52 90 1 8 6 
4 2 0 47 32 9 4 1 
0 5 8 28 71 0 0 1 
2 0 36 46 51 7 1 5 
1 8 28 34 16 4 2 7 
0 6 13 22 37 9 2 7 
1 8 23 62 67 9 0 1 
9 1 53 51 103 3 2 6 
9 2 23 47 45 3 2 0 
8 3 0 63 56 2 8 7 
0 8 32 72 72 0 8 3 
1 6 9 63 27 1 1 9 
6 9 21 53 51 6 3 6 
3 9 25 39 59 2 8 4 
2 6 13 57 48 5 0 7 
8 7 23 74 59 5 6 6 
0 8 0 33 34 4 7 8 
9 4 40 66 40 0 7 5 
3 4 10 53 38 9 8 8 
8 0 27 11 63 1 2 1 
4 5 9 65 61 3 7 6 
9 5 50 55 67 4 8 0 
1 6 24 54 44 4 2 1 
8 0 17 13 56 3 9 2 
1 8 11 80 73 1 4 0 
4 8 65 34 23 7 5 7 
4 8 0 43 45 4 8 1 
8 8 50 85 45 5 5 9 
4 1 15 50 44 1 4 5 
9 1 33 54 58 2 4 2 
1 7 15 44 53 2 0 7 
5 6 8 11 32 4 0 6 
6 6 28 66 48 4 9 4 
1 0 17 89 63 4 3 9 
9 9 37 76 65 0 4 4 
6 1 35 62 96 5 7 7 
4 8 20 69 45 8 2 3 
9 9 61 50 81 6 9 7 
0 7 43 61 90 9 6 1 
9 9 20 52 47 2 2 0 
0 9 38 41 38 2 7 1 
9 4 21 55 36 9 7 8 
8 1 38 53 44 0 9 8 
4 2 46 22 41 9 1 2 
4 2 41 49 81 2 2 8 
4 1 37 37 37 2 9 9 
9 6 24 61 35 5 5 2 
0 3 27 76 51 9 6 8 
9 1 50 58 61 1 0 4 
9 4 54 57 85 9 0 7 
8 5 0 20 22 6 0 8 
5 1 12 22 64 1 2 9 
9 4 2 61 41 1 5 8 
8 0 31 60 15 6 4 2 
1 6 8 63 51 0 5 1 
6 6 21 57 39 0 8 2 
4 7 49 99 61 6 1 9 
5 6 33 75 47 1 2 7 
9 0 37 55 62 1 0 9 
4 0 34 68 58 9 5 9 
3 2 14 73 80 1 2 4 
0 9 44 27 33 8 6 4 
2 4 8 20 31 1 5 7 
0 5 0 50 51 5 7 9 
5 2 8 50 73 1 0 7 
1 4 24 63 59 2 1 0 
7 3 16 8 57 3 7 3 
4 7 37 38 90 9 1 8 
7 2 0 99 48 4 9 9 
9 2 28 44 59 2 4 0 
9 3 2 44 51 9 3 1 
8 0 44 37 42 2 0 3 
1 9 47 48 87 8 2 2 
9 0 12 53 52 2 5 8 
8 0 55 61 12 7 7 9 
6 0 0 75 46 1 4 9 
5 4 31 62 51 8 7 4 
0 9 16 76 61 3 0 4 
8 0 51 44 48 2 5 6 
0 5 30 61 65 9 0 1 
1 1 7 72 80 6 7 8 
8 0 13 25 63 0 8 9 
6 4 55 24 28 9 1 8 
8 3 13 53 9 1 1 8 
8 0 24 83 34 4 5 1 
6 9 3 50 53 3 8 5 
2 9 25 20 31 3 4 1 
1 4 25 38 76 2 2 2 
8 1 8 47 49 7 0 9 
0 5 22 47 82 5 9 7 
1 7 7 43 78 9 1 1 
2 3 37 59 60 2 6 1 
5 5 19 42 30 5 1 6 
8 9 9 69 79 4 3 3 
9 0 42 57 46 0 2 1 
3 3 27 11 65 0 5 7 
7 6 52 89 59 1 9 0 
2 4 0 21 32 1 5 5 
9 8 47 53 83 9 3 3 
8 3 15 27 28 5 5 8 
3 3 30 34 47 0 8 7 
2 2 64 64 40 0 9 2 
5 5 15 38 47 1 7 0 
3 8 38 39 55 7 7 9 
6 4 31 50 61 7 1 9 
1 8 14 66 32 8 4 1 
3 1 56 46 56 2 2 0 
4 8 7 67 69 9 3 9 
4 5 50 33 28 2 1 8 
2 7 17 76 51 9 2 1 
6 7 0 0 96 6 5 4 
2 7 0 74 50 9 7 0 
4 1 69 15 34 2 7 0 
0 4 37 52 63 3 9 3 
0 8 32 41 49 6 1 4 
2 8 0 24 64 2 8 8 
8 3 4 32 46 8 8 6 
2 2 18 63 52 8 2 8 
0 1 0 43 60 2 8 4 
1 9 21 61 43 4 5 1 
4 5 30 66 88 9 5 1 
8 6 31 49 51 7 5 2 
7 9 3 54 49 0 2 5 
3 4 31 70 60 0 5 0 
6 4 3 43 64 7 8 8 
4 7 5 43 33 1 3 3 
8 5 47 33 39 9 3 2 
7 1 32 75 34 8 2 0 
2 1 20 61 10 2 7 1 
0 3 0 103 42 7 0 8 
0 1 13 25 45 1 9 7 
9 8 26 77 52 9 2 0 
3 4 45 89 19 6 1 4 
2 9 29 29 41 9 3 3 
6 2 33 72 54 0 3 8 
5 7 49 28 85 2 6 3 
5 7 21 34 52 2 2 1 
7 4 7 35 61 0 5 7 
6 7 35 39 57 0 3 3 
1 4 5 46 51 4 8 0 
9 2 0 58 92 2 4 0 
2 8 21 17 48 4 5 9 
1 4 40 42 35 6 0 3 
4 4 0 61 41 0 3 1 
5 0 48 42 50 7 6 9 
3 2 51 55 42 8 6 3 
3 7 42 29 45 6 6 5 
9 4 20 55 68 0 5 2 
0 6 21 74 48 6 6 6 
6 2 55 34 13 3 6 5 
0 7 30 55 26 9 2 5 
2 2 28 77 68 6 1 8 
8 0 11 38 80 7 2 3 
2 5 20 63 36 2 4 1 
1 0 0 25 54 7 9 6 
6 0 44 56 36 3 9 1 
7 4 46 21 2 2 6 7 
0 0 57 30 65 2 8 2 
2 5 52 54 36 5 2 5 
7 9 42 73 33 9 3 1 
5 5 27 51 42 0 4 3 
2 7 59 17 25 3 8 1 
5 6 20 52 33 9 0 7 
6 2 47 33 29 9 2 9 
2 1 27 23 51 2 3 7 
9 7 26 48 24 9 6 1 
9 7 41 64 12 3 2 7 
6 0 21 67 59 8 0 4 
7 2 62 60 37 0 7 8 
6 6 58 24 92 1 8 7 
9 8 46 44 50 0 6 0 
0 6 14 52 63 0 7 6 
2 1 22 38 47 0 5 0 
7 4 31 51 17 2 5 2 
0 4 7 36 51 4 9 3 
6 5 35 67 63 3 8 0 
0 2 56 31 56 8 1 4 
9 6 6 8 101 8 7 4 
2 7 0 45 28 2 4 2 
6 4 26 23 83 3 9 7 
2 3 39 57 82 9 9 1 
1 2 15 50 26 0 1 9 
1 2 22 57 44 3 2 2 
8 9 45 25 40 5 7 7 
5 2 44 41 81 9 3 2 
2 1 70 37 46 0 7 9 
9 5 6 40 62 6 0 9 
8 5 0 53 24 7 3 5 
0 6 55 69 45 6 3 0 
1 0 48 30 66 1 6 0 
5 1 0 75 51 5 3 6 
9 1 33 49 47 1 6 6 
8 0 35 57 37 7 8 3 
2 8 0 88 75 4 0 4 
0 0 38 40 64 7 4 4 
9 5 76 39 52 7 6 4 
5 2 21 41 47 7 7 0 
5 0 41 60 18 5 3 2 
1 4 7 63 52 1 4 1 
2 2 0 6 31 5 5 7 
0 0 49 58 34 2 0 2 
7 5 17 71 72 2 2 0 
1 8 33 22 54 7 4 7 
4 3 26 30 10 6 3 9 
0 9 58 43 61 6 1 2 
8 0 30 31 39 9 8 8 
4 1 13 68 66 9 2 8 
0 3 66 63 65 3 0 7 
6 0 4 53 63 3 7 0 
6 1 20 53 59 0 4 3 
4 2 19 44 36 1 3 7 
7 1 14 79 9 4 5 9 
3 0 30 59 70 8 7 2 
4 6 52 36 57 1 4 1 
3 1 56 53 60 8 8 1 
1 7 32 43 39 9 3 2 
7 1 4 37 39 1 3 7 
9 2 31 69 64 1 5 4 
9 8 18 38 68 0 6 1 
2 6 68 77 59 6 3 6 
0 6 30 45 33 4 2 0 
7 6 54 51 40 9 8 9 
4 2 48 63 77 1 2 5 
9 5 20 48 45 8 9 6 
7 7 58 79 27 9 8 7 
9 6 32 72 55 8 2 1 
9 0 57 64 62 9 7 1 
8 6 55 64 50 2 9 8 
6 3 54 47 26 4 5 5 
8 5 34 25 42 2 8 0 
5 8 63 66 76 2 2 8 
1 0 64 27 39 5 6 0 
3 1 21 34 55 9 3 9 
1 5 19 29 56 1 1 6 
4 3 0 39 44 8 6 2 
0 3 20 48 85 3 6 1 
8 5 0 56 41 1 9 0 
6 7 32 52 33 5 3 5 
7 2 46 55 52 0 8 6 
0 0 46 89 45 2 6 2 
1 3 29 37 50 9 9 4 
4 3 19 48 66 2 3 3 
2 7 51 19 85 1 4 3 
9 1 7 43 23 9 1 8 
4 7 0 43 39 2 5 2 
5 3 52 35 65 6 3 2 
5 3 0 27 44 5 5 1 
5 3 0 6 56 1 9 3 
6 7 45 31 24 8 2 7 
5 4 30 81 38 0 4 0 
8 3 42 28 47 0 4 3 
5 8 31 63 41 3 1 6 
0 0 0 46 71 0 6 1 
7 3 25 58 0 8 1 6 
9 9 23 33 58 7 6 4 
6 4 45 85 87 6 5 9 
2 2 33 53 14 6 1 0 
2 9 0 64 51 5 7 1 
4 7 42 45 57 0 2 0 
6 9 28 65 40 1 9 3 
1 0 38 78 69 3 7 0 
3 0 37 39 54 3 7 2 
3 1 43 48 7 9 3 6 
7 1 37 63 61 8 5 1 
1 6 27 69 68 4 2 5 
6 1 21 13 32 7 5 0 
9 6 2 43 59 0 7 5 
1 0 44 75 72 7 6 7 
5 6 51 20 82 0 2 5 
9 1 9 65 62 3 7 4 
0 1 31 42 60 1 1 7 
0 6 45 37 64 1 9 4 
1 6 4 52 43 5 8 9 
0 2 47 49 37 2 7 1 
7 1 37 32 45 9 0 5 
9 3 14 24 22 1 2 2 
5 7 35 35 71 6 7 2 
3 1 41 53 14 7 9 8 
4 0 17 79 57 6 0 5 
8 1 52 27 40 9 9 0 
1 4 42 45 39 5 7 3 
4 7 20 48 91 2 6 8 
0 1 35 94 39 5 4 2 
0 9 23 63 43 8 4 5 
8 2 25 2 24 5 9 3 
5 2 28 72 56 2 4 6 
8 7 2 0 17 6 1 9 
2 4 63 47 29 8 2 4 
9 4 46 51 40 8 2 6 
6 6 37 56 47 4 9 5 
7 4 46 90 49 7 2 3 
4 0 20 41 42 2 0 6 
4 0 59 53 34 0 4 3 
2 5 7 37 56 8 4 4 
1 1 22 62 49 2 3 9 
1 7 0 28 54 9 3 6 
6 9 26 54 56 0 3 8 
0 9 56 2 82 0 2 8 
3 1 35 57 58 6 1 8 
2 1 23 2 59 1 9 4 
2 5 4 57 24 3 9 4 
7 2 37 54 36 3 5 0 
7 1 53 29 31 3 0 4 
0 7 39 43 43 5 0 9 
3 4 8 58 40 2 6 4 
9 9 45 61 97 3 9 9 
0 8 16 75 41 6 1 5 
8 9 37 64 50 2 0 5 
5 1 68 18 16 1 8 0 
8 8 22 64 57 1 7 1 
4 2 30 59 47 7 8 7 
9 6 29 29 62 7 0 6 
9 6 18 58 74 1 7 5 
5 3 41 16 27 0 8 5 
2 3 20 30 54 2 8 9 
7 5 25 32 40 7 5 2 
4 4 63 51 95 9 8 9 
2 8 27 36 75 3 3 6 
8 4 24 16 46 7 9 3 
3 7 40 50 63 9 0 1 
5 2 12 57 38 2 5 8 
1 0 34 42 13 6 9 5 
2 5 14 39 59 4 5 8 
1 3 36 19 42 6 0 8 
6 8 28 31 20 1 7 6 
5 1 47 38 14 9 3 1 
9 9 42 70 91 0 6 7 
8 3 56 60 43 3 2 0 
4 9 30 93 41 6 7 0 
2 5 21 83 65 0 7 6 
6 3 35 29 56 6 7 0 
8 2 0 46 70 5 0 1 
9 2 11 53 46 1 5 6 
8 9 41 40 37 5 9 3 
0 9 23 82 40 7 8 3 
9 4 46 34 38 2 0 0 
1 5 27 60 67 7 0 6 
5 4 34 41 85 6 4 6 
6 5 34 53 68 7 5 3 
4 9 23 19 72 4 4 0 
0 3 45 50 19 2 6 4 
0 2 54 44 31 4 3 3 
5 5 17 49 65 7 3 7 
0 8 36 52 45 3 5 7 
2 2 34 84 57 1 9 4 
2 2 39 5 37 3 6 7 
4 2 73 24 32 7 1 5 
3 7 34 62 29 2 9 6 
6 6 39 27 43 9 6 0 
9 2 17 67 19 1 7 5 
2 0 19 26 27 5 3 0 
7 9 41 55 100 5 2 6 
7 0 0 78 50 3 7 5 
3 7 26 14 53 8 8 7 
1 4 66 60 66 2 7 1 
1 2 31 41 50 8 5 7 
8 6 45 45 50 4 1 3 
9 5 0 31 84 6 0 6 
2 9 3 52 67 8 0 4 
8 3 46 69 57 7 5 6 
9 2 24 68 74 7 2 2 
9 4 0 65 30 7 8 9 
2 0 55 51 50 5 1 1 
8 8 16 83 42 0 0 4 
8 4 17 29 41 1 1 2 
9 8 65 23 69 3 4 8 
9 1 41 82 44 8 6 9 
0 0 41 48 38 9 7 3 
3 2 35 64 66 1 9 0 
9 1 23 33 24 7 4 1 
1 7 27 36 80 6 9 1 
4 5 0 2 41 0 0 2 
0 0 13 34 50 4 1 9 
9 8 33 24 14 2 4 9 
9 7 36 47 29 5 9 3 
8 7 7 32 54 8 8 0 
6 6 21 79 28 6 8 5 
1 7 40 35 22 9 9 4 
0 4 39 59 86 9 5 7 
0 5 15 39 61 6 6 9 
3 5 39 70 59 1 1 3 
1 3 13 51 34 9 2 4 
5 0 0 4 36 1 9 0 
6 3 19 60 55 2 3 3 
3 2 52 27 78 9 0 3 
6 8 20 51 14 3 7 4 
9 1 24 66 44 4 5 0 
8 4 42 28 5 7 6 5 
8 1 0 55 24 3 0 7 
0 1 70 35 17 0 5 0 
7 1 52 27 59 9 1 1 
7 6 51 84 73 5 9 4 
8 8 26 53 32 2 3 2 
6 2 74 82 60 9 2 1 
3 2 28 65 47 7 2 9 
4 1 37 33 21 5 4 0 
5 3 16 28 43 2 5 5 
8 6 49 61 32 5 4 8 
9 4 57 55 70 6 2 5 
0 6 18 83 35 5 4 0 
8 9 25 42 74 9 8 9 
6 2 16 63 66 7 2 6 
7 0 49 38 56 7 7 7 
9 6 46 60 40 5 7 2 
1 8 26 72 49 8 6 5 
3 5 50 63 6 6 7 8 
8 0 55 18 74 6 1 2 
2 0 7 63 36 3 1 1 
9 0 1 72 65 1 5 0 
2 6 15 18 45 1 6 5 
9 2 20 48 78 5 3 8 
3 2 24 41 57 0 0 0 
1 7 53 45 108 7 8 0 
3 7 16 73 39 7 2 6 
9 9 34 15 57 8 0 9 
9 6 26 42 51 2 8 7 
2 7 18 64 49 1 7 7 
8 2 26 80 17 1 2 9 
3 9 46 47 83 0 3 7 
3 9 0 24 66 2 3 8 
0 8 38 58 26 1 1 7 
4 8 48 13 51 9 3 7 
6 5 47 97 25 9 3 9 
8 8 22 68 75 6 8 2 
7 4 25 11 66 9 3 8 
5 4 18 56 20 7 2 7 
5 3 21 19 58 1 9 9 
6 4 66 68 0 9 5 4 
4 6 24 35 57 8 6 8 
5 1 24 49 71 0 1 1 
2 1 33 53 62 4 8 9 
6 0 48 57 82 9 2 1 
2 9 18 74 64 2 8 8 
3 3 62 9 69 0 6 2 
1 1 17 44 43 0 2 4 
2 7 12 83 56 4 0 1 
7 5 18 47 44 2 5 5 
7 3 9 13 48 0 2 0 
2 7 37 55 29 8 8 2 
1 2 12 49 26 4 6 7 
8 9 12 45 65 6 6 8 
2 0 28 0 80 5 6 7 
9 1 43 6 52 5 5 8 
9 6 51 51 38 6 9 6 
0 5 33 0 32 0 6 7 
9 2 28 34 37 9 7 0 
6 3 6 82 62 0 2 7 
3 4 46 73 66 4 2 2 
7 0 49 39 84 2 0 8 
2 0 38 26 35 6 9 6 
4 7 44 52 55 2 9 2 
3 3 29 25 86 6 2 6 
1 6 42 55 35 2 4 8 
9 2 26 66 61 2 6 2 
5 0 19 76 48 2 7 4 
0 4 43 63 48 9 1 2 
8 4 22 10 36 8 0 3 
0 7 44 35 59 0 9 1 
4 5 32 34 31 3 6 9 
4 4 13 26 50 8 7 7 
1 7 11 35 74 0 7 1 
8 3 58 67 26 3 1 7 
3 9 15 60 31 5 2 0 
9 2 19 66 62 6 6 8 
9 5 17 60 39 0 9 4 
3 9 9 38 54 5 1 4 
1 9 33 36 24 9 1 1 
7 3 32 42 51 2 8 4 
6 4 33 11 65 5 4 0 
8 3 42 56 54 5 0 8 
2 3 13 36 59 2 9 0 
3 8 2 54 40 6 0 8 
6 3 40 22 0 6 5 1 
6 3 19 48 38 5 9 3 
7 7 29 67 67 6 9 8 
6 2 37 61 45 2 1 5 
1 2 44 48 28 3 5 8 
1 5 0 62 44 9 0 7 
5 9 31 49 79 4 5 7 
0 2 59 36 18 0 0 8 
1 2 77 55 47 0 9 1 
5 2 31 25 5 1 4 0 
5 3 35 47 35 3 6 0 
5 4 44 41 66 2 8 8 
4 0 53 24 59 0 2 3 
4 6 54 36 8 7 1 3 
7 3 3 18 30 7 4 9 
5 8 38 52 85 8 3 1 
3 5 16 56 47 1 4 1 
2 6 0 51 34 3 0 3 
5 5 19 89 35 3 7 9 
7 6 32 36 45 6 6 3 
6 2 42 54 60 4 0 7 
7 9 22 42 0 7 4 0 
8 8 0 63 22 4 8 1 
3 6 26 24 34 9 8 3 
3 7 46 68 68 5 9 8 
9 5 51 72 69 3 2 4 
7 2 54 37 17 3 4 7 
0 0 58 29 67 6 1 4 
2 9 34 26 58 4 9 0 
3 5 21 71 38 4 7 0 
6 7 49 46 63 1 3 8 
7 2 41 15 31 4 9 8 
6 5 27 26 44 8 7 4 
3 7 38 61 27 2 5 2 
7 0 21 76 39 9 3 9 
5 3 60 62 25 4 0 1 
9 2 19 61 44 0 0 0 
6 6 22 63 85 5 4 1 
9 6 33 70 64 6 5 5 
4 6 42 73 25 8 3 4 
6 9 53 53 58 3 0 4 
7 7 36 33 52 4 6 0 
6 2 0 34 34 2 5 8 
7 0 3 17 66 2 2 3 
0 7 31 18 61 7 5 0 
4 6 37 0 45 6 1 7 
0 2 40 17 51 0 1 0 
3 1 58 52 53 8 9 3 
6 6 41 58 31 9 5 4 
9 0 48 56 37 2 8 5 
7 8 12 32 49 2 1 9 
3 0 20 31 40 0 8 0 
3 9 35 43 46 2 2 7 
4 6 34 38 66 2 8 7 
0 2 29 38 36 0 6 7 
9 4 31 75 67 8 7 8 
7 1 18 52 70 7 2 1 
7 9 21 41 43 7 7 5 
6 1 0 75 52 3 9 7 
5 4 48 64 67 9 7 5 
3 4 39 36 92 6 4 5 
0 3 14 45 50 1 7 7 
9 6 8 13 90 8 9 0 
3 2 30 64 94 6 1 2 
4 5 35 59 76 0 9 9 
2 2 34 11 42 7 8 1 
0 4 27 78 78 3 7 1 
6 4 35 30 84 1 7 3 
5 9 20 53 66 3 6 9 
8 3 42 38 16 4 0 4 
6 4 22 46 68 4 3 5 
7 7 17 51 48 5 4 7 
4 4 18 45 55 4 1 0 
6 3 24 70 73 8 8 4 
8 4 21 67 41 6 0 0 
4 4 26 60 58 8 4 5 
8 2 35 41 20 2 5 3 
0 1 25 24 58 6 9 3 
8 1 40 22 47 4 3 9 
7 3 47 42 24 3 0 7 
0 0 25 79 42 3 4 8 
7 2 62 78 53 0 7 7 
8 6 31 70 63 5 7 4 
0 4 23 43 92 7 3 8 
4 7 56 45 58 4 5 7 
1 5 9 47 9 0 8 1 
8 4 37 70 64 5 1 0 
1 2 0 54 60 2 9 6 
6 9 32 73 66 4 8 1 
2 0 12 76 56 1 0 0 
0 2 22 52 28 4 0 0 
6 9 34 84 66 5 8 8 
8 0 37 80 11 5 7 1 
8 4 15 44 77 6 3 6 
9 0 27 7 54 6 8 2 
7 0 2 35 74 4 1 8 
0 9 22 52 55 9 1 0 
6 5 20 0 54 8 1 4 
8 1 57 26 34 6 0 6 
9 1 28 48 56 7 3 2 
5 5 14 60 28 2 2 1 
1 9 16 46 48 0 4 9 
0 7 26 65 68 4 8 6 
1 1 26 32 50 7 8 4 
6 6 12 55 61 7 3 9 
8 8 14 81 42 5 2 2 
1 7 10 18 14 7 2 1 
3 8 55 23 11 5 3 8 
0 2 29 26 40 0 2 9 
5 7 20 29 41 8 2 9 
1 2 0 80 69 3 5 1 
8 2 27 56 42 5 1 5 
0 8 34 50 73 1 0 6 
7 3 20 20 55 4 0 3 
1 8 29 51 30 2 9 6 
1 0 57 30 61 0 7 7 
7 3 0 32 78 5 0 3 
8 3 45 51 52 4 1 0 
0 7 5 60 46 7 0 0 
6 6 37 38 12 5 9 4 
4 2 10 61 58 8 6 2 
0 9 14 68 54 0 1 0 
8 1 50 82 40 4 1 8 
1 6 69 77 56 4 0 9 
0 0 67 30 59 5 4 6 
3 1 49 71 27 7 4 7 
8 1 0 24 55 8 1 3 
4 0 36 57 3 2 9 2 
9 9 26 23 56 2 1 2 
4 6 23 36 54 1 4 3 
4 6 22 53 35 1 8 7 
8 9 10 19 52 6 8 3 
4 0 38 34 54 2 7 3 
4 1 36 58 46 2 6 9 
1 5 17 57 32 0 6 0 
0 9 28 43 55 3 4 7 
6 4 26 43 60 1 2 8 
1 7 39 105 72 8 4 8 
7 1 45 48 81 9 8 2 
9 6 36 55 69 1 1 7 
2 0 48 62 57 9 7 2 
5 7 44 75 25 3 6 1 
5 3 33 33 68 2 2 0 
6 9 90 43 43 4 5 7 
7 5 9 52 46 0 4 9 
1 8 29 36 73 1 3 2 
2 6 19 61 69 3 8 0 
0 0 23 61 27 7 1 4 
1 5 0 57 31 9 4 0 
3 8 29 73 40 5 7 1 
1 4 0 63 68 8 8 7 
1 1 35 62 46 8 1 0 
5 6 19 47 40 0 8 7 
9 9 5 16 107 6 1 5 
7 5 4 35 52 8 7 3 
3 9 18 70 32 2 8 8 
9 9 7 24 75 4 3 0 
7 6 68 81 34 2 2 5 
9 9 49 38 40 3 2 6 
3 1 29 28 62 5 8 3 
7 7 51 55 19 2 8 2 
4 3 0 46 11 6 8 9 
2 7 51 38 63 9 1 6 
0 0 43 92 48 5 7 9 
6 4 0 51 52 3 5 7 
0 1 0 49 38 7 5 2 
1 0 9 54 63 5 9 6 
5 0 41 60 18 6 8 9 
4 3 12 71 55 1 5 9 
0 3 0 31 93 7 8 3 
8 2 55 57 52 1 4 0 
0 6 53 61 29 6 0 7 
2 6 34 23 69 7 4 7 
4 1 27 20 14 1 0 0 
2 0 31 45 31 4 8 0 
1 6 64 61 47 7 5 8 
9 4 36 32 41 4 3 2 
1 8 49 64 13 1 2 8 
5 9 34 61 61 9 8 7 
2 0 28 43 38 7 3 6 
2 6 74 37 74 8 4 2 
4 0 29 46 54 9 5 2 
3 8 51 14 79 1 0 8 
5 6 8 55 76 7 7 6 
7 1 24 63 20 2 9 3 
3 3 14 104 89 2 7 4 
9 2 22 71 82 1 6 9 
2 9 27 28 60 3 8 2 
3 1 7 37 77 2 1 4 
7 5 23 62 41 8 3 1 
2 4 35 20 34 8 0 4 
1 0 0 51 50 2 3 7 
0 6 49 22 61 1 1 7 
7 0 14 45 57 9 6 3 
0 9 60 24 83 4 8 3 
2 7 39 86 52 6 2 2 
4 9 42 72 81 9 2 2 
6 8 25 33 88 4 7 4 
8 0 26 53 43 1 4 4 
5 6 51 95 55 1 1 3 
6 9 21 45 32 6 8 7 
5 2 28 19 55 2 2 4 
2 0 28 0 49 4 7 6 
9 0 29 12 45 3 4 0 
0 6 47 34 62 9 7 2 
0 7 27 64 64 0 2 1 
7 9 24 46 62 1 6 2 
9 2 36 22 23 0 5 1 
5 3 42 68 53 8 3 2 
4 5 27 64 14 5 5 7 
8 3 20 34 30 8 1 3 
8 2 7 58 78 1 5 4 
3 9 3 38 81 0 3 0 
3 3 17 72 55 3 5 5 
9 4 41 36 92 1 1 5 
7 4 23 18 28 6 4 0 
3 5 54 67 40 2 6 7 
1 7 41 61 55 9 8 2 
5 6 15 32 51 3 4 3 
2 9 50 58 34 3 8 7 
1 8 20 46 63 2 0 3 
3 3 41 26 59 9 6 7 
5 7 28 36 56 6 0 2 
5 6 44 61 67 9 6 7 
0 1 19 70 30 0 7 9 
5 9 35 55 89 1 6 4 
6 3 31 56 65 5 3 4 
9 4 9 47 59 8 2 3 
0 8 26 41 67 5 1 8 
9 0 57 28 42 3 7 7 
1 3 23 79 28 2 9 2 
1 8 19 87 88 0 3 4 
4 6 33 44 27 1 3 0 
7 0 23 95 52 3 1 1 
9 0 20 29 33 8 1 5 
6 4 0 25 73 7 6 8 
8 0 1 37 49 6 9 2 
3 4 37 46 83 3 2 7 
1 8 29 47 41 9 3 9 
4 2 23 14 42 8 1 7 
3 9 34 73 50 0 0 6 
2 0 10 62 31 3 0 9 
5 3 15 77 68 8 8 4 
0 2 58 21 42 4 7 7 
0 6 20 59 48 5 1 5 
4 1 24 81 69 1 6 2 
4 5 21 43 52 0 4 0 
6 7 58 74 50 2 1 9 
6 7 61 56 59 1 9 7 
5 0 10 33 46 8 3 8 
9 8 17 56 21 7 5 3 
7 0 19 104 23 8 4 3 
9 8 70 76 39 3 8 0 
1 8 10 68 51 6 1 1 
7 7 52 64 82 1 2 6 
8 8 45 78 58 6 2 1 
3 6 23 42 71 4 3 4 
2 3 43 82 48 3 1 3 
6 1 64 73 62 6 4 9 
3 5 0 87 1 7 1 7 
8 3 71 79 95 5 6 2 
8 9 3 53 63 8 0 6 
8 6 17 63 45 3 6 1 
3 0 17 63 0 5 1 0 
0 4 22 37 20 7 8 2 
3 4 40 42 36 7 3 4 
9 5 45 43 75 8 5 7 
5 2 17 25 42 5 5 9 
7 1 7 59 85 0 2 8 
3 6 47 53 47 7 3 4 
6 1 47 30 49 0 2 4 
7 5 21 96 42 5 3 2 
2 1 16 64 68 9 9 3 
2 5 47 36 42 2 3 5 
2 0 48 72 18 6 1 4 
0 0 15 25 60 3 1 9 
1 6 24 54 55 2 5 2 
3 0 38 65 55 7 9 0 
4 4 24 54 48 9 8 6 
0 2 45 12 51 8 7 7 
2 1 24 55 42 1 4 0 
8 6 38 70 18 6 4 3 
0 1 45 64 87 7 2 2 
9 3 52 27 62 1 1 4 
9 2 33 42 18 4 6 3 
0 8 43 40 62 5 2 5 
7 5 35 22 37 5 8 3 
8 2 17 31 51 1 6 0 
5 3 36 72 19 4 7 1 
1 6 39 30 35 7 1 8 
4 9 22 66 59 7 5 5 
1 9 54 56 37 8 0 1 
3 2 35 34 14 5 2 7 
3 7 3 55 44 1 9 7 
0 3 22 68 21 9 3 9 
1 0 57 62 43 6 3 9 
5 9 26 47 43 5 3 6 
6 0 17 12 63 2 6 4 
5 0 28 42 32 3 8 5 
5 3 70 29 19 0 9 0 
4 2 0 73 52 6 4 1 
2 9 19 25 30 0 8 4 
8 8 13 76 74 8 2 9 
7 9 28 51 51 9 7 1 
5 6 24 32 65 3 2 2 
8 6 50 69 16 7 7 0 
9 4 41 39 27 3 5 6 
7 9 11 31 40 6 6 0 
8 2 33 29 33 8 6 9 
9 4 38 61 25 1 9 7 
3 1 14 51 69 5 3 7 
1 3 22 13 47 9 6 3 
6 5 2 58 61 9 0 3 
9 2 42 67 74 5 2 4 
5 0 62 66 46 4 1 9 
5 7 9 56 43 7 9 4 
7 6 53 73 82 2 3 7 
0 0 23 63 23 8 4 9 
3 4 33 64 36 4 3 1 
0 6 32 56 88 8 4 3 
2 9 26 64 40 5 9 0 
0 6 1 65 41 6 7 6 
3 3 69 42 91 7 5 1 
7 6 37 46 74 1 0 7 
8 6 10 82 27 7 9 6 
3 9 0 64 68 4 1 3 
6 3 7 35 61 0 9 5 
3 2 43 22 34 8 6 4 
0 2 30 32 41 7 7 1 
6 0 24 46 78 2 7 7 
2 8 27 46 48 3 4 8 
7 3 40 67 60 9 0 4 
2 9 24 77 64 0 3 2 
0 7 51 88 13 4 2 2 
5 5 33 58 42 4 7 2 
9 9 45 33 78 8 0 7 
7 2 34 36 32 7 4 1 
2 5 8 71 62 4 1 7 
2 2 13 59 66 3 5 3 
7 0 0 53 31 7 1 7 
0 9 17 22 69 0 5 0 
8 6 32 69 52 8 1 8 
4 4 20 72 54 8 7 1 
1 6 32 89 24 2 0 0 
2 6 61 49 58 9 8 0 
2 4 32 60 44 4 1 0 
6 9 15 70 51 0 3 0 
8 3 35 66 46 4 8 8 
1 3 48 17 62 1 8 7 
7 1 24 25 53 8 6 9 
9 9 68 46 41 4 5 5 
1 7 43 37 67 0 2 4 
4 8 15 77 48 6 9 8 
3 6 11 75 44 6 5 8 
4 5 15 71 40 6 7 3 
8 1 31 57 54 5 7 7 
0 8 27 103 32 0 3 0 
3 7 42 24 52 9 2 2 
5 1 26 42 7 4 4 9 
6 1 34 86 60 9 8 9 
1 7 29 31 45 5 5 6 
5 2 0 66 67 6 6 6 
6 5 33 50 24 0 2 6 
7 6 28 41 9 0 1 6 
7 1 3 63 48 4 9 6 
6 2 27 38 59 9 9 3 
5 2 51 71 48 9 9 6 
9 7 37 11 30 4 8 2 
7 5 38 38 53 3 0 9 
2 4 43 45 35 0 6 7 
0 8 25 44 54 9 9 0 
1 1 22 55 80 7 4 8 
6 8 34 42 60 9 8 6 
5 4 14 75 32 8 7 9 
9 1 44 39 22 1 8 5 
6 6 61 74 47 0 6 1 
5 9 28 60 56 8 0 5 
1 1 52 4 34 2 0 1 
4 6 25 58 50 9 0 4 
1 7 24 37 23 4 0 4 
1 2 0 51 41 7 7 4 
3 6 22 66 56 0 4 6 
2 6 16 53 76 3 4 4 
4 6 35 20 37 2 1 5 
0 6 26 43 62 9 2 4 
9 7 31 24 36 1 6 0 
4 8 49 27 65 9 9 3 
9 0 28 57 61 6 0 7 
2 8 29 55 80 8 1 9 
0 8 26 71 48 8 0 3 
2 8 32 67 88 7 9 5 
3 8 14 36 70 5 9 1 
2 8 44 56 73 5 8 8 
1 3 70 32 86 7 1 5 
2 6 39 18 30 6 3 6 
0 5 35 65 17 9 4 0 
5 0 48 73 98 1 9 6 
1 7 38 69 54 3 2 3 
6 5 0 72 86 1 7 4 
3 5 39 26 58 1 7 3 
1 9 30 22 54 0 2 6 
9 9 2 47 63 4 9 3 
7 7 21 11 46 7 4 4 
1 7 38 67 41 3 9 7 
4 5 55 68 31 5 2 2 
2 6 46 56 62 8 6 5 
5 2 36 33 62 6 4 5 
2 9 29 13 75 2 3 4 
9 1 41 50 34 9 1 9 
4 8 37 4 23 8 2 7 
1 6 25 56 44 7 9 8 
6 3 5 46 36 9 5 0 
2 8 53 59 56 5 4 4 
8 0 24 19 59 0 6 4 
6 0 35 33 54 1 0 2 
7 0 29 16 50 0 3 6 
9 9 64 56 76 3 7 2 
8 0 45 61 33 2 3 3 
5 4 23 36 0 9 5 4 
9 0 57 61 28 9 9 5 
0 7 45 60 10 8 5 0 
4 0 37 46 14 9 9 0 
7 1 40 68 82 4 8 0 
2 3 31 44 34 0 3 0 
4 2 52 0 22 7 6 6 
3 3 12 25 35 0 7 4 
7 1 51 38 45 3 9 9 
4 2 37 8 49 1 2 1 
9 7 0 40 78 9 9 3 
4 7 63 77 72 8 6 2 
1 4 29 79 78 7 9 5 
7 2 19 84 11 8 2 7 
3 7 36 59 61 0 1 6 
8 2 39 48 67 9 9 2 
6 2 25 48 51 1 7 2 
7 2 0 60 70 1 4 5 
9 5 19 72 49 2 8 5 
7 2 24 35 57 5 7 1 
4 8 17 70 87 1 7 7 
2 1 9 40 38 4 7 8 
1 0 65 31 70 5 0 5 
2 4 10 62 56 7 2 2 
5 5 14 61 67 3 8 7 
0 8 41 70 64 6 8 1 
2 7 57 57 35 9 8 2 
8 1 40 24 31 0 6 8 
0 8 50 16 40 2 6 4 
9 4 31 53 27 2 3 5 
5 4 0 62 52 3 1 2 
5 1 13 28 40 5 5 7 
3 8 41 48 17 3 1 4 
0 7 25 30 88 3 4 5 
0 2 10 49 55 2 9 3 
7 3 63 88 71 5 7 8 
9 7 63 18 50 6 9 3 
4 9 56 14 65 9 2 6 
4 6 3 66 39 0 0 1 
2 3 47 53 62 5 2 7 
9 8 25 18 56 1 6 6 
3 7 36 17 50 8 4 9 
7 6 31 85 62 6 5 3 
9 4 18 63 42 1 2 9 
5 9 33 60 59 1 3 8 
3 6 38 33 61 9 7 1 
7 9 0 40 42 2 5 1 
8 3 28 42 63 0 3 0 
0 6 39 108 36 6 8 4 
1 4 23 49 34 6 6 5 
6 6 0 84 27 6 5 4 
7 1 37 41 61 5 2 8 
0 3 34 28 74 6 7 3 
9 7 18 48 16 6 2 7 
1 1 11 8 51 3 2 0 
3 7 0 41 51 7 1 0 
8 5 5 74 55 7 1 3 
9 4 47 34 40 1 7 0 
5 5 0 34 73 2 1 8 
5 5 6 58 56 5 6 5 
8 9 38 47 34 2 1 3 
6 6 37 55 19 7 1 3 
6 0 30 50 66 1 2 9 
3 6 21 55 73 1 8 0 
6 2 42 73 77 8 3 1 
4 4 25 48 43 0 0 7 
5 7 18 65 36 2 3 4 
1 8 0 44 57 6 8 5 
5 9 56 40 18 6 7 9 
8 3 30 28 38 2 2 3 
0 5 58 6 16 1 3 2 
4 3 50 71 52 3 5 9 
8 2 36 60 24 3 1 5 
1 4 40 69 58 2 7 3 
0 4 18 103 11 3 0 6 
0 0 14 42 73 3 5 6 
1 4 11 38 50 4 5 6 
5 8 43 73 42 3 9 3 
8 4 45 46 54 6 5 6 
3 6 22 15 49 8 9 7 
9 9 26 30 73 6 3 7 
8 6 22 70 49 7 7 9 
5 5 62 52 33 8 4 0 
6 2 50 33 42 9 7 4 
5 5 61 51 22 2 5 4 
0 0 50 6 72 0 9 6 
4 6 2 47 73 6 5 9 
0 6 22 23 46 0 2 7 
2 7 25 63 49 1 0 5 
3 0 54 38 62 8 8 4 
8 1 26 58 23 9 9 9 
8 1 21 30 72 7 6 5 
2 1 47 54 51 2 3 3 
0 7 41 48 69 6 6 7 
8 4 41 51 40 1 0 6 
0 0 41 64 60 8 9 0 
5 6 9 50 32 1 4 8 
6 5 28 67 40 2 3 2 
9 6 44 13 52 1 9 2 
4 8 12 84 64 5 6 8 
4 0 21 42 63 9 2 5 
1 5 44 74 67 2 8 4 
4 8 13 47 109 2 5 3 
2 3 44 63 66 1 5 7 
1 0 55 63 57 0 7 4 
6 2 53 29 15 5 1 7 
0 0 35 23 53 7 6 4 
3 9 35 57 35 0 9 7 
0 9 35 31 55 5 8 9 
2 7 38 16 33 1 9 2 
0 1 19 62 37 8 9 2 
1 5 8 47 70 4 0 4 
4 4 42 51 61 6 1 0 
1 8 32 12 50 5 6 2 
8 7 44 46 70 4 2 7 
9 1 13 49 55 5 3 3 
8 7 25 60 34 3 7 2 
0 6 38 61 69 0 2 2 
1 5 46 37 71 9 2 1 
8 9 0 40 66 1 0 1 
1 6 73 53 50 8 0 1 
9 1 0 40 41 9 7 6 
6 3 11 68 51 3 0 4 
7 2 60 35 60 3 7 3 
1 9 58 56 39 6 3 3 
0 3 38 99 41 5 0 2 
3 6 27 48 82 8 7 6 
9 2 8 57 67 9 1 5 
0 8 10 67 42 6 1 5 
4 6 24 39 44 6 5 6 
8 5 43 79 69 0 0 3 
3 9 47 47 20 4 6 0 
8 1 43 35 78 8 9 2 
1 0 57 98 33 8 2 5 
4 0 17 49 70 6 4 6 
9 0 22 32 63 1 0 5 
4 8 64 0 56 1 3 9 
6 5 86 68 58 7 1 1 
0 1 11 47 74 2 0 0 
7 5 38 48 59 3 4 5 
7 9 38 20 55 5 8 5 
6 9 15 43 67 8 3 9 
9 7 78 29 72 7 7 9 
8 7 21 77 67 9 1 7 
1 3 37 61 48 3 4 4 
4 7 45 71 22 5 2 1 
7 2 19 35 58 1 5 9 
1 0 19 37 38 0 7 4 
3 6 35 51 3 2 6 4 
4 0 9 44 49 8 4 4 
4 5 4 46 78 9 2 2 
1 8 0 40 42 4 1 4 
5 8 26 43 38 8 3 8 
2 4 41 72 48 0 0 9 
3 9 33 20 60 5 8 2 
3 3 22 53 74 6 0 9 
8 2 14 40 48 1 8 8 
0 2 0 40 40 9 8 6 
1 1 62 68 56 0 6 8 
0 6 56 35 83 1 7 9 
5 5 37 65 48 4 8 2 
1 8 0 17 59 6 2 5 
7 4 0 42 30 9 9 5 
8 3 31 39 54 7 0 6 
5 9 30 41 24 4 7 8 
9 3 15 31 67 9 9 4 
0 1 40 44 26 2 8 7 
3 8 29 69 41 1 6 9 
8 6 34 42 65 5 4 1 
6 1 14 88 44 3 1 3 
1 8 55 43 43 1 3 1 
1 4 40 39 30 2 9 8 
4 7 45 70 42 9 0 0 
3 1 38 24 43 7 9 7 
5 0 44 70 52 3 3 2 
6 0 29 37 5 5 5 9 
7 0 45 0 28 4 9 4 
6 7 49 63 64 3 8 5 
1 7 38 46 26 7 3 2 
9 1 11 41 40 0 9 5 
2 6 26 50 34 8 5 5 
9 4 74 34 41 7 6 9 
2 3 45 66 48 8 2 4 
4 9 53 69 47 7 9 1 
3 7 30 38 41 3 6 8 
0 9 32 75 47 6 1 8 
5 2 0 21 48 9 4 5 
4 5 35 42 50 8 9 7 
8 1 22 56 67 7 8 4 
4 7 13 83 41 9 4 2 
1 1 66 28 77 9 4 0 
8 6 31 75 37 3 1 2 
7 6 24 43 42 8 3 0 
4 6 0 65 44 4 0 5 
3 4 10 39 64 4 4 3 
9 1 36 35 28 1 1 7 
6 4 0 47 46 2 1 7 
5 2 15 76 19 5 4 8 
6 6 41 37 10 1 7 8 
3 9 55 95 32 0 9 1 
1 5 45 34 26 8 8 5 
0 6 63 64 30 6 2 2 
4 8 21 46 69 1 0 1 
3 1 40 95 44 7 6 3 
6 8 12 96 72 3 9 4 
3 0 45 68 39 6 4 1 
0 9 26 11 35 6 4 4 
9 2 4 48 91 4 8 8 
6 4 11 16 38 4 8 0 
8 2 53 72 19 5 0 5 
1 8 79 47 64 4 3 9 
8 2 48 46 73 8 6 5 
2 0 64 58 26 1 3 2 
8 1 5 35 81 5 9 3 
0 6 12 51 27 2 9 9 
3 6 9 37 86 1 3 2 
9 7 1 36 35 6 3 3 
7 3 24 21 66 4 0 1 
0 3 31 11 44 0 2 8 
5 2 26 54 79 7 5 9 
6 3 56 52 0 3 3 1 
2 9 57 26 13 3 9 4 
0 1 12 77 54 7 1 3 
0 6 13 27 22 6 9 6 
8 3 39 66 6 2 0 6 
9 5 42 52 52 5 8 0 
3 1 33 17 65 4 9 4 
8 5 41 67 27 3 7 9 
7 4 32 59 24 7 2 6 
7 5 24 50 60 0 3 3 
6 3 17 64 51 0 5 3 
8 5 30 54 56 8 2 9 
6 2 39 44 71 5 2 1 
0 9 40 58 56 2 6 8 
0 2 39 47 56 8 5 1 
2 8 40 32 81 6 9 9 
8 5 0 35 0 9 3 2 
5 0 3 40 77 9 5 2 
7 5 15 54 20 2 6 2 
2 9 59 65 80 3 1 2 
1 0 30 42 30 1 0 6 
1 9 29 70 49 8 5 7 
6 9 20 59 44 9 8 4 
9 7 65 56 51 4 6 9 
0 9 20 50 31 9 4 5 
5 8 31 64 26 7 4 2 
8 6 4 60 19 6 5 2 
3 1 50 57 51 8 5 1 
7 4 36 36 49 4 0 4 
1 1 80 38 48 5 0 4 
8 7 43 38 70 4 5 8 
7 2 26 50 68 2 5 0 
1 1 32 43 37 8 7 9 
6 3 0 21 93 9 5 8 
9 7 53 8 31 6 8 5 
7 7 24 73 55 0 7 5 
4 8 11 55 55 1 5 6 
6 5 22 42 91 4 4 9 
9 4 45 60 14 4 0 1 
9 8 4 26 82 4 1 3 
4 5 54 79 92 3 6 5 
2 9 33 64 38 9 3 2 
8 6 16 39 42 3 8 7 
0 8 45 59 86 1 1 2 
1 7 55 33 67 2 3 4 
9 9 16 38 24 3 6 7 
8 0 4 23 69 8 2 1 
0 8 38 84 9 0 5 3 
8 1 38 36 52 0 1 5 
5 9 20 53 43 1 9 6 
9 7 4 80 46 4 9 0 
5 5 25 40 68 3 6 9 
9 8 17 29 24 3 6 1 
7 3 40 57 17 9 4 0 
2 5 31 59 51 2 2 9 
1 5 87 1 57 9 0 8 
3 7 40 35 52 7 1 5 
1 6 35 44 48 3 7 0 
5 5 60 47 88 2 2 9 
3 7 64 37 44 8 9 4 
6 2 32 37 37 0 8 8 
2 3 69 78 42 5 7 5 
5 6 50 52 18 3 3 4 
8 6 27 31 44 5 9 0 
0 9 25 44 80 8 3 8 
0 7 50 45 51 5 2 8 
3 3 53 40 41 9 2 5 
9 2 34 42 54 9 9 3 
2 4 0 43 31 2 4 2 
8 3 28 73 0 1 8 6 
0 4 36 34 47 1 4 9 
1 4 54 46 34 7 2 1 
3 8 53 7 45 2 0 2 
7 4 20 67 72 0 7 8 
2 0 24 57 75 0 3 7 
1 0 20 7 56 1 2 8 
3 6 20 76 56 2 4 6 
9 0 64 58 44 6 6 7 
1 3 50 57 71 0 1 6 
6 2 31 35 48 2 0 6 
2 5 14 48 43 9 6 8 
4 6 13 27 58 0 9 3 
3 5 84 17 58 1 8 6 
8 9 64 41 43 5 3 9 
3 4 8 53 74 1 4 4 
9 7 7 44 21 3 6 0 
8 7 27 71 52 1 2 1 
9 1 38 59 28 1 9 1 
4 9 45 62 64 9 1 1 
2 6 44 59 27 3 0 4 
8 4 0 82 52 5 4 2 
8 3 30 37 27 0 2 4 
3 7 11 48 21 1 5 2 
0 3 0 25 86 3 9 4 
8 4 0 59 46 2 9 7 
0 2 14 65 40 5 9 4 
2 0 38 14 72 7 7 5 
3 2 11 66 17 3 7 6 
0 5 34 56 61 8 8 4 
8 3 17 69 68 1 8 4 
8 2 24 68 38 7 5 8 
2 9 37 36 60 3 4 1 
5 2 34 37 46 0 3 2 
5 8 42 33 35 6 8 7 
6 7 12 34 75 0 2 2 
7 7 8 43 40 6 0 3 
5 4 0 74 96 0 3 3 
5 3 43 90 58 8 0 0 
3 2 1 63 53 9 2 6 
7 1 43 7 35 7 4 4 
9 3 7 0 62 2 3 8 
1 6 62 38 58 0 3 3 
0 6 37 72 32 3 3 0 
4 7 44 34 55 9 8 7 
8 2 44 87 65 9 9 3 
7 1 66 50 69 1 1 2 
8 2 36 48 48 4 1 1 
3 3 0 56 42 4 6 5 
5 6 24 87 78 3 7 6 
0 1 28 76 58 2 4 7 
5 3 29 57 70 6 4 0 
3 1 48 68 45 6 2 5 
2 8 44 47 67 6 8 3 
0 8 42 55 57 6 7 0 
7 7 41 55 71 1 5 7 
5 6 20 68 60 2 9 6 
2 8 3 23 25 8 5 0 
3 8 61 57 12 8 4 2 
8 9 58 68 54 1 4 8 
9 4 36 16 65 4 3 8 
7 9 15 46 62 6 9 4 
2 9 25 79 49 8 2 3 
3 2 45 60 38 6 8 5 
3 6 0 44 44 7 9 9 
7 0 55 66 31 6 6 2 
0 4 0 6 75 7 3 8 
6 9 41 68 55 4 6 6 
5 4 40 53 60 3 1 5 
5 4 0 61 58 6 9 4 
3 7 31 67 15 7 3 6 
8 3 51 74 10 1 5 5 
8 4 22 50 38 5 5 6 
6 6 11 56 21 9 7 4 
4 2 42 46 47 9 5 1 
9 8 38 59 52 4 4 4 
3 5 53 82 68 0 5 9 
8 2 21 38 83 3 3 9 
9 6 40 81 21 6 8 2 
5 6 45 43 26 5 9 1 
9 8 28 39 56 2 6 8 
9 0 2 83 26 4 0 3 
1 2 43 82 87 3 1 7 
1 8 14 29 17 7 3 1 
8 4 25 7 43 7 5 9 
9 0 12 39 78 6 7 2 
8 5 31 52 69 6 6 0 
1 6 51 54 26 2 1 3 
3 8 41 32 37 4 5 2 
3 4 50 23 40 7 6 7 
6 3 8 51 70 3 2 6 
4 7 27 62 19 5 1 0 
1 4 0 52 78 4 5 7 
7 3 22 75 51 8 0 9 
1 8 4 14 35 9 2 2 
8 9 54 37 19 2 5 3 
1 2 30 60 71 3 8 1 
8 7 22 86 41 7 9 2 
1 4 7 66 3 3 0 7 
5 3 70 53 78 0 2 4 
3 7 29 47 62 7 5 2 
1 3 27 28 22 7 6 5 
1 1 47 43 79 9 5 2 
9 8 44 79 92 9 9 6 
3 7 60 49 51 7 0 2 
7 5 52 25 44 6 7 1 
1 6 34 34 53 2 8 7 
6 2 30 31 35 1 9 8 
2 3 13 91 45 0 7 0 
7 9 39 47 34 3 9 2 
1 6 32 67 81 0 5 9 
1 3 7 78 56 1 8 4 
2 3 11 53 38 0 6 0 
1 8 73 82 60 4 1 4 
6 5 27 79 22 9 6 4 
2 6 76 50 42 5 3 6 
2 7 37 27 72 4 3 7 
5 8 30 67 52 6 1 4 
6 9 19 18 56 7 9 0 
4 1 26 67 75 6 9 8 
4 3 40 62 40 2 0 3 
2 7 37 17 53 5 3 2 
3 5 7 79 51 3 7 6 
6 6 62 35 54 1 0 6 
0 5 50 62 38 0 6 1 
0 2 39 58 40 6 3 1 
2 1 90 27 21 4 8 8 
1 9 20 61 59 5 6 3 
6 2 14 61 43 1 8 3 
1 2 34 55 78 6 8 1 
1 4 10 39 82 0 4 5 
2 6 5 61 59 3 0 8 
7 5 17 69 58 7 1 6 
8 9 64 0 58 2 7 9 
3 3 51 52 20 0 5 9 
3 9 36 66 33 1 2 0 
3 5 39 57 42 0 4 6 
0 7 33 75 48 8 5 7 
2 9 19 116 60 5 7 4 
9 7 32 28 61 5 6 4 
1 1 45 7 19 8 5 8 
7 0 45 74 58 5 6 5 
9 8 50 38 62 3 5 5 
1 2 16 45 28 4 4 6 
8 4 30 33 20 8 2 1 
2 1 36 41 60 5 2 3 
9 5 27 44 80 0 3 5 
6 8 0 61 61 2 4 5 
0 1 0 85 74 1 5 8 
2 9 4 45 53 6 7 9 
6 4 6 56 50 4 8 4 
0 2 37 52 59 4 8 5 
7 0 48 28 40 5 5 2 
4 6 14 44 42 2 6 6 
8 6 15 35 57 7 1 5 
8 2 54 64 0 4 2 4 
2 1 64 56 91 2 8 5 
9 5 52 63 53 1 9 7 
6 5 50 40 43 8 8 9 
6 3 0 66 48 2 7 2 
7 1 31 59 41 0 2 1 
1 9 32 39 47 2 7 0 
7 0 37 21 6 3 0 1 
5 2 20 66 74 7 1 9 
8 5 38 77 51 7 7 3 
9 7 16 53 56 0 3 3 
3 3 31 58 73 8 6 8 
5 2 49 93 53 4 8 1 
4 3 29 72 74 8 2 8 
8 5 22 29 58 3 7 3 
6 5 18 33 34 6 9 6 
1 0 37 59 40 8 4 5 
3 6 48 66 48 4 1 9 
7 0 6 50 29 1 4 3 
0 9 31 30 45 9 2 6 
3 7 24 42 60 4 9 8 
1 4 16 63 35 1 9 7 
9 4 0 46 24 4 7 2 
0 7 47 54 34 7 8 3 
5 1 19 30 68 7 6 0 
8 3 8 62 71 5 6 2 
1 3 59 60 56 0 4 0 
5 6 16 66 0 8 6 3 
5 4 43 72 58 8 3 4 
6 6 0 45 53 4 8 0 
0 8 22 75 50 2 1 4 
1 0 35 37 83 8 8 4 
4 3 30 35 23 3 8 4 
1 5 42 64 46 4 1 3 
2 8 30 37 21 7 8 7 
0 5 47 42 60 0 0 5 
9 3 47 94 36 4 5 7 
5 0 0 60 67 7 4 8 
8 6 35 64 61 1 8 3 
8 5 27 60 31 3 2 5 
1 7 11 40 39 3 1 2 
2 3 0 40 65 1 6 8 
6 3 20 65 64 9 0 8 
7 7 40 68 46 7 7 0 
7 7 17 22 60 1 1 6 
4 6 32 72 23 2 9 6 
7 7 18 41 64 8 6 4 
4 6 25 58 62 2 0 7 
1 0 70 35 37 8 3 4 
4 5 43 23 69 6 8 9 
7 6 24 51 79 7 5 2 
3 0 38 64 70 6 0 5 
8 4 73 42 25 9 5 0 
6 8 31 46 78 7 2 0 
4 0 26 18 43 0 5 0 
5 0 38 21 39 9 7 7 
8 5 44 36 50 8 0 3 
6 4 19 96 42 3 0 2 
1 6 49 88 87 5 1 6 
3 5 48 52 49 7 0 6 
6 7 45 34 65 3 4 8 
8 0 59 41 68 8 0 3 
3 4 47 48 14 5 9 7 
3 5 39 62 27 4 5 9 
2 1 34 77 39 8 7 6 
8 5 24 88 73 5 6 6 
4 8 12 66 61 1 1 5 
5 9 3 41 43 8 8 2 
7 8 40 18 64 7 4 7 
7 8 28 62 34 4 4 9 
5 8 20 46 47 9 7 5 
1 0 58 73 36 8 2 0 
2 5 14 50 80 4 7 7 
3 8 27 55 48 2 7 4 
6 8 31 27 48 0 5 8 
4 6 66 46 80 9 1 9 
6 8 7 77 64 6 5 5 
8 6 31 38 53 0 1 4 
6 5 31 17 70 3 7 2 
0 9 18 90 39 8 3 7 
3 1 51 70 37 0 3 7 
2 4 19 25 10 8 4 5 
2 3 24 79 35 4 0 5 
8 8 3 42 46 8 1 4 
7 1 0 20 50 8 9 0 
3 0 18 25 76 3 9 0 
3 4 55 30 49 7 6 9 
3 2 27 19 40 4 0 7 
2 6 21 35 40 6 6 3 
7 8 39 52 26 0 6 9 
7 7 44 52 50 5 1 9 
0 8 30 87 31 4 7 7 
9 6 39 38 42 0 5 0 
7 3 0 11 21 5 2 5 
0 3 62 20 39 7 1 9 
6 5 11 42 57 3 7 8 
2 4 36 48 45 2 3 3 
9 2 20 72 49 5 7 8 
5 8 28 59 58 2 6 8 
0 9 31 41 43 4 0 8 
5 5 0 35 36 6 2 7 
5 1 37 30 25 7 2 5 
5 9 36 29 106 3 4 2 
3 4 30 62 20 6 0 9 
4 5 13 45 66 1 1 7 
9 8 26 65 34 9 0 2 
3 2 17 44 77 1 9 4 
7 3 47 48 73 1 5 0 
0 0 21 45 42 2 3 4 
1 8 41 57 90 6 6 8 
2 4 42 46 0 2 7 9 
5 7 18 77 69 8 6 2 
0 3 72 47 40 7 5 4 
3 3 32 16 45 2 4 4 
6 9 38 84 46 8 3 0 
2 9 35 44 73 5 6 8 
8 1 27 50 95 6 5 5 
0 1 10 20 49 5 4 8 
7 4 37 60 17 3 2 5 
3 0 35 70 67 0 6 0 
5 7 56 69 56 8 7 3 
6 2 47 44 62 8 5 3 
9 4 27 68 28 3 6 2 
3 9 21 50 89 4 2 3 
1 5 45 59 43 6 5 0 
9 4 33 67 105 1 1 9 
1 2 19 31 72 8 8 0 
7 2 16 44 48 8 1 5 
0 6 22 68 61 5 8 6 
9 4 9 33 41 8 9 8 
3 4 39 59 30 4 6 8 
8 9 30 82 68 4 2 9 
1 7 18 107 21 1 4 4 
0 5 54 98 92 7 4 5 
9 6 0 55 58 3 1 2 
0 4 29 48 19 0 7 5 
5 4 13 65 60 9 9 5 
3 1 60 36 81 9 1 8 
6 9 49 67 50 7 0 2 
8 4 41 50 58 5 9 6 
5 3 35 5 46 4 6 7 
0 5 6 45 59 2 6 1 
2 8 37 50 9 7 2 5 
4 1 4 27 15 5 1 4 
5 0 24 30 65 1 7 1 
4 0 64 46 41 2 8 7 
1 1 46 61 65 4 2 6 
5 2 20 70 42 8 9 3 
6 8 59 55 42 2 1 5 
0 8 38 53 94 9 8 3 
7 3 23 39 103 0 8 5 
8 1 48 63 37 4 4 6 
3 7 21 18 29 1 8 6 
5 1 25 68 42 7 6 6 
3 7 0 58 5 6 0 9 
3 1 32 40 50 0 4 2 
3 1 0 33 32 8 1 6 
0 0 17 58 99 2 5 8 
9 2 40 20 21 6 7 9 
6 5 46 52 43 0 8 1 
9 2 0 47 74 2 4 7 
0 2 30 50 25 4 2 2 
1 9 22 59 76 9 8 7 
6 8 0 76 56 3 1 3 
9 4 29 45 50 5 6 3 
9 5 29 57 41 1 8 9 
2 1 60 59 64 6 6 3 
7 0 15 11 51 3 6 0 
3 4 10 48 74 7 2 3 
2 7 44 37 49 4 2 6 
5 7 24 41 55 2 5 3 
2 4 0 4 31 1 4 1 
6 6 84 51 30 0 0 2 
6 4 78 45 34 9 3 3 
9 7 37 42 11 4 7 4 
8 4 14 13 54 1 4 4 
3 7 41 74 47 4 8 0 
7 3 23 58 47 8 3 3 
2 5 31 36 49 1 4 9 
0 1 66 78 15 5 2 3 
1 5 34 68 94 6 0 8 
9 1 16 30 76 0 5 0 
4 2 10 37 54 7 1 2 
4 0 28 38 60 6 2 2 
3 9 65 36 35 1 0 0 
4 7 27 50 70 5 8 5 
7 1 41 55 60 7 8 1 
6 1 55 50 37 9 5 9 
7 2 18 79 36 7 0 7 
7 2 0 65 62 6 4 8 
6 8 52 34 58 0 7 5 
6 6 63 56 44 3 8 3 
5 6 0 57 73 8 5 5 
1 5 10 67 46 5 7 4 
8 5 0 46 57 6 0 8 
6 2 64 41 54 2 8 2 
7 3 14 93 45 6 8 6 
3 1 55 35 61 6 3 0 
0 5 48 16 53 2 1 4 
4 8 24 0 67 3 6 3 
3 8 18 74 47 6 8 0 
7 1 42 36 45 1 5 4 
3 6 0 69 35 9 6 3 
4 4 23 69 42 3 5 3 
8 1 68 60 64 5 4 2 
4 9 41 57 47 8 6 0 
1 2 3 35 19 8 7 7 
4 5 10 74 51 4 8 6 
6 0 0 77 0 3 1 2 
0 2 42 40 57 6 6 1 
1 4 30 34 48 7 2 8 
1 2 68 27 66 1 0 5 
9 2 25 45 22 7 5 5 
2 2 32 37 12 2 0 1 
1 1 30 42 44 5 0 2 
0 1 17 67 49 4 4 8 
9 7 57 42 59 6 7 1 
3 5 65 78 34 6 7 9 
8 0 7 65 88 0 0 6 
3 8 36 49 30 4 6 6 
8 9 0 53 28 2 7 9 
7 0 58 55 42 8 2 6 
7 5 31 58 36 7 7 9 
9 4 0 30 26 4 3 0 
9 3 21 59 40 7 6 4 
3 2 21 60 55 3 8 2 
8 9 64 56 57 2 5 4 
5 6 15 35 48 1 3 4 
5 9 21 35 58 5 1 3 
7 9 0 39 55 0 7 4 
0 9 36 52 29 7 0 4 
1 1 54 58 21 2 3 7 
7 4 23 32 30 9 8 1 
7 8 21 49 58 1 6 5 
8 7 0 27 47 5 9 6 
0 0 48 36 62 5 2 9 
0 9 56 62 26 9 1 5 
6 6 18 47 73 5 0 2 
7 6 35 62 39 5 3 0 
1 8 38 51 45 6 9 7 
4 2 37 39 32 1 0 7 
1 4 49 38 36 0 7 1 
3 0 13 68 52 2 6 6 
0 2 16 39 56 7 8 3 
9 0 19 51 31 9 9 9 
9 6 32 53 18 3 6 1 
2 5 36 39 32 8 4 7 
6 8 24 44 52 9 8 3 
2 6 18 44 61 8 2 6 
7 2 22 47 57 5 9 7 
2 6 18 53 62 6 0 3 
2 7 37 27 28 1 5 0 
1 1 41 13 4 7 5 4 
6 4 30 64 48 1 6 2 
1 2 27 27 69 2 1 5 
1 3 36 100 41 7 4 3 
1 1 33 36 57 3 6 0 
0 1 22 41 55 2 4 7 
4 1 25 51 31 1 8 8 
7 9 21 44 18 6 2 8 
1 7 25 47 56 3 6 5 
0 1 17 21 71 7 9 7 
0 4 41 66 44 5 3 0 
3 6 15 57 47 8 1 9 
0 1 49 44 46 9 8 1 
1 1 33 58 58 3 8 9 
1 5 20 50 60 1 8 4 
2 3 49 64 63 6 1 4 
6 8 29 61 55 5 9 6 
0 0 20 56 37 8 4 9 
3 2 30 53 17 3 9 0 
4 6 72 68 88 2 2 1 
5 6 47 82 55 5 9 8 
4 5 0 54 65 3 8 4 
6 8 33 72 43 5 6 2 
0 5 19 36 34 2 4 0 
8 0 56 25 68 4 4 0 
1 5 69 69 54 1 9 1 
5 6 29 57 45 6 7 8 
5 9 9 81 15 3 9 8 
2 0 0 43 79 4 8 7 
0 3 35 66 55 2 3 9 
5 6 70 53 70 7 0 7 
1 9 25 27 52 0 6 3 
8 7 78 84 67 6 7 9 
5 0 52 38 72 3 3 9 
4 1 27 59 51 5 7 2 
6 3 13 52 26 1 1 7 
9 6 26 65 53 1 3 7 
2 5 54 42 76 3 5 0 
6 9 36 34 43 4 6 5 
8 9 29 43 55 4 6 2 
3 3 20 51 30 1 9 5 
3 9 32 73 46 3 6 3 
2 6 27 20 50 0 1 9 
1 5 34 67 33 8 3 8 
3 0 57 36 77 7 8 7 
4 5 4 28 43 2 5 0 
4 8 39 23 70 2 9 0 
8 2 36 103 53 8 5 1 
3 4 47 55 41 9 1 8 
5 2 28 86 45 5 1 6 
4 7 22 69 67 4 0 8 
2 8 28 30 35 4 0 9 
7 3 38 54 77 5 1 7 
8 8 51 42 62 1 4 4 
0 6 49 69 70 3 2 6 
0 8 26 55 22 3 9 3 
0 4 0 60 48 0 4 5 
7 8 53 63 24 1 6 1 
6 1 59 60 52 0 9 2 
1 1 10 52 64 5 2 0 
5 0 31 39 37 6 7 0 
8 2 36 65 34 2 6 4 
1 5 44 30 55 1 6 2 
4 7 44 55 58 7 5 4 
1 3 51 52 29 0 4 3 
4 2 23 23 47 7 8 3 
4 0 30 60 36 8 5 6 
5 0 65 56 47 4 8 8 
4 5 42 16 13 9 7 4 
1 2 25 59 41 8 1 7 
2 9 77 49 34 8 7 3 
0 4 20 74 60 2 2 5 
9 3 13 43 45 0 0 7 
8 3 0 55 73 5 2 5 
7 9 26 29 58 2 9 0 
7 2 27 65 70 2 6 8 
5 2 20 45 19 4 7 5 
2 0 50 59 64 2 9 8 
0 3 54 79 60 0 1 4 
1 4 43 84 69 5 4 3 
4 1 40 50 36 2 9 7 
9 9 45 17 41 7 6 1 
9 1 11 63 61 5 2 3 
1 4 3 67 42 9 9 3 
4 4 6 52 89 6 1 5 
2 6 54 46 58 0 7 8 
5 3 9 66 50 6 6 5 
4 9 8 10 48 3 1 9 
5 4 61 56 40 8 4 9 
6 5 50 24 36 1 6 9 
7 5 14 42 7 4 7 7 
0 7 16 67 73 9 1 4 
0 0 31 62 69 0 4 9 
7 9 62 62 53 7 9 7 
6 1 23 53 64 7 8 5 
4 5 22 58 89 4 1 2 
0 5 18 48 6 3 2 0 
9 1 0 49 65 9 3 4 
8 5 55 57 52 1 1 9 
2 2 34 71 90 0 8 8 
0 2 38 49 67 8 6 1 
9 2 39 61 36 7 8 5 
8 3 6 75 0 2 6 3 
8 1 23 45 53 1 0 8 
6 8 54 65 26 5 6 9 
9 4 0 0 22 9 0 6 
6 1 48 73 66 8 6 1 
7 9 38 26 88 8 3 1 
2 2 0 37 58 2 1 4 
0 0 23 74 80 8 8 5 
9 7 4 47 62 3 6 2 
5 8 27 56 49 0 0 6 
2 9 8 35 19 9 1 5 
6 4 31 38 66 6 0 0 
5 9 24 55 51 9 3 7 
5 9 27 49 62 5 2 6 
6 2 41 52 52 7 3 0 
3 5 22 53 67 4 1 9 
7 6 39 70 26 5 5 4 
1 2 26 59 25 0 4 3 
4 0 22 30 36 2 9 2 
5 6 54 72 52 2 0 5 
4 0 43 25 58 2 9 5 
2 1 61 32 57 4 4 7 
5 8 0 78 54 9 1 3 
3 7 22 49 93 8 1 8 
3 7 0 46 36 1 0 0 
5 8 22 10 37 7 5 9 
2 2 52 23 26 1 4 6 
6 0 36 35 111 4 7 6 
5 4 59 19 71 1 9 6 
8 1 31 55 68 6 0 8 
6 4 46 38 51 1 0 2 
1 4 32 83 77 9 4 7 
4 3 20 22 22 4 0 0 
0 1 23 50 29 2 2 4 
9 7 31 62 84 8 4 5 
5 3 28 83 40 7 1 2 
7 9 31 38 75 5 1 2 
6 5 56 76 46 5 0 6 
0 6 52 70 21 8 9 0 
9 3 39 30 42 8 5 4 
9 7 11 66 41 2 5 5 
2 7 20 59 62 5 4 5 
7 3 49 54 74 0 3 8 
0 2 54 58 31 9 9 8 
8 3 24 35 95 8 6 3 
5 9 28 11 35 2 8 6 
0 3 31 66 40 2 4 0 
4 9 0 40 74 6 4 0 
6 2 32 41 28 2 6 5 
1 3 28 113 67 5 8 4 
2 8 0 51 29 5 0 5 
2 2 48 87 75 2 8 1 
7 9 49 34 46 1 9 6 
6 6 29 50 74 5 4 1 
8 2 63 73 42 6 5 8 
5 2 27 65 52 1 4 2 
5 8 32 99 71 8 0 7 
0 6 33 76 11 0 6 9 
5 0 2 48 84 0 8 1 
2 3 14 59 53 1 5 6 
3 7 65 32 36 0 6 1 
6 4 17 31 46 6 9 1 
7 2 55 36 37 3 8 9 
5 8 45 75 55 7 4 2 
9 0 30 39 0 7 6 0 
9 8 8 72 53 0 0 2 
4 0 37 49 49 6 0 5 
9 1 57 55 88 8 2 5 
8 0 48 52 69 3 2 6 
1 9 27 31 50 0 6 7 
8 3 60 21 64 8 8 4 
9 3 29 55 47 7 1 2 
2 5 63 56 44 0 8 4 
8 1 40 61 41 0 6 3 
6 1 13 61 76 7 3 5 
5 2 56 51 14 8 3 7 
0 8 32 73 38 5 3 1 
7 2 1 51 38 4 0 7 
0 1 59 41 36 4 4 9 
0 3 31 50 76 3 9 3 
5 8 0 44 35 2 7 7 
4 8 15 61 50 6 6 1 
7 8 5 18 48 9 1 3 
2 1 19 39 61 5 9 6 
9 7 0 37 38 6 5 0 
3 2 41 45 50 2 7 0 
4 0 25 54 37 4 1 6 
5 9 49 54 28 5 2 3 
7 5 20 73 18 4 7 2 
0 8 54 62 21 3 5 5 
7 7 43 69 61 7 9 8 
9 1 26 48 49 1 6 2 
9 5 58 59 60 5 2 4 
5 8 36 58 62 3 0 0 
4 0 64 56 34 5 1 8 
1 4 14 28 66 2 5 2 
6 9 66 33 56 4 0 9 
5 2 30 45 84 3 7 0 
0 2 0 14 45 4 6 0 
3 8 6 51 55 5 6 6 
8 6 22 51 21 1 0 6 
8 7 6 80 78 9 9 4 
9 7 12 70 65 4 2 7 
4 6 35 80 69 2 2 7 
4 4 1 83 57 8 7 7 
4 1 5 43 49 4 6 5 
7 0 18 77 41 5 3 6 
6 2 17 52 37 6 7 2 
9 4 54 53 54 8 7 5 
6 9 40 69 43 9 3 1 
6 9 32 37 58 9 2 9 
2 8 41 55 27 3 5 7 
0 7 7 51 26 5 4 5 
5 9 52 20 31 4 6 8 
3 5 13 52 65 3 0 9 
3 2 48 42 22 4 0 3 
1 0 32 40 47 4 9 7 
2 2 29 36 84 7 9 0 
1 0 10 54 42 9 6 6 
0 6 6 64 47 1 6 9 
8 3 41 35 22 0 9 7 
9 0 47 101 78 8 7 1 
6 3 47 55 60 5 3 9 
6 5 0 40 44 6 5 8 
1 5 60 74 60 0 9 7 
3 4 75 30 33 8 3 3 
4 9 48 58 69 3 3 9 
6 8 18 58 69 3 6 1 
4 9 7 49 30 6 6 9 
2 8 33 61 42 2 8 3 
3 5 32 23 44 5 7 3 
5 7 46 53 45 6 2 3 
3 6 25 6 42 0 5 4 
8 0 0 58 11 7 6 4 
4 6 0 35 46 4 4 4 
0 2 36 56 35 5 5 6 
3 4 25 48 56 5 7 5 
2 6 19 66 33 0 2 7 
5 8 38 51 60 6 5 0 
2 1 0 37 33 9 2 0 
7 3 36 100 51 3 8 6 
9 4 39 32 74 6 2 7 
1 9 61 16 51 2 6 5 
2 1 50 26 32 1 3 0 
5 2 29 47 53 6 5 5 
7 8 29 86 72 8 5 2 
2 5 2 94 62 7 7 5 
5 9 36 36 57 6 5 5 
7 0 7 55 24 5 2 1 
9 6 11 42 44 7 9 6 
5 3 43 57 38 1 2 0 
9 8 54 96 51 4 9 6 
0 4 0 24 45 6 6 1 
7 3 16 24 73 2 6 1 
2 8 22 72 50 2 3 9 
2 0 27 42 43 7 4 9 
1 0 0 34 72 3 7 3 
2 3 30 52 79 2 0 0 
4 9 15 40 50 5 3 1 
3 6 37 59 46 2 0 7 
6 8 33 49 55 2 8 1 
1 2 52 42 59 6 5 3 
3 6 15 51 52 0 3 7 
5 6 34 64 76 0 3 3 
6 1 24 50 26 4 0 5 
5 7 9 67 41 7 2 5 
0 3 6 19 59 7 0 5 
6 9 54 15 52 2 5 4 
5 0 70 43 63 5 7 3 
2 1 31 51 106 5 3 9 
1 1 45 62 38 7 1 9 
8 9 22 46 18 7 4 2 
6 1 16 62 64 8 3 8 
0 4 14 81 25 3 3 5 
5 6 0 52 50 7 1 7 
7 2 31 53 60 2 8 1 
9 1 19 32 62 7 6 3 
7 5 35 41 80 1 2 0 
6 3 52 35 64 4 9 5 
9 2 52 65 48 6 7 4 
9 2 30 54 29 6 9 7 
1 9 43 37 56 3 3 8 
5 4 0 57 33 7 4 2 
8 2 9 39 53 5 8 7 
8 6 42 57 46 2 2 8 
2 7 23 70 109 1 2 3 
0 5 4 32 42 0 4 5 
3 4 39 35 57 5 8 6 
0 2 72 40 69 2 8 1 
7 5 50 64 57 1 3 0 
2 7 33 63 76 8 7 5 
1 6 66 62 54 7 6 9 
2 2 55 42 62 2 6 4 
6 8 0 21 46 5 2 4 
8 7 46 49 73 7 5 3 
4 5 53 64 83 0 9 8 
7 0 51 28 17 3 4 5 
3 9 0 8 61 7 8 9 
1 6 10 7 47 6 5 1 
2 5 33 54 28 2 2 1 
8 3 20 92 56 8 4 2 
6 3 44 41 33 8 9 1 
5 3 34 42 40 5 1 1 
4 8 47 71 57 7 5 4 
5 3 14 28 12 9 4 7 
3 0 17 53 10 9 9 6 
3 7 17 65 50 8 8 2 
3 9 0 23 75 1 9 1 
4 8 36 38 68 8 5 7 
2 6 10 41 21 7 7 3 
9 2 47 38 42 1 3 3 
7 6 26 46 61 0 8 4 
6 7 14 43 61 0 6 0 
9 9 18 28 0 1 6 7 
8 0 57 81 43 0 0 6 
8 2 41 91 39 1 0 0 
3 5 0 75 51 5 7 6 
7 7 8 82 60 6 8 6 
6 2 31 37 33 2 8 5 
0 1 41 62 48 7 5 4 
3 8 20 24 53 2 0 1 
2 0 53 56 52 5 7 9 
3 5 59 51 78 7 1 0 
2 8 0 20 24 4 0 8 
5 5 0 42 56 3 3 2 
4 7 43 68 31 2 3 7 
7 3 15 84 65 7 8 0 
2 2 0 41 73 6 1 4 
1 6 25 53 42 5 2 6 
7 9 21 38 27 3 4 5 
7 6 26 65 37 7 5 3 
9 9 20 29 44 0 5 4 
6 2 14 46 72 3 6 9 
6 5 25 17 7 4 7 4 
3 0 14 41 49 7 8 4 
5 4 65 39 52 7 3 3 
4 2 80 77 62 6 9 4 
8 9 23 70 33 2 2 1 
7 6 27 32 60 0 3 1 
6 3 50 82 35 5 9 9 
7 5 33 42 34 0 3 4 
4 7 20 64 50 2 9 8 
7 9 47 76 53 3 7 7 
8 3 7 53 69 8 4 4 
9 6 34 44 58 4 3 4 
8 3 62 40 62 3 1 2 
9 1 7 69 80 2 0 4 
8 8 16 79 66 5 0 9 
9 7 0 42 26 6 4 1 
4 6 31 44 46 2 9 6 
2 0 27 58 9 7 6 0 
9 0 56 41 33 6 6 6 
0 4 24 53 87 8 2 4 
0 7 16 34 14 5 7 7 
2 1 43 49 33 0 8 2 
3 1 12 75 22 2 8 5 
3 7 29 27 21 5 1 6 
7 8 47 59 15 6 2 5 
2 9 48 73 33 9 5 7 
3 8 13 52 29 6 7 8 
1 3 37 64 34 6 6 7 
0 7 31 35 55 1 3 4 
2 6 34 55 36 2 4 6 
0 3 0 48 79 8 2 4 
6 7 43 23 11 0 7 4 
8 9 53 40 82 2 8 5 
7 2 54 36 95 2 6 5 
0 7 20 3 47 6 6 5 
9 2 52 38 20 7 7 9 
4 2 68 71 61 7 8 6 
6 7 5 33 31 8 4 1 
6 1 39 68 56 8 0 1 
1 2 39 47 86 9 3 5 
0 9 63 65 40 9 0 4 
7 4 0 64 64 3 6 8 
1 9 0 54 59 0 5 9 
4 3 70 59 69 5 7 0 
4 3 39 49 10 5 7 0 
2 9 48 70 53 4 7 7 
6 3 22 73 45 3 0 6 
4 2 17 38 48 2 7 0 
3 1 9 63 74 8 6 7 
8 0 34 73 54 0 7 8 
8 3 28 54 55 2 4 8 
8 6 17 34 57 4 5 2 
4 3 13 53 81 9 5 1 
0 6 5 45 71 4 9 2 
3 3 37 69 49 4 8 4 
9 4 25 65 64 6 0 7 
0 8 24 35 29 8 8 4 
9 0 47 67 72 0 5 8 
1 1 0 39 67 6 6 5 
2 0 32 43 65 4 8 9 
6 2 25 61 75 1 4 8 
3 6 3 17 68 6 4 4 
0 6 3 46 76 4 3 3 
4 8 31 45 52 1 7 9 
3 7 48 63 37 4 0 7 
3 7 43 78 29 9 5 9 
9 2 44 26 36 5 9 2 
8 0 27 56 44 3 2 8 
6 4 9 60 99 1 2 4 
7 1 14 61 27 1 0 6 
7 0 38 75 30 9 1 5 
6 9 2 42 69 7 5 8 
1 9 65 29 57 6 9 8 
7 8 38 23 68 4 4 1 
6 2 35 38 37 6 4 3 
3 6 73 45 39 6 8 3 
4 1 54 68 69 0 4 5 
2 1 41 43 43 7 7 0 
7 5 9 53 5 2 1 3 
6 4 0 58 46 1 8 3 
8 0 32 89 67 7 8 1 
1 5 33 43 59 3 1 5 
6 3 33 49 36 6 2 6 
2 6 30 53 53 7 7 6 
6 0 14 55 56 4 7 3 
6 5 18 36 73 4 5 7 
0 0 26 84 40 0 4 4 
8 4 41 53 58 5 8 9 
5 0 28 63 68 2 1 3 
7 8 30 17 89 6 5 9 
3 0 36 62 16 0 1 7 
2 6 2 45 53 7 8 9 
5 9 43 29 78 4 9 8 
3 1 40 52 55 5 6 2 
4 5 48 21 62 9 5 6 
2 0 56 52 30 0 4 7 
9 2 46 57 66 6 5 3 
5 9 37 53 52 0 1 7 
1 1 3 47 84 4 6 2 
8 5 16 37 15 4 0 3 
5 0 29 60 54 9 4 1 
6 2 56 38 50 9 5 5 
6 0 16 33 32 1 2 1 
3 7 50 49 37 7 6 7 
7 9 24 63 69 9 3 0 
5 7 31 44 52 5 0 3 
1 2 25 49 17 5 2 4 
0 4 11 62 35 9 6 8 
0 2 0 34 33 1 8 0 
3 8 13 68 72 9 4 2 
3 7 14 74 78 4 0 1 
8 7 49 41 65 4 3 2 
8 3 51 58 37 0 5 0 
4 1 29 42 21 8 1 1 
3 3 30 6 15 1 0 6 
9 4 47 0 42 7 8 1 
8 5 0 53 49 4 5 6 
8 7 40 60 58 8 4 7 
6 2 29 41 87 7 7 6 
6 5 18 39 47 8 1 0 
3 0 45 28 66 0 2 4 
6 6 15 72 50 7 8 1 
5 9 52 71 3 7 5 0 
4 6 4 20 53 2 2 0 
8 2 31 62 59 5 8 7 
7 1 8 61 31 5 7 1 
3 9 4 56 37 3 7 5 
4 6 22 12 80 8 8 2 
1 3 15 5 40 4 8 0 
0 5 60 56 47 4 7 6 
5 2 20 30 67 3 8 6 
2 8 19 29 63 6 2 9 
9 8 34 30 34 9 9 1 
8 4 13 21 59 8 9 4 
7 8 40 37 41 9 7 3 
5 1 52 47 70 9 8 2 
0 3 3 11 13 7 6 2 
5 1 28 43 80 4 5 5 
9 8 34 61 84 0 7 5 
2 8 39 48 45 4 6 6 
4 5 0 45 50 3 2 1 
8 4 25 51 29 9 2 7 
2 2 38 74 39 4 0 4 
6 4 36 50 71 1 1 3 
9 8 13 38 21 4 0 6 
0 2 14 60 45 4 5 9 
3 8 4 52 18 1 7 9 
1 4 35 53 71 7 9 7 
5 6 37 106 91 2 8 6 
7 8 29 61 75 2 1 9 
5 9 41 21 97 0 5 9 
7 3 45 28 52 7 8 0 
3 4 18 44 64 9 4 6 
3 9 30 88 55 1 9 5 
2 8 52 16 37 2 4 3 
0 2 29 63 45 3 6 6 
8 2 40 69 50 3 1 4 
1 8 26 62 53 4 8 0 
5 6 7 85 30 9 5 5 
6 6 2 42 54 8 5 7 
1 3 31 69 60 3 2 3 
5 1 39 54 62 8 6 9 
4 7 0 40 41 2 7 4 
2 8 65 34 38 6 7 5 
6 7 0 52 47 5 8 3 
8 9 0 89 28 9 7 7 
9 3 51 54 80 4 5 0 
1 1 0 17 29 1 2 4 
3 9 26 60 25 5 1 3 
5 0 49 39 56 8 3 4 
9 9 61 47 65 8 8 2 
0 5 2 43 57 3 0 4 
2 8 20 88 23 8 7 6 
4 0 46 47 36 8 4 4 
6 1 19 56 56 8 2 6 
2 6 11 84 79 2 0 3 
9 4 2 60 67 8 6 4 
2 7 17 79 0 1 5 3 
5 3 6 75 58 1 4 7 
1 1 4 61 39 7 1 3 
2 6 32 19 38 0 7 4 
3 8 8 22 13 1 3 4 
2 6 12 27 39 7 0 2 
1 0 0 89 81 8 3 0 
1 2 1 35 31 6 9 3 
0 9 74 75 36 2 2 2 
5 1 51 68 63 3 6 6 
8 4 45 69 59 4 7 0 
3 2 24 36 100 5 0 2 
1 6 38 31 60 8 8 5 
5 1 12 24 55 0 3 8 
0 4 40 67 42 1 8 2 
4 6 53 7 77 8 8 1 
3 4 41 63 82 9 1 7 
0 1 30 39 46 2 5 5 
0 1 42 55 73 3 8 8 
1 9 28 57 58 5 3 8 
1 9 52 14 52 7 0 4 
2 9 35 23 27 6 1 1 
5 3 50 31 38 9 6 3 
0 6 41 45 47 0 7 8 
1 7 66 70 57 9 1 0 
4 3 36 43 75 2 8 6 
5 7 34 34 51 6 0 5 
0 7 36 0 46 4 1 9 
9 6 43 56 35 3 9 4 
1 4 33 59 31 7 4 1 
7 7 30 88 48 1 7 5 
5 9 38 86 55 7 9 6 
1 3 0 22 19 6 3 6 
8 5 2 58 35 8 8 4 
8 4 46 30 95 7 6 3 
3 0 35 65 58 5 3 3 
5 1 40 76 56 2 2 2 
4 3 50 35 63 4 8 9 
3 4 9 35 104 7 1 2 
8 9 48 75 35 9 3 4 
7 2 29 20 41 5 5 3 
4 0 23 56 34 7 5 0 
5 4 51 50 57 6 5 2 
9 5 41 72 102 8 6 7 
2 3 63 52 18 6 9 5 
6 5 17 91 39 2 7 8 
7 5 24 46 33 5 2 1 
9 1 72 49 34 5 6 3 
8 4 69 78 56 3 6 9 
2 6 21 31 55 7 6 9 
2 7 6 87 18 5 9 0 
9 9 53 42 15 7 3 5 
6 7 0 43 42 0 5 6 
8 8 48 38 91 7 4 8 
9 3 22 32 77 6 7 1 
2 4 17 43 42 5 2 8 
1 0 36 84 0 7 8 0 
4 1 7 33 51 7 4 4 
1 0 41 59 47 5 6 9 
8 9 20 29 65 7 5 6 
2 4 0 38 68 3 2 2 
7 7 51 57 36 1 8 7 
4 0 30 64 66 1 8 2 
3 1 10 67 40 0 5 9 
9 9 27 57 38 9 4 6 
7 7 28 35 32 6 8 8 
1 1 3 31 57 0 2 0 
2 6 18 65 21 8 1 6 
2 8 0 60 57 2 3 2 
6 6 16 53 59 4 2 6 
4 7 34 72 44 7 3 2 
8 4 37 28 73 1 0 7 
6 5 16 24 53 8 7 5 
6 5 2 70 44 6 0 0 
5 6 5 69 54 7 3 1 
3 6 56 60 38 8 3 3 
2 0 50 64 32 1 5 7 
3 7 44 39 40 0 7 1 
7 8 13 42 31 6 6 1 
1 7 49 40 78 8 7 3 
0 1 5 54 80 2 5 2 
7 4 52 73 26 6 5 9 
1 3 48 53 43 7 4 4 
4 8 40 59 59 5 7 3 
2 5 50 49 81 6 5 9 
8 4 54 69 56 6 2 4 
0 4 33 57 40 9 7 9 
0 7 25 43 65 2 9 4 
6 3 8 40 29 8 4 3 
3 4 23 66 78 9 0 2 
6 9 34 49 55 9 5 2 
3 9 14 51 53 2 6 9 
2 7 45 69 88 7 2 8 
8 9 71 49 33 3 7 0 
6 4 19 43 44 7 3 0 
9 4 8 86 66 6 6 7 
9 6 65 50 48 4 4 3 
0 2 60 69 0 0 3 4 
3 3 25 31 10 6 3 5 
4 0 22 61 50 8 2 5 
7 2 39 39 36 7 6 0 
0 4 0 30 51 3 3 4 
2 2 26 31 70 9 0 4 
2 8 30 71 57 9 8 4 
0 7 17 39 58 3 9 6 
8 1 26 26 53 2 3 8 
3 8 12 64 33 6 3 5 
0 6 47 58 64 4 8 1 
6 7 26 41 98 3 2 8 
0 0 11 37 67 2 3 6 
6 3 30 61 25 3 0 1 
3 0 11 39 20 2 8 7 
6 2 8 75 33 5 1 9 
2 5 66 50 57 0 4 8 
6 5 52 65 31 7 2 2 
0 6 41 43 79 1 2 7 
0 1 39 27 66 8 2 1 
7 1 54 50 58 4 9 3 
6 7 43 36 52 3 8 8 
4 9 51 66 26 4 1 3 
7 0 56 27 43 8 5 1 
7 2 20 28 22 2 3 2 
3 6 13 54 64 2 8 0 
1 8 16 39 56 4 6 2 
7 4 4 66 50 2 6 3 
8 5 63 67 45 7 1 7 
2 7 0 64 81 9 0 3 
8 3 55 59 55 3 4 6 
3 4 16 28 69 2 9 3 
1 9 45 71 37 7 2 4 
9 9 23 31 55 7 4 5 
2 0 33 38 15 0 7 6 
3 0 44 78 44 6 6 1 
9 7 3 39 58 4 1 8 
3 4 29 56 26 6 5 6 
8 0 41 83 40 4 7 0 
4 9 54 44 93 0 4 0 
8 5 0 54 30 5 9 2 
8 2 10 40 51 0 3 0 
7 0 37 38 47 9 4 8 
3 7 41 17 48 9 3 2 
6 6 24 32 79 6 3 3 
3 3 34 67 29 1 0 1 
3 5 8 50 32 8 9 0 
5 0 1 43 43 3 0 9 
7 4 19 61 22 2 3 8 
8 2 20 54 50 5 3 2 
2 1 13 40 64 0 8 1 
0 7 21 39 20 9 4 2 
9 5 15 54 45 2 7 5 
1 6 0 36 65 7 3 9 
1 9 51 63 29 1 5 9 
1 6 54 67 52 1 8 7 
7 5 51 28 46 8 9 5 
0 6 53 96 38 3 5 3 
8 1 38 83 61 9 3 5 
2 5 51 63 31 3 2 5 
0 1 22 66 25 4 8 7 
6 9 84 42 30 0 3 2 
3 6 38 49 75 0 4 8 
2 8 29 57 77 8 5 8 
5 9 8 30 7 1 2 0 
7 0 0 23 42 1 2 6 
0 8 13 64 51 8 2 6 
9 5 9 49 22 9 6 0 
7 2 27 39 18 6 3 6 
3 7 47 46 67 0 4 8 
5 0 15 65 46 9 0 7 
5 4 33 63 60 6 5 7 
6 6 17 45 41 7 8 5 
0 0 30 79 43 6 4 4 
2 8 7 24 31 0 4 6 
4 4 43 27 53 7 0 2 
1 6 11 66 54 4 5 5 
6 2 27 86 23 1 6 8 
8 3 27 45 69 4 2 2 
6 7 35 53 72 8 1 4 
1 6 51 58 31 2 2 4 
8 8 20 23 23 7 9 4 
0 0 36 86 40 0 9 6 
5 2 39 43 56 2 5 0 
6 6 26 43 54 2 5 9 
4 8 36 53 30 9 0 2 
1 7 28 51 38 5 5 6 
9 6 16 53 60 3 2 3 
6 9 39 45 62 7 1 3 
9 1 7 70 46 3 8 2 
2 3 34 43 69 1 2 4 
7 0 34 47 52 1 4 6 
6 0 54 49 43 9 2 4 
8 3 37 89 57 2 2 2 
6 2 53 31 49 2 9 6 
2 9 19 32 60 0 8 1 
7 2 64 23 59 7 2 9 
4 4 11 63 83 8 5 9 
1 3 8 49 86 7 9 3 
6 4 53 42 40 8 4 6 
7 3 26 74 23 6 9 8 
5 8 52 90 43 8 0 0 
7 3 8 38 58 8 3 2 
8 1 41 87 46 3 0 2 
3 8 74 35 30 8 1 7 
8 4 28 71 62 1 2 0 
3 3 52 57 16 5 3 8 
5 6 39 56 19 5 2 3 
1 7 72 44 47 4 0 3 
7 2 22 21 14 6 0 2 
4 6 36 74 23 2 1 4 
1 6 24 39 73 4 4 7 
9 1 4 51 41 7 5 1 
3 9 71 37 42 1 5 6 
5 4 42 47 56 7 1 7 
9 7 33 32 55 5 6 8 
1 7 29 39 51 7 2 5 
7 0 0 63 58 8 2 5 
7 2 14 41 83 8 2 7 
7 9 22 37 39 9 6 2 
2 1 51 69 39 3 3 3 
7 1 33 27 55 2 4 1 
0 4 3 35 58 0 5 7 
8 8 13 37 33 7 0 8 
3 2 9 67 54 2 7 8 
6 8 51 46 39 5 2 1 
8 2 9 44 36 0 5 2 
7 9 42 61 28 9 2 3 
4 5 0 112 85 3 0 0 
3 8 24 28 45 5 0 1 
8 2 40 60 42 8 3 7 
0 3 18 43 35 9 7 8 
1 6 9 39 73 1 5 1 
2 0 38 0 48 2 0 4 
5 8 31 62 51 7 5 4 
9 3 49 63 57 4 7 5 
4 9 24 62 62 0 7 8 
5 9 8 55 31 0 9 0 
8 8 31 56 35 9 9 9 
1 8 59 83 41 3 8 8 
6 5 35 42 10 6 9 6 
1 0 22 57 73 3 7 0 
2 0 39 17 59 5 5 6 
9 8 32 43 31 5 4 0 
4 3 37 34 30 1 4 7 
6 9 7 36 22 8 8 9 
4 0 0 53 59 7 0 8 
5 7 40 30 60 0 3 8 
4 0 23 66 51 8 8 7 
3 1 27 25 53 0 7 2 
3 3 48 66 39 0 5 3 
3 7 43 10 19 4 4 2 
4 7 15 49 38 4 1 2 
6 9 0 53 99 7 3 8 
1 4 31 43 76 5 8 4 
6 9 35 64 41 2 0 5 
7 8 6 61 52 2 5 6 
2 9 7 47 47 4 9 2 
5 6 40 56 53 1 3 4 
3 4 16 52 104 9 6 2 
2 1 19 17 69 4 8 5 
0 9 38 65 80 7 6 9 
7 0 40 37 68 1 7 4 
4 7 12 45 28 1 9 8 
1 2 17 12 75 9 7 3 
8 1 31 49 43 7 0 7 
4 4 33 53 25 1 6 2 
4 7 0 19 50 1 3 0 
8 6 28 35 27 3 8 9 
3 8 29 35 51 4 9 3 
2 7 53 4 57 5 0 2 
7 8 29 65 102 6 8 4 
7 1 21 34 55 4 9 0 
0 4 22 45 25 8 8 7 
9 8 29 57 18 1 0 0 
4 5 25 73 30 7 9 6 
2 2 41 88 57 8 4 8 
7 2 25 61 72 8 6 2 
5 0 18 69 34 3 4 7 
0 7 11 23 66 5 6 9 
5 4 32 79 75 3 6 9 
3 6 0 81 28 6 0 0 
7 3 22 82 17 9 3 8 
2 2 33 42 63 3 0 2 
9 1 7 68 59 8 9 1 
9 0 35 25 58 2 3 8 
9 2 15 44 26 4 8 6 
4 8 38 25 52 2 8 7 
7 5 11 34 58 6 5 3 
3 9 3 82 68 6 7 0 
3 0 31 54 12 1 2 9 
9 7 47 56 51 4 6 3 
1 2 16 56 48 5 9 3 
0 8 22 31 49 5 1 7 
9 0 15 36 63 8 1 5 
0 1 54 68 72 6 9 4 
6 2 24 75 37 7 5 5 
8 6 32 54 58 9 3 8 
0 7 38 28 55 8 5 6 
2 8 52 37 62 5 9 8 
6 0 59 30 53 6 9 4 
1 3 42 31 64 8 8 9 
3 6 0 54 31 3 6 6 
9 0 41 17 43 6 1 3 
5 2 37 53 55 6 5 7 
8 5 32 19 41 5 7 2 
6 8 49 60 30 1 6 9 
8 4 10 76 73 3 5 2 
1 9 23 54 25 3 7 5 
2 6 10 19 36 7 4 9 
0 0 40 36 66 6 6 8 
2 6 15 54 64 4 2 9 
0 6 0 52 66 9 5 4 
3 5 47 24 30 2 0 9 
3 8 0 1 47 5 0 9 
0 5 42 60 48 0 5 4 
1 3 30 34 59 4 7 1 
6 0 52 33 73 2 1 0 
8 3 35 61 72 5 8 1 
9 5 34 4 25 8 1 4 
0 2 9 69 60 8 9 8 
3 6 64 15 56 2 5 8 
6 5 60 35 38 7 3 8 
7 5 0 61 69 2 2 0 
5 3 35 54 22 1 3 4 
0 1 66 38 48 7 9 0 
8 3 22 44 45 5 8 6 
5 5 31 54 41 8 8 9 
4 4 26 63 35 8 8 7 
8 2 3 47 59 8 4 2 
5 7 44 42 64 3 1 4 
0 4 36 55 38 7 0 0 
9 8 14 26 51 3 3 5 
8 0 26 67 17 3 7 2 
5 2 36 38 84 6 6 7 
7 5 42 50 37 0 2 9 
8 5 49 81 50 2 9 8 
6 1 45 46 60 0 3 0 
2 8 46 43 58 4 9 3 
9 2 0 60 21 8 1 5 
5 6 27 58 76 7 2 3 
1 0 20 50 51 0 6 2 
0 0 31 24 38 1 1 1 
9 1 22 55 74 7 7 1 
1 9 76 65 34 9 2 7 
2 9 15 69 25 2 1 4 
2 3 0 56 51 1 0 6 
3 1 55 48 42 0 2 2 
2 5 69 52 40 9 7 2 
6 6 60 58 65 1 3 3 
3 2 25 69 69 7 3 6 
8 0 35 78 33 7 8 3 
4 5 34 81 57 8 6 8 
6 5 22 15 53 5 9 0 
0 3 45 12 47 6 3 5 
4 7 26 57 46 9 8 2 
3 2 42 43 57 9 9 3 
8 2 34 29 55 8 0 1 
4 8 18 61 62 6 8 3 
1 1 25 52 60 9 0 7 
0 9 37 73 59 7 1 6 
2 0 29 54 22 1 6 1 
2 4 13 49 49 9 9 8 
8 5 40 55 60 2 5 6 
6 8 34 29 58 9 4 2 
0 6 2 37 56 8 0 3 
8 7 35 21 40 7 5 1 
2 8 63 36 54 2 7 2 
1 6 28 16 53 2 4 7 
4 5 51 76 44 7 4 0 
1 2 0 48 34 7 1 5 
5 1 50 57 48 0 4 5 
0 5 36 35 56 3 6 4 
3 0 15 51 58 4 7 2 
2 1 71 54 73 4 5 3 
1 5 46 53 58 2 2 9 
6 8 14 82 75 7 8 1 
8 6 40 26 55 1 6 5 
9 1 38 46 52 5 6 1 
9 8 3 69 66 0 8 5 
7 2 78 69 44 2 4 2 
4 2 62 56 61 9 1 9 
6 8 55 49 37 6 9 9 
7 0 48 33 55 6 2 6 
7 1 26 83 71 8 7 2 
9 2 31 53 27 8 8 8 
8 2 28 48 16 8 3 4 
6 9 29 82 50 2 4 1 
5 2 46 55 43 9 4 7 
4 1 20 73 24 1 2 2 
9 8 5 49 105 2 3 7 
0 6 14 36 60 1 3 7 
4 5 40 80 82 0 4 8 
9 4 37 69 51 6 4 1 
3 8 18 48 62 7 8 1 
1 3 81 30 40 9 2 3 
0 6 25 53 14 7 3 5 
6 7 45 56 35 0 1 0 
7 9 1 51 47 8 2 4 
6 9 0 81 44 7 2 0 
6 6 23 69 51 0 3 9 
7 5 25 43 69 7 5 9 
0 2 24 48 68 7 9 4 
1 7 0 62 60 7 8 3 
7 2 43 26 51 1 0 7 
9 8 31 43 9 8 8 2 
9 7 64 45 35 0 7 6 
6 7 45 62 68 7 3 4 
1 7 38 69 56 8 5 1 
4 3 24 62 42 0 0 6 
8 7 59 61 76 9 3 6 
5 3 61 62 45 8 3 1 
6 1 50 48 49 1 1 5 
1 6 71 66 20 2 0 0 
1 9 48 52 6 8 7 8 
9 5 47 44 30 7 9 7 
3 5 3 78 31 0 7 6 
6 8 26 44 47 4 9 7 
5 7 14 41 64 0 1 8 
7 5 52 29 51 1 6 7 
7 1 8 64 11 2 6 5 
9 0 35 23 67 7 8 0 
9 5 29 19 71 9 4 5 
5 9 37 25 74 6 8 2 
5 1 33 62 34 1 5 6 
2 3 37 33 48 8 5 3 
9 7 10 36 48 9 6 7 
7 2 0 72 54 5 5 9 
0 2 37 38 85 1 4 9 
2 9 35 36 93 2 4 1 
1 9 50 73 33 6 6 1 
0 3 46 28 30 7 6 0 
7 3 0 57 42 8 2 7 
9 9 15 33 28 2 4 6 
6 2 52 57 40 5 4 8 
4 5 29 74 72 4 3 9 
4 0 12 40 64 8 0 2 
4 7 34 13 68 6 9 9 
8 6 50 51 34 1 8 5 
5 8 39 58 32 7 7 5 
4 3 65 73 37 3 7 9 
3 3 26 42 57 4 8 7 
3 4 28 27 70 2 0 1 
6 0 18 42 61 3 2 8 
9 3 0 28 17 2 5 7 
0 5 0 56 76 0 2 1 
0 6 23 65 74 7 7 8 
4 5 32 54 33 0 4 4 
8 3 0 11 31 2 2 2 
7 4 8 30 36 3 4 5 
0 9 53 68 57 6 1 3 
5 2 14 80 58 9 3 8 
8 0 30 65 43 0 7 2 
0 8 48 69 44 0 0 5 
4 8 54 41 72 7 8 7 
5 7 6 38 72 5 7 7 
8 4 34 42 39 8 3 4 
3 9 28 58 88 4 1 3 
2 2 15 60 56 8 6 8 
2 0 52 34 28 2 3 1 
4 4 9 38 66 3 4 1 
7 4 8 78 18 6 1 6 
9 5 19 57 62 9 1 7 
2 1 36 57 17 0 6 3 
7 7 37 47 64 3 7 5 
2 0 24 38 51 7 9 9 
2 9 16 37 31 2 5 8 
5 7 52 64 46 9 3 7 
6 1 13 78 50 0 5 7 
9 5 25 64 37 1 5 9 
6 5 40 19 48 7 8 2 
0 5 25 48 49 0 6 5 
2 2 0 36 43 4 9 2 
4 3 45 27 39 0 5 5 
0 9 54 52 40 8 1 4 
0 6 19 53 55 8 4 5 
2 6 37 70 31 5 3 2 
4 0 35 49 0 9 6 5 
2 4 38 56 38 0 4 8 
6 4 22 66 23 5 1 4 
3 9 29 57 48 7 1 3 
0 4 13 57 49 5 7 3 
7 8 42 26 36 7 5 7 
1 9 28 61 31 0 2 6 
6 0 0 4 41 3 4 5 
5 9 7 54 50 7 3 3 
6 9 57 55 77 8 1 4 
6 2 33 48 63 4 5 4 
2 8 22 45 57 8 7 8 
5 3 11 74 19 0 0 9 
2 2 5 56 43 0 6 3 
8 9 0 59 71 1 3 1 
6 3 32 88 43 8 5 4 
4 4 26 75 57 7 8 9 
9 8 32 83 32 2 3 6 
0 3 38 34 40 6 6 3 
4 5 31 31 10 1 0 2 
2 6 41 16 86 3 5 3 
2 0 0 58 66 8 9 1 
9 5 32 43 57 5 7 9 
4 1 27 86 54 8 6 3 
7 2 49 89 53 0 2 9 
6 3 13 74 62 2 7 5 
8 9 37 77 48 7 4 3 
6 9 55 36 31 2 5 8 
6 0 56 75 65 2 0 9 
4 9 40 27 62 6 1 3 
3 9 41 48 61 3 4 4 
5 4 49 52 46 4 6 1 
3 6 30 71 81 5 9 6 
1 7 2 55 45 1 4 4 
6 7 15 55 40 6 3 0 
2 8 52 61 25 4 4 0 
3 1 27 64 19 1 9 8 
5 7 40 85 62 6 1 0 
2 1 43 66 59 9 5 4 
3 3 37 62 33 4 2 3 
6 0 60 79 53 0 1 1 
3 3 7 49 42 6 5 6 
0 2 13 43 44 4 6 0 
7 6 46 36 92 1 2 4 
4 0 3 54 39 2 6 7 
7 8 14 52 63 7 7 7 
6 4 14 67 51 2 8 8 
3 2 46 51 45 9 6 7 
6 1 43 56 26 6 6 4 
0 8 13 53 34 7 2 6 
0 6 57 48 56 2 1 6 
9 2 26 32 92 9 9 2 
0 8 32 49 23 5 7 6 
4 2 38 48 55 6 0 6 
3 4 35 42 40 1 9 3 
5 1 28 26 23 3 1 0 
0 1 35 45 46 2 6 1 
3 2 20 43 11 1 6 2 
6 6 45 78 60 6 0 0 
8 8 62 47 81 9 6 4 
3 7 24 43 60 3 7 4 
1 9 0 79 54 6 6 7 
2 8 65 41 41 2 0 5 
9 0 52 56 0 9 9 7 
2 5 33 32 46 8 7 7 
6 5 49 35 38 0 9 1 
9 9 32 76 39 5 6 1 
3 2 18 60 79 1 6 3 
5 9 12 83 74 0 9 3 
5 1 25 86 96 4 1 3 
8 6 26 42 82 3 6 3 
8 2 54 64 32 8 6 2 
7 4 30 75 72 0 9 8 
3 4 0 29 50 5 4 0 
9 2 15 90 1 3 4 9 
7 4 29 66 58 3 6 3 
2 2 8 49 100 0 4 5 
1 6 0 12 41 0 6 1 
0 3 34 40 42 8 0 9 
2 1 47 26 25 1 7 5 
6 1 28 43 53 0 0 7 
2 1 13 11 23 0 7 8 
2 2 0 43 19 9 6 9 
4 7 0 63 63 5 8 0 
4 8 8 63 56 5 0 5 
5 3 0 22 56 8 9 7 
8 0 33 52 35 9 9 4 
3 2 60 41 53 8 8 9 
5 5 28 53 55 4 8 3 
6 4 29 67 24 3 1 6 
9 0 24 41 64 3 5 2 
3 2 55 33 56 6 8 9 
8 7 25 52 58 2 4 8 
6 2 44 56 62 8 7 3 
4 0 33 63 58 7 3 0 
0 5 40 61 29 4 4 3 
0 4 52 54 26 6 9 2 
3 8 34 38 44 1 1 4 
0 3 52 42 39 8 2 2 
3 3 7 61 61 5 0 1 
9 5 22 58 47 6 9 6 
5 8 34 82 37 3 6 2 
1 1 84 39 26 3 8 1 
3 6 12 25 71 5 7 9 
4 3 36 85 77 9 1 9 
6 1 66 6 81 0 5 7 
0 1 41 73 50 4 7 3 
6 6 64 30 53 3 6 5 
4 4 23 52 48 8 0 8 
6 1 44 82 18 1 3 1 
7 2 47 32 54 8 4 8 
5 6 23 40 76 2 6 7 
5 8 28 21 19 6 5 3 
7 4 27 35 13 0 4 9 
4 1 45 87 44 7 6 6 
6 2 64 33 71 9 3 3 
7 0 48 47 41 9 7 1 
1 7 7 53 62 1 6 9 
8 6 37 0 56 8 0 6 
2 6 38 46 95 5 7 8 
6 9 25 57 34 7 2 4 
7 4 7 44 34 5 5 9 
4 5 12 57 47 8 5 6 
6 0 38 43 24 7 2 6 
2 1 67 84 60 9 0 5 
1 0 47 73 37 9 2 9 
2 3 8 61 53 4 0 3 
7 4 37 36 42 2 1 3 
2 0 25 14 32 2 0 4 
3 6 6 15 41 0 4 9 
1 6 21 22 60 9 4 1 
0 2 48 22 74 6 5 9 
5 8 18 69 89 1 1 8 
7 5 27 85 28 0 7 7 
8 3 44 40 67 4 7 3 
7 9 22 33 42 4 7 1 
8 2 57 31 43 5 7 0 
2 0 41 56 18 9 3 9 
3 9 23 41 60 0 0 3 
5 0 48 22 60 8 4 3 
6 7 32 21 55 1 2 5 
3 9 31 0 71 4 1 8 
2 2 29 58 54 2 0 4 
7 6 8 43 53 6 6 4 
6 3 56 40 14 3 2 8 
7 9 16 53 65 2 8 4 
3 2 47 75 52 0 3 6 
2 3 55 51 47 3 0 7 
3 7 2 81 69 4 3 2 
7 7 43 77 29 7 1 5 
0 0 37 27 33 2 7 1 
2 2 53 85 41 4 6 5 
4 5 76 25 82 6 6 0 
1 4 31 83 47 6 8 1 
3 7 15 48 39 4 1 5 
5 6 25 25 50 1 2 5 
9 9 35 51 57 9 5 0 
1 0 3 49 72 4 3 7 
2 8 41 36 67 4 7 0 
2 2 18 34 73 0 7 3 
8 9 0 50 46 6 6 6 
3 5 52 47 87 8 1 5 
1 0 21 73 76 7 4 5 
9 3 0 35 28 7 4 5 
4 6 3 34 51 5 0 5 
5 3 0 81 28 8 1 0 
9 1 15 27 42 3 0 8 
1 4 38 46 28 2 3 8 
9 4 21 18 33 2 9 9 
2 3 40 92 82 2 0 5 
5 8 25 23 47 3 6 1 
7 8 44 47 45 6 4 1 
1 3 14 55 47 5 3 4 
7 0 11 59 75 5 1 5 
9 5 3 61 24 1 4 0 
0 0 0 42 20 0 4 3 
7 3 7 40 24 1 6 4 
5 5 31 43 57 6 6 8 
5 6 67 51 54 9 5 6 
6 8 7 95 41 3 9 0 
0 1 22 44 50 8 9 8 
5 1 7 38 25 6 1 0 
4 1 6 37 25 3 8 6 
5 5 3 38 71 3 1 9 
8 6 8 66 37 3 3 5 
7 4 26 95 64 5 6 7 
0 4 0 62 13 7 1 8 
1 4 58 0 45 4 6 8 
4 6 5 72 36 3 8 6 
8 1 51 53 27 2 1 8 
6 6 22 44 81 0 6 3 
7 6 61 75 53 4 6 4 
2 1 46 54 52 7 2 5 
2 9 60 18 69 7 9 3 
6 1 22 80 28 7 0 0 
6 9 26 16 40 5 4 7 
1 1 7 38 32 3 0 0 
9 5 41 32 29 0 0 7 
6 6 48 45 29 4 1 0 
2 7 16 65 74 9 3 2 
6 9 0 32 13 2 0 6 
7 8 10 51 56 4 0 5 
9 4 49 52 60 5 4 7 
4 5 10 73 60 9 6 0 
1 5 25 31 43 6 6 6 
0 7 21 56 29 6 3 9 
7 9 53 27 47 2 6 3 
0 4 31 60 79 7 8 6 
3 2 27 51 47 0 9 9 
8 2 4 30 73 6 4 9 
9 1 0 41 47 2 8 3 
9 2 49 41 22 9 2 6 
4 0 27 49 62 5 9 0 
8 2 65 3 22 3 0 1 
1 0 77 28 59 6 1 9 
6 9 55 45 46 3 0 5 
5 5 53 27 75 8 5 7 
6 2 60 14 16 5 5 5 
1 5 20 54 68 8 7 2 
2 2 33 41 49 0 9 3 
7 4 29 81 67 8 6 7 
5 6 22 39 37 9 8 9 
4 3 66 47 40 9 1 5 
7 7 44 70 43 7 5 8 
1 6 17 45 38 3 8 9 
9 0 59 41 38 2 7 0 
4 1 35 69 40 6 9 5 
1 7 31 29 66 7 1 9 
9 8 49 91 50 3 5 2 
1 1 37 65 31 1 6 8 
0 5 23 57 52 2 5 5 
1 1 55 78 42 2 2 6 
2 3 49 48 88 1 6 6 
9 9 31 32 49 2 9 1 
5 9 37 69 69 1 0 8 
1 0 26 89 33 4 7 6 
9 1 54 65 102 8 5 3 
4 0 8 54 53 3 4 4 
3 5 35 57 37 5 1 0 
9 8 31 73 24 7 7 0 
1 6 0 79 55 3 8 2 
3 8 22 32 49 9 3 2 
4 8 0 56 68 4 4 0 
4 4 18 25 49 7 0 7 
8 2 1 30 68 0 8 4 
5 0 22 51 71 1 2 4 
5 9 7 69 64 2 1 6 
1 6 23 67 57 0 4 8 
0 4 28 51 59 7 7 5 
3 0 23 51 56 8 9 0 
2 2 6 93 69 0 6 3 
3 5 39 72 1 5 1 1 
6 7 0 2 81 0 3 4 
8 8 7 31 9 3 7 2 
8 3 43 47 61 1 4 3 
5 0 41 73 19 7 1 1 
6 4 32 11 92 0 1 1 
6 3 0 42 30 0 9 7 
4 2 43 21 42 6 8 6 
0 0 88 78 36 0 8 4 
0 0 23 50 60 7 6 3 
9 9 41 24 61 8 0 0 
1 4 40 84 41 8 8 6 
9 4 0 36 37 3 3 9 
2 2 42 91 70 1 3 5 
5 0 30 40 15 5 6 3 
2 0 46 59 22 9 3 3 
8 1 75 39 33 3 5 9 
8 8 6 32 48 7 7 6 
9 8 37 43 48 5 9 3 
3 7 30 98 87 2 7 0 
1 8 36 78 39 8 6 1 
5 5 11 60 44 6 5 2 
2 1 10 67 49 2 8 5 
7 5 0 37 62 9 3 1 
2 7 28 54 11 1 6 5 
4 8 35 17 76 3 2 7 
5 1 29 50 43 3 1 7 
9 5 1 32 69 2 9 2 
1 3 26 54 82 4 8 0 
0 8 65 29 50 9 5 4 
9 0 2 60 51 0 7 9 
4 4 34 57 33 0 8 4 
5 4 8 31 35 4 5 5 
3 5 13 63 58 2 2 5 
9 6 21 88 49 1 2 8 
1 3 23 63 54 4 8 1 
3 8 2 93 59 3 8 0 
9 7 36 50 57 2 4 7 
7 6 17 57 77 7 4 1 
7 0 11 43 77 6 2 9 
3 8 33 68 43 8 2 7 
3 0 9 33 38 8 4 6 
5 5 60 44 38 2 2 9 
3 1 40 20 41 8 0 0 
2 8 52 34 38 4 4 8 
5 7 76 47 54 3 3 9 
0 4 0 32 26 5 8 4 
8 7 36 49 18 9 8 8 
1 8 31 66 69 5 2 4 
5 0 17 26 60 6 8 4 
1 6 21 20 22 9 8 5 
2 2 53 60 32 7 1 4 
3 3 0 52 72 7 3 7 
2 5 18 80 63 7 4 7 
8 7 37 37 23 5 5 7 
3 5 45 52 28 5 2 5 
4 0 20 54 27 0 3 6 
4 1 0 89 46 5 4 9 
0 3 16 56 21 9 9 9 
4 0 34 53 38 6 7 5 
0 3 29 11 72 5 9 8 
4 6 33 18 31 2 8 5 
5 5 0 7 52 0 3 6 
0 7 37 25 70 6 7 5 
2 0 66 34 47 2 5 4 
3 3 37 40 63 8 5 2 
5 6 52 73 30 1 8 2 
4 6 41 39 48 6 1 8 
4 1 22 37 86 0 3 8 
7 4 39 25 49 0 2 5 
6 7 79 32 52 5 5 7 
8 6 31 43 57 3 4 9 
0 6 52 72 45 9 3 6 
1 7 64 23 80 6 1 9 
6 8 22 79 18 1 9 7 
8 3 49 37 37 6 6 1 
