8 4350
1 1 76 47 47 5 4 9 
2 4 24 64 28 0 1 0 
2 0 57 40 47 7 1 0 
3 2 0 63 53 1 8 3 
4 9 26 26 62 5 8 6 
9 0 33 47 54 0 7 2 
0 5 23 36 67 1 8 7 
2 7 8 49 40 4 6 8 
4 4 0 72 9 2 5 8 
0 3 47 46 78 1 6 7 
3 6 6 30 55 0 5 4 
3 7 31 41 0 8 1 0 
0 7 62 31 11 7 0 7 
9 0 44 44 40 8 4 7 
7 1 29 35 54 4 4 9 
0 4 43 41 28 9 8 8 
4 3 17 27 31 3 7 9 
5 6 39 28 91 7 3 8 
1 4 49 33 49 2 0 3 
3 4 18 20 91 8 7 3 
8 7 14 56 65 7 7 9 
6 0 14 64 55 0 5 7 
0 4 58 32 48 3 1 1 
4 0 48 6 28 5 7 6 
4 1 69 33 57 5 8 4 
1 7 49 78 56 3 7 2 
8 8 2 65 67 1 6 8 
0 4 60 20 58 1 7 0 
4 0 49 15 30 3 0 1 
0 9 20 44 50 4 8 3 
7 5 56 73 35 1 3 2 
5 4 9 56 47 3 6 0 
4 8 12 31 88 3 1 3 
7 1 0 64 48 2 0 6 
3 4 35 77 48 8 5 0 
4 2 59 79 65 6 4 6 
4 1 4 27 67 7 4 4 
4 2 36 28 56 2 6 0 
1 5 0 46 45 0 9 6 
7 3 76 90 84 8 3 2 
8 2 17 74 62 4 3 5 
2 6 35 58 46 7 1 0 
1 2 40 28 54 5 5 0 
9 9 25 67 40 4 2 4 
3 7 0 67 37 5 1 9 
7 9 48 40 83 9 2 5 
6 3 48 60 29 9 6 6 
0 3 12 68 39 2 8 2 
0 5 35 63 26 3 9 6 
9 6 25 35 41 4 0 9 
9 1 45 32 68 9 3 3 
0 6 67 64 58 7 5 4 
2 4 49 84 52 7 2 8 
4 2 25 69 24 2 7 2 
7 8 13 57 24 6 7 7 
5 3 17 38 58 8 3 7 
4 6 14 56 8 7 3 7 
8 4 21 34 77 9 6 7 
1 5 38 36 73 2 5 7 
3 9 28 78 45 3 2 2 
6 8 0 27 49 2 1 4 
7 2 12 69 36 0 4 0 
7 5 44 79 76 3 8 3 
2 6 24 40 4 9 5 3 
1 8 48 38 24 2 2 6 
6 1 44 90 47 4 4 5 
1 2 37 33 79 4 2 4 
0 1 0 59 60 2 3 1 
7 1 71 93 26 9 8 3 
1 3 46 76 63 6 1 3 
0 6 45 66 42 6 0 3 
0 8 44 37 64 3 4 3 
8 4 32 43 52 0 9 5 
5 2 24 19 35 4 6 1 
7 8 20 39 73 0 6 9 
5 2 0 68 42 0 7 9 
3 3 10 73 88 6 4 2 
5 1 61 50 75 5 8 9 
9 1 39 76 52 7 6 9 
7 9 6 32 40 8 6 5 
8 6 31 48 81 5 3 4 
0 0 35 78 13 8 5 1 
7 7 41 33 44 5 8 8 
9 4 45 23 32 2 4 2 
2 2 53 41 64 6 2 6 
0 3 16 44 48 1 6 3 
6 4 50 60 56 3 0 8 
2 8 38 58 55 6 9 5 
1 9 39 46 81 6 2 8 
5 1 14 54 35 8 6 2 
9 6 32 68 24 0 6 5 
6 5 69 70 66 2 2 8 
6 4 66 38 57 5 4 7 
0 5 0 49 39 5 5 4 
7 8 16 26 20 0 5 1 
0 1 42 49 52 5 2 5 
7 6 34 18 57 3 8 4 
3 5 35 15 68 8 5 7 
2 8 41 92 83 8 3 2 
8 2 0 64 68 4 1 4 
2 3 15 44 29 3 8 6 
1 6 29 12 40 9 1 7 
2 1 44 62 20 1 2 7 
0 3 40 45 59 9 9 0 
3 2 49 28 63 6 7 8 
5 8 19 24 35 9 4 1 
8 0 42 37 36 5 4 0 
2 4 41 75 77 1 9 8 
6 4 42 58 25 4 9 3 
4 8 36 42 21 6 0 4 
7 0 26 49 36 9 3 1 
7 3 74 45 34 5 2 7 
8 5 59 43 25 8 4 5 
6 8 0 51 25 1 9 2 
9 9 48 53 52 8 3 3 
2 3 38 84 21 6 5 3 
1 4 14 56 30 4 5 7 
2 4 36 72 54 3 6 5 
5 1 28 41 100 5 8 4 
2 2 10 76 44 4 3 9 
2 7 12 31 51 0 2 4 
0 4 15 53 38 4 7 3 
6 1 54 46 35 4 1 5 
4 2 16 35 42 5 4 3 
6 1 8 50 35 7 5 6 
8 0 51 27 60 3 4 9 
4 9 2 47 83 9 0 6 
6 7 27 28 57 5 1 4 
4 8 1 47 51 7 5 9 
8 9 59 73 27 9 5 6 
8 8 27 58 40 4 6 8 
2 0 72 35 67 6 7 5 
2 6 22 41 28 6 5 8 
4 9 0 69 45 1 9 4 
1 8 36 75 31 1 9 1 
4 6 68 44 51 1 4 2 
8 9 52 33 49 4 9 0 
1 9 46 84 52 4 2 9 
1 4 69 46 59 2 7 8 
5 1 43 29 53 3 3 7 
1 1 0 41 67 7 4 7 
4 6 75 65 39 4 6 5 
7 2 45 89 48 4 4 7 
9 4 14 91 42 3 4 3 
9 0 35 95 70 3 3 7 
4 1 36 39 30 1 7 6 
0 9 31 50 16 5 6 5 
0 6 48 60 56 5 6 1 
0 0 34 26 62 5 0 6 
2 6 45 54 74 2 9 7 
1 8 30 46 57 5 7 8 
0 3 59 33 44 3 8 7 
8 5 0 49 70 2 8 7 
4 8 49 40 63 5 7 6 
7 6 23 71 63 8 6 1 
8 4 36 57 34 7 1 3 
4 1 23 52 33 5 4 7 
3 4 38 57 76 3 1 6 
8 3 39 41 36 4 3 1 
0 4 54 31 56 6 3 9 
0 8 31 11 29 8 0 7 
9 1 32 83 51 2 2 0 
0 8 72 39 92 3 8 9 
8 3 0 39 51 7 6 0 
2 8 28 46 37 5 4 9 
8 6 30 44 10 9 8 1 
8 0 4 51 15 1 8 3 
0 0 42 37 53 0 8 4 
2 7 35 83 22 4 1 2 
7 7 13 60 48 0 3 6 
3 7 46 49 60 0 2 1 
9 4 0 1 60 4 6 4 
8 7 34 49 49 4 2 3 
5 9 24 52 91 8 0 5 
7 3 19 98 34 0 0 0 
2 1 0 82 71 0 2 0 
6 3 0 54 48 1 9 7 
2 1 31 46 45 9 9 1 
3 0 41 38 90 8 8 9 
6 5 29 90 26 7 7 4 
4 0 12 19 65 2 5 8 
4 8 48 64 68 2 4 0 
3 4 11 69 48 3 3 5 
3 9 70 0 45 1 7 3 
0 0 17 48 31 3 6 9 
1 4 3 17 42 1 2 5 
1 4 46 49 50 5 2 8 
5 3 40 91 42 9 5 5 
5 1 43 51 41 5 6 4 
8 8 0 83 92 5 6 2 
3 8 33 33 92 0 9 1 
7 9 17 41 88 1 7 1 
1 5 15 69 63 7 8 9 
4 9 39 63 61 8 2 1 
3 3 26 41 58 3 7 1 
7 3 9 3 85 1 2 1 
1 2 42 59 65 0 9 3 
6 8 17 60 29 0 2 0 
4 3 6 53 32 6 7 0 
0 6 10 65 38 7 4 8 
6 4 3 38 51 7 3 3 
5 5 29 34 27 5 1 0 
0 3 5 46 35 1 2 5 
1 9 38 13 49 1 8 9 
2 3 27 45 45 4 8 0 
3 6 31 57 56 8 4 2 
1 2 14 61 51 5 6 4 
8 2 17 49 73 8 2 9 
7 5 6 27 18 2 9 1 
2 3 85 59 38 7 1 1 
9 3 39 27 13 7 1 6 
7 0 32 13 79 5 4 9 
7 2 38 49 69 3 8 5 
4 0 0 70 26 5 4 2 
6 4 0 56 12 5 4 1 
0 0 31 35 27 3 9 0 
3 8 35 71 37 8 3 8 
5 4 11 63 40 2 4 5 
1 4 0 28 48 1 9 6 
4 5 22 67 41 5 2 6 
0 8 26 52 19 4 8 5 
6 4 0 76 36 6 4 1 
0 2 24 80 37 1 8 5 
6 6 20 41 12 9 5 1 
9 5 18 43 48 8 8 3 
5 4 32 61 72 7 9 7 
7 4 32 25 76 1 9 3 
5 0 55 62 29 0 2 8 
2 3 71 34 33 5 2 2 
0 5 31 63 55 9 9 3 
9 2 21 15 55 1 9 1 
7 1 25 65 31 5 5 0 
5 0 9 56 49 2 8 9 
2 0 37 57 48 3 8 7 
7 4 10 56 76 1 6 7 
9 9 28 66 53 8 9 3 
3 3 17 50 35 8 4 9 
5 5 32 50 56 9 9 1 
6 5 0 44 63 0 8 5 
9 1 11 80 71 4 6 5 
8 4 2 59 65 6 0 7 
0 0 21 53 5 0 0 0 
0 3 20 60 61 9 9 8 
0 7 31 39 56 5 2 2 
8 2 45 53 26 3 7 7 
7 8 57 71 9 7 5 6 
4 9 30 44 31 7 1 1 
2 5 41 53 66 6 8 5 
1 3 49 29 32 0 5 9 
5 2 41 87 55 1 5 9 
6 7 0 48 24 7 4 6 
6 7 15 65 67 5 5 8 
5 1 33 35 34 9 4 6 
4 8 51 4 72 1 4 7 
7 2 35 42 41 9 8 6 
1 4 32 53 72 1 8 6 
4 1 0 69 33 7 9 2 
4 7 25 49 53 6 2 6 
5 4 14 55 60 6 0 4 
2 4 12 81 36 8 9 5 
2 2 56 51 24 8 2 4 
5 4 57 34 30 9 8 4 
8 6 0 14 56 7 7 8 
5 9 54 71 51 3 7 5 
2 3 62 54 59 4 1 6 
5 5 31 65 49 6 6 4 
7 6 44 47 69 7 0 9 
3 1 0 89 14 2 7 7 
8 7 39 41 33 2 7 5 
2 2 15 37 50 4 3 0 
0 3 4 72 32 5 3 3 
8 8 27 66 23 9 7 9 
3 5 20 51 51 4 4 3 
9 7 48 71 27 0 4 8 
0 7 52 62 28 7 9 7 
5 2 37 41 39 3 2 3 
0 5 33 58 72 8 3 2 
0 2 12 95 30 1 0 9 
6 3 13 66 80 9 8 4 
8 2 33 27 11 6 4 4 
3 8 33 50 41 5 3 0 
7 6 38 52 67 9 6 8 
4 2 12 37 46 5 1 9 
7 8 35 43 26 8 5 1 
2 1 3 46 40 2 1 5 
9 9 3 42 61 6 3 1 
5 0 71 37 51 1 7 4 
8 2 48 39 64 3 2 5 
3 7 0 56 26 1 2 8 
1 1 23 33 55 5 2 4 
8 4 88 82 41 6 8 1 
1 7 36 39 63 8 4 2 
0 8 37 87 54 9 4 2 
3 3 58 27 52 7 6 4 
2 7 0 37 20 6 0 8 
6 9 25 89 40 1 5 3 
4 2 44 89 89 8 2 2 
0 5 17 29 72 6 9 7 
8 8 0 52 16 8 0 1 
3 1 64 59 57 9 6 9 
8 2 4 34 56 3 4 6 
4 4 72 73 29 9 7 5 
7 0 38 53 82 8 5 7 
6 3 25 64 8 4 0 0 
8 3 0 49 74 2 0 1 
0 4 9 95 90 6 1 6 
9 3 41 49 58 5 7 7 
5 3 42 55 52 8 4 3 
8 1 28 34 45 9 2 0 
0 2 70 19 41 2 5 9 
8 0 59 35 77 4 8 3 
9 5 43 23 53 2 5 9 
8 6 26 29 89 2 9 0 
4 7 19 60 55 0 3 9 
2 2 61 27 95 5 8 6 
3 9 44 35 46 9 3 9 
0 3 23 70 54 6 5 4 
2 2 35 40 42 6 0 9 
5 0 10 39 42 7 9 9 
2 9 3 27 30 3 1 7 
4 1 15 51 48 1 6 0 
4 1 10 57 109 9 7 2 
0 9 0 32 39 2 2 0 
1 7 44 46 14 8 1 7 
0 3 0 60 72 8 3 4 
0 6 18 70 28 6 3 7 
4 9 18 61 6 5 4 8 
1 5 31 38 44 7 2 8 
7 1 49 58 36 4 2 3 
1 1 27 67 45 1 1 1 
2 6 48 34 63 0 0 2 
4 2 34 57 70 7 0 3 
0 5 41 41 23 1 6 2 
0 9 34 51 37 6 5 7 
0 0 14 39 47 4 4 6 
8 9 12 53 34 2 0 5 
9 5 13 37 52 8 2 6 
3 7 17 44 53 8 2 5 
1 7 54 47 88 1 7 6 
3 2 40 40 69 1 5 5 
9 7 25 41 30 1 1 5 
7 9 3 71 51 8 5 9 
8 1 26 27 70 1 0 2 
7 6 47 26 63 9 9 0 
1 7 60 44 51 7 9 3 
2 4 43 42 23 4 3 8 
3 0 34 35 45 9 8 2 
8 7 14 52 44 8 8 6 
3 5 15 89 48 7 3 9 
0 2 16 59 73 3 1 6 
9 0 46 66 24 6 3 5 
6 5 27 32 86 3 1 2 
2 8 28 79 16 0 9 3 
6 2 46 36 64 2 7 7 
7 7 63 48 36 3 8 2 
1 6 16 60 28 8 1 1 
6 5 39 60 37 9 7 8 
5 8 74 67 72 1 3 8 
1 2 72 52 53 0 7 4 
3 6 35 43 8 2 0 8 
5 0 7 48 37 8 1 9 
6 5 6 55 106 5 8 2 
2 1 29 13 75 5 6 8 
8 8 17 56 67 4 1 2 
4 3 23 60 67 2 3 1 
9 8 25 22 8 9 0 2 
6 4 44 31 62 9 2 1 
0 6 9 59 62 4 9 8 
8 4 42 39 40 5 1 2 
7 5 46 84 64 3 6 4 
9 4 14 42 83 6 3 7 
9 5 68 24 90 6 9 7 
6 7 35 19 47 5 3 0 
9 9 38 24 61 2 0 3 
6 9 33 76 43 8 8 6 
2 6 41 41 37 4 2 6 
2 4 28 29 60 2 2 0 
4 9 62 47 112 1 9 2 
4 9 5 61 13 7 3 6 
5 1 52 29 31 3 0 0 
3 9 31 41 59 0 5 8 
2 6 0 69 79 1 0 3 
0 7 55 14 48 4 1 7 
3 7 21 54 60 7 5 7 
1 3 11 64 6 4 1 4 
5 6 30 24 81 6 9 1 
7 1 28 46 51 9 5 8 
7 2 0 43 67 6 7 4 
7 3 14 58 17 6 5 4 
8 3 40 40 54 2 2 3 
4 7 23 80 61 4 0 5 
1 5 37 74 63 0 6 7 
5 8 41 61 42 5 4 1 
5 4 49 34 38 6 0 9 
0 6 13 70 34 7 9 8 
2 5 37 23 52 1 5 9 
4 3 16 36 99 4 4 1 
0 2 65 58 57 1 4 7 
2 2 15 61 20 7 8 2 
4 9 25 59 14 9 5 9 
1 0 27 40 45 4 0 0 
9 7 39 22 55 4 0 4 
0 7 53 58 40 1 7 0 
4 9 46 29 53 1 1 1 
5 2 18 76 40 6 1 8 
6 3 31 68 60 3 0 6 
7 8 17 12 44 5 6 0 
3 7 41 31 66 6 7 1 
2 5 29 62 58 6 1 6 
6 3 6 47 80 0 4 7 
1 4 45 48 56 9 9 8 
6 5 18 24 63 9 4 2 
3 2 10 37 67 3 2 2 
4 1 60 63 27 4 2 1 
4 9 28 27 70 9 1 5 
5 2 41 83 24 2 1 9 
8 9 0 70 55 5 2 1 
6 0 49 44 50 8 4 1 
1 6 48 66 52 3 9 0 
1 9 58 20 38 7 3 7 
8 4 22 89 38 5 3 0 
2 6 30 41 69 5 7 9 
3 2 32 45 59 1 1 1 
4 0 46 35 28 9 5 7 
1 4 11 75 53 3 7 0 
7 4 15 17 32 2 3 2 
4 4 55 38 80 4 4 1 
7 1 30 80 47 2 2 0 
0 0 1 23 89 8 0 5 
1 6 54 66 44 3 8 9 
0 6 30 40 52 4 3 1 
7 6 8 66 43 8 5 0 
2 2 49 48 51 8 2 6 
5 2 46 51 19 9 1 5 
2 8 28 39 64 7 6 1 
9 1 42 24 53 7 0 3 
5 9 43 45 30 9 7 3 
8 0 38 69 30 6 8 9 
0 7 49 81 62 9 8 8 
2 4 0 20 72 3 1 8 
0 6 32 90 24 2 2 3 
8 6 16 27 37 4 5 9 
7 7 30 73 24 0 9 4 
3 9 22 46 68 0 3 9 
1 9 33 64 21 6 5 6 
7 2 15 51 53 0 1 3 
7 5 42 54 64 7 3 7 
7 4 58 56 33 7 2 4 
5 0 42 0 41 2 7 4 
5 6 65 45 22 4 1 8 
8 4 55 13 25 1 3 0 
1 0 18 42 52 6 3 6 
4 2 8 63 45 8 1 1 
9 8 29 62 30 2 7 6 
4 0 39 49 35 3 0 9 
1 2 39 36 50 3 2 2 
5 2 33 30 62 6 5 9 
2 3 16 16 45 2 6 2 
6 3 29 62 50 3 7 0 
6 7 12 70 73 1 4 7 
1 0 44 50 80 9 0 7 
0 1 8 32 82 2 5 0 
0 3 65 63 35 6 0 6 
1 7 26 51 0 8 3 9 
0 3 33 41 28 0 6 0 
2 3 14 42 96 8 3 4 
7 9 48 72 37 9 2 7 
7 1 37 83 44 7 0 3 
3 1 25 13 90 4 6 7 
9 9 53 43 19 3 8 4 
6 5 24 46 25 8 5 3 
3 8 19 51 58 4 8 7 
8 9 38 41 48 3 5 5 
8 1 34 46 89 6 4 0 
5 5 44 60 36 0 7 5 
3 6 31 69 37 7 7 9 
4 8 60 1 49 5 6 3 
3 1 24 84 23 3 9 4 
3 9 36 51 45 6 9 4 
8 2 24 84 66 8 7 3 
6 8 30 55 76 1 8 5 
9 1 28 100 87 7 2 6 
6 2 8 67 57 8 9 6 
0 2 0 33 75 1 3 1 
3 1 11 27 46 7 6 2 
8 4 19 43 59 2 8 5 
4 1 46 27 74 9 6 1 
9 6 0 42 8 0 5 0 
5 4 45 35 56 2 0 8 
1 5 39 72 83 8 5 4 
7 0 50 21 24 5 5 0 
6 3 51 27 46 9 8 3 
8 9 56 4 26 3 8 4 
1 2 16 43 66 6 8 8 
8 1 52 44 56 7 7 3 
0 8 53 34 71 4 5 6 
4 7 47 87 42 5 3 7 
1 2 13 8 52 2 2 1 
4 6 34 40 40 4 6 1 
0 9 47 57 53 7 5 3 
1 2 34 30 50 0 1 5 
7 0 24 76 59 7 8 3 
5 7 6 56 54 6 1 5 
2 2 0 50 48 3 0 2 
7 9 20 44 64 0 0 3 
6 9 34 11 39 8 1 3 
3 9 38 30 18 3 2 4 
3 4 43 90 55 5 6 3 
1 8 16 62 56 8 9 4 
8 3 20 62 23 9 3 4 
5 2 6 71 35 6 9 2 
4 8 35 58 47 9 0 6 
3 9 30 44 86 1 2 0 
5 4 28 85 52 5 8 0 
6 8 45 82 16 0 1 4 
5 3 10 49 54 0 0 7 
8 9 30 59 39 7 2 1 
6 5 0 33 23 9 0 3 
0 5 6 33 13 4 7 5 
8 5 54 66 52 0 8 0 
1 2 0 64 53 7 1 8 
2 5 51 50 38 9 2 1 
2 1 48 52 58 9 8 4 
1 8 55 63 44 0 3 4 
9 0 79 55 67 0 4 0 
1 9 49 111 27 6 4 8 
2 2 32 50 0 4 5 4 
0 1 33 53 54 7 7 7 
8 6 24 44 21 5 4 9 
1 4 12 19 45 0 6 0 
5 8 29 81 36 3 2 0 
5 2 23 23 53 5 9 9 
9 2 12 52 82 9 0 9 
2 1 10 38 54 0 3 9 
3 1 0 51 34 7 0 4 
0 8 50 23 83 5 1 3 
6 7 21 99 20 0 0 8 
5 6 25 45 44 4 0 2 
1 0 39 54 59 8 8 6 
6 8 32 32 48 6 0 3 
3 0 19 10 63 8 1 1 
8 5 26 37 58 4 2 1 
6 6 20 46 52 3 9 4 
5 4 13 69 65 3 8 1 
8 7 41 52 32 5 4 5 
3 6 15 48 31 1 5 6 
6 4 41 38 56 5 5 5 
0 6 10 50 79 7 7 2 
1 8 29 37 56 8 9 3 
3 0 42 45 57 8 3 4 
0 0 14 44 80 6 6 8 
8 6 19 27 35 8 8 4 
9 9 49 83 70 0 3 4 
8 2 0 59 67 1 6 5 
7 6 51 29 52 9 0 7 
6 8 41 51 72 7 4 6 
7 6 32 61 24 2 7 4 
8 9 41 52 61 4 2 2 
6 4 0 53 50 9 6 7 
8 6 2 62 25 4 7 8 
0 1 37 28 44 3 6 4 
4 1 40 40 53 6 2 5 
9 5 0 36 43 1 3 8 
8 2 0 55 58 6 2 6 
2 4 48 57 51 9 2 1 
4 8 44 25 39 6 1 7 
8 1 40 42 59 8 1 0 
1 0 0 67 29 0 5 6 
8 0 51 71 53 2 2 7 
0 3 34 38 47 1 2 4 
1 3 24 36 65 1 9 5 
8 6 40 68 47 3 8 5 
7 2 20 27 16 0 5 2 
6 4 26 58 53 6 9 7 
5 4 32 67 52 6 6 8 
6 7 33 37 47 5 5 4 
9 5 44 26 78 8 9 9 
7 3 18 43 48 8 2 6 
3 2 0 43 41 7 1 8 
6 1 22 68 52 6 1 1 
3 5 34 27 31 9 9 0 
1 5 21 30 31 3 3 8 
8 2 28 54 34 1 9 5 
5 7 28 52 12 9 7 5 
4 1 33 45 58 6 7 5 
9 0 42 93 50 0 4 6 
5 8 27 80 66 5 2 8 
1 9 42 35 46 6 7 1 
5 3 37 43 64 7 0 3 
3 3 62 48 41 5 2 4 
3 6 22 56 54 7 4 7 
0 8 22 39 87 8 1 2 
3 1 47 68 56 8 2 7 
9 0 7 52 34 2 7 3 
0 8 13 78 70 6 4 4 
5 9 50 86 19 9 9 7 
2 0 39 37 61 4 6 5 
7 1 0 37 58 5 3 9 
2 7 12 22 62 1 1 9 
5 2 43 54 81 7 0 3 
2 4 24 61 63 5 6 0 
6 3 57 90 71 1 3 0 
5 4 14 48 45 6 8 8 
9 3 14 23 42 6 0 6 
8 4 59 56 49 3 8 6 
2 2 38 44 35 9 9 9 
5 4 6 86 56 5 6 3 
3 0 15 37 45 6 4 6 
9 0 17 40 25 6 8 9 
6 1 49 48 58 0 0 3 
8 3 29 47 57 0 3 0 
9 3 38 4 49 6 8 0 
0 9 14 70 25 8 7 2 
8 2 28 41 61 1 5 7 
7 5 20 30 80 1 8 3 
2 6 41 65 26 6 3 5 
8 1 14 61 52 7 9 6 
9 2 38 88 31 8 2 2 
1 0 25 52 51 9 1 3 
8 3 30 50 92 9 5 4 
5 4 46 50 61 1 0 4 
0 9 30 56 52 2 4 9 
2 3 27 56 90 7 9 6 
6 6 54 57 63 2 0 7 
8 2 25 50 33 7 4 8 
4 0 0 67 62 0 8 5 
3 6 16 72 20 2 8 1 
1 2 46 53 73 5 2 5 
6 2 53 16 76 4 5 5 
5 0 47 53 45 3 5 4 
2 0 0 54 61 6 9 9 
9 0 19 81 70 9 1 6 
6 8 56 49 33 6 2 7 
9 7 32 44 90 6 8 1 
3 8 7 39 55 7 1 9 
0 7 37 22 79 6 6 7 
0 4 53 36 30 9 6 8 
3 7 21 35 36 7 0 0 
8 0 72 72 44 4 3 3 
4 5 44 33 45 8 5 3 
3 8 2 108 39 6 6 5 
4 7 0 43 36 9 4 2 
8 3 0 58 40 4 6 4 
1 7 34 66 71 2 1 8 
1 7 20 64 53 5 5 1 
7 7 69 72 25 5 6 6 
2 9 15 32 86 1 8 2 
0 7 9 79 26 8 6 4 
2 1 32 63 93 9 4 8 
5 4 14 59 24 6 8 7 
2 7 51 26 31 1 3 2 
6 8 24 58 0 3 9 4 
4 1 39 55 35 5 7 0 
0 8 32 30 27 0 1 8 
2 2 2 36 26 4 5 0 
1 6 8 11 33 4 7 8 
2 9 27 29 67 9 2 5 
9 0 7 61 34 0 0 1 
8 4 0 81 53 2 7 4 
7 6 5 49 55 2 6 6 
5 1 56 57 77 6 2 2 
5 7 93 48 50 7 1 7 
6 5 51 62 46 2 4 4 
6 1 7 27 84 1 3 1 
1 9 43 55 26 4 2 3 
9 6 12 56 27 3 0 3 
7 4 6 24 75 2 3 7 
5 9 28 36 17 5 5 4 
5 1 48 21 15 9 7 6 
4 2 69 28 48 5 7 8 
7 8 0 63 8 9 2 4 
9 3 73 45 24 3 3 3 
2 7 0 80 14 1 9 2 
4 9 42 88 25 1 1 5 
9 4 37 46 27 1 2 2 
0 0 43 37 100 8 6 2 
8 6 49 45 48 6 2 7 
5 9 0 41 23 3 7 3 
1 2 57 43 48 5 7 9 
4 6 58 63 57 7 3 3 
8 1 7 67 40 6 5 5 
4 9 8 60 49 6 9 9 
6 3 43 41 51 1 9 0 
4 4 17 32 67 1 3 5 
9 8 31 72 55 9 6 1 
6 8 30 74 0 4 9 1 
7 6 0 53 43 6 8 4 
6 8 54 13 55 7 9 1 
6 0 23 85 49 2 3 5 
5 5 30 113 30 6 0 1 
5 8 72 59 30 1 2 9 
5 4 31 22 43 6 7 1 
5 8 48 87 71 3 1 3 
1 1 42 40 58 5 1 4 
0 9 10 69 56 6 6 7 
5 9 32 89 116 9 3 4 
7 9 40 58 64 5 4 5 
4 6 23 85 51 8 7 8 
8 9 89 79 25 0 9 5 
2 5 0 37 70 5 4 6 
8 6 14 57 28 3 3 7 
0 4 28 68 23 6 0 0 
8 6 15 16 58 6 3 7 
5 8 60 33 47 9 1 0 
3 7 49 77 65 1 7 1 
4 8 5 22 24 8 6 6 
7 4 38 63 59 7 7 6 
3 0 46 56 38 0 5 8 
2 1 44 56 33 6 1 5 
6 8 21 33 39 4 3 5 
9 2 26 48 3 9 7 7 
4 6 76 34 28 6 1 3 
2 4 14 38 30 7 1 8 
4 9 9 40 18 9 4 2 
1 5 4 42 13 8 5 7 
1 6 42 79 7 2 8 2 
3 1 32 24 55 6 2 5 
6 4 2 70 81 7 9 8 
2 1 27 35 78 7 8 9 
1 4 17 55 62 5 6 1 
1 0 4 53 50 4 9 9 
1 2 6 74 42 7 2 7 
2 4 16 27 67 8 2 4 
2 2 40 49 64 1 7 8 
1 5 29 20 64 4 6 3 
5 7 27 60 50 4 9 0 
4 1 41 51 35 0 5 4 
7 0 0 58 65 4 5 8 
4 8 52 30 40 1 7 4 
0 8 75 45 81 4 7 4 
4 0 0 49 59 1 8 6 
6 6 43 34 59 5 1 1 
3 4 24 56 94 2 5 8 
7 3 0 62 50 6 5 2 
7 3 15 63 21 2 4 4 
9 0 64 51 40 9 1 7 
0 9 25 59 79 7 9 8 
0 0 27 55 78 8 3 9 
5 3 12 29 43 0 6 7 
9 6 5 55 42 9 1 9 
8 7 23 42 33 9 0 9 
8 5 44 57 66 6 8 3 
7 9 0 47 67 0 7 9 
5 2 39 82 66 0 2 4 
4 8 17 52 67 0 2 0 
4 6 40 40 43 3 4 9 
1 5 22 61 101 9 8 0 
8 2 41 56 44 5 9 3 
7 2 27 41 45 5 3 7 
0 1 12 57 23 8 8 3 
6 8 0 17 71 1 0 2 
1 4 37 44 50 3 9 4 
9 2 54 78 52 0 1 3 
3 4 6 43 0 0 7 6 
6 1 11 50 46 3 4 0 
7 5 20 64 48 1 2 3 
1 2 47 55 47 9 0 9 
1 0 46 45 32 1 9 9 
2 7 21 14 68 1 6 5 
9 1 17 40 53 8 9 5 
8 7 0 76 40 3 0 2 
5 3 28 32 45 4 5 5 
8 2 23 80 41 7 7 2 
7 7 52 41 74 3 2 5 
5 3 53 42 42 1 6 2 
9 9 40 50 79 8 0 7 
9 6 63 27 2 3 0 3 
5 6 34 86 74 6 6 0 
5 7 29 60 67 7 0 9 
7 1 72 53 52 5 3 1 
0 3 29 43 28 6 1 1 
6 3 19 28 49 1 7 9 
5 0 41 57 14 2 7 0 
4 1 30 57 21 2 0 6 
7 0 0 54 49 1 8 7 
2 2 7 52 67 6 6 3 
2 6 20 53 48 0 6 8 
5 5 27 37 59 9 3 7 
9 0 13 51 11 3 5 1 
1 7 42 60 92 3 5 9 
3 0 11 44 64 2 0 5 
4 8 65 64 52 6 0 9 
5 4 44 47 83 6 3 9 
7 4 88 22 35 0 8 3 
5 2 54 61 38 0 0 6 
0 0 50 70 33 9 6 1 
6 2 30 58 62 5 1 4 
4 0 37 44 83 3 8 5 
0 7 16 14 36 1 7 8 
0 1 41 48 86 4 1 4 
0 5 0 39 44 3 0 1 
0 9 70 72 80 9 7 5 
4 8 16 75 62 0 3 9 
2 9 0 56 48 5 1 5 
7 1 15 63 60 1 9 1 
2 7 57 27 42 2 0 2 
8 9 52 57 40 4 7 2 
7 9 14 62 42 4 1 9 
6 7 22 43 73 3 6 4 
9 9 29 81 40 3 0 3 
9 9 8 85 45 1 5 2 
4 7 23 59 67 3 8 9 
3 0 7 27 33 3 1 7 
1 7 10 45 52 4 0 7 
8 9 11 84 48 4 1 5 
9 6 24 37 53 8 1 3 
9 9 47 33 76 0 2 6 
1 9 5 60 71 7 8 8 
8 6 20 45 40 3 7 3 
9 8 45 38 73 2 6 8 
1 5 26 42 81 4 5 6 
9 7 20 76 54 3 1 6 
7 1 24 60 49 3 0 2 
5 3 2 42 58 1 8 7 
6 2 48 67 69 1 9 9 
5 2 10 34 58 4 9 0 
2 5 48 72 50 6 7 7 
7 9 40 55 63 6 8 0 
3 2 57 32 41 6 7 4 
3 5 10 26 54 8 7 7 
2 0 69 47 58 8 1 4 
7 3 35 34 37 4 1 6 
8 7 31 76 18 4 0 2 
5 7 18 41 55 0 6 6 
0 5 0 38 47 2 3 6 
1 0 21 37 47 6 5 3 
7 4 17 37 44 8 2 5 
6 3 38 45 27 2 4 4 
2 4 24 26 56 0 3 7 
6 2 40 49 45 3 7 6 
1 7 64 39 56 5 5 6 
0 1 15 47 50 7 7 2 
2 8 29 77 61 9 5 3 
8 4 12 60 32 9 9 3 
3 5 11 76 34 2 4 2 
0 6 22 72 21 0 9 6 
3 1 52 73 47 1 8 8 
3 1 28 31 54 4 5 9 
3 6 38 35 26 5 6 8 
7 6 0 58 69 4 7 5 
8 3 17 29 80 9 6 7 
5 6 76 62 82 4 1 9 
4 3 4 39 43 7 8 2 
6 6 30 41 59 5 6 6 
3 8 11 57 50 6 0 3 
8 8 18 73 49 3 3 0 
8 9 30 70 65 2 1 0 
9 3 31 43 30 3 0 6 
6 2 38 56 74 4 9 3 
3 2 26 31 50 7 5 3 
1 9 20 90 84 7 2 9 
1 4 24 61 38 3 8 3 
8 9 40 1 82 5 1 7 
8 4 0 46 55 6 0 8 
7 8 50 49 24 0 8 4 
4 7 16 25 28 4 3 7 
7 4 21 44 65 5 7 3 
8 4 2 10 52 2 4 4 
8 0 0 34 43 4 9 1 
7 9 56 37 59 6 0 4 
1 4 20 53 45 1 8 3 
2 5 45 41 61 9 0 9 
7 5 19 50 46 5 5 7 
0 0 46 25 70 0 9 0 
2 5 48 90 61 5 2 4 
7 3 46 43 56 4 7 6 
1 4 18 66 64 6 2 0 
4 3 47 60 32 2 9 5 
4 2 43 0 12 9 5 1 
4 6 31 47 65 9 3 0 
7 2 23 21 8 8 8 2 
4 4 28 27 54 0 1 5 
0 4 0 29 38 9 0 6 
3 4 25 23 86 5 7 6 
5 4 46 51 44 6 7 9 
5 0 35 45 50 0 0 5 
0 4 21 34 70 8 3 9 
9 6 18 71 47 5 3 1 
5 3 0 67 40 1 6 1 
9 2 25 12 53 9 4 5 
3 8 15 40 86 2 3 9 
0 4 49 28 52 7 6 2 
3 5 55 17 63 9 4 0 
3 5 10 42 45 1 9 3 
2 3 33 19 80 6 7 1 
4 8 50 19 58 7 3 7 
5 8 43 90 10 2 4 6 
5 8 21 57 65 5 1 1 
9 3 17 82 32 3 3 6 
0 9 0 36 39 3 5 4 
5 1 20 60 103 4 3 5 
8 4 4 79 40 4 9 0 
9 3 44 61 64 1 0 0 
6 0 8 71 24 8 5 4 
2 8 46 34 44 4 7 5 
6 3 23 76 56 1 8 9 
0 8 45 57 19 7 9 7 
6 7 32 27 76 8 8 1 
8 4 34 23 47 5 3 6 
2 9 49 68 54 3 0 0 
4 2 40 34 59 1 1 7 
6 8 58 40 64 1 3 7 
2 5 42 47 73 0 6 8 
0 7 36 64 66 3 2 6 
9 6 3 85 60 7 4 9 
3 1 48 59 50 4 5 0 
9 0 35 56 32 2 0 7 
9 4 61 69 40 1 5 5 
4 0 32 33 30 4 4 6 
8 3 94 80 6 1 9 3 
0 8 9 52 51 1 9 7 
0 1 56 0 11 5 3 1 
6 3 55 24 33 1 8 7 
0 1 43 52 46 4 5 9 
4 9 14 88 49 1 2 9 
4 3 0 38 44 8 9 8 
1 1 41 55 20 6 5 4 
0 1 1 42 66 3 2 4 
1 8 0 36 8 9 4 0 
5 4 55 41 73 4 4 6 
0 9 40 28 3 5 3 8 
4 5 71 0 54 2 8 5 
8 6 9 66 59 6 6 0 
5 9 18 50 14 8 6 1 
6 8 27 54 64 8 4 3 
7 6 1 60 88 5 9 8 
7 8 25 45 47 4 0 1 
5 8 13 42 48 1 4 6 
8 5 13 53 23 5 5 7 
1 9 73 37 46 7 6 8 
3 4 0 68 44 2 8 3 
1 9 48 61 33 6 9 5 
2 0 21 16 64 1 8 6 
2 3 42 27 53 7 4 0 
5 8 20 75 32 2 9 1 
6 4 20 64 72 0 8 1 
2 9 0 88 45 1 1 1 
8 0 36 58 83 5 9 1 
6 1 7 42 27 7 6 0 
8 6 0 55 62 0 6 5 
4 6 25 32 58 8 1 5 
3 2 37 52 21 2 4 1 
3 2 15 49 64 3 7 6 
9 1 50 76 22 1 7 7 
4 0 45 70 0 0 8 4 
1 9 47 47 55 0 5 1 
1 4 27 14 58 3 0 3 
0 2 5 31 56 8 7 8 
3 3 41 66 32 3 3 8 
8 0 23 65 53 1 3 6 
2 3 29 69 68 4 9 5 
8 9 18 78 31 2 8 5 
5 8 7 51 80 3 1 5 
5 4 51 57 73 7 3 7 
4 9 24 24 38 5 6 4 
1 8 13 59 77 3 7 4 
7 7 0 59 68 5 8 5 
6 9 34 38 50 8 6 5 
1 1 10 46 58 1 4 6 
3 3 63 60 96 6 8 0 
8 3 0 37 64 1 5 4 
3 7 34 63 65 1 2 1 
5 3 62 40 36 3 0 1 
8 6 35 66 53 5 4 4 
3 7 66 40 50 9 2 2 
5 3 0 51 64 1 1 9 
6 9 0 59 58 3 3 2 
0 6 24 27 47 5 9 8 
9 7 24 65 30 8 5 1 
9 2 36 26 26 0 3 4 
8 5 0 64 29 2 4 5 
7 5 28 51 77 7 7 8 
4 1 6 36 72 3 3 4 
0 5 36 79 61 8 9 7 
1 3 49 59 48 9 7 6 
0 8 0 62 51 4 3 0 
7 5 32 17 57 3 6 6 
5 6 32 40 44 0 6 1 
7 8 0 21 44 5 7 4 
4 5 62 60 9 1 4 8 
7 8 28 64 84 1 4 0 
4 4 36 48 62 3 6 5 
0 9 4 48 70 7 6 2 
9 5 0 46 26 7 9 0 
5 0 45 100 57 6 6 9 
6 7 42 77 68 5 8 1 
4 6 0 65 79 8 3 8 
5 5 13 35 41 7 5 9 
5 4 13 39 40 2 6 7 
3 7 3 52 51 2 0 8 
6 5 55 55 53 2 9 5 
2 7 24 75 31 5 5 5 
5 9 59 49 54 2 1 2 
0 4 10 13 10 1 6 4 
4 6 22 30 53 9 9 7 
6 0 0 36 62 6 6 5 
9 6 48 66 37 2 5 8 
5 1 81 84 19 9 6 0 
0 8 39 27 53 7 5 1 
5 2 39 18 85 9 4 5 
4 0 21 47 31 8 1 4 
0 2 0 60 74 3 9 5 
8 7 45 58 0 3 8 8 
4 6 16 15 37 8 6 8 
8 9 1 49 34 8 4 6 
3 5 18 62 67 0 3 3 
5 3 32 25 16 2 1 3 
9 2 10 21 26 1 1 8 
6 0 21 10 29 2 3 6 
9 2 24 36 63 4 9 6 
9 0 40 37 66 9 2 6 
4 0 23 36 43 9 8 2 
5 4 23 20 28 4 5 5 
2 0 41 32 18 4 8 1 
5 2 44 81 45 9 7 8 
6 0 28 30 64 5 2 1 
1 3 7 48 57 1 6 4 
0 4 66 63 51 5 3 0 
1 1 58 47 34 1 0 2 
8 0 25 54 50 2 9 5 
3 9 34 53 48 0 1 0 
9 0 23 28 24 8 9 3 
3 0 34 50 89 5 0 6 
0 0 0 51 96 0 7 5 
9 4 44 51 33 3 4 0 
9 6 14 64 42 3 1 6 
4 3 3 74 33 7 9 3 
4 8 27 50 27 9 4 5 
6 6 30 28 34 7 4 5 
5 5 0 65 8 0 6 8 
6 8 36 0 59 8 9 5 
0 5 22 35 57 9 1 0 
0 3 13 31 45 4 0 7 
5 8 0 48 10 2 8 4 
5 2 0 38 60 5 2 9 
7 6 7 48 16 0 6 5 
2 3 58 24 39 9 4 8 
3 2 0 60 58 5 9 5 
1 5 15 55 80 4 3 5 
4 9 59 52 13 9 4 6 
7 4 55 2 47 9 7 2 
3 6 37 40 17 9 1 1 
1 5 51 53 51 8 1 5 
5 6 28 45 29 6 1 2 
7 7 57 47 50 2 1 2 
8 8 45 33 40 6 3 4 
6 0 32 88 56 2 3 7 
1 6 0 50 60 4 0 8 
7 4 32 17 63 5 8 4 
9 2 38 75 67 3 1 6 
6 0 34 54 52 5 5 4 
8 8 23 96 45 6 4 8 
3 3 24 35 45 3 1 4 
4 5 16 48 9 2 3 1 
8 7 31 47 77 1 2 5 
6 1 15 49 74 1 0 2 
8 8 30 30 33 8 4 4 
0 9 18 91 94 5 4 9 
2 7 24 51 64 8 6 2 
5 9 31 48 43 6 2 0 
0 8 50 49 41 2 3 9 
9 0 54 19 68 4 1 7 
5 3 32 61 78 4 9 7 
2 4 53 27 41 1 2 7 
3 0 43 65 67 8 0 4 
1 1 29 39 49 9 7 7 
7 0 27 30 17 2 2 8 
7 3 14 78 26 0 5 7 
2 2 21 65 23 1 0 6 
3 5 24 63 76 4 1 4 
0 2 27 52 75 6 0 0 
3 0 27 44 67 9 1 3 
1 5 28 38 64 9 5 6 
4 9 32 72 15 1 0 7 
0 8 29 71 35 1 6 7 
1 2 36 63 27 6 7 9 
7 2 37 46 83 0 2 2 
9 3 7 41 38 4 6 0 
8 9 22 51 69 9 7 9 
3 7 22 40 66 0 6 5 
9 1 33 70 56 8 3 5 
2 0 75 58 36 9 9 9 
6 6 54 41 52 3 8 8 
9 0 27 53 65 8 2 2 
5 0 62 42 23 4 2 7 
1 6 3 54 53 7 1 4 
3 6 29 42 77 7 2 8 
9 1 0 37 47 4 4 8 
2 7 49 25 63 5 3 6 
3 5 52 59 80 8 2 8 
1 5 1 51 35 7 8 2 
7 2 28 47 40 6 5 7 
2 5 0 61 58 8 2 1 
0 0 23 40 44 2 3 4 
8 6 26 44 50 2 4 9 
8 1 3 49 62 6 2 8 
3 3 15 43 40 9 2 3 
9 2 0 41 22 5 9 0 
6 8 4 58 50 8 1 6 
4 1 70 56 60 4 2 5 
2 3 32 24 62 2 3 8 
1 7 41 42 53 4 2 4 
8 5 0 76 30 3 7 5 
2 8 17 65 54 3 7 6 
2 8 42 23 36 7 9 5 
5 7 30 63 86 2 1 4 
1 8 60 47 50 9 4 3 
6 2 11 56 43 1 7 1 
6 7 37 64 28 6 3 3 
9 1 6 65 34 9 2 5 
3 6 20 42 78 0 6 4 
0 0 56 57 54 7 6 0 
9 4 12 45 30 8 4 6 
9 1 36 41 80 9 1 2 
4 0 40 64 73 0 5 7 
3 8 9 40 41 2 1 4 
4 2 40 50 39 6 3 3 
2 8 23 89 30 0 3 2 
0 8 24 39 80 5 1 0 
7 2 17 9 59 2 4 3 
8 0 62 44 37 2 6 7 
9 5 19 70 62 0 4 9 
3 0 25 62 44 7 6 5 
3 5 30 56 50 5 8 0 
0 3 52 54 20 9 5 6 
0 2 15 31 32 8 3 0 
5 9 32 47 24 3 3 1 
5 7 38 29 52 2 7 9 
7 8 5 70 29 7 0 4 
1 5 10 50 47 6 7 1 
2 0 30 55 35 0 6 2 
9 1 35 68 48 2 0 9 
8 3 17 35 37 3 8 4 
6 5 16 1 57 1 4 0 
9 3 46 75 40 2 9 7 
9 6 0 43 60 4 4 2 
1 1 22 74 12 6 3 7 
6 4 23 58 57 2 0 4 
5 6 53 29 64 7 6 8 
9 1 45 31 61 9 6 7 
2 5 29 51 62 3 7 9 
1 6 34 28 83 6 8 1 
5 2 31 38 34 2 4 2 
9 5 45 20 47 4 2 0 
2 2 38 63 52 5 9 5 
3 7 10 62 100 4 6 2 
6 3 9 68 47 8 5 7 
6 9 29 71 86 0 8 2 
9 6 27 54 50 8 2 6 
2 5 67 42 52 7 3 3 
9 1 40 47 59 4 0 5 
0 9 0 60 38 2 8 5 
5 9 56 47 56 3 4 1 
5 5 53 38 76 1 0 2 
0 6 28 17 25 0 5 3 
4 5 0 67 63 2 4 5 
4 2 17 32 58 2 9 8 
0 9 48 17 111 1 7 1 
2 2 27 70 33 9 0 0 
5 6 22 41 28 6 7 9 
8 4 60 70 48 2 5 7 
5 0 32 85 31 8 6 2 
0 6 8 50 90 6 8 0 
9 1 0 48 78 8 6 9 
2 6 27 84 16 6 7 6 
0 4 34 40 65 7 4 8 
1 4 33 102 74 1 9 1 
6 1 0 53 70 4 2 1 
0 1 31 17 48 0 9 9 
9 1 8 31 22 7 4 1 
5 6 76 50 75 3 1 5 
9 3 27 35 77 0 7 2 
2 4 9 57 61 6 1 4 
8 7 10 110 77 4 6 9 
3 2 29 71 48 1 4 2 
9 9 6 52 71 3 3 7 
6 8 15 50 40 0 1 7 
3 0 26 44 22 3 4 4 
9 5 49 58 30 5 2 7 
0 0 12 76 64 7 9 4 
6 3 30 50 24 3 6 7 
9 1 55 66 27 5 0 8 
6 0 21 39 50 3 9 8 
2 9 60 64 12 2 1 3 
0 1 15 49 23 9 8 8 
5 1 47 64 60 8 5 6 
6 6 37 60 59 8 2 5 
5 9 0 5 80 7 6 4 
4 3 0 96 62 1 9 7 
5 6 28 81 70 2 1 7 
7 6 8 62 90 0 4 8 
4 4 22 26 47 6 1 7 
4 8 0 53 50 4 5 1 
5 8 18 38 38 9 7 3 
2 8 41 49 40 2 0 6 
9 3 47 77 68 6 6 5 
6 5 39 49 47 1 6 8 
3 8 39 56 102 5 8 1 
8 5 27 30 59 5 0 1 
9 2 69 62 8 2 3 7 
0 3 47 30 44 4 2 2 
4 5 10 45 43 0 8 2 
8 9 28 52 6 0 5 2 
9 1 30 26 79 0 7 9 
3 2 7 101 56 8 9 2 
5 5 21 56 60 6 4 9 
1 1 83 44 71 2 6 7 
8 6 31 67 55 9 8 5 
9 8 8 31 74 5 6 1 
9 8 45 62 51 5 4 6 
0 6 67 75 39 6 5 5 
5 8 16 44 37 1 7 0 
2 7 64 47 33 2 2 5 
6 0 45 75 51 1 4 0 
9 8 0 34 50 2 3 7 
9 8 75 22 47 4 2 5 
5 5 27 76 77 1 3 8 
1 9 0 22 85 4 2 3 
7 7 32 51 94 3 1 8 
4 4 51 33 62 0 4 1 
1 6 47 27 46 8 4 7 
9 9 3 13 25 7 0 6 
7 4 37 70 57 0 3 6 
3 8 22 51 63 5 5 3 
8 1 22 57 57 5 3 7 
6 8 33 77 52 3 4 2 
2 9 52 55 23 1 5 5 
9 9 15 64 21 8 1 5 
9 4 27 62 28 0 1 3 
9 4 12 44 47 2 7 7 
3 0 15 68 33 1 7 9 
5 2 40 49 32 4 5 1 
7 1 2 13 55 0 9 9 
9 2 47 49 54 4 8 6 
1 2 17 54 56 3 6 3 
8 7 4 63 77 4 5 6 
5 9 22 44 69 3 6 1 
0 2 20 29 36 0 7 6 
3 8 24 55 79 5 2 1 
0 9 45 64 32 0 0 5 
8 3 25 86 58 5 4 7 
4 6 8 56 56 0 3 0 
7 2 41 71 76 5 1 6 
3 9 10 52 64 3 7 3 
3 9 29 43 1 6 5 0 
7 4 6 35 56 4 3 2 
0 9 49 52 73 5 6 2 
8 9 31 18 78 9 0 7 
6 7 47 74 39 7 2 6 
0 2 32 53 78 7 6 6 
4 3 32 70 48 3 7 9 
9 9 29 89 26 7 3 2 
4 8 25 52 41 9 0 2 
0 7 46 16 53 8 6 9 
2 1 11 19 7 0 1 1 
6 2 30 34 49 1 8 3 
1 4 31 50 46 7 3 3 
5 2 37 37 65 0 5 0 
2 9 37 33 49 8 5 8 
0 2 1 61 48 4 1 4 
2 7 15 60 27 9 0 1 
2 6 26 44 23 0 8 1 
9 0 6 72 48 8 0 6 
8 4 26 77 71 2 1 3 
2 0 38 25 44 5 8 7 
5 8 6 80 52 3 9 6 
4 4 0 19 63 2 9 4 
8 3 28 42 72 3 4 1 
6 1 74 44 30 6 0 7 
3 4 39 67 54 3 9 8 
8 2 50 77 44 4 4 6 
5 4 24 64 57 4 8 6 
1 6 24 19 76 6 7 5 
5 1 57 11 28 7 8 5 
2 4 7 63 41 4 9 3 
7 2 6 92 53 8 4 4 
2 8 38 37 70 7 6 0 
0 9 34 38 35 3 1 9 
1 5 19 46 78 6 3 6 
0 0 49 36 50 0 3 4 
3 5 66 31 81 5 1 0 
9 8 46 65 59 2 8 4 
4 5 40 10 54 9 3 1 
3 3 4 28 13 3 5 8 
8 8 18 40 40 1 9 7 
9 6 47 51 61 8 7 2 
4 6 40 102 31 5 6 8 
8 5 7 68 103 9 1 8 
1 6 18 59 64 4 9 6 
2 6 19 63 57 1 0 3 
7 1 10 26 58 2 8 3 
2 5 35 74 46 0 3 1 
1 2 84 56 23 2 7 4 
2 5 16 68 100 9 8 0 
2 1 20 0 34 8 8 8 
5 0 20 14 40 2 1 2 
0 1 55 33 27 2 6 5 
6 7 33 38 51 2 5 7 
2 8 0 78 56 6 0 3 
4 2 37 51 71 8 6 2 
5 4 0 42 38 8 0 2 
6 8 0 28 54 6 5 2 
1 9 27 71 68 3 2 7 
1 3 19 57 67 6 5 8 
4 4 9 22 49 9 9 2 
6 4 15 56 66 7 1 6 
6 0 8 56 40 9 1 8 
4 1 40 6 45 5 5 2 
0 7 29 31 29 6 4 6 
2 7 29 57 56 4 0 5 
8 4 9 68 40 0 5 9 
5 7 72 35 15 0 1 9 
9 5 33 36 53 6 9 4 
7 6 9 44 71 0 9 1 
4 4 14 66 36 2 2 3 
4 1 34 36 60 9 8 5 
6 1 15 13 74 4 5 7 
8 1 8 47 58 4 2 1 
3 5 26 29 70 6 1 0 
3 8 14 60 60 4 2 8 
3 1 45 24 56 2 0 2 
5 3 37 16 39 8 3 2 
4 6 53 54 51 7 7 3 
8 6 20 53 59 4 2 1 
8 9 22 39 7 1 9 6 
5 9 61 34 50 8 4 9 
7 6 36 73 29 9 4 5 
5 4 22 38 36 9 8 1 
7 7 16 67 36 0 5 9 
2 2 40 15 71 3 1 3 
2 3 25 64 27 6 7 1 
7 2 34 62 66 8 4 2 
3 8 38 90 56 9 4 8 
9 9 35 61 0 3 4 2 
2 5 17 42 41 2 2 4 
5 9 46 52 46 0 9 5 
4 6 7 77 17 9 1 0 
7 1 72 30 25 4 6 6 
7 6 21 33 12 8 0 5 
1 9 39 74 7 5 9 3 
2 1 0 34 93 4 8 9 
6 3 3 61 57 1 4 8 
7 2 51 31 52 5 7 3 
9 4 12 36 95 4 8 1 
3 9 69 56 32 0 0 5 
7 4 0 53 50 9 9 0 
1 2 57 46 11 5 8 5 
7 0 33 55 60 4 4 3 
2 4 50 22 19 2 8 0 
2 3 58 14 72 2 8 7 
3 8 35 76 65 7 2 5 
7 9 60 31 68 2 0 0 
3 6 37 1 57 3 9 5 
4 8 32 20 54 8 3 7 
9 3 10 68 66 0 0 7 
9 4 39 0 75 9 8 1 
3 6 40 58 26 8 5 2 
6 4 25 80 58 0 0 3 
3 3 20 36 55 4 5 2 
7 1 30 40 33 3 5 3 
1 9 37 34 61 0 8 1 
6 9 30 25 59 5 4 6 
3 5 36 44 36 7 2 7 
6 4 39 33 48 5 1 1 
4 5 41 54 64 3 0 0 
0 3 28 50 49 1 2 8 
1 4 36 57 54 9 9 5 
9 3 40 61 61 3 9 3 
4 5 17 52 54 4 7 9 
9 4 8 64 24 2 6 3 
9 5 24 96 26 3 8 9 
5 5 46 53 36 6 7 2 
3 2 34 38 57 2 7 9 
3 1 11 14 29 9 7 2 
2 2 10 45 17 6 6 1 
3 7 30 44 37 7 6 6 
3 8 31 32 49 8 0 1 
3 1 4 26 43 9 0 4 
6 4 8 62 61 1 0 7 
8 7 47 53 57 4 8 0 
1 8 35 52 45 4 7 9 
4 0 18 89 42 7 7 3 
8 7 53 56 65 8 9 0 
4 0 19 46 69 3 9 8 
5 0 27 50 44 0 7 9 
1 8 40 8 29 1 9 5 
9 5 18 75 60 1 7 4 
7 5 0 41 60 1 8 0 
5 1 36 26 84 8 5 7 
6 2 66 29 78 4 3 0 
6 8 36 74 30 4 0 1 
5 5 65 49 49 6 9 9 
8 9 0 55 65 0 6 4 
3 0 62 60 49 6 9 4 
2 7 24 57 74 9 7 5 
3 0 39 62 18 6 6 0 
6 2 29 61 49 0 1 0 
9 9 30 67 56 0 2 7 
8 3 25 35 89 4 7 5 
5 7 15 20 54 5 9 7 
1 2 35 18 54 8 2 7 
0 3 71 34 21 2 3 6 
5 3 38 49 47 4 8 4 
3 5 9 66 52 8 2 8 
8 6 30 59 49 5 4 8 
2 1 58 46 62 5 2 3 
7 8 35 55 55 1 2 4 
3 5 0 47 40 7 0 5 
1 7 42 85 47 0 1 4 
0 5 42 78 67 9 8 4 
6 8 39 41 47 5 6 7 
3 4 70 40 36 9 8 1 
6 8 0 45 77 2 7 6 
0 5 33 43 76 6 8 9 
8 5 11 41 54 9 7 8 
3 7 1 41 42 9 1 5 
3 9 3 69 40 0 5 9 
9 3 48 64 93 7 7 3 
1 1 0 67 38 4 4 8 
7 5 11 27 60 5 0 1 
8 7 5 64 58 0 0 1 
0 5 47 32 32 6 2 7 
6 7 30 46 41 6 4 0 
8 4 19 26 62 9 7 6 
8 6 10 65 40 2 2 8 
9 6 0 21 23 1 6 9 
0 3 37 53 78 2 7 6 
3 8 17 105 47 0 6 1 
1 6 14 8 23 6 8 5 
9 7 0 43 43 8 8 7 
0 0 11 40 69 2 8 0 
0 9 27 39 0 5 3 2 
1 0 6 54 102 6 1 3 
4 1 49 79 71 7 3 0 
3 9 11 69 34 8 7 6 
4 3 56 36 58 9 7 5 
3 4 44 75 50 3 4 2 
3 6 16 58 80 6 5 7 
5 1 0 55 64 9 2 8 
6 5 57 52 29 3 8 2 
6 9 7 38 28 7 0 0 
8 5 34 48 42 3 8 7 
8 2 42 47 26 9 5 9 
5 6 36 87 28 5 7 4 
1 5 0 32 29 6 1 7 
1 1 11 51 50 3 0 6 
6 3 24 54 101 1 9 1 
4 8 44 74 49 7 3 3 
5 8 40 51 48 6 6 4 
9 0 37 54 62 0 6 7 
4 2 7 38 59 8 5 3 
4 3 46 27 21 7 7 4 
6 7 22 55 74 2 2 4 
4 0 33 11 54 8 7 5 
0 1 33 48 81 2 4 4 
1 5 25 35 58 4 3 4 
5 6 19 74 54 1 3 0 
0 4 21 13 52 9 3 6 
5 3 28 44 45 7 7 2 
0 4 63 50 70 6 9 1 
3 3 52 21 47 0 4 4 
3 7 15 67 40 1 9 7 
8 5 26 21 34 5 6 7 
9 0 20 17 75 9 5 9 
2 0 27 68 56 9 6 9 
2 0 54 83 26 7 3 9 
2 2 0 78 68 9 6 8 
5 1 18 49 25 3 4 3 
3 8 47 72 74 0 2 0 
0 7 0 60 83 3 7 3 
2 6 25 31 71 7 5 4 
0 1 24 88 33 5 2 3 
0 6 39 53 67 4 5 0 
6 4 28 44 63 5 3 7 
1 9 21 82 57 6 0 6 
0 7 38 54 43 8 4 2 
0 9 28 43 41 5 5 3 
3 3 53 41 57 7 3 9 
3 5 14 58 43 6 7 7 
8 2 42 82 29 5 1 9 
4 4 37 79 77 8 4 8 
9 2 39 27 31 3 6 1 
8 7 64 73 32 3 3 0 
7 1 17 20 48 8 9 5 
2 4 21 40 39 3 6 5 
4 1 21 77 34 4 6 2 
9 6 61 86 35 2 5 1 
9 5 48 28 33 2 0 7 
6 5 54 48 37 7 4 9 
0 3 44 91 29 0 2 5 
0 7 6 31 57 3 3 5 
1 5 0 40 30 9 2 6 
1 7 29 34 55 5 9 1 
1 2 17 43 38 3 7 2 
3 8 36 41 35 7 5 2 
8 4 50 33 50 4 8 4 
5 2 6 67 54 2 1 7 
6 4 18 56 3 2 1 4 
8 0 42 55 19 3 7 5 
6 0 33 75 45 4 3 5 
2 3 28 62 59 5 2 0 
6 7 21 19 17 4 7 0 
6 4 0 65 60 5 2 0 
1 1 59 65 45 1 1 2 
2 3 53 75 54 4 2 7 
8 0 21 38 54 7 3 6 
3 9 37 35 85 2 1 0 
6 8 50 53 44 9 7 9 
1 2 0 43 52 2 3 6 
2 7 0 39 31 3 5 6 
2 4 31 38 71 2 4 0 
1 0 35 35 94 0 1 4 
6 8 35 62 54 4 9 8 
8 1 30 28 50 5 9 9 
5 8 32 48 60 1 6 9 
1 6 31 54 64 2 5 2 
4 6 0 41 36 8 7 2 
2 5 51 33 73 3 3 8 
0 8 75 48 66 7 6 8 
7 7 0 70 25 8 8 8 
5 5 57 36 70 8 6 2 
6 7 52 59 29 7 9 1 
6 9 17 67 47 0 8 3 
6 9 26 39 55 6 8 0 
7 5 67 61 46 4 0 3 
7 5 21 42 35 0 0 7 
0 1 23 14 71 4 8 0 
2 8 7 85 16 1 4 2 
4 6 42 61 44 1 0 3 
9 9 39 57 86 4 8 3 
5 1 32 31 52 7 7 6 
7 0 9 65 61 0 1 4 
4 9 19 57 35 5 0 9 
5 6 16 37 64 5 9 8 
0 9 30 50 55 0 7 3 
6 4 25 62 33 9 7 3 
8 3 66 37 47 8 7 9 
5 4 21 23 90 5 2 7 
4 0 61 25 34 1 6 0 
9 9 70 39 60 4 2 2 
9 2 37 61 47 8 1 7 
6 8 40 59 39 4 2 3 
8 3 43 72 57 5 4 8 
4 8 26 50 34 3 9 1 
4 6 24 0 19 2 5 4 
4 5 40 80 43 4 8 5 
7 5 13 61 72 4 2 4 
3 0 8 83 74 6 9 5 
4 8 23 17 67 0 3 6 
9 5 59 43 61 6 0 7 
4 3 36 39 56 2 3 8 
5 7 24 20 48 9 3 7 
2 1 11 32 30 6 2 5 
7 3 49 38 66 3 3 9 
4 2 15 74 21 0 6 2 
1 1 0 38 33 8 1 0 
9 6 23 55 73 3 6 7 
5 5 44 74 38 0 5 1 
2 1 0 33 45 8 1 8 
8 1 17 29 60 6 9 1 
2 9 3 84 65 6 2 1 
8 3 7 46 58 9 5 6 
6 8 38 82 40 8 3 4 
5 8 45 68 52 6 5 8 
2 1 25 39 82 6 6 6 
7 7 21 34 59 7 8 0 
5 8 10 61 52 7 1 1 
1 0 10 44 54 6 8 3 
9 2 0 79 66 0 8 5 
4 5 53 26 36 5 5 3 
9 3 27 46 49 0 9 6 
0 6 0 49 46 0 2 5 
1 2 22 41 26 3 1 2 
7 5 43 40 52 3 9 7 
5 5 55 48 13 2 0 4 
7 9 14 65 36 8 7 2 
0 3 3 2 50 4 8 7 
6 6 28 33 77 3 2 4 
7 8 49 17 29 3 6 5 
9 9 33 71 82 7 4 3 
9 3 21 80 70 2 3 8 
4 6 0 74 73 5 3 5 
2 7 45 47 52 8 4 0 
4 1 43 28 14 3 6 7 
8 0 16 54 65 3 4 1 
2 7 50 36 25 4 9 2 
6 3 51 69 36 6 2 0 
8 4 37 52 23 4 3 6 
7 2 14 37 42 2 9 7 
3 4 14 45 52 1 1 8 
4 4 23 60 67 7 7 2 
3 2 70 51 16 7 7 3 
6 2 1 55 71 1 0 1 
3 7 16 75 96 8 5 1 
7 5 26 67 60 6 6 6 
3 0 37 13 54 7 2 9 
0 2 21 29 36 3 7 1 
3 1 5 33 37 2 5 9 
7 7 14 31 47 0 0 7 
1 4 29 54 89 0 2 6 
3 5 13 89 79 6 0 1 
8 9 6 41 69 7 6 4 
9 0 0 80 55 3 1 6 
2 7 14 36 35 8 3 2 
8 7 17 0 61 0 3 6 
6 8 8 63 74 8 0 9 
1 1 17 31 33 1 6 2 
5 9 17 44 47 8 4 1 
2 4 15 41 47 3 3 2 
9 8 14 77 16 1 2 9 
2 2 11 55 74 3 1 0 
8 3 8 55 72 3 2 9 
5 3 53 31 67 7 0 5 
6 3 41 69 43 2 2 8 
6 1 11 78 45 6 9 4 
7 0 51 37 33 7 3 5 
9 2 26 17 75 7 6 1 
6 4 66 23 49 9 4 4 
1 0 11 36 39 0 8 3 
1 7 13 105 87 4 6 8 
6 2 12 39 70 6 0 7 
3 1 39 15 16 3 1 1 
6 8 13 68 12 6 3 1 
7 9 29 59 35 9 5 8 
4 8 53 19 53 1 1 5 
9 5 40 43 66 0 0 0 
5 2 43 32 46 3 2 4 
3 2 43 66 39 2 9 1 
4 7 28 43 27 5 3 8 
1 4 0 54 90 4 0 1 
5 2 0 52 56 1 1 4 
9 2 40 66 39 7 6 9 
2 5 29 72 60 1 1 8 
5 1 28 78 67 6 6 4 
2 7 24 74 40 4 5 5 
7 9 17 72 13 7 0 1 
2 6 30 20 73 2 8 2 
4 5 0 35 44 2 2 6 
8 7 52 45 58 4 7 7 
8 4 38 54 93 9 7 0 
7 6 29 51 57 9 7 0 
5 5 56 51 42 0 1 6 
9 2 48 38 38 8 8 7 
7 5 48 56 71 4 3 6 
1 9 18 59 68 2 3 0 
5 4 33 59 38 6 2 1 
7 2 43 77 43 9 6 1 
7 4 26 20 39 0 6 5 
8 7 50 50 37 7 7 9 
1 7 7 85 93 0 2 7 
8 1 25 56 61 1 3 6 
0 2 35 67 55 3 4 1 
7 9 24 40 73 8 2 9 
6 0 0 19 71 4 1 9 
8 7 56 53 62 3 5 9 
5 0 51 103 91 3 1 5 
2 2 0 45 71 0 1 6 
8 8 46 59 56 9 4 7 
1 9 59 83 21 0 9 9 
8 3 47 79 68 3 0 7 
1 5 6 29 62 6 5 1 
5 3 15 69 39 9 1 8 
2 3 25 22 32 0 5 5 
5 3 37 96 65 4 1 4 
8 1 21 14 24 7 9 6 
1 0 9 37 62 8 1 4 
6 7 42 42 59 8 8 7 
9 0 27 34 86 1 6 8 
4 7 8 6 24 2 9 3 
8 5 61 19 37 1 5 7 
9 8 0 42 18 2 2 9 
4 5 27 48 26 1 8 8 
1 0 78 55 24 1 4 5 
8 4 80 56 59 9 4 6 
8 3 64 46 54 8 6 7 
8 5 39 47 43 4 4 7 
9 3 62 63 42 0 3 0 
2 9 0 43 66 4 5 5 
4 0 0 66 77 8 5 2 
1 7 25 30 21 8 9 9 
7 3 24 37 46 9 8 3 
7 6 28 51 26 2 5 3 
9 6 41 80 16 5 7 5 
2 3 55 47 74 3 6 8 
9 2 66 50 54 6 7 2 
9 2 57 80 39 0 9 1 
1 5 33 37 16 3 7 6 
5 5 17 36 46 0 4 4 
2 7 29 51 48 2 6 9 
7 2 57 77 76 2 0 5 
3 4 8 74 41 5 5 3 
9 9 52 70 43 1 8 6 
7 2 12 69 88 8 8 6 
3 0 46 24 63 6 1 2 
2 2 19 48 54 0 7 6 
0 3 33 55 52 2 0 4 
0 7 9 25 6 0 9 3 
2 9 31 66 52 3 7 2 
5 8 67 44 61 2 4 0 
3 3 42 58 64 8 1 7 
5 8 31 27 87 6 2 9 
8 4 0 20 42 4 0 4 
8 7 41 64 93 8 8 9 
9 6 38 51 58 1 3 8 
6 0 9 69 42 6 2 5 
3 2 45 0 50 3 7 8 
2 5 53 45 46 4 7 0 
5 5 65 89 47 6 1 4 
0 2 11 34 39 5 0 4 
1 8 34 73 43 8 7 2 
1 5 71 53 39 4 1 7 
2 2 31 57 4 3 6 4 
5 6 33 70 19 6 2 6 
8 3 24 55 38 9 2 3 
6 2 22 61 67 8 8 3 
3 7 18 20 11 0 4 8 
8 2 52 37 30 8 6 8 
3 3 33 14 9 7 5 3 
1 3 11 54 77 0 3 6 
8 7 53 58 26 9 7 1 
3 5 48 34 77 8 9 7 
2 8 37 67 49 0 9 1 
9 4 27 86 66 4 9 2 
1 7 56 52 60 3 9 7 
7 5 48 65 53 4 9 9 
5 5 62 49 48 5 3 7 
3 9 0 20 56 8 9 0 
6 4 25 50 15 9 4 3 
9 6 26 61 51 8 4 2 
9 9 0 80 65 9 6 4 
0 7 14 52 67 1 0 0 
7 0 70 46 56 3 4 8 
6 3 23 36 51 0 8 4 
4 7 44 83 48 5 6 3 
9 8 21 66 4 8 4 2 
1 9 51 77 61 4 5 4 
0 5 10 49 80 9 0 5 
4 8 36 65 50 7 7 8 
4 1 28 43 48 1 0 4 
1 1 24 60 43 5 9 4 
7 2 33 73 39 4 8 5 
4 6 56 63 30 8 3 9 
0 2 3 21 52 7 4 4 
7 4 15 82 57 7 0 3 
9 3 40 74 29 9 1 3 
3 3 13 36 41 3 9 6 
8 5 29 45 63 3 2 6 
8 5 29 35 46 3 1 1 
8 7 17 42 36 2 7 8 
5 1 40 64 60 4 9 8 
9 2 53 68 77 5 6 9 
2 8 12 53 31 3 5 9 
3 6 2 51 44 5 6 4 
4 2 60 76 16 6 5 2 
0 9 21 21 80 7 4 9 
8 7 80 34 41 1 2 9 
4 3 33 82 11 2 9 9 
9 6 27 48 60 4 7 3 
3 3 58 64 51 6 1 8 
5 9 29 35 47 3 5 3 
9 1 41 43 57 6 8 6 
8 8 42 57 43 4 8 2 
5 2 15 28 64 5 3 2 
3 9 23 56 22 9 3 0 
6 6 50 26 68 5 8 3 
2 1 26 58 52 1 5 3 
1 3 45 39 52 8 2 6 
0 4 22 39 39 8 2 4 
1 4 16 32 58 8 3 2 
2 3 35 88 56 2 4 0 
2 9 67 34 18 6 3 2 
6 6 20 80 31 3 7 2 
8 0 13 23 70 4 8 9 
8 9 12 48 36 7 4 7 
4 5 0 131 59 0 1 6 
6 9 57 88 50 1 6 0 
2 4 32 55 19 8 6 1 
3 6 0 52 67 6 0 4 
7 4 35 81 66 1 8 9 
3 2 35 15 41 3 8 6 
1 6 0 77 45 3 5 9 
6 2 7 64 46 3 9 8 
0 3 2 63 55 7 0 1 
0 0 29 16 42 4 3 6 
0 7 0 75 37 2 1 1 
0 5 43 92 7 6 9 4 
0 0 23 43 49 2 2 0 
7 0 12 53 58 4 1 5 
5 0 55 58 47 4 5 4 
0 9 15 61 45 2 6 4 
4 9 51 62 67 2 1 3 
0 5 0 17 58 2 2 6 
6 3 39 51 32 9 1 2 
7 9 15 24 58 7 3 1 
7 8 4 76 63 2 5 7 
0 3 45 97 25 6 6 2 
6 2 40 72 97 8 7 1 
6 6 27 43 85 0 5 2 
4 1 57 23 54 3 3 3 
0 3 26 41 39 0 0 6 
4 3 55 60 27 1 6 7 
5 4 43 7 61 6 1 3 
3 4 11 39 50 5 7 1 
6 3 7 47 33 7 5 7 
6 8 50 27 27 5 4 8 
8 0 52 34 30 5 8 2 
1 7 42 16 66 5 4 2 
6 6 33 61 22 8 4 4 
9 8 6 53 47 2 8 6 
9 2 57 78 68 1 1 0 
5 6 20 18 62 9 5 1 
5 1 3 6 68 9 7 9 
5 9 0 45 63 6 0 0 
4 2 60 56 38 8 0 4 
8 9 44 61 60 0 3 7 
2 0 4 72 53 2 2 7 
0 2 31 63 65 5 7 7 
2 8 46 23 59 1 0 4 
1 0 14 52 73 6 3 6 
9 7 21 54 53 7 1 5 
2 3 36 6 13 7 5 9 
0 1 54 74 74 0 2 6 
2 4 44 40 55 5 8 8 
2 7 29 64 43 2 0 5 
1 7 19 52 39 1 2 5 
5 0 12 26 52 5 2 5 
2 2 42 22 38 2 6 2 
4 9 19 57 51 3 6 9 
6 8 10 33 75 3 5 0 
6 2 15 50 34 4 4 9 
5 3 15 52 56 5 9 3 
5 7 0 65 49 5 9 5 
8 3 51 73 68 7 4 6 
6 7 65 0 61 0 3 3 
8 5 27 32 74 2 0 1 
3 2 24 70 67 7 1 5 
6 4 47 60 57 1 5 4 
8 2 55 75 34 5 3 8 
8 8 49 66 55 2 5 1 
6 3 41 12 38 3 1 3 
4 2 54 22 35 3 5 4 
8 7 51 56 48 8 6 0 
2 0 61 34 32 7 1 1 
4 8 66 62 57 0 7 1 
2 5 16 39 47 0 6 0 
2 1 58 16 31 3 0 2 
8 7 47 35 70 1 8 1 
5 1 35 35 35 2 7 9 
5 1 39 17 53 2 6 5 
9 9 42 71 75 6 9 8 
2 6 34 100 39 3 2 9 
6 8 50 35 45 5 7 1 
5 6 33 52 74 8 2 1 
9 9 8 21 27 2 7 9 
1 2 39 54 59 5 0 1 
9 8 49 31 79 2 0 2 
7 3 43 51 28 2 4 0 
0 7 21 68 60 3 8 0 
3 4 59 69 32 0 9 4 
4 7 33 60 56 4 4 2 
7 7 59 54 20 9 4 6 
2 5 23 42 31 9 1 8 
9 2 56 58 72 3 7 0 
9 2 2 32 41 5 5 6 
2 1 19 38 29 8 8 8 
7 7 3 46 58 9 1 3 
0 9 54 58 33 5 7 6 
8 9 12 0 48 8 8 3 
5 1 30 47 31 6 2 5 
5 8 0 94 59 1 4 8 
6 0 31 74 58 7 0 7 
6 6 32 71 47 9 7 9 
4 4 0 63 53 9 9 8 
2 1 40 56 65 0 6 4 
3 3 57 33 67 0 4 9 
0 3 62 69 51 4 2 6 
5 7 36 19 58 0 2 2 
5 7 32 7 46 0 6 8 
4 1 76 94 46 0 2 6 
6 0 0 75 58 6 4 9 
7 0 28 64 41 6 6 2 
5 1 12 63 41 2 8 4 
2 0 37 36 52 8 5 6 
4 6 50 41 55 6 8 1 
8 3 25 36 61 4 0 3 
0 0 24 40 65 2 2 5 
9 0 60 52 64 9 4 0 
5 8 27 53 67 4 1 4 
1 4 16 32 56 7 0 7 
7 2 23 53 49 2 3 0 
5 7 53 68 51 7 3 1 
7 7 49 49 50 7 0 3 
4 2 27 10 44 3 0 2 
6 9 50 22 26 9 3 5 
7 9 57 57 63 7 1 7 
2 0 46 30 49 3 0 9 
2 9 35 7 34 3 6 0 
8 8 1 53 52 2 6 1 
4 8 0 40 58 2 7 2 
9 0 64 41 11 4 9 4 
6 5 31 76 19 5 7 5 
8 1 44 54 60 2 2 4 
0 9 37 20 93 9 1 1 
8 0 28 34 36 6 3 4 
0 3 23 43 38 2 7 1 
4 9 0 48 58 8 0 7 
1 8 39 68 64 6 8 5 
0 7 39 70 66 7 1 7 
9 6 42 12 74 1 6 8 
8 4 37 35 74 0 1 7 
2 8 23 30 37 9 6 3 
9 7 50 18 13 6 0 7 
9 1 63 22 10 5 8 1 
1 9 0 66 54 2 9 4 
9 8 47 101 68 2 2 7 
4 7 31 65 28 4 2 1 
9 8 65 54 24 2 8 7 
3 7 60 44 41 8 4 1 
0 2 29 57 23 4 5 6 
0 7 0 21 36 0 7 2 
7 6 53 0 62 8 1 4 
6 0 50 78 76 1 5 8 
9 4 33 74 55 1 3 0 
5 5 54 82 52 9 9 9 
0 3 35 77 59 9 2 2 
7 0 0 53 44 4 6 6 
1 2 45 33 47 2 4 0 
2 6 2 60 56 4 4 0 
3 0 30 47 44 7 2 2 
7 3 28 66 78 6 0 5 
9 1 53 73 63 1 0 1 
5 7 31 85 61 1 6 2 
0 5 7 51 41 9 3 3 
1 7 25 61 40 7 2 1 
7 1 34 31 61 9 5 9 
8 3 37 44 32 1 1 0 
7 7 29 37 58 0 8 1 
9 7 20 79 67 6 2 2 
6 3 35 53 69 4 2 7 
4 3 46 72 37 6 3 9 
2 1 32 61 13 4 8 2 
2 6 74 90 71 0 9 4 
6 3 14 53 15 1 7 3 
6 3 0 80 60 6 7 7 
8 4 6 39 53 1 4 6 
4 0 35 87 22 1 5 8 
9 2 27 40 62 9 3 3 
0 0 20 34 37 1 9 8 
1 8 50 27 62 3 9 7 
7 6 59 37 37 2 8 3 
0 1 0 52 0 7 1 8 
8 1 24 31 10 7 4 2 
3 4 29 22 61 3 1 8 
5 7 29 25 46 1 5 8 
4 3 55 44 51 9 7 9 
6 0 49 26 37 4 3 5 
3 5 41 17 40 8 1 5 
9 8 25 83 5 6 3 2 
2 5 63 64 53 9 2 6 
5 9 23 34 57 8 6 4 
4 6 80 76 63 7 8 1 
7 5 38 51 45 4 1 3 
0 2 36 34 79 1 7 4 
2 9 45 39 39 5 5 0 
8 2 3 44 17 8 0 4 
0 4 4 44 61 0 2 5 
7 3 1 41 40 1 2 9 
2 2 66 48 82 3 8 6 
0 5 59 52 43 6 2 0 
0 1 47 65 40 3 6 4 
4 8 28 65 48 6 3 8 
9 1 15 58 71 9 8 7 
6 4 42 48 35 1 9 8 
1 8 8 38 47 4 9 0 
9 2 13 35 52 1 4 4 
7 9 26 50 63 6 1 8 
6 0 35 42 63 4 0 3 
2 4 0 76 13 3 6 5 
7 3 1 8 47 0 6 7 
5 3 47 47 49 8 8 0 
1 7 49 51 52 4 3 2 
0 5 52 6 48 5 4 3 
3 7 64 87 41 0 6 3 
6 5 63 39 44 1 8 5 
8 4 28 122 35 7 9 3 
4 2 49 45 55 4 4 3 
0 5 0 52 33 2 7 3 
6 3 51 60 62 2 3 8 
4 4 51 28 48 0 2 3 
7 8 29 49 56 2 7 4 
4 5 31 55 98 6 2 0 
7 3 36 59 32 5 2 5 
0 5 9 47 48 2 1 3 
9 0 37 63 53 2 3 4 
2 5 35 25 34 7 0 1 
5 1 33 29 66 2 0 3 
0 6 0 50 47 7 5 1 
5 1 56 27 66 0 5 7 
6 9 19 26 56 7 8 7 
5 8 25 56 57 3 9 3 
4 3 72 10 31 1 9 1 
5 6 31 43 43 6 9 4 
3 4 48 23 56 0 9 1 
4 0 44 47 35 2 4 7 
5 6 1 39 69 8 9 4 
4 5 37 43 112 9 0 8 
7 8 59 96 33 8 6 4 
1 9 14 53 66 4 9 3 
8 3 20 49 23 0 8 1 
8 4 25 54 23 6 0 0 
5 1 0 36 60 0 6 7 
2 5 42 28 75 2 8 5 
8 1 45 41 51 4 3 9 
5 9 36 81 46 4 0 2 
6 6 47 34 72 4 4 5 
8 0 57 56 37 2 1 8 
7 6 64 51 70 7 4 2 
0 2 14 58 56 4 8 9 
9 2 27 54 52 6 9 2 
5 3 0 66 50 0 3 8 
9 4 0 70 45 6 7 3 
4 4 5 28 25 5 0 0 
4 1 47 41 49 6 8 1 
0 3 0 50 17 2 4 4 
0 9 8 34 70 9 6 7 
9 6 49 28 31 6 9 9 
6 7 34 17 38 7 4 1 
8 7 37 35 76 3 0 1 
4 4 32 53 68 5 5 9 
2 3 8 40 46 1 3 9 
3 4 38 53 22 4 5 9 
0 1 7 49 20 6 8 3 
3 3 49 63 43 4 8 1 
6 6 29 43 59 8 8 7 
1 5 39 80 44 2 8 5 
0 5 22 55 41 8 8 7 
8 9 7 76 29 6 3 4 
3 9 70 54 57 5 3 6 
6 8 22 13 46 6 9 6 
1 7 42 36 38 5 2 4 
7 7 13 56 22 6 5 1 
5 1 52 43 43 9 6 7 
3 3 54 34 37 9 2 1 
2 6 1 54 35 6 9 1 
0 2 0 64 93 1 1 6 
2 3 37 40 70 3 6 3 
1 5 44 51 37 3 1 8 
9 0 48 52 59 1 3 7 
1 5 35 63 52 7 6 7 
9 1 11 72 62 1 8 8 
3 7 24 34 61 4 2 7 
1 2 53 31 22 8 9 7 
2 2 2 51 66 2 5 7 
9 7 37 25 54 3 0 1 
5 1 52 36 88 4 0 3 
3 8 31 86 44 2 9 8 
8 0 16 24 19 3 6 4 
1 1 45 21 14 0 9 7 
3 8 32 25 49 9 2 2 
4 3 44 8 33 1 7 7 
9 8 14 64 54 8 4 9 
4 2 63 42 47 6 1 7 
4 3 56 50 59 1 0 6 
9 2 17 29 41 6 4 2 
1 8 7 20 69 5 0 8 
7 7 0 73 43 8 6 7 
8 6 46 58 45 2 0 2 
4 7 19 85 79 7 4 8 
1 2 26 72 30 9 9 5 
9 3 39 67 19 7 2 5 
3 3 2 61 58 8 0 6 
8 0 28 17 21 0 6 3 
7 4 2 61 55 7 5 4 
1 0 11 38 45 6 9 5 
9 6 29 48 31 8 7 5 
2 3 17 19 68 7 8 4 
9 0 0 64 46 2 2 8 
2 7 42 58 35 8 0 5 
8 9 2 48 65 9 6 8 
2 7 22 37 53 9 2 4 
3 7 36 28 69 2 0 6 
6 8 50 56 67 6 8 2 
0 8 31 47 31 6 4 3 
7 0 6 71 61 2 0 0 
1 0 11 46 59 9 6 6 
9 3 41 47 3 1 6 7 
4 8 29 31 51 0 2 0 
1 6 8 26 27 7 2 2 
0 3 29 70 55 0 6 7 
7 7 3 82 70 8 1 5 
3 8 32 47 47 7 6 7 
6 2 66 39 26 0 9 4 
2 5 47 61 62 5 6 5 
5 5 25 38 75 1 9 0 
3 8 40 45 63 7 3 8 
9 3 13 26 39 4 5 2 
4 2 28 22 44 5 1 3 
3 4 34 38 48 2 3 2 
8 1 20 49 34 7 7 3 
8 9 53 57 49 5 6 6 
2 3 6 37 60 1 2 6 
4 7 34 54 65 4 5 5 
4 9 15 26 51 3 0 0 
8 2 22 59 54 6 0 2 
8 0 7 43 59 5 0 5 
4 2 13 41 26 4 9 8 
9 8 23 32 56 3 0 1 
2 7 52 52 33 1 7 0 
0 7 61 39 77 6 7 3 
8 0 1 16 51 6 7 3 
5 0 56 28 8 8 4 8 
7 5 27 62 34 4 3 4 
1 8 0 44 71 2 3 4 
3 5 24 86 27 9 2 6 
0 7 16 70 35 2 8 5 
4 5 9 40 45 0 5 0 
6 8 55 48 19 9 7 2 
0 4 30 45 78 2 0 2 
8 9 36 47 73 6 2 9 
0 5 8 62 66 0 2 4 
4 0 0 16 68 7 6 1 
0 4 40 63 36 9 1 7 
7 3 35 39 69 0 8 9 
9 3 86 41 95 0 2 4 
4 8 21 50 34 2 3 5 
1 5 36 54 44 6 4 3 
0 8 24 0 48 0 8 7 
9 3 33 75 49 2 2 7 
6 2 4 54 33 0 0 1 
1 6 34 63 31 6 2 3 
3 1 27 30 65 9 3 4 
0 2 52 54 56 0 6 1 
4 3 35 17 45 9 5 6 
4 2 24 43 57 6 6 4 
8 0 22 35 43 3 8 1 
4 0 0 82 25 5 5 5 
5 1 49 37 50 2 3 2 
3 4 20 20 54 7 0 0 
2 6 19 65 66 6 5 3 
7 8 13 72 67 9 3 0 
5 3 0 46 46 8 4 5 
5 1 22 94 25 2 5 1 
0 0 39 35 61 7 4 5 
6 7 43 36 32 1 3 5 
1 7 9 37 35 1 4 1 
5 5 0 53 44 0 5 9 
3 2 0 42 24 8 3 3 
7 1 17 20 47 1 4 3 
3 0 0 38 64 1 0 5 
2 3 36 73 35 8 4 6 
8 4 42 43 74 6 2 8 
9 9 29 55 49 3 6 9 
2 6 21 35 48 8 2 8 
8 0 27 66 38 0 3 4 
9 3 23 72 44 4 3 4 
2 8 48 69 59 2 6 3 
7 2 60 93 4 8 0 5 
5 9 66 51 12 8 2 6 
6 3 42 38 35 1 7 0 
9 4 33 14 56 7 3 4 
8 2 22 50 69 9 6 8 
1 7 73 43 52 8 1 7 
2 0 18 43 64 8 3 6 
3 4 59 65 84 3 1 9 
7 5 35 47 51 3 3 1 
2 6 13 72 93 6 5 9 
3 3 39 69 20 6 9 3 
8 7 5 55 61 3 6 0 
4 6 26 49 61 2 1 5 
3 8 41 43 70 0 5 3 
3 1 24 51 25 5 9 2 
5 6 34 70 76 5 3 0 
2 9 44 47 68 5 3 1 
0 7 44 33 48 1 3 7 
8 7 38 67 59 0 9 3 
8 9 77 67 17 6 0 4 
6 5 52 62 36 5 4 1 
5 3 50 35 104 6 2 0 
3 8 45 68 36 3 2 2 
9 1 48 24 89 4 3 8 
5 9 18 57 55 6 0 6 
1 0 22 38 67 9 6 5 
1 7 24 71 31 2 0 0 
6 2 22 12 34 1 8 7 
9 8 36 32 42 0 7 9 
7 7 14 41 62 3 1 6 
1 4 33 11 62 7 6 0 
1 4 47 25 48 6 0 4 
8 7 55 16 11 3 9 1 
2 8 0 40 83 8 2 1 
0 1 22 59 28 7 7 6 
0 8 24 48 65 2 1 5 
5 3 34 41 74 8 4 8 
2 6 28 40 25 0 4 9 
2 6 26 52 34 8 4 6 
1 9 12 64 65 5 8 1 
3 3 15 67 53 3 9 4 
0 8 34 47 45 8 1 6 
7 9 38 67 58 4 8 6 
8 2 29 65 42 6 9 6 
9 1 6 73 37 2 8 5 
2 6 71 36 51 0 6 5 
2 7 7 55 62 4 2 0 
1 8 24 84 51 0 2 8 
0 0 2 59 104 8 7 6 
9 0 14 29 58 4 4 2 
5 4 22 27 55 7 3 9 
0 2 66 64 66 7 6 0 
6 2 42 50 39 8 7 4 
0 2 15 46 33 1 9 0 
6 2 19 39 42 1 3 0 
2 9 45 38 36 2 3 1 
8 8 19 42 35 7 3 2 
6 5 12 13 49 4 5 3 
1 2 23 25 69 9 1 1 
6 7 21 42 60 8 8 6 
1 7 4 43 49 5 0 0 
9 7 34 58 52 6 4 3 
3 6 47 89 35 1 0 7 
6 2 22 12 42 8 0 8 
7 4 45 55 65 4 2 6 
0 9 52 58 77 9 9 7 
0 5 38 74 33 9 0 1 
6 6 42 40 17 4 3 0 
0 2 36 11 57 4 8 5 
7 3 61 17 86 4 5 2 
1 8 34 61 50 6 4 1 
2 4 49 49 36 7 2 4 
0 7 43 20 48 1 9 2 
7 2 0 52 46 0 5 2 
9 4 30 80 41 1 0 7 
7 4 24 38 76 0 9 4 
4 8 14 13 37 8 3 0 
9 7 56 56 65 0 1 7 
6 4 18 67 27 9 5 8 
6 8 59 49 32 8 1 8 
7 5 11 61 55 5 9 0 
1 7 39 63 3 2 2 0 
0 9 22 62 64 3 1 9 
7 3 24 38 58 4 9 0 
4 0 38 38 55 9 5 2 
1 1 31 29 52 4 1 1 
7 4 38 87 57 7 3 7 
3 8 24 18 69 3 5 3 
9 4 58 62 42 8 9 5 
7 0 62 75 74 7 5 5 
8 2 20 25 78 7 9 3 
4 9 48 77 16 8 3 2 
7 6 39 64 64 9 1 1 
0 2 20 85 68 0 8 9 
4 1 45 45 30 2 5 1 
0 8 5 35 83 9 8 1 
4 3 18 64 51 0 1 8 
5 2 22 1 67 5 1 5 
5 0 38 73 56 6 5 4 
3 4 82 34 97 2 0 4 
8 8 14 40 69 9 1 8 
1 1 34 40 56 3 7 6 
0 6 38 70 33 8 6 0 
4 9 10 56 60 5 3 1 
6 1 4 39 41 6 0 4 
7 6 0 91 51 9 4 1 
7 0 78 59 44 0 4 5 
3 8 25 48 39 8 7 0 
3 3 14 31 47 8 2 2 
0 7 26 45 0 1 0 4 
3 5 46 41 56 7 1 1 
8 8 37 23 79 6 3 8 
2 6 9 48 68 1 1 6 
8 7 8 72 50 8 8 3 
9 2 0 2 49 6 9 7 
3 7 34 35 36 8 2 8 
5 3 20 39 59 4 0 3 
6 6 29 32 21 4 1 5 
1 3 35 58 81 8 8 3 
1 9 34 15 55 7 5 1 
2 4 61 40 49 6 3 4 
7 1 39 77 64 0 0 7 
1 4 55 78 43 5 8 7 
9 4 11 40 45 2 6 5 
1 7 33 67 41 4 6 5 
1 3 51 38 47 3 9 0 
3 1 47 28 62 6 2 8 
2 0 59 39 30 6 5 5 
7 6 20 68 45 1 6 1 
9 8 36 49 64 0 2 1 
2 1 21 35 36 8 0 1 
3 7 22 34 36 0 0 1 
2 8 0 54 54 5 7 5 
1 9 12 51 13 2 0 6 
0 0 23 36 50 7 0 0 
1 9 12 35 43 6 4 1 
9 8 5 45 76 2 2 1 
2 0 42 47 26 4 1 1 
0 4 26 45 57 2 5 2 
8 9 27 60 66 9 1 9 
2 0 58 48 55 1 6 8 
5 1 22 57 69 4 4 1 
4 0 39 42 63 8 7 1 
3 0 41 72 29 7 8 3 
3 7 61 63 50 8 3 0 
7 6 46 42 51 3 0 4 
1 2 9 76 67 9 7 3 
3 9 44 44 59 9 6 7 
0 5 14 21 36 5 1 6 
8 4 21 35 49 1 8 5 
7 5 7 54 41 1 8 8 
9 3 55 29 45 5 6 8 
5 9 12 83 49 9 2 7 
8 8 0 59 58 7 5 4 
1 3 32 55 79 3 9 7 
3 1 56 36 44 6 2 2 
2 4 37 50 36 5 7 4 
8 5 31 72 51 9 1 3 
1 1 35 63 97 7 6 5 
9 6 42 43 114 3 2 8 
1 4 53 61 19 1 9 0 
0 7 12 37 83 3 0 3 
0 6 0 77 60 2 3 0 
7 1 0 39 42 5 4 1 
1 8 38 42 64 8 7 2 
9 1 33 62 54 8 3 1 
3 9 41 89 60 6 4 1 
7 2 48 55 31 1 5 2 
2 8 39 54 95 3 3 1 
5 2 22 41 42 2 6 9 
5 0 22 36 60 3 4 0 
4 7 13 31 59 6 7 4 
6 1 23 46 70 6 3 6 
7 8 44 25 44 6 4 2 
3 2 16 91 64 7 3 6 
9 9 31 50 64 3 1 3 
3 9 5 53 41 1 0 7 
9 8 49 71 25 4 4 0 
0 9 14 35 71 7 1 4 
7 1 72 26 17 6 5 9 
0 1 22 40 44 9 4 9 
8 0 60 54 20 2 8 4 
7 3 66 29 47 3 7 5 
1 7 44 43 46 6 4 8 
6 8 0 52 59 2 0 2 
1 2 3 56 26 2 4 6 
6 6 5 84 48 2 0 1 
0 1 71 34 55 9 6 1 
4 8 8 31 33 1 6 6 
2 2 28 64 61 5 4 4 
6 0 28 54 35 1 2 7 
4 1 10 47 59 4 0 7 
2 4 29 33 38 4 0 7 
8 7 1 37 54 9 5 6 
0 9 23 44 32 8 9 4 
2 7 24 12 71 9 0 5 
5 3 13 35 44 8 1 3 
0 9 24 72 30 4 5 7 
3 7 53 67 48 8 8 8 
1 0 0 39 54 4 5 6 
3 8 16 48 33 1 6 8 
6 9 56 31 58 9 3 5 
1 5 8 46 38 8 9 5 
8 9 41 53 54 1 6 0 
3 8 22 53 79 6 5 0 
9 1 29 69 48 2 1 1 
3 6 0 49 66 3 6 6 
4 7 90 48 28 5 1 9 
1 3 45 73 63 9 7 5 
3 6 26 78 70 5 9 1 
5 6 23 32 86 7 2 1 
5 3 0 38 72 2 2 1 
3 9 38 69 53 6 8 5 
1 1 0 51 58 9 1 8 
5 4 10 76 62 4 0 7 
4 6 41 75 73 7 7 3 
7 2 39 27 49 1 9 6 
3 8 24 20 60 3 3 7 
7 5 0 50 17 1 4 3 
2 3 56 59 30 8 7 7 
5 4 41 41 59 6 4 2 
9 4 19 61 60 1 5 3 
1 3 56 34 38 7 4 5 
5 4 0 51 45 1 5 3 
0 3 25 42 67 6 0 4 
3 9 26 66 66 1 1 3 
1 1 28 56 34 5 3 7 
5 9 84 65 47 9 2 0 
3 0 36 66 56 7 0 7 
1 8 4 12 72 6 9 1 
3 7 2 75 50 6 6 2 
0 7 38 49 26 8 7 1 
4 2 0 50 36 0 4 7 
3 3 36 71 77 3 4 5 
7 3 31 48 46 4 6 3 
9 9 25 54 33 4 2 4 
4 2 56 50 9 6 5 5 
7 7 7 20 84 9 4 5 
3 7 2 27 42 0 9 0 
4 8 21 47 28 6 0 3 
1 9 3 36 31 5 9 6 
7 4 34 37 63 7 7 1 
8 6 28 41 50 1 2 7 
4 7 23 51 44 4 2 2 
4 7 38 30 31 7 3 4 
4 3 63 58 31 4 5 4 
3 8 47 48 28 9 4 2 
4 2 25 52 34 6 4 9 
5 3 63 77 54 4 4 2 
6 1 23 40 49 0 3 5 
9 0 8 62 30 5 8 7 
3 9 30 56 51 0 2 4 
0 0 23 58 60 0 4 4 
5 0 19 82 97 0 3 7 
8 3 28 69 40 1 3 5 
6 3 36 31 5 3 7 4 
4 2 33 89 56 8 5 1 
2 8 29 47 72 5 1 0 
0 2 43 31 61 5 4 3 
7 5 41 80 21 3 4 5 
7 2 24 23 30 3 2 8 
8 9 44 78 18 3 7 4 
5 0 24 29 60 0 5 1 
8 8 5 35 8 9 9 6 
1 0 36 39 32 3 2 4 
4 6 41 41 56 1 3 7 
8 9 13 86 57 9 7 3 
6 6 41 96 31 7 1 2 
7 8 25 38 26 7 4 1 
6 0 0 38 38 4 5 1 
0 8 76 86 68 1 7 9 
9 4 55 88 51 5 6 5 
6 6 3 73 68 9 1 1 
5 3 10 65 60 9 2 4 
0 0 13 14 40 7 0 3 
2 4 5 66 19 2 5 2 
8 8 31 67 44 1 1 2 
2 9 17 72 51 7 2 8 
7 3 32 44 78 4 8 5 
0 4 35 50 24 0 3 9 
3 1 64 86 47 8 5 7 
0 0 10 26 41 8 9 2 
1 3 39 64 55 3 8 9 
9 7 26 82 51 7 5 0 
2 9 38 44 45 2 4 1 
9 8 30 52 88 9 6 6 
6 1 56 52 48 7 2 0 
8 0 38 34 72 4 5 0 
6 6 58 40 67 1 9 0 
4 1 25 47 46 3 4 0 
5 2 39 67 63 0 2 9 
0 9 34 60 4 4 4 2 
6 3 16 42 77 6 0 6 
5 2 12 40 85 8 1 3 
3 4 14 37 34 5 5 1 
2 8 29 50 63 1 4 9 
4 4 31 37 4 7 0 6 
6 6 32 53 21 9 6 6 
3 4 31 44 65 8 9 4 
2 3 34 45 51 0 1 9 
4 8 6 68 60 1 5 0 
7 1 17 17 42 5 4 0 
4 1 8 31 36 3 0 8 
3 8 34 53 77 7 6 1 
9 7 23 41 59 5 3 1 
0 5 29 56 37 2 0 5 
3 6 29 51 19 8 1 7 
2 9 8 45 42 6 3 6 
5 2 21 41 18 7 7 2 
3 4 17 73 63 4 7 5 
4 7 11 18 71 3 7 7 
7 3 8 65 31 4 0 2 
1 0 39 24 68 3 0 8 
3 8 51 81 44 8 9 9 
5 0 40 71 38 2 5 3 
9 6 23 97 46 7 5 4 
4 5 21 7 40 0 0 7 
4 1 14 41 41 1 8 3 
1 1 35 58 64 6 6 3 
1 8 15 33 27 9 6 6 
0 4 50 73 68 8 2 1 
2 7 40 44 56 6 7 3 
5 2 6 9 57 9 0 9 
8 2 53 32 70 6 5 4 
8 4 31 70 50 7 4 7 
3 5 38 56 44 5 8 4 
4 5 30 32 32 1 1 8 
9 1 11 24 41 6 0 9 
4 5 12 50 25 2 3 1 
9 2 40 66 22 8 8 1 
2 5 57 42 41 1 0 3 
6 0 50 63 66 6 7 4 
4 9 27 56 47 5 4 6 
9 4 48 36 45 7 7 2 
6 8 12 40 49 8 5 6 
6 9 30 42 49 9 6 5 
5 1 69 31 45 6 2 9 
8 6 50 49 46 9 8 5 
3 6 0 25 25 9 0 1 
7 6 33 56 72 4 9 7 
6 9 33 31 56 0 8 2 
9 1 52 40 44 6 7 9 
1 3 65 34 52 7 5 1 
1 0 51 69 52 8 3 2 
3 2 0 63 54 5 7 0 
8 7 17 53 37 5 3 4 
8 5 32 55 66 4 4 5 
3 7 20 35 70 1 1 9 
9 5 0 48 32 5 0 0 
5 2 31 42 46 8 3 8 
5 0 39 35 29 7 2 2 
2 0 30 66 41 7 0 8 
7 6 14 77 43 4 1 3 
5 8 52 59 21 6 8 1 
2 6 54 74 57 3 7 6 
9 3 0 31 74 3 7 2 
7 8 21 55 87 8 3 5 
4 1 38 76 56 4 7 4 
5 2 35 38 33 8 2 1 
6 0 26 71 27 0 0 4 
0 5 30 39 55 6 6 0 
5 1 8 46 56 3 3 3 
7 5 8 31 57 6 6 3 
7 2 39 55 75 9 7 2 
3 9 1 42 48 1 6 2 
1 6 30 60 90 5 0 2 
3 0 35 66 43 3 4 3 
3 9 41 37 14 9 5 4 
8 3 41 37 31 6 6 9 
9 1 14 63 8 4 0 2 
4 0 50 53 70 2 1 4 
7 4 36 62 61 1 3 2 
1 4 60 25 36 4 5 2 
3 8 24 66 30 8 6 1 
2 7 26 37 62 6 5 7 
5 5 16 37 68 3 4 4 
1 4 0 51 83 8 6 1 
3 3 25 37 40 4 7 4 
1 8 40 38 59 2 7 4 
5 3 24 44 25 5 6 2 
6 2 22 81 107 2 4 5 
2 3 39 58 22 5 5 0 
1 2 27 47 22 9 0 1 
4 0 69 81 16 7 7 9 
1 3 29 46 79 8 1 8 
0 4 43 58 46 7 5 8 
9 8 46 39 54 4 9 2 
8 4 1 57 49 5 3 4 
8 5 30 62 52 3 3 5 
4 3 15 55 44 8 9 7 
9 0 60 41 72 9 0 9 
7 7 37 52 36 9 1 2 
9 0 28 28 15 0 1 2 
3 5 56 101 83 9 7 8 
7 8 50 46 58 1 4 2 
0 9 32 30 33 9 5 5 
6 2 55 24 51 0 3 5 
1 8 0 50 38 7 3 3 
5 4 28 57 39 7 3 6 
0 6 36 61 42 9 5 5 
7 1 38 42 62 9 0 1 
6 3 52 68 98 7 4 1 
4 7 46 105 59 1 9 9 
0 7 0 76 21 1 0 0 
1 8 45 48 84 9 1 8 
1 8 69 64 35 7 0 3 
4 8 34 50 78 5 0 2 
1 1 0 14 73 0 6 5 
7 4 26 46 43 6 9 4 
1 1 25 56 56 0 4 2 
3 5 0 46 79 6 2 7 
8 6 24 36 107 3 0 2 
1 0 17 55 62 5 3 5 
7 6 23 61 58 2 8 8 
6 7 14 64 36 7 3 2 
0 1 39 34 47 9 7 7 
3 2 12 42 39 8 0 8 
8 0 9 40 38 8 1 9 
1 6 40 90 5 9 7 2 
2 6 13 55 19 6 5 9 
3 1 10 48 56 5 0 9 
2 6 32 57 16 5 8 4 
0 9 13 67 42 5 3 3 
5 7 8 51 68 3 8 3 
0 9 38 4 29 0 3 2 
6 3 51 47 35 6 4 3 
5 0 26 40 29 4 8 7 
5 0 4 6 19 5 4 1 
5 6 22 65 32 6 9 9 
4 5 37 0 107 8 4 5 
7 1 40 33 53 0 5 8 
2 5 38 25 37 3 8 0 
8 6 43 40 44 4 3 1 
0 8 21 21 51 8 1 4 
5 9 62 38 44 5 5 4 
6 1 2 20 22 3 4 9 
4 7 27 52 48 8 2 7 
1 3 14 72 60 4 5 9 
5 9 2 44 50 1 5 5 
5 7 47 45 51 4 0 9 
5 1 0 29 47 9 9 4 
8 3 46 62 62 0 7 4 
8 2 7 54 75 3 0 3 
4 9 17 31 56 0 9 1 
3 9 14 14 74 7 1 0 
7 7 16 57 46 5 8 2 
2 7 67 42 43 6 2 3 
3 7 16 21 17 0 1 0 
3 8 63 92 38 6 1 8 
4 1 10 61 70 2 1 2 
8 5 43 43 46 4 1 0 
4 9 40 26 69 5 1 1 
8 4 8 44 50 1 8 5 
2 7 14 82 48 8 5 9 
1 8 46 18 38 4 3 3 
1 6 45 48 109 5 7 9 
5 3 38 37 0 0 6 0 
3 6 55 63 52 0 6 3 
5 2 0 59 16 1 3 1 
7 4 30 58 30 2 7 8 
0 4 16 57 41 6 9 7 
8 7 43 44 38 6 0 8 
8 2 15 36 48 1 3 2 
2 0 50 46 16 5 0 9 
2 4 12 36 67 7 7 4 
1 8 25 58 91 3 7 6 
8 6 0 47 73 1 8 3 
6 7 49 45 71 8 6 3 
8 1 77 56 18 7 3 2 
5 5 0 95 24 7 8 1 
4 5 12 50 44 6 3 7 
2 6 20 59 67 5 4 8 
6 3 14 86 85 7 1 7 
6 6 48 26 44 2 1 2 
3 7 55 74 39 7 9 1 
6 5 37 65 31 4 3 5 
7 1 66 25 54 9 0 0 
9 3 46 57 24 0 3 9 
3 0 2 49 22 3 5 3 
8 1 24 46 44 4 1 7 
8 5 32 36 69 9 6 4 
1 3 34 70 60 6 9 1 
1 7 39 76 77 9 5 0 
1 3 53 55 71 9 1 1 
8 3 0 32 38 1 3 1 
8 7 2 79 45 9 2 5 
4 4 24 38 36 2 8 5 
5 3 40 26 76 9 4 4 
0 1 54 18 35 8 2 0 
3 6 25 40 41 0 0 6 
1 4 49 34 74 8 7 4 
0 4 57 52 48 5 9 0 
9 4 57 9 40 5 5 5 
2 8 17 44 57 3 4 2 
4 2 77 21 51 2 5 6 
4 9 28 20 68 8 4 3 
2 2 16 32 43 6 9 5 
8 8 44 62 63 5 4 1 
9 9 64 47 62 5 5 4 
7 8 24 75 36 9 5 7 
9 2 58 56 35 8 7 2 
1 1 13 56 18 9 9 7 
2 3 32 85 30 5 8 9 
9 1 41 9 67 0 7 1 
9 2 26 46 70 0 2 2 
2 1 32 35 36 2 3 4 
1 2 37 15 43 5 1 2 
6 2 51 41 60 4 3 1 
8 6 2 45 45 9 8 5 
1 9 35 95 75 0 7 4 
9 4 33 83 39 1 5 0 
9 4 56 61 68 8 3 6 
5 5 24 55 84 3 8 3 
6 0 33 74 70 7 3 7 
4 1 36 33 61 6 7 4 
8 8 35 31 39 3 6 7 
5 9 59 37 82 0 3 5 
3 0 32 76 53 2 2 7 
1 6 11 78 61 1 6 2 
2 0 40 13 51 9 3 0 
4 9 32 89 66 0 2 0 
3 5 36 32 81 8 2 8 
3 6 24 80 58 3 3 5 
2 8 53 18 67 4 8 8 
8 1 14 45 72 7 1 8 
6 5 22 50 93 6 9 2 
6 4 22 59 40 6 3 2 
1 8 31 66 69 8 5 8 
6 0 36 42 31 8 4 0 
0 0 57 57 21 8 4 5 
5 8 32 94 74 3 4 3 
0 2 49 55 40 9 8 7 
7 2 26 92 48 4 7 2 
8 7 48 58 53 6 2 7 
8 3 0 46 21 4 8 7 
3 4 10 47 49 8 1 3 
0 6 73 60 61 4 0 1 
3 7 38 68 39 9 0 0 
4 7 34 81 53 1 8 7 
9 0 28 37 42 7 2 9 
1 2 34 64 53 5 5 2 
1 4 29 55 76 4 1 3 
7 2 29 29 28 0 5 7 
1 7 45 96 32 8 0 2 
2 3 38 35 28 4 3 9 
7 5 44 54 37 4 4 0 
3 4 41 57 60 6 1 0 
2 9 2 82 29 9 5 5 
8 3 33 35 52 5 8 3 
7 2 46 75 23 2 3 4 
0 8 54 22 62 5 2 3 
3 2 6 53 54 4 3 8 
9 9 8 23 24 2 7 5 
2 4 25 71 0 0 3 3 
7 8 9 51 95 3 3 7 
2 2 16 37 54 3 9 4 
6 3 56 48 63 0 3 0 
8 9 32 31 62 0 6 1 
5 2 41 35 69 8 1 0 
2 8 46 45 42 8 6 8 
4 4 0 45 23 1 0 0 
3 1 32 54 50 5 9 4 
3 5 30 43 21 0 3 3 
0 0 16 63 59 8 5 4 
8 5 19 62 21 4 2 4 
6 8 25 76 59 3 4 7 
3 9 50 71 36 6 0 0 
2 1 9 34 35 4 1 8 
5 7 0 35 53 4 1 4 
6 3 28 75 56 4 1 2 
2 6 29 39 68 1 1 8 
1 8 66 49 55 8 6 1 
3 3 46 34 43 0 1 5 
7 7 4 47 33 5 2 9 
7 0 18 92 58 6 2 5 
4 3 15 78 45 7 3 8 
7 7 47 51 63 2 0 7 
2 5 35 38 37 3 7 2 
1 0 13 41 3 0 4 6 
4 8 16 61 80 9 4 2 
2 3 6 61 75 7 7 3 
9 1 53 55 49 1 7 8 
4 8 51 57 80 4 0 9 
6 2 50 54 50 1 0 6 
7 2 22 52 19 9 6 5 
1 5 26 55 81 1 8 3 
6 8 33 32 50 8 6 1 
2 8 28 50 28 4 9 4 
4 7 26 45 40 3 8 7 
2 6 40 42 43 0 1 0 
5 9 18 91 83 9 4 0 
5 4 26 70 46 3 9 9 
9 8 22 38 4 7 9 3 
2 8 34 13 58 1 0 9 
9 0 44 29 77 6 3 0 
9 1 43 24 39 2 5 7 
4 8 17 44 23 1 8 6 
2 3 24 14 70 3 3 8 
1 2 55 62 0 8 9 1 
5 4 25 29 35 1 6 3 
9 6 0 49 47 6 5 5 
9 0 67 37 95 0 8 4 
8 8 26 70 44 4 7 9 
9 6 33 46 33 2 0 3 
5 2 0 43 68 2 2 3 
6 5 5 38 78 0 3 2 
5 4 13 51 8 9 5 4 
1 1 50 49 67 2 4 9 
9 6 31 75 32 5 1 6 
2 0 65 26 55 5 6 0 
9 2 25 63 38 5 9 2 
7 2 26 31 90 6 7 9 
5 8 22 79 76 4 4 3 
7 2 15 46 48 8 5 6 
5 8 49 25 50 8 6 6 
9 4 30 75 58 4 7 3 
0 0 31 73 33 9 9 7 
9 3 55 84 7 3 9 5 
7 7 81 52 61 0 0 6 
3 0 39 59 34 6 6 2 
5 7 46 17 58 4 8 7 
7 9 25 84 67 7 6 3 
0 2 21 10 46 5 4 1 
8 9 30 36 46 3 6 0 
6 3 39 19 35 2 1 9 
9 4 24 53 43 8 3 4 
8 0 12 58 45 5 4 5 
9 3 24 33 59 7 2 1 
2 9 26 58 45 5 8 9 
3 2 71 64 75 8 0 7 
0 4 31 66 68 9 8 6 
5 6 25 71 37 1 4 5 
3 3 18 18 39 7 7 9 
7 4 29 17 37 5 7 9 
6 7 38 35 77 5 0 7 
1 7 53 44 61 2 1 2 
8 6 25 14 39 6 2 0 
4 5 52 81 57 3 8 7 
0 5 64 63 70 8 9 9 
0 5 70 49 64 2 3 3 
8 1 10 47 61 8 0 7 
5 6 53 41 41 7 1 1 
3 4 51 65 31 7 9 2 
5 9 41 50 42 3 0 1 
6 2 0 37 65 8 0 0 
1 0 0 11 50 4 9 7 
4 5 19 49 39 6 4 9 
8 0 46 47 46 9 5 4 
4 5 28 36 52 1 4 7 
2 2 36 27 13 3 2 3 
4 7 29 23 62 9 7 2 
7 9 0 32 82 8 5 5 
6 9 45 26 61 8 6 4 
4 5 0 60 57 6 4 5 
3 0 31 42 54 8 0 1 
5 4 56 28 69 6 6 3 
6 8 49 45 69 7 9 4 
9 2 42 54 21 1 3 4 
1 2 5 31 66 5 3 9 
9 1 10 29 42 9 4 8 
2 5 21 17 48 1 0 0 
2 3 11 43 64 0 2 9 
8 2 26 35 27 1 3 4 
6 8 26 68 74 7 4 1 
2 5 70 59 36 1 7 7 
8 3 8 101 34 8 1 7 
3 3 31 67 79 8 3 3 
4 0 2 39 51 0 0 3 
9 3 28 64 43 5 4 8 
8 0 19 54 134 0 0 1 
7 7 18 27 48 3 6 5 
0 7 51 55 26 4 0 8 
7 2 64 58 78 8 9 3 
5 4 69 57 58 1 0 4 
0 1 27 43 53 4 2 2 
3 2 10 58 46 7 4 0 
9 5 16 1 54 1 9 0 
6 8 75 78 46 7 2 6 
5 6 39 43 56 9 3 2 
4 1 21 62 41 7 8 0 
0 8 25 96 35 8 5 9 
4 4 5 33 51 3 5 4 
4 8 63 55 67 6 6 9 
8 6 26 22 42 9 9 9 
0 8 51 7 40 8 7 2 
8 8 8 61 38 0 7 6 
2 8 43 58 13 2 9 8 
7 8 68 30 14 6 6 8 
1 6 2 52 48 1 3 4 
1 3 33 39 55 6 9 3 
2 8 21 25 68 5 7 3 
4 5 55 43 41 3 2 8 
8 2 15 13 63 9 0 7 
5 9 48 54 42 1 1 3 
7 9 29 17 83 8 2 7 
4 4 59 43 68 4 0 2 
9 9 29 33 57 6 0 3 
1 0 5 31 96 6 5 0 
8 6 49 31 43 3 3 5 
4 5 34 42 53 8 6 3 
0 3 18 88 47 7 4 7 
6 7 15 19 42 3 2 4 
5 2 23 39 38 1 9 4 
7 8 40 37 74 9 3 6 
6 1 35 31 13 4 4 3 
0 5 41 44 79 9 1 8 
8 0 40 21 48 7 4 8 
6 3 29 75 28 4 8 1 
9 2 56 90 69 3 7 1 
3 6 40 32 51 6 3 0 
3 7 20 61 66 4 7 2 
8 1 65 46 35 8 0 6 
9 6 64 16 80 0 0 7 
3 6 50 80 60 1 7 9 
3 0 26 50 15 4 4 9 
1 8 32 24 47 7 1 5 
8 1 37 87 88 5 6 5 
7 6 37 42 45 0 9 0 
9 7 60 58 36 3 1 4 
3 4 27 19 56 5 3 9 
2 5 8 37 6 7 2 9 
7 8 5 72 78 2 7 0 
5 0 0 34 28 2 7 5 
5 6 14 33 62 7 8 3 
2 3 21 48 85 5 3 6 
3 3 5 48 45 5 4 2 
8 8 36 65 78 2 0 8 
2 5 31 42 29 3 6 4 
3 1 11 49 49 3 4 1 
3 3 36 61 58 7 1 6 
6 0 47 64 58 4 8 8 
2 4 26 108 63 3 8 0 
2 0 32 43 50 6 6 5 
6 9 27 29 75 2 2 4 
6 7 45 37 0 7 6 6 
2 4 65 77 45 2 3 4 
4 2 13 25 70 2 7 1 
1 8 21 9 64 2 4 5 
9 1 33 35 17 9 3 9 
9 8 33 63 48 6 2 9 
3 1 21 5 46 3 3 1 
1 8 7 30 78 0 1 2 
6 8 1 24 51 2 4 3 
3 8 41 27 36 6 5 0 
8 4 17 58 81 5 9 4 
4 4 57 14 23 4 6 6 
6 4 48 54 82 0 2 8 
3 9 44 29 47 0 2 0 
4 7 35 75 24 7 0 4 
5 8 12 53 57 6 9 3 
0 4 12 29 66 4 6 8 
4 4 46 77 56 8 9 5 
5 4 43 58 6 5 9 6 
6 9 43 48 50 6 3 0 
6 0 29 64 85 5 4 5 
3 1 50 28 29 2 6 1 
3 9 26 51 54 8 7 3 
3 7 54 48 57 3 9 3 
1 2 29 40 64 9 3 4 
3 5 0 49 61 0 3 0 
0 8 8 17 36 9 6 2 
9 8 39 65 63 7 3 8 
2 8 65 41 55 3 5 2 
2 2 0 36 36 3 3 9 
2 0 35 51 85 8 3 0 
2 9 18 87 30 6 8 9 
7 2 13 33 24 5 2 9 
6 0 47 31 15 0 0 6 
3 7 62 24 66 3 8 4 
5 0 17 23 53 4 6 3 
1 0 46 58 35 2 1 1 
5 5 61 27 73 9 5 6 
7 4 34 57 44 9 9 2 
2 0 38 55 28 9 7 7 
0 4 70 56 30 8 5 3 
6 2 44 64 68 0 3 4 
4 2 97 49 26 8 6 0 
1 5 18 42 49 7 1 6 
2 9 13 12 42 4 5 6 
9 6 32 41 42 4 2 9 
0 0 0 51 39 8 5 2 
5 5 31 36 64 5 9 5 
1 5 52 49 70 9 0 5 
1 2 0 58 69 3 0 0 
5 3 15 32 95 3 9 0 
9 3 49 36 35 3 1 9 
7 2 10 69 29 6 1 7 
7 9 13 48 70 9 6 5 
0 7 0 30 70 6 3 9 
8 7 29 53 61 3 2 7 
5 7 6 73 71 9 1 3 
4 5 16 53 61 6 5 7 
0 2 63 45 42 3 1 0 
5 0 1 31 64 3 2 3 
9 7 49 56 22 6 5 2 
4 8 34 33 37 8 8 8 
5 0 35 31 31 5 1 4 
8 5 40 66 36 6 7 1 
5 4 18 53 52 5 1 6 
7 3 48 31 67 6 6 9 
1 7 0 58 54 8 7 8 
9 4 18 39 39 3 6 4 
5 8 11 38 35 7 4 1 
0 3 25 49 22 3 5 2 
1 1 34 26 19 5 8 0 
6 4 12 88 8 4 7 9 
0 9 61 59 35 4 3 4 
3 0 8 32 50 6 2 2 
5 5 42 78 84 9 7 3 
9 8 8 73 24 3 4 5 
6 6 64 46 57 5 0 9 
9 8 3 58 1 7 6 6 
3 4 33 41 60 9 5 9 
8 3 21 61 65 7 6 3 
5 9 45 58 112 1 6 0 
8 8 19 63 74 1 1 5 
1 7 22 29 54 4 4 5 
2 8 26 30 72 7 6 4 
6 8 20 58 62 2 9 9 
5 9 67 37 59 7 1 2 
5 0 42 43 68 4 6 6 
7 6 26 47 40 3 5 6 
9 0 18 57 11 6 9 2 
0 2 10 37 40 7 9 0 
7 2 31 23 27 8 6 8 
0 2 38 55 54 3 6 6 
3 2 40 78 41 5 8 5 
9 7 47 36 38 6 6 8 
3 7 28 0 26 5 7 7 
9 6 19 69 38 5 8 8 
8 6 0 64 59 0 0 8 
5 5 51 39 31 3 3 3 
7 4 38 73 60 3 4 1 
8 4 37 45 91 5 8 9 
8 1 32 72 43 6 6 4 
6 3 0 52 61 6 5 8 
0 5 14 75 39 3 3 8 
1 7 12 26 13 8 8 1 
4 2 70 63 38 3 2 9 
6 7 28 62 38 4 1 3 
8 6 59 35 50 7 4 5 
8 6 43 56 31 0 7 6 
2 2 47 13 43 5 3 7 
4 1 37 84 61 2 4 7 
3 9 19 68 47 9 0 5 
3 8 50 47 18 8 8 4 
4 1 44 20 22 1 0 8 
0 6 28 52 60 8 7 5 
7 3 51 44 18 4 7 8 
3 2 53 57 26 2 9 2 
5 3 46 43 91 3 8 7 
0 3 21 43 65 6 1 3 
5 2 61 45 51 1 4 4 
8 2 33 58 53 3 1 9 
7 6 60 30 45 0 4 7 
5 6 23 42 57 7 3 0 
5 1 29 40 57 1 3 8 
1 7 30 3 35 5 2 0 
4 6 39 75 57 1 3 0 
1 9 32 19 29 6 5 6 
7 4 35 92 73 5 8 0 
3 0 4 25 72 1 5 1 
3 9 48 72 27 9 8 6 
1 4 11 30 59 5 8 6 
5 8 27 42 65 9 8 2 
0 0 16 43 30 7 7 1 
9 0 37 0 43 2 8 2 
0 8 18 71 73 7 6 2 
2 3 47 24 43 5 1 6 
4 7 45 57 22 6 9 7 
6 9 54 18 45 0 0 0 
6 2 58 12 61 8 1 7 
5 2 27 44 45 0 3 9 
2 9 82 31 18 7 2 0 
0 4 30 85 37 0 7 8 
4 4 14 38 9 6 8 5 
9 9 22 46 63 2 6 2 
5 2 38 35 54 8 0 1 
5 5 38 49 22 9 6 7 
6 1 37 66 41 8 3 4 
0 7 39 32 41 4 5 5 
1 8 3 86 89 5 5 4 
2 0 36 42 28 6 1 1 
8 8 42 88 37 4 0 1 
1 9 27 21 37 5 0 0 
0 6 42 50 56 6 6 5 
5 5 14 46 28 8 1 5 
6 6 22 70 34 7 2 8 
2 7 0 48 79 5 7 7 
2 7 21 66 62 9 8 3 
0 1 9 71 39 9 9 2 
2 8 7 52 8 3 9 2 
8 1 10 29 48 8 7 8 
5 2 50 72 48 0 4 8 
2 1 14 58 73 4 9 6 
5 7 48 70 41 7 8 9 
9 6 32 83 47 9 9 9 
4 7 3 53 27 3 9 0 
0 8 30 70 55 5 8 6 
8 1 47 31 48 0 6 6 
1 6 48 41 38 0 1 8 
0 9 47 28 43 0 9 7 
1 3 34 44 53 1 0 1 
4 2 34 60 91 0 1 6 
5 9 52 32 31 9 4 8 
4 0 12 53 60 2 0 3 
9 6 17 72 89 9 6 1 
5 0 33 37 44 3 6 5 
1 7 11 25 38 1 8 6 
3 7 22 46 68 4 8 9 
6 5 14 62 22 7 1 9 
6 6 19 43 84 5 1 7 
5 6 15 64 65 1 1 2 
2 7 33 59 52 7 6 8 
3 3 58 41 49 2 5 0 
7 4 40 54 51 4 0 3 
3 3 3 54 61 2 9 1 
9 7 39 69 10 3 5 3 
9 8 36 41 56 5 5 4 
2 5 10 39 43 9 1 2 
7 6 41 61 64 7 4 9 
3 0 3 83 93 7 7 7 
8 5 39 32 51 5 9 3 
9 7 23 47 12 3 6 2 
8 6 16 32 68 7 1 0 
2 2 29 76 36 6 6 8 
8 4 16 53 50 1 5 9 
2 9 11 27 57 1 1 6 
1 5 48 39 77 5 3 0 
8 6 60 42 77 7 5 3 
5 3 35 14 37 2 6 8 
2 3 24 43 44 2 4 7 
2 7 35 17 32 9 0 1 
0 8 39 40 59 6 0 3 
6 1 58 58 43 9 2 7 
6 9 50 19 46 4 2 0 
4 2 50 61 66 8 2 2 
1 9 5 31 88 2 2 3 
9 9 44 33 62 7 4 4 
7 3 0 94 61 5 5 2 
9 3 43 59 22 0 7 0 
6 5 32 53 29 7 7 0 
7 7 26 44 68 4 3 8 
7 1 21 46 55 2 3 6 
3 2 27 63 42 0 0 9 
4 1 55 81 70 6 3 5 
9 9 2 76 47 1 4 8 
6 0 37 64 50 3 3 1 
2 3 25 24 15 2 9 1 
5 9 54 93 40 6 8 7 
3 5 37 58 52 8 3 2 
7 2 38 53 71 1 3 3 
4 2 8 45 43 1 4 2 
2 6 39 80 46 0 3 1 
4 9 11 60 40 9 1 2 
8 8 18 45 69 3 5 3 
9 9 36 73 38 7 3 0 
7 8 49 75 33 2 9 1 
4 8 43 19 64 2 7 1 
6 0 30 1 52 9 6 8 
8 2 49 53 40 5 8 6 
5 8 27 9 52 3 3 0 
6 9 22 71 37 8 4 3 
7 7 5 41 53 2 4 4 
9 5 25 77 45 8 0 1 
8 0 44 49 28 7 1 2 
2 2 29 31 60 4 5 7 
2 0 33 96 93 6 2 2 
8 0 9 78 43 2 1 6 
0 5 73 72 98 2 2 0 
0 4 41 53 90 0 3 0 
0 2 8 25 78 8 0 7 
0 0 9 65 51 0 2 8 
9 2 39 69 62 8 0 0 
9 4 33 55 24 1 9 5 
3 0 54 66 74 9 9 5 
0 6 33 34 85 1 7 0 
9 7 16 89 45 0 4 8 
1 0 55 26 53 5 0 7 
2 7 24 48 68 0 1 3 
5 6 44 26 32 9 2 2 
2 3 18 39 79 8 5 2 
1 9 26 17 49 8 6 9 
6 1 12 33 105 3 4 3 
8 9 65 63 41 8 6 9 
9 7 30 51 54 6 1 3 
3 8 67 51 62 5 8 8 
8 8 31 57 37 6 2 7 
2 4 33 47 43 4 7 1 
2 7 25 60 53 9 7 4 
6 7 35 62 78 7 5 1 
5 9 34 43 40 9 8 3 
8 0 19 106 20 4 1 2 
5 6 39 60 85 7 1 2 
0 0 23 46 47 9 3 7 
6 2 10 30 30 0 2 1 
1 9 13 47 65 3 4 2 
2 8 28 54 56 8 1 1 
4 9 15 49 43 9 1 3 
7 0 13 73 35 9 8 7 
9 3 78 30 48 9 3 7 
2 7 15 29 22 8 0 8 
5 6 55 35 64 8 4 9 
2 9 31 33 10 8 7 3 
1 6 2 67 25 3 8 9 
0 4 16 61 53 5 7 5 
3 2 20 38 31 1 2 8 
4 5 10 50 37 0 0 4 
3 4 51 39 76 5 9 6 
8 0 16 46 24 3 0 0 
2 4 49 32 68 5 6 0 
2 3 44 53 41 0 0 0 
3 2 49 68 63 2 2 1 
2 3 37 33 37 3 7 9 
6 0 7 71 37 8 6 0 
4 4 11 63 83 6 2 8 
9 5 49 29 65 7 1 3 
4 7 16 45 54 5 4 0 
2 4 32 67 77 4 3 5 
9 0 0 39 76 4 7 8 
9 3 24 46 72 5 5 6 
9 3 27 73 64 8 4 4 
1 8 5 16 20 3 8 3 
0 0 72 49 72 6 7 9 
8 5 4 34 72 2 4 8 
1 6 41 29 53 2 6 6 
2 9 20 50 55 6 2 9 
6 0 23 38 52 1 0 0 
0 4 53 43 42 8 4 6 
2 8 27 63 14 4 2 5 
0 6 7 42 54 8 9 7 
6 4 12 63 71 2 8 7 
3 8 0 24 37 8 9 8 
1 9 35 49 56 0 4 1 
2 2 40 71 26 8 6 8 
3 8 9 50 37 5 9 1 
9 2 55 24 86 4 6 8 
8 0 73 42 24 8 1 6 
5 6 32 47 60 9 0 0 
9 6 49 63 35 6 8 7 
7 1 78 51 24 0 5 3 
7 4 27 52 97 5 6 9 
0 6 31 78 61 4 8 3 
3 8 7 64 61 6 2 5 
8 5 50 10 54 6 2 4 
5 6 0 66 29 6 3 9 
6 8 38 29 39 9 8 0 
7 7 6 65 64 2 5 3 
5 8 49 36 35 3 4 9 
7 0 2 52 87 7 8 3 
0 4 61 33 57 1 8 2 
6 2 67 99 84 8 0 7 
5 7 52 48 51 6 9 4 
2 5 56 45 73 7 1 8 
9 5 12 46 22 1 8 8 
3 3 76 86 48 2 7 3 
8 8 38 22 56 5 3 4 
6 7 20 45 36 7 9 7 
6 5 15 67 39 4 6 5 
6 3 47 28 44 0 8 4 
0 8 44 26 56 8 4 9 
2 0 14 68 29 9 1 0 
5 2 23 89 35 9 9 3 
9 2 9 38 53 6 2 0 
6 9 31 19 79 5 8 3 
3 8 38 58 17 6 8 5 
0 9 67 84 57 5 7 4 
5 6 58 67 0 2 9 8 
9 6 26 71 57 6 6 4 
6 0 57 2 71 4 7 7 
8 8 52 38 0 0 6 5 
4 2 38 71 52 7 2 0 
9 0 31 58 72 3 1 1 
2 1 41 58 43 5 1 9 
3 4 7 37 51 4 0 5 
0 9 47 40 31 9 1 3 
9 1 13 16 38 4 7 1 
9 5 0 34 47 3 6 4 
4 3 0 65 61 9 5 5 
2 2 0 77 60 4 2 3 
4 5 63 65 72 6 0 7 
4 7 2 50 41 3 0 3 
6 6 24 28 53 7 1 8 
0 8 15 16 10 8 3 1 
2 5 44 70 37 0 3 5 
9 1 36 33 12 7 4 2 
1 0 7 35 43 1 8 0 
9 5 10 52 61 0 2 1 
2 1 15 42 31 0 9 8 
8 8 25 33 70 4 4 5 
0 3 26 15 62 5 3 8 
5 9 48 8 42 0 9 7 
8 6 18 24 52 0 1 2 
7 5 20 72 31 5 3 1 
7 7 55 88 28 8 2 6 
1 5 2 26 40 8 4 6 
5 0 25 65 39 0 1 4 
5 6 16 112 86 1 6 8 
3 3 33 49 46 9 4 2 
9 7 30 92 32 8 9 8 
5 6 18 59 40 9 1 9 
4 9 0 42 51 4 4 5 
4 3 28 50 43 9 4 5 
5 6 17 8 61 8 1 3 
9 0 27 0 14 7 0 2 
7 2 43 26 41 0 7 0 
0 6 17 52 3 7 1 0 
8 3 35 45 47 3 2 9 
5 3 33 58 49 3 3 6 
2 0 29 28 55 7 6 5 
5 0 33 66 25 4 3 8 
2 9 52 64 42 7 2 3 
6 9 0 77 59 8 7 0 
3 8 45 6 31 7 6 1 
2 2 0 49 58 7 6 8 
4 0 26 58 33 8 9 4 
0 4 40 54 39 5 2 7 
0 3 13 0 50 2 3 7 
3 9 55 77 31 1 3 7 
6 3 0 82 46 3 6 5 
7 9 4 44 73 5 9 0 
9 5 67 37 21 8 1 0 
1 8 9 79 97 1 6 3 
6 8 8 71 26 5 4 8 
7 8 52 61 30 7 6 5 
4 4 25 23 33 2 8 9 
6 5 0 43 57 5 0 1 
7 9 28 50 55 2 2 5 
7 2 33 76 33 2 6 8 
6 0 9 76 68 8 3 9 
3 5 37 23 74 2 8 8 
9 3 81 66 45 3 9 1 
7 7 0 63 6 2 0 0 
2 0 28 21 33 2 4 9 
3 8 35 54 56 2 1 9 
1 9 10 51 59 3 9 9 
7 0 19 78 72 8 5 7 
8 8 40 41 54 5 0 8 
7 6 0 33 76 1 4 2 
5 8 3 86 73 7 8 5 
9 8 9 18 116 4 1 4 
7 1 33 22 31 4 6 7 
6 2 45 79 58 7 5 0 
8 4 34 45 44 2 8 3 
9 0 41 44 68 5 0 7 
1 2 49 34 16 4 8 2 
9 4 4 45 26 9 0 8 
8 6 0 58 47 6 9 2 
2 3 33 44 53 6 3 0 
9 2 0 35 61 6 2 3 
4 5 0 65 22 4 6 7 
5 0 19 78 18 8 9 3 
9 6 31 44 22 6 4 1 
6 0 31 57 57 1 0 8 
8 9 30 58 80 6 0 5 
5 4 52 53 71 1 6 2 
7 0 11 61 38 3 4 3 
1 9 30 83 40 7 7 4 
5 1 59 48 112 3 7 1 
7 3 37 55 43 0 3 5 
7 8 29 42 50 7 3 3 
8 8 38 56 37 7 4 5 
0 9 49 38 8 5 3 9 
2 2 27 43 57 2 4 4 
0 9 63 47 38 7 4 9 
2 2 12 59 56 0 7 8 
1 0 55 22 37 3 2 5 
5 3 29 74 77 1 3 1 
4 9 52 55 71 8 9 2 
3 3 27 85 36 7 9 9 
5 3 18 33 59 7 5 6 
6 8 43 27 77 6 6 7 
1 4 0 47 45 7 3 0 
2 2 51 27 43 9 9 7 
9 2 29 64 52 6 4 2 
0 4 40 49 50 6 5 3 
6 2 32 74 31 9 4 1 
6 7 24 27 48 2 6 8 
3 0 19 51 35 0 8 4 
4 0 21 61 14 7 3 3 
7 4 14 60 70 0 4 0 
3 8 33 86 29 9 3 7 
1 0 29 44 39 7 9 1 
7 8 34 44 89 7 0 4 
7 5 0 46 45 1 5 5 
8 8 7 24 42 0 2 7 
9 5 43 10 35 8 2 8 
8 8 5 51 65 8 3 1 
2 9 0 18 57 6 1 7 
6 3 52 32 30 5 2 7 
3 3 52 87 65 7 1 7 
7 8 36 47 0 5 4 8 
0 8 55 26 19 9 8 7 
1 5 0 35 31 8 4 1 
5 7 42 56 86 7 2 2 
0 1 39 33 53 8 4 9 
6 0 48 57 83 0 9 4 
7 5 7 57 38 6 5 6 
7 7 28 40 62 7 1 3 
8 7 13 31 85 8 8 7 
5 3 38 57 54 5 3 0 
0 8 11 60 45 1 5 5 
7 9 29 28 59 5 3 5 
2 4 69 84 56 8 0 7 
4 8 21 65 28 7 4 0 
2 8 48 74 44 6 0 0 
7 5 14 45 70 0 1 6 
2 8 18 99 24 1 8 1 
4 7 38 37 36 6 7 2 
2 2 41 81 44 5 9 9 
8 3 11 58 65 7 3 9 
2 2 38 22 20 2 3 9 
1 6 55 34 83 1 8 9 
5 7 0 30 53 7 4 4 
4 6 43 60 56 9 6 8 
5 1 8 87 73 9 7 6 
7 3 31 29 66 9 9 8 
6 3 25 24 78 0 6 6 
3 0 18 88 38 1 5 5 
3 2 28 27 53 1 9 8 
6 8 22 57 32 3 4 9 
5 1 45 30 66 0 4 3 
9 6 0 43 60 0 8 9 
1 0 32 17 72 4 2 6 
6 3 28 66 47 1 3 7 
0 7 34 20 85 6 5 6 
8 2 3 82 76 2 6 1 
1 6 45 39 77 8 8 9 
5 6 31 88 41 4 5 2 
8 8 62 54 77 8 1 4 
9 8 54 46 18 2 6 2 
6 0 2 59 48 6 1 7 
4 8 14 40 45 0 2 1 
8 7 61 80 58 4 0 6 
4 7 7 64 51 7 6 5 
2 0 41 44 22 2 7 5 
1 5 18 35 56 0 0 5 
0 3 19 50 22 7 9 0 
0 1 31 29 55 0 2 0 
9 8 0 76 62 1 8 0 
8 7 0 48 83 7 8 0 
8 8 25 69 40 6 9 4 
7 4 43 25 49 2 6 6 
2 0 41 46 63 8 7 8 
1 8 29 26 59 1 7 0 
6 9 29 15 52 3 2 5 
8 6 31 11 41 4 7 3 
4 0 10 25 73 7 0 5 
2 5 18 60 65 4 4 3 
2 9 48 54 70 3 9 6 
8 6 34 98 15 9 0 2 
1 0 0 36 51 9 6 6 
6 4 42 46 55 6 6 2 
4 5 0 85 54 8 9 8 
5 3 0 93 48 0 9 2 
2 2 35 38 41 6 3 1 
0 1 60 53 31 6 4 3 
2 6 17 71 66 8 4 4 
7 2 11 31 61 4 1 4 
2 5 55 71 21 6 5 4 
3 1 23 47 47 8 9 2 
5 8 49 27 38 7 0 7 
5 1 33 78 54 2 4 1 
5 7 30 48 56 2 7 4 
7 1 44 23 18 9 4 0 
4 2 36 7 42 6 7 6 
7 7 10 56 79 2 3 8 
9 8 35 47 72 4 8 7 
2 0 33 53 26 5 0 5 
3 9 28 34 35 4 9 7 
3 7 34 1 80 4 8 4 
8 0 37 49 42 3 2 2 
1 9 2 77 35 2 7 5 
2 1 60 20 57 1 8 3 
5 8 18 31 53 2 4 7 
9 1 28 59 50 3 9 4 
8 2 57 17 23 6 1 5 
8 7 33 41 60 3 8 9 
4 3 0 42 43 1 5 8 
2 2 58 40 0 8 6 7 
7 6 39 44 79 2 9 1 
2 7 43 59 78 6 7 0 
0 4 19 47 35 3 9 7 
6 6 66 79 43 5 1 4 
6 9 38 35 37 7 2 0 
7 7 61 36 26 9 0 3 
8 4 32 87 31 5 6 4 
1 6 17 71 20 7 4 9 
4 7 44 67 77 5 6 2 
5 9 45 52 42 4 1 4 
4 8 25 48 62 5 9 6 
8 4 55 49 72 4 0 7 
1 0 31 12 49 8 2 2 
8 2 0 59 55 5 3 1 
5 4 19 57 51 0 3 4 
6 9 0 14 41 6 0 2 
4 1 9 69 55 2 1 8 
0 0 30 42 39 7 9 7 
8 7 60 26 22 1 4 3 
8 8 41 54 80 2 2 0 
3 4 15 70 82 2 1 7 
2 0 39 68 100 1 0 6 
5 6 26 53 54 7 7 8 
7 1 49 50 53 4 3 5 
6 6 73 72 67 3 7 7 
5 0 13 39 26 7 3 0 
6 2 16 36 1 1 5 6 
5 5 22 46 80 7 3 3 
9 3 0 71 36 3 8 7 
5 0 23 19 49 4 0 3 
2 4 10 87 32 4 7 9 
8 9 19 10 63 9 6 5 
1 7 14 39 32 9 5 1 
3 9 0 16 34 0 4 4 
5 3 33 55 109 7 8 0 
0 9 18 55 46 1 8 9 
8 2 50 45 47 5 7 0 
4 6 10 51 58 1 8 9 
4 2 26 82 41 4 3 8 
8 1 50 53 60 5 6 7 
0 3 54 61 53 8 0 5 
2 4 0 58 83 6 6 7 
0 1 38 43 103 3 0 4 
1 7 0 59 33 5 8 7 
4 9 70 52 28 3 4 1 
2 6 24 85 15 0 7 1 
7 5 0 47 74 7 3 9 
1 5 26 67 27 0 8 5 
6 1 44 74 56 2 1 1 
7 6 9 37 77 3 1 1 
2 4 30 44 77 2 7 0 
7 7 34 75 36 9 5 1 
0 2 40 32 61 2 9 9 
4 5 10 26 42 1 9 7 
2 2 1 76 74 5 7 9 
9 6 55 29 43 0 5 4 
1 9 33 11 59 7 6 1 
7 6 10 40 56 9 5 4 
5 8 60 56 76 7 3 1 
1 5 16 37 64 8 3 2 
3 8 43 46 20 4 1 8 
7 4 1 46 61 2 5 4 
6 5 35 85 60 2 1 5 
5 9 17 25 29 0 6 0 
1 9 32 47 38 5 2 5 
0 2 26 26 40 7 4 3 
5 9 36 102 32 7 6 5 
6 4 54 66 38 2 1 1 
3 0 58 76 49 2 6 3 
6 5 7 56 97 2 7 6 
8 9 10 32 85 0 7 5 
1 4 8 77 40 2 7 4 
2 5 42 67 52 5 6 6 
7 7 27 14 26 9 8 2 
0 2 10 77 24 6 3 4 
6 9 59 83 49 8 7 0 
8 8 45 59 49 9 3 1 
9 0 0 39 63 9 1 2 
5 7 45 52 59 9 8 8 
0 5 2 59 35 0 7 4 
4 5 2 16 58 5 4 0 
4 1 46 17 69 8 0 3 
8 1 30 60 43 3 5 0 
8 3 36 30 22 1 9 4 
7 7 58 58 61 3 7 1 
5 6 57 69 53 4 1 2 
6 2 14 49 42 3 0 6 
3 5 50 41 50 9 5 2 
3 9 0 65 42 3 3 9 
6 0 27 46 65 0 5 4 
4 4 41 38 49 8 4 7 
1 3 0 60 76 1 4 1 
4 4 43 45 35 7 1 5 
6 8 19 60 14 1 1 5 
3 9 13 67 38 9 6 9 
0 0 0 60 5 4 4 0 
4 7 21 39 38 5 0 7 
3 1 55 22 47 9 3 6 
2 5 41 50 62 3 0 7 
0 2 25 33 59 1 2 6 
2 4 49 42 66 4 0 4 
8 2 23 51 18 3 9 8 
9 2 37 64 46 7 2 4 
9 1 49 10 46 0 2 2 
5 4 14 5 28 6 0 8 
4 2 46 16 47 5 6 2 
8 2 4 35 52 6 4 5 
4 8 22 54 41 5 5 5 
1 9 48 45 62 7 7 1 
5 6 9 91 66 4 2 2 
6 8 27 39 38 2 2 5 
0 5 11 47 15 3 8 4 
7 1 14 48 23 0 0 4 
6 7 16 21 33 9 8 5 
4 5 35 89 46 1 2 6 
2 8 20 18 33 5 7 0 
1 5 68 81 25 5 8 4 
4 1 65 53 45 6 5 5 
4 7 45 51 30 8 9 3 
4 0 39 57 42 3 3 5 
0 0 55 33 23 0 6 1 
8 9 20 39 34 1 1 1 
5 7 26 18 47 0 2 2 
7 7 46 53 21 7 6 5 
2 9 17 18 37 2 0 0 
8 0 37 52 50 8 4 4 
9 8 39 58 77 8 3 7 
7 4 43 45 63 7 4 9 
8 6 48 30 46 0 8 5 
8 1 56 15 10 9 2 2 
6 8 41 87 81 0 7 8 
7 7 69 43 35 5 1 3 
4 1 50 45 79 0 9 0 
3 9 39 11 43 2 8 0 
9 8 7 36 53 0 1 8 
2 0 24 33 60 7 2 2 
5 9 6 28 54 9 3 0 
1 6 17 36 76 1 3 7 
6 5 35 19 64 0 6 9 
7 1 64 74 59 8 7 2 
4 1 54 63 35 6 7 7 
5 4 32 46 73 5 9 1 
8 2 51 64 20 2 1 5 
0 6 67 94 27 3 5 2 
8 5 27 64 43 4 2 0 
1 6 31 48 57 1 3 7 
0 2 27 49 61 0 8 7 
7 8 39 81 38 7 0 4 
4 0 41 69 51 9 5 7 
1 0 28 55 15 7 1 6 
6 2 5 32 78 1 6 0 
4 3 30 39 59 8 2 1 
4 5 23 33 41 4 5 7 
7 7 8 66 38 6 0 8 
5 7 77 31 64 4 3 4 
2 4 65 66 49 0 7 9 
8 0 22 45 66 8 7 2 
5 8 18 28 96 8 2 7 
3 3 0 27 65 0 1 8 
8 1 63 28 64 6 1 8 
6 4 37 17 55 3 7 3 
4 2 28 49 57 3 3 2 
1 8 32 27 47 5 4 8 
4 1 11 75 78 6 5 7 
7 4 14 44 41 6 4 7 
9 4 0 44 58 9 2 0 
1 4 44 32 52 9 8 9 
0 0 45 27 45 8 3 7 
3 7 20 59 71 1 7 0 
1 7 60 63 87 3 7 3 
7 7 0 44 47 9 9 9 
1 4 41 43 25 6 9 8 
4 6 54 28 55 8 6 2 
5 0 30 15 35 0 3 8 
8 3 30 40 61 9 1 6 
0 9 41 5 63 9 5 3 
9 6 27 51 21 4 5 5 
8 5 60 81 40 4 9 9 
1 2 29 51 68 2 6 2 
2 2 18 39 71 7 7 5 
3 5 26 39 74 4 4 8 
7 4 52 85 67 2 2 4 
9 8 0 85 44 8 8 4 
6 5 25 55 59 5 0 8 
8 2 28 0 38 1 8 3 
1 4 26 37 39 6 5 0 
7 9 22 44 55 3 7 1 
9 6 8 49 58 8 3 5 
2 0 29 56 59 3 0 8 
4 3 39 29 36 0 1 7 
6 4 30 48 35 0 7 9 
3 3 9 56 58 7 2 5 
8 4 28 37 29 8 2 1 
8 3 45 76 23 4 7 9 
7 3 44 65 41 8 3 3 
5 2 9 55 44 8 2 1 
1 6 14 64 47 6 9 5 
5 3 57 65 44 4 8 5 
3 4 42 89 46 0 7 2 
2 8 32 10 64 7 6 3 
5 0 34 79 38 6 7 0 
6 6 64 79 40 2 1 4 
7 5 12 39 49 0 7 6 
7 5 22 42 83 1 4 1 
8 1 18 68 24 8 9 5 
6 3 12 42 39 3 4 1 
8 4 50 77 14 8 5 8 
2 5 60 38 41 2 3 3 
1 5 25 56 66 8 4 6 
1 1 33 63 44 9 5 6 
1 2 52 62 23 9 6 3 
5 2 52 44 52 0 4 5 
1 7 10 16 54 4 1 0 
8 2 28 64 54 9 0 4 
4 1 32 66 79 0 1 2 
0 9 28 35 41 9 5 2 
8 6 0 69 32 7 2 3 
1 3 48 53 0 7 0 1 
1 3 17 48 27 3 9 7 
9 2 36 89 65 4 3 2 
3 0 37 46 67 1 8 9 
2 9 23 61 60 1 6 1 
0 8 37 50 13 6 8 6 
9 7 22 15 24 3 9 0 
0 8 11 89 16 9 7 5 
5 1 27 73 63 2 0 0 
4 1 35 57 7 0 5 8 
9 5 46 75 54 7 2 0 
1 1 4 56 44 1 5 9 
5 3 65 76 60 9 9 8 
9 0 32 40 51 7 5 3 
8 8 25 67 46 2 5 1 
4 0 31 67 61 2 1 7 
3 2 25 87 48 0 8 7 
1 5 20 55 19 8 6 4 
7 2 39 63 26 9 9 2 
7 5 12 44 42 0 3 5 
3 7 22 64 38 5 4 7 
5 6 29 42 62 2 1 4 
6 0 13 24 61 3 8 2 
5 9 18 31 34 8 0 5 
6 6 34 87 72 2 6 1 
9 4 33 80 65 2 2 7 
9 4 25 31 47 3 0 3 
8 6 33 85 64 4 7 2 
7 0 24 25 34 8 7 9 
2 3 10 65 43 3 2 9 
0 4 35 57 61 4 6 8 
5 9 15 76 55 5 6 6 
9 7 12 71 29 2 2 2 
7 6 39 55 50 8 8 0 
5 5 25 35 42 5 3 7 
8 1 11 11 33 9 4 0 
7 7 40 42 39 1 4 7 
5 0 15 43 13 8 9 0 
7 3 32 40 46 7 8 0 
1 5 29 54 47 3 2 0 
9 6 19 63 57 9 1 4 
3 8 20 39 22 4 8 1 
8 8 44 53 13 9 8 7 
0 5 54 70 55 7 0 0 
7 7 0 26 38 7 4 0 
7 5 38 79 51 6 7 0 
4 6 1 64 77 5 3 2 
7 0 22 24 47 7 9 5 
0 0 31 41 34 5 7 7 
0 0 37 52 48 0 6 4 
3 9 47 49 64 3 9 3 
0 5 52 75 77 3 1 6 
1 6 37 51 38 0 0 1 
5 1 36 60 56 2 3 6 
0 0 46 37 33 8 9 2 
9 5 29 61 39 7 9 2 
6 3 36 73 41 9 0 9 
8 9 25 33 46 6 4 5 
8 9 24 45 64 0 4 8 
3 9 31 55 41 4 2 7 
2 0 57 60 12 8 5 8 
4 9 39 50 60 4 0 2 
2 5 12 51 56 2 5 3 
5 2 0 26 57 8 4 8 
6 5 17 48 48 0 9 1 
2 2 31 50 59 4 8 1 
5 5 17 51 42 8 1 7 
7 7 36 56 49 4 7 7 
0 3 37 28 43 6 7 3 
2 0 18 85 56 6 0 6 
9 6 72 34 45 0 2 8 
7 0 11 79 85 3 5 1 
3 3 0 65 55 7 9 6 
6 9 42 43 72 5 7 9 
6 3 45 53 63 6 8 4 
2 4 21 45 69 8 8 2 
0 8 52 14 87 6 0 1 
2 4 58 48 59 7 6 7 
9 5 6 63 43 0 1 2 
7 2 51 80 74 4 0 7 
1 7 64 54 41 0 8 9 
3 5 29 74 49 8 2 3 
1 1 22 37 40 6 2 4 
9 6 52 102 113 3 2 3 
0 2 25 66 58 4 9 4 
0 7 46 33 60 0 4 3 
1 9 10 56 77 4 9 7 
1 9 43 33 60 5 2 9 
3 2 58 46 46 7 4 2 
7 7 94 37 69 6 2 5 
8 3 27 20 49 6 9 4 
7 0 32 82 47 5 3 2 
8 1 13 42 61 4 8 6 
8 4 12 66 54 0 6 1 
6 5 12 80 18 0 2 0 
2 0 24 52 25 5 8 2 
5 8 6 46 28 1 7 4 
3 9 49 75 25 4 5 3 
2 3 32 50 33 4 4 2 
5 0 0 58 64 3 3 3 
3 2 42 60 38 9 4 1 
8 3 26 56 28 5 6 1 
3 1 5 10 49 6 7 8 
8 7 18 44 36 0 5 9 
2 3 28 71 69 8 7 2 
7 8 17 62 62 0 0 8 
0 7 3 44 50 7 9 3 
2 4 0 27 26 5 7 7 
6 6 5 37 39 7 7 9 
6 7 24 68 35 7 8 1 
3 4 23 43 28 8 9 7 
0 1 13 49 54 8 4 7 
2 0 35 22 45 5 0 6 
0 1 16 47 54 1 1 0 
7 0 22 50 9 4 6 9 
3 7 51 22 60 2 8 4 
7 8 22 29 55 3 3 2 
4 1 38 33 91 4 6 5 
7 3 38 49 47 4 1 4 
2 9 32 48 101 9 3 4 
0 4 0 35 69 2 5 7 
7 3 3 117 58 5 2 7 
8 9 18 15 46 7 8 4 
8 7 31 12 21 1 8 3 
1 7 26 17 38 0 5 5 
1 4 13 83 90 7 9 2 
0 8 50 57 76 4 5 2 
7 1 26 46 55 0 2 2 
9 7 23 74 73 7 0 3 
2 4 18 76 55 0 8 5 
8 7 60 50 50 3 8 1 
6 2 26 59 42 1 0 7 
5 0 0 23 55 6 8 9 
5 8 1 34 56 7 8 9 
7 0 41 64 55 8 9 3 
0 9 13 36 39 3 1 8 
6 0 7 51 70 7 7 8 
1 8 54 53 36 4 1 5 
1 4 28 43 64 2 2 0 
2 6 59 16 51 7 6 3 
0 0 28 30 52 8 0 3 
3 6 26 21 58 1 0 2 
3 5 17 45 76 2 2 8 
1 0 31 30 46 3 4 8 
0 3 20 69 39 5 3 9 
4 2 1 41 26 1 0 6 
9 4 18 85 36 5 7 3 
1 8 29 0 39 9 7 8 
3 3 40 50 47 8 4 2 
4 4 22 49 52 8 9 1 
0 3 0 67 64 9 1 1 
5 3 18 77 70 5 4 8 
5 7 0 45 48 7 7 3 
3 3 26 58 38 6 5 5 
6 2 10 78 54 4 9 7 
3 9 36 44 55 4 7 6 
2 7 9 60 57 5 9 2 
5 7 50 50 77 6 2 4 
4 3 53 38 49 9 7 6 
9 3 24 15 36 5 9 5 
3 9 1 45 10 6 3 8 
7 7 65 79 33 3 6 5 
8 8 7 52 54 1 9 5 
5 0 46 64 33 2 6 6 
4 4 32 35 68 6 5 3 
0 6 51 60 53 4 0 7 
6 4 40 40 50 7 6 3 
0 6 9 47 41 3 1 7 
2 3 25 40 40 7 0 8 
0 7 20 40 15 9 7 1 
0 7 37 43 67 8 5 3 
0 6 0 52 91 5 1 0 
2 5 63 40 71 6 2 6 
1 5 13 84 38 1 7 5 
1 8 40 41 20 7 3 6 
7 6 0 15 65 7 4 5 
4 0 0 53 65 4 1 1 
2 9 16 19 3 1 7 1 
6 8 25 65 41 5 8 4 
3 2 26 40 37 6 0 0 
3 5 0 57 73 2 2 0 
2 4 17 26 47 9 8 1 
4 3 54 46 46 4 6 9 
1 6 34 54 67 5 5 2 
9 0 24 71 100 8 0 2 
6 4 47 45 85 2 0 4 
0 8 1 34 54 1 8 1 
9 9 28 52 43 8 9 2 
1 8 34 50 54 8 9 1 
1 5 14 78 37 8 4 7 
8 4 26 39 0 0 7 9 
2 9 62 50 28 3 8 9 
5 6 29 60 28 7 3 8 
4 1 32 76 38 8 3 8 
6 4 27 86 28 4 8 9 
8 4 0 66 49 0 3 1 
7 6 40 82 67 9 0 5 
2 5 21 26 46 5 9 1 
2 9 63 60 57 1 9 4 
6 3 0 44 76 2 8 8 
6 3 15 84 50 7 5 3 
7 0 17 37 64 4 7 3 
5 2 64 37 50 1 4 4 
7 3 11 48 22 8 7 0 
6 5 0 55 43 9 9 6 
2 2 23 69 60 3 2 6 
9 6 15 74 52 7 5 1 
1 7 45 29 67 7 7 2 
1 4 22 42 46 7 6 9 
8 2 6 105 39 1 8 0 
0 9 19 24 37 6 5 7 
3 7 42 46 60 5 5 7 
8 7 27 64 79 3 9 6 
9 7 34 44 40 7 5 0 
1 9 36 69 88 3 4 8 
7 3 24 66 60 6 3 1 
9 5 63 26 35 7 4 8 
0 8 65 59 28 5 0 1 
2 7 25 5 38 3 6 0 
9 9 28 50 24 2 4 3 
3 2 41 46 82 8 1 5 
5 5 25 85 47 3 2 6 
4 7 0 54 10 3 3 9 
1 9 22 46 74 1 9 3 
7 1 57 70 33 6 6 0 
4 2 7 16 20 3 8 1 
6 7 1 87 53 9 1 2 
7 2 25 32 22 6 9 2 
8 6 8 83 42 7 8 9 
4 9 8 49 25 9 6 8 
5 9 44 38 33 8 7 2 
6 9 30 52 62 3 8 4 
4 1 27 71 23 7 0 2 
4 7 20 56 31 7 4 7 
9 7 0 19 45 6 7 5 
4 5 64 39 55 4 4 4 
7 0 16 60 53 2 1 8 
7 8 8 61 11 4 9 1 
9 8 7 62 69 7 0 8 
8 8 39 100 75 4 8 5 
8 3 69 27 65 8 0 5 
2 6 30 31 47 3 7 9 
8 8 46 35 56 1 7 6 
1 1 7 51 63 6 8 3 
1 0 12 44 42 2 3 6 
2 1 36 72 61 0 5 5 
9 2 6 40 71 2 1 0 
6 3 24 43 73 3 2 1 
5 4 72 53 62 8 1 1 
2 7 9 29 49 2 8 8 
8 8 55 39 75 8 4 6 
7 7 54 19 57 0 9 5 
2 3 30 61 48 7 9 1 
7 2 28 63 82 4 6 8 
9 3 32 54 59 2 0 6 
7 5 47 38 66 9 3 8 
7 7 48 52 38 3 4 9 
6 3 34 71 17 5 0 1 
8 0 20 43 85 5 2 7 
1 0 13 21 62 4 4 5 
9 1 0 39 57 1 9 0 
1 9 26 22 86 6 3 8 
4 9 15 27 78 3 6 9 
1 4 15 53 51 9 2 8 
8 4 66 18 47 4 9 4 
2 6 3 56 57 6 6 5 
6 6 51 84 35 3 0 2 
8 1 17 61 33 7 1 3 
3 5 39 25 61 4 8 3 
7 1 15 39 43 9 0 4 
2 5 31 59 93 3 4 9 
9 8 45 31 34 2 2 9 
5 4 32 34 14 4 1 2 
5 4 22 94 46 9 5 1 
6 7 34 34 59 2 8 4 
4 2 8 55 53 6 8 0 
8 7 20 43 77 9 8 0 
3 8 20 45 43 0 1 7 
0 9 44 49 58 0 8 5 
9 3 28 66 15 5 7 9 
8 1 3 78 87 0 4 4 
3 3 67 32 51 7 6 5 
8 8 29 43 41 0 9 7 
3 9 17 34 56 1 5 2 
3 4 64 64 82 9 6 9 
7 9 27 60 9 8 0 4 
2 9 0 34 94 3 0 1 
8 1 38 58 60 9 1 2 
9 7 30 33 54 0 0 3 
3 4 5 55 69 8 4 5 
9 7 14 61 52 7 0 4 
1 5 7 11 32 2 8 7 
5 7 20 48 26 8 6 0 
1 1 0 33 33 7 8 7 
2 4 0 63 56 3 3 1 
1 0 0 69 13 2 7 4 
3 5 12 54 54 5 5 8 
4 0 11 65 49 0 3 5 
8 5 5 43 69 4 0 4 
7 9 15 64 54 4 6 9 
2 1 10 28 46 2 1 2 
4 7 22 35 77 4 1 2 
1 0 2 55 62 3 3 0 
5 5 31 52 41 7 5 8 
9 7 21 31 78 5 0 0 
1 1 19 26 66 1 5 1 
3 0 26 87 52 3 8 1 
5 7 33 51 51 0 6 8 
3 6 63 11 54 4 0 4 
2 1 35 49 43 4 7 8 
6 4 14 85 46 6 5 6 
9 4 42 65 93 8 7 6 
2 7 6 62 38 3 9 3 
8 3 36 46 53 5 5 5 
5 3 41 47 59 2 7 6 
2 4 15 63 37 5 7 4 
0 1 5 15 68 3 9 6 
0 2 30 72 51 8 3 9 
8 0 8 31 63 4 0 3 
3 8 15 101 47 4 6 3 
8 7 30 75 57 2 2 0 
1 3 40 34 23 1 0 9 
1 4 16 50 16 6 0 0 
4 7 39 60 39 9 6 1 
6 6 50 84 69 7 2 6 
6 7 46 67 5 5 0 2 
2 8 20 63 54 6 4 9 
3 1 23 42 68 7 2 2 
4 4 0 46 69 8 6 5 
1 8 13 55 32 6 1 7 
4 8 5 33 38 8 8 8 
0 8 29 74 50 1 5 4 
8 3 93 45 33 6 0 6 
8 8 23 48 83 5 1 7 
7 9 14 66 81 2 0 4 
2 5 22 65 36 5 0 9 
2 8 60 31 49 5 5 2 
7 0 0 43 73 0 1 3 
4 7 51 50 84 8 0 4 
0 5 47 67 28 6 5 0 
2 7 19 58 64 8 9 6 
4 1 21 43 39 2 3 0 
7 3 10 50 68 5 8 6 
9 5 38 68 48 4 8 3 
7 2 37 17 38 0 6 8 
5 0 6 64 24 6 3 4 
6 8 22 55 30 2 7 8 
7 0 36 64 82 6 2 5 
8 2 20 34 13 5 9 1 
8 0 72 16 19 0 1 4 
7 2 8 25 96 8 8 1 
2 9 52 67 47 5 3 3 
3 7 30 10 44 2 5 6 
3 0 17 51 39 8 9 8 
8 6 51 65 61 3 3 9 
2 3 20 56 66 3 2 1 
9 3 18 80 63 6 7 0 
0 7 22 70 33 8 2 2 
1 6 33 53 63 6 4 4 
8 6 31 75 71 8 8 1 
0 2 0 54 55 4 9 7 
7 2 39 81 33 3 2 5 
4 6 42 30 77 7 5 2 
2 7 47 30 33 1 8 8 
7 8 51 21 34 3 3 2 
0 2 33 42 69 7 4 1 
0 3 26 47 48 6 8 9 
2 3 49 16 22 4 7 3 
1 2 10 45 29 9 4 9 
5 1 46 71 63 4 8 4 
4 7 15 31 58 4 8 5 
5 0 16 65 67 0 4 7 
3 3 5 46 36 5 1 4 
1 1 16 37 41 9 9 4 
3 6 60 70 18 8 8 8 
7 8 35 56 52 6 6 8 
8 3 49 31 75 0 4 9 
8 1 41 39 65 6 8 6 
4 4 37 32 55 0 4 7 
0 8 13 25 58 8 6 4 
8 3 32 68 78 4 5 9 
5 6 40 58 77 1 4 2 
7 2 38 85 43 1 9 9 
3 4 40 69 55 1 7 8 
7 7 60 33 58 3 5 0 
4 5 21 29 32 4 3 6 
4 8 17 67 63 4 7 5 
5 6 45 36 29 0 0 2 
5 3 33 54 42 1 0 0 
7 3 15 84 19 5 1 0 
9 8 60 49 59 0 5 5 
3 5 34 76 70 3 5 9 
0 4 0 79 52 8 2 2 
9 4 33 62 19 2 3 2 
2 2 39 72 31 9 1 5 
0 3 14 37 34 1 1 1 
4 2 24 60 34 7 6 8 
4 9 16 62 37 6 2 3 
7 2 57 54 66 0 1 5 
5 2 69 64 72 2 3 9 
6 6 15 51 89 4 3 5 
4 7 37 41 50 9 7 3 
2 5 38 66 32 4 1 2 
0 6 51 60 89 3 9 1 
7 8 15 55 35 6 3 7 
1 8 36 69 55 8 8 5 
9 0 40 38 21 0 2 7 
9 0 0 60 30 7 4 5 
3 2 29 35 54 1 7 7 
9 1 55 31 51 9 6 2 
4 9 54 24 54 2 3 1 
0 1 44 44 62 0 4 5 
4 5 34 54 58 1 9 7 
9 5 38 28 51 4 9 1 
6 7 85 76 16 7 2 1 
8 2 30 63 28 4 9 6 
8 6 17 38 19 3 9 6 
2 2 51 19 50 5 1 3 
7 1 66 80 66 0 0 4 
0 6 28 64 24 3 5 0 
1 2 58 70 47 8 8 3 
9 7 21 3 46 1 4 8 
5 4 38 23 44 1 4 0 
0 9 0 43 7 9 1 1 
1 8 55 28 42 4 9 5 
8 3 41 66 47 9 5 9 
3 0 35 61 42 5 2 8 
5 9 53 64 48 5 8 8 
1 6 39 38 46 4 7 9 
7 0 54 51 22 7 2 5 
1 9 10 55 59 4 1 1 
7 3 63 58 59 7 0 0 
0 7 0 0 62 0 2 0 
1 8 45 62 46 5 2 4 
4 3 0 31 43 7 1 6 
1 8 55 45 49 1 4 3 
7 4 49 34 62 2 3 3 
6 6 0 52 47 5 0 9 
7 0 61 36 58 2 2 9 
4 7 0 14 37 9 9 9 
5 2 23 40 58 0 2 6 
5 8 3 36 47 8 0 2 
0 7 12 83 28 7 5 6 
3 0 26 42 56 0 0 0 
0 3 28 81 47 7 7 1 
9 2 5 36 38 4 4 4 
2 7 9 56 69 1 9 3 
3 2 28 74 58 0 3 8 
1 6 44 56 39 0 6 5 
0 6 34 35 47 2 2 2 
7 8 0 30 81 6 5 4 
2 8 42 77 47 5 0 1 
9 0 74 56 34 5 4 3 
5 5 18 65 62 2 5 4 
2 6 30 56 89 9 5 4 
6 5 29 55 60 6 2 7 
0 6 58 47 82 7 4 2 
0 0 24 55 26 3 9 4 
0 9 34 64 48 7 0 5 
8 9 7 74 52 8 2 6 
2 9 34 49 72 9 1 4 
4 7 25 62 60 0 8 6 
6 8 34 26 66 3 9 8 
7 2 0 34 3 6 0 0 
6 7 60 58 34 6 1 7 
5 9 51 37 65 1 0 7 
1 1 45 59 60 1 1 9 
3 6 48 86 36 3 9 9 
3 2 14 42 32 3 1 7 
9 8 51 50 25 2 4 8 
6 6 14 51 60 0 8 9 
9 9 29 48 26 0 7 1 
4 7 0 4 13 3 1 3 
0 8 15 57 44 6 1 7 
0 6 35 67 72 3 4 4 
6 1 18 3 28 4 5 3 
0 4 16 57 44 8 3 9 
3 8 15 76 43 5 9 2 
1 1 54 26 50 8 7 8 
3 1 7 40 54 4 2 1 
9 9 36 60 65 4 7 6 
3 2 16 52 29 8 0 0 
4 9 36 61 70 8 7 1 
1 1 20 25 59 2 9 2 
9 2 59 56 57 7 3 9 
9 3 56 22 71 3 2 6 
3 7 10 56 59 7 3 1 
4 4 21 48 58 3 6 9 
0 6 35 17 72 5 0 1 
4 9 9 63 105 5 0 7 
7 7 21 73 48 6 9 2 
5 2 0 43 63 8 3 2 
2 3 22 64 53 8 7 7 
3 5 16 45 32 3 0 0 
7 3 52 29 55 1 4 7 
1 7 0 55 54 2 9 4 
2 8 0 53 15 9 3 5 
1 9 0 62 52 9 6 8 
7 4 43 69 60 1 1 3 
4 8 61 61 44 0 6 5 
5 3 36 43 55 6 7 8 
4 6 25 37 39 6 1 4 
2 3 47 24 49 2 8 5 
1 4 37 45 94 4 2 0 
9 7 47 35 83 8 8 3 
7 2 45 33 44 9 7 9 
1 4 33 51 73 0 1 5 
7 4 23 42 44 8 4 4 
8 5 41 58 54 6 9 5 
3 9 31 70 38 6 7 0 
7 4 16 24 38 4 6 1 
1 5 43 69 38 5 3 7 
7 6 4 50 78 4 8 4 
1 7 79 55 30 7 5 5 
8 6 30 34 55 9 4 5 
6 4 74 59 71 6 8 9 
7 1 16 43 49 8 3 3 
4 8 39 15 46 4 0 9 
3 5 17 48 60 2 5 2 
1 8 52 100 95 4 5 6 
2 1 33 45 37 3 3 4 
7 3 67 23 50 9 9 4 
5 6 0 26 35 6 1 8 
5 4 48 72 71 6 1 4 
5 7 41 50 55 3 1 9 
4 1 24 18 58 8 0 3 
2 3 9 71 70 7 6 3 
1 1 13 46 56 3 4 7 
6 5 6 73 90 5 7 4 
7 2 5 58 56 4 9 8 
4 0 64 100 26 0 5 8 
8 1 48 43 71 8 5 3 
2 2 0 71 52 8 2 5 
9 2 5 55 74 9 0 7 
8 1 1 45 34 8 7 5 
9 6 48 62 57 9 4 3 
5 6 14 77 33 6 8 3 
9 6 47 34 66 4 3 7 
7 3 33 51 46 8 0 3 
6 7 45 53 75 3 6 3 
6 2 13 60 69 1 8 0 
1 6 0 80 92 1 1 3 
4 5 50 29 70 6 6 8 
5 6 36 34 32 2 6 1 
0 3 52 58 52 5 3 0 
0 1 5 16 81 5 2 4 
4 2 62 19 59 5 3 2 
1 0 18 53 22 7 2 7 
4 5 26 20 38 4 1 5 
9 0 33 28 23 2 2 4 
6 3 19 62 62 8 6 0 
2 8 37 43 43 8 2 1 
3 6 4 41 58 8 4 3 
7 5 17 56 52 3 4 9 
4 4 32 29 38 1 2 4 
1 4 19 23 57 7 0 0 
8 5 2 49 43 6 0 2 
1 6 0 51 56 7 2 3 
9 1 43 49 64 2 8 0 
5 5 2 84 38 9 0 5 
9 1 40 60 63 3 6 3 
5 9 20 62 47 8 2 1 
5 1 14 11 38 1 9 1 
9 6 35 58 41 2 8 7 
4 9 8 0 38 0 8 4 
5 9 18 20 25 2 2 1 
5 0 51 61 47 6 2 7 
9 1 25 87 64 2 3 2 
3 5 9 56 44 2 8 4 
5 7 34 33 53 1 2 5 
8 5 26 39 40 5 5 5 
0 2 48 66 31 9 6 5 
8 1 20 41 65 8 3 0 
2 9 56 40 32 1 8 9 
8 2 54 44 46 1 2 4 
4 8 2 59 49 3 5 3 
2 7 20 49 54 3 3 5 
0 2 44 43 44 8 1 8 
4 7 21 15 50 1 5 8 
5 4 28 41 28 1 8 9 
9 6 50 55 21 3 6 7 
7 6 0 43 73 2 1 7 
1 1 17 50 11 7 3 8 
4 6 41 41 37 5 8 2 
6 3 21 66 67 1 5 4 
9 4 55 60 61 3 4 2 
7 3 6 95 42 9 0 4 
4 9 35 69 72 3 5 8 
6 1 32 80 39 6 3 7 
2 5 42 40 73 0 3 8 
1 6 0 59 42 6 1 3 
8 8 42 38 56 9 8 0 
7 7 29 72 47 4 1 0 
3 0 12 56 74 1 7 8 
0 4 19 66 52 5 7 9 
5 3 46 64 43 2 2 5 
6 9 24 42 56 4 2 2 
9 2 11 58 20 2 2 6 
0 3 4 28 32 7 3 6 
0 8 33 42 44 7 0 8 
1 8 11 63 72 6 6 2 
6 6 21 52 126 9 5 0 
0 1 38 60 83 0 1 0 
6 7 41 70 28 6 8 0 
1 9 43 72 36 4 6 9 
8 3 45 48 36 6 4 9 
6 7 25 56 34 3 9 6 
5 0 26 47 90 5 5 8 
3 0 80 50 59 2 3 4 
2 4 17 2 56 3 4 9 
3 0 21 51 45 6 3 0 
4 1 17 51 41 2 2 4 
6 9 0 69 20 0 8 1 
1 0 48 73 67 0 7 0 
5 2 27 51 74 4 4 6 
4 5 64 17 51 8 8 1 
6 5 65 87 48 7 8 6 
5 1 3 33 55 2 7 8 
4 3 31 52 71 4 3 2 
7 3 42 69 5 6 7 2 
9 8 11 52 50 4 5 2 
2 7 26 58 28 3 2 6 
9 4 25 55 55 5 5 4 
5 7 33 61 32 5 3 1 
6 1 47 48 51 2 5 3 
1 0 45 110 79 2 8 7 
9 3 47 58 18 3 6 1 
5 6 24 51 25 4 8 9 
1 9 10 62 41 5 9 1 
6 2 43 48 26 6 7 5 
5 3 12 101 46 9 7 3 
3 5 9 66 78 4 5 2 
4 0 33 42 47 5 9 6 
5 5 16 47 56 0 2 0 
8 0 35 63 45 3 8 8 
0 2 19 62 40 4 3 6 
8 4 44 78 54 0 8 6 
8 1 49 40 91 6 0 2 
0 3 39 38 84 5 2 9 
9 8 0 73 49 4 8 1 
5 0 58 62 31 6 8 2 
5 7 44 79 31 6 2 3 
7 3 42 38 30 8 8 6 
8 7 5 52 63 1 8 6 
5 9 37 34 54 6 8 0 
6 3 38 70 64 2 3 8 
8 3 42 47 40 5 7 3 
2 1 29 44 57 0 0 1 
3 2 44 60 71 2 8 3 
8 9 18 0 30 8 3 7 
9 8 0 44 61 5 2 8 
9 6 26 49 79 3 5 7 
1 6 56 40 36 6 2 5 
1 7 32 61 11 3 7 7 
2 7 42 58 56 9 4 7 
8 2 62 84 48 4 9 7 
1 5 39 48 34 9 7 2 
5 6 41 19 44 8 0 7 
8 6 22 49 52 8 6 9 
7 0 1 43 52 3 3 6 
7 3 8 45 57 8 3 8 
6 9 24 95 62 1 4 6 
5 6 46 44 38 5 4 7 
9 9 24 79 63 5 6 3 
7 9 28 21 70 0 5 1 
0 3 35 0 73 3 9 4 
6 7 16 62 38 7 4 9 
5 4 7 58 59 7 7 8 
5 4 17 67 49 7 8 3 
6 3 40 77 68 4 8 0 
7 7 50 45 45 0 1 3 
5 6 21 57 61 0 1 8 
1 8 18 62 29 4 7 9 
6 9 33 43 52 5 6 0 
4 2 20 63 39 6 8 8 
5 0 36 14 55 3 4 9 
8 7 31 30 43 3 2 9 
8 2 0 70 68 5 9 4 
3 8 25 94 23 3 8 2 
4 5 0 56 52 0 3 5 
7 4 7 42 28 5 7 9 
4 3 52 26 71 5 1 4 
7 6 28 95 59 9 8 1 
5 8 33 84 38 6 7 8 
0 8 20 59 79 0 5 8 
6 8 60 42 65 1 6 1 
6 3 32 8 74 7 6 1 
0 3 19 75 56 2 4 8 
7 0 28 35 15 6 1 4 
6 5 44 28 97 4 6 1 
1 0 20 88 32 9 1 0 
0 0 39 14 77 8 7 1 
9 4 62 101 51 1 6 6 
8 8 46 22 49 3 8 9 
7 3 20 57 45 3 4 1 
3 6 38 24 55 4 8 0 
0 5 0 66 35 1 3 6 
