8 4300
1 9 45 62 15 6 5 4 
4 2 36 69 19 3 5 5 
9 1 0 65 52 4 2 3 
6 6 23 65 46 0 2 5 
1 4 47 29 17 0 5 6 
4 7 25 32 83 9 8 1 
5 1 0 41 57 7 5 4 
4 1 18 42 16 8 9 7 
7 5 28 71 116 4 4 0 
8 7 23 42 71 7 9 0 
9 7 46 79 25 9 6 6 
7 6 12 49 59 9 1 3 
0 4 9 38 50 2 9 4 
0 9 21 70 38 5 7 6 
4 2 41 61 74 5 6 6 
5 1 27 50 60 5 4 8 
3 7 0 4 52 7 7 7 
7 9 53 93 90 0 6 6 
3 3 70 56 56 7 9 6 
0 7 4 51 21 6 7 8 
7 7 51 66 25 9 3 6 
3 3 29 40 96 3 7 1 
4 9 23 81 32 5 6 0 
3 6 23 69 35 1 2 4 
8 6 29 29 42 2 3 1 
3 2 25 52 7 8 2 5 
9 0 8 72 72 3 8 7 
4 3 23 52 48 3 2 2 
9 7 61 45 58 7 0 2 
8 1 0 29 43 9 7 0 
1 7 32 43 44 5 9 9 
0 4 0 24 33 2 8 3 
8 5 13 23 29 9 3 8 
0 8 16 43 31 3 2 7 
7 0 41 71 51 6 1 9 
6 7 16 1 63 8 0 7 
3 8 8 47 51 3 0 0 
1 5 0 19 61 1 4 7 
9 6 8 54 24 0 4 2 
0 6 31 33 45 8 1 2 
1 2 50 62 19 5 8 7 
4 2 68 46 25 2 4 0 
5 9 0 36 76 4 4 7 
8 6 30 41 22 8 4 4 
2 1 60 41 68 3 0 7 
1 0 20 38 55 8 3 5 
1 3 26 30 45 0 8 3 
7 5 61 49 79 0 3 3 
2 4 47 48 91 1 8 8 
1 2 0 33 19 2 9 3 
1 6 21 61 14 1 1 1 
6 0 6 22 67 7 5 8 
6 5 22 44 46 3 6 8 
6 9 2 85 28 9 1 7 
5 0 22 55 37 6 3 7 
1 1 49 38 66 9 4 4 
2 8 19 27 71 0 5 9 
1 4 55 48 64 8 6 7 
2 8 12 78 31 4 8 7 
6 8 27 75 49 4 1 3 
0 3 72 38 73 0 7 8 
6 2 0 25 57 8 2 0 
1 3 44 46 9 0 0 4 
5 4 20 64 91 4 3 3 
1 5 46 55 65 4 2 1 
4 2 32 26 47 3 8 6 
3 7 7 61 27 4 2 5 
8 1 32 57 18 7 3 0 
7 8 31 51 51 2 2 0 
0 1 33 68 28 8 1 7 
1 7 13 42 50 3 9 6 
9 3 55 32 53 2 9 1 
5 6 31 18 33 5 7 7 
6 8 22 66 85 9 2 8 
5 1 37 37 59 9 6 0 
3 8 25 26 52 5 9 9 
8 2 0 25 54 2 9 6 
7 6 52 48 39 9 0 1 
0 6 34 43 42 5 8 0 
2 7 15 42 58 9 0 8 
6 3 27 40 92 5 7 2 
6 2 49 65 84 3 5 3 
8 4 16 74 41 8 3 3 
6 5 45 66 83 1 8 7 
6 6 53 81 36 5 5 1 
4 6 44 44 73 0 2 4 
1 0 55 73 81 6 5 5 
3 8 32 46 54 9 9 6 
4 6 25 32 53 6 4 2 
4 3 30 45 28 5 5 3 
2 1 18 54 40 7 7 0 
5 3 38 48 52 9 8 6 
0 4 29 46 56 1 9 8 
5 2 42 72 53 7 4 3 
0 9 35 17 40 9 3 4 
7 3 55 63 37 7 6 7 
3 7 33 46 62 8 1 8 
9 4 27 67 101 1 6 0 
0 1 17 41 15 1 4 0 
0 6 32 29 42 9 1 3 
6 0 26 57 57 2 6 1 
6 5 35 14 81 6 6 8 
5 4 0 54 39 6 9 8 
0 4 34 41 69 1 1 7 
4 9 32 38 23 0 3 2 
4 5 16 27 47 7 0 0 
9 4 19 31 53 8 9 5 
1 3 2 34 11 1 6 1 
6 0 48 71 70 4 7 5 
2 4 92 40 78 5 7 9 
4 6 20 45 45 6 5 3 
5 8 51 66 60 6 0 7 
7 7 4 59 70 2 3 5 
3 1 69 59 20 1 2 6 
6 1 50 39 45 2 6 6 
7 9 26 39 32 4 8 1 
5 7 27 64 33 1 6 2 
8 6 18 31 59 3 9 7 
3 2 41 27 23 1 2 0 
3 3 53 26 72 2 8 6 
1 5 0 64 25 7 9 2 
5 7 74 59 73 0 9 0 
7 6 1 53 27 9 8 2 
9 4 32 64 38 3 5 6 
6 0 11 28 55 7 0 0 
1 9 31 54 41 4 3 5 
0 9 31 63 56 6 8 1 
5 7 25 8 67 0 9 6 
0 8 30 64 6 8 6 2 
5 9 9 72 15 3 9 5 
6 2 28 48 22 0 4 1 
9 9 36 49 23 0 7 0 
5 4 68 28 51 8 6 6 
5 9 61 22 67 7 2 4 
3 7 23 61 53 1 4 7 
5 3 26 38 9 3 9 6 
5 7 18 60 66 2 9 0 
9 3 15 52 54 6 7 3 
9 0 26 83 49 7 7 5 
5 2 24 43 42 4 0 6 
5 8 40 49 55 8 7 0 
2 1 1 21 58 7 8 5 
0 3 74 104 51 6 2 3 
9 8 38 69 49 5 8 2 
9 9 33 50 62 5 5 2 
8 4 59 71 46 3 9 6 
3 7 10 61 40 8 1 3 
1 2 19 67 59 1 8 6 
4 1 31 57 56 3 5 8 
1 5 28 48 60 5 4 7 
3 5 91 44 84 0 2 9 
9 2 22 22 67 0 6 6 
3 1 15 31 71 7 2 8 
7 8 30 46 29 9 3 9 
8 8 21 65 62 3 4 5 
2 8 0 64 100 3 2 8 
3 2 14 59 28 5 8 2 
5 2 20 63 62 6 1 7 
3 7 56 64 47 1 9 9 
8 1 48 4 40 1 0 8 
4 7 52 25 80 9 9 7 
8 8 32 71 24 7 1 3 
6 0 46 65 67 8 0 7 
1 9 38 37 45 6 5 1 
2 7 42 55 63 5 2 7 
8 9 52 25 0 8 6 5 
9 9 62 44 42 8 7 1 
2 9 62 80 58 0 7 9 
6 7 48 41 39 7 8 8 
7 5 69 33 36 0 0 5 
4 3 21 42 37 8 7 5 
1 2 54 48 70 8 9 7 
5 1 32 61 63 2 0 6 
7 0 21 92 39 7 2 4 
2 5 11 44 22 9 6 4 
9 6 20 53 54 9 5 1 
2 4 13 55 35 3 5 7 
0 2 11 19 72 5 8 4 
1 4 60 22 7 7 1 5 
6 0 36 66 57 2 9 6 
3 3 14 66 44 2 6 3 
1 2 37 74 59 3 7 8 
6 3 35 35 63 4 8 7 
1 6 59 29 72 0 0 6 
7 1 20 73 51 7 5 9 
3 5 38 42 0 8 4 0 
7 5 51 30 64 4 6 0 
3 8 12 89 79 3 8 8 
1 4 69 30 59 9 6 4 
2 3 25 27 31 3 4 4 
4 5 46 37 74 2 1 2 
3 4 0 46 34 3 3 3 
4 6 61 69 60 0 2 9 
8 9 63 42 33 4 6 1 
9 9 67 67 10 2 9 2 
5 6 46 59 45 8 5 2 
2 9 34 51 24 9 8 0 
7 9 40 46 14 3 3 4 
4 2 50 24 52 7 0 6 
7 9 0 68 35 1 3 5 
9 3 13 72 47 0 2 0 
8 5 15 41 83 2 5 0 
4 3 19 71 29 8 2 4 
9 0 28 53 40 4 7 4 
8 0 0 75 24 0 0 6 
8 4 25 62 19 8 8 8 
8 6 16 77 64 6 7 2 
6 6 33 41 73 5 0 1 
5 7 39 59 68 1 7 6 
9 5 20 23 50 3 6 4 
1 7 57 38 59 9 9 0 
6 3 33 57 37 7 5 2 
0 3 24 53 119 0 5 0 
9 6 20 61 110 0 1 6 
2 6 52 98 55 2 7 9 
8 8 24 60 60 9 6 5 
8 8 20 72 66 9 2 4 
7 7 57 49 38 0 8 2 
3 9 22 61 36 1 9 8 
4 8 2 81 44 2 5 8 
5 6 23 81 44 3 9 0 
1 9 35 65 84 6 4 7 
5 9 47 99 35 1 3 4 
6 7 11 63 41 2 3 6 
5 0 2 42 65 6 7 0 
5 5 28 28 80 1 5 1 
8 4 48 46 54 6 5 3 
2 3 36 38 56 9 9 2 
1 8 26 95 68 6 5 5 
9 5 34 61 36 5 4 6 
4 9 38 62 27 7 0 6 
6 2 37 69 58 9 2 4 
1 0 14 62 54 8 1 3 
4 6 15 52 87 4 3 9 
9 0 16 70 43 9 5 3 
1 6 34 53 36 9 4 5 
7 3 22 22 66 4 9 6 
5 6 5 43 69 9 0 6 
7 2 22 34 37 1 3 0 
2 5 43 46 41 3 3 8 
7 6 25 19 81 8 2 5 
8 9 33 11 48 9 0 2 
6 4 28 25 16 1 7 7 
9 8 11 0 8 2 9 6 
9 8 0 67 63 1 2 9 
2 5 52 68 53 2 1 1 
9 0 0 28 46 5 5 9 
1 2 32 33 33 8 4 9 
4 2 25 47 45 8 7 4 
2 3 43 30 60 2 3 3 
0 6 0 20 40 5 8 1 
7 0 42 68 25 1 4 5 
3 5 45 55 55 0 5 5 
8 7 38 49 35 0 2 0 
5 4 0 50 63 7 1 3 
3 1 4 69 48 0 3 3 
9 0 42 33 27 6 9 1 
1 0 0 75 33 2 2 4 
0 2 26 19 17 4 1 3 
1 2 58 77 55 0 1 1 
3 4 59 19 61 9 1 9 
9 1 29 14 45 3 4 4 
3 8 18 81 47 5 2 3 
6 0 29 55 39 9 0 6 
3 9 33 37 46 1 2 8 
0 7 30 41 34 5 7 8 
9 1 21 65 31 6 5 0 
5 2 6 70 59 9 8 6 
5 0 25 0 73 9 0 7 
3 2 67 50 82 3 0 3 
6 9 36 42 74 8 9 7 
3 9 23 56 38 3 4 7 
8 3 21 78 60 6 9 6 
4 9 53 26 38 1 1 8 
8 7 38 35 13 8 7 8 
4 0 1 83 61 2 1 7 
8 4 4 16 48 6 6 6 
4 4 40 87 23 5 8 6 
2 0 32 74 27 2 5 8 
1 6 1 67 56 3 7 0 
8 0 0 23 76 1 5 6 
1 8 51 38 53 8 7 5 
1 6 22 54 59 5 6 8 
3 8 28 67 34 9 0 0 
3 9 31 62 50 9 7 8 
2 9 35 32 37 3 9 7 
6 4 36 38 44 1 0 5 
0 2 46 47 47 8 3 3 
8 2 31 44 52 3 3 1 
9 3 4 43 70 2 9 3 
5 6 44 40 42 7 8 3 
4 0 30 31 79 7 2 0 
2 7 5 45 30 1 3 2 
7 3 56 19 50 1 2 9 
3 0 62 41 61 8 4 4 
9 2 16 56 46 1 8 5 
7 2 29 39 11 5 4 3 
5 0 35 57 8 6 7 6 
6 8 14 56 56 5 9 9 
8 9 33 40 58 5 2 8 
5 5 4 88 8 1 0 2 
4 1 9 71 0 7 7 1 
1 2 53 56 80 6 6 4 
3 3 40 68 56 3 6 3 
3 7 51 57 48 4 9 1 
5 9 19 69 45 7 9 2 
0 3 6 31 59 6 3 2 
6 9 13 76 59 9 5 2 
6 0 19 49 64 3 7 0 
5 0 22 75 45 9 5 2 
9 1 33 25 40 5 0 8 
7 7 57 77 23 3 3 1 
7 4 0 11 46 8 3 7 
2 3 22 87 51 2 8 3 
7 0 10 22 67 5 1 5 
7 6 4 56 63 8 8 8 
7 2 39 33 47 4 4 2 
4 7 19 62 62 5 2 2 
8 9 2 21 48 9 5 9 
0 4 52 40 37 0 7 2 
3 6 3 65 72 1 5 6 
6 7 3 46 87 3 7 0 
3 5 25 48 58 1 9 7 
2 7 42 77 36 1 5 9 
2 9 38 66 58 7 4 2 
6 4 37 41 34 2 0 5 
0 4 28 40 47 0 4 6 
2 9 25 50 79 6 3 8 
7 6 29 49 43 5 4 3 
2 7 42 60 59 4 0 8 
7 9 12 51 84 6 3 1 
9 5 30 28 56 5 3 9 
1 3 13 48 23 8 6 0 
1 8 13 73 24 3 7 2 
6 2 0 60 82 8 2 6 
8 5 15 26 18 4 9 6 
3 0 38 45 44 3 0 2 
2 3 27 55 76 1 4 5 
9 8 70 59 59 8 3 4 
4 1 27 48 62 9 8 9 
0 4 16 86 55 1 8 1 
0 0 37 69 47 2 0 0 
4 5 3 30 35 2 6 3 
9 6 30 46 100 8 4 6 
2 4 17 36 83 0 6 4 
9 9 41 4 47 3 1 4 
5 5 45 44 35 5 6 5 
7 8 12 76 57 2 9 2 
7 5 32 49 36 0 4 8 
0 3 14 47 25 3 3 4 
3 6 41 65 49 4 9 2 
2 4 28 18 66 6 0 0 
2 7 20 48 83 9 4 6 
5 4 32 56 53 9 5 0 
9 3 10 75 58 3 2 3 
6 2 35 50 4 7 7 0 
7 1 19 30 44 4 1 9 
6 4 47 29 74 6 1 9 
2 3 60 102 44 9 7 1 
8 0 26 75 63 9 1 1 
6 2 58 18 68 6 2 0 
6 0 52 65 59 4 7 4 
4 5 59 74 38 5 0 3 
0 8 4 37 38 0 5 4 
3 6 42 49 66 2 3 2 
3 4 39 36 60 0 6 9 
2 4 40 75 76 3 6 6 
2 3 0 36 86 8 9 6 
7 9 31 38 32 2 4 0 
3 1 45 66 54 8 1 8 
4 8 26 52 77 9 3 7 
2 9 0 63 46 5 1 5 
1 4 77 76 65 9 7 6 
1 1 57 1 52 7 4 0 
0 6 44 50 74 4 4 8 
5 8 2 48 55 5 7 3 
8 3 35 14 84 8 5 8 
9 3 27 45 50 2 4 7 
0 6 15 54 27 4 2 9 
7 9 6 39 85 9 9 1 
8 2 36 37 30 7 9 5 
4 5 3 32 68 0 7 3 
5 8 20 44 44 0 5 7 
4 0 10 36 59 6 4 4 
9 0 37 32 54 1 4 9 
2 2 40 33 77 0 7 8 
5 9 12 85 36 9 2 1 
0 0 41 15 66 5 4 2 
5 7 15 71 70 8 5 6 
9 3 38 67 59 7 0 0 
5 2 50 35 67 8 0 0 
8 0 65 7 25 9 4 6 
5 9 33 44 46 9 5 8 
1 9 11 16 71 4 0 7 
1 3 0 27 48 8 1 9 
4 0 27 58 44 6 7 1 
1 7 3 43 49 8 4 3 
2 4 45 36 40 3 8 4 
6 7 9 66 19 8 1 6 
3 3 25 6 83 9 2 8 
1 6 18 56 87 1 9 2 
8 7 40 17 57 0 7 0 
0 2 4 12 77 5 7 4 
4 9 21 77 76 7 2 1 
5 3 45 64 57 6 8 5 
1 0 49 43 42 8 4 4 
5 6 30 79 46 0 1 9 
7 2 45 30 60 5 3 4 
9 1 42 72 81 7 8 6 
6 7 42 83 31 4 5 5 
9 6 37 17 36 2 5 0 
6 1 12 56 78 6 1 7 
5 4 19 60 42 8 6 2 
2 4 19 62 64 3 8 5 
8 2 43 34 65 2 8 8 
8 5 34 63 49 4 9 4 
7 5 26 86 37 1 9 4 
9 7 45 22 45 4 9 6 
1 3 52 22 62 7 5 4 
3 0 51 9 36 7 3 0 
9 2 32 25 58 6 1 7 
7 7 48 20 61 1 1 8 
9 5 2 39 51 6 8 4 
6 6 17 71 68 7 0 5 
6 7 13 79 14 5 2 4 
0 7 95 41 44 9 8 2 
5 2 85 117 20 8 7 1 
8 0 43 29 46 0 9 8 
3 6 0 55 73 4 6 1 
6 5 22 53 26 4 9 4 
2 7 53 53 24 7 1 1 
2 9 39 33 38 9 4 6 
0 5 1 84 56 4 2 7 
6 5 2 89 54 3 4 2 
9 6 27 58 61 8 2 7 
9 2 31 57 81 7 1 9 
7 2 8 34 7 6 4 7 
8 3 22 50 44 9 0 8 
3 3 10 65 43 7 0 5 
9 6 32 32 76 6 9 9 
0 2 5 48 14 4 4 7 
3 7 17 67 52 9 8 0 
4 6 31 75 55 6 8 6 
1 6 8 65 54 2 1 1 
3 2 78 32 59 9 2 0 
8 7 31 56 50 0 8 4 
3 9 33 70 59 2 2 3 
4 8 50 86 27 3 4 3 
2 8 38 38 60 2 1 1 
6 6 0 57 34 1 0 3 
0 8 39 40 56 6 8 7 
4 8 44 68 45 3 7 8 
2 6 38 51 30 4 3 5 
9 5 31 59 35 0 5 4 
8 7 23 77 64 0 2 9 
4 4 47 70 46 2 9 8 
3 7 55 20 58 1 5 0 
4 4 39 38 63 2 5 6 
7 1 49 60 50 7 6 4 
7 0 20 19 45 0 0 0 
1 2 3 72 35 0 7 8 
5 1 65 52 42 4 0 2 
4 1 17 19 34 1 6 3 
5 9 24 60 43 0 4 2 
5 4 74 58 42 7 5 9 
4 0 26 34 85 9 0 2 
1 1 8 31 30 2 6 5 
1 5 30 79 70 3 7 4 
4 1 35 60 67 5 3 7 
2 6 33 80 51 5 0 7 
8 0 10 80 72 0 7 0 
3 4 19 58 35 1 1 7 
0 1 7 27 64 4 0 5 
7 2 32 4 33 2 6 9 
8 6 20 47 31 4 2 3 
5 0 51 63 54 1 2 5 
0 2 17 42 76 8 7 6 
6 1 22 0 28 6 4 9 
7 4 21 61 48 6 4 6 
6 2 3 62 52 5 4 5 
2 8 29 0 29 1 8 1 
8 6 0 34 28 5 2 1 
6 3 0 35 63 4 6 4 
4 7 59 27 61 9 7 1 
2 2 0 45 56 6 8 2 
7 5 25 0 37 9 6 7 
2 7 1 36 61 5 4 4 
6 1 46 18 48 0 4 0 
1 0 14 63 42 1 9 6 
1 5 64 59 32 8 0 4 
9 3 49 18 94 7 4 1 
8 6 13 58 44 8 2 5 
4 2 7 55 71 1 0 0 
6 1 23 48 21 8 1 8 
2 5 61 69 50 5 5 9 
6 2 46 76 39 7 2 0 
2 1 27 38 52 0 1 6 
9 5 42 51 43 6 0 5 
0 6 17 93 70 5 6 8 
5 1 31 56 89 2 5 2 
7 2 37 58 45 0 7 7 
7 9 14 49 56 8 7 7 
4 4 15 11 54 1 9 7 
4 9 42 45 55 2 7 0 
4 9 38 73 30 2 2 2 
3 4 24 31 51 1 9 1 
5 5 39 57 72 3 9 3 
7 3 16 45 39 9 0 0 
1 6 8 55 33 4 7 9 
1 2 37 48 28 4 3 0 
8 5 7 37 43 7 1 4 
5 6 49 73 34 0 2 3 
9 6 0 64 7 7 2 0 
5 1 31 62 33 5 6 9 
3 5 36 18 44 5 3 7 
8 5 53 69 60 2 7 5 
3 7 18 85 18 1 4 5 
1 4 53 19 78 2 8 6 
1 8 17 41 63 5 3 7 
6 1 4 50 33 3 4 1 
4 3 14 42 48 9 3 5 
7 9 24 56 64 2 4 5 
1 9 61 36 42 3 4 4 
2 2 8 34 51 1 7 0 
6 0 34 68 50 1 2 5 
0 3 0 57 13 5 9 9 
3 9 18 26 69 8 7 3 
5 6 49 89 32 4 9 2 
1 9 18 62 46 5 4 1 
6 9 24 72 57 2 5 1 
0 2 25 52 62 3 2 2 
4 9 33 62 51 0 1 7 
2 6 71 26 0 1 6 9 
4 1 3 50 31 3 2 1 
6 4 25 43 37 3 5 7 
8 2 26 60 48 4 0 7 
9 1 65 39 54 5 8 8 
7 3 83 45 79 4 2 5 
0 6 14 70 35 3 0 9 
7 5 49 41 29 2 4 6 
6 7 12 13 38 0 7 2 
4 6 53 33 55 4 8 3 
4 6 52 22 59 6 7 7 
5 0 18 52 38 9 3 5 
3 3 30 58 43 6 0 2 
2 9 56 82 57 4 9 0 
7 8 63 39 43 4 7 9 
3 8 27 71 45 1 1 2 
4 3 28 44 48 4 6 0 
4 2 33 52 45 0 8 7 
9 6 0 48 39 2 3 7 
8 2 0 50 30 8 6 2 
6 4 40 44 12 7 3 2 
2 1 10 94 53 9 0 7 
4 2 30 67 70 4 4 0 
7 4 58 53 39 2 6 2 
0 8 0 36 34 1 3 0 
1 5 25 67 22 3 7 3 
4 3 10 68 32 4 0 7 
9 2 9 54 45 4 5 9 
7 3 34 28 30 0 7 4 
6 6 42 58 35 5 0 2 
0 8 15 34 73 6 2 1 
1 3 57 33 50 9 4 5 
6 3 44 51 60 0 5 7 
9 3 53 41 86 5 6 8 
7 4 52 75 56 1 7 2 
5 7 0 58 72 2 0 3 
1 0 38 37 46 4 7 0 
2 1 11 16 26 6 5 4 
3 7 37 33 81 4 8 6 
1 1 1 41 55 9 3 5 
0 5 26 68 35 7 8 3 
4 4 55 26 42 7 4 8 
1 6 31 43 65 3 9 6 
8 2 67 13 75 6 2 2 
1 5 2 83 49 0 8 5 
1 2 39 61 41 7 3 1 
4 7 16 40 27 1 7 0 
7 2 13 28 9 6 6 6 
7 5 31 30 62 9 0 0 
3 0 25 59 42 3 1 3 
2 1 14 40 20 6 6 7 
8 3 21 64 77 2 7 4 
5 1 17 56 58 2 8 7 
6 9 75 47 46 8 3 0 
5 1 44 30 100 3 6 0 
4 4 38 39 48 3 6 7 
9 4 38 38 83 3 5 0 
2 3 0 57 58 4 6 3 
2 2 30 53 43 6 6 9 
5 1 11 46 37 2 5 7 
7 2 42 59 71 7 3 0 
0 0 13 26 74 6 3 3 
7 5 27 38 49 6 6 0 
2 5 35 90 33 5 8 7 
1 5 25 56 37 4 5 6 
9 7 34 81 32 5 7 6 
1 9 0 96 58 3 8 3 
8 6 35 66 58 3 0 8 
7 2 63 75 44 1 6 9 
3 9 15 65 42 4 9 0 
5 1 16 64 43 1 8 8 
4 4 25 82 59 7 3 1 
8 7 19 52 54 0 4 8 
2 9 5 46 83 0 0 9 
4 6 47 36 28 4 3 1 
3 8 64 25 33 4 9 2 
6 1 28 72 37 6 4 6 
1 3 40 45 45 4 5 7 
8 2 26 51 58 7 1 5 
3 7 31 19 44 2 1 0 
8 0 29 33 29 1 3 5 
5 2 55 36 81 3 9 2 
8 0 29 0 64 4 7 4 
4 3 60 11 34 4 1 0 
1 4 63 58 63 1 1 6 
1 3 14 57 30 5 2 1 
7 9 52 72 24 8 9 1 
8 3 40 46 55 7 8 9 
3 1 25 43 43 2 4 7 
8 4 28 67 32 0 8 1 
0 1 20 46 36 4 6 5 
3 1 29 29 57 8 3 9 
5 9 37 44 46 0 3 3 
6 8 10 48 86 7 0 9 
4 1 51 87 62 9 8 4 
0 2 7 49 24 5 9 2 
3 6 38 10 73 8 9 5 
5 5 9 28 55 4 7 3 
4 9 24 50 58 0 9 7 
5 1 43 67 61 1 7 3 
2 7 10 100 6 7 8 6 
7 6 21 47 26 3 4 3 
2 3 18 47 67 1 5 6 
8 9 42 42 47 8 1 7 
9 2 38 70 54 6 8 2 
7 7 14 62 99 3 5 5 
6 4 23 46 48 1 9 7 
8 4 53 54 62 4 2 6 
2 6 25 19 65 7 2 4 
8 2 27 49 48 5 2 4 
4 1 6 28 50 5 8 4 
9 5 35 88 56 4 8 3 
9 2 49 43 52 6 4 4 
8 6 30 65 53 3 3 1 
0 2 56 37 44 2 8 6 
2 8 46 56 75 8 9 7 
6 8 22 63 62 1 2 4 
5 6 0 54 41 4 4 4 
7 7 28 58 44 0 9 0 
2 8 10 39 47 4 0 5 
3 1 64 20 90 4 4 2 
5 2 47 78 70 5 0 5 
5 5 55 73 29 3 1 5 
4 5 39 45 76 0 3 2 
4 9 56 59 67 3 3 7 
9 2 8 78 65 8 0 8 
3 9 59 44 97 9 1 3 
6 1 64 47 77 5 8 6 
4 4 11 18 29 1 3 0 
9 0 5 27 28 3 1 5 
9 3 24 26 50 1 0 9 
2 0 40 57 51 8 1 1 
3 3 13 78 53 1 8 5 
8 2 36 36 18 1 2 3 
8 9 57 31 36 8 1 7 
4 7 0 78 55 1 3 1 
8 3 22 36 70 9 6 7 
4 1 18 28 64 7 0 2 
8 4 5 74 31 0 7 8 
9 0 65 63 58 8 9 8 
5 0 40 49 94 3 3 5 
9 9 59 72 36 2 3 4 
1 0 28 54 25 9 2 4 
4 6 14 43 39 7 9 5 
3 2 43 41 87 7 7 7 
2 8 19 28 94 1 0 6 
3 1 20 84 40 3 6 0 
8 8 25 59 47 9 2 8 
5 1 77 53 61 0 4 5 
3 5 33 66 73 9 9 9 
8 1 48 0 61 1 3 2 
1 0 12 53 61 8 8 2 
2 5 0 35 43 9 0 7 
8 1 40 73 70 1 9 4 
0 8 25 11 58 2 5 4 
4 7 36 41 54 5 2 9 
8 2 11 34 51 9 7 1 
1 8 45 51 79 7 1 9 
7 5 19 34 49 1 6 2 
2 3 61 27 51 6 1 6 
6 3 40 75 27 1 8 1 
9 0 12 92 92 0 7 7 
5 7 57 69 38 6 6 3 
8 9 35 49 31 5 5 0 
3 9 31 24 91 5 6 0 
1 2 40 61 36 5 7 0 
2 4 33 56 35 0 6 3 
0 4 0 58 47 1 6 4 
4 7 36 16 74 1 5 6 
6 1 45 42 48 8 3 9 
1 7 27 103 65 1 2 9 
6 6 55 70 26 3 0 1 
8 6 40 25 58 3 5 9 
0 0 39 34 52 6 2 8 
1 2 18 10 22 7 3 3 
7 6 42 55 22 5 2 6 
8 7 27 45 35 4 4 2 
9 5 3 61 25 6 4 6 
8 0 53 68 25 9 4 6 
2 1 34 24 59 0 3 4 
8 6 38 88 65 9 5 7 
5 9 43 57 32 2 7 2 
5 4 18 68 53 0 4 7 
3 5 46 60 84 7 3 4 
7 3 34 36 44 8 0 8 
8 4 22 33 56 7 7 9 
9 2 89 57 53 0 4 5 
8 5 77 57 71 8 8 7 
1 0 28 58 35 4 8 1 
9 5 0 60 17 0 5 0 
8 3 5 111 44 4 8 1 
8 3 34 36 85 7 3 1 
9 1 38 63 45 7 3 7 
4 1 45 25 49 7 5 0 
7 6 55 87 19 4 2 8 
3 2 28 20 50 6 8 9 
1 6 29 38 35 5 3 5 
5 3 18 56 0 7 2 7 
6 2 35 93 68 1 0 6 
1 8 41 52 81 8 6 7 
8 9 32 59 60 5 2 2 
9 0 31 0 21 5 6 5 
7 9 45 26 78 3 0 8 
2 7 68 64 36 5 5 8 
9 7 13 40 62 6 0 3 
1 1 16 62 59 2 2 3 
7 3 34 64 60 7 9 5 
6 3 13 60 52 3 5 7 
1 8 0 100 54 8 6 4 
5 6 53 31 75 9 7 4 
2 1 17 4 64 8 7 2 
4 5 0 78 57 0 8 7 
0 2 0 75 58 1 7 3 
8 2 30 42 38 0 7 9 
2 3 33 48 46 7 5 1 
2 4 32 83 34 9 2 6 
6 0 39 44 65 0 9 4 
5 1 54 68 38 9 2 0 
6 3 31 44 74 5 2 2 
0 2 37 57 67 0 6 6 
4 2 39 28 40 8 5 0 
7 1 21 76 46 4 4 2 
2 1 44 73 70 8 6 6 
6 1 5 47 71 5 4 3 
3 8 65 60 8 3 3 7 
6 4 59 70 47 5 4 2 
5 0 73 53 77 3 0 0 
5 9 76 47 34 6 6 5 
2 6 5 43 35 2 7 0 
4 9 51 50 27 1 9 9 
7 9 21 73 57 7 6 1 
6 5 30 40 35 1 7 6 
0 4 52 78 79 0 0 9 
0 4 19 47 58 4 9 8 
1 4 47 77 64 8 7 6 
1 7 35 51 46 1 6 6 
8 2 9 71 8 2 4 6 
7 6 5 55 59 1 5 8 
2 5 0 55 67 1 9 8 
9 9 11 47 62 4 8 6 
8 8 55 46 70 4 2 7 
1 8 26 49 64 5 3 2 
1 7 25 2 57 5 5 1 
9 6 20 14 7 7 1 7 
3 9 15 86 81 4 6 2 
0 9 16 37 12 1 9 7 
6 2 18 73 53 7 6 7 
1 7 20 7 59 6 7 3 
2 6 12 35 61 4 4 6 
9 9 23 32 44 8 9 5 
2 9 59 56 22 1 3 4 
9 3 50 28 42 4 9 2 
6 0 43 88 59 1 9 2 
9 1 4 36 54 9 6 2 
4 8 21 28 31 8 5 9 
5 2 26 62 63 4 2 1 
2 9 5 74 67 6 4 6 
3 5 28 88 77 9 7 6 
3 3 29 22 24 1 3 9 
0 3 27 72 79 5 5 8 
8 6 56 95 44 6 9 6 
3 4 45 76 39 3 2 6 
1 6 50 63 54 3 7 6 
1 1 29 84 55 8 1 8 
6 0 38 54 23 2 3 6 
9 3 45 55 24 5 0 1 
4 6 21 24 82 1 7 4 
3 5 18 17 7 1 7 8 
5 2 30 38 21 2 1 9 
8 2 29 40 45 4 8 0 
3 8 0 68 57 2 0 4 
1 7 52 45 40 6 9 2 
3 6 46 49 51 6 6 1 
3 2 41 49 57 7 7 6 
4 5 29 46 64 5 4 2 
7 1 33 40 29 1 8 1 
2 8 27 64 56 8 9 9 
5 2 23 56 57 3 0 9 
3 2 27 11 31 4 2 8 
1 3 35 49 28 1 3 8 
2 9 4 80 30 3 9 7 
9 6 35 58 73 3 4 1 
6 2 17 51 15 3 7 1 
9 0 2 27 29 2 2 3 
7 5 5 73 51 5 6 5 
8 1 14 35 28 1 0 8 
0 8 13 52 9 2 3 9 
2 6 7 30 31 6 1 9 
0 1 56 63 35 4 7 8 
8 0 47 26 27 8 3 5 
4 3 34 54 5 8 3 2 
9 5 16 63 73 0 6 0 
4 6 17 22 51 9 4 2 
6 0 54 26 34 3 6 4 
0 9 56 15 57 6 4 4 
0 8 53 48 87 2 8 0 
7 7 7 63 47 7 4 9 
4 6 20 29 59 3 8 8 
9 8 16 54 54 8 3 8 
3 7 19 65 51 9 5 7 
1 2 16 43 47 3 5 3 
6 1 11 47 43 0 6 7 
2 1 0 17 53 7 3 5 
6 9 13 27 25 8 0 7 
4 7 0 65 51 4 7 2 
9 9 41 13 69 5 8 2 
5 9 30 60 40 3 3 7 
4 3 45 38 45 4 7 4 
3 3 56 71 53 3 6 0 
6 6 0 26 77 7 5 9 
7 6 44 80 67 9 5 0 
1 4 9 39 61 5 2 6 
8 9 43 39 56 4 4 5 
9 2 26 57 58 5 0 8 
6 5 21 56 47 1 8 0 
9 1 27 77 48 0 3 9 
1 8 27 66 64 4 6 4 
8 0 0 45 91 6 0 1 
9 3 28 39 36 7 0 3 
5 3 30 32 36 9 9 5 
9 2 34 62 72 3 2 4 
3 6 10 46 38 8 8 1 
0 8 28 37 50 8 8 3 
2 8 64 44 43 6 9 6 
1 6 43 22 60 0 1 1 
1 2 37 67 45 3 1 7 
2 6 14 55 63 0 8 5 
8 1 33 51 44 8 7 9 
3 4 22 67 36 9 7 9 
7 6 36 72 35 2 1 9 
0 3 71 56 64 6 4 9 
8 0 87 18 54 6 6 9 
8 1 21 61 50 4 5 9 
9 3 26 43 47 7 0 3 
5 7 25 60 52 2 4 8 
1 0 7 92 44 9 0 8 
5 0 13 68 48 9 8 7 
2 2 59 61 86 9 0 7 
5 9 30 45 28 3 4 5 
3 2 6 24 75 6 5 7 
7 5 34 32 44 2 8 3 
7 9 47 39 39 2 7 2 
7 1 41 54 21 0 2 0 
0 4 41 98 62 4 7 4 
5 7 25 35 45 0 8 3 
5 3 62 51 58 2 8 1 
2 4 49 53 29 1 0 6 
1 5 19 38 62 6 5 5 
1 0 20 35 40 8 4 4 
8 7 30 20 83 1 9 5 
1 2 34 37 59 3 2 1 
4 5 44 52 41 9 5 6 
5 9 21 54 29 1 8 2 
1 0 56 40 66 5 1 6 
0 1 41 39 42 1 1 0 
1 8 79 31 70 1 5 7 
6 4 56 96 42 8 3 0 
2 3 5 81 43 7 7 0 
4 8 18 21 35 3 5 7 
2 9 50 8 21 1 3 8 
6 9 30 40 50 1 5 6 
9 8 32 43 49 6 1 5 
8 7 24 67 45 0 9 6 
6 3 11 84 51 4 4 7 
7 8 29 66 77 8 4 6 
9 3 48 83 62 0 3 2 
4 7 30 33 96 6 8 9 
9 7 12 45 43 8 6 6 
5 9 32 57 50 8 8 2 
0 5 7 46 32 4 5 2 
3 8 0 18 35 5 4 6 
5 3 24 32 48 6 0 1 
6 0 47 54 50 8 9 5 
4 6 48 53 64 6 5 0 
0 4 38 22 89 7 2 6 
1 4 5 37 55 1 4 8 
7 7 24 87 33 6 9 8 
6 9 37 68 61 2 8 5 
1 8 32 46 36 1 1 4 
4 7 59 71 27 6 5 2 
0 1 35 56 21 1 9 7 
5 8 18 60 47 7 6 3 
6 5 4 62 42 0 9 5 
1 7 12 36 39 1 3 1 
2 4 17 38 71 0 8 2 
8 5 35 60 53 8 2 3 
9 6 52 21 39 6 6 1 
2 4 45 56 59 3 7 1 
6 1 63 17 96 7 1 6 
7 1 5 59 45 0 3 6 
1 7 12 14 46 0 0 6 
8 6 36 17 82 0 6 5 
3 5 32 6 50 4 8 0 
3 1 51 72 47 8 8 3 
8 2 4 65 36 5 9 9 
1 8 24 47 69 1 6 0 
6 9 31 46 51 2 7 6 
1 2 36 45 18 8 8 7 
0 1 63 52 3 6 0 1 
7 4 56 54 42 7 3 4 
9 3 56 17 31 1 8 7 
2 2 37 75 59 4 9 4 
5 8 47 27 31 9 0 6 
1 5 41 42 42 1 1 4 
5 6 75 63 41 0 0 3 
7 3 51 52 61 9 0 6 
8 7 5 15 48 1 6 6 
2 3 0 50 63 5 4 1 
7 3 36 21 42 3 0 2 
2 5 24 53 69 3 7 3 
6 9 17 21 83 4 7 2 
3 0 49 63 101 0 3 3 
4 3 31 79 65 9 4 2 
4 0 43 31 65 8 4 0 
0 8 21 63 31 1 6 0 
6 2 45 35 35 1 5 5 
1 0 40 51 37 1 4 1 
0 5 8 51 31 3 9 3 
6 7 31 63 60 4 7 7 
3 2 0 65 41 8 3 2 
9 5 48 44 26 6 6 3 
5 2 53 31 46 9 9 7 
6 4 56 39 42 0 5 1 
3 4 15 69 46 9 6 9 
1 6 29 36 32 0 0 6 
6 0 78 43 62 4 5 4 
9 0 19 52 72 5 8 4 
0 8 34 44 58 0 2 4 
1 2 58 33 63 1 6 3 
2 9 63 40 56 1 2 7 
6 7 12 57 48 7 0 4 
4 9 54 63 30 7 1 7 
8 9 3 49 36 4 4 9 
2 9 33 65 16 0 0 5 
4 2 25 30 21 6 5 2 
5 4 25 80 57 6 9 0 
1 8 21 43 63 8 3 6 
6 6 41 52 47 6 6 8 
5 4 41 59 54 3 2 6 
2 1 62 47 55 2 2 7 
3 1 55 32 48 0 9 1 
4 7 26 19 32 7 2 8 
1 8 35 57 33 0 3 1 
4 9 8 59 84 4 8 6 
8 6 25 31 31 9 3 4 
5 3 14 77 58 8 8 5 
2 5 58 29 21 7 7 9 
8 9 0 105 28 5 4 6 
7 3 56 44 81 8 9 1 
4 0 30 63 50 1 8 6 
4 8 1 38 50 5 3 5 
6 6 0 77 65 9 8 7 
1 2 30 69 41 2 0 6 
4 5 15 57 30 4 9 5 
9 3 31 38 25 7 9 8 
1 8 54 68 89 0 1 1 
9 3 21 48 57 3 5 7 
8 9 23 2 24 9 0 4 
1 0 27 32 83 4 4 8 
7 3 0 41 66 5 4 9 
5 8 25 49 72 7 3 4 
9 8 8 43 75 8 9 7 
9 3 30 35 44 0 5 2 
6 7 0 31 31 1 1 8 
6 2 2 55 79 2 9 3 
9 4 56 38 50 3 1 2 
2 0 29 35 62 8 9 7 
7 8 21 63 38 8 8 2 
0 8 55 71 21 1 1 4 
9 5 16 38 11 4 4 0 
7 9 58 73 55 9 0 9 
6 5 2 49 42 0 5 4 
2 2 26 11 53 5 7 2 
2 7 35 36 50 2 3 6 
6 2 25 8 32 7 6 9 
2 1 17 75 34 4 5 8 
3 5 31 56 59 0 6 3 
7 9 23 22 101 8 8 6 
5 5 8 39 53 1 9 6 
5 2 21 54 19 2 4 4 
2 0 56 40 56 4 8 2 
5 7 0 56 41 0 7 1 
0 3 2 11 62 4 9 0 
4 7 32 59 37 3 3 9 
1 0 12 32 51 7 7 3 
6 6 31 46 42 7 1 1 
3 3 74 79 55 5 8 3 
3 5 3 40 77 2 3 9 
2 7 60 26 34 4 7 6 
4 3 29 59 77 2 1 9 
4 0 2 67 43 2 5 7 
2 7 13 24 66 4 3 1 
8 0 9 29 51 3 4 1 
5 7 60 85 68 8 8 4 
5 4 45 31 47 4 7 7 
9 4 38 34 78 5 0 5 
7 8 51 48 69 0 2 2 
1 9 52 34 58 2 1 9 
3 4 21 76 21 6 4 7 
3 2 67 65 37 3 1 7 
0 0 11 38 76 5 5 8 
3 5 52 61 60 7 2 3 
1 1 53 0 65 3 5 8 
5 9 22 62 44 6 7 2 
2 0 34 34 47 7 6 0 
4 9 44 83 66 1 7 3 
7 3 13 2 14 8 7 2 
6 8 52 38 77 9 7 3 
1 9 70 50 31 2 4 8 
3 7 32 61 103 4 5 5 
6 2 44 29 49 5 5 4 
4 5 52 50 82 1 7 8 
1 9 20 58 36 2 4 3 
8 0 45 34 58 4 5 3 
5 6 59 45 57 5 9 0 
3 6 35 29 38 4 5 1 
7 4 20 59 52 4 0 4 
7 9 0 66 59 7 7 0 
2 7 42 75 52 9 8 2 
4 8 38 38 85 2 2 3 
1 2 0 40 51 0 5 9 
0 6 18 40 40 1 8 1 
4 4 35 73 54 5 7 8 
2 3 52 20 60 2 4 3 
7 3 63 43 34 0 8 3 
0 3 4 51 73 8 3 1 
0 4 37 68 73 5 3 9 
6 0 48 41 33 1 2 6 
4 8 42 28 35 7 3 0 
9 6 34 40 33 4 6 0 
0 6 26 39 22 1 4 6 
5 2 4 30 85 1 3 0 
0 6 31 47 75 6 4 7 
5 0 12 41 63 8 3 0 
0 2 56 51 54 6 4 2 
6 1 1 71 70 6 1 9 
5 4 23 52 52 6 1 9 
0 4 27 39 63 4 5 1 
8 7 37 17 69 9 1 3 
4 1 35 70 33 7 6 2 
7 0 22 30 58 7 2 7 
1 2 40 55 55 4 5 6 
7 6 45 57 41 8 4 5 
6 7 52 22 55 3 3 0 
5 8 36 57 47 3 8 3 
5 1 72 49 38 3 9 1 
6 0 23 37 39 6 9 9 
0 5 31 57 25 2 9 8 
8 1 30 89 55 0 9 2 
5 0 21 60 74 3 1 9 
6 0 50 86 66 1 2 1 
8 2 1 57 41 9 7 3 
8 4 45 49 31 4 7 2 
5 6 29 8 45 8 2 5 
3 9 21 97 42 4 5 0 
4 4 22 31 68 1 2 6 
5 6 48 27 28 2 5 1 
7 3 17 53 63 1 1 2 
5 8 29 46 59 0 7 5 
7 6 6 27 47 2 6 1 
9 0 44 80 40 0 1 6 
3 0 13 52 92 3 5 6 
0 7 25 58 37 3 7 7 
4 7 13 20 10 9 3 7 
4 4 25 44 23 1 6 7 
1 0 9 66 50 5 2 4 
7 8 28 61 42 4 9 4 
6 9 50 92 48 3 3 6 
8 0 17 41 60 9 0 8 
1 9 33 51 48 9 3 1 
1 1 34 71 21 4 8 6 
1 4 40 32 6 8 5 5 
7 7 27 68 60 1 5 8 
9 8 59 29 76 1 4 4 
0 2 33 53 37 1 7 1 
5 8 15 61 63 6 0 3 
8 4 0 53 73 1 4 1 
2 2 15 52 55 8 8 4 
3 8 49 46 18 9 8 8 
5 1 40 42 32 1 8 5 
0 5 15 64 35 9 2 4 
3 9 23 31 54 9 4 1 
1 9 36 37 114 6 4 1 
6 9 37 68 26 2 4 4 
1 0 28 53 44 6 4 3 
2 9 26 51 82 6 4 1 
9 7 45 38 58 0 0 0 
0 5 23 6 39 4 1 6 
9 4 22 44 79 7 9 1 
9 0 23 29 64 9 5 5 
8 0 39 85 51 5 3 2 
4 6 33 66 62 5 6 2 
4 0 59 44 80 6 0 9 
1 0 18 70 51 9 2 5 
6 9 47 63 55 7 2 4 
7 0 53 13 32 5 7 4 
8 4 36 25 59 7 9 4 
8 2 14 56 40 3 0 0 
4 3 14 68 80 9 7 4 
7 9 0 24 69 9 2 1 
5 7 0 48 40 6 5 1 
0 8 49 46 72 7 5 6 
4 3 39 68 13 1 5 1 
7 7 27 45 67 3 5 3 
6 5 13 54 30 4 7 6 
0 8 71 34 64 0 2 1 
2 5 0 9 39 5 1 3 
0 9 48 71 42 4 3 6 
1 8 0 40 44 5 2 4 
1 3 43 55 65 2 7 2 
7 6 31 69 53 4 0 7 
5 0 42 42 60 9 5 1 
5 1 28 70 39 0 8 5 
4 5 22 62 49 1 3 3 
7 0 19 90 65 6 4 3 
1 1 6 67 48 1 2 0 
6 0 33 55 59 4 0 0 
2 7 18 38 54 4 2 7 
6 7 58 33 67 7 9 1 
4 8 12 33 38 0 8 7 
5 9 13 31 14 0 7 9 
9 6 21 28 33 0 5 1 
0 6 25 34 6 8 5 4 
0 5 34 18 11 4 1 4 
6 3 49 29 71 5 0 3 
2 9 63 40 57 0 3 8 
1 5 27 80 0 0 8 5 
9 8 28 62 68 3 5 9 
8 8 25 32 5 6 5 6 
8 4 18 48 30 2 9 7 
9 3 0 59 41 4 9 4 
2 8 13 39 68 7 3 4 
5 1 49 47 86 5 3 2 
4 9 73 57 89 9 8 6 
0 7 60 45 66 9 6 4 
0 7 6 74 51 7 9 2 
2 1 0 35 65 3 6 4 
1 5 0 34 71 8 1 8 
6 4 24 39 60 0 4 6 
2 5 36 44 63 4 7 8 
4 1 50 53 55 4 9 6 
9 4 20 60 92 6 5 7 
1 5 63 68 51 4 3 0 
2 7 59 61 38 6 3 7 
7 4 31 59 63 2 7 6 
3 1 46 120 43 1 0 6 
7 2 0 51 41 7 5 0 
0 2 54 23 30 0 0 4 
4 6 56 40 54 7 9 9 
5 2 1 71 42 9 8 3 
1 8 40 64 81 8 2 4 
0 8 66 64 57 5 5 2 
9 1 34 29 84 6 3 5 
4 1 59 54 51 5 5 5 
5 9 29 31 47 4 5 3 
8 9 0 27 73 1 8 4 
2 1 0 21 74 9 0 6 
9 6 57 66 46 5 6 7 
4 3 29 24 43 0 8 1 
4 9 7 62 61 2 4 3 
2 3 0 53 95 5 5 7 
0 5 29 56 43 3 5 9 
3 4 12 38 59 1 9 6 
4 2 32 54 48 1 7 3 
2 3 49 32 51 7 2 7 
3 7 45 38 60 6 6 0 
2 8 11 59 88 5 9 7 
2 1 1 69 44 6 7 9 
0 4 0 68 53 8 0 0 
7 9 26 48 98 9 1 6 
6 5 52 60 84 6 1 6 
0 6 11 46 54 9 0 2 
2 5 7 17 24 1 7 7 
9 5 0 41 69 4 2 9 
4 0 30 58 15 5 2 6 
8 9 0 39 36 5 2 2 
5 3 30 46 38 1 7 4 
5 0 23 29 67 7 9 8 
7 0 11 125 23 7 6 8 
8 5 14 68 46 6 0 2 
4 4 20 40 36 5 8 3 
6 0 46 38 92 0 3 9 
1 0 6 47 54 3 9 4 
5 7 0 68 58 3 0 8 
4 6 21 33 61 2 7 6 
3 4 39 34 68 7 5 5 
1 2 31 63 67 0 6 4 
6 8 64 41 66 7 2 5 
6 2 45 2 38 7 3 6 
8 2 61 43 42 0 9 2 
6 6 19 31 61 3 1 2 
2 0 36 40 65 7 1 3 
4 7 44 71 50 0 4 7 
1 6 46 67 67 0 0 9 
2 2 34 13 35 4 0 2 
8 5 13 24 67 0 0 8 
0 1 57 47 59 2 0 4 
5 8 59 8 88 6 3 1 
1 9 9 43 54 4 7 3 
4 9 36 51 24 1 0 7 
8 8 12 37 49 3 7 5 
9 3 22 24 50 7 2 6 
3 4 0 51 70 3 7 3 
5 8 0 81 36 6 4 7 
8 0 23 49 56 3 1 6 
8 4 0 74 22 9 1 0 
2 5 30 55 84 1 7 2 
2 3 36 64 67 8 8 6 
0 2 1 26 36 5 0 6 
2 0 17 38 80 4 3 8 
7 7 21 41 17 8 9 3 
0 8 28 36 52 4 8 8 
9 2 66 38 21 6 6 0 
1 3 0 28 36 6 3 6 
3 0 46 16 60 6 7 5 
6 3 15 52 52 4 9 6 
8 3 59 32 39 1 5 2 
9 3 0 26 36 5 7 4 
2 8 39 65 24 9 0 7 
5 9 47 56 50 1 6 6 
8 7 23 43 44 6 3 8 
1 3 22 80 46 3 6 9 
1 8 30 33 69 0 4 8 
0 6 38 81 24 3 3 2 
0 7 57 61 55 0 9 3 
0 0 28 49 72 1 6 0 
1 8 58 41 56 0 7 1 
9 3 43 51 77 4 9 2 
6 2 63 32 27 7 2 3 
8 9 17 52 78 0 4 1 
8 3 23 38 57 3 3 5 
9 1 62 49 76 5 1 2 
9 7 2 71 70 9 1 6 
4 3 46 60 50 2 6 3 
2 2 6 41 61 7 3 6 
4 6 36 56 39 8 8 0 
1 9 21 62 71 7 9 0 
8 5 30 71 32 6 8 0 
5 2 8 75 78 4 6 6 
3 4 26 15 81 1 7 7 
1 8 25 35 44 7 1 9 
1 2 30 75 28 6 2 9 
9 8 27 64 57 6 4 3 
0 0 0 49 48 9 8 7 
0 4 33 45 64 5 5 8 
8 0 26 0 62 4 2 2 
2 8 39 19 10 1 8 5 
9 3 24 52 57 6 3 0 
7 1 53 76 14 2 8 0 
7 6 40 63 66 1 0 6 
6 1 1 25 1 8 1 9 
2 6 32 57 33 2 8 4 
8 2 21 55 51 3 5 3 
8 6 0 65 41 1 1 9 
5 4 47 14 48 2 5 5 
0 8 72 34 54 7 8 7 
6 9 29 73 28 1 5 0 
8 5 45 55 68 7 0 9 
3 3 18 22 48 6 0 7 
2 4 16 46 37 5 5 0 
9 9 47 68 43 5 5 0 
2 6 27 44 74 8 3 8 
5 0 16 37 100 3 9 1 
9 2 11 34 26 2 6 4 
6 2 39 49 57 9 0 0 
3 5 23 55 33 0 0 7 
2 0 16 18 53 7 5 1 
2 8 36 27 59 9 6 8 
9 6 52 61 60 2 9 3 
1 1 17 53 61 9 9 1 
3 0 29 33 51 7 9 8 
1 3 37 51 59 7 2 5 
7 8 45 53 33 3 3 8 
8 5 44 26 34 6 6 1 
9 6 13 54 74 8 9 1 
8 1 41 31 62 2 0 1 
4 4 46 52 60 5 3 2 
4 0 32 55 38 1 8 5 
8 0 20 60 17 3 7 1 
8 8 10 49 70 5 2 8 
2 6 12 86 73 8 7 6 
9 6 28 88 47 9 3 5 
1 8 56 58 52 4 1 4 
2 4 15 40 24 8 4 0 
1 3 58 48 59 6 6 7 
1 9 47 81 43 9 4 1 
3 8 44 58 39 0 1 5 
6 3 11 39 37 9 0 4 
5 3 0 54 66 2 1 1 
7 5 33 35 9 4 8 4 
5 1 32 11 62 6 5 9 
0 4 68 82 51 8 6 4 
0 1 5 76 87 6 4 7 
3 7 32 65 63 9 7 0 
7 0 14 46 68 3 5 9 
0 8 25 50 82 5 5 3 
3 1 70 35 29 6 4 7 
0 4 29 51 75 4 2 6 
0 9 30 47 54 7 4 0 
9 6 36 0 22 5 2 7 
1 5 17 76 71 5 9 7 
5 8 23 61 14 6 3 6 
3 1 20 59 64 1 3 3 
2 3 22 45 83 0 8 8 
1 6 4 34 49 7 1 6 
9 3 24 46 39 3 9 7 
2 7 23 101 42 5 5 5 
6 5 0 59 50 5 6 8 
8 2 22 14 87 7 5 4 
6 9 31 25 58 6 3 4 
2 2 17 66 38 9 3 7 
0 7 48 68 59 6 0 7 
7 2 67 21 33 7 5 3 
2 3 47 45 51 8 5 5 
8 1 34 64 70 5 8 4 
6 6 8 25 66 0 0 7 
4 0 23 70 60 8 9 4 
4 0 64 51 51 6 9 9 
4 3 54 58 26 4 7 1 
3 2 27 11 67 6 9 5 
2 9 40 29 36 7 2 3 
2 8 0 22 45 1 2 1 
4 6 14 43 57 8 1 2 
3 7 17 50 50 1 9 8 
0 4 37 70 66 3 0 7 
5 4 41 44 37 2 2 3 
2 3 22 23 65 6 2 7 
7 9 40 37 33 8 3 2 
1 6 40 68 59 8 1 5 
6 8 29 59 72 0 5 8 
1 0 23 45 29 6 6 2 
7 4 22 18 65 2 8 6 
6 2 12 56 51 8 6 5 
3 7 30 43 64 8 8 5 
6 1 11 51 83 1 4 3 
9 9 40 58 30 1 9 8 
0 3 0 16 31 4 6 3 
1 7 30 80 52 8 9 6 
6 3 50 71 5 7 6 9 
3 7 13 35 76 1 8 5 
6 6 44 56 41 3 1 0 
7 1 6 52 56 1 9 1 
9 8 0 37 37 0 2 8 
2 9 70 44 31 2 3 5 
1 5 32 32 50 7 0 8 
9 7 26 54 29 3 9 5 
8 1 55 67 55 5 6 8 
6 2 20 86 44 8 8 4 
0 0 83 72 35 0 1 4 
4 9 0 44 56 2 3 2 
9 1 61 41 32 8 9 1 
8 0 52 29 75 0 3 7 
0 4 43 45 88 9 8 3 
5 2 28 68 71 8 4 7 
9 4 20 33 14 3 1 0 
0 0 12 39 35 3 2 3 
8 2 41 53 42 3 0 7 
6 7 14 40 82 9 3 4 
9 8 58 14 27 0 1 0 
9 0 19 65 14 4 0 0 
8 9 24 62 52 4 9 4 
0 1 15 69 68 2 1 9 
4 2 33 79 45 4 2 0 
3 2 63 52 29 1 3 8 
4 7 42 39 18 3 9 8 
2 4 32 77 36 6 0 8 
8 9 1 59 80 4 2 1 
7 5 45 48 45 8 2 8 
5 4 7 57 65 1 7 5 
5 3 0 0 39 4 3 3 
1 3 22 44 40 9 4 9 
6 8 41 62 68 2 2 7 
1 0 0 37 33 4 2 7 
1 0 29 62 33 0 9 0 
6 4 35 41 62 8 2 2 
0 0 28 35 34 1 7 8 
5 1 59 19 40 5 4 6 
3 2 31 28 54 9 6 6 
4 8 27 52 53 1 9 0 
8 9 14 72 26 4 5 2 
9 5 51 21 118 3 3 3 
9 3 19 65 22 2 4 9 
3 0 25 48 46 8 2 7 
8 0 32 52 55 6 9 9 
3 7 65 22 36 8 8 1 
9 2 26 48 55 9 9 3 
8 3 17 26 25 9 1 9 
5 0 19 33 64 2 3 1 
2 6 0 65 36 2 5 8 
6 5 32 19 53 5 9 3 
9 3 17 47 63 6 7 3 
4 1 46 34 88 1 8 6 
4 2 22 62 36 9 9 1 
3 5 0 37 28 5 3 0 
1 7 24 26 62 9 5 2 
2 1 50 50 46 3 3 0 
1 8 35 37 60 9 4 5 
5 0 17 11 42 9 8 6 
9 9 58 94 15 1 4 4 
0 6 1 54 34 3 4 3 
5 6 26 77 0 7 0 1 
4 6 59 59 12 6 4 5 
1 1 0 33 50 9 4 4 
0 4 5 29 18 5 7 0 
7 5 49 50 62 4 5 1 
5 1 49 61 41 9 9 5 
8 2 19 32 36 5 6 7 
6 2 19 75 23 8 7 9 
0 0 39 45 66 1 3 2 
6 3 33 59 92 6 2 7 
8 0 47 67 60 0 9 9 
2 1 20 52 73 9 8 9 
7 3 36 82 48 5 5 6 
7 0 44 63 53 4 7 7 
3 9 25 56 114 0 4 5 
9 0 28 33 78 0 8 2 
9 9 30 58 71 9 3 2 
6 1 0 43 43 0 8 3 
0 3 28 76 0 8 7 5 
2 6 86 38 50 6 8 1 
6 7 32 75 38 1 5 2 
2 1 40 73 87 1 1 1 
4 8 27 49 33 7 4 0 
4 7 38 23 47 0 0 6 
7 7 26 32 64 8 9 1 
0 8 16 50 49 0 5 6 
7 8 42 35 38 6 1 5 
6 1 22 80 22 8 3 8 
7 1 30 52 35 2 7 8 
1 4 22 26 61 7 9 6 
7 6 39 43 35 6 3 5 
6 3 17 54 6 4 3 9 
9 7 45 73 60 3 4 1 
7 9 14 70 52 0 8 5 
2 3 32 43 71 0 0 0 
7 9 35 80 47 6 1 5 
7 3 19 38 9 7 8 3 
9 5 43 91 59 7 0 9 
5 7 5 2 25 1 6 8 
6 5 53 65 49 1 1 4 
8 6 35 43 43 2 6 0 
6 9 51 60 19 1 8 6 
0 6 27 19 44 5 0 1 
1 3 11 97 54 5 5 6 
4 0 26 50 45 0 4 0 
0 5 36 43 68 5 9 3 
9 0 45 55 61 0 0 7 
4 5 57 80 33 6 8 1 
7 0 71 34 40 3 6 6 
3 7 33 47 85 0 6 6 
6 5 22 36 27 0 9 6 
8 0 33 60 32 6 7 0 
4 0 38 47 37 7 3 5 
9 7 54 47 51 4 2 9 
1 5 27 65 41 4 7 1 
0 8 36 26 34 1 7 2 
1 0 30 42 42 3 0 0 
8 6 50 47 43 7 6 5 
5 8 45 62 34 5 8 8 
5 0 37 27 40 5 6 0 
5 1 24 0 27 1 1 7 
6 9 0 23 82 8 5 8 
0 2 35 66 91 7 3 5 
2 2 36 9 87 5 7 7 
7 3 7 57 78 1 7 9 
9 9 90 22 62 4 0 1 
5 4 19 38 41 0 3 3 
8 5 42 40 80 6 4 1 
7 8 52 45 78 0 2 4 
7 7 22 62 69 1 4 1 
3 0 35 61 87 7 6 5 
1 0 60 46 49 6 2 1 
0 7 35 43 31 4 0 2 
5 0 77 56 49 5 5 9 
5 4 23 77 55 3 9 0 
4 8 10 70 58 8 5 6 
8 7 8 32 42 0 7 9 
1 0 53 37 50 3 0 1 
3 1 29 52 56 6 9 8 
3 7 9 66 73 5 0 9 
6 1 31 47 36 5 4 6 
9 0 0 82 41 0 6 9 
8 6 27 49 54 9 5 8 
1 5 71 51 53 8 2 6 
6 1 24 67 70 0 3 2 
2 0 10 38 69 0 1 4 
8 6 38 59 48 5 3 2 
5 9 24 42 45 8 2 1 
5 2 55 55 41 0 3 4 
6 1 14 41 31 6 3 3 
7 9 26 54 86 6 2 7 
2 9 45 61 56 6 3 2 
4 4 25 68 42 9 0 3 
3 2 53 6 66 7 1 4 
0 8 3 22 47 9 8 4 
4 0 26 51 16 1 1 3 
0 0 35 43 57 4 1 8 
2 9 75 42 48 0 2 1 
7 7 31 72 42 5 1 0 
7 3 48 57 70 9 5 8 
3 5 48 36 59 2 2 3 
8 6 16 31 33 2 9 4 
8 8 57 64 36 5 8 3 
8 9 54 5 47 8 3 2 
7 9 53 83 36 3 5 0 
3 5 29 67 35 2 5 9 
9 3 12 82 42 0 5 5 
4 1 32 54 34 9 5 2 
1 8 38 65 66 4 6 2 
7 5 40 48 48 2 0 0 
7 5 45 58 51 7 7 3 
7 5 42 56 58 0 7 5 
9 8 32 37 78 5 8 1 
1 2 28 68 59 6 7 0 
9 3 5 33 12 8 3 9 
5 1 27 64 26 8 3 4 
1 4 79 31 43 6 7 5 
5 0 44 48 21 4 1 3 
1 8 22 59 68 1 7 6 
8 1 30 68 67 4 4 2 
9 7 35 94 43 1 5 8 
2 8 54 40 62 0 9 6 
6 1 51 38 56 6 7 1 
8 7 2 61 56 3 9 9 
9 3 41 66 37 2 1 6 
0 8 29 68 42 3 3 6 
0 2 35 21 41 4 5 5 
7 6 44 64 82 3 1 3 
2 4 21 56 82 7 1 7 
8 0 46 26 105 3 1 1 
7 8 46 44 66 5 7 6 
9 5 62 52 38 2 4 3 
7 7 29 78 7 9 7 0 
3 0 29 63 69 0 9 9 
5 5 57 56 39 0 8 8 
8 0 83 50 23 6 2 5 
3 4 0 50 59 9 5 0 
9 4 3 66 56 5 3 5 
1 3 46 44 38 3 7 3 
8 1 19 38 37 0 1 6 
7 4 74 56 31 4 5 0 
4 1 62 66 61 5 4 5 
3 7 8 18 49 1 0 9 
4 7 32 37 57 3 3 8 
2 1 34 40 19 8 8 8 
4 0 49 55 84 8 3 6 
8 7 25 13 61 4 1 6 
0 7 20 50 37 3 1 8 
1 5 16 83 43 4 1 5 
5 6 43 75 47 4 6 2 
7 1 0 58 23 4 9 4 
5 3 69 38 66 8 7 6 
7 7 58 40 52 0 7 6 
2 0 47 46 52 4 3 2 
5 2 52 59 12 6 9 4 
4 4 23 49 44 3 1 1 
7 1 14 48 50 2 7 4 
8 3 49 27 23 0 3 0 
0 1 20 39 59 7 6 1 
4 4 40 53 20 9 0 3 
0 3 49 34 32 4 8 3 
1 5 42 50 49 0 5 8 
9 0 63 49 63 5 4 5 
6 7 17 31 68 4 0 5 
7 3 63 39 47 1 8 9 
2 9 40 52 66 9 9 4 
9 0 12 32 38 2 1 2 
1 3 51 38 100 2 8 7 
8 5 0 38 50 1 4 1 
0 1 30 40 72 3 2 5 
7 6 10 65 46 3 2 4 
4 0 22 66 39 4 8 6 
2 3 71 25 34 7 1 5 
7 2 10 47 52 3 5 5 
0 2 14 62 0 4 3 0 
2 9 20 42 35 7 6 0 
0 2 12 33 58 6 3 1 
6 3 5 25 38 7 8 7 
3 7 58 23 61 1 6 7 
4 6 28 29 27 9 9 7 
5 9 0 15 66 5 4 5 
0 9 33 53 27 7 7 9 
3 8 30 41 51 9 5 2 
4 0 40 61 61 3 6 5 
4 8 16 42 28 8 3 4 
1 1 3 74 68 6 2 6 
9 6 12 67 62 6 1 8 
3 1 3 100 43 7 5 0 
3 4 26 68 31 4 7 4 
2 9 26 42 71 0 0 0 
8 9 40 66 72 1 3 6 
4 5 9 56 70 1 0 3 
1 9 53 32 18 1 6 3 
3 6 57 58 61 0 6 3 
1 8 40 2 53 6 3 7 
7 9 26 52 35 1 6 1 
5 3 0 42 22 5 6 2 
6 4 34 38 83 8 1 1 
1 4 48 26 21 7 4 7 
5 8 28 73 49 1 8 2 
8 7 56 32 69 7 5 3 
7 7 52 32 31 7 5 0 
7 4 64 41 55 2 1 7 
0 3 28 34 40 9 5 3 
9 4 43 51 38 0 5 7 
9 6 12 72 49 0 6 2 
8 2 66 71 68 5 5 3 
3 3 7 70 3 7 3 2 
2 6 3 0 68 8 1 5 
6 3 0 68 61 9 6 6 
9 5 1 84 28 0 0 7 
8 6 22 14 41 5 1 1 
0 9 45 43 36 8 7 6 
0 0 23 61 13 2 1 1 
3 2 46 41 73 9 1 7 
1 1 8 82 60 1 2 2 
0 5 53 43 50 8 8 2 
8 2 12 76 58 5 2 4 
3 8 5 21 24 9 5 3 
0 4 7 45 72 1 3 1 
5 0 30 18 3 4 5 8 
3 7 66 46 29 9 3 3 
7 2 0 19 42 5 2 9 
9 6 12 22 31 5 9 4 
7 3 8 56 72 4 8 6 
3 6 26 40 58 6 6 8 
3 3 27 23 35 9 0 6 
5 2 29 63 49 1 1 0 
2 0 34 66 37 4 7 3 
7 6 29 24 61 2 0 2 
2 9 37 53 64 7 4 9 
5 6 24 31 24 5 2 9 
5 2 29 57 54 8 2 5 
3 3 34 32 61 1 4 1 
9 2 73 74 49 8 7 8 
7 2 44 35 14 0 4 2 
5 1 29 25 25 9 2 5 
9 3 43 43 41 1 8 7 
3 8 46 56 69 8 0 0 
7 1 25 42 15 8 1 6 
6 3 37 27 52 7 4 8 
5 8 46 71 7 8 4 6 
5 5 28 85 40 1 8 9 
1 4 41 68 41 0 6 9 
6 1 12 41 20 5 3 7 
3 7 45 69 48 9 1 3 
6 7 5 54 54 3 6 6 
1 0 45 80 60 7 4 2 
7 6 14 21 55 0 1 6 
1 4 14 60 32 9 5 6 
6 0 21 58 58 3 3 6 
8 4 21 71 62 3 5 7 
0 3 36 92 50 3 8 1 
0 9 16 35 71 4 5 9 
8 7 20 44 40 2 2 7 
6 8 1 74 86 5 1 9 
9 8 8 55 43 1 9 8 
1 8 0 21 80 7 9 6 
8 9 54 35 70 0 6 2 
7 6 29 46 57 4 4 9 
0 6 38 57 87 9 1 0 
6 4 1 51 35 1 3 5 
8 3 28 45 58 5 5 2 
3 0 18 42 82 5 1 4 
6 4 0 39 48 3 0 0 
3 0 55 30 51 1 6 8 
1 0 20 10 44 8 9 0 
4 0 54 40 55 6 9 5 
7 0 16 41 40 5 1 8 
2 7 30 51 16 4 4 2 
8 4 60 43 60 8 7 6 
8 9 8 33 45 0 2 5 
8 1 28 40 28 2 9 9 
6 6 37 14 40 0 6 3 
8 1 40 68 78 2 7 9 
7 0 30 52 60 6 4 2 
8 0 41 8 21 8 6 6 
8 8 14 68 50 5 1 5 
4 7 18 34 64 2 6 7 
6 9 32 39 60 5 2 7 
4 6 42 57 47 4 8 6 
2 7 38 10 43 1 5 0 
9 0 33 76 68 8 9 9 
4 0 31 73 67 9 3 4 
2 8 31 44 84 9 4 3 
6 0 32 73 81 1 8 4 
9 8 62 46 14 4 2 8 
6 2 12 44 39 7 7 4 
8 9 42 56 35 6 3 6 
3 7 69 22 34 5 6 9 
4 8 48 32 58 6 6 8 
9 3 0 30 64 4 4 0 
6 1 47 77 14 1 2 7 
7 7 34 41 57 8 4 9 
0 1 28 31 22 0 8 4 
5 3 28 71 71 5 8 3 
0 7 39 43 38 4 4 5 
0 6 33 11 70 0 6 1 
5 5 33 97 14 3 6 9 
5 2 11 40 52 7 9 0 
9 2 33 58 67 6 8 2 
6 3 23 20 32 0 5 8 
5 3 14 55 33 4 2 3 
5 7 28 10 74 9 6 7 
4 3 28 54 89 2 2 4 
6 7 39 63 76 3 4 6 
2 4 8 50 46 7 5 7 
1 3 67 54 31 3 5 8 
3 1 48 58 102 3 8 8 
1 3 20 48 22 6 4 2 
6 5 28 83 53 4 4 9 
4 3 23 37 45 1 1 8 
9 9 11 62 49 8 9 6 
4 2 0 58 46 3 0 8 
5 4 25 54 37 7 7 2 
6 2 75 74 52 9 9 0 
7 9 36 57 45 4 6 3 
8 2 17 66 38 6 7 1 
5 5 48 33 58 0 2 5 
0 7 27 65 77 7 8 4 
3 8 15 19 81 4 2 8 
2 6 28 46 25 2 6 3 
8 7 55 81 75 0 2 8 
0 8 8 24 34 0 2 3 
7 8 22 70 49 0 0 3 
7 9 61 44 43 8 4 7 
4 0 27 71 63 7 0 3 
9 7 34 47 68 0 4 4 
6 4 0 37 36 7 6 8 
8 4 61 19 22 2 5 9 
9 5 18 41 33 1 7 4 
0 6 28 74 27 9 7 6 
2 1 36 62 57 6 2 6 
6 3 48 68 54 7 4 2 
3 5 29 57 63 7 5 5 
3 9 29 52 44 5 6 0 
0 5 6 37 24 8 8 4 
4 9 34 27 52 0 6 8 
7 5 0 11 78 0 5 0 
7 1 16 53 74 4 1 0 
9 2 55 56 48 6 5 5 
5 0 58 77 54 7 1 3 
7 1 57 52 25 2 7 1 
4 6 57 41 23 8 9 2 
9 1 31 0 31 8 4 1 
0 1 37 53 29 4 7 8 
1 6 2 47 25 1 4 3 
0 8 33 78 68 8 1 9 
5 3 3 60 68 0 4 0 
8 5 25 52 41 4 1 4 
1 4 22 33 58 1 7 2 
8 9 18 84 17 7 8 3 
1 4 14 70 30 5 8 3 
9 9 19 22 18 8 0 2 
1 7 61 84 56 9 8 2 
3 4 4 41 42 0 4 0 
6 2 47 26 66 6 5 8 
5 1 26 10 39 4 8 6 
7 1 43 56 50 0 3 3 
3 2 23 70 43 6 9 5 
7 4 12 57 5 8 6 4 
8 0 54 8 65 9 4 5 
1 7 42 53 80 9 7 4 
5 4 54 11 35 4 6 5 
3 6 13 52 39 3 0 8 
4 8 51 80 59 1 2 5 
9 5 27 66 26 4 8 3 
2 0 20 58 30 7 3 3 
6 3 32 46 50 2 0 9 
7 1 55 32 78 5 7 4 
5 8 21 20 40 8 8 8 
6 4 51 91 24 8 0 1 
3 2 7 69 44 5 9 6 
5 1 24 55 54 1 6 7 
7 3 42 44 57 3 3 0 
1 1 40 70 42 7 0 6 
7 9 19 46 6 8 5 6 
2 5 8 64 67 7 9 0 
2 3 65 50 36 5 4 9 
0 5 49 62 48 1 3 7 
9 8 34 38 96 9 6 6 
1 0 49 60 19 6 6 3 
8 1 23 86 44 1 7 6 
4 6 61 45 69 2 6 1 
3 2 6 60 9 3 3 8 
7 3 31 67 42 2 7 0 
4 7 65 47 37 8 4 7 
3 4 49 17 89 4 1 4 
4 5 12 76 30 2 0 3 
1 8 64 63 79 6 3 1 
1 2 60 85 40 4 6 2 
9 8 0 34 71 2 9 6 
8 4 12 51 64 1 0 0 
5 1 50 48 57 4 8 1 
0 3 40 47 62 9 0 9 
5 3 0 37 34 0 3 5 
5 0 0 40 82 9 3 9 
9 7 58 67 74 0 2 1 
1 9 0 80 51 8 8 0 
6 1 42 51 39 2 8 0 
6 5 27 34 56 7 5 7 
6 6 31 66 48 5 2 5 
5 7 40 46 61 8 8 7 
6 7 44 75 50 8 0 0 
4 7 37 39 71 0 3 9 
8 0 34 16 83 0 7 6 
3 7 16 30 16 8 3 8 
0 5 32 79 54 4 2 3 
3 2 34 64 58 2 4 9 
0 9 35 55 98 8 7 6 
9 3 15 39 57 7 2 3 
2 5 35 40 58 2 3 0 
5 4 45 68 7 9 3 0 
0 2 6 0 93 5 6 3 
2 7 24 25 35 0 2 8 
6 7 41 15 82 9 0 1 
0 7 50 22 58 6 9 9 
9 5 54 50 63 2 4 6 
1 9 53 19 36 4 3 0 
4 0 28 38 50 9 7 5 
8 6 39 83 26 4 5 3 
7 1 0 76 37 5 1 5 
7 3 38 29 44 3 2 3 
2 3 33 51 20 4 1 1 
3 4 21 37 10 9 0 4 
8 0 25 75 37 0 5 8 
6 1 47 72 56 6 8 8 
3 2 0 39 70 0 9 6 
2 7 57 59 61 9 9 4 
9 2 44 39 62 7 0 3 
0 2 39 52 51 0 4 2 
3 1 16 98 89 1 3 3 
4 6 52 41 28 8 1 3 
4 8 78 59 92 5 3 1 
0 4 10 40 34 9 8 4 
4 9 32 31 34 1 7 5 
0 2 43 84 30 2 9 9 
7 7 16 31 94 5 2 2 
0 9 0 25 39 8 0 5 
5 3 0 56 33 6 6 7 
2 1 14 30 66 4 3 7 
4 7 62 89 56 1 9 6 
7 9 4 98 39 9 6 7 
3 4 44 48 33 1 5 7 
6 3 36 42 71 2 2 0 
0 2 0 45 44 3 6 7 
4 5 74 47 35 8 8 0 
0 7 38 37 33 6 5 3 
7 2 10 59 70 9 7 0 
1 5 22 52 38 8 6 5 
4 9 21 54 24 1 5 4 
4 3 51 48 66 0 6 6 
5 4 15 49 42 3 0 3 
5 8 44 41 49 2 3 0 
2 4 26 37 52 3 4 5 
7 3 0 26 71 6 3 6 
9 0 17 58 79 6 4 5 
9 5 16 28 42 2 5 0 
1 5 17 5 37 6 9 9 
8 5 7 71 45 5 1 9 
7 1 16 10 26 1 1 3 
9 8 0 50 58 3 6 2 
1 3 22 82 61 1 4 7 
9 9 45 59 41 5 4 6 
3 9 6 38 39 0 6 2 
9 2 43 30 66 3 8 8 
0 7 27 22 86 9 4 2 
2 5 29 48 57 0 7 4 
8 6 24 45 101 5 2 0 
1 3 0 15 42 2 5 1 
5 8 33 67 66 0 0 0 
4 4 22 27 64 7 4 6 
8 2 84 57 50 1 5 8 
8 0 0 62 12 6 9 5 
2 7 22 62 52 6 1 5 
8 0 29 64 59 5 2 3 
3 4 19 39 65 5 8 0 
4 3 24 53 68 6 5 8 
7 5 9 95 43 8 6 4 
0 8 6 82 30 0 4 7 
4 4 36 56 46 0 6 1 
6 2 24 39 60 6 5 3 
8 1 16 16 48 7 9 7 
8 2 5 87 49 2 1 8 
4 5 4 0 68 6 9 5 
5 1 62 42 16 4 8 2 
0 3 41 39 70 7 5 0 
5 4 48 22 50 8 0 2 
3 0 46 8 78 9 3 6 
9 0 17 33 45 4 9 5 
9 4 25 71 53 2 3 3 
6 4 62 60 60 7 9 4 
7 2 31 56 74 8 1 2 
3 0 39 11 65 8 9 3 
1 8 14 35 51 1 8 5 
9 3 61 43 40 2 3 3 
8 1 34 40 25 1 7 6 
5 1 9 43 31 6 8 8 
5 2 24 65 27 5 5 8 
9 7 34 63 58 0 2 5 
4 5 57 51 52 8 9 2 
4 9 27 61 28 2 9 7 
2 8 0 49 56 0 8 3 
7 9 26 50 60 9 9 5 
5 9 20 67 82 6 7 1 
4 4 50 50 32 9 8 9 
8 8 26 49 48 4 9 4 
6 7 19 46 31 9 0 2 
3 2 32 60 32 5 0 2 
1 6 40 46 58 6 8 8 
4 5 44 17 22 1 3 6 
8 9 16 79 56 8 2 8 
9 6 33 23 42 1 2 6 
3 8 28 53 61 4 2 5 
6 2 34 62 40 5 5 5 
5 0 76 36 62 2 2 4 
8 4 0 77 53 1 5 1 
6 4 47 80 62 6 4 1 
5 0 74 64 84 6 7 8 
2 8 41 24 49 0 0 8 
3 4 10 29 44 6 2 1 
9 3 39 43 60 0 6 6 
1 7 28 5 62 8 5 1 
3 0 3 22 20 6 3 0 
5 5 45 60 87 8 8 6 
1 2 51 52 36 9 4 2 
0 3 60 59 91 5 3 5 
6 3 0 33 30 0 6 6 
7 4 44 54 76 4 4 4 
4 6 43 73 45 6 0 7 
0 4 23 66 44 3 0 4 
4 1 22 25 20 3 3 1 
1 1 40 51 56 0 2 1 
4 6 18 28 15 2 3 7 
5 7 5 76 25 6 6 6 
2 2 16 31 49 4 0 3 
2 3 40 47 39 2 2 9 
1 7 8 40 39 2 7 6 
6 0 43 82 13 4 1 0 
7 9 61 43 64 9 6 9 
7 9 22 38 48 9 0 4 
4 3 31 49 32 5 7 7 
8 8 15 59 64 4 5 1 
0 3 22 14 51 1 8 7 
4 1 17 42 60 2 6 2 
4 2 10 37 59 9 5 9 
0 0 8 16 53 5 4 9 
7 5 40 51 67 3 0 7 
7 8 24 31 62 7 6 4 
3 5 30 47 82 2 7 1 
1 3 13 39 26 2 9 6 
9 5 7 66 75 7 4 8 
3 4 6 77 77 6 6 3 
2 7 11 54 39 7 1 4 
8 5 26 49 55 2 8 5 
4 0 0 43 48 4 3 3 
0 9 5 69 31 7 4 7 
3 5 32 37 32 4 1 9 
8 8 22 61 13 4 5 5 
2 1 42 47 70 7 0 5 
0 2 44 60 68 5 5 3 
9 0 12 91 66 2 1 0 
9 4 17 47 28 9 0 0 
5 9 38 48 15 0 4 6 
6 9 22 20 9 8 0 5 
6 8 53 49 34 3 3 6 
9 8 6 56 0 3 5 3 
9 5 0 39 39 2 1 0 
5 9 51 68 64 6 4 5 
7 2 34 88 47 0 0 8 
1 9 26 31 16 4 3 3 
4 3 35 38 32 8 6 0 
8 2 50 32 42 0 7 9 
2 1 16 34 35 6 4 8 
9 2 11 31 41 3 9 9 
8 3 16 81 73 0 9 2 
8 0 3 50 52 4 0 3 
8 9 57 88 66 2 0 4 
6 5 39 31 49 8 8 6 
2 3 20 64 61 7 6 6 
8 6 22 47 39 2 1 7 
7 0 42 56 21 8 8 3 
2 7 14 44 39 2 9 3 
1 2 9 71 49 1 4 3 
8 9 25 48 47 6 5 2 
6 7 46 64 31 2 1 9 
6 3 32 41 25 5 7 6 
1 4 12 55 99 0 3 7 
9 6 44 54 59 1 9 7 
4 7 52 52 52 6 9 8 
7 5 68 21 77 6 7 0 
4 9 40 18 17 4 9 0 
4 3 15 45 51 9 2 1 
0 1 57 45 20 2 3 2 
0 2 23 40 42 3 9 2 
5 5 55 58 77 6 6 1 
5 7 49 19 56 7 3 7 
2 5 64 10 60 4 4 7 
7 5 9 64 69 4 3 6 
3 9 34 57 27 7 6 5 
7 7 23 54 61 0 6 9 
4 9 6 57 45 0 4 8 
9 9 2 22 32 6 4 4 
1 5 13 38 43 6 6 0 
9 4 0 8 46 3 8 8 
2 2 44 78 59 4 4 3 
3 8 60 42 42 7 7 8 
8 0 37 27 17 1 3 2 
3 1 9 50 45 5 3 2 
8 9 18 39 22 7 1 6 
5 3 0 33 36 9 9 1 
1 3 20 55 2 4 0 3 
6 3 32 68 33 5 7 6 
2 5 40 80 59 9 9 4 
6 1 16 66 38 8 3 2 
1 8 9 52 75 8 0 0 
8 9 23 72 78 6 1 7 
6 5 84 51 38 9 0 3 
9 2 60 18 81 2 1 8 
9 8 8 64 79 3 6 7 
6 1 50 75 80 5 8 7 
1 0 35 59 34 0 3 8 
2 9 0 28 14 5 7 9 
0 8 68 70 9 1 1 9 
6 2 17 33 48 0 5 7 
6 8 29 56 82 8 6 8 
1 0 0 39 38 3 7 2 
1 7 15 46 68 6 5 4 
8 7 2 54 51 1 6 9 
1 7 14 52 70 8 6 1 
0 1 27 36 30 8 3 7 
4 5 45 31 25 0 3 9 
8 2 52 22 11 4 1 3 
7 4 31 41 55 1 2 3 
8 8 28 45 63 0 7 0 
3 1 0 38 41 7 1 2 
2 1 50 58 46 9 1 8 
3 0 39 67 31 0 5 1 
5 3 21 37 50 0 5 6 
2 9 24 31 28 2 5 6 
2 9 29 80 63 3 6 9 
7 4 2 16 53 8 1 9 
1 7 1 81 38 5 1 2 
9 7 50 37 80 4 4 4 
2 3 6 46 83 5 6 3 
1 4 75 66 53 3 6 3 
6 7 41 59 43 3 4 6 
0 4 28 34 50 0 6 7 
1 0 14 71 65 6 2 8 
9 0 73 23 64 5 1 7 
6 4 0 35 68 2 1 4 
8 5 31 52 88 6 1 9 
9 0 49 63 6 3 0 2 
2 5 44 53 35 1 4 9 
2 4 30 62 66 0 2 9 
2 7 30 45 35 9 0 7 
1 6 0 26 39 8 3 0 
6 2 21 52 43 3 9 8 
7 5 0 63 27 7 6 3 
0 3 30 63 34 6 7 0 
7 1 18 58 87 3 7 4 
6 2 25 57 51 2 0 4 
7 1 43 52 38 3 1 6 
1 8 20 31 72 0 1 6 
7 3 62 77 20 6 7 0 
3 6 47 29 81 9 6 4 
9 7 1 13 48 0 8 9 
0 1 0 71 24 5 5 6 
4 8 29 23 73 5 1 0 
0 6 25 28 21 5 9 2 
6 9 25 47 38 2 7 6 
8 9 46 62 46 5 9 5 
1 2 32 60 31 9 1 0 
5 0 39 79 23 3 6 6 
7 0 35 78 38 1 4 0 
2 1 59 19 24 4 9 9 
2 6 52 46 27 5 5 1 
4 0 11 62 7 8 2 3 
3 9 16 46 61 3 1 3 
4 0 16 19 57 9 1 3 
7 8 23 72 61 0 5 3 
1 2 50 45 42 2 9 7 
3 3 60 34 51 5 3 7 
2 0 17 13 42 3 8 2 
8 0 0 35 81 5 2 0 
0 5 33 45 78 3 1 3 
8 1 26 12 50 9 1 2 
4 7 30 60 50 9 2 6 
2 7 41 70 49 9 5 1 
8 8 39 63 30 9 8 6 
0 3 0 63 23 2 3 2 
0 3 70 51 68 5 7 0 
0 0 0 53 55 8 6 5 
7 7 13 81 45 9 8 0 
9 8 0 55 60 6 2 3 
2 6 13 54 53 0 7 4 
1 9 21 66 55 9 8 7 
1 3 26 81 33 3 4 0 
9 4 16 55 71 1 4 2 
1 9 37 22 10 8 6 0 
2 9 41 61 48 8 8 9 
7 5 32 21 50 0 5 9 
4 2 50 41 60 6 7 1 
3 1 16 53 56 2 9 8 
1 3 0 31 72 9 8 5 
4 4 53 72 68 6 6 6 
9 6 10 50 21 0 4 3 
3 4 53 54 69 4 3 2 
0 2 42 49 56 8 5 4 
8 3 46 51 44 7 9 4 
9 3 1 71 37 3 0 1 
0 1 37 33 64 4 7 1 
6 2 55 69 64 6 9 8 
8 2 38 56 30 5 9 0 
6 8 42 20 64 0 7 8 
8 6 34 50 36 7 4 4 
8 9 13 47 77 6 1 7 
5 1 35 70 12 7 4 2 
6 4 0 16 49 7 1 4 
7 3 0 46 14 2 2 9 
6 9 56 54 77 2 5 2 
3 8 35 27 80 1 5 7 
7 1 25 33 36 1 8 9 
1 0 13 65 20 2 3 1 
2 6 66 18 51 0 8 6 
6 9 42 54 44 9 2 0 
0 7 52 66 53 1 7 8 
9 4 11 49 77 4 4 3 
0 8 46 47 68 1 6 2 
3 4 26 39 46 5 9 2 
7 3 35 41 78 0 4 8 
3 7 12 38 59 7 8 1 
5 7 24 61 24 0 1 3 
7 8 20 21 40 2 7 1 
1 2 49 53 67 4 8 4 
2 0 25 46 52 3 8 9 
6 3 43 34 78 8 6 6 
2 1 24 52 26 0 8 2 
2 5 20 5 77 0 8 1 
4 2 46 88 17 1 9 1 
0 1 34 42 39 5 6 9 
0 5 43 37 16 9 7 0 
5 1 53 45 41 7 9 9 
6 9 60 66 72 4 3 6 
4 8 29 51 13 9 8 3 
0 3 36 58 70 4 8 2 
3 7 38 87 68 1 5 6 
1 5 75 55 58 2 8 4 
5 9 55 52 69 3 4 9 
6 3 22 61 24 6 0 3 
9 0 4 56 69 1 1 5 
5 8 51 32 28 9 3 5 
7 5 7 64 53 9 1 3 
3 2 33 82 43 7 7 2 
7 1 0 59 79 1 7 3 
6 5 29 83 66 3 3 3 
6 0 0 45 65 6 9 8 
3 5 25 31 82 6 0 6 
1 3 8 43 84 1 5 9 
8 5 16 28 56 2 8 8 
9 9 13 9 41 4 0 0 
6 4 39 62 66 7 5 0 
1 7 38 0 77 7 9 6 
3 0 0 35 48 9 6 5 
7 3 25 30 40 7 5 8 
4 7 31 45 15 4 1 4 
8 0 5 80 67 8 6 4 
7 8 27 37 63 8 0 4 
4 1 42 46 70 3 8 9 
8 1 22 88 49 9 9 0 
9 0 57 30 49 4 6 9 
3 8 10 53 34 4 4 0 
5 3 46 58 9 4 4 1 
6 8 61 73 45 7 6 8 
6 2 23 62 91 6 8 1 
3 4 38 66 43 9 3 0 
8 3 21 25 35 8 6 3 
3 1 0 32 22 4 7 1 
3 7 28 64 36 6 6 3 
9 0 40 102 46 3 4 8 
4 8 34 50 25 8 9 5 
3 2 37 61 24 2 2 9 
2 5 41 57 46 5 8 1 
5 1 29 30 1 5 4 1 
0 3 19 72 77 4 6 4 
6 2 66 114 62 6 7 3 
3 8 34 38 65 0 2 7 
7 6 13 28 67 4 0 3 
5 5 8 47 45 6 3 6 
3 4 12 29 41 0 0 6 
2 6 51 34 27 7 5 3 
7 8 7 51 37 8 7 0 
5 1 42 63 75 6 4 8 
1 1 0 50 46 1 3 7 
7 2 20 84 66 7 0 2 
6 6 26 32 93 6 1 9 
7 9 51 71 49 7 9 1 
8 3 4 61 43 2 1 9 
9 9 35 51 53 7 9 8 
0 1 67 43 30 2 2 2 
9 0 6 48 71 6 6 6 
0 1 31 47 60 0 5 7 
8 3 42 44 37 7 7 7 
2 6 9 59 48 1 0 5 
6 7 38 25 21 6 1 2 
8 4 16 60 30 4 9 6 
9 8 28 33 27 2 8 5 
6 5 37 19 85 9 2 1 
5 9 0 51 49 1 6 3 
1 6 16 64 56 1 7 2 
0 1 9 68 73 4 5 7 
3 3 40 64 83 1 4 2 
0 2 43 35 8 7 0 2 
3 3 39 60 81 9 2 2 
5 3 48 77 51 5 6 0 
8 2 61 25 70 2 3 1 
3 9 29 37 40 4 6 4 
2 5 22 54 29 1 3 9 
0 2 28 32 17 3 7 3 
4 3 8 54 13 1 4 1 
4 1 21 31 55 4 0 6 
4 9 22 60 52 3 0 1 
4 2 25 54 38 0 6 6 
5 2 26 59 27 6 9 5 
9 8 24 42 60 3 0 1 
1 0 35 53 67 8 5 4 
7 3 18 48 22 3 7 6 
8 9 22 73 68 5 1 1 
7 0 44 7 28 3 6 1 
3 8 20 63 78 8 8 1 
3 3 11 44 47 8 5 6 
5 6 15 45 61 2 9 8 
9 8 28 12 9 4 4 8 
9 0 24 42 28 9 4 1 
2 7 29 49 44 3 1 9 
2 8 37 33 73 0 2 4 
1 9 78 29 30 9 2 9 
8 8 40 33 63 6 0 1 
8 6 0 43 33 9 8 5 
7 1 17 36 57 4 1 7 
3 7 23 60 51 3 2 6 
9 3 36 73 44 9 4 7 
4 7 37 15 34 7 5 9 
4 9 14 40 62 0 5 3 
9 5 20 30 50 2 4 8 
6 6 43 8 9 7 6 4 
4 4 34 51 53 8 1 5 
7 2 32 45 36 0 3 8 
3 9 0 24 76 7 5 8 
1 8 65 64 22 9 1 4 
5 8 25 76 67 8 7 2 
4 2 20 64 47 1 1 9 
4 5 23 65 55 3 2 7 
8 4 37 52 37 0 0 0 
6 5 13 57 65 5 7 4 
1 2 18 29 48 8 7 4 
7 0 0 81 83 1 8 0 
0 2 30 30 65 5 2 7 
2 3 22 24 43 9 9 4 
2 7 19 29 45 6 1 0 
9 8 27 63 51 6 4 2 
9 3 22 51 39 0 5 0 
8 6 3 104 69 5 9 7 
5 1 21 37 32 8 8 5 
0 6 34 76 77 3 5 0 
3 3 0 13 59 9 2 0 
5 9 6 69 29 7 6 2 
3 6 45 35 60 9 4 3 
8 4 34 52 52 2 7 3 
7 7 19 63 44 9 0 2 
6 9 28 58 54 8 8 6 
1 9 32 45 35 9 8 0 
0 9 41 63 47 2 7 6 
1 6 4 73 75 5 1 6 
2 8 38 68 61 2 3 5 
8 1 37 71 0 2 8 4 
4 0 40 68 58 2 5 3 
4 5 12 56 70 5 1 2 
9 1 52 62 78 7 0 1 
7 4 58 1 30 2 2 3 
7 6 39 65 31 1 0 5 
6 8 23 33 59 8 4 8 
8 2 21 102 54 3 7 2 
5 5 55 78 30 0 9 9 
3 1 0 78 37 6 1 0 
3 5 41 25 94 7 3 2 
5 6 30 65 62 4 3 6 
5 8 13 36 59 1 1 7 
7 1 26 36 41 9 7 1 
7 8 34 37 53 6 5 9 
5 5 39 40 30 5 6 8 
8 6 17 43 62 6 0 9 
9 8 75 0 93 5 3 5 
8 0 33 39 35 4 7 6 
9 8 16 66 23 3 0 8 
8 2 36 68 56 1 4 2 
8 7 21 59 42 7 1 1 
1 1 42 0 44 8 4 9 
9 4 32 48 61 6 9 8 
4 1 52 27 61 6 1 1 
0 9 35 70 54 4 1 8 
9 4 32 62 39 5 3 3 
8 9 29 49 41 1 5 8 
4 8 0 74 50 4 9 6 
6 3 40 55 34 2 0 6 
3 4 63 65 52 2 9 1 
2 8 76 47 52 2 4 8 
1 6 0 69 62 4 2 5 
8 3 17 33 26 6 2 1 
5 9 9 42 83 4 9 1 
9 2 0 31 57 4 4 2 
6 8 58 69 2 4 9 4 
3 9 13 51 51 1 5 2 
1 2 10 13 25 7 8 1 
5 3 25 48 76 7 4 6 
5 0 39 78 39 6 9 9 
6 2 72 50 35 8 8 0 
9 0 42 65 37 7 3 4 
5 8 50 27 25 2 1 2 
5 2 19 70 29 5 5 1 
4 5 12 51 67 2 5 0 
1 4 0 36 73 3 7 8 
5 8 26 49 84 8 6 6 
3 0 57 50 59 6 5 2 
7 7 1 48 46 8 6 3 
4 4 45 62 68 9 0 6 
3 9 68 16 79 1 5 1 
2 6 31 75 74 8 1 7 
4 8 56 56 28 0 3 0 
7 8 1 70 40 6 6 8 
2 0 43 28 53 9 9 6 
6 4 0 62 74 1 0 9 
2 3 16 28 80 5 1 4 
9 2 52 39 61 6 5 7 
1 5 51 23 50 9 9 4 
1 5 29 30 66 7 9 2 
7 9 19 52 74 6 3 3 
2 0 0 31 47 0 2 0 
3 1 43 65 46 5 4 3 
8 1 11 16 60 0 3 7 
7 7 49 52 76 9 7 3 
4 1 12 8 80 1 4 3 
2 9 19 51 33 9 2 5 
3 5 37 64 26 3 8 4 
3 7 33 61 45 8 5 8 
3 6 20 39 51 0 1 0 
7 6 28 51 27 4 4 1 
5 5 31 34 81 5 6 4 
7 8 45 51 68 0 0 9 
6 8 22 29 24 3 6 5 
5 5 42 31 39 5 3 3 
7 3 56 69 72 8 7 6 
5 4 73 17 40 7 6 9 
9 0 47 28 82 5 9 2 
1 8 19 48 73 9 6 8 
5 1 55 54 54 1 3 8 
7 9 58 37 32 1 6 1 
6 0 11 28 32 3 4 6 
1 1 26 24 46 3 4 3 
6 7 24 39 45 3 0 0 
4 1 44 14 69 0 2 6 
8 9 83 61 43 6 7 9 
6 4 51 35 48 1 2 0 
1 0 46 58 14 1 3 3 
6 7 32 38 24 7 4 7 
1 9 24 67 76 5 4 3 
2 5 58 64 46 8 0 0 
9 8 29 41 51 0 7 0 
7 5 65 48 36 4 6 2 
3 7 11 38 42 3 6 7 
6 0 55 97 30 5 8 4 
9 0 7 59 0 4 7 6 
5 4 17 70 68 4 1 7 
9 6 21 44 80 9 1 2 
1 6 37 86 66 8 0 9 
9 7 37 71 50 8 6 9 
4 4 23 82 61 9 2 5 
3 4 16 58 47 7 3 8 
3 3 9 62 72 0 9 9 
3 3 15 29 53 7 6 2 
7 3 27 54 64 7 7 5 
5 0 30 58 31 7 6 5 
5 4 20 30 41 7 0 2 
8 1 55 54 47 1 8 4 
9 9 42 18 53 0 3 2 
8 3 24 52 54 2 2 4 
6 3 0 24 58 7 5 5 
4 8 0 52 42 9 3 2 
7 8 5 46 55 3 5 7 
7 3 3 53 61 0 1 0 
4 0 0 41 65 3 2 1 
8 4 8 68 73 4 4 9 
5 6 10 34 57 6 9 8 
5 3 0 63 41 3 4 1 
2 1 23 63 46 9 0 6 
5 1 56 67 70 3 2 8 
3 7 22 45 62 7 0 4 
8 9 10 35 64 9 2 0 
9 0 68 56 40 8 7 0 
1 0 19 67 59 6 8 1 
1 6 17 40 47 1 7 2 
2 1 20 103 45 3 7 6 
6 7 7 50 27 8 7 3 
3 3 14 26 54 5 0 5 
2 4 66 43 71 1 8 6 
8 8 44 71 48 2 4 3 
7 0 19 48 50 2 8 7 
2 8 35 21 42 1 8 8 
3 5 52 62 39 4 2 0 
8 8 19 9 44 9 4 2 
1 6 44 45 78 3 3 7 
5 9 37 58 42 4 9 5 
3 2 28 65 37 7 7 3 
2 5 0 46 58 1 7 9 
2 4 25 24 17 3 3 1 
1 0 24 71 42 9 9 2 
8 2 42 71 50 1 7 9 
3 2 55 52 53 1 9 9 
3 8 31 39 60 9 9 9 
9 1 26 86 39 5 3 6 
5 7 19 50 62 3 0 9 
8 2 0 26 50 3 3 5 
4 5 35 65 63 4 6 1 
1 4 9 77 53 2 5 0 
1 0 9 84 71 5 0 7 
7 1 28 65 68 1 2 0 
2 9 16 43 42 4 7 8 
4 3 43 46 43 3 5 4 
3 0 10 61 43 1 3 0 
3 6 11 34 37 1 8 8 
9 7 20 36 41 5 7 1 
0 8 58 41 26 1 9 3 
9 6 21 23 84 1 6 0 
0 1 12 41 46 7 2 6 
9 3 17 5 64 3 3 5 
9 0 19 24 22 5 6 7 
9 7 32 33 42 2 6 8 
7 4 0 53 28 4 2 5 
1 0 18 18 45 4 5 0 
2 5 45 20 33 4 1 9 
4 3 24 23 66 7 8 4 
1 0 13 39 59 7 7 4 
5 6 45 64 31 6 7 5 
2 3 20 53 75 3 7 7 
5 9 47 70 73 8 7 9 
6 5 0 56 52 1 8 1 
1 3 29 44 20 8 0 1 
6 7 40 42 59 3 5 6 
0 2 46 29 81 0 5 9 
8 6 0 79 22 7 3 6 
1 2 29 57 69 8 5 7 
9 1 0 43 84 1 9 8 
7 0 32 42 47 7 5 4 
5 7 15 50 20 1 9 4 
2 8 31 49 77 7 5 1 
9 9 0 69 43 6 4 0 
6 9 25 70 26 7 0 9 
3 0 30 29 51 4 8 7 
2 5 53 22 46 3 1 9 
7 6 35 65 54 8 2 9 
3 9 51 37 33 2 6 2 
0 4 0 21 32 6 9 9 
8 8 18 21 30 6 7 1 
2 0 22 76 64 5 6 7 
0 9 28 49 42 2 9 2 
8 9 22 46 21 8 3 6 
1 1 57 65 59 1 7 3 
5 3 18 34 42 0 4 6 
6 0 40 56 52 2 7 9 
3 9 21 39 33 8 6 9 
6 1 51 72 15 8 8 7 
4 3 35 30 59 3 1 2 
3 8 61 38 10 0 0 7 
8 6 0 63 74 2 2 5 
6 2 48 54 41 2 8 7 
7 3 56 19 48 0 2 6 
8 4 44 38 22 6 5 8 
6 9 36 29 17 4 2 9 
5 3 17 57 32 3 1 4 
9 0 36 36 31 2 0 2 
2 6 13 75 63 0 1 4 
8 3 7 50 41 8 4 4 
2 0 7 26 46 1 2 6 
8 5 14 68 71 3 7 0 
0 5 68 66 55 3 0 2 
6 0 48 65 59 9 4 6 
4 5 65 54 39 8 2 1 
7 9 4 84 24 0 7 3 
7 1 0 61 42 7 5 2 
0 7 16 49 68 8 5 7 
9 7 31 82 60 1 8 7 
3 4 38 34 47 4 9 5 
8 2 50 45 54 5 4 9 
2 6 13 58 45 7 2 5 
6 8 54 72 14 6 0 0 
1 5 10 55 35 9 4 9 
4 0 0 18 41 5 5 0 
6 3 64 51 76 6 8 4 
7 3 0 50 66 9 0 0 
7 5 25 64 51 8 0 3 
2 3 55 39 26 2 7 1 
8 6 0 65 64 4 1 0 
9 2 50 49 79 5 6 1 
9 4 27 97 24 6 9 1 
8 9 17 21 55 1 3 5 
7 3 11 42 71 5 5 5 
8 0 57 61 60 2 8 7 
1 1 29 44 65 9 7 3 
9 0 25 88 52 3 1 1 
6 8 2 55 39 9 0 9 
9 7 47 82 33 2 0 3 
8 5 18 30 55 2 2 5 
8 3 49 38 40 5 6 0 
5 0 13 58 69 0 9 7 
6 2 9 62 78 4 8 1 
8 4 24 65 62 8 0 5 
4 4 37 35 61 5 6 6 
4 9 2 42 41 1 3 0 
5 2 24 57 54 7 4 2 
0 7 19 49 27 9 4 9 
9 1 55 79 74 3 7 0 
8 5 54 59 75 6 0 9 
4 9 2 87 26 1 1 1 
6 1 3 47 38 6 2 7 
8 6 24 62 51 2 1 4 
5 0 18 64 50 4 8 7 
0 4 55 64 44 8 5 7 
3 6 2 77 26 4 9 4 
9 2 51 26 74 3 1 4 
4 0 54 67 36 6 8 2 
0 7 26 71 81 9 0 4 
1 0 76 53 67 0 5 6 
4 9 13 106 22 2 2 8 
5 6 4 50 39 2 3 3 
5 2 21 49 49 1 5 0 
6 5 45 31 42 3 5 7 
2 4 44 57 61 8 4 8 
5 4 23 70 48 7 8 2 
3 8 22 52 73 7 3 9 
7 3 0 28 45 2 5 3 
5 2 34 48 63 7 8 5 
6 5 20 56 54 4 0 2 
7 1 25 84 28 0 8 0 
9 2 25 28 83 8 9 6 
5 9 48 36 70 6 0 7 
7 6 31 27 50 1 2 5 
7 9 35 41 95 2 6 7 
3 0 32 95 45 3 6 6 
8 8 0 54 43 5 6 7 
0 4 52 28 71 5 6 3 
3 4 35 54 67 8 2 8 
4 2 37 42 55 4 1 9 
1 5 1 45 56 4 9 7 
8 1 67 69 52 4 6 9 
6 4 24 48 32 8 9 2 
0 2 20 30 45 9 5 7 
3 1 19 62 83 8 2 9 
0 0 49 97 64 2 1 1 
8 8 89 48 65 9 6 1 
3 5 26 72 48 1 0 9 
8 2 21 57 59 3 2 1 
7 9 41 51 82 5 2 1 
4 1 37 71 38 8 9 9 
5 9 11 51 28 5 9 0 
4 2 23 37 106 7 3 1 
3 9 35 30 26 3 0 6 
8 8 10 83 58 8 0 9 
6 3 25 77 32 9 0 6 
5 4 33 45 49 6 9 2 
1 0 11 44 34 7 9 9 
1 3 22 37 39 8 6 0 
7 1 39 60 49 4 3 1 
3 9 19 67 26 4 9 2 
5 5 22 59 25 2 4 9 
3 4 30 67 31 1 4 4 
5 4 33 36 73 6 1 4 
0 6 50 78 74 8 4 4 
0 0 38 55 38 8 7 9 
5 0 10 46 51 8 1 0 
6 5 30 57 54 3 2 9 
5 2 0 35 20 9 9 4 
6 8 37 50 20 6 4 3 
2 7 0 47 60 2 1 1 
2 4 45 40 40 6 6 4 
3 0 22 32 48 6 9 2 
5 5 3 60 90 8 5 0 
6 7 29 73 50 5 2 4 
4 3 38 74 31 2 9 0 
6 0 22 47 71 6 7 0 
2 7 47 78 27 5 4 6 
9 7 13 20 55 1 1 4 
6 8 9 23 45 1 5 0 
6 4 21 64 33 8 0 7 
9 4 36 25 62 6 8 3 
3 6 20 45 59 3 8 6 
6 1 31 24 65 5 8 1 
6 3 88 40 46 3 9 0 
8 8 9 94 54 1 5 1 
8 5 27 38 49 0 9 4 
0 4 45 56 50 6 3 3 
9 4 30 75 40 9 3 5 
9 8 0 31 40 0 7 1 
4 6 46 41 56 2 7 2 
6 4 31 43 24 0 8 0 
0 7 54 36 78 6 7 7 
3 7 0 81 57 7 9 0 
2 0 31 49 73 5 1 6 
5 7 36 45 72 3 2 8 
0 9 0 68 35 2 5 6 
1 4 75 46 63 6 4 5 
1 5 22 65 29 6 2 8 
8 5 76 65 62 9 1 8 
2 0 34 48 64 8 3 5 
8 8 29 34 67 3 4 9 
4 0 16 82 49 1 4 2 
0 8 42 73 47 5 6 2 
6 9 19 28 36 2 8 7 
2 8 35 44 41 5 3 0 
8 1 23 44 79 0 8 4 
7 6 15 26 67 0 9 1 
4 1 14 38 77 3 3 8 
4 0 24 46 12 4 6 3 
0 6 42 34 53 8 5 5 
2 5 49 72 59 0 7 0 
6 9 20 46 45 8 9 5 
9 5 53 33 91 4 7 4 
7 4 1 13 46 1 7 2 
1 7 29 101 44 3 9 2 
0 9 26 0 17 5 9 9 
2 9 34 8 83 7 6 5 
1 4 17 39 56 0 1 4 
9 7 16 46 21 0 1 4 
5 0 40 68 65 3 0 4 
7 2 0 54 62 7 7 1 
7 9 68 25 17 0 2 4 
0 8 30 22 45 8 7 4 
5 9 8 38 66 3 7 9 
4 5 13 71 30 2 5 1 
5 4 22 55 45 0 2 5 
4 3 4 37 22 5 5 8 
1 5 44 51 74 3 1 7 
5 1 10 28 38 3 4 0 
1 5 7 50 60 9 7 5 
0 9 24 11 41 7 6 5 
7 9 67 57 56 0 5 8 
5 3 59 47 53 7 5 9 
2 6 0 79 40 1 7 5 
4 7 56 56 58 0 7 3 
5 2 31 34 31 8 9 7 
4 0 34 65 36 8 7 9 
8 1 34 39 47 9 1 0 
9 3 31 60 41 2 1 4 
3 8 33 53 45 0 5 2 
6 1 52 70 44 4 6 7 
5 1 0 69 62 4 9 2 
3 9 15 40 43 4 4 8 
7 8 15 52 55 7 1 0 
1 4 9 34 40 5 3 0 
3 9 20 34 75 1 5 5 
3 5 36 62 61 3 4 5 
2 2 23 44 37 8 7 3 
9 9 57 78 67 3 8 7 
6 8 35 42 50 4 9 3 
1 2 0 52 66 3 5 0 
2 5 43 58 27 7 0 9 
1 4 86 63 66 4 3 6 
0 3 48 25 68 7 9 4 
9 5 31 61 78 0 7 0 
1 7 1 67 50 0 3 9 
2 7 51 51 59 4 9 2 
2 7 33 39 64 8 3 5 
0 3 17 75 50 6 1 5 
3 9 29 24 40 1 9 7 
8 6 37 22 75 5 3 0 
6 6 28 47 62 4 0 1 
2 7 27 27 98 6 0 2 
2 7 8 57 46 4 2 7 
4 2 39 30 59 4 0 1 
0 6 20 47 45 8 0 8 
3 2 40 28 41 2 4 1 
3 2 20 41 55 1 0 9 
4 9 36 65 59 4 4 2 
5 7 0 60 45 5 1 0 
3 5 0 76 58 3 6 2 
3 6 27 47 85 1 6 0 
4 5 19 0 72 8 4 9 
8 9 8 30 74 8 2 3 
9 0 20 23 34 9 3 8 
8 0 11 63 41 3 8 8 
2 8 48 38 80 9 9 6 
7 8 53 63 36 8 0 6 
5 5 43 32 50 4 9 3 
1 5 0 48 18 7 4 0 
2 9 13 55 67 5 7 4 
7 8 44 48 43 8 1 6 
0 0 29 80 47 4 2 6 
7 0 7 41 54 3 1 5 
7 3 19 14 46 4 9 7 
3 7 48 42 67 4 7 3 
4 5 52 60 32 2 0 3 
2 2 0 27 28 0 3 9 
9 0 12 35 67 8 0 9 
7 8 56 50 50 3 7 0 
3 6 27 13 59 6 5 5 
9 0 37 68 86 0 4 4 
0 3 31 36 13 0 8 0 
5 0 32 48 41 3 0 2 
4 1 44 37 45 9 0 2 
6 3 43 27 58 8 4 4 
6 9 2 16 64 0 8 9 
6 6 61 8 72 5 8 4 
3 3 36 36 25 7 6 1 
8 6 54 58 37 4 8 0 
6 6 30 42 49 3 8 6 
4 1 76 28 54 9 2 9 
0 6 30 74 55 3 2 3 
2 0 47 20 85 3 6 5 
8 1 12 50 56 6 0 0 
4 7 35 4 42 6 0 3 
2 6 7 34 56 7 3 3 
2 5 13 39 34 4 1 5 
8 5 56 69 56 1 4 1 
7 4 26 67 0 4 3 8 
5 4 0 25 27 0 5 1 
0 7 51 59 62 6 7 7 
4 8 0 42 54 8 4 7 
4 1 19 40 40 9 0 7 
3 0 12 24 47 6 1 9 
5 7 47 29 40 0 8 0 
3 7 21 44 22 8 2 5 
8 1 38 60 75 4 3 3 
4 7 30 48 51 2 1 1 
9 2 28 86 52 8 2 4 
3 0 26 67 56 9 7 5 
1 1 44 22 35 3 2 2 
9 4 30 26 50 6 4 3 
2 5 32 60 72 0 2 0 
7 8 57 13 32 0 1 7 
1 8 42 47 84 9 0 2 
0 4 25 56 106 3 7 7 
7 1 46 35 45 8 6 0 
0 9 3 38 39 4 9 2 
8 3 68 68 5 2 7 2 
6 7 44 61 34 5 3 5 
8 8 60 75 25 4 7 8 
9 4 17 81 33 2 0 9 
3 4 39 55 45 5 2 2 
2 3 42 51 67 2 1 5 
5 4 31 10 71 7 7 8 
1 0 27 61 42 9 1 7 
3 7 60 32 37 6 6 9 
9 2 37 48 55 7 5 9 
3 7 0 63 88 8 6 8 
2 5 28 50 76 1 0 8 
5 5 23 45 45 2 2 8 
2 0 35 84 58 4 4 0 
0 0 50 59 26 8 9 9 
4 1 40 79 84 6 2 0 
7 1 13 61 64 0 9 3 
2 1 52 34 26 1 3 8 
3 7 29 36 30 7 4 4 
2 0 16 60 60 0 2 2 
4 1 19 0 24 5 7 0 
9 8 26 16 76 6 4 5 
4 0 0 63 50 3 5 7 
9 5 1 20 68 9 5 3 
0 2 46 54 56 1 7 5 
3 6 35 82 40 9 9 2 
5 3 30 39 46 1 1 1 
3 9 58 61 91 8 9 3 
0 2 33 54 72 9 3 1 
2 3 28 56 68 6 0 5 
3 7 0 39 7 2 3 4 
9 7 2 54 15 4 8 1 
4 8 31 26 65 6 9 4 
0 7 40 43 52 0 4 4 
8 6 27 74 37 0 2 4 
3 6 15 58 56 0 1 4 
4 1 24 67 74 4 8 0 
5 7 47 76 29 5 4 9 
7 4 37 26 81 0 4 3 
4 0 17 39 18 5 0 5 
5 3 0 54 43 7 8 0 
5 9 0 26 48 0 7 2 
0 8 0 36 50 2 0 5 
5 4 46 62 54 8 1 9 
3 0 0 15 39 5 2 3 
9 6 33 51 41 3 5 0 
2 3 32 46 49 4 4 0 
8 4 3 29 49 8 0 9 
7 4 53 22 40 8 9 8 
3 6 50 24 54 0 8 6 
2 6 0 42 55 7 6 4 
9 1 70 55 33 8 7 1 
0 4 11 70 39 6 5 2 
2 5 73 41 69 8 6 8 
9 4 46 81 22 8 7 0 
4 6 10 46 44 2 6 9 
4 4 29 31 42 5 1 1 
3 1 25 49 43 4 5 6 
5 3 33 57 43 3 3 7 
1 8 30 41 68 8 0 7 
1 0 26 28 29 9 5 6 
6 0 28 47 73 1 7 2 
6 4 11 48 58 5 5 2 
1 1 55 23 97 5 7 9 
3 0 38 68 40 4 4 4 
2 2 25 53 61 6 6 7 
5 5 50 15 55 5 3 7 
4 2 50 58 65 9 4 6 
6 2 46 45 41 5 9 3 
5 8 15 40 21 8 3 7 
0 3 40 57 19 1 7 2 
1 2 19 34 16 3 8 5 
6 5 56 68 67 3 2 9 
7 6 26 84 55 5 9 5 
9 6 30 68 37 6 4 7 
1 9 27 67 56 3 2 9 
5 9 36 53 76 1 2 5 
4 6 33 57 72 5 5 3 
3 8 11 57 76 5 2 5 
5 0 34 44 31 8 2 5 
3 3 33 99 39 2 1 3 
8 8 34 90 51 0 8 8 
3 1 29 28 70 1 4 9 
8 3 38 62 59 9 2 8 
5 1 74 39 49 5 6 6 
7 8 12 37 38 7 8 8 
6 8 3 58 71 0 6 2 
9 1 18 69 90 9 0 4 
6 7 0 77 74 3 3 5 
2 2 12 63 29 0 5 3 
7 9 35 54 53 7 5 6 
9 2 33 38 34 0 0 4 
6 0 32 59 54 5 4 6 
3 5 24 35 49 8 4 3 
3 8 0 66 54 7 4 2 
5 0 51 35 51 3 6 8 
5 5 26 41 86 0 3 8 
0 5 4 55 63 1 1 7 
9 0 3 81 15 7 5 3 
4 8 33 34 54 1 2 7 
7 1 46 15 51 3 0 8 
6 0 35 8 13 8 9 7 
5 2 27 31 46 5 2 5 
7 8 25 36 52 0 8 1 
1 5 39 61 25 4 9 3 
1 9 61 75 49 8 3 0 
1 6 18 41 2 4 6 6 
5 5 57 51 41 8 0 7 
8 9 52 74 54 1 1 4 
7 0 10 9 65 6 4 4 
5 6 22 33 47 1 3 4 
6 3 40 43 48 6 1 1 
1 7 36 83 49 5 6 5 
4 9 9 79 49 4 3 0 
2 0 10 74 50 9 9 3 
0 1 74 42 25 2 8 3 
2 6 32 74 41 8 8 2 
3 0 45 77 64 7 3 3 
0 7 50 61 29 0 9 2 
1 6 27 38 63 4 4 8 
2 6 32 67 17 0 8 8 
7 6 0 59 34 8 5 0 
7 7 12 57 27 2 0 1 
5 1 30 43 37 4 2 8 
5 2 2 74 39 5 2 4 
9 9 75 61 63 3 8 3 
5 0 31 82 63 1 7 0 
4 8 30 68 76 2 6 8 
8 4 76 54 24 7 6 9 
6 2 42 35 65 2 6 0 
0 4 35 8 19 7 6 1 
5 1 49 47 42 1 2 8 
0 6 43 29 25 8 1 3 
6 3 0 46 17 8 6 6 
9 1 47 34 49 3 0 7 
9 7 34 44 52 7 7 7 
0 2 39 81 64 2 8 4 
5 3 16 31 71 7 2 3 
4 3 25 88 95 1 6 6 
6 5 63 50 63 3 4 3 
6 7 0 86 42 5 8 1 
9 2 30 77 26 8 6 5 
6 4 38 70 53 9 9 8 
8 6 50 43 64 2 2 9 
7 2 33 39 38 8 6 3 
3 6 76 67 38 2 4 2 
8 0 34 27 32 0 5 3 
8 6 32 51 73 6 2 7 
5 9 39 41 66 4 9 4 
0 7 40 52 26 5 4 4 
9 4 22 43 51 1 1 3 
1 3 35 47 30 3 1 6 
9 0 72 49 51 1 6 1 
6 7 19 46 71 0 3 5 
3 4 6 53 51 3 8 6 
4 7 26 44 41 7 2 9 
0 9 43 52 83 0 4 3 
9 4 34 47 47 3 5 6 
8 3 17 40 0 5 0 4 
9 9 31 33 58 3 2 1 
4 9 12 87 62 9 1 0 
0 7 0 50 29 8 6 4 
2 3 0 69 58 6 7 1 
7 0 30 66 16 1 2 5 
9 7 28 32 45 9 7 4 
8 0 15 73 48 5 6 3 
0 3 31 61 25 7 3 5 
9 6 0 38 44 6 8 3 
1 1 24 60 52 6 2 9 
4 4 0 37 46 6 0 7 
8 4 35 39 52 6 0 1 
8 9 3 50 63 1 5 1 
5 6 55 21 37 8 8 8 
8 3 53 36 81 1 6 6 
3 7 44 57 47 4 1 5 
4 8 59 59 46 1 7 7 
1 0 13 70 70 7 4 6 
4 7 0 75 53 3 6 4 
5 1 11 59 75 8 1 3 
4 1 29 56 27 2 1 0 
5 5 1 80 69 7 3 7 
2 4 19 36 65 9 9 8 
0 7 7 100 35 3 9 8 
8 7 30 30 45 6 9 4 
3 1 52 52 46 5 0 4 
8 0 22 56 70 5 8 3 
7 1 0 72 24 9 1 3 
5 5 31 55 34 8 1 9 
5 5 55 52 55 0 2 3 
9 6 58 56 17 9 0 1 
5 1 49 43 36 3 4 9 
3 3 32 32 61 2 1 4 
9 6 34 59 79 5 7 1 
8 8 32 38 47 1 4 1 
0 9 62 26 48 9 1 4 
4 6 32 60 65 0 2 0 
2 5 28 51 39 7 6 1 
0 9 23 70 76 6 3 7 
8 7 16 78 0 0 9 1 
0 4 40 30 7 0 9 5 
9 3 34 52 63 4 8 1 
6 5 21 56 24 2 0 4 
3 0 63 11 63 9 9 0 
1 7 0 25 8 0 0 7 
5 2 73 65 29 6 5 1 
8 8 29 29 34 4 6 7 
0 9 22 24 66 3 6 8 
2 0 42 27 35 2 5 2 
2 4 28 43 43 9 7 4 
8 7 7 59 40 9 4 2 
8 1 54 37 78 4 2 8 
9 0 3 33 77 1 2 0 
6 9 50 17 31 1 4 9 
7 6 18 15 23 3 8 5 
8 4 31 50 79 1 0 7 
9 8 16 73 29 7 6 2 
9 5 16 8 32 2 7 0 
5 9 6 57 58 6 3 8 
0 7 71 66 11 6 2 2 
7 3 28 74 37 6 2 1 
3 9 5 68 58 6 1 4 
1 5 43 80 41 9 8 5 
9 9 18 57 48 2 4 6 
0 4 54 48 58 4 0 7 
7 8 58 52 17 8 6 4 
0 3 27 13 27 5 7 8 
8 4 1 66 47 0 0 2 
0 8 24 50 49 7 8 4 
6 7 34 11 61 7 5 1 
6 2 16 52 16 8 7 6 
7 7 43 37 50 9 4 5 
4 0 21 83 40 0 0 0 
5 2 0 59 50 0 1 6 
1 3 60 33 64 2 0 6 
8 4 52 69 47 2 3 0 
0 3 42 57 58 2 3 0 
2 9 29 61 77 5 0 4 
2 3 18 0 52 0 6 1 
1 8 19 67 15 1 2 0 
0 5 35 58 64 9 9 8 
0 1 11 46 50 6 7 2 
7 5 35 64 57 6 2 7 
1 9 52 42 48 1 3 3 
1 9 46 13 51 3 4 7 
7 0 23 40 27 7 9 3 
8 1 28 37 20 1 5 1 
7 6 34 45 101 4 3 8 
7 0 21 54 27 4 7 4 
9 6 11 79 64 4 6 4 
5 3 12 49 24 1 6 8 
1 4 6 78 64 1 6 7 
0 9 38 63 38 5 8 4 
2 6 15 29 66 1 0 6 
3 0 42 39 65 8 2 6 
5 9 12 35 28 8 8 8 
5 1 10 66 74 7 2 6 
7 9 49 15 54 3 7 4 
8 1 54 46 78 7 7 0 
7 7 33 88 57 5 8 5 
8 6 4 51 44 3 1 3 
7 0 19 80 68 4 0 1 
6 4 37 89 45 6 2 4 
6 9 15 32 55 9 7 9 
1 4 32 55 54 5 9 9 
7 4 36 39 49 8 7 0 
2 3 67 37 50 7 6 2 
4 8 23 62 60 9 8 0 
1 5 30 43 39 0 1 6 
6 1 51 90 92 6 6 5 
8 2 39 2 52 7 2 4 
8 4 12 43 55 8 5 6 
6 5 26 50 34 1 7 2 
3 3 16 81 42 6 6 3 
9 0 33 64 72 5 5 1 
9 1 12 53 14 3 0 8 
3 6 53 14 37 4 1 8 
4 7 49 41 54 4 9 9 
9 2 21 59 79 8 8 5 
1 1 76 54 52 7 5 6 
7 1 48 21 36 7 8 2 
1 7 28 64 42 1 1 2 
2 9 39 63 59 2 7 7 
8 9 35 40 42 1 3 1 
5 4 23 89 28 5 7 8 
3 2 0 72 43 9 5 5 
6 0 62 65 58 9 5 5 
2 9 39 47 41 7 6 0 
9 0 16 18 49 5 0 2 
7 3 49 7 57 1 1 6 
0 4 34 27 66 2 5 6 
9 8 39 65 58 6 4 4 
3 5 25 79 56 3 9 8 
3 9 48 54 37 0 6 2 
1 7 34 34 29 4 6 8 
7 2 51 56 43 1 5 7 
2 4 45 20 31 8 0 6 
6 9 37 62 56 6 9 9 
5 9 16 51 30 2 8 3 
1 5 11 48 84 5 3 6 
8 2 45 35 68 5 3 2 
1 0 39 33 61 7 5 1 
3 6 37 30 62 8 9 5 
8 5 38 45 12 7 3 7 
6 9 36 69 44 0 3 9 
4 9 43 49 61 6 4 8 
9 2 19 49 24 7 3 4 
4 9 13 35 61 1 0 9 
8 4 56 81 44 6 7 3 
6 6 26 27 75 4 9 0 
4 0 35 61 45 0 0 7 
7 7 49 59 55 8 4 7 
1 5 3 58 69 8 3 7 
8 3 26 37 34 5 2 9 
5 5 25 51 77 9 7 2 
7 4 15 36 53 7 6 7 
3 5 17 7 10 0 4 8 
5 3 5 56 44 2 7 7 
9 2 39 97 57 0 8 3 
6 5 54 27 53 9 5 1 
4 9 30 32 61 5 2 1 
4 5 43 38 0 3 3 8 
8 8 43 25 74 6 3 5 
6 8 25 41 65 6 5 7 
6 8 36 47 37 3 8 7 
4 2 5 37 56 4 0 3 
0 0 22 24 30 2 6 2 
4 7 0 27 82 9 9 2 
2 7 33 27 56 0 5 3 
4 6 39 47 28 6 3 9 
7 6 5 58 47 4 5 4 
3 1 1 34 71 3 8 6 
8 0 2 44 68 4 0 7 
7 9 23 80 50 4 8 8 
5 2 36 35 39 3 4 3 
7 2 44 36 66 8 3 2 
5 7 17 25 80 2 2 2 
1 8 46 59 44 6 5 3 
8 1 64 34 59 0 2 6 
6 7 13 66 94 3 7 1 
6 4 30 31 16 5 1 2 
6 6 22 60 55 4 0 0 
5 8 66 61 47 2 1 8 
3 0 36 42 35 2 3 1 
2 6 29 30 39 8 2 7 
6 0 46 37 78 8 0 3 
8 2 79 46 37 0 7 3 
1 6 46 22 49 7 3 3 
0 8 0 41 47 8 5 6 
2 5 52 39 54 7 9 0 
6 1 58 46 32 7 1 9 
7 9 49 54 47 5 5 9 
7 2 32 39 47 1 0 5 
1 1 42 19 28 6 8 3 
6 4 61 48 48 5 7 8 
6 1 8 55 69 1 8 2 
2 5 43 52 50 2 7 1 
5 5 13 54 62 0 6 2 
6 1 35 38 41 6 3 9 
8 6 18 43 71 9 0 2 
7 5 45 82 69 1 0 5 
8 7 44 0 79 9 0 8 
2 2 10 52 37 3 4 5 
0 1 60 41 111 2 5 6 
0 9 39 27 36 4 1 4 
3 2 30 94 63 3 5 3 
4 4 27 46 32 1 6 4 
3 4 42 49 12 1 7 0 
6 9 4 58 69 5 3 4 
6 2 2 68 41 1 7 7 
6 5 32 53 58 2 1 1 
0 7 60 34 21 7 1 0 
0 0 41 27 75 2 5 5 
7 0 45 69 0 2 9 6 
8 0 50 60 22 9 7 5 
7 8 23 27 95 1 2 7 
3 0 14 24 37 0 4 2 
4 5 28 12 35 0 7 5 
5 4 0 39 38 8 5 7 
4 0 46 40 40 5 5 1 
1 8 10 74 83 3 3 1 
5 6 12 38 57 4 9 6 
4 9 57 38 68 9 4 1 
4 4 0 46 26 0 0 1 
7 2 31 52 10 1 3 7 
3 1 47 72 40 2 6 6 
0 1 39 0 57 7 8 7 
4 6 0 48 47 3 7 3 
3 0 56 40 44 4 8 7 
5 1 60 30 70 3 4 8 
3 8 1 40 45 1 6 6 
9 5 8 37 58 2 6 3 
0 0 63 40 54 5 2 5 
7 5 48 58 35 3 9 1 
1 1 53 78 42 4 3 7 
1 9 72 63 55 9 1 8 
7 1 57 26 22 4 7 1 
6 0 0 74 33 5 9 7 
0 1 23 51 68 1 8 3 
4 4 34 41 66 2 9 0 
0 0 0 40 31 9 2 9 
7 2 20 63 14 3 9 1 
3 4 9 13 36 6 9 9 
4 6 49 48 90 7 0 9 
3 8 8 62 57 5 7 7 
8 8 39 18 39 6 6 3 
3 3 42 53 66 6 3 3 
9 7 52 87 55 2 2 4 
1 7 58 25 62 3 6 5 
8 2 6 64 87 4 5 5 
5 5 14 54 31 8 0 8 
1 5 26 5 59 4 4 4 
3 9 34 78 79 1 5 7 
0 3 29 40 72 4 8 5 
0 2 9 28 77 6 0 9 
3 9 50 33 62 9 4 9 
1 6 10 33 38 8 6 5 
4 3 76 51 42 1 9 1 
5 4 42 108 70 6 7 4 
8 7 19 60 56 4 1 0 
9 9 14 49 96 5 6 9 
8 0 0 49 24 1 4 6 
7 8 0 58 36 8 2 7 
5 4 0 92 69 7 6 0 
7 5 32 58 34 0 9 7 
9 1 61 66 25 9 9 2 
4 5 30 43 53 8 7 5 
2 4 26 26 57 0 8 6 
4 7 50 58 46 7 3 3 
2 5 33 44 60 7 5 9 
8 3 27 68 57 3 7 4 
0 0 50 53 59 2 1 6 
3 7 16 21 70 1 2 0 
6 0 60 39 17 0 1 6 
9 3 32 68 53 2 6 0 
0 4 38 63 36 3 8 3 
5 7 46 56 38 8 7 5 
0 3 36 14 57 6 2 0 
9 9 44 84 69 6 2 8 
9 3 62 46 17 1 5 5 
1 2 33 36 69 2 2 7 
3 7 3 23 23 0 5 1 
6 4 16 51 49 0 6 0 
7 7 21 14 23 8 1 9 
1 1 5 46 62 3 5 2 
2 4 32 43 69 9 2 0 
7 2 14 42 19 6 2 1 
1 6 17 36 91 5 5 9 
2 7 62 39 33 5 4 7 
1 8 9 84 36 7 3 9 
9 7 4 67 4 1 2 7 
8 7 0 88 97 6 5 1 
8 7 3 49 39 5 7 7 
8 7 12 49 16 0 4 2 
9 3 52 46 63 0 7 5 
3 8 13 16 81 5 0 0 
8 8 49 58 47 4 1 2 
4 4 37 88 62 8 9 1 
6 6 29 36 29 2 5 4 
6 8 23 34 40 8 3 5 
0 9 31 24 34 4 6 2 
8 8 0 59 68 1 6 7 
4 6 11 79 108 0 1 2 
5 7 25 71 66 0 7 5 
0 3 34 38 51 5 9 2 
0 0 16 64 70 8 9 8 
1 9 18 2 84 0 6 3 
2 7 9 9 69 2 5 2 
9 7 14 48 30 3 3 4 
1 3 31 97 64 1 1 2 
3 9 44 36 59 1 8 8 
4 0 41 62 42 5 4 4 
9 1 28 76 43 1 3 6 
6 7 48 42 70 6 5 7 
2 7 41 42 48 8 7 0 
0 0 19 29 43 6 5 9 
7 9 32 46 40 1 3 4 
1 0 6 52 47 4 4 7 
0 3 18 40 38 6 5 3 
7 1 1 61 54 6 5 1 
0 1 1 43 44 9 9 7 
4 2 45 57 70 9 7 6 
2 1 27 18 80 5 1 4 
2 3 8 20 50 5 1 9 
2 7 21 34 33 4 2 4 
5 6 25 56 66 9 4 8 
5 5 57 66 62 2 6 2 
9 5 30 12 56 1 0 0 
6 4 23 81 74 1 9 2 
4 5 43 45 62 3 2 1 
6 9 23 62 44 5 7 5 
0 9 52 59 41 5 7 8 
4 7 15 104 55 3 4 7 
0 9 7 51 79 8 9 3 
3 9 19 54 37 7 4 1 
8 2 24 92 76 0 4 5 
9 8 22 42 43 8 2 6 
9 2 13 37 37 0 1 1 
7 4 27 54 9 4 7 9 
2 2 44 22 64 6 0 7 
1 7 45 45 64 9 4 5 
4 2 6 55 38 9 6 4 
2 5 30 43 60 7 8 2 
8 3 0 73 36 2 5 9 
7 6 9 33 36 4 5 9 
1 8 34 59 45 1 9 0 
1 4 40 23 43 7 5 3 
1 8 40 65 66 4 0 8 
0 8 39 9 62 9 1 5 
4 2 36 68 10 2 3 8 
1 2 21 54 50 8 2 8 
6 5 32 53 37 3 1 7 
2 9 4 74 41 0 1 9 
7 2 29 13 96 6 7 8 
1 4 33 57 94 9 1 4 
5 5 21 33 42 5 0 1 
7 0 28 25 60 7 7 0 
3 7 65 43 69 8 0 3 
0 9 41 58 39 7 6 0 
7 6 4 81 102 2 6 6 
3 2 0 19 83 5 3 9 
8 2 40 62 41 0 7 4 
8 8 24 47 25 8 7 7 
4 7 41 31 48 5 8 6 
4 9 38 39 80 6 9 9 
9 9 9 70 82 8 8 0 
4 0 22 65 20 8 6 5 
1 1 31 36 51 9 5 1 
1 2 37 40 33 9 4 4 
3 7 15 22 32 5 5 5 
0 0 72 47 40 6 7 6 
3 4 10 43 28 0 4 5 
5 3 29 29 46 3 9 7 
1 9 70 41 77 6 1 6 
4 4 42 82 77 0 7 5 
9 6 45 48 21 8 7 3 
6 2 27 58 73 3 0 8 
3 3 20 77 41 8 2 8 
8 8 76 64 0 1 2 3 
6 9 36 40 8 6 2 6 
3 4 23 68 60 2 4 3 
6 9 0 77 53 2 2 4 
4 4 43 60 22 4 8 0 
4 2 1 89 40 7 2 0 
6 3 43 73 44 6 2 3 
1 8 13 57 22 1 8 2 
8 6 52 82 39 2 9 0 
7 9 0 37 74 2 2 5 
5 3 45 76 82 9 8 4 
7 6 48 77 60 1 5 9 
0 7 70 38 40 8 3 3 
5 3 7 54 51 3 9 4 
9 0 50 35 30 7 7 8 
4 3 52 16 45 2 3 0 
3 2 9 91 46 6 9 6 
4 5 9 26 35 6 4 3 
4 9 51 56 11 9 2 6 
6 1 24 52 66 9 2 3 
9 6 24 36 40 7 6 0 
5 2 26 25 27 8 5 5 
8 2 61 64 28 1 2 6 
1 6 14 60 53 3 1 8 
9 7 12 31 50 1 2 2 
5 1 21 26 59 4 5 8 
6 0 58 16 78 8 7 9 
5 7 39 64 79 2 9 0 
0 5 26 42 26 1 7 3 
4 9 25 38 47 0 6 0 
7 1 44 40 46 8 2 1 
2 7 43 72 53 8 5 8 
5 7 47 6 65 3 0 4 
2 1 44 68 45 5 1 8 
3 6 0 62 68 3 7 7 
3 8 19 64 53 7 2 5 
4 0 29 30 69 5 7 0 
5 5 8 59 60 9 3 1 
2 2 0 54 33 8 9 6 
0 2 34 30 59 0 6 5 
3 0 16 3 55 0 7 4 
7 2 29 38 67 8 0 5 
1 1 48 45 46 5 7 5 
6 4 78 28 0 2 6 1 
1 0 33 19 59 2 5 0 
4 1 55 97 31 9 5 2 
7 3 34 31 49 0 4 1 
7 3 17 26 52 1 4 5 
5 9 41 57 61 2 2 4 
2 3 58 63 26 9 3 5 
4 1 43 43 84 8 4 0 
2 7 33 19 0 5 6 8 
8 6 23 11 31 1 3 8 
7 5 17 61 79 5 6 2 
3 8 14 46 55 1 3 5 
7 7 5 32 117 1 9 4 
9 9 73 56 23 9 6 3 
3 9 7 35 41 4 7 4 
6 9 27 37 39 9 2 3 
9 4 31 43 61 2 6 9 
9 9 62 50 59 0 7 5 
8 6 36 43 46 9 5 8 
1 5 48 52 62 3 2 5 
3 3 30 50 98 3 9 6 
8 2 3 45 56 4 6 3 
6 2 56 29 63 9 2 2 
4 8 5 35 56 3 0 5 
1 3 23 56 57 8 7 4 
8 8 48 66 17 4 5 5 
8 6 57 43 84 8 8 1 
1 9 33 53 28 0 1 8 
8 7 43 31 33 7 8 1 
7 8 7 54 87 2 5 2 
5 7 55 59 56 4 2 7 
9 6 15 9 44 0 8 9 
6 6 32 18 39 1 0 7 
3 7 10 56 42 3 8 0 
9 0 23 0 52 6 9 7 
8 1 39 17 32 2 5 4 
2 6 35 60 66 6 8 3 
6 4 14 23 25 2 2 1 
8 9 68 29 66 8 7 8 
2 1 14 34 49 7 0 4 
1 8 19 40 53 0 3 1 
2 6 28 44 62 2 8 7 
7 6 40 55 76 8 5 1 
3 5 59 56 58 8 1 9 
2 5 46 15 51 9 9 7 
6 6 42 19 61 6 4 4 
3 1 40 60 59 5 3 0 
9 3 44 59 83 7 4 6 
8 6 60 50 52 1 2 7 
0 0 4 44 65 7 0 2 
3 2 31 91 79 6 3 1 
6 9 28 28 43 3 1 2 
9 5 62 28 63 7 6 1 
7 5 38 38 8 7 1 1 
7 2 35 39 60 1 6 5 
2 5 38 42 49 1 6 9 
8 5 56 66 71 3 0 9 
9 5 10 47 46 4 8 8 
0 0 33 79 67 8 4 8 
9 8 40 36 27 0 6 2 
6 4 41 89 8 4 7 8 
7 5 42 59 35 4 0 3 
5 6 0 21 78 2 1 0 
7 1 59 68 62 5 8 2 
7 6 16 42 95 6 9 9 
1 6 52 93 41 3 2 0 
8 6 0 73 93 7 0 8 
5 8 49 39 66 6 1 1 
2 5 46 27 80 4 3 0 
8 2 3 45 47 3 6 6 
0 9 52 86 47 5 2 2 
0 7 59 25 74 0 0 4 
0 1 23 59 27 1 7 3 
5 6 3 25 20 3 9 3 
6 9 55 29 7 8 9 6 
0 9 46 24 54 0 6 9 
9 6 21 51 41 5 3 1 
9 2 23 56 80 9 9 0 
5 0 45 63 48 9 0 5 
8 5 49 70 70 6 0 1 
0 7 26 55 57 2 7 8 
2 7 21 64 82 1 5 5 
5 9 23 78 42 6 1 5 
3 0 24 64 33 9 5 8 
5 5 0 41 67 2 9 4 
0 4 1 49 55 0 9 8 
9 6 31 61 46 2 2 0 
5 5 49 67 13 8 3 2 
1 1 27 23 24 6 4 5 
9 3 0 75 33 8 2 5 
3 3 42 93 20 8 1 1 
4 4 19 43 66 1 6 9 
9 9 44 11 40 3 3 7 
0 3 3 63 66 9 0 4 
0 8 31 68 31 7 0 0 
5 0 20 70 36 0 8 1 
7 7 28 17 76 1 3 1 
6 5 30 55 37 7 4 1 
5 6 4 45 41 7 0 6 
4 2 38 49 53 8 4 2 
7 0 48 31 72 6 6 9 
2 4 2 62 29 4 8 0 
1 5 53 33 47 0 4 3 
8 6 1 15 91 8 0 4 
1 0 35 51 44 4 5 5 
7 5 40 48 56 6 0 1 
0 5 46 93 20 9 7 5 
8 6 42 49 26 5 9 3 
3 1 54 33 48 9 0 5 
0 0 12 66 34 3 0 9 
0 1 33 73 34 6 7 6 
4 9 19 44 53 8 6 1 
1 9 46 62 57 4 5 7 
0 7 47 42 52 6 0 5 
1 4 26 80 51 5 9 7 
8 9 0 98 35 7 4 7 
4 6 40 65 73 8 8 2 
1 8 0 39 61 9 4 5 
7 8 16 21 66 3 2 8 
2 4 60 92 67 4 0 9 
1 6 15 21 31 3 0 2 
0 3 16 30 65 3 9 8 
8 9 35 32 49 3 1 3 
1 8 41 36 50 3 1 7 
9 7 24 45 71 8 3 6 
3 3 27 22 45 7 3 4 
2 6 3 42 22 9 5 3 
3 8 24 51 25 3 2 2 
7 4 30 50 14 0 3 3 
7 5 24 21 78 3 9 5 
9 1 14 54 15 1 3 5 
6 4 72 74 34 5 7 7 
0 9 1 71 46 1 6 0 
8 9 71 59 54 0 6 0 
0 3 13 59 71 6 9 6 
6 9 42 40 79 3 6 6 
5 3 24 45 46 0 0 0 
2 5 38 34 68 4 0 1 
6 4 63 57 57 4 5 3 
8 6 22 66 35 0 7 1 
6 4 25 49 49 2 8 5 
8 3 34 55 32 8 2 6 
0 5 58 37 14 6 2 5 
3 6 33 24 62 5 6 7 
0 6 23 36 41 0 5 1 
0 6 1 50 71 1 3 6 
0 1 48 88 42 4 0 5 
5 2 47 53 10 3 3 7 
0 0 50 31 72 2 2 9 
1 2 36 41 70 1 6 9 
9 9 19 23 46 0 1 7 
9 0 30 64 31 2 5 0 
4 9 1 0 22 6 9 4 
9 1 12 27 54 7 5 3 
1 9 35 66 78 2 0 1 
0 6 55 62 65 3 0 2 
1 2 71 58 42 5 6 4 
1 9 40 55 27 1 3 9 
8 9 39 23 41 4 4 8 
9 6 41 70 69 1 5 0 
6 2 16 53 38 1 5 7 
4 0 54 24 58 2 4 7 
5 3 42 76 34 4 1 5 
6 9 33 14 35 5 5 3 
0 7 0 82 47 6 7 1 
6 6 42 55 30 7 3 9 
9 6 66 47 47 3 1 9 
8 4 2 42 60 2 0 7 
0 1 37 56 63 8 8 1 
0 1 60 25 81 1 6 7 
4 9 22 67 69 0 5 8 
3 0 33 36 60 4 9 5 
8 3 29 40 37 7 7 0 
4 7 24 57 41 8 9 6 
7 7 60 72 30 6 7 3 
2 9 57 47 82 7 9 9 
1 2 29 8 11 3 4 7 
5 6 49 22 24 3 4 1 
2 2 34 62 57 4 0 7 
8 8 31 21 32 0 8 0 
3 2 58 28 91 8 6 5 
2 0 27 70 49 4 1 9 
8 8 37 27 0 8 3 7 
3 3 0 58 35 6 4 2 
5 1 30 35 32 6 0 5 
9 8 48 36 78 3 8 4 
4 8 64 42 42 8 7 6 
9 4 50 69 22 7 5 5 
2 4 45 47 33 7 0 5 
7 7 0 33 78 2 0 7 
7 6 46 57 79 6 0 7 
5 7 24 52 72 3 4 5 
2 2 22 60 53 5 0 8 
4 7 9 39 58 8 1 3 
1 0 3 57 75 6 3 1 
5 6 33 44 16 9 8 7 
2 5 17 43 31 1 0 0 
1 3 0 37 81 2 2 6 
3 8 31 52 27 9 7 4 
6 4 25 75 88 0 2 2 
5 6 38 60 69 3 2 5 
2 7 74 49 48 3 3 8 
6 9 44 61 65 3 4 5 
5 4 34 61 63 0 0 1 
7 9 52 89 36 5 3 2 
2 2 12 61 6 1 7 3 
7 9 25 59 26 9 1 2 
2 1 40 41 60 4 1 4 
0 8 22 26 75 4 0 0 
7 5 36 46 76 0 2 3 
9 8 0 85 73 7 2 3 
7 5 46 22 44 1 0 0 
2 3 24 38 56 1 1 9 
9 4 16 76 40 9 8 1 
3 4 36 40 35 8 3 3 
9 7 16 47 80 4 0 1 
1 2 26 30 62 1 7 5 
6 0 29 47 34 2 5 8 
9 2 73 80 41 1 3 3 
6 9 18 47 45 8 4 4 
2 7 5 58 28 8 9 2 
1 1 21 54 63 2 9 5 
0 0 34 45 73 6 4 5 
4 7 21 65 25 6 5 1 
4 0 36 50 72 3 6 8 
6 6 36 35 63 1 9 8 
0 4 11 58 67 6 8 9 
3 3 67 46 55 6 6 2 
1 3 56 18 60 4 8 9 
8 2 41 36 82 6 3 7 
9 7 42 85 58 1 8 3 
5 7 42 50 64 2 6 6 
2 0 56 39 31 5 4 7 
8 7 13 79 33 3 7 0 
2 8 26 58 83 3 7 1 
5 9 7 61 52 3 8 0 
6 0 27 18 40 3 4 1 
7 9 64 53 71 6 7 0 
2 5 14 55 71 9 3 7 
0 7 77 46 36 0 3 7 
2 0 41 46 66 0 2 7 
1 0 0 16 52 2 1 5 
4 4 42 35 34 7 4 2 
0 9 0 76 48 7 8 8 
7 5 21 59 53 0 0 1 
1 2 17 61 30 4 2 2 
6 9 58 41 82 8 2 2 
4 7 12 43 26 3 4 6 
6 1 61 26 45 9 8 3 
7 7 5 88 42 8 1 6 
3 8 18 60 84 5 3 9 
7 4 7 44 67 4 3 1 
2 6 41 29 60 0 5 8 
6 8 29 34 65 4 8 4 
9 3 11 48 52 0 4 8 
7 7 28 26 60 8 1 8 
5 4 35 20 53 0 3 7 
6 0 36 33 38 7 6 9 
4 4 45 26 59 5 0 0 
9 9 47 62 54 4 8 8 
5 7 27 45 53 0 0 2 
2 8 49 32 29 2 4 8 
9 8 50 27 34 0 9 5 
4 5 11 39 38 1 0 7 
9 6 66 34 81 4 5 3 
2 6 2 62 69 9 0 0 
3 2 38 63 69 3 6 0 
1 0 36 54 50 2 7 4 
9 4 15 53 58 7 8 9 
7 0 11 56 65 8 7 5 
3 9 44 73 59 3 3 2 
5 7 51 58 26 4 0 8 
9 0 0 81 48 3 0 6 
0 2 32 54 51 6 6 3 
5 8 53 66 58 2 1 6 
6 9 43 57 36 1 8 4 
9 0 30 42 56 6 2 9 
1 5 38 45 33 3 2 1 
8 0 0 46 38 5 8 2 
0 5 20 79 100 5 1 2 
3 5 47 37 30 5 5 1 
8 6 6 33 76 2 9 2 
5 7 0 67 41 5 4 0 
7 1 0 48 59 5 4 6 
8 9 64 38 58 3 7 8 
5 3 18 56 57 7 9 0 
7 1 64 82 39 5 2 0 
8 2 8 40 71 8 8 9 
5 2 36 54 54 8 9 6 
6 2 10 84 5 7 4 0 
7 3 41 55 36 3 3 5 
6 4 3 54 89 5 6 4 
4 9 32 26 63 1 2 3 
8 0 25 30 47 6 7 6 
4 0 62 71 73 7 1 6 
3 9 41 40 45 0 9 3 
0 7 0 53 44 8 5 5 
0 4 1 45 27 6 8 1 
1 2 34 15 41 0 8 4 
7 2 34 87 45 4 2 0 
8 6 37 86 47 5 5 3 
3 2 66 40 45 3 2 7 
7 0 27 77 10 6 9 7 
5 0 21 61 33 2 9 7 
6 3 17 75 69 3 4 8 
5 7 41 27 13 5 2 6 
8 1 0 43 31 2 6 3 
6 8 34 97 49 4 3 8 
0 9 22 30 43 1 0 5 
0 0 9 53 62 2 7 4 
9 3 25 47 62 5 2 0 
0 7 69 73 38 2 2 7 
3 5 41 65 35 4 4 6 
3 4 45 55 40 6 5 3 
1 5 7 45 41 2 4 9 
3 0 27 43 30 9 0 3 
8 6 11 87 25 0 1 1 
7 1 28 23 28 1 4 9 
5 7 24 55 39 5 9 1 
2 1 43 51 33 9 2 9 
4 1 27 41 54 6 7 1 
6 5 11 34 90 6 6 6 
1 8 11 50 43 5 7 9 
3 0 0 54 49 4 4 0 
6 8 27 22 49 6 8 4 
1 5 62 68 34 8 7 5 
5 6 30 42 35 9 6 3 
2 6 32 45 51 6 5 9 
7 2 9 36 72 8 4 4 
6 4 55 44 53 5 3 8 
4 5 24 54 15 9 7 9 
2 8 36 35 47 9 1 2 
7 1 22 51 42 7 7 3 
6 3 30 38 50 1 5 6 
8 1 20 56 68 8 2 3 
5 3 46 54 66 9 2 0 
2 8 43 34 38 0 4 3 
9 0 33 27 60 4 3 8 
4 7 33 57 66 1 1 4 
6 6 38 32 68 4 5 6 
1 3 27 38 74 0 9 4 
7 6 24 29 39 0 0 1 
4 2 45 56 59 7 3 3 
0 7 37 11 76 9 8 7 
1 6 15 51 51 1 9 5 
9 3 24 50 49 3 9 8 
7 3 31 22 64 1 0 9 
3 1 40 67 37 0 8 2 
2 2 68 79 83 3 9 5 
5 5 58 45 39 8 8 6 
4 3 19 52 49 3 4 6 
4 2 42 52 57 1 3 9 
6 8 70 53 71 9 7 3 
7 9 62 70 60 9 5 0 
4 7 53 74 66 4 2 8 
1 7 30 37 50 3 5 1 
3 3 61 57 72 9 9 4 
1 6 40 37 35 3 8 1 
8 3 0 58 42 3 4 9 
1 6 50 32 22 2 5 7 
8 2 16 39 56 1 2 1 
0 2 33 33 68 3 9 5 
0 6 10 76 44 1 7 6 
4 3 62 49 53 2 7 0 
7 6 0 71 32 4 3 4 
9 9 32 63 35 7 1 6 
9 0 55 71 41 6 0 3 
4 9 49 69 69 7 8 0 
3 2 42 37 51 2 8 3 
8 9 50 65 49 5 8 5 
1 2 31 65 13 8 1 5 
9 5 23 84 53 8 8 5 
2 2 34 37 42 0 1 3 
7 7 99 42 38 7 2 8 
4 1 41 54 48 5 9 0 
4 0 42 19 49 8 3 4 
0 9 56 26 33 6 3 7 
2 9 52 32 34 3 0 9 
6 0 34 65 39 4 3 3 
8 5 16 86 63 1 1 8 
8 9 31 23 59 4 6 3 
0 0 45 28 28 0 4 5 
7 0 17 56 70 3 8 1 
1 9 60 64 23 8 1 7 
1 1 6 61 39 2 6 4 
6 1 27 40 58 2 0 1 
7 9 67 53 66 2 4 2 
4 5 40 81 30 4 1 0 
6 5 40 24 23 3 4 9 
6 8 54 64 60 4 8 8 
4 9 59 83 6 5 1 3 
0 3 28 54 47 6 3 9 
5 5 78 65 58 0 9 3 
5 0 0 53 67 0 7 8 
3 9 43 33 48 2 7 5 
1 1 54 31 72 0 3 1 
0 9 50 47 76 2 0 2 
1 0 18 43 57 3 2 4 
4 1 74 26 33 2 0 7 
7 5 5 61 48 0 2 7 
2 2 15 56 63 1 7 7 
0 3 31 8 26 3 2 0 
4 1 36 60 49 3 7 5 
2 9 52 41 19 7 7 4 
3 0 60 48 73 6 2 3 
1 0 55 65 102 4 4 4 
8 6 0 59 56 0 3 7 
2 9 25 13 57 2 8 4 
5 6 36 69 55 7 0 9 
5 2 6 56 35 6 0 7 
7 1 26 51 85 2 6 7 
4 2 7 43 49 5 9 5 
6 4 16 58 49 9 3 2 
2 7 64 57 68 1 0 5 
2 6 37 13 43 7 1 2 
8 2 17 63 4 6 9 0 
5 1 29 45 21 2 2 1 
7 6 69 66 42 3 1 0 
1 4 61 79 69 0 3 6 
1 5 28 49 41 5 6 5 
8 1 24 55 80 7 1 0 
2 3 21 77 118 9 4 8 
8 7 37 52 16 7 9 4 
9 4 16 73 23 8 7 1 
8 0 57 77 66 0 2 2 
5 8 28 85 59 0 0 1 
8 7 0 21 33 3 4 7 
9 5 29 11 63 2 5 8 
7 9 0 56 33 7 2 9 
9 0 0 53 38 4 6 2 
5 0 18 70 41 8 9 6 
6 8 21 41 24 1 3 8 
8 8 12 19 21 3 7 0 
4 3 15 87 51 9 9 0 
4 3 6 67 69 4 5 2 
1 2 12 7 82 4 7 0 
7 8 69 78 48 9 7 5 
2 5 29 53 66 2 8 5 
8 8 37 59 37 7 3 8 
7 1 46 46 61 8 5 5 
6 0 14 55 49 8 9 0 
2 0 19 56 70 8 6 6 
9 4 8 53 23 5 5 3 
9 1 47 83 41 3 7 0 
9 9 51 46 76 8 7 8 
5 4 37 62 68 5 7 6 
0 8 38 55 17 1 4 5 
2 9 65 32 25 2 5 5 
3 2 38 80 32 2 7 5 
1 4 31 62 27 1 9 3 
7 5 40 39 61 7 1 5 
2 5 42 34 79 9 8 6 
9 5 41 87 3 9 2 0 
2 8 0 42 47 6 0 3 
7 8 26 56 68 7 5 1 
8 8 0 37 21 8 3 1 
5 9 39 63 48 7 6 7 
5 2 33 38 95 1 4 0 
3 4 0 40 49 6 9 3 
9 4 18 53 59 4 8 2 
8 0 46 43 48 7 8 1 
2 8 0 65 48 1 4 8 
1 7 54 49 55 6 4 4 
1 0 23 66 68 1 0 3 
7 4 31 73 28 2 5 7 
3 8 31 58 83 0 5 0 
1 1 7 0 43 0 8 3 
1 1 10 36 80 1 3 7 
2 1 38 13 66 5 6 7 
3 0 26 41 79 4 8 9 
3 0 22 3 53 1 9 7 
7 2 14 36 37 5 6 1 
5 2 29 40 73 0 5 2 
2 2 25 59 35 5 9 2 
9 8 60 42 38 2 9 7 
0 1 16 75 34 0 9 4 
5 8 23 53 37 0 1 0 
2 2 73 23 24 2 2 2 
7 1 66 35 74 8 2 8 
3 6 53 61 69 7 8 3 
5 9 10 84 48 5 1 6 
2 8 23 77 58 7 0 7 
2 2 35 46 81 3 9 9 
5 1 37 37 48 9 8 6 
4 3 31 33 48 6 9 2 
6 1 53 87 76 3 6 5 
5 9 51 47 46 8 8 6 
1 7 38 40 34 2 3 5 
1 4 16 65 35 1 8 5 
2 2 22 34 48 9 1 3 
7 8 46 42 31 8 0 4 
3 2 57 81 51 3 6 1 
1 8 9 53 111 9 6 8 
5 5 12 70 48 3 6 3 
3 9 28 39 36 8 4 1 
0 1 61 76 40 5 3 8 
4 5 47 79 50 8 7 9 
1 8 46 42 63 0 6 1 
6 7 14 60 42 2 2 7 
2 3 26 67 54 7 6 1 
2 9 60 69 44 2 3 7 
1 4 22 66 30 2 9 2 
6 2 14 30 63 8 6 6 
7 9 30 53 71 7 7 4 
6 0 0 46 53 4 1 1 
4 3 45 51 45 6 7 0 
8 2 35 53 41 6 4 6 
4 0 25 43 62 4 6 7 
5 6 10 35 79 9 7 2 
6 6 0 53 19 5 2 4 
2 6 23 37 32 1 4 0 
0 4 42 70 75 8 5 8 
8 4 39 56 46 2 0 2 
6 8 35 38 54 8 9 9 
7 6 38 59 10 3 0 2 
8 2 23 42 6 9 3 9 
7 6 0 92 74 6 5 5 
5 8 43 38 63 8 0 6 
6 8 19 67 64 6 6 5 
3 2 71 59 29 0 2 6 
4 5 27 9 20 1 3 3 
2 6 28 59 41 3 4 4 
4 8 26 65 46 6 6 9 
4 1 9 21 59 3 8 0 
2 1 20 17 50 2 8 5 
7 2 0 55 49 4 0 1 
9 0 34 25 37 7 0 9 
7 9 11 57 30 9 0 4 
1 4 34 59 63 9 2 1 
9 2 68 21 61 0 3 9 
2 9 54 78 69 6 6 0 
3 4 32 43 55 1 7 4 
1 1 18 49 60 1 3 7 
7 0 47 58 62 4 9 1 
1 6 11 63 58 0 8 8 
9 9 0 23 42 8 4 4 
7 3 31 55 37 3 9 4 
0 3 0 32 62 7 0 3 
9 1 4 108 77 5 2 4 
7 6 58 73 54 4 7 5 
5 5 10 28 45 9 7 8 
9 8 22 41 0 4 7 1 
7 3 15 34 0 5 9 8 
8 0 29 74 39 0 2 2 
1 8 37 72 58 1 3 7 
0 2 21 92 53 6 3 9 
0 5 38 35 47 2 5 0 
9 0 60 40 50 5 3 4 
6 9 22 63 33 2 9 8 
2 8 27 65 68 0 1 0 
0 0 45 35 19 7 4 8 
2 2 0 2 40 6 0 6 
8 7 24 50 61 6 8 5 
4 0 56 34 79 5 0 1 
1 9 43 58 49 7 3 2 
9 7 26 53 46 6 0 1 
8 1 40 46 43 1 3 5 
2 8 23 70 99 4 1 5 
7 9 31 34 11 1 1 2 
4 2 6 28 52 5 3 0 
3 0 43 61 69 6 3 0 
1 5 15 66 76 6 9 7 
4 2 24 55 56 9 7 6 
6 9 51 59 99 7 7 8 
2 7 59 51 62 6 6 5 
1 9 0 38 58 9 1 5 
5 7 22 98 54 1 8 2 
4 7 22 51 24 3 7 1 
0 1 35 59 37 7 7 2 
8 1 36 31 58 0 7 2 
9 4 42 20 71 6 5 0 
6 5 38 113 9 0 3 3 
1 5 47 64 20 9 8 2 
2 0 72 25 21 3 6 8 
5 5 0 24 33 0 4 1 
5 3 62 60 76 6 6 1 
3 5 17 67 32 4 9 0 
4 6 65 64 60 6 5 7 
8 8 23 64 67 6 0 8 
0 4 63 45 61 4 2 5 
2 2 61 60 26 8 7 5 
8 1 12 37 90 1 1 0 
8 8 49 33 52 0 5 6 
7 7 40 11 47 6 9 6 
4 8 28 8 72 6 1 2 
8 6 24 45 44 2 5 9 
3 7 32 54 67 1 0 9 
7 8 51 33 59 8 4 8 
5 9 9 29 61 8 6 8 
7 0 0 43 38 4 5 4 
5 3 16 83 46 1 2 8 
0 1 26 42 78 5 9 6 
9 7 33 37 60 1 9 7 
0 5 30 79 74 8 6 2 
7 6 4 36 44 7 3 1 
8 0 19 49 50 9 7 6 
0 6 32 25 87 1 1 6 
3 3 27 18 35 9 2 6 
0 5 1 27 72 5 9 9 
2 4 4 73 44 2 7 8 
4 9 30 45 51 9 7 4 
5 8 38 27 27 8 1 4 
8 4 41 40 47 9 4 9 
6 7 31 36 77 1 2 8 
4 8 45 44 23 7 0 9 
1 8 63 81 32 4 1 1 
7 1 61 29 84 4 7 9 
7 2 0 72 41 3 4 1 
8 4 13 56 64 8 0 8 
1 4 6 63 39 8 7 9 
9 9 1 41 55 3 7 6 
0 9 25 61 32 5 0 5 
0 0 42 56 66 5 1 7 
8 0 49 25 20 4 8 3 
5 7 46 45 34 7 0 5 
9 4 8 38 37 7 8 6 
4 3 0 30 64 5 4 2 
2 3 54 60 40 8 6 5 
1 5 15 41 65 3 9 9 
9 1 42 30 14 9 1 5 
1 5 33 74 54 8 8 8 
1 8 8 41 58 1 8 2 
2 9 33 83 63 4 4 7 
9 2 16 84 64 0 0 0 
1 0 44 70 51 4 8 2 
3 6 21 39 36 1 7 7 
3 7 44 30 24 7 0 9 
7 6 48 26 64 8 1 7 
3 1 6 53 89 0 1 5 
3 2 71 75 52 7 2 0 
7 2 0 78 38 1 0 1 
2 8 39 87 20 9 7 9 
7 6 0 31 54 6 8 8 
1 9 54 25 39 9 7 8 
1 4 6 61 18 3 4 5 
6 9 55 35 40 1 6 2 
1 5 28 65 64 3 4 5 
4 1 9 35 50 4 6 6 
2 0 21 25 65 6 8 6 
8 6 36 38 26 6 5 5 
1 3 24 46 85 8 7 3 
6 5 35 11 63 8 3 3 
3 6 13 46 44 9 6 5 
0 5 24 61 70 0 5 6 
5 3 8 39 47 4 5 1 
8 9 32 42 47 4 9 1 
8 7 53 69 45 2 1 2 
9 2 20 83 59 0 2 6 
9 3 0 86 79 6 5 7 
9 3 45 39 67 7 7 8 
8 1 28 24 58 8 2 1 
2 2 59 79 33 0 4 2 
8 8 27 42 46 9 2 7 
0 0 28 54 87 8 2 8 
3 7 25 75 45 4 9 1 
1 8 23 52 69 7 3 2 
3 9 46 49 48 5 2 9 
3 8 34 50 48 7 5 5 
9 0 0 35 44 0 4 8 
9 3 31 37 45 1 6 6 
7 1 47 57 83 7 1 4 
4 8 41 52 51 4 7 7 
2 8 54 38 30 7 8 3 
4 0 19 71 73 5 9 6 
1 8 27 34 49 0 3 3 
6 6 12 29 79 1 4 7 
8 0 48 70 46 0 7 2 
1 2 6 88 57 2 7 9 
7 4 68 50 68 5 3 8 
9 4 25 34 51 1 6 6 
1 4 5 42 0 5 0 1 
8 4 35 75 61 3 7 4 
8 4 27 18 33 7 3 0 
2 9 34 59 35 2 3 5 
7 2 26 88 58 6 1 6 
0 0 51 85 20 2 2 3 
1 9 16 77 69 1 8 2 
6 3 26 28 39 2 9 3 
1 9 32 35 19 7 6 2 
7 8 43 24 49 3 2 6 
1 5 45 36 37 3 9 1 
4 7 15 46 64 6 5 7 
0 3 35 57 62 7 7 8 
9 0 34 59 0 1 9 7 
9 6 30 81 52 7 0 9 
2 8 23 40 52 0 7 2 
7 5 19 63 58 1 9 5 
8 9 19 54 72 0 7 2 
3 1 22 70 47 7 6 2 
2 5 0 31 75 0 5 1 
4 2 21 0 36 6 1 5 
2 3 42 51 91 1 9 0 
2 5 41 54 56 7 1 1 
2 7 17 47 49 8 0 5 
3 0 49 49 43 2 2 0 
4 3 32 51 35 5 3 6 
8 3 26 81 32 0 7 7 
9 2 62 73 30 2 5 1 
0 1 18 60 60 2 8 8 
3 0 32 53 16 4 4 5 
2 5 24 22 77 4 1 3 
9 1 51 22 41 8 8 7 
3 7 0 59 71 7 6 2 
8 6 43 67 59 6 5 8 
2 3 0 85 22 2 1 0 
4 9 22 61 57 0 4 3 
2 3 62 44 77 7 8 0 
7 7 22 48 49 1 2 1 
1 7 22 43 44 9 0 0 
8 4 14 35 61 1 7 2 
5 6 14 62 47 5 9 4 
4 2 16 16 50 6 9 3 
5 0 16 26 48 0 7 2 
2 5 35 44 67 4 6 7 
4 6 38 46 65 0 7 0 
8 4 30 53 102 6 2 5 
0 8 32 57 32 5 2 5 
8 3 14 14 59 0 3 4 
8 1 38 25 32 3 4 5 
0 0 41 24 45 4 8 0 
9 6 43 49 6 7 2 7 
4 2 34 0 37 5 3 3 
1 4 54 7 58 0 9 6 
1 6 17 54 36 7 2 6 
0 6 82 62 39 0 4 3 
7 1 60 48 46 9 1 8 
0 9 23 52 51 0 8 5 
4 3 24 53 58 6 3 3 
4 9 35 34 65 8 5 3 
6 1 36 50 27 0 1 5 
9 1 33 31 70 4 8 3 
3 9 36 36 69 8 3 7 
9 8 36 40 31 3 3 3 
6 0 27 60 67 2 8 6 
3 6 33 12 52 8 8 9 
9 0 11 58 23 6 8 8 
8 0 60 51 55 6 3 5 
5 4 21 23 75 6 2 4 
0 2 33 21 74 4 1 5 
9 9 14 56 39 3 6 6 
1 6 28 77 50 2 5 7 
0 2 9 61 32 2 2 9 
4 7 40 48 34 8 1 6 
9 4 36 27 54 0 8 7 
6 5 20 31 55 5 4 6 
2 6 18 69 46 1 6 8 
5 5 19 48 44 8 7 6 
3 3 50 79 46 1 7 6 
0 1 67 18 44 7 1 5 
1 7 0 42 65 8 4 2 
1 1 50 17 13 3 0 5 
5 8 44 69 53 9 9 8 
2 4 43 20 67 8 0 6 
6 0 14 93 71 9 1 2 
7 0 25 71 22 0 1 1 
8 3 20 79 54 9 0 4 
4 6 41 36 70 7 1 4 
5 1 54 54 64 9 3 6 
8 5 43 32 47 4 4 3 
1 5 45 68 72 7 3 3 
9 1 36 60 38 7 9 0 
6 4 23 81 42 1 0 5 
3 4 35 65 70 8 3 7 
6 7 21 65 34 2 6 8 
9 8 0 46 43 5 3 4 
2 8 29 46 24 2 6 7 
6 0 36 62 86 4 1 8 
8 8 0 75 34 2 5 1 
2 6 31 39 70 6 8 8 
3 0 45 71 70 3 7 4 
2 1 18 37 73 0 3 4 
8 1 56 58 78 7 5 6 
3 7 10 36 76 8 8 3 
7 6 49 45 42 3 9 9 
4 8 42 64 58 9 9 5 
7 8 11 29 47 0 6 4 
1 4 30 64 57 9 2 5 
8 1 37 37 65 4 9 7 
0 9 55 46 54 3 4 6 
4 7 25 51 36 5 2 8 
9 4 8 41 58 1 8 1 
0 9 0 24 71 4 2 8 
4 1 22 85 37 2 3 5 
5 1 70 44 22 4 3 0 
4 6 37 53 33 9 1 1 
3 9 59 53 115 4 0 4 
2 5 20 12 49 1 8 4 
8 2 38 65 55 4 4 4 
3 5 48 60 29 5 8 0 
6 5 35 31 68 1 4 9 
2 1 63 51 59 5 0 8 
1 3 0 56 88 0 3 9 
9 1 46 19 60 0 9 1 
0 7 26 47 54 4 8 7 
2 5 30 59 32 5 7 1 
7 2 28 68 75 0 5 3 
4 3 11 41 50 0 5 6 
5 2 0 48 66 3 9 2 
7 6 19 39 53 8 2 6 
0 3 71 38 31 4 6 5 
6 9 41 0 39 5 5 9 
9 1 44 41 48 8 7 2 
5 3 34 55 69 4 3 6 
2 6 40 70 50 2 9 1 
4 0 47 73 37 6 1 5 
3 9 41 46 14 5 9 0 
1 2 29 52 62 1 4 7 
3 3 30 54 45 2 6 6 
1 4 32 41 46 9 2 5 
6 3 37 89 67 8 9 9 
2 6 22 78 0 3 6 4 
9 9 34 30 77 8 5 4 
7 8 54 21 37 6 0 8 
9 2 30 59 75 8 1 4 
9 1 37 49 67 4 2 9 
1 9 0 48 88 6 4 5 
2 0 27 65 60 4 0 8 
4 9 17 63 25 3 0 5 
3 0 33 44 54 8 1 4 
1 6 69 41 78 2 4 5 
4 0 44 49 26 5 4 1 
2 3 38 65 30 6 2 7 
1 7 13 46 82 1 7 6 
8 3 51 44 42 2 2 8 
3 9 13 59 59 6 7 2 
1 7 31 22 46 3 1 5 
6 6 0 58 24 1 4 5 
8 1 45 96 74 2 5 7 
0 1 24 58 67 4 1 8 
1 7 12 57 99 2 7 7 
2 6 18 44 25 4 6 9 
0 8 19 56 69 7 1 6 
9 7 26 59 52 6 6 9 
6 8 52 30 14 7 1 5 
1 1 46 64 51 8 5 1 
1 3 68 37 44 4 0 7 
5 0 43 51 41 9 8 9 
2 2 13 104 37 4 1 8 
9 3 29 59 61 1 0 9 
4 4 35 58 47 9 9 3 
0 1 27 46 64 9 9 2 
3 2 30 59 68 9 8 3 
1 4 32 55 55 2 3 3 
1 8 36 43 41 4 3 4 
1 0 43 5 77 3 2 7 
6 8 25 40 63 2 5 7 
5 3 15 51 65 4 8 6 
3 2 22 60 83 9 8 7 
7 3 46 52 47 0 7 6 
4 8 13 39 46 2 8 9 
4 6 67 71 10 9 4 2 
7 0 38 48 47 5 9 3 
5 5 27 58 15 9 9 6 
8 3 36 38 77 2 3 0 
1 4 2 54 38 8 2 8 
6 1 69 66 59 1 7 0 
3 4 42 39 53 8 9 3 
7 2 38 76 29 0 0 4 
4 5 37 67 37 2 2 1 
1 1 34 54 39 5 9 9 
5 7 12 78 59 1 7 6 
3 3 45 26 2 3 8 6 
4 9 40 54 51 9 5 2 
5 7 31 84 69 7 4 3 
2 9 9 41 34 8 4 6 
9 3 0 40 63 5 3 6 
2 6 18 76 14 1 1 1 
4 6 41 35 49 6 1 0 
5 4 72 61 38 0 7 8 
0 8 42 46 30 3 9 4 
7 2 52 50 51 0 8 0 
0 0 74 17 127 2 7 2 
4 4 60 30 47 6 0 6 
5 4 37 74 67 9 5 9 
1 4 31 84 16 6 4 9 
9 8 22 53 78 0 8 0 
0 3 20 39 1 1 6 6 
7 8 41 21 66 6 7 4 
1 2 55 3 43 2 6 9 
5 0 29 32 40 4 9 0 
3 6 0 50 74 9 0 0 
4 5 0 19 64 2 5 3 
2 5 28 18 45 3 7 3 
9 4 63 37 43 8 6 4 
8 0 23 44 56 7 1 6 
7 1 7 68 60 3 5 9 
5 9 27 72 76 6 1 7 
9 0 14 81 57 9 1 4 
8 9 4 56 46 4 0 8 
7 0 0 54 19 7 1 6 
5 1 5 60 65 3 7 3 
5 1 19 60 66 4 7 5 
8 0 0 36 20 0 3 1 
2 6 38 62 33 2 2 9 
7 6 58 66 41 0 1 7 
4 2 56 58 47 5 5 1 
3 7 0 48 68 3 7 0 
1 7 20 92 59 2 3 2 
5 9 44 17 75 7 0 5 
6 0 35 59 35 7 7 1 
1 3 8 47 38 4 8 7 
8 1 90 27 68 6 1 8 
1 2 0 64 71 7 8 6 
7 3 38 81 39 4 3 0 
4 8 8 72 47 6 0 3 
9 8 42 47 56 5 2 2 
4 7 23 46 73 2 0 0 
1 0 41 43 65 1 0 1 
6 3 2 44 85 8 9 2 
9 1 9 25 48 9 8 3 
4 2 18 94 52 1 6 5 
9 8 31 45 54 7 1 8 
6 0 24 35 39 3 3 3 
6 8 48 20 58 7 9 1 
1 3 36 34 61 3 5 9 
7 0 35 73 43 0 1 3 
6 3 49 56 32 7 9 5 
6 0 35 47 45 3 7 5 
7 2 35 45 64 6 2 8 
8 2 64 31 39 3 5 6 
6 6 12 21 43 0 1 5 
1 6 48 37 39 6 9 4 
3 0 44 29 29 7 1 8 
9 1 34 11 70 0 0 0 
1 7 40 25 76 8 3 9 
3 6 62 58 58 7 3 4 
1 1 33 74 43 1 4 5 
7 8 26 25 70 6 6 1 
1 4 21 79 42 5 5 9 
8 1 55 57 25 2 3 7 
8 0 27 38 67 2 7 1 
3 7 31 46 29 9 7 8 
0 2 0 35 48 5 3 6 
2 2 50 20 37 3 1 5 
9 9 9 42 32 8 8 5 
9 3 17 38 43 4 7 9 
8 7 31 77 53 0 2 8 
5 7 49 50 37 7 0 6 
0 1 51 47 31 9 1 6 
4 1 19 77 39 4 6 2 
4 4 19 83 30 7 0 1 
5 0 51 5 65 0 7 1 
1 4 46 80 56 2 0 2 
5 4 15 63 45 8 7 2 
3 8 19 62 60 5 6 1 
0 5 18 53 36 9 9 1 
