8 4400
1 2 0 54 19 7 6 8 
4 9 45 25 0 4 3 9 
0 0 64 39 54 2 6 5 
5 9 36 34 67 1 7 1 
9 2 12 36 40 6 7 1 
4 0 2 10 52 2 6 4 
3 1 39 76 81 0 5 5 
0 7 26 51 2 3 9 1 
8 9 3 41 64 3 9 1 
6 0 20 67 102 4 2 4 
3 0 36 46 50 2 0 4 
5 6 58 57 17 2 3 9 
2 3 26 37 57 2 6 8 
2 1 37 25 25 2 7 3 
2 7 30 48 82 6 1 5 
3 6 43 68 47 1 2 5 
1 1 57 29 79 9 6 5 
8 6 40 44 34 0 8 0 
2 0 47 48 91 8 0 5 
4 0 8 64 51 7 2 3 
7 7 33 74 65 0 8 5 
4 0 26 80 17 9 0 8 
7 3 25 76 56 8 6 0 
5 7 31 57 55 7 6 9 
5 8 35 65 63 1 2 3 
7 6 18 78 32 5 9 9 
1 1 13 82 27 1 7 2 
6 1 0 63 62 7 4 6 
9 7 34 30 21 9 7 9 
9 6 38 30 56 3 0 6 
2 9 48 32 71 7 2 1 
5 4 16 0 64 0 1 8 
5 0 34 60 47 7 2 1 
7 5 65 74 35 8 5 7 
5 1 34 8 48 4 8 5 
3 1 47 37 57 4 5 2 
4 9 0 78 42 3 5 2 
8 4 0 21 31 1 6 1 
3 1 0 107 70 7 8 5 
3 1 48 81 48 8 7 3 
9 5 9 62 88 2 5 4 
7 5 13 80 41 8 7 2 
4 5 34 68 51 8 4 0 
1 3 2 62 82 7 8 0 
8 4 59 71 38 8 5 5 
6 1 56 32 77 0 3 2 
9 8 43 34 36 7 4 0 
9 3 44 27 8 6 4 1 
9 5 53 15 38 6 8 8 
4 6 32 92 37 0 3 1 
2 0 53 65 19 5 2 3 
6 7 61 53 64 2 3 3 
9 2 30 44 61 3 0 3 
4 4 60 19 43 0 1 3 
9 3 34 21 87 4 6 6 
6 3 20 55 31 0 0 6 
1 1 14 55 61 9 3 1 
9 8 76 38 85 8 6 9 
2 3 19 49 18 2 8 0 
7 4 61 56 36 6 3 3 
8 0 6 36 61 4 6 8 
7 0 56 60 63 1 1 1 
4 5 30 54 51 4 8 2 
2 6 44 56 68 2 0 3 
8 2 36 61 19 7 5 9 
0 2 54 55 50 2 5 1 
1 2 9 16 58 7 3 9 
2 2 37 50 32 8 9 2 
4 9 10 49 52 1 7 3 
9 5 43 11 35 9 7 1 
5 4 41 2 27 3 2 6 
5 7 39 66 46 1 7 9 
1 2 15 103 43 2 9 1 
9 0 29 55 23 1 1 5 
2 9 39 60 37 9 2 1 
9 0 40 55 34 6 6 7 
3 5 35 4 62 3 4 6 
2 4 10 79 66 5 1 0 
2 2 31 56 78 7 8 2 
1 0 29 64 23 7 3 3 
2 3 0 21 48 7 6 8 
6 5 25 40 32 5 7 2 
5 4 50 14 27 7 1 9 
1 0 18 59 51 8 4 0 
0 4 3 53 58 4 8 9 
9 8 73 73 30 2 3 2 
9 7 71 31 45 3 1 2 
9 2 64 1 57 8 9 7 
0 1 46 33 52 2 1 3 
5 3 20 39 66 0 6 1 
9 8 41 41 52 8 0 0 
8 7 65 67 74 6 4 2 
0 8 34 35 87 3 4 8 
6 5 25 45 34 7 8 4 
6 1 19 31 100 7 2 7 
2 3 56 46 22 0 9 4 
2 7 46 58 39 4 2 3 
7 4 56 23 48 4 6 0 
3 6 66 73 57 3 5 2 
7 3 11 41 37 2 3 9 
6 0 63 65 62 7 6 0 
4 6 15 69 53 5 7 2 
3 2 23 16 69 8 8 8 
0 7 14 35 35 3 3 3 
6 3 25 47 55 1 0 2 
7 9 63 35 6 1 7 2 
9 7 39 49 43 9 5 8 
7 0 30 71 46 3 5 6 
8 8 32 69 40 6 5 2 
3 0 73 47 35 2 2 8 
6 2 53 12 48 9 6 5 
2 4 3 34 55 6 9 6 
0 9 44 32 27 0 6 3 
7 0 28 52 59 1 0 9 
3 5 15 46 72 2 7 8 
7 9 34 39 0 2 6 6 
3 4 15 40 20 5 4 7 
0 8 18 44 49 8 2 3 
1 6 4 59 75 5 8 4 
1 1 17 38 49 5 3 2 
8 9 48 44 43 8 5 3 
3 1 29 38 28 4 1 4 
3 3 40 64 76 2 1 4 
4 5 71 55 71 8 6 5 
9 6 23 40 75 9 6 7 
4 7 11 60 31 4 6 0 
4 9 0 50 76 6 3 2 
1 4 32 57 60 2 7 0 
3 8 47 67 44 8 6 7 
1 0 46 50 57 2 4 6 
4 2 38 28 51 7 8 7 
0 7 67 57 36 8 8 6 
3 1 0 64 54 1 9 0 
3 0 43 78 76 0 0 9 
7 3 29 29 36 4 1 1 
0 8 20 31 78 0 2 7 
9 1 56 39 67 7 1 3 
4 1 31 53 36 7 8 6 
9 2 42 72 67 9 4 3 
0 0 13 54 87 1 1 1 
1 9 15 64 68 9 7 4 
7 1 44 29 25 7 4 9 
6 6 17 62 30 6 5 3 
9 7 39 71 40 8 3 4 
7 8 56 53 58 9 1 0 
2 6 45 37 55 2 0 2 
7 1 31 103 58 2 7 7 
6 3 25 70 39 7 1 5 
9 5 21 48 34 0 4 4 
9 9 19 28 20 0 0 4 
6 6 0 61 44 5 5 8 
1 8 30 59 64 9 8 2 
7 5 24 69 33 5 4 2 
2 3 37 30 50 1 7 4 
0 6 19 47 41 7 9 2 
5 6 17 50 80 0 7 2 
2 5 49 57 54 0 3 5 
6 1 20 55 69 7 8 7 
9 2 0 12 63 2 4 6 
6 0 0 35 96 8 0 3 
3 6 52 55 42 5 5 1 
9 5 20 49 62 8 0 4 
4 4 38 35 70 6 7 9 
5 0 62 56 63 9 7 2 
6 8 56 55 57 5 7 5 
0 3 54 41 42 6 2 5 
7 8 0 24 45 9 8 7 
7 0 62 27 35 3 8 6 
6 3 16 10 37 5 7 6 
3 9 20 52 83 3 7 2 
1 3 16 46 34 2 3 7 
6 3 0 39 27 0 6 9 
1 5 30 26 37 7 0 7 
5 3 30 22 47 7 9 9 
1 8 49 30 64 9 7 4 
4 0 0 29 55 5 4 0 
8 2 36 60 6 6 4 9 
9 7 33 48 67 7 6 9 
4 2 8 68 18 5 3 3 
9 6 45 31 69 1 6 2 
5 8 36 21 74 1 9 2 
1 2 19 18 34 2 8 3 
7 1 25 56 46 5 9 3 
4 5 50 50 21 5 3 4 
9 8 33 44 56 5 4 6 
2 6 30 70 20 0 5 6 
2 6 16 69 3 6 1 3 
7 8 10 91 69 8 7 5 
1 7 47 16 92 9 8 0 
6 9 21 71 79 7 4 0 
6 0 31 86 48 7 1 8 
4 7 9 73 60 2 1 4 
9 9 34 24 39 7 8 1 
7 9 0 48 67 0 7 2 
5 6 48 63 34 8 1 4 
7 1 13 76 26 1 7 6 
5 0 20 67 79 4 9 5 
3 5 21 58 32 0 9 6 
1 3 62 33 52 0 2 2 
0 8 62 49 56 8 6 7 
0 1 48 42 39 4 0 6 
1 2 45 31 33 4 1 5 
7 7 30 60 56 4 4 7 
0 8 56 59 63 0 8 6 
8 4 3 41 60 2 2 3 
2 3 28 61 59 4 3 5 
6 1 68 80 64 9 0 8 
5 5 0 36 37 7 0 6 
6 0 34 40 32 0 9 9 
2 7 58 55 54 0 7 7 
1 0 27 27 42 0 7 0 
7 6 0 38 61 2 4 9 
6 9 30 67 35 3 2 6 
4 8 20 47 67 3 0 1 
5 1 17 45 65 3 0 9 
9 0 26 55 80 5 8 5 
9 7 20 46 57 4 3 5 
3 9 38 50 10 7 6 1 
4 3 14 71 42 6 0 0 
4 9 25 45 0 5 3 5 
4 2 24 49 40 9 8 9 
8 7 17 15 31 2 4 7 
6 2 37 68 42 5 8 2 
4 6 24 87 50 1 8 6 
0 5 42 23 51 5 3 5 
1 2 33 6 70 5 4 0 
4 6 30 47 61 6 0 0 
2 1 32 42 27 9 7 8 
9 1 28 56 43 6 8 8 
2 4 39 95 36 2 3 9 
8 9 51 33 27 3 1 1 
4 0 27 44 21 7 2 3 
6 8 18 51 46 0 4 6 
4 3 5 29 69 5 9 2 
4 0 42 64 53 1 9 1 
4 5 6 23 40 4 9 0 
1 5 54 34 12 4 5 5 
2 4 23 61 20 1 2 7 
8 1 22 37 59 4 4 2 
6 3 44 55 31 1 7 6 
4 1 17 56 40 5 5 3 
6 5 12 54 46 7 5 8 
7 2 19 23 48 1 0 1 
6 4 22 58 29 1 6 3 
3 0 67 24 80 3 9 3 
0 3 64 54 56 5 8 5 
9 2 42 74 43 4 3 9 
0 8 27 46 44 3 0 2 
7 3 26 19 84 8 2 6 
5 3 41 52 64 4 4 3 
6 5 30 103 90 9 4 7 
3 8 4 83 84 4 7 8 
4 2 12 36 70 5 6 6 
4 3 31 45 44 2 6 7 
1 8 26 47 46 2 2 2 
2 8 31 73 33 0 0 2 
1 5 25 18 38 0 8 5 
6 5 24 44 63 7 4 0 
1 2 26 83 41 5 5 8 
1 5 46 30 78 4 7 0 
7 1 9 77 56 2 9 3 
6 3 71 30 59 4 3 0 
8 2 45 21 38 8 6 0 
4 8 20 41 0 5 0 4 
3 3 12 47 44 7 9 5 
1 7 20 60 66 3 8 0 
5 0 31 66 36 2 0 9 
7 7 20 60 73 8 8 2 
4 8 39 38 35 5 6 6 
4 8 41 78 77 4 2 1 
0 4 53 45 80 5 7 9 
0 1 56 65 59 2 4 9 
3 7 36 24 60 4 7 0 
3 7 0 51 34 8 3 3 
3 9 3 3 47 1 7 3 
0 9 0 45 57 5 6 8 
6 0 19 91 59 2 5 8 
2 4 41 49 40 7 6 7 
1 5 0 58 59 6 1 8 
9 2 66 43 52 7 3 1 
4 4 20 71 73 2 1 5 
8 4 48 38 63 7 8 3 
3 9 20 85 91 1 1 2 
6 7 12 52 50 7 5 7 
6 8 16 82 40 6 7 4 
9 8 14 55 57 3 8 1 
0 2 28 67 40 4 9 3 
2 6 33 36 72 1 7 3 
7 9 68 7 61 7 6 7 
8 4 35 65 44 4 8 6 
2 7 36 42 74 7 3 3 
8 8 17 67 26 8 7 7 
7 4 39 12 46 5 6 0 
9 4 0 67 47 1 7 2 
3 3 29 70 22 3 3 8 
5 2 53 22 36 8 1 2 
1 7 56 24 32 0 6 5 
1 7 11 75 27 1 6 3 
4 1 59 3 40 7 3 7 
1 7 72 54 76 6 6 1 
2 2 27 61 47 8 0 9 
8 1 30 63 46 8 6 4 
1 3 30 73 72 5 8 4 
2 1 60 40 56 6 7 7 
5 8 0 31 81 8 8 7 
1 7 0 49 38 3 6 8 
3 6 9 29 58 9 6 5 
8 7 3 44 81 5 9 6 
9 3 42 19 71 2 4 0 
3 5 32 50 58 6 7 4 
2 6 47 15 66 6 5 9 
6 0 48 56 66 9 5 8 
7 8 39 41 26 7 0 9 
0 4 37 46 35 1 4 5 
6 2 12 85 61 7 3 0 
6 2 0 74 73 0 1 8 
9 7 46 44 65 2 4 4 
0 8 28 45 58 6 2 0 
6 1 61 71 59 7 4 4 
4 5 12 64 46 7 4 2 
4 2 52 40 45 4 3 8 
6 3 63 46 53 1 8 1 
2 9 8 16 13 6 6 9 
0 0 0 54 50 0 8 1 
1 6 0 54 85 0 2 0 
8 4 39 59 37 0 0 6 
9 5 48 57 43 5 4 5 
1 0 44 35 52 5 9 1 
3 9 43 45 44 5 7 9 
1 8 0 47 78 7 5 2 
8 9 41 49 55 3 1 0 
2 2 9 46 51 9 4 7 
1 9 84 54 46 6 7 6 
5 4 38 49 74 3 0 4 
0 6 66 57 35 4 0 0 
1 7 8 57 77 6 6 4 
4 6 50 76 0 1 8 1 
6 8 11 63 30 6 6 7 
5 5 11 37 48 7 1 0 
0 8 25 48 40 3 6 2 
8 4 1 68 53 3 0 1 
9 4 54 30 53 9 0 1 
3 0 47 58 17 9 1 5 
0 7 21 75 74 3 4 0 
8 4 4 56 49 4 3 7 
4 3 63 55 67 5 1 0 
1 1 0 69 36 0 7 6 
4 1 32 40 86 4 4 7 
2 9 54 62 75 7 8 8 
2 5 50 47 48 2 6 8 
3 7 34 32 51 1 3 4 
4 4 64 47 44 3 8 3 
4 1 26 55 15 1 0 8 
1 2 69 46 60 3 5 3 
2 1 18 38 30 2 4 4 
9 3 27 1 53 7 9 2 
4 3 55 68 40 1 9 2 
6 4 44 35 40 2 8 5 
7 2 55 16 39 6 6 0 
2 4 22 57 50 9 5 8 
6 4 31 22 39 5 9 5 
4 8 46 52 67 3 5 1 
1 9 40 27 22 9 9 7 
0 6 40 31 96 5 4 7 
4 2 50 25 35 2 5 1 
2 5 7 61 57 1 3 8 
1 1 0 67 59 6 3 1 
7 0 19 40 33 4 5 2 
3 6 33 18 63 6 2 1 
9 8 37 36 14 0 4 4 
0 1 0 63 75 9 9 9 
7 5 22 34 33 1 4 5 
5 3 23 53 52 5 9 6 
3 9 0 9 60 1 3 7 
2 6 85 44 58 4 1 5 
4 8 10 72 47 0 6 4 
1 0 23 64 45 0 5 9 
7 7 29 86 66 5 8 2 
7 0 42 35 60 2 6 6 
6 7 0 64 42 4 4 0 
8 6 64 60 65 5 6 8 
0 8 22 42 77 2 7 8 
6 4 27 61 29 7 4 9 
3 4 24 83 59 0 8 4 
7 6 0 39 55 5 9 3 
1 1 26 84 28 0 8 2 
7 8 15 77 59 8 5 2 
4 9 55 79 86 9 3 4 
1 9 37 53 21 0 8 1 
3 5 44 11 43 7 8 7 
9 7 33 58 49 5 5 7 
7 3 40 11 73 7 7 3 
4 2 29 50 18 9 8 4 
9 3 75 37 59 2 6 5 
5 1 45 61 64 4 5 3 
9 4 19 83 45 7 9 6 
2 4 32 69 50 9 5 7 
1 9 54 45 72 6 4 1 
7 9 31 28 51 2 3 4 
4 3 10 68 77 0 6 0 
4 4 42 49 27 5 4 4 
6 0 10 47 31 3 4 9 
5 1 23 60 39 7 4 7 
9 2 41 42 41 1 8 2 
3 5 0 40 52 3 5 3 
4 3 49 12 29 2 1 6 
4 9 24 63 74 2 1 7 
7 3 43 36 27 3 5 8 
5 9 0 49 21 6 8 9 
6 3 44 63 43 0 6 1 
8 0 13 31 63 2 7 3 
3 7 14 54 79 9 3 6 
5 0 50 26 34 7 1 5 
3 7 5 26 41 9 3 1 
8 8 14 71 11 9 5 4 
9 9 60 63 47 3 5 7 
9 8 18 70 66 9 9 7 
4 0 10 34 64 3 4 1 
6 4 33 62 85 1 8 6 
1 4 58 39 59 0 6 1 
8 1 50 17 43 2 2 8 
8 1 0 24 43 7 6 6 
7 4 0 42 55 6 0 0 
3 6 44 29 40 4 2 1 
3 8 38 46 31 3 7 0 
6 5 62 35 59 6 2 2 
2 9 29 29 53 4 6 6 
6 0 40 26 41 3 5 1 
0 8 55 40 94 9 8 6 
4 1 35 31 21 7 6 6 
1 9 67 60 79 6 5 8 
9 1 37 28 75 2 7 6 
9 8 46 47 69 3 6 0 
5 5 47 35 41 6 3 6 
3 2 28 65 52 4 2 7 
5 8 46 65 57 6 3 5 
1 8 0 38 56 1 5 1 
2 0 22 72 65 5 8 8 
3 0 32 38 32 3 4 4 
6 4 26 33 54 6 0 2 
3 8 38 22 45 5 5 8 
2 1 22 41 67 4 2 4 
4 1 33 76 65 1 6 9 
7 3 27 37 9 1 3 2 
9 6 27 36 58 7 4 3 
2 1 28 0 48 8 6 9 
4 9 68 29 0 0 7 0 
9 3 45 52 46 2 2 4 
8 4 47 42 70 5 1 2 
4 9 30 34 80 9 5 9 
7 0 7 67 29 7 3 3 
5 0 44 30 16 2 7 3 
0 9 45 21 34 3 4 7 
2 1 36 25 95 3 6 0 
4 1 39 22 63 6 1 1 
1 2 5 43 78 8 5 5 
8 6 10 56 23 8 2 8 
7 6 42 51 84 3 0 0 
2 0 71 62 60 8 0 2 
8 1 65 55 38 5 4 2 
0 2 2 54 23 9 9 9 
0 2 44 48 58 1 7 2 
1 8 6 37 63 3 9 2 
2 0 48 41 34 7 0 5 
8 9 0 55 85 8 3 3 
4 3 20 18 73 4 5 0 
6 0 0 45 53 3 1 8 
1 8 30 35 46 2 8 8 
4 6 24 33 18 9 8 6 
9 9 0 32 70 9 4 1 
8 0 51 69 73 5 9 7 
4 5 44 74 54 0 2 5 
8 0 32 25 38 1 2 3 
4 8 11 47 39 3 2 7 
4 8 44 96 36 0 6 9 
3 9 19 56 68 3 2 0 
0 3 52 54 30 0 6 8 
6 0 25 72 22 5 1 6 
7 6 46 46 70 8 5 6 
9 4 0 71 9 6 4 0 
3 1 36 39 61 4 1 5 
5 4 17 25 58 8 3 2 
1 1 70 58 23 6 3 2 
4 8 16 49 28 8 2 9 
4 4 57 21 48 4 3 3 
4 9 14 78 32 8 8 5 
9 4 58 9 79 6 9 0 
9 8 3 41 34 8 2 5 
2 3 21 79 48 9 2 8 
7 4 7 19 40 8 4 3 
1 0 55 36 38 9 4 5 
2 0 18 59 50 7 2 6 
7 6 14 38 33 2 8 6 
0 5 38 44 50 8 9 3 
6 4 27 68 56 4 1 4 
9 7 19 8 59 1 9 4 
4 5 18 33 27 8 0 8 
1 2 0 64 94 1 5 8 
9 1 68 19 31 9 9 4 
2 3 43 59 37 0 1 8 
9 3 8 58 82 4 0 3 
7 6 7 61 48 4 6 4 
1 9 32 65 82 8 7 4 
7 6 35 91 32 8 2 4 
9 9 54 30 67 5 1 6 
5 2 32 81 57 3 3 8 
9 3 63 65 48 9 3 8 
2 8 56 43 39 4 8 6 
0 9 34 51 46 9 1 0 
5 6 34 36 25 0 2 6 
2 4 17 49 56 7 9 7 
8 3 41 69 44 9 1 5 
0 1 28 21 48 0 9 5 
4 3 66 36 67 0 6 7 
6 0 33 34 38 0 9 7 
5 2 48 42 29 9 5 5 
0 6 20 77 33 2 3 7 
8 5 65 46 67 1 6 6 
1 0 40 47 56 1 5 2 
0 1 16 58 54 2 7 9 
2 0 83 32 45 2 6 7 
8 4 56 46 27 0 9 4 
2 6 45 37 71 1 3 8 
8 1 32 16 52 5 9 1 
0 8 41 60 65 2 1 2 
1 0 38 51 19 1 6 0 
2 2 25 45 23 0 1 8 
9 2 51 71 50 0 2 6 
2 5 29 36 60 8 2 3 
1 7 55 41 66 0 2 3 
6 6 56 26 58 2 8 4 
4 0 27 68 40 1 5 5 
9 9 40 65 73 9 7 7 
0 7 0 69 29 4 2 3 
6 9 22 57 57 1 7 7 
0 2 18 82 40 4 3 7 
4 8 28 46 66 4 7 7 
5 5 50 65 57 9 8 3 
8 6 50 35 49 6 2 2 
6 6 63 45 52 1 7 1 
2 4 40 37 84 3 2 9 
0 5 44 45 66 7 7 0 
3 4 13 85 84 5 1 7 
1 4 51 12 78 8 3 4 
4 4 47 29 81 6 2 8 
4 1 44 55 65 0 4 1 
9 2 5 88 69 3 7 8 
1 5 38 20 36 6 8 1 
5 9 22 54 31 0 2 8 
4 2 23 24 40 9 3 7 
2 2 51 27 17 0 8 3 
6 8 26 50 23 7 6 3 
9 2 13 49 6 8 6 3 
4 8 27 75 54 8 3 2 
6 4 21 70 69 7 7 1 
2 5 0 48 49 0 3 8 
4 5 39 34 45 3 5 8 
6 5 42 72 23 3 6 5 
4 8 39 79 36 1 2 9 
4 0 21 54 49 6 3 2 
6 6 46 47 69 0 8 5 
9 2 1 78 74 8 5 7 
0 5 43 56 49 2 4 1 
2 1 19 35 44 7 7 9 
4 4 54 20 41 3 7 6 
7 7 42 60 60 1 7 2 
5 2 33 111 82 9 2 6 
4 1 19 65 46 4 7 6 
4 4 10 68 57 6 1 3 
0 4 27 38 66 5 3 9 
0 9 12 50 104 6 0 2 
8 9 32 93 94 3 0 6 
9 2 10 54 24 2 9 0 
2 6 10 51 50 3 2 5 
5 7 18 22 69 9 3 4 
7 9 17 42 29 7 2 1 
7 2 15 36 55 3 7 5 
9 7 39 53 57 9 0 3 
3 8 49 45 23 4 9 5 
4 4 30 48 46 7 7 0 
3 6 0 70 64 1 8 1 
0 4 0 2 40 4 3 1 
7 7 35 43 23 9 3 9 
5 2 37 20 12 8 5 7 
8 9 27 33 39 7 1 7 
1 2 59 42 77 5 8 0 
8 9 6 43 45 9 2 1 
2 9 8 41 92 0 8 4 
9 6 37 61 66 8 5 0 
9 0 38 105 37 0 0 0 
1 2 62 47 54 1 2 5 
4 0 44 72 19 9 2 5 
8 3 36 76 55 4 6 9 
0 4 8 28 109 4 2 8 
0 6 47 48 45 7 8 7 
1 5 17 50 86 8 5 8 
2 6 54 27 36 4 2 9 
5 1 57 64 32 4 4 4 
1 4 47 41 27 2 8 6 
4 1 5 73 15 5 4 4 
7 2 41 58 69 9 3 4 
6 2 34 33 40 4 3 0 
1 9 0 68 90 4 4 1 
0 9 51 53 34 0 9 7 
6 6 35 39 59 0 9 0 
5 0 6 75 83 5 1 4 
0 8 27 45 35 0 7 6 
0 1 32 70 80 9 1 2 
4 5 0 43 7 2 0 7 
3 4 0 22 41 7 6 1 
5 7 25 55 71 7 8 6 
6 8 59 25 61 1 4 0 
2 9 32 39 68 4 1 8 
2 4 29 41 37 5 7 0 
2 1 34 50 75 2 0 5 
7 4 16 36 22 4 5 0 
3 5 41 55 84 1 2 0 
4 7 18 43 31 5 0 7 
4 8 45 65 42 7 5 7 
4 9 18 52 69 6 1 0 
5 3 10 15 35 0 5 3 
5 2 17 40 25 4 3 9 
1 9 44 26 59 2 2 9 
7 5 30 98 19 7 8 1 
1 7 41 65 63 7 0 9 
6 3 0 49 77 2 9 1 
5 7 43 71 26 5 6 5 
0 6 0 48 44 3 6 2 
4 6 38 34 60 0 4 5 
6 9 27 67 15 6 1 8 
7 0 31 51 17 8 3 8 
1 5 0 24 45 7 2 6 
9 0 51 31 83 0 5 3 
1 8 52 70 64 3 3 2 
7 6 25 47 27 2 3 6 
4 2 45 46 82 7 8 6 
6 2 16 64 42 5 8 9 
8 7 46 50 39 9 4 1 
3 7 58 59 58 2 4 1 
2 1 31 78 29 7 6 0 
8 2 46 37 63 7 5 5 
8 6 60 51 41 4 7 1 
3 0 0 84 49 6 1 2 
5 3 0 25 28 4 7 4 
4 9 30 29 63 6 6 5 
9 1 47 23 44 7 6 8 
8 0 30 45 49 4 0 8 
8 2 55 34 113 4 9 2 
4 1 28 54 69 8 2 1 
6 0 11 3 39 8 4 5 
4 0 40 65 53 0 5 9 
7 1 20 38 13 1 7 7 
5 2 32 79 41 1 4 1 
9 3 55 69 95 4 0 0 
6 7 36 45 34 1 1 0 
5 9 16 24 49 2 1 8 
5 6 29 36 39 5 7 2 
7 1 33 23 38 6 1 4 
5 8 23 27 68 4 7 5 
7 0 21 58 38 8 0 9 
0 2 58 67 84 7 7 0 
3 3 65 34 41 0 1 3 
3 6 28 52 44 0 2 1 
5 5 51 47 68 2 0 8 
0 9 42 45 44 6 8 8 
1 9 38 36 44 0 7 6 
1 5 21 59 91 0 1 1 
2 9 50 82 67 9 3 5 
7 6 21 55 60 4 0 6 
5 1 0 44 40 2 8 4 
5 3 11 3 15 0 3 7 
9 7 3 74 51 7 2 0 
7 1 24 74 67 2 8 8 
2 2 7 60 91 8 2 0 
9 1 77 73 64 6 4 0 
7 9 48 48 67 9 9 2 
0 5 44 44 0 8 7 2 
4 8 38 56 71 9 1 7 
8 2 14 38 71 2 9 8 
3 1 0 71 48 2 8 2 
6 6 28 45 27 7 4 2 
3 9 34 29 43 0 5 4 
0 0 0 76 28 5 7 6 
5 0 0 53 47 8 6 1 
8 1 14 59 65 7 5 6 
3 9 27 58 48 9 5 6 
0 3 47 58 7 9 2 7 
0 3 46 61 31 8 2 1 
8 6 0 33 30 4 8 4 
5 8 4 55 49 9 8 9 
5 6 88 90 30 9 5 4 
3 3 37 38 41 9 3 4 
8 7 48 68 78 6 9 8 
2 9 37 47 31 5 1 3 
7 7 51 40 55 8 7 9 
9 7 28 76 57 0 1 3 
3 0 46 61 45 9 3 2 
9 9 15 58 32 9 2 6 
5 3 10 59 44 2 0 2 
7 2 44 59 17 3 7 9 
5 1 36 58 4 7 4 1 
7 6 0 58 38 6 8 1 
2 4 0 66 36 0 0 9 
6 4 11 35 56 7 0 8 
0 6 22 50 40 6 3 8 
8 2 23 47 66 7 3 5 
8 4 12 42 52 4 0 4 
8 8 29 58 35 3 3 5 
1 6 15 77 29 2 6 3 
9 0 23 77 35 7 8 8 
7 6 45 28 25 9 6 3 
5 7 25 60 60 1 8 2 
2 6 4 61 29 9 2 5 
7 2 20 71 50 5 3 7 
4 3 32 38 77 4 8 1 
5 7 28 54 29 0 8 9 
6 4 14 40 55 4 2 1 
3 7 27 25 75 4 5 4 
3 9 10 60 60 3 7 1 
4 8 12 22 72 8 8 5 
6 5 52 67 56 3 4 2 
3 7 44 36 53 2 1 9 
7 4 38 43 20 4 0 7 
9 5 74 80 8 7 1 8 
3 1 25 27 69 1 2 0 
9 4 41 27 55 3 9 5 
9 2 15 45 10 6 9 8 
8 3 45 10 57 2 2 9 
7 5 21 38 56 8 2 0 
6 0 52 14 77 1 8 6 
1 5 18 47 52 4 1 8 
4 6 5 76 19 9 1 7 
0 4 18 25 5 1 9 3 
7 4 57 47 0 8 2 8 
5 6 34 55 37 7 0 5 
9 6 11 58 70 9 4 7 
2 1 32 26 106 5 9 1 
1 4 40 46 55 7 2 1 
3 4 35 87 60 3 2 5 
2 6 11 70 46 6 5 6 
2 8 29 10 63 1 1 1 
2 0 16 36 37 6 3 9 
7 4 31 40 65 7 8 8 
4 3 34 55 47 8 2 7 
2 3 33 73 18 6 9 5 
2 0 88 52 59 5 2 9 
2 4 66 27 38 1 9 2 
5 2 36 53 28 9 0 0 
5 1 13 28 40 7 0 0 
7 3 23 71 26 0 7 0 
4 0 22 39 49 9 9 4 
3 7 37 98 31 6 5 4 
0 8 0 68 31 6 2 7 
4 5 18 46 50 6 3 9 
8 0 2 59 38 4 4 9 
5 8 5 14 51 0 3 1 
1 9 25 37 68 2 9 0 
5 2 51 42 72 2 9 7 
8 9 53 31 44 3 2 2 
0 6 48 67 59 1 6 4 
1 0 9 70 76 6 7 6 
0 4 12 60 89 6 7 0 
1 9 44 49 39 4 1 8 
5 6 23 71 47 1 4 5 
5 7 53 45 65 6 8 1 
0 7 37 20 0 1 9 2 
8 8 23 63 18 4 9 9 
2 1 14 57 42 3 7 3 
8 7 32 40 40 1 3 2 
1 4 17 31 9 5 7 7 
2 9 27 39 38 1 8 0 
8 9 29 29 55 8 7 3 
0 4 35 40 58 8 8 5 
6 2 47 86 3 9 9 0 
7 4 0 50 0 1 8 9 
2 3 61 53 42 1 2 5 
6 4 54 85 67 6 3 5 
3 2 35 40 51 0 3 6 
2 0 23 56 53 4 0 0 
3 3 39 68 66 4 1 6 
3 4 18 64 68 8 6 4 
1 9 21 38 31 8 5 6 
1 5 31 62 49 6 2 2 
8 3 40 67 26 0 6 8 
9 0 0 50 30 5 6 8 
2 9 51 63 50 2 4 6 
4 0 42 55 53 9 7 1 
4 6 56 35 45 0 2 6 
1 5 35 37 72 9 1 4 
2 7 4 66 50 5 1 8 
0 2 31 29 59 3 6 1 
9 7 16 42 45 2 0 7 
4 1 30 22 95 7 3 7 
2 5 33 78 42 6 0 6 
4 6 14 35 72 1 4 0 
1 2 50 48 53 5 1 1 
9 5 12 12 36 6 2 3 
9 1 50 93 58 1 2 7 
6 3 37 47 24 1 6 7 
6 4 38 0 50 2 8 0 
6 9 73 33 24 6 2 7 
9 3 54 20 38 5 8 1 
8 1 30 39 79 7 1 5 
4 4 41 72 4 6 3 4 
2 0 62 15 60 8 9 5 
9 8 41 35 52 9 4 2 
3 2 7 36 50 0 6 8 
9 2 40 66 76 3 7 0 
4 4 26 77 53 2 6 1 
4 3 0 60 47 2 0 6 
2 3 18 56 75 9 5 2 
3 3 11 40 36 9 6 9 
3 0 10 42 33 2 5 7 
7 1 15 22 39 6 5 9 
2 5 2 18 16 9 3 7 
2 7 30 104 29 2 5 7 
4 3 60 49 55 2 1 7 
1 2 66 42 61 4 2 8 
0 8 23 59 31 7 8 5 
2 2 55 22 49 9 8 8 
1 5 7 27 56 0 0 7 
8 3 55 52 58 5 6 5 
7 7 24 17 35 2 9 5 
7 3 30 97 44 8 7 1 
7 6 27 42 46 9 1 1 
0 5 26 70 65 4 8 6 
2 1 48 47 46 2 2 3 
2 1 45 89 31 1 9 0 
7 8 38 22 59 8 0 9 
8 2 0 67 78 3 8 1 
2 2 59 44 53 4 2 9 
5 3 18 70 69 6 4 1 
6 5 33 30 70 2 9 3 
9 0 16 22 13 8 6 5 
2 6 65 72 54 7 1 8 
3 6 9 28 70 4 1 6 
9 6 10 83 49 3 9 4 
3 7 27 72 74 7 2 8 
8 5 4 15 79 3 1 9 
8 6 30 18 54 5 0 8 
0 3 45 76 90 5 5 6 
5 9 22 53 74 0 2 4 
4 5 60 46 38 5 8 8 
6 0 32 28 60 9 5 9 
7 5 0 36 65 0 7 2 
8 1 32 5 70 6 5 9 
7 7 15 54 51 5 1 6 
6 1 33 43 54 4 1 2 
1 4 17 17 29 9 6 2 
3 4 30 44 44 8 0 1 
3 0 15 51 32 6 7 3 
3 0 55 26 53 1 9 6 
8 9 34 58 46 6 8 0 
8 5 27 63 79 7 6 5 
3 8 56 70 39 2 3 7 
7 6 36 56 66 2 8 7 
5 9 40 62 63 5 5 1 
3 8 65 56 68 9 1 4 
6 1 17 34 42 1 6 8 
0 9 69 37 16 9 4 7 
1 8 19 48 42 1 4 7 
1 5 64 67 16 9 4 8 
6 6 13 96 39 6 3 6 
7 5 38 43 49 6 9 4 
6 3 23 41 41 2 7 6 
1 7 0 51 46 8 7 9 
3 6 39 77 47 5 0 0 
3 3 59 37 62 1 5 0 
3 2 27 51 74 8 6 4 
4 0 13 39 67 7 5 2 
0 3 12 30 44 3 2 2 
2 2 45 74 74 6 6 3 
4 0 31 52 65 5 3 4 
1 1 19 63 70 7 9 2 
4 2 75 60 57 5 0 1 
6 3 15 37 48 0 0 9 
5 5 1 46 88 9 2 8 
7 2 33 26 43 1 3 9 
9 3 8 76 53 4 9 7 
4 1 62 0 33 9 9 6 
2 3 51 60 1 0 9 7 
0 7 28 78 59 1 3 6 
1 0 39 89 48 8 3 9 
3 8 50 23 45 5 9 2 
9 4 38 71 60 4 9 7 
6 4 17 62 63 2 4 0 
3 5 64 47 30 1 5 1 
4 7 52 51 22 2 2 6 
4 9 0 41 35 0 2 0 
0 2 28 50 43 2 3 3 
4 6 31 53 54 5 6 3 
5 5 19 59 12 1 9 7 
2 5 25 30 62 2 8 3 
9 7 31 44 20 6 1 8 
0 4 18 72 51 7 8 0 
1 9 17 0 61 5 9 6 
4 7 22 74 33 1 2 3 
2 0 26 37 77 3 7 3 
0 0 4 50 37 4 0 4 
6 6 28 50 76 8 0 7 
6 9 23 21 71 8 6 1 
1 3 40 76 25 2 7 0 
4 6 54 22 43 0 3 4 
0 9 22 62 68 1 2 6 
9 9 16 61 64 7 4 7 
6 2 23 57 48 1 3 7 
5 0 36 50 29 4 8 0 
3 4 33 48 21 2 6 5 
6 6 43 33 26 8 6 8 
1 9 47 72 33 1 5 6 
5 5 38 45 31 1 0 2 
4 2 6 69 67 2 4 1 
8 5 34 27 48 8 5 0 
7 4 24 68 87 1 6 1 
8 2 21 47 52 2 9 7 
2 6 25 75 28 2 0 9 
9 9 29 35 61 1 4 2 
4 4 25 68 78 5 3 8 
8 8 0 81 80 0 2 3 
5 7 26 47 37 5 7 2 
8 5 8 43 68 7 5 8 
0 8 13 90 21 7 4 2 
2 8 46 41 48 3 4 1 
2 0 41 75 37 3 2 5 
5 3 21 81 36 2 6 9 
7 7 19 81 58 2 2 7 
9 2 0 83 38 8 2 2 
2 3 25 40 0 6 3 6 
7 5 16 28 33 8 1 8 
0 4 42 49 11 7 5 1 
4 4 14 14 55 7 4 3 
6 1 4 52 52 8 0 7 
0 7 18 54 35 2 8 3 
2 8 35 66 43 9 3 7 
4 7 31 43 51 6 7 9 
8 9 37 39 45 5 7 9 
1 7 0 83 46 9 9 5 
8 4 66 78 70 8 5 9 
2 5 59 61 47 4 2 2 
8 6 3 66 60 2 2 3 
8 8 41 65 68 8 3 5 
2 3 15 62 88 5 7 7 
8 7 27 46 57 9 7 2 
7 2 40 30 53 6 1 6 
9 8 11 41 69 6 1 9 
3 0 44 25 48 5 3 2 
1 5 35 56 54 8 2 3 
6 6 16 67 65 3 1 8 
7 7 56 15 42 3 2 7 
6 9 31 38 63 8 7 2 
3 2 30 73 19 9 8 0 
6 9 38 61 35 5 8 1 
4 5 23 40 92 0 5 6 
7 0 55 25 36 9 2 4 
1 9 47 50 69 9 0 2 
4 2 28 60 43 3 9 8 
8 8 0 40 52 0 0 6 
1 1 50 49 47 4 1 9 
1 2 25 57 64 5 6 2 
1 3 53 94 57 7 2 9 
0 0 42 43 53 1 6 1 
4 6 6 11 90 6 1 7 
1 5 37 35 60 0 5 7 
5 4 17 66 49 9 6 2 
9 6 38 37 47 9 6 8 
0 5 0 65 55 8 9 2 
6 6 21 56 30 8 7 9 
1 6 0 79 80 2 6 9 
0 5 32 40 96 4 2 1 
4 1 24 17 37 2 9 6 
9 8 60 92 37 6 6 7 
2 6 38 59 6 5 6 3 
6 3 40 56 68 6 8 9 
9 6 27 34 52 0 5 5 
0 7 13 48 42 2 2 2 
7 1 0 50 49 0 1 6 
8 4 10 21 58 8 1 0 
8 5 19 24 91 3 6 4 
4 7 21 56 21 8 5 0 
8 1 45 52 28 9 7 9 
0 3 0 34 40 6 7 6 
9 1 30 62 65 2 9 1 
1 5 18 69 75 1 8 3 
7 1 56 76 59 7 2 7 
7 9 71 54 17 4 4 0 
5 7 46 27 29 9 8 8 
3 5 25 36 32 5 8 4 
8 8 0 42 53 0 8 2 
5 2 50 50 35 1 6 2 
1 5 61 69 56 2 2 4 
6 2 25 11 45 4 6 0 
1 7 29 58 38 7 5 0 
2 8 33 51 51 9 8 2 
2 2 11 28 37 3 0 9 
0 3 31 17 26 1 3 6 
6 9 17 58 60 2 9 3 
2 7 34 59 73 6 3 3 
7 7 2 61 41 3 0 3 
1 4 0 27 17 5 1 6 
2 1 51 72 42 2 7 9 
3 9 40 36 56 0 1 8 
1 2 43 38 43 2 0 0 
0 6 43 30 55 3 8 4 
7 4 53 48 65 1 7 6 
2 2 47 40 4 0 4 4 
5 8 56 71 42 2 3 0 
2 1 12 46 79 2 9 7 
1 8 23 54 44 2 8 4 
9 3 42 81 51 4 4 0 
3 5 5 58 5 8 8 8 
1 8 45 17 45 2 1 3 
7 1 48 10 39 2 6 1 
8 6 0 39 48 9 1 5 
9 3 46 20 58 9 4 5 
3 8 28 59 71 1 7 1 
2 7 12 27 99 8 1 6 
9 2 62 61 25 2 2 1 
9 8 57 25 0 0 0 9 
6 1 24 59 90 6 2 8 
0 3 40 57 39 3 8 5 
9 5 42 79 86 0 9 9 
0 5 25 63 57 0 1 6 
2 3 40 40 15 1 8 0 
9 9 49 27 44 7 2 7 
4 9 24 30 46 3 3 4 
5 0 26 38 56 1 0 5 
7 5 0 65 78 8 6 9 
6 1 5 69 40 3 7 6 
2 9 33 23 55 0 9 6 
3 9 57 55 28 1 5 8 
6 3 65 29 27 6 5 9 
5 5 26 45 68 7 8 1 
9 2 53 31 54 5 9 6 
3 1 27 31 60 1 0 0 
2 6 4 49 40 5 5 3 
6 0 8 40 87 7 1 7 
5 7 20 72 65 2 7 5 
3 0 58 26 44 5 8 3 
6 6 45 71 48 1 1 3 
1 3 44 13 17 7 3 3 
8 7 11 33 69 9 2 0 
9 1 17 78 49 3 8 8 
9 7 23 55 31 2 9 9 
1 4 13 27 26 0 2 2 
9 8 51 63 55 7 7 8 
9 8 28 76 73 8 5 6 
9 6 36 78 33 9 1 1 
6 5 40 65 54 9 4 1 
3 6 33 34 37 0 9 3 
5 0 33 45 2 4 6 4 
6 8 47 54 58 0 8 3 
4 3 39 52 60 8 8 3 
5 5 11 88 56 7 2 3 
9 7 62 78 49 6 5 4 
9 8 33 44 51 9 3 6 
9 4 47 64 70 3 4 4 
5 6 36 64 74 5 8 1 
2 2 52 66 15 1 9 2 
7 0 30 36 57 4 5 7 
4 3 77 67 35 1 4 9 
5 8 0 35 56 4 0 5 
3 2 50 43 65 6 8 4 
4 3 0 63 32 8 3 3 
3 8 11 64 23 7 6 5 
8 0 25 31 58 3 6 8 
8 0 35 35 44 5 0 8 
0 0 24 65 23 4 8 7 
8 1 56 29 65 5 3 9 
3 7 35 15 61 8 4 5 
4 5 15 47 32 5 2 4 
3 0 39 44 66 8 7 8 
1 8 23 25 53 0 0 5 
9 5 33 24 29 9 8 1 
5 8 22 76 68 0 8 4 
3 5 3 59 62 8 5 2 
1 8 38 18 58 1 2 4 
6 3 30 62 72 4 7 4 
1 2 23 52 46 0 4 8 
9 0 55 73 63 6 0 7 
0 9 23 60 68 7 7 4 
7 2 16 42 69 8 0 1 
3 6 44 63 91 9 7 0 
1 6 62 31 34 6 0 0 
6 1 40 33 47 4 9 6 
1 2 35 67 76 6 8 5 
4 1 40 69 82 9 5 9 
2 8 50 58 56 7 6 7 
7 6 40 47 23 0 4 7 
9 1 52 47 56 8 4 1 
5 2 53 79 88 1 3 2 
1 4 38 39 32 5 1 1 
3 2 70 43 11 0 3 5 
6 5 4 21 34 5 1 0 
5 7 32 61 18 3 1 9 
5 9 0 55 22 8 2 9 
5 4 2 67 40 0 9 4 
8 7 28 35 26 9 2 4 
3 5 38 43 47 9 8 7 
6 5 16 85 0 8 7 9 
2 1 15 56 38 2 7 2 
9 6 22 59 89 0 4 6 
0 6 37 33 66 5 1 5 
5 2 34 41 32 3 9 7 
6 7 10 79 80 1 0 5 
5 2 6 33 40 7 3 5 
9 8 17 60 45 4 2 8 
2 8 2 56 64 2 0 5 
8 0 39 55 44 0 8 2 
8 9 28 34 84 0 6 9 
6 0 40 84 83 0 5 1 
4 4 62 55 34 2 4 6 
8 5 8 60 70 2 5 6 
0 6 24 0 46 6 9 0 
9 3 4 17 66 9 0 7 
6 5 0 31 22 9 8 5 
8 5 52 48 41 5 3 0 
2 7 40 58 59 0 8 3 
0 9 32 72 46 6 1 1 
0 0 32 16 78 0 3 8 
1 1 34 48 1 4 0 4 
4 2 13 5 82 8 7 0 
6 5 14 31 49 0 3 9 
0 9 29 44 48 2 0 1 
0 1 37 30 47 6 9 1 
4 4 21 67 21 4 6 9 
8 4 50 21 62 9 9 1 
1 0 11 29 112 0 0 2 
9 3 28 50 75 0 8 3 
8 5 40 70 49 1 1 6 
8 6 0 51 72 9 4 0 
7 8 11 24 11 4 2 0 
3 4 36 82 63 6 1 4 
3 4 46 58 50 0 1 0 
9 2 31 50 58 1 5 6 
2 8 51 55 41 2 6 8 
1 5 21 89 59 1 2 1 
3 8 25 69 39 2 4 8 
5 2 21 24 50 8 0 3 
5 0 5 31 14 7 4 2 
2 5 37 59 33 7 4 2 
5 3 35 43 42 0 3 3 
7 2 60 81 32 5 7 3 
1 0 2 53 66 0 3 8 
5 7 45 44 59 8 1 2 
4 1 35 104 36 4 7 2 
4 1 4 53 12 1 8 9 
7 7 6 88 46 4 0 0 
1 3 9 63 58 0 2 3 
0 9 2 50 55 7 7 2 
7 3 0 57 11 5 8 0 
3 7 33 63 41 3 8 8 
5 6 40 36 30 9 5 8 
8 0 21 1 81 9 2 5 
7 7 18 67 80 6 3 8 
9 8 36 36 39 2 4 5 
5 9 15 28 51 1 8 5 
3 8 20 47 44 6 3 0 
3 9 23 45 10 8 3 5 
0 6 0 11 83 8 0 6 
9 8 31 54 39 7 1 5 
6 4 40 23 36 7 6 7 
8 3 37 24 49 2 6 1 
9 4 3 36 78 1 6 5 
1 3 50 74 63 2 4 9 
8 6 23 47 25 0 1 9 
3 0 4 20 65 9 9 4 
9 1 20 80 72 0 4 7 
4 8 72 47 46 1 9 0 
5 1 58 45 54 3 0 0 
1 7 49 54 46 2 8 2 
5 0 39 29 23 9 8 1 
2 7 45 34 36 8 3 5 
8 5 8 63 33 5 8 2 
3 9 0 74 47 3 5 8 
2 2 29 72 38 3 9 8 
4 2 30 45 78 7 1 7 
6 8 65 13 84 7 9 6 
1 9 35 19 54 0 9 4 
3 4 53 38 53 5 4 2 
6 8 28 89 14 2 9 2 
2 0 61 64 39 4 7 1 
0 9 0 56 29 9 8 5 
5 5 9 18 38 7 9 4 
4 9 38 42 49 7 6 4 
1 5 27 61 59 1 5 1 
4 6 22 89 73 9 2 6 
4 3 51 13 0 4 6 4 
6 9 12 83 72 6 5 1 
2 3 10 76 53 9 7 9 
4 3 36 41 64 6 0 2 
1 9 48 76 25 6 7 5 
6 1 63 83 26 3 0 7 
5 6 20 44 37 4 9 1 
1 6 30 52 39 4 2 2 
8 0 11 45 29 9 7 9 
8 0 32 31 49 8 8 0 
1 8 31 61 60 7 1 8 
0 7 0 27 73 4 7 9 
1 0 42 36 69 7 6 7 
6 1 40 33 70 3 3 4 
3 5 20 53 90 0 7 7 
2 6 15 27 66 0 0 1 
1 9 42 21 54 3 7 8 
5 2 24 67 18 7 2 6 
0 7 6 55 55 6 0 8 
3 5 72 49 32 4 9 0 
9 5 39 48 66 1 1 8 
0 8 36 44 29 7 1 4 
6 5 87 71 55 0 2 9 
0 5 30 48 69 8 6 6 
6 0 45 43 57 6 4 1 
8 2 40 64 52 3 6 5 
9 1 10 76 57 2 3 1 
2 7 27 51 34 6 3 3 
4 4 29 52 21 5 9 1 
7 2 44 21 44 0 1 2 
9 0 46 14 68 1 5 3 
3 1 45 49 63 0 7 6 
8 6 0 83 36 8 5 5 
4 1 28 69 38 5 7 7 
9 9 27 65 81 8 9 5 
1 4 51 61 23 1 8 6 
4 0 19 47 29 8 6 2 
7 3 13 31 46 9 9 6 
2 8 34 43 74 0 5 9 
6 1 34 66 39 6 3 7 
1 2 49 59 56 2 5 4 
3 9 72 45 62 0 7 5 
4 4 19 48 84 3 1 9 
8 5 20 42 34 7 8 5 
1 3 25 30 37 9 9 9 
8 2 36 32 34 1 8 9 
7 0 52 53 87 3 3 6 
5 0 18 32 67 2 7 0 
7 7 14 3 61 5 0 4 
8 7 18 73 27 0 0 1 
1 9 34 0 71 4 4 6 
4 0 23 14 67 9 7 5 
5 1 46 68 16 6 6 2 
9 9 25 45 31 0 6 5 
8 6 25 51 23 4 3 6 
9 3 64 63 81 5 5 5 
7 1 52 81 41 3 3 5 
6 8 9 78 53 2 2 7 
3 7 67 73 77 3 5 8 
7 3 0 31 46 7 4 3 
7 7 28 43 44 2 6 6 
7 7 41 41 27 5 4 9 
6 7 36 56 34 5 4 6 
1 4 11 51 21 3 9 3 
2 0 50 89 35 4 2 8 
7 3 46 46 70 7 2 7 
3 9 53 93 49 3 2 1 
6 1 14 88 44 9 1 4 
4 3 6 41 78 6 1 6 
3 0 32 29 37 2 3 2 
5 7 19 46 1 1 8 3 
8 9 23 66 17 4 3 6 
5 0 12 55 49 3 6 0 
5 5 23 73 48 6 6 9 
0 5 5 59 89 6 2 8 
8 2 6 37 43 3 9 6 
5 8 14 73 47 1 7 0 
4 5 34 51 9 6 6 7 
8 9 15 58 55 6 9 3 
6 0 30 51 68 7 1 0 
3 3 32 76 50 1 2 5 
0 2 31 67 53 4 7 7 
7 8 35 12 20 4 5 4 
8 1 8 87 34 4 2 4 
7 9 39 54 60 4 9 4 
2 0 35 57 0 9 7 0 
4 4 22 8 83 0 3 3 
6 1 1 55 68 2 9 1 
3 5 13 60 19 7 3 8 
1 9 12 61 45 7 1 3 
0 2 45 47 30 6 5 4 
0 4 61 13 0 1 5 4 
5 3 26 50 26 8 2 0 
5 7 30 34 68 4 7 5 
9 1 17 66 57 5 9 0 
7 0 0 78 32 8 1 3 
0 1 31 20 76 4 7 5 
4 2 66 46 81 5 7 9 
6 8 5 71 87 0 8 9 
6 6 10 85 30 3 3 6 
2 0 28 38 67 8 6 9 
6 0 15 46 51 0 5 7 
1 2 36 50 63 0 9 3 
7 2 25 29 79 9 0 5 
7 4 79 41 26 2 8 0 
6 1 0 46 59 1 0 4 
3 5 20 60 63 5 0 9 
0 6 37 33 33 3 6 4 
5 8 20 58 81 1 6 7 
7 9 45 56 101 2 1 0 
9 9 33 65 0 6 3 9 
0 3 54 60 62 7 6 2 
6 5 29 43 25 2 7 6 
2 0 6 74 48 9 9 6 
0 8 29 66 63 0 1 8 
5 3 54 62 41 5 2 9 
5 6 53 51 28 5 5 5 
0 8 18 51 47 5 8 0 
7 1 48 56 75 2 8 1 
2 8 80 50 57 2 9 5 
5 6 12 3 69 6 1 5 
6 2 18 53 66 1 5 8 
7 3 8 62 45 4 3 0 
8 7 0 39 41 2 1 1 
9 4 32 81 42 4 5 7 
9 1 42 26 70 3 5 7 
3 2 31 58 34 5 3 1 
1 9 48 39 54 5 1 5 
5 8 0 39 43 9 6 7 
2 1 0 1 78 7 7 2 
3 6 38 60 95 2 7 3 
5 0 44 59 42 3 0 5 
9 4 24 30 51 4 9 0 
4 3 30 18 52 6 2 1 
7 5 42 40 42 0 1 7 
4 0 19 71 54 5 4 9 
9 3 36 53 41 0 0 4 
6 5 31 29 72 4 8 7 
0 9 64 60 35 9 3 7 
6 0 61 43 57 4 7 3 
6 1 37 16 67 0 2 1 
4 8 12 59 38 9 8 8 
6 0 13 47 30 5 8 4 
7 6 57 80 55 9 4 1 
8 7 45 24 48 9 9 9 
5 7 16 68 74 4 7 8 
3 0 57 43 18 3 4 4 
6 1 19 32 60 0 9 2 
8 2 58 60 65 6 1 4 
1 1 41 74 56 1 6 1 
3 6 3 40 76 6 1 2 
7 9 6 26 48 8 9 0 
0 2 25 82 42 6 0 0 
8 5 38 65 53 2 0 7 
8 6 55 32 59 0 0 2 
1 4 32 33 47 5 3 5 
0 5 8 60 47 9 0 3 
5 9 8 54 27 1 0 6 
7 0 27 53 70 4 2 1 
7 5 21 40 30 8 6 7 
9 8 27 87 15 8 4 5 
0 5 43 80 58 7 8 8 
4 1 73 43 32 9 8 6 
4 6 36 50 59 7 9 7 
2 3 0 20 81 9 0 3 
8 5 53 22 40 9 2 9 
0 2 56 57 25 7 6 1 
3 1 20 51 51 8 3 6 
5 8 4 30 28 9 2 5 
4 2 42 69 83 8 4 8 
5 4 60 45 68 9 8 1 
7 9 13 51 16 9 0 8 
1 9 27 32 14 2 3 3 
5 7 24 76 39 5 6 0 
1 3 40 54 64 7 4 9 
6 7 11 72 45 5 5 4 
7 4 0 88 60 4 8 0 
9 4 27 35 67 3 0 7 
9 6 52 35 46 8 4 6 
2 4 40 59 29 1 6 9 
4 3 15 68 57 5 3 8 
8 3 0 52 68 4 3 4 
1 7 53 47 39 3 3 2 
6 4 44 57 66 3 0 5 
3 5 53 40 39 7 1 2 
1 9 4 51 65 8 0 5 
9 6 36 26 59 5 8 3 
2 6 41 44 97 3 5 8 
7 5 18 62 60 7 7 8 
0 1 9 57 36 1 0 0 
5 2 31 78 82 3 6 2 
9 8 35 23 62 3 3 3 
9 3 46 35 59 6 9 4 
7 2 26 66 33 2 8 7 
0 4 4 35 37 8 0 5 
5 9 22 73 58 3 3 8 
1 3 0 37 40 9 1 0 
9 4 15 72 24 1 4 0 
8 9 49 43 61 6 3 8 
4 6 40 32 100 6 2 4 
0 2 9 28 52 3 4 6 
6 0 49 79 75 5 5 2 
1 9 26 117 47 9 6 5 
7 6 14 73 57 1 9 3 
9 2 11 71 7 8 0 2 
1 0 55 52 38 0 1 6 
5 3 8 39 43 4 2 5 
8 0 39 65 80 1 5 4 
8 3 8 18 30 3 8 0 
3 8 20 26 72 5 7 8 
7 1 18 38 2 0 6 7 
5 3 40 88 45 3 1 8 
8 3 13 28 51 1 8 0 
0 6 36 43 84 9 1 0 
4 4 70 0 33 7 3 5 
2 1 27 57 48 4 7 0 
8 9 57 81 51 8 1 4 
7 7 64 69 81 5 4 8 
4 4 59 36 26 7 7 5 
0 7 52 50 67 9 8 1 
7 1 0 62 44 9 8 0 
8 9 34 38 39 8 9 6 
4 7 42 53 27 2 2 7 
6 9 0 52 73 0 7 5 
7 0 0 48 67 3 6 8 
5 7 38 50 40 9 8 3 
0 3 31 40 77 7 7 1 
2 1 36 44 88 6 6 7 
9 4 44 63 88 7 7 1 
7 9 0 54 84 9 7 7 
4 2 43 71 50 7 9 4 
9 8 47 17 18 0 5 0 
5 9 48 70 46 4 3 2 
4 9 20 42 80 8 6 4 
3 5 15 55 72 4 5 2 
7 6 14 74 49 0 3 0 
3 2 51 93 84 6 7 0 
2 2 25 16 14 8 4 0 
5 3 4 59 38 7 3 6 
1 8 15 57 76 8 7 9 
9 6 33 19 20 1 8 9 
3 2 35 52 45 4 1 3 
0 3 28 38 2 4 9 2 
0 6 27 64 53 4 6 6 
7 0 15 38 65 7 1 9 
7 9 54 16 13 7 1 1 
9 5 77 45 28 6 5 2 
3 0 14 33 31 9 4 1 
2 2 23 33 54 5 2 0 
4 6 16 45 58 3 4 8 
7 7 18 96 93 2 7 8 
2 0 36 70 29 4 9 1 
2 0 29 55 52 7 3 3 
6 5 18 83 50 1 9 6 
0 7 0 60 27 7 6 6 
5 0 17 23 3 6 1 1 
3 5 2 94 35 1 1 6 
0 6 4 77 72 7 8 4 
4 2 46 63 47 8 0 8 
3 0 62 45 86 6 8 4 
2 3 10 23 29 3 3 5 
3 6 32 78 41 1 1 0 
8 4 0 57 16 0 8 5 
7 2 9 48 59 2 4 5 
2 5 18 71 56 5 0 3 
2 7 15 61 39 2 6 4 
8 5 2 76 81 1 3 7 
1 3 26 23 63 0 1 3 
9 1 24 40 75 9 2 9 
9 4 67 87 36 3 8 0 
5 0 45 57 23 6 6 8 
2 4 40 47 44 2 6 6 
7 3 18 41 25 3 7 0 
5 3 0 64 28 3 8 8 
6 8 2 59 77 9 5 1 
2 5 30 69 63 2 4 9 
8 5 29 63 65 9 9 8 
8 2 12 54 27 4 5 5 
5 8 28 78 66 5 2 2 
7 0 56 18 46 6 4 6 
8 4 23 52 51 8 2 8 
6 9 41 50 71 4 7 0 
7 8 19 71 35 6 0 6 
6 1 40 48 21 9 3 7 
8 8 63 71 71 7 1 2 
7 2 48 67 51 5 2 3 
9 4 54 52 39 2 5 9 
9 9 50 41 62 0 0 8 
3 8 7 77 86 0 9 6 
2 0 8 26 51 4 7 2 
5 7 61 102 31 9 0 5 
0 7 16 54 34 3 5 9 
1 6 24 23 52 8 5 5 
0 8 19 23 58 4 3 8 
6 0 0 65 58 7 2 7 
2 8 30 56 46 7 2 5 
6 7 0 68 52 3 9 7 
6 8 56 79 27 6 4 2 
6 5 40 55 53 7 2 4 
6 4 59 64 49 2 6 6 
9 5 16 41 36 8 8 2 
8 5 0 50 51 9 4 5 
7 2 34 45 35 4 1 8 
7 1 0 55 35 2 4 1 
4 4 31 27 65 2 7 3 
9 8 13 48 56 7 0 8 
3 6 36 54 80 2 3 3 
7 0 3 67 61 1 8 4 
1 1 16 70 43 2 2 8 
9 8 24 63 33 6 4 4 
6 5 19 73 68 1 4 8 
5 4 25 54 63 7 4 8 
0 2 30 29 26 8 4 0 
5 4 19 32 91 4 8 9 
6 7 26 26 43 8 2 8 
8 6 16 80 36 0 1 3 
3 4 17 22 63 6 0 7 
4 1 21 64 42 1 4 9 
3 6 28 49 28 2 3 3 
7 8 41 45 52 7 2 7 
7 0 0 48 39 2 4 0 
5 9 36 58 64 3 4 6 
2 7 28 54 59 3 7 6 
1 0 31 76 22 0 7 5 
7 8 29 80 62 6 3 7 
6 3 31 38 86 1 0 0 
9 6 12 81 43 0 1 0 
6 1 33 62 54 8 4 8 
5 5 0 40 40 5 7 9 
2 2 24 40 54 7 4 0 
2 7 45 57 50 9 0 7 
4 0 12 17 46 4 9 5 
3 4 86 45 22 3 5 1 
1 3 55 84 70 4 9 5 
7 4 26 43 36 2 3 0 
9 8 20 37 51 7 5 7 
8 5 33 26 70 6 0 0 
9 5 17 78 50 3 6 8 
6 9 28 61 49 0 2 4 
2 9 62 61 29 7 9 5 
5 7 52 12 51 1 5 2 
3 5 46 29 67 4 0 2 
2 2 46 64 70 1 7 0 
5 3 26 51 47 2 4 7 
6 9 6 46 66 3 4 6 
8 6 34 60 62 2 8 2 
0 3 24 79 63 2 7 9 
5 5 6 84 55 6 2 2 
6 8 40 21 41 5 1 4 
8 8 34 47 35 1 3 2 
2 3 95 61 29 9 6 6 
1 0 33 34 55 3 6 4 
9 7 37 57 80 5 0 2 
8 1 36 77 58 5 3 6 
0 7 68 37 54 1 3 5 
5 3 69 21 60 6 3 1 
5 5 27 36 49 2 7 8 
5 1 37 64 74 6 8 2 
7 1 57 18 40 0 0 6 
1 4 17 65 46 7 8 6 
8 3 36 51 75 3 3 0 
7 9 11 41 28 0 3 8 
4 7 33 58 57 1 7 9 
4 4 14 62 17 5 4 9 
7 4 62 47 42 7 5 0 
1 7 34 21 56 6 4 4 
5 5 0 23 30 6 0 7 
6 5 0 43 39 2 5 1 
3 0 52 46 60 2 8 7 
9 1 28 88 66 5 7 6 
3 8 0 19 31 6 3 1 
2 9 17 47 57 5 6 3 
4 6 44 86 59 6 7 7 
4 3 17 34 75 3 5 8 
9 2 26 48 69 7 0 5 
9 5 81 65 44 0 0 5 
5 3 19 59 65 4 4 2 
2 2 18 61 28 7 2 9 
2 4 47 61 55 2 4 0 
6 2 65 73 85 6 6 1 
7 3 17 46 47 8 8 0 
4 4 42 56 30 2 3 1 
8 4 38 30 37 4 7 1 
1 5 32 41 74 8 4 2 
7 9 50 59 36 7 5 6 
0 6 13 34 74 1 6 2 
0 0 2 47 45 5 7 6 
7 5 0 34 57 1 3 0 
1 3 67 52 38 0 1 4 
2 4 31 48 60 6 1 6 
8 8 32 32 65 3 0 3 
8 0 44 62 48 9 8 4 
7 3 64 77 32 7 6 6 
8 4 36 56 6 9 0 3 
7 7 38 65 57 3 7 6 
7 7 47 70 61 2 8 6 
0 1 24 26 31 1 1 5 
0 6 41 43 28 3 4 7 
2 9 0 21 52 3 0 1 
4 6 7 52 65 4 9 6 
4 0 89 63 33 9 4 8 
0 4 59 30 56 4 4 5 
6 6 25 33 38 0 3 0 
3 3 39 25 77 9 0 9 
0 2 41 29 51 5 1 8 
1 0 15 39 39 2 5 0 
6 9 0 68 44 8 5 5 
3 0 42 41 54 9 0 9 
3 9 18 61 49 8 1 8 
7 7 52 20 8 8 3 6 
6 2 16 61 21 2 4 9 
1 3 26 58 43 8 1 8 
1 6 53 61 59 0 0 0 
1 9 43 57 69 5 8 3 
5 3 22 64 60 9 5 4 
2 5 67 42 36 7 4 1 
6 1 43 53 54 6 9 5 
5 1 17 32 87 1 2 4 
8 1 13 67 17 2 8 8 
0 5 61 59 70 0 1 0 
3 4 55 50 57 7 4 7 
1 1 0 38 58 4 7 7 
4 0 47 71 64 9 1 0 
0 7 24 78 28 8 5 6 
3 9 42 68 49 9 0 1 
2 3 17 55 44 4 9 2 
5 9 60 61 34 7 2 0 
7 9 16 60 57 0 1 7 
6 4 36 64 37 0 9 4 
3 0 47 38 46 0 8 9 
8 4 30 55 36 3 5 6 
4 1 49 71 77 6 7 1 
2 4 5 105 48 3 3 3 
8 0 30 45 58 3 9 1 
4 0 18 72 54 2 2 3 
6 4 0 53 19 7 2 9 
2 7 56 67 27 1 3 7 
4 2 49 62 35 2 3 5 
6 6 33 41 58 9 6 2 
2 8 0 40 61 6 5 2 
0 5 59 35 53 2 3 2 
9 6 31 54 60 0 3 4 
4 5 7 46 66 6 9 7 
9 9 22 59 48 4 5 0 
1 3 45 78 33 2 0 0 
5 4 64 9 58 4 1 4 
3 9 22 54 70 2 0 6 
9 7 30 78 56 9 0 4 
1 9 35 44 56 7 2 6 
7 6 4 36 35 6 9 1 
4 4 24 62 73 9 6 6 
8 3 0 62 52 4 4 2 
0 7 63 41 52 9 5 7 
3 5 27 66 63 3 7 0 
9 1 44 60 52 5 3 8 
0 9 11 36 70 2 7 3 
8 6 0 42 77 5 0 2 
3 8 12 61 37 4 6 4 
2 6 12 23 59 6 5 7 
9 2 34 71 42 7 7 8 
4 6 21 33 47 8 7 1 
9 0 52 48 34 1 2 6 
6 7 38 69 47 0 3 7 
9 4 52 38 52 8 4 4 
9 9 11 51 51 7 5 0 
3 0 22 34 50 1 9 9 
3 9 41 46 29 8 4 1 
5 0 48 50 59 1 0 2 
5 5 53 41 30 8 2 9 
6 2 37 39 52 5 3 7 
4 3 3 42 62 2 4 2 
9 1 4 58 26 1 9 1 
9 4 8 24 26 3 9 7 
1 7 46 40 45 2 9 1 
3 3 27 20 59 9 4 9 
8 9 8 28 17 7 6 2 
0 0 21 45 30 2 6 9 
5 9 35 51 45 5 1 6 
1 3 21 50 26 1 4 6 
4 9 17 52 43 4 2 4 
0 5 12 25 65 5 4 2 
5 1 51 30 82 8 2 1 
7 9 38 48 61 9 7 9 
0 8 0 80 77 7 4 4 
7 0 68 39 43 6 6 4 
6 3 76 41 46 6 5 3 
1 9 22 59 24 8 8 0 
1 3 46 44 18 6 3 4 
5 2 28 59 71 5 6 9 
9 5 13 43 56 7 5 1 
1 0 17 34 66 4 6 4 
1 1 33 26 26 7 9 6 
1 5 28 22 39 2 9 9 
9 4 52 59 42 7 7 9 
4 7 49 69 34 2 2 4 
1 1 22 19 65 1 6 2 
5 1 35 49 50 8 1 0 
7 5 12 51 42 8 0 6 
8 9 56 44 52 4 8 8 
2 5 17 57 66 1 0 6 
5 2 42 39 75 6 1 2 
4 5 32 76 66 7 6 3 
3 7 30 37 26 1 0 5 
0 3 51 24 100 0 2 4 
1 0 32 85 59 9 1 4 
9 9 32 84 69 5 1 4 
3 2 33 21 21 7 9 8 
7 9 64 18 31 5 6 1 
1 0 6 16 57 4 2 9 
3 3 5 57 62 2 7 3 
6 1 51 21 75 3 5 9 
3 3 41 51 29 7 0 2 
4 1 36 46 27 1 1 6 
4 7 34 29 50 8 0 3 
6 2 26 51 75 6 5 2 
0 1 29 57 33 9 0 9 
9 1 19 66 57 5 1 9 
9 6 37 47 55 8 6 0 
4 7 24 51 8 8 7 4 
5 9 31 52 26 6 8 9 
0 9 55 42 35 0 1 0 
8 1 30 30 31 0 8 5 
1 6 53 69 71 2 7 9 
7 0 71 58 46 2 7 2 
2 1 55 14 0 8 2 6 
4 1 30 44 31 2 5 3 
8 0 54 57 68 3 0 6 
7 8 10 31 46 9 4 2 
7 5 15 76 67 2 8 7 
2 4 24 59 52 1 1 0 
6 1 38 77 31 1 9 7 
1 4 36 43 24 9 9 6 
3 0 43 62 44 2 7 1 
8 9 36 49 61 9 5 9 
5 0 48 51 55 7 5 5 
1 7 33 99 43 5 6 3 
9 9 31 56 22 6 7 7 
6 3 22 34 64 5 4 8 
9 9 30 73 25 1 6 3 
8 9 34 63 27 4 9 0 
3 7 45 32 28 2 4 7 
1 0 45 81 33 2 3 6 
0 9 27 25 9 9 8 5 
7 6 21 9 49 1 4 8 
5 5 82 79 54 6 0 3 
4 1 34 51 65 1 7 3 
0 1 29 61 71 8 6 1 
5 8 15 53 56 1 1 3 
6 4 0 48 50 2 5 3 
2 6 15 44 22 3 9 6 
1 3 1 36 20 8 1 5 
4 5 53 57 62 4 0 0 
8 2 29 47 63 5 0 9 
2 2 0 51 50 8 8 2 
7 3 39 22 57 3 5 4 
7 9 38 34 32 4 9 9 
9 1 0 39 27 6 5 6 
9 9 55 25 77 2 3 9 
9 3 55 24 71 9 8 1 
8 9 24 37 16 3 0 0 
5 6 29 64 53 7 3 8 
4 1 13 62 15 1 2 7 
4 8 30 34 48 7 3 6 
2 6 33 41 29 7 5 3 
5 7 69 36 100 4 7 9 
6 3 40 62 83 8 4 6 
4 4 0 69 45 1 4 6 
0 6 60 30 76 7 1 1 
1 8 29 64 42 4 1 4 
3 0 25 12 92 8 4 9 
3 5 24 48 53 2 5 6 
2 9 39 38 30 9 4 8 
8 1 21 53 58 1 6 3 
3 2 28 64 35 2 2 8 
3 4 29 81 62 9 3 9 
4 9 51 33 43 4 3 9 
8 3 50 11 25 6 7 2 
1 6 18 60 64 1 5 2 
9 9 28 58 70 9 6 1 
1 2 29 62 62 9 3 6 
2 9 1 17 35 7 4 7 
1 7 28 53 50 8 5 2 
3 8 40 46 53 8 9 5 
9 2 38 46 46 8 0 3 
5 3 8 56 35 7 8 6 
7 8 36 62 0 5 3 7 
2 2 30 48 54 7 0 5 
6 8 0 37 70 9 9 2 
7 7 30 0 46 1 6 9 
6 6 10 52 15 1 4 5 
5 3 8 69 62 9 8 0 
2 7 32 69 37 2 9 2 
9 5 45 26 51 8 2 4 
3 1 39 26 20 3 3 0 
1 1 20 80 2 3 4 2 
6 1 28 39 93 3 7 4 
2 3 16 48 78 1 1 5 
7 3 65 22 78 1 0 7 
9 1 59 47 40 0 0 8 
3 5 56 47 67 0 2 0 
7 2 1 48 51 7 8 7 
0 3 43 35 36 7 7 9 
3 9 25 69 34 6 1 2 
5 9 44 88 52 9 7 6 
6 2 34 61 68 4 0 0 
6 0 70 21 59 9 4 1 
6 1 62 61 76 0 4 3 
6 3 37 54 56 8 1 7 
6 3 41 70 58 5 1 4 
9 4 37 24 26 1 4 8 
0 9 55 57 38 5 6 4 
6 5 47 14 42 5 1 6 
3 9 42 49 74 1 4 9 
4 9 38 56 34 1 9 0 
5 0 48 55 72 4 8 5 
5 0 24 53 30 2 1 0 
9 1 34 22 93 9 5 1 
5 0 13 62 37 1 3 8 
6 0 30 52 81 5 6 2 
6 8 0 13 16 4 9 8 
8 1 20 47 44 8 1 2 
8 6 28 38 46 3 9 7 
1 2 35 62 21 2 2 8 
3 7 47 41 66 3 7 2 
8 2 5 47 52 0 6 7 
2 5 23 14 52 6 8 2 
4 5 64 64 72 1 5 3 
1 0 47 40 27 8 7 6 
7 1 7 35 66 4 3 2 
7 2 17 49 37 8 7 8 
9 7 21 69 64 3 4 2 
0 3 16 48 84 9 8 6 
7 7 29 39 50 1 6 7 
8 2 39 46 5 9 9 8 
9 8 24 41 97 9 6 3 
0 2 20 82 96 0 0 8 
8 5 27 45 48 5 7 2 
1 6 33 51 36 1 9 8 
5 5 19 68 28 8 9 9 
7 4 13 67 36 0 0 8 
2 5 30 59 31 6 7 8 
4 2 0 31 40 7 4 9 
9 8 66 51 55 5 6 7 
1 8 7 72 34 8 6 7 
4 3 71 42 57 7 1 9 
9 1 14 5 73 0 4 7 
0 5 7 36 44 0 2 3 
6 8 32 40 63 8 4 2 
0 2 22 50 72 9 1 2 
4 5 56 49 40 4 1 2 
8 2 30 56 76 6 1 8 
3 5 24 67 40 4 0 7 
5 4 24 61 40 6 2 4 
8 0 0 38 4 3 4 6 
5 7 25 31 60 9 9 1 
2 6 41 40 32 9 2 0 
2 3 31 64 35 8 7 6 
1 6 14 44 66 2 7 6 
3 1 0 19 49 6 2 9 
5 2 9 26 34 4 3 4 
3 9 26 32 74 5 2 4 
6 3 1 68 58 2 4 7 
1 0 0 53 73 1 7 7 
5 8 20 27 72 4 9 0 
7 7 53 52 33 9 8 0 
9 9 17 28 55 8 4 1 
3 4 9 58 66 1 8 9 
5 2 43 27 43 2 1 8 
5 3 44 58 65 9 2 5 
6 9 23 28 56 6 0 0 
4 1 61 54 51 1 2 9 
0 9 36 23 59 4 1 9 
2 5 30 60 55 2 9 3 
1 2 14 110 29 5 1 3 
7 1 36 24 71 7 0 3 
2 5 0 70 38 9 0 7 
7 8 36 67 33 9 6 0 
6 0 47 37 41 7 0 0 
2 6 9 39 7 4 7 7 
8 8 36 13 13 5 2 4 
7 8 52 55 43 2 8 5 
8 7 18 47 61 5 8 4 
4 6 40 15 89 7 8 8 
5 5 14 55 52 2 5 2 
2 0 48 35 35 9 3 1 
9 3 44 62 57 7 7 9 
7 8 44 56 57 4 9 3 
3 7 0 59 45 2 8 4 
4 0 47 56 49 2 2 9 
8 8 21 21 90 2 1 2 
8 1 0 71 38 8 3 9 
3 7 24 28 50 5 5 3 
4 1 12 93 44 0 7 5 
9 2 65 62 66 0 4 3 
3 0 31 57 0 6 2 7 
4 9 40 67 20 9 0 7 
5 1 40 34 55 7 1 1 
3 2 39 41 64 6 0 4 
8 3 15 86 33 5 1 9 
7 3 32 75 66 4 9 9 
8 0 1 35 68 0 3 7 
4 8 36 32 60 3 7 8 
4 0 56 66 28 7 7 3 
4 7 9 20 131 7 5 9 
8 7 23 27 75 2 6 7 
4 2 27 29 47 4 6 4 
3 5 41 43 49 1 6 5 
9 6 19 83 37 1 3 0 
5 1 21 26 45 7 0 9 
9 3 48 28 58 9 2 6 
9 9 0 80 38 9 1 5 
6 9 35 42 40 0 3 7 
7 3 29 46 49 3 7 8 
4 9 46 56 80 1 9 6 
6 1 56 43 55 7 7 4 
1 1 22 70 44 9 2 0 
5 5 8 24 50 8 4 9 
4 6 42 60 23 9 0 2 
5 0 45 79 55 6 7 4 
9 8 44 18 49 1 2 6 
8 9 19 75 30 5 6 3 
5 7 30 58 65 1 9 6 
3 9 3 31 46 9 9 2 
2 8 41 37 62 0 4 1 
7 7 4 35 42 1 7 1 
5 9 0 56 44 8 5 4 
0 7 40 90 77 0 3 5 
4 9 62 60 76 5 9 0 
6 8 41 37 36 3 3 9 
3 1 0 74 37 9 4 4 
3 0 1 12 47 0 3 9 
6 7 36 37 69 5 9 5 
6 9 37 25 55 7 6 3 
8 9 27 54 35 8 6 0 
3 4 55 12 6 1 6 0 
8 6 0 56 50 1 2 1 
2 7 61 59 27 7 0 7 
0 1 20 69 70 2 3 8 
9 9 22 57 34 4 3 4 
4 7 38 72 52 9 8 7 
5 4 15 78 78 5 7 8 
5 4 8 31 46 8 9 6 
9 5 37 47 60 4 3 2 
6 0 44 73 71 2 5 8 
6 3 56 42 25 7 9 2 
0 0 42 54 63 4 8 4 
0 1 74 62 86 0 5 9 
1 5 14 18 68 6 0 8 
0 5 16 19 57 0 6 1 
4 9 35 73 30 4 9 9 
4 7 18 48 53 2 0 9 
7 7 24 44 51 1 9 6 
5 3 8 83 30 0 7 6 
0 1 57 0 58 1 4 8 
0 9 46 79 37 9 1 9 
9 3 45 20 42 4 3 2 
5 0 26 35 69 7 3 0 
0 8 1 64 54 0 0 6 
6 6 15 72 60 5 3 7 
5 8 14 34 39 8 7 5 
3 0 41 41 44 7 2 0 
7 7 56 25 66 6 2 8 
0 3 31 30 59 6 2 5 
1 0 40 49 58 9 8 6 
2 6 61 53 34 8 2 3 
2 9 40 25 41 5 5 3 
5 1 28 60 45 0 0 5 
5 8 38 57 18 9 3 2 
2 8 0 59 69 6 6 2 
0 3 0 44 33 9 6 8 
3 1 37 51 5 8 8 4 
6 0 31 36 73 6 7 0 
7 9 15 27 86 2 0 8 
8 7 41 58 45 1 0 1 
3 6 40 57 36 6 4 7 
2 9 44 53 69 9 8 4 
3 9 40 60 96 6 2 8 
8 8 35 57 32 1 2 1 
1 9 19 44 49 1 0 5 
9 1 40 83 49 8 7 1 
1 4 27 70 42 7 9 4 
1 7 0 20 45 3 9 5 
4 5 14 52 63 2 2 1 
5 4 48 39 73 3 6 6 
1 9 49 43 60 2 1 5 
6 9 28 67 37 1 8 2 
5 3 55 51 60 6 1 8 
7 2 32 25 47 8 5 9 
6 6 70 68 63 8 6 8 
9 8 47 85 44 3 3 4 
6 3 7 48 29 2 9 4 
3 2 26 61 49 7 4 9 
7 4 0 49 32 5 1 4 
6 4 25 34 51 3 4 7 
5 5 39 22 52 7 5 8 
7 7 13 66 44 3 7 8 
3 6 19 76 53 7 9 2 
1 5 55 74 19 6 8 4 
4 0 14 46 25 8 8 7 
6 1 50 78 66 9 0 8 
0 3 58 6 43 0 1 2 
6 6 34 33 52 3 6 6 
2 7 43 58 54 7 1 4 
5 6 0 56 50 5 0 9 
8 7 32 79 17 1 9 5 
3 4 51 44 40 2 6 8 
0 6 33 55 69 0 8 8 
9 3 70 62 86 2 3 2 
9 5 60 48 21 2 6 9 
9 4 4 95 63 8 9 9 
3 9 13 86 56 7 0 8 
5 8 96 31 37 6 8 3 
0 7 8 40 40 0 2 0 
0 2 47 76 53 9 6 7 
5 7 43 98 55 6 7 7 
0 0 0 17 14 5 9 3 
3 1 10 84 57 5 4 1 
4 0 50 104 74 2 6 3 
4 3 38 51 35 6 1 3 
9 7 0 53 49 7 3 4 
7 4 22 76 67 9 3 3 
2 6 0 48 44 8 6 0 
9 9 16 67 37 3 4 6 
2 7 14 53 27 8 1 9 
3 4 33 48 18 9 1 3 
2 8 3 82 42 0 0 3 
4 9 32 23 30 0 3 2 
0 8 1 26 71 9 4 0 
0 9 38 61 99 3 2 9 
9 2 45 44 56 4 5 3 
1 8 10 29 26 0 8 0 
9 7 56 62 36 7 2 1 
5 5 49 86 36 9 1 2 
4 5 22 74 28 4 0 6 
3 7 33 50 11 2 7 2 
8 0 55 41 52 7 3 7 
4 9 33 65 67 1 5 8 
6 0 29 48 43 3 2 8 
4 3 26 59 51 2 2 7 
3 2 27 52 51 2 0 4 
3 7 13 42 45 6 3 2 
2 6 0 59 69 2 3 8 
3 9 0 73 68 8 9 4 
0 1 48 49 30 5 6 7 
7 1 23 51 25 8 1 0 
1 9 44 37 50 2 3 4 
4 8 1 50 44 9 8 3 
4 8 11 55 66 3 7 1 
0 3 22 72 59 0 5 8 
1 3 23 34 12 3 6 1 
5 3 45 55 41 0 9 2 
1 4 32 35 67 2 2 7 
5 1 57 43 21 2 7 2 
2 7 22 46 66 1 4 7 
9 0 59 60 40 0 5 2 
7 0 43 0 35 3 1 9 
6 8 29 41 0 2 0 6 
0 0 39 32 47 0 6 0 
2 1 18 44 40 0 0 7 
8 2 17 85 33 0 9 1 
8 9 16 69 34 8 4 9 
7 0 15 45 66 5 0 3 
5 9 9 25 59 5 6 7 
0 0 21 11 20 5 9 1 
0 4 25 66 53 6 3 4 
2 3 10 30 47 4 9 0 
2 1 34 39 63 1 5 5 
9 3 0 31 54 6 2 0 
2 0 51 37 84 1 1 1 
1 8 10 44 44 0 1 9 
7 1 23 60 21 9 1 0 
2 4 22 41 85 8 3 4 
9 8 0 11 50 1 0 4 
2 4 49 28 90 3 0 9 
0 1 7 67 12 6 3 6 
7 2 51 37 51 8 8 7 
2 9 33 53 51 0 7 0 
9 2 0 21 77 1 8 4 
9 2 34 94 37 0 6 9 
4 4 18 42 69 9 2 6 
2 1 34 64 39 0 4 5 
5 2 73 32 30 6 1 1 
2 5 3 38 71 2 8 6 
0 8 20 22 86 0 8 5 
9 1 40 61 50 2 3 8 
2 1 0 29 81 9 9 0 
7 2 13 47 56 0 7 7 
9 0 28 52 45 0 2 2 
6 9 27 76 27 8 4 8 
8 9 19 80 15 2 5 3 
3 4 9 34 36 5 8 1 
0 2 23 83 25 1 9 4 
3 4 40 19 69 8 3 0 
4 3 52 53 38 3 0 6 
7 2 10 23 45 5 4 6 
5 7 52 60 51 7 5 2 
4 1 0 53 63 2 7 6 
4 6 45 82 50 0 2 6 
4 5 40 60 36 0 9 3 
9 2 0 65 25 7 1 8 
9 5 20 52 88 3 7 3 
1 5 30 44 60 1 0 2 
9 1 52 40 29 7 2 0 
4 0 20 38 37 8 3 0 
7 3 51 8 60 3 2 1 
1 1 27 50 22 7 1 3 
9 4 22 36 96 1 1 0 
2 4 54 51 60 7 4 7 
3 0 31 64 48 0 1 1 
3 3 53 42 13 8 8 3 
4 7 18 92 53 4 1 5 
4 0 79 35 60 9 7 1 
3 2 16 54 59 4 7 3 
9 5 1 41 68 9 9 0 
8 7 44 60 77 0 1 9 
1 9 34 47 55 0 0 3 
6 7 29 52 80 0 5 7 
7 2 9 28 67 8 6 3 
3 2 58 49 38 6 9 1 
9 4 57 67 47 8 3 2 
1 8 7 48 47 2 1 3 
6 6 2 38 25 4 4 8 
3 2 16 29 61 3 2 0 
8 6 6 58 61 4 1 6 
5 9 0 48 78 4 6 7 
3 4 26 70 65 1 8 8 
0 1 38 48 67 6 6 7 
6 1 16 44 6 8 0 2 
0 1 33 37 54 6 3 6 
9 8 28 58 65 7 2 3 
6 2 41 46 42 9 8 6 
7 3 26 71 34 5 6 7 
1 5 9 15 33 5 2 6 
1 5 21 38 4 3 9 5 
4 1 35 26 37 6 9 9 
0 8 37 45 66 2 2 6 
3 5 57 45 73 1 3 3 
0 7 38 59 74 3 4 1 
3 6 27 92 53 5 7 5 
7 6 33 37 61 1 3 6 
7 6 6 46 37 9 5 2 
3 7 17 55 62 1 7 4 
4 1 46 45 43 1 8 7 
7 8 36 26 81 9 0 7 
2 2 57 41 58 2 2 4 
9 4 53 66 56 9 9 1 
5 3 51 65 55 3 6 2 
6 2 23 59 18 2 1 5 
7 0 0 24 58 0 5 3 
4 6 46 59 17 4 2 7 
2 2 0 71 42 6 1 6 
6 2 35 48 29 3 4 1 
3 7 1 10 43 0 7 1 
2 2 48 11 60 7 3 3 
1 8 18 41 51 3 9 9 
6 9 15 87 35 6 6 1 
1 2 3 39 48 0 0 2 
4 6 32 64 28 9 9 9 
0 4 0 17 69 9 6 2 
9 9 28 43 55 2 4 2 
9 7 16 70 72 6 8 7 
4 1 23 55 29 0 1 4 
5 9 57 35 82 0 3 3 
8 5 13 0 66 4 5 6 
5 2 84 47 65 5 0 8 
6 9 31 44 28 0 0 8 
2 1 38 44 26 1 0 9 
1 6 28 39 31 3 8 2 
4 8 37 57 41 1 9 2 
5 0 7 21 49 0 4 4 
7 2 47 47 46 4 8 1 
9 4 23 79 55 0 9 3 
7 8 39 31 63 3 4 7 
2 0 11 39 32 8 4 2 
8 3 0 45 56 9 3 1 
4 2 52 55 68 1 2 8 
2 4 22 66 31 0 2 9 
3 1 66 50 97 5 3 4 
4 8 55 51 27 5 0 5 
0 6 10 55 104 3 1 8 
4 9 26 63 44 3 9 0 
0 4 6 47 33 7 9 1 
7 8 14 66 51 4 6 1 
2 6 74 106 48 9 3 2 
2 9 15 82 67 3 0 4 
7 2 34 32 23 3 1 2 
6 2 53 45 19 5 7 3 
3 4 16 71 27 5 3 9 
3 0 60 60 62 5 6 7 
6 0 0 40 73 8 4 3 
3 0 40 54 47 3 4 9 
3 5 29 21 51 4 5 6 
0 1 26 34 69 8 0 1 
0 0 55 39 99 1 4 3 
7 4 40 31 65 9 3 7 
9 3 18 19 23 6 6 4 
0 7 28 0 76 1 7 5 
2 8 15 51 50 5 7 0 
3 7 37 59 67 0 9 5 
9 5 35 82 57 6 4 0 
9 3 22 44 76 4 7 8 
8 2 41 51 18 1 3 5 
7 6 15 46 62 4 1 5 
0 5 24 48 41 0 0 0 
1 9 18 47 16 9 0 1 
2 5 38 44 58 8 0 1 
4 7 11 47 34 3 3 3 
3 1 41 6 48 0 3 5 
1 8 40 99 44 4 0 9 
2 2 11 56 3 8 3 2 
1 4 0 48 14 6 1 6 
2 9 31 35 69 6 3 9 
9 0 64 45 75 4 7 5 
5 3 44 34 31 9 6 5 
6 3 59 61 63 8 2 4 
2 7 50 35 51 3 0 7 
8 9 32 67 47 7 6 5 
7 8 46 60 32 9 4 5 
7 2 1 36 35 5 0 1 
0 8 32 60 55 5 1 2 
6 4 0 29 54 9 9 7 
1 3 25 42 31 9 4 1 
0 7 38 51 60 9 7 4 
4 1 6 28 38 9 1 1 
6 3 16 43 47 5 5 7 
3 1 42 51 56 0 8 9 
0 8 30 63 47 3 6 6 
9 2 50 41 61 9 4 5 
3 5 37 73 64 5 9 2 
3 1 16 65 69 9 5 8 
9 7 21 49 49 8 3 1 
4 2 53 79 61 9 5 3 
7 8 32 55 40 3 6 6 
7 6 56 74 63 3 5 8 
4 3 46 45 20 6 3 5 
6 8 33 28 54 0 1 8 
1 8 22 51 30 0 8 3 
7 3 33 35 23 6 3 0 
2 1 47 73 69 3 9 2 
8 4 48 11 83 4 9 1 
9 8 34 76 74 7 5 4 
7 9 19 39 32 3 5 5 
4 2 46 69 33 4 8 7 
8 8 61 35 56 9 5 9 
3 8 35 59 28 5 3 2 
5 7 6 43 49 5 3 8 
5 5 39 8 33 1 7 8 
7 3 53 67 60 7 9 4 
7 1 32 64 35 5 4 3 
1 9 16 54 61 3 7 0 
2 7 25 75 47 1 5 5 
1 6 58 84 59 8 0 6 
2 3 37 81 36 0 1 8 
4 2 34 42 41 0 7 5 
1 0 23 56 26 4 5 1 
0 2 39 16 53 1 9 8 
0 1 8 40 84 7 7 0 
2 0 0 31 46 5 2 9 
2 6 20 77 76 5 5 9 
6 7 36 78 30 6 2 8 
7 2 0 60 73 4 4 9 
6 5 26 51 51 5 3 9 
4 5 29 84 94 4 3 2 
2 7 14 9 53 5 0 3 
2 5 1 72 66 7 4 8 
8 2 1 42 34 7 4 3 
8 8 0 45 58 3 1 9 
7 9 35 72 77 9 8 7 
5 4 46 82 23 6 0 8 
5 0 35 60 22 4 7 1 
6 6 29 54 24 4 7 3 
9 3 32 34 43 6 4 4 
4 8 9 34 45 3 1 6 
4 6 35 32 71 7 0 5 
4 8 26 46 31 9 2 2 
2 2 33 64 2 9 7 2 
8 9 0 57 44 2 4 3 
4 7 37 73 49 9 4 2 
8 6 12 49 46 1 1 0 
1 8 73 54 19 2 4 4 
9 5 22 41 81 8 0 4 
6 8 47 54 56 4 8 5 
1 8 31 59 44 9 5 1 
0 9 17 52 35 5 3 4 
6 6 47 70 46 0 5 1 
6 9 39 37 16 4 0 1 
7 0 43 38 48 4 5 0 
2 4 27 39 38 9 3 9 
3 8 0 62 70 8 0 7 
6 8 56 51 36 8 3 3 
1 3 10 52 40 2 9 9 
9 3 71 5 21 7 5 0 
3 6 53 51 71 2 7 8 
6 9 30 41 39 4 8 6 
3 6 0 52 18 5 6 6 
4 1 34 31 79 8 3 3 
3 8 33 22 35 2 3 4 
1 1 38 48 43 0 3 6 
5 3 44 31 55 0 2 7 
2 7 51 21 26 1 1 3 
5 9 45 50 34 0 4 3 
4 4 32 48 32 8 2 7 
6 9 35 36 43 6 9 8 
5 4 13 29 62 3 1 0 
2 7 28 40 52 1 6 5 
6 3 25 37 75 6 1 5 
6 9 16 19 37 1 5 3 
3 8 33 19 76 8 5 4 
9 9 40 63 47 5 1 0 
1 2 19 31 40 2 0 3 
6 6 41 67 68 4 4 7 
4 4 27 52 18 8 1 4 
6 3 24 56 35 7 7 9 
8 4 13 51 42 3 7 2 
6 9 43 93 31 5 1 7 
7 5 40 78 46 9 5 0 
3 0 16 56 60 7 4 4 
9 9 53 60 17 5 4 0 
3 1 50 101 74 5 3 9 
7 1 27 68 81 2 5 4 
1 8 36 74 37 5 9 8 
6 5 0 48 58 1 7 2 
9 7 15 11 52 3 1 4 
4 5 38 73 66 7 4 3 
6 2 43 65 3 0 3 2 
2 4 59 32 16 9 4 2 
1 6 33 52 54 1 5 1 
0 0 15 77 63 8 6 9 
7 6 35 74 45 8 0 5 
6 1 21 44 46 5 9 3 
2 1 30 48 89 1 3 5 
9 4 34 54 56 2 4 0 
2 6 18 46 39 5 7 8 
7 0 34 44 53 8 1 2 
9 9 22 65 64 3 5 9 
7 8 26 36 50 8 6 2 
1 8 59 105 43 2 2 1 
7 1 52 62 53 3 7 3 
1 7 61 55 44 9 5 0 
5 6 14 49 41 8 6 2 
7 5 37 75 48 5 4 6 
6 5 47 46 40 7 3 4 
2 3 43 82 71 9 6 9 
6 6 8 61 51 8 3 3 
3 8 0 56 26 9 3 6 
4 3 40 42 56 0 6 8 
6 1 16 48 30 2 5 0 
8 0 29 59 32 6 5 5 
0 2 40 50 22 7 3 9 
2 2 42 92 66 3 0 8 
1 6 61 64 43 7 0 3 
6 8 27 45 35 8 4 1 
8 7 44 11 73 8 5 7 
1 9 50 34 92 1 2 7 
1 5 8 63 31 6 6 6 
4 4 20 37 43 3 0 5 
9 2 50 36 43 0 6 8 
9 5 52 48 36 2 6 1 
8 6 56 36 47 8 4 8 
7 8 56 34 90 1 7 4 
5 4 5 22 81 3 4 2 
3 1 33 63 42 5 3 1 
1 0 8 51 50 2 3 9 
5 9 48 44 25 1 4 6 
8 9 44 48 39 7 3 3 
3 8 26 19 55 5 5 3 
2 0 27 80 49 7 4 6 
5 8 38 69 85 8 7 0 
4 0 13 52 52 9 6 1 
7 9 28 76 40 0 1 5 
6 0 26 37 71 0 4 8 
9 5 36 72 14 9 6 7 
7 6 26 51 55 6 6 1 
6 3 6 5 43 8 4 5 
7 3 50 53 83 4 9 6 
5 1 23 13 50 0 2 3 
0 9 10 46 46 9 4 9 
9 5 71 50 34 8 8 7 
5 3 0 59 68 6 6 0 
3 6 41 21 78 2 3 9 
9 2 39 26 31 5 2 6 
0 4 36 65 40 0 0 2 
1 7 32 46 70 5 6 1 
4 5 50 100 47 1 0 7 
5 2 47 67 23 7 3 3 
9 7 13 53 27 3 2 9 
3 0 0 40 20 4 8 1 
9 7 45 32 42 7 8 4 
0 9 21 58 81 5 4 9 
4 4 0 46 38 2 6 1 
7 2 0 69 39 9 2 9 
8 9 48 58 23 9 7 8 
5 0 0 57 34 1 8 0 
5 0 0 60 45 5 3 7 
9 2 5 67 41 1 4 8 
5 1 50 20 54 0 8 9 
3 3 30 69 53 4 3 5 
8 9 9 63 89 1 0 3 
7 2 43 81 46 0 7 3 
6 7 32 66 54 4 4 9 
3 0 43 19 25 7 2 5 
0 7 31 90 25 4 0 4 
5 7 27 60 50 9 7 4 
5 8 26 18 54 7 8 2 
5 7 18 62 17 7 3 3 
5 3 14 56 78 8 8 4 
8 0 61 28 98 9 9 5 
9 1 66 32 46 4 3 7 
7 3 48 46 25 1 1 2 
7 4 55 51 40 5 2 3 
0 3 27 66 45 2 7 5 
4 2 17 43 47 3 3 5 
0 2 8 76 51 4 9 6 
8 6 40 61 26 7 6 4 
6 3 28 77 66 8 0 4 
3 0 31 51 29 5 4 4 
1 1 2 59 46 3 5 7 
0 0 30 51 21 8 6 6 
1 8 0 52 48 3 0 5 
8 0 26 50 44 8 2 6 
1 8 64 20 42 2 2 5 
0 1 30 52 5 9 3 1 
0 2 57 30 59 9 3 0 
5 8 57 86 49 1 7 2 
6 7 2 56 52 9 8 2 
3 8 20 18 68 9 0 3 
5 9 10 38 73 1 0 8 
9 3 37 68 33 1 3 9 
3 2 8 55 33 3 4 4 
5 8 18 51 86 1 0 0 
4 7 47 76 25 3 9 3 
8 9 36 32 38 8 2 1 
1 1 46 67 40 1 5 1 
0 8 14 11 69 8 0 6 
1 0 37 40 37 8 9 9 
4 2 37 49 42 8 7 6 
3 3 31 43 68 2 1 4 
3 2 43 37 41 2 1 0 
0 1 19 39 80 6 6 2 
5 0 34 40 52 4 2 4 
4 7 55 50 32 9 5 0 
9 1 6 30 50 1 0 0 
2 3 36 35 36 9 7 6 
7 9 33 42 20 7 3 7 
5 1 0 27 52 9 4 3 
5 7 28 110 73 4 0 0 
3 6 38 70 31 7 9 9 
5 7 20 61 14 1 9 0 
1 9 46 25 37 3 3 6 
6 4 15 60 43 0 1 5 
2 5 38 46 44 2 5 6 
9 8 27 69 51 8 9 6 
1 6 28 38 54 3 7 7 
5 3 17 76 60 3 3 2 
3 9 20 54 47 7 8 7 
4 5 41 79 76 7 4 7 
8 5 44 66 51 3 1 8 
0 6 9 25 65 3 9 4 
2 9 20 60 32 8 2 8 
3 8 23 41 20 3 2 5 
2 6 9 37 66 4 0 6 
4 4 50 84 40 7 5 1 
3 2 55 17 44 3 1 0 
9 5 27 38 42 4 0 4 
4 0 45 15 48 5 7 8 
1 4 0 78 45 3 0 0 
8 9 28 59 48 7 2 4 
9 1 51 38 47 0 3 0 
6 5 3 16 21 1 4 7 
7 9 11 59 102 6 3 7 
8 1 26 56 47 2 3 8 
1 1 43 50 79 8 0 8 
7 2 32 57 83 5 7 8 
2 1 23 69 43 1 2 2 
4 1 6 42 30 1 4 9 
5 0 22 80 71 9 4 1 
7 2 44 60 69 3 5 2 
4 8 47 66 61 6 3 9 
5 6 28 65 20 5 3 8 
8 0 9 51 48 9 3 9 
3 9 32 28 35 8 7 5 
1 3 36 68 50 9 9 1 
5 6 7 45 73 9 1 9 
8 4 66 68 57 8 4 8 
2 6 17 40 49 1 9 3 
8 4 17 14 26 8 2 8 
9 0 59 68 94 7 4 5 
2 9 41 50 36 9 9 2 
0 8 47 54 38 4 8 3 
1 7 32 59 75 3 4 3 
1 1 39 42 52 7 5 8 
6 6 25 41 38 1 9 5 
5 4 39 54 61 6 4 5 
0 3 61 60 56 8 2 4 
8 6 0 29 84 7 0 9 
5 7 41 41 51 2 8 6 
2 9 34 73 61 4 3 6 
2 4 53 71 67 9 8 4 
9 1 49 52 57 3 2 3 
9 0 36 45 83 8 1 9 
2 8 18 37 65 6 9 3 
3 9 35 48 45 5 6 6 
8 7 45 55 70 8 4 5 
1 7 6 80 44 1 0 2 
6 2 10 24 77 2 2 8 
7 1 17 57 44 3 9 2 
3 7 17 33 59 0 1 0 
4 0 48 33 42 9 4 2 
8 4 31 58 40 7 7 4 
0 5 33 69 67 4 6 7 
2 1 11 32 65 1 9 1 
3 2 40 90 75 1 6 1 
0 7 16 31 23 1 1 7 
4 0 46 41 43 3 0 9 
4 5 30 38 68 8 6 9 
9 7 26 90 48 6 1 5 
7 4 0 36 24 3 0 7 
3 0 6 35 58 8 6 1 
1 6 50 70 50 3 9 7 
6 3 12 29 43 3 2 7 
8 7 56 41 67 8 1 8 
8 2 14 40 58 0 7 2 
7 9 14 36 30 7 1 2 
6 5 41 40 31 6 4 7 
5 8 29 56 60 3 0 6 
2 6 0 33 48 7 8 1 
1 0 21 89 102 8 4 0 
1 3 45 24 45 9 3 9 
9 9 50 38 46 4 5 3 
8 5 27 44 0 8 2 8 
2 7 0 71 25 0 1 4 
7 7 50 62 65 7 7 9 
9 1 23 50 44 7 1 8 
9 7 61 15 58 0 1 6 
5 3 16 34 76 9 8 7 
8 8 16 35 88 1 2 9 
6 5 61 51 59 5 5 5 
5 1 28 42 71 1 2 0 
8 0 59 58 38 2 0 0 
2 4 60 86 21 9 2 4 
8 8 55 59 57 8 8 1 
0 8 45 40 76 2 2 7 
3 1 38 88 70 7 8 7 
6 1 19 37 53 3 2 3 
9 7 31 54 65 5 4 8 
9 5 45 71 39 5 2 7 
0 6 57 39 61 3 1 5 
9 7 26 66 24 2 6 6 
7 2 37 52 45 3 8 1 
6 1 19 25 56 9 8 3 
4 8 26 22 41 9 2 9 
8 8 31 58 42 1 1 3 
6 7 33 51 69 1 0 9 
7 3 42 92 34 7 2 3 
1 4 42 63 50 3 3 2 
8 1 37 10 44 9 9 1 
2 5 50 55 90 5 2 8 
7 9 43 57 58 5 7 1 
6 4 31 80 55 6 5 7 
4 3 53 66 48 9 3 8 
1 2 17 49 35 6 0 9 
2 0 34 50 71 9 5 3 
6 8 17 59 22 3 7 2 
7 4 33 90 20 8 4 6 
6 7 45 30 91 1 8 3 
0 9 61 37 20 0 9 1 
9 8 8 60 25 7 2 4 
2 2 70 24 11 7 2 0 
6 5 46 14 54 4 0 8 
5 9 2 63 66 8 0 7 
3 3 0 49 43 8 8 1 
0 4 21 45 33 3 8 6 
4 3 19 48 31 4 2 9 
2 5 50 38 8 1 2 7 
0 1 39 8 45 4 3 8 
3 6 0 78 25 9 4 7 
1 1 55 75 53 2 7 1 
2 4 22 56 47 1 9 0 
2 0 0 49 37 8 6 3 
2 0 30 40 67 1 1 5 
3 3 41 59 48 2 8 4 
1 8 30 17 30 0 6 1 
6 3 51 5 62 5 2 1 
3 0 26 56 45 0 6 6 
9 8 47 76 28 3 4 0 
2 9 9 45 53 2 9 1 
1 2 21 53 50 2 3 4 
0 5 44 16 33 4 8 3 
5 1 35 24 52 1 0 4 
3 1 30 43 32 5 3 8 
5 7 64 34 42 3 3 0 
1 3 54 28 18 3 8 1 
7 2 27 27 37 8 8 1 
0 7 56 68 19 1 6 0 
5 6 2 35 63 3 5 5 
2 3 0 63 52 1 6 1 
7 0 52 23 65 3 6 6 
4 0 88 35 54 0 3 4 
5 1 20 85 42 3 0 1 
9 8 52 45 48 4 7 2 
0 5 57 11 67 9 1 4 
4 5 29 48 31 7 0 9 
1 0 49 29 60 1 3 2 
1 9 11 53 84 5 2 9 
6 8 14 62 60 4 6 8 
6 7 20 49 58 4 8 0 
8 5 17 73 94 8 6 4 
8 8 53 50 37 6 6 8 
9 5 5 68 29 1 2 6 
7 8 44 67 42 4 3 7 
6 3 26 72 59 4 0 6 
6 4 30 76 48 5 7 0 
8 5 12 77 61 3 0 2 
6 3 28 21 56 1 8 1 
2 9 51 76 76 1 8 4 
2 8 18 55 49 3 0 5 
6 3 72 65 41 9 5 1 
9 8 10 9 45 5 7 7 
3 8 29 33 43 7 2 3 
8 0 56 71 43 1 9 7 
2 0 47 57 85 4 3 3 
6 2 63 82 63 2 3 1 
1 6 50 49 60 2 4 9 
6 3 28 56 58 8 7 3 
2 2 31 58 21 8 9 6 
4 3 16 57 85 7 0 1 
3 3 18 18 76 5 3 5 
4 0 38 28 40 5 2 0 
8 3 27 65 0 9 0 0 
0 4 8 39 3 6 2 3 
9 9 20 45 61 4 9 8 
8 5 7 32 78 7 7 3 
7 5 50 23 38 2 8 9 
0 8 27 83 51 7 8 4 
5 7 35 41 80 7 0 3 
3 6 0 68 65 8 5 7 
2 5 56 23 65 4 9 5 
3 0 72 61 51 2 3 2 
2 5 30 0 38 5 3 8 
0 9 42 47 67 8 3 2 
1 0 1 46 46 2 4 9 
5 9 9 27 40 0 7 1 
3 2 37 27 27 1 5 6 
5 4 35 23 30 1 1 2 
0 3 48 43 72 4 6 7 
4 4 32 54 41 4 5 1 
5 4 26 41 10 9 8 5 
3 1 64 53 66 0 3 9 
3 1 16 64 47 6 7 2 
7 9 39 51 68 9 8 1 
4 3 32 56 69 8 3 4 
1 3 39 38 51 6 3 3 
9 6 30 87 61 2 9 5 
4 1 50 52 45 0 9 3 
0 8 50 41 32 4 2 8 
1 6 76 17 66 5 2 8 
0 1 20 60 47 1 0 0 
8 1 28 60 30 9 9 0 
7 1 61 46 44 4 8 9 
0 5 22 60 61 3 0 0 
2 5 11 59 38 8 1 2 
7 4 31 16 47 6 3 4 
5 1 47 54 42 2 1 9 
2 1 19 39 38 8 7 8 
4 7 55 41 65 4 4 6 
7 7 25 65 24 4 7 8 
2 6 31 79 48 0 2 5 
1 0 0 9 62 1 8 5 
0 3 45 64 48 8 1 7 
9 3 31 41 33 9 8 2 
4 9 30 43 36 9 0 4 
7 4 2 90 42 4 5 8 
6 4 58 57 39 2 0 0 
0 2 8 59 54 6 7 4 
2 7 50 19 63 8 4 6 
2 2 0 58 69 4 9 1 
9 3 14 33 28 7 8 4 
3 1 44 20 34 4 9 2 
0 3 40 75 47 5 7 6 
2 1 39 34 71 6 0 4 
9 0 64 34 43 6 5 7 
1 4 0 99 23 7 2 8 
3 1 37 33 70 1 0 6 
7 1 11 57 45 8 1 0 
2 2 20 42 44 1 2 4 
2 9 32 46 55 1 7 8 
1 8 47 64 57 0 8 2 
2 5 47 34 72 3 6 2 
4 7 35 38 0 0 1 4 
6 4 40 51 61 1 5 9 
0 3 36 50 48 6 3 6 
0 0 23 74 45 0 5 9 
9 4 17 39 40 7 0 4 
8 1 38 88 59 4 7 9 
1 6 15 56 67 7 8 3 
6 2 32 50 61 6 7 8 
2 4 10 57 49 4 3 7 
3 6 11 64 76 9 7 8 
6 8 32 66 11 6 2 6 
2 5 22 49 67 0 6 3 
7 4 42 27 48 0 8 9 
6 4 74 58 37 4 2 5 
2 4 76 72 49 5 3 7 
6 6 31 26 38 4 5 9 
4 6 30 66 75 7 6 5 
1 6 11 62 65 1 6 4 
6 0 45 61 82 8 9 4 
6 6 0 43 48 0 8 2 
5 4 1 33 52 8 1 7 
1 7 86 61 48 1 0 9 
1 8 18 35 46 6 1 3 
8 4 6 28 77 6 7 7 
7 0 0 73 29 2 2 7 
9 2 35 22 39 8 4 9 
8 3 80 51 46 3 3 8 
2 5 39 67 40 1 6 3 
5 5 37 49 56 8 3 4 
7 6 30 49 67 7 5 8 
1 9 32 61 23 3 6 8 
0 9 8 59 62 1 1 1 
4 4 34 22 36 9 1 6 
4 1 27 47 54 9 8 1 
8 2 23 18 30 3 2 4 
5 2 0 69 32 3 5 3 
6 3 16 48 72 9 0 0 
6 1 14 77 38 5 7 5 
0 3 29 81 70 6 3 3 
6 1 48 61 40 8 5 5 
4 6 27 14 66 2 7 0 
2 9 34 84 63 7 5 6 
3 8 22 74 41 0 2 9 
9 1 16 70 82 7 3 0 
0 2 37 31 75 6 8 4 
3 5 38 39 28 1 7 9 
7 4 33 39 42 7 2 1 
2 5 10 25 91 3 0 4 
2 6 31 31 57 2 1 5 
1 2 0 50 48 9 0 1 
9 9 11 50 16 1 4 8 
6 7 35 52 82 9 7 5 
6 8 61 54 48 5 5 4 
1 3 40 30 27 2 8 8 
5 4 48 66 63 1 4 7 
9 8 64 62 53 6 4 4 
4 1 0 36 44 9 8 1 
9 9 85 56 36 0 0 9 
5 1 21 29 33 5 1 8 
4 3 49 58 44 4 0 8 
2 1 14 41 45 3 9 6 
2 9 38 90 39 3 4 2 
0 4 21 24 48 0 3 4 
8 9 47 44 65 3 9 9 
8 7 37 39 15 1 7 6 
0 5 44 40 60 2 8 2 
1 8 25 57 85 1 8 7 
7 2 0 34 36 5 0 4 
3 7 23 37 44 0 4 2 
2 1 34 50 31 2 4 3 
2 8 3 43 56 8 3 4 
3 0 6 73 25 5 8 9 
3 2 0 57 35 8 0 8 
3 4 42 29 61 8 7 4 
0 7 16 39 41 5 5 1 
3 0 28 41 34 0 2 5 
4 1 34 40 58 3 4 6 
2 0 25 35 36 9 8 9 
1 2 15 5 59 1 9 3 
6 7 57 72 48 2 2 6 
2 2 38 76 42 2 5 7 
3 3 58 60 29 9 5 7 
0 4 56 27 38 7 0 6 
7 0 32 44 27 4 5 1 
3 7 11 54 87 9 1 6 
9 4 9 51 69 5 4 5 
4 9 10 38 59 6 8 5 
5 5 8 63 27 7 8 4 
5 4 18 50 79 7 7 7 
9 1 30 35 24 1 5 6 
7 1 44 12 9 9 5 2 
1 7 33 51 45 7 9 5 
0 1 27 52 40 4 4 2 
6 7 46 72 81 5 6 8 
5 3 22 42 68 5 5 8 
7 3 40 42 50 8 3 5 
2 4 74 54 20 5 0 3 
2 6 60 85 52 9 5 1 
2 1 49 52 21 6 9 7 
5 5 45 36 58 7 9 5 
7 7 59 51 53 8 5 5 
1 9 16 93 47 8 8 3 
5 4 48 75 51 1 4 5 
9 8 27 41 72 0 2 4 
6 6 52 39 33 5 0 1 
4 3 35 64 65 8 7 3 
7 1 41 52 72 8 7 9 
6 7 6 42 43 8 1 3 
0 1 10 27 29 5 9 6 
3 2 0 11 47 8 6 2 
9 5 58 30 71 9 8 2 
6 3 12 67 51 7 8 0 
8 6 21 48 40 2 4 5 
5 6 36 42 21 4 5 7 
9 2 28 35 41 3 9 3 
7 9 68 78 42 6 3 6 
0 9 13 18 41 7 1 4 
5 2 14 45 33 7 6 9 
9 7 52 50 47 3 2 7 
0 2 0 51 44 1 4 1 
5 9 41 42 37 2 4 4 
2 9 30 66 78 3 1 1 
6 5 45 83 50 7 0 6 
5 7 8 35 31 9 0 9 
7 6 34 53 87 4 1 5 
5 7 24 33 51 3 3 8 
8 5 29 33 79 6 7 6 
7 2 24 25 67 2 5 6 
0 0 20 35 13 7 0 9 
8 7 29 52 49 7 1 0 
8 5 33 39 18 8 3 5 
9 6 30 59 22 5 7 9 
1 8 54 53 38 3 0 0 
9 4 26 67 14 4 8 4 
8 7 53 44 63 5 5 8 
0 0 0 32 53 1 5 8 
8 6 77 50 63 4 2 7 
6 6 50 62 59 3 5 2 
5 7 14 27 54 8 9 5 
3 6 36 47 88 9 1 7 
8 4 52 0 2 2 3 7 
3 0 7 51 40 2 3 9 
7 3 52 74 55 6 4 4 
2 3 16 59 33 4 5 9 
9 4 28 62 61 1 9 8 
8 3 49 29 53 8 7 8 
2 1 7 59 24 7 0 0 
8 6 0 49 27 4 5 6 
0 7 17 59 45 3 1 6 
5 2 31 57 81 6 2 4 
0 2 41 69 7 0 1 1 
1 2 41 39 66 6 7 9 
8 0 27 42 77 0 3 2 
8 5 85 50 78 5 2 4 
4 4 44 57 76 3 6 8 
9 3 27 38 68 0 8 6 
4 0 13 34 39 5 7 7 
7 2 54 47 58 1 5 8 
2 6 60 13 53 5 8 9 
4 3 50 30 76 2 3 6 
9 8 85 59 73 4 1 7 
3 5 59 46 36 9 3 3 
7 2 18 40 41 7 9 0 
9 3 6 76 25 5 2 0 
7 7 16 65 64 6 5 9 
9 4 61 64 42 0 8 6 
3 9 28 63 71 1 1 5 
0 6 8 8 83 9 0 1 
9 5 6 92 50 9 3 0 
8 9 1 75 56 5 0 3 
7 5 48 42 63 7 0 9 
2 6 33 51 18 5 8 8 
7 7 0 23 19 7 1 7 
0 8 7 54 59 2 0 6 
7 6 54 40 57 5 1 3 
2 7 67 34 50 4 4 6 
3 4 38 70 68 3 3 4 
4 7 36 81 56 5 3 2 
4 0 12 50 64 8 4 9 
9 0 16 66 29 3 8 5 
3 2 15 52 75 5 3 2 
6 3 44 63 63 2 4 0 
8 2 51 61 18 1 3 0 
7 7 36 42 31 2 3 3 
3 3 34 61 46 6 8 8 
4 1 58 55 72 7 5 6 
5 9 31 59 64 5 4 4 
6 1 29 71 65 5 3 3 
7 7 50 53 38 5 6 8 
5 2 66 32 10 6 7 0 
8 0 13 63 91 4 2 3 
6 7 18 47 59 7 9 1 
2 3 51 48 100 3 9 7 
4 5 22 46 50 8 0 8 
1 0 13 65 86 2 5 8 
9 3 48 37 58 7 0 1 
9 7 52 86 54 4 0 8 
2 4 67 93 61 1 8 7 
2 9 22 87 33 1 2 7 
1 5 30 62 43 8 9 1 
5 5 44 46 67 9 4 0 
9 5 28 20 60 5 1 2 
0 4 55 24 12 6 7 1 
1 1 91 54 36 0 3 2 
3 1 62 64 36 4 5 6 
8 1 59 16 48 1 4 3 
3 8 0 49 41 2 7 4 
1 8 49 57 75 8 2 2 
7 4 32 52 58 7 8 0 
9 1 48 62 27 5 5 6 
0 7 37 48 95 0 7 8 
7 6 55 53 84 7 9 8 
9 5 0 27 52 4 3 9 
8 9 54 48 61 2 6 5 
7 5 50 58 55 6 8 0 
3 7 38 23 44 4 6 0 
0 4 40 38 55 4 0 0 
2 3 35 53 76 2 8 0 
6 3 26 34 20 2 9 9 
4 7 0 38 16 5 3 7 
2 7 24 75 64 6 3 6 
2 7 7 51 46 6 9 6 
4 8 27 91 56 0 1 6 
1 2 9 43 44 3 0 1 
6 5 10 81 52 6 7 1 
3 4 44 33 50 4 0 8 
3 4 9 51 69 1 6 3 
0 6 32 72 71 9 0 0 
9 1 39 56 42 5 7 0 
0 5 74 51 81 4 3 3 
4 4 38 85 45 0 7 9 
5 0 21 38 82 5 0 3 
7 0 22 48 49 0 8 2 
1 2 56 52 29 2 8 5 
3 0 46 31 50 2 3 3 
4 6 54 60 59 3 6 1 
9 8 61 78 53 1 0 7 
1 2 25 31 32 7 6 3 
0 3 37 58 43 9 7 1 
8 7 29 56 49 5 6 0 
0 1 18 44 44 6 4 4 
7 6 30 57 44 8 2 6 
7 2 13 40 77 7 9 0 
5 7 0 58 64 9 9 3 
8 6 50 29 46 6 0 9 
7 5 50 47 22 9 7 8 
6 9 54 57 67 1 4 0 
3 5 44 41 28 1 0 0 
0 7 20 43 52 9 8 2 
2 9 42 41 63 5 9 9 
9 8 0 35 84 9 1 5 
8 3 30 14 24 5 1 7 
5 5 17 49 76 0 1 9 
4 2 0 55 62 2 2 4 
3 6 51 63 44 0 6 6 
1 0 49 52 61 4 5 9 
3 4 32 42 41 3 0 8 
4 3 44 33 75 3 7 4 
2 9 21 64 50 2 1 9 
4 9 30 45 94 3 9 8 
2 3 20 73 57 0 8 7 
1 1 23 54 25 7 8 8 
3 1 48 68 41 9 8 1 
4 2 14 54 75 1 7 0 
9 2 28 24 50 4 3 6 
5 2 54 39 27 2 3 0 
8 7 57 95 57 6 8 7 
3 1 16 62 53 3 9 6 
6 3 46 58 63 9 8 7 
1 1 14 67 21 2 4 3 
5 0 39 45 25 4 6 0 
9 2 29 64 100 4 0 3 
1 9 35 8 59 6 5 0 
3 5 47 95 64 9 9 0 
9 8 25 48 40 6 6 4 
7 1 49 58 50 2 5 2 
6 0 42 83 59 2 1 1 
7 3 0 60 16 3 0 6 
5 2 27 53 60 1 2 1 
6 9 18 64 10 4 7 6 
1 4 74 45 71 1 4 4 
4 7 1 44 45 4 7 9 
6 9 45 71 61 5 0 4 
3 6 38 70 12 3 9 1 
6 6 57 44 39 3 1 5 
3 7 48 39 57 8 8 0 
5 9 20 51 30 2 1 2 
7 7 20 63 73 4 2 8 
1 6 55 70 43 0 7 6 
4 0 20 40 56 0 2 2 
0 3 58 13 73 0 1 8 
4 3 39 89 39 2 2 3 
5 9 44 75 30 9 8 5 
5 3 0 60 60 2 5 5 
0 5 40 35 60 0 1 7 
6 5 39 77 95 5 5 8 
5 4 6 28 67 0 3 1 
4 4 20 68 37 1 3 3 
7 1 34 57 70 9 4 9 
3 9 0 43 84 7 0 8 
9 9 40 35 38 1 4 0 
7 3 21 53 66 3 6 6 
8 6 46 30 88 9 2 0 
3 4 53 47 71 9 0 4 
4 4 45 38 71 4 1 4 
5 3 51 44 22 0 0 7 
8 4 89 29 44 7 8 1 
8 4 17 52 63 9 3 2 
9 8 20 57 27 5 6 2 
3 3 35 69 56 4 4 7 
4 6 30 46 34 9 5 1 
4 7 0 45 16 0 3 8 
8 6 31 55 59 1 5 9 
0 5 20 50 50 6 9 1 
6 5 56 38 32 6 9 8 
6 6 14 69 35 9 6 0 
3 2 14 20 25 5 6 0 
1 4 54 54 82 6 4 8 
3 0 51 47 13 3 1 1 
4 0 0 29 46 5 7 2 
5 9 47 31 35 3 2 9 
5 4 41 14 44 7 3 0 
8 4 44 32 19 3 3 4 
5 6 31 24 22 5 7 8 
1 6 36 82 40 2 3 2 
8 7 89 55 24 5 7 8 
9 6 25 31 64 5 9 3 
2 1 20 75 23 6 9 8 
7 6 17 34 64 9 9 9 
1 2 9 62 19 0 7 3 
8 5 50 57 59 4 9 3 
7 1 33 72 23 3 8 9 
3 2 47 86 31 2 2 1 
0 6 24 53 41 7 4 6 
3 5 31 42 57 6 9 3 
8 9 0 21 40 8 6 3 
7 3 17 44 61 9 8 1 
9 6 31 60 41 4 5 9 
5 0 97 27 24 8 5 4 
5 8 61 54 38 8 3 4 
7 4 30 32 47 8 5 0 
7 5 48 66 33 2 5 9 
4 2 31 54 37 7 3 3 
9 1 0 8 40 2 2 6 
5 1 21 17 47 8 0 3 
6 4 34 41 42 3 6 9 
5 5 24 49 47 1 7 3 
6 5 48 28 64 6 9 7 
0 6 52 65 37 4 5 8 
6 1 23 49 67 8 3 5 
8 7 28 68 34 7 7 2 
8 0 25 54 28 1 6 0 
8 5 39 10 52 8 6 9 
4 1 36 55 58 7 2 5 
7 8 48 114 46 3 1 2 
3 5 16 50 35 0 0 6 
5 2 37 36 78 0 7 0 
4 8 22 38 78 0 6 6 
7 1 29 57 40 4 4 5 
8 4 66 29 21 0 8 4 
0 2 0 44 33 6 7 9 
3 1 40 65 54 3 2 5 
9 5 23 72 47 9 0 7 
0 9 34 22 36 4 0 6 
6 3 31 35 62 3 0 7 
5 8 14 49 51 3 7 7 
7 6 40 66 70 0 2 1 
7 3 24 22 71 3 3 8 
8 1 0 96 59 0 2 8 
9 0 13 10 62 0 7 3 
1 8 16 44 42 8 2 6 
3 1 48 67 29 9 9 5 
5 2 46 57 60 5 3 9 
7 9 32 65 45 4 5 5 
5 3 29 39 64 5 6 0 
9 5 26 93 57 7 4 8 
5 3 9 88 60 4 5 6 
5 6 20 53 46 7 9 9 
0 2 12 31 31 7 1 1 
9 4 64 35 67 6 3 8 
2 6 43 31 44 6 2 8 
6 2 0 54 35 5 7 3 
5 4 38 36 35 6 0 5 
2 2 13 78 78 3 8 8 
0 7 38 47 34 1 7 4 
8 6 43 67 62 1 8 1 
5 4 9 68 69 7 4 8 
9 5 57 40 93 0 2 8 
5 4 8 17 74 7 7 0 
1 5 28 64 71 7 1 3 
0 9 40 24 32 5 2 5 
1 1 44 61 50 4 5 6 
5 4 33 45 44 6 5 2 
3 7 42 64 51 2 0 2 
4 8 47 37 70 1 0 7 
7 8 40 52 56 5 9 8 
6 6 33 47 53 2 7 2 
2 6 0 83 27 7 4 7 
8 1 3 67 102 9 6 5 
8 7 40 12 74 9 0 6 
4 2 26 48 57 4 0 5 
9 1 0 44 79 7 8 2 
4 2 7 27 40 1 5 0 
5 9 88 39 18 7 4 3 
0 7 47 53 39 6 7 6 
0 0 64 33 63 3 0 2 
7 3 27 78 58 2 0 3 
7 6 19 87 17 6 4 6 
4 1 28 60 80 9 2 8 
4 9 30 67 43 9 1 6 
9 2 44 28 46 9 9 3 
4 0 14 30 59 3 5 7 
7 3 48 43 51 4 2 7 
2 1 41 34 50 6 0 1 
8 8 3 80 66 2 5 7 
0 3 53 58 32 6 2 3 
1 1 32 53 72 1 3 1 
1 3 15 41 82 0 1 6 
4 0 4 49 74 1 5 9 
2 6 38 84 75 8 8 1 
4 8 61 78 75 9 6 4 
3 4 3 81 23 7 5 0 
2 3 25 62 41 7 5 6 
4 7 25 19 51 1 2 7 
8 7 47 64 46 2 7 0 
5 4 15 74 58 7 3 6 
6 9 11 30 30 2 0 7 
5 3 69 89 65 9 1 4 
5 2 24 51 42 9 4 8 
3 1 55 72 53 2 4 8 
9 6 58 57 52 8 2 7 
6 3 42 39 48 1 0 7 
9 4 40 83 35 8 2 6 
1 9 3 74 42 9 1 3 
6 9 52 28 40 6 0 7 
9 6 33 45 26 3 8 9 
2 2 0 33 48 7 3 0 
6 3 15 61 25 7 9 9 
7 0 48 69 5 1 2 8 
7 9 64 58 20 5 1 4 
8 7 31 49 17 1 6 5 
3 4 30 68 1 6 6 2 
2 3 5 22 41 6 0 5 
3 0 72 33 71 0 0 8 
7 8 0 37 42 5 3 4 
1 9 8 44 85 2 7 9 
2 5 57 52 67 0 0 5 
6 4 26 68 68 2 9 8 
7 0 30 86 46 1 6 3 
3 7 54 20 66 3 9 9 
5 0 35 66 15 2 9 4 
9 9 11 53 36 8 7 6 
6 5 24 48 61 4 5 6 
4 0 39 38 17 2 3 2 
9 5 19 50 6 3 4 9 
6 1 35 44 17 4 7 2 
9 1 27 56 101 5 5 8 
2 7 44 82 45 5 5 4 
7 7 26 4 33 2 1 2 
9 8 18 79 32 5 1 6 
5 4 54 49 32 6 6 4 
1 7 6 42 41 4 7 3 
6 9 11 67 82 7 3 4 
7 8 5 73 39 5 3 5 
3 9 10 46 44 2 5 3 
4 1 46 83 26 4 0 2 
7 8 54 57 36 3 5 6 
1 2 34 28 32 7 9 5 
0 2 50 70 49 0 0 5 
5 5 25 79 18 4 5 7 
3 7 39 56 49 7 6 5 
6 4 23 78 50 1 7 8 
9 4 0 33 36 1 5 8 
9 4 11 33 54 1 5 3 
1 8 17 92 65 5 8 5 
5 3 33 73 64 9 5 3 
2 1 12 37 70 8 5 5 
5 5 45 54 53 8 6 6 
9 1 49 41 53 1 2 0 
5 8 30 100 55 6 0 6 
8 4 35 71 23 8 3 2 
6 1 0 35 18 0 8 1 
8 8 4 85 46 1 2 5 
3 8 13 45 103 5 9 2 
8 8 33 49 48 3 5 0 
7 6 68 63 49 2 2 8 
5 7 49 57 71 6 1 7 
3 0 64 75 77 0 4 2 
6 5 35 57 38 0 5 5 
4 1 1 64 74 5 2 9 
7 7 30 59 27 5 5 0 
5 7 26 0 49 7 8 8 
1 3 34 37 74 3 4 2 
9 7 13 10 71 1 5 1 
5 2 11 71 36 4 4 7 
9 0 1 50 46 4 2 3 
6 4 38 62 58 6 2 8 
4 3 40 74 66 3 7 1 
5 6 44 35 10 1 4 9 
3 7 46 58 62 4 4 5 
2 5 40 59 47 5 4 2 
4 9 53 60 81 8 3 7 
1 7 8 4 54 0 2 7 
1 3 7 50 62 0 1 8 
0 6 23 71 16 0 1 5 
7 2 29 12 44 5 0 9 
1 9 13 79 42 1 2 7 
2 3 11 95 51 5 8 4 
7 7 31 74 65 6 1 8 
4 2 63 83 79 7 2 5 
8 5 26 61 76 9 7 8 
9 9 33 55 57 9 8 5 
8 5 34 81 57 4 2 1 
3 2 56 21 55 1 5 3 
0 1 36 48 14 9 8 8 
1 1 42 37 40 0 3 0 
4 4 19 33 46 5 6 5 
9 8 28 73 41 6 8 1 
7 2 45 67 39 6 1 7 
6 9 35 26 80 0 4 5 
4 4 29 8 51 7 1 4 
4 8 53 55 59 7 0 3 
8 2 53 73 101 1 0 4 
9 1 59 59 78 9 5 9 
7 4 14 38 39 6 4 4 
0 4 44 47 68 0 6 5 
6 2 44 83 71 4 9 5 
4 8 9 75 65 4 8 1 
7 8 0 42 40 1 5 0 
1 0 60 74 91 6 5 3 
7 9 9 19 1 7 5 3 
6 8 22 73 33 4 4 8 
8 6 34 38 67 7 3 9 
8 1 20 47 39 0 2 5 
4 5 51 35 25 6 5 9 
5 5 39 49 58 8 7 1 
4 4 15 6 38 0 9 7 
4 5 35 48 86 7 0 2 
6 3 40 41 33 4 1 3 
5 1 10 60 23 6 1 5 
1 9 0 32 88 9 9 4 
2 2 68 73 44 8 0 5 
1 8 15 52 37 3 7 3 
0 1 29 36 16 6 2 8 
7 3 60 58 49 3 0 3 
9 8 44 60 27 8 3 8 
8 8 28 40 56 2 8 2 
5 2 42 33 67 7 9 4 
4 8 39 51 53 3 4 0 
1 7 49 47 99 8 4 8 
8 2 57 38 83 9 6 6 
3 6 22 48 26 6 8 9 
7 0 46 42 56 8 9 3 
5 0 2 68 18 6 0 5 
8 1 21 80 60 8 0 1 
3 6 71 59 83 5 8 7 
2 5 34 75 16 4 5 5 
2 4 66 31 34 5 2 6 
1 9 23 59 27 7 1 2 
8 6 5 33 52 5 2 8 
2 8 27 29 71 6 1 6 
6 1 38 34 60 6 8 6 
9 6 32 69 43 8 0 0 
1 1 43 76 35 7 2 3 
2 8 0 54 23 0 2 4 
7 1 41 34 68 4 6 7 
1 8 44 64 14 2 8 7 
5 8 24 58 60 2 0 4 
3 6 39 18 60 0 8 4 
5 2 39 50 31 4 3 6 
1 1 44 26 52 6 2 5 
6 8 51 46 87 0 4 9 
9 9 40 58 10 2 4 9 
7 3 36 37 43 0 1 7 
0 2 30 46 60 9 0 6 
3 5 58 83 38 7 0 8 
2 0 49 31 79 8 5 2 
6 7 0 30 56 2 9 2 
6 6 27 13 1 8 7 1 
3 6 42 66 59 3 5 2 
2 2 18 0 62 4 8 5 
3 5 9 73 46 8 0 6 
4 7 32 14 27 4 7 2 
6 3 18 65 43 7 9 9 
1 7 21 84 59 7 8 7 
7 6 46 33 54 5 9 0 
1 1 58 36 27 7 6 0 
8 2 49 5 67 0 5 2 
7 7 38 5 42 1 4 7 
2 4 28 83 88 4 4 5 
7 8 73 47 44 1 7 6 
4 7 43 47 81 8 9 0 
3 0 28 40 84 3 5 9 
3 0 32 43 39 1 0 5 
2 8 55 74 71 0 0 2 
5 6 34 50 59 9 5 7 
5 1 34 19 9 4 7 6 
1 7 24 50 93 0 4 2 
3 7 44 93 65 6 9 5 
7 7 58 58 52 8 2 8 
1 0 37 43 49 3 9 9 
1 1 37 60 29 1 9 7 
4 2 60 59 62 3 0 6 
3 8 36 65 48 2 0 6 
8 7 30 41 49 0 5 5 
1 3 22 71 25 1 2 6 
4 7 67 62 67 1 2 9 
8 5 48 27 90 0 2 6 
6 8 29 34 30 5 0 0 
9 4 70 59 54 8 6 6 
3 3 27 17 93 6 4 0 
2 2 33 39 51 3 7 4 
5 1 22 24 30 6 2 1 
6 5 39 41 24 9 0 4 
9 3 40 61 52 5 9 4 
7 2 24 62 35 8 9 9 
1 1 26 39 20 6 4 8 
2 9 18 57 51 6 4 5 
8 8 63 38 22 0 2 3 
0 2 28 33 57 7 8 5 
8 5 10 71 35 8 7 2 
8 2 27 91 52 5 7 1 
3 8 41 41 43 9 7 3 
1 2 0 69 56 3 3 3 
8 6 38 48 20 0 1 4 
3 2 40 0 34 4 7 7 
0 2 12 3 22 8 1 3 
5 4 23 63 72 8 2 5 
7 9 3 25 43 5 8 2 
2 3 53 47 50 0 6 0 
3 5 13 46 68 4 6 8 
8 1 18 32 65 6 9 5 
7 8 20 71 70 6 5 9 
7 0 33 31 17 6 6 2 
8 1 28 19 50 0 6 1 
3 5 4 72 38 8 2 8 
0 4 47 32 29 5 1 3 
6 5 29 40 34 1 2 0 
2 2 56 18 60 3 9 6 
9 5 14 21 39 7 6 4 
1 5 56 38 30 4 3 9 
2 6 0 42 45 9 4 0 
1 7 0 57 32 9 6 7 
8 9 31 23 22 7 5 1 
2 3 0 54 27 8 8 4 
5 0 25 76 56 8 4 2 
2 5 49 68 55 1 7 3 
8 3 45 46 43 1 6 6 
4 7 55 58 69 2 7 5 
8 2 20 21 35 8 0 4 
7 0 60 42 66 4 5 1 
6 9 35 74 64 6 0 2 
1 5 63 15 62 2 8 4 
1 0 16 23 55 7 3 2 
4 6 13 27 64 6 5 6 
4 4 10 34 7 6 0 6 
3 4 35 50 12 9 9 5 
2 6 27 42 32 7 8 8 
7 8 39 69 60 3 6 1 
9 8 46 55 58 8 4 1 
7 6 10 45 25 1 9 7 
7 2 30 69 53 4 9 0 
9 3 16 53 19 1 3 1 
2 2 43 26 24 9 1 1 
6 2 61 43 0 3 6 8 
1 6 43 39 52 3 8 0 
4 5 18 35 71 9 0 3 
5 3 51 43 50 6 0 7 
9 1 11 11 29 1 5 9 
5 9 77 53 32 3 6 0 
4 8 31 41 48 0 1 6 
8 8 47 61 54 7 2 6 
6 9 36 17 9 0 0 9 
0 6 12 55 50 3 4 2 
6 6 41 46 37 4 2 5 
7 3 49 60 35 3 2 0 
7 5 34 17 25 1 6 6 
6 2 36 108 44 2 5 9 
9 2 66 74 30 1 8 9 
5 1 54 64 82 3 9 8 
6 2 41 66 43 8 5 4 
8 4 54 62 21 7 4 6 
2 3 14 33 44 5 8 1 
8 5 44 41 33 4 0 7 
0 4 31 84 65 2 4 6 
6 9 59 49 82 2 0 0 
5 6 61 55 53 0 5 0 
1 6 29 50 38 9 0 6 
5 2 63 39 51 3 7 9 
2 8 18 81 53 7 3 6 
0 7 55 61 20 8 6 1 
5 0 39 41 87 5 3 6 
5 5 55 29 17 6 5 1 
6 5 39 26 28 7 8 2 
3 1 40 67 86 1 8 1 
0 7 0 32 38 8 1 6 
0 0 25 26 24 9 2 0 
6 1 53 40 47 1 7 6 
4 9 26 41 20 1 3 4 
0 3 36 36 60 5 5 6 
4 1 5 69 79 8 2 0 
5 6 30 63 65 9 8 7 
8 3 36 70 15 2 1 3 
2 7 69 29 44 7 8 6 
6 2 27 50 26 2 3 9 
7 0 19 41 42 7 0 7 
9 2 56 34 43 7 0 5 
0 5 27 63 36 0 6 4 
4 0 35 27 42 9 8 9 
2 9 31 74 50 8 4 0 
3 0 63 67 44 4 9 0 
2 6 58 61 66 5 1 3 
3 2 8 40 42 3 5 6 
0 7 70 45 45 5 1 6 
7 6 29 69 50 4 2 6 
2 8 51 70 33 9 9 0 
7 9 42 46 53 9 8 3 
2 9 29 58 61 3 1 1 
6 1 35 51 59 4 3 0 
1 4 34 44 65 4 2 8 
0 1 82 57 64 0 4 6 
4 6 6 60 49 5 1 0 
9 1 33 54 61 3 2 9 
7 2 21 61 36 8 0 7 
9 5 47 63 31 7 7 4 
3 4 46 66 17 1 2 6 
8 2 48 24 30 7 2 8 
5 8 12 41 56 3 1 7 
3 0 49 13 52 2 2 0 
4 7 20 49 43 6 0 8 
2 7 0 66 55 5 9 4 
1 2 5 62 54 1 8 2 
5 9 18 35 91 9 8 5 
9 0 29 31 60 3 9 4 
9 2 45 101 37 5 7 4 
6 0 20 44 46 0 9 0 
3 8 18 78 35 7 6 5 
9 1 59 31 55 8 9 4 
4 1 19 58 28 8 1 6 
7 4 49 84 64 5 4 3 
5 2 0 22 18 0 9 0 
1 9 17 52 66 9 9 5 
6 9 51 38 83 3 1 1 
6 3 24 52 38 9 0 4 
3 0 0 32 53 2 5 8 
4 2 47 51 68 0 6 1 
6 0 35 47 85 3 7 9 
9 3 10 73 28 9 4 4 
4 5 23 72 59 6 2 4 
1 2 42 44 46 1 9 1 
5 0 0 31 31 7 5 4 
1 9 48 49 59 5 1 4 
4 6 1 33 64 8 3 2 
7 0 76 57 54 5 7 9 
0 1 36 55 65 5 4 0 
3 3 51 12 77 5 9 0 
2 9 22 60 19 0 5 0 
3 8 51 36 37 1 4 7 
2 6 37 37 60 5 4 6 
1 8 37 12 40 4 0 3 
8 4 25 38 78 6 4 3 
4 4 25 91 77 4 1 0 
3 2 43 54 56 2 6 5 
1 9 19 21 84 4 0 9 
3 6 31 0 39 6 4 4 
1 0 40 63 55 4 6 1 
4 6 15 42 43 7 9 6 
0 3 2 43 56 3 8 9 
0 4 30 41 64 0 0 5 
0 3 51 74 50 9 4 7 
1 5 0 22 69 9 1 3 
4 0 32 50 35 8 0 4 
5 5 0 23 74 4 5 5 
7 6 42 73 37 6 8 9 
3 1 42 38 52 5 4 9 
8 7 10 24 64 4 5 2 
5 6 41 29 61 7 7 9 
5 9 30 44 39 0 0 2 
1 4 29 29 16 8 1 9 
1 2 13 43 110 9 8 4 
6 5 50 58 36 8 7 0 
2 6 13 55 46 0 6 3 
4 1 35 65 61 1 7 7 
0 6 13 78 7 0 0 7 
0 7 44 43 48 2 7 2 
0 0 10 40 60 7 6 1 
1 8 21 78 43 3 3 0 
1 8 9 49 34 9 8 0 
1 5 48 63 59 8 9 9 
6 4 15 66 51 4 9 2 
3 0 0 72 65 7 8 1 
1 1 16 61 57 4 3 3 
2 0 28 72 20 7 0 0 
4 7 17 20 47 9 3 6 
9 4 18 42 48 6 5 1 
8 6 31 76 58 1 5 3 
8 6 35 43 25 2 5 7 
1 6 0 32 36 3 1 1 
4 1 33 34 45 9 9 6 
9 0 43 38 40 1 2 1 
2 7 11 22 56 3 7 4 
8 8 34 83 54 4 2 3 
1 8 29 39 61 1 4 5 
4 2 13 46 68 3 9 5 
0 9 26 48 77 3 6 3 
4 4 26 40 33 3 2 3 
0 9 22 33 26 5 2 5 
9 8 47 35 47 3 3 6 
2 0 32 58 71 4 3 5 
1 4 33 59 58 5 9 1 
4 3 13 82 13 0 4 9 
7 2 60 52 40 3 0 5 
4 3 20 25 79 0 4 9 
5 6 0 61 38 9 1 5 
8 5 33 79 30 2 2 0 
1 0 20 70 1 0 5 0 
8 1 70 47 49 4 8 2 
8 3 27 14 38 9 0 2 
4 9 9 72 71 2 4 5 
9 8 18 45 48 9 0 8 
6 4 13 43 51 9 6 6 
2 6 10 42 42 2 3 7 
7 9 11 74 53 4 6 8 
8 7 34 97 79 1 7 0 
1 0 12 70 67 6 5 5 
3 9 21 51 21 0 1 7 
8 1 62 41 14 9 0 4 
6 2 25 34 66 7 4 1 
9 5 30 24 53 3 1 8 
7 0 19 71 56 6 0 1 
3 0 18 60 81 7 6 6 
0 2 60 53 44 3 3 5 
7 1 51 31 17 4 7 7 
5 7 0 51 74 9 6 8 
8 2 46 58 24 4 1 0 
7 1 18 75 77 5 9 4 
2 4 33 60 8 8 0 9 
8 7 29 51 71 6 4 5 
9 0 38 68 60 5 2 4 
2 8 35 1 15 2 4 2 
0 1 74 64 23 8 4 1 
4 6 13 71 46 7 2 9 
2 0 25 58 31 6 7 6 
4 4 18 54 50 6 0 4 
7 2 80 63 72 5 7 7 
1 6 32 82 13 2 2 4 
1 4 28 26 6 0 6 4 
5 7 25 42 92 6 3 1 
9 9 37 8 82 1 5 1 
4 3 55 27 44 6 8 7 
9 9 28 81 43 6 6 3 
7 9 69 32 28 4 5 3 
7 4 8 23 44 9 9 0 
6 3 25 24 68 8 5 8 
8 6 29 47 20 4 9 8 
4 9 3 23 64 6 8 4 
5 7 21 66 74 4 0 6 
7 9 24 73 25 7 8 9 
8 8 36 48 51 0 0 7 
7 0 48 52 29 1 5 7 
8 2 25 25 52 9 6 8 
3 1 58 33 41 2 7 0 
4 7 62 55 33 0 7 9 
2 0 4 36 56 7 1 9 
7 0 0 45 79 3 4 0 
3 4 44 52 49 8 6 3 
7 9 38 41 64 6 1 8 
1 6 45 28 43 2 2 4 
7 9 34 55 65 9 5 2 
3 6 50 32 63 3 9 2 
1 2 7 76 37 3 0 6 
3 0 35 20 26 2 5 3 
6 0 16 62 68 5 3 1 
3 5 30 48 69 1 9 3 
5 1 44 76 52 6 3 8 
0 6 17 50 40 0 3 0 
9 0 26 34 47 8 5 0 
8 0 31 37 8 3 0 8 
9 8 32 56 37 9 1 0 
4 2 0 58 55 5 4 9 
1 6 19 28 48 0 1 5 
5 2 12 56 88 5 7 6 
1 0 6 60 58 7 6 1 
7 3 5 52 36 8 9 1 
9 7 52 23 35 8 1 4 
9 4 44 53 62 2 8 9 
2 2 35 95 78 9 4 0 
6 5 63 70 32 8 7 6 
0 5 24 19 46 1 3 1 
2 1 24 23 47 7 0 4 
9 5 53 35 29 5 6 5 
8 6 41 54 67 5 2 9 
0 2 46 40 63 0 3 8 
8 8 2 32 59 0 2 7 
1 0 40 79 43 1 8 9 
8 0 3 66 31 3 8 4 
9 7 88 76 70 2 8 1 
7 9 40 43 45 5 7 4 
1 9 49 69 67 9 4 7 
0 3 2 36 49 3 8 7 
1 2 37 42 18 6 9 5 
8 2 36 24 43 6 6 3 
0 5 21 29 73 9 1 3 
2 9 22 43 59 1 9 3 
0 0 1 76 51 6 9 1 
1 1 8 43 61 5 1 1 
7 7 36 29 33 9 6 8 
0 9 1 21 30 4 9 6 
7 7 46 56 38 4 2 9 
5 7 15 78 44 6 0 6 
9 9 30 70 43 1 9 9 
7 7 18 82 58 7 7 2 
6 9 0 64 46 3 0 6 
8 9 64 54 18 8 1 7 
5 9 20 69 52 8 2 7 
6 9 0 20 35 4 4 1 
7 9 35 17 45 6 0 0 
5 9 1 62 55 9 9 4 
7 9 0 34 46 5 0 5 
1 6 48 24 39 0 5 0 
8 4 39 48 43 8 6 5 
6 4 30 31 64 5 7 9 
5 8 50 37 44 7 2 1 
7 1 0 71 32 8 6 6 
0 3 40 7 81 7 3 8 
7 6 7 7 60 5 4 8 
5 7 18 13 67 5 4 9 
5 5 10 18 38 6 2 3 
3 6 32 91 48 2 1 7 
0 0 0 74 41 0 0 2 
0 5 36 56 48 6 3 8 
9 2 0 34 32 0 0 0 
6 5 40 20 84 2 6 9 
3 6 37 65 21 6 7 3 
0 7 43 57 65 4 6 5 
2 0 35 57 86 7 2 0 
0 3 1 33 69 9 1 9 
6 1 0 62 21 1 1 6 
9 9 63 34 42 8 8 3 
7 9 33 44 66 9 8 8 
6 7 41 44 53 1 9 0 
4 9 28 81 41 1 1 5 
6 1 62 66 80 4 4 5 
5 5 45 5 62 3 7 6 
3 8 28 90 48 9 5 2 
3 6 0 61 46 0 5 6 
0 9 8 33 86 2 5 7 
8 8 23 69 15 4 1 0 
6 7 0 14 55 7 7 8 
7 9 21 58 55 9 4 3 
8 1 2 81 46 7 9 9 
3 2 18 36 51 8 0 3 
3 5 3 49 63 7 4 4 
3 0 38 25 43 6 3 0 
4 3 38 17 64 2 1 2 
4 1 42 29 56 8 6 6 
3 0 32 45 44 3 4 7 
4 8 0 39 36 3 8 9 
2 7 11 48 51 6 8 0 
6 8 50 88 20 4 5 1 
6 9 20 61 49 7 9 4 
8 7 6 84 56 6 4 7 
0 4 37 59 60 7 8 7 
4 3 0 86 53 6 7 0 
0 5 8 51 39 2 8 9 
6 5 52 72 41 6 0 3 
7 2 38 79 29 2 3 4 
6 8 0 61 58 5 1 2 
8 1 36 23 44 9 9 0 
9 5 45 36 24 7 1 7 
2 2 43 96 48 8 5 8 
2 3 8 44 68 8 2 6 
8 1 76 52 41 9 3 9 
4 9 14 35 46 5 9 9 
2 3 38 59 33 9 2 2 
5 0 32 63 44 9 6 6 
0 7 32 21 28 0 0 4 
7 1 44 15 25 8 7 6 
5 7 0 39 27 0 7 7 
1 8 0 58 94 9 3 8 
2 5 34 32 31 6 6 6 
8 0 17 59 34 3 5 8 
7 1 34 40 29 5 2 4 
0 1 10 1 45 5 9 0 
8 3 47 64 36 7 6 3 
3 7 17 36 28 4 3 7 
1 9 70 36 38 2 8 8 
9 5 30 18 77 0 7 4 
6 0 48 25 18 4 9 7 
8 2 26 50 74 6 5 4 
5 2 26 52 55 9 0 2 
6 0 40 46 0 3 0 8 
0 7 40 61 29 6 2 2 
3 9 14 48 66 8 7 4 
3 4 20 0 60 0 7 5 
4 3 32 61 51 5 3 9 
1 7 33 28 102 6 7 2 
2 1 29 30 51 4 9 3 
7 7 0 34 56 8 1 7 
2 3 43 57 50 3 5 6 
8 5 30 47 57 9 7 1 
1 7 43 85 38 4 1 0 
0 4 39 9 34 4 8 3 
2 2 47 43 49 4 2 1 
4 0 10 42 55 3 8 7 
0 9 4 32 23 9 0 1 
4 6 0 41 5 7 7 4 
9 9 45 29 61 1 9 6 
8 6 28 56 68 9 0 9 
0 4 27 66 36 5 4 3 
1 3 14 63 66 3 3 9 
2 0 27 24 27 6 7 8 
3 5 33 45 26 7 0 0 
4 8 19 27 77 2 8 0 
8 5 59 5 47 3 9 8 
3 6 61 71 77 1 7 2 
0 8 57 64 16 1 1 8 
2 4 60 60 65 1 1 9 
8 5 42 45 66 7 6 3 
5 8 41 53 32 7 9 4 
4 7 24 49 20 8 4 9 
2 8 0 51 56 3 6 9 
8 8 82 83 57 3 7 4 
2 5 50 46 21 7 9 3 
7 7 21 35 47 6 3 4 
0 6 49 63 81 8 7 8 
1 6 28 69 5 3 9 7 
9 0 32 73 62 3 2 7 
2 2 58 29 49 3 2 4 
1 9 83 58 23 9 4 4 
7 8 2 47 43 7 1 8 
1 9 23 21 37 6 3 0 
5 4 15 29 56 1 1 5 
3 3 33 34 75 8 9 9 
9 2 33 24 17 7 5 2 
4 6 29 56 54 5 2 3 
8 8 47 45 33 9 2 3 
8 5 31 22 46 8 4 6 
0 3 27 40 7 5 9 5 
1 0 49 54 76 7 9 8 
7 3 23 59 6 9 7 5 
3 4 20 33 55 8 7 9 
8 3 22 1 10 5 2 6 
5 1 25 66 45 2 1 4 
5 0 20 11 25 8 9 3 
4 2 13 49 56 9 4 3 
6 1 40 66 37 2 0 0 
6 3 13 67 59 8 3 9 
2 4 52 91 30 7 8 2 
5 7 11 45 33 3 4 5 
3 3 8 51 36 2 4 9 
3 7 23 52 20 3 6 7 
6 0 20 81 30 8 3 6 
2 9 42 58 45 4 2 8 
7 2 40 47 28 9 1 3 
0 3 16 49 45 6 8 5 
9 7 26 72 67 9 6 6 
7 0 21 71 36 6 1 4 
7 9 61 61 41 7 7 9 
6 9 0 55 47 6 9 8 
1 9 63 75 70 0 4 6 
7 4 57 62 66 7 9 9 
0 5 37 61 33 9 3 4 
6 0 43 65 82 1 8 3 
3 9 51 28 34 6 6 9 
6 9 20 61 62 7 4 2 
4 2 19 59 53 7 9 0 
8 0 2 53 35 7 3 0 
1 8 0 9 66 4 7 8 
3 9 52 44 69 5 2 6 
6 7 54 48 36 8 7 0 
4 8 27 52 62 8 6 3 
5 4 26 58 46 8 2 7 
6 9 27 54 42 3 5 5 
7 8 0 74 55 4 6 0 
3 8 13 65 51 8 3 7 
4 8 24 58 42 4 6 8 
2 6 0 73 37 5 2 1 
3 4 0 44 50 7 6 9 
7 7 36 52 43 7 5 2 
0 7 40 38 70 5 4 0 
0 6 20 102 37 1 1 3 
8 7 45 47 64 0 9 4 
9 1 11 64 39 3 9 2 
8 8 38 46 28 0 5 8 
8 4 10 55 61 2 8 3 
9 6 48 33 52 9 1 6 
9 4 47 65 14 4 8 8 
9 9 22 91 38 1 0 5 
8 6 17 59 45 7 4 3 
5 3 46 27 43 8 3 3 
3 3 56 79 59 6 5 9 
8 3 64 63 52 2 4 6 
8 7 6 75 62 6 7 2 
6 3 28 72 70 6 2 0 
0 8 22 43 29 8 7 7 
5 2 9 36 25 3 1 4 
6 9 0 81 40 1 2 4 
5 5 22 51 61 2 7 0 
4 7 64 40 76 3 1 3 
2 4 0 32 64 5 7 4 
5 8 32 23 40 8 7 0 
6 6 25 52 66 8 5 9 
0 8 5 38 20 9 1 0 
5 5 32 0 71 2 2 2 
5 2 53 2 35 5 3 1 
6 2 37 80 25 9 9 9 
2 4 14 40 69 2 3 3 
3 7 26 58 74 7 3 5 
7 3 58 57 29 5 0 7 
2 4 37 40 39 8 9 0 
5 8 39 51 37 2 4 1 
5 9 0 50 67 5 1 0 
7 5 43 72 85 3 0 0 
3 0 68 39 79 4 6 8 
5 3 39 52 12 5 3 8 
6 8 71 79 77 4 6 0 
0 6 24 52 85 1 7 3 
4 9 66 67 52 0 3 6 
1 2 25 54 51 3 1 5 
8 2 17 45 73 6 5 7 
7 4 20 43 33 8 4 8 
0 6 12 64 27 3 7 5 
6 7 45 33 76 9 2 0 
9 0 55 28 43 2 9 2 
2 8 19 18 75 0 7 9 
6 2 33 43 31 8 1 7 
3 2 22 75 50 2 8 1 
8 0 17 86 45 4 3 3 
0 7 64 56 32 8 4 9 
6 9 55 2 49 7 0 3 
1 3 0 63 62 9 9 6 
9 8 0 24 98 3 1 5 
7 0 45 69 64 7 3 1 
1 4 51 56 82 8 9 0 
9 2 46 59 71 0 2 6 
3 2 10 61 18 4 9 8 
6 8 24 58 18 8 5 3 
8 9 16 18 57 6 8 9 
0 0 16 67 32 9 5 4 
0 6 40 42 43 0 3 8 
9 0 32 63 20 8 6 3 
9 8 35 57 43 1 5 4 
2 7 54 59 48 3 0 1 
2 9 45 73 48 6 1 5 
2 3 83 56 58 8 3 4 
8 8 30 51 58 3 8 5 
4 5 43 73 70 5 7 7 
0 5 43 46 62 5 1 7 
0 0 28 41 45 1 4 0 
5 1 0 55 66 9 2 3 
6 9 57 70 41 7 2 3 
9 2 23 39 28 4 2 4 
3 0 47 46 22 6 2 0 
5 0 7 40 73 3 4 9 
0 3 26 43 27 2 5 9 
2 7 24 62 65 5 5 0 
4 7 31 29 31 8 8 3 
3 0 42 37 45 9 9 2 
2 8 12 49 35 9 4 0 
9 8 53 51 51 7 4 4 
4 8 0 33 90 2 6 1 
3 6 38 80 37 3 5 0 
9 4 15 63 25 2 6 1 
4 3 17 23 38 3 7 2 
5 8 23 45 26 8 0 8 
2 4 43 51 31 7 0 5 
6 1 20 73 15 3 8 0 
7 5 31 40 50 3 0 4 
7 4 24 44 35 8 3 4 
3 8 8 51 76 8 6 2 
7 0 37 60 30 6 2 5 
6 1 25 36 38 4 2 4 
2 3 56 73 43 3 4 3 
3 2 28 65 44 0 1 8 
8 3 32 47 26 2 1 7 
4 8 1 71 41 1 2 9 
0 7 46 48 70 7 3 2 
4 0 18 40 67 0 7 7 
1 1 4 63 63 5 9 0 
9 1 25 19 10 8 4 1 
5 1 5 7 48 0 0 7 
3 6 7 20 43 6 1 5 
4 0 73 56 41 5 0 0 
8 9 0 81 62 1 6 4 
9 6 42 46 44 5 5 9 
6 6 14 40 67 4 4 8 
7 6 9 85 60 8 2 5 
1 4 33 30 45 3 5 4 
4 1 30 29 29 5 7 2 
4 1 8 57 64 9 0 7 
7 0 59 84 25 2 9 8 
1 4 7 53 48 9 3 5 
0 0 41 53 69 9 6 2 
9 4 33 38 38 0 7 9 
0 7 5 39 29 0 7 6 
7 3 70 47 38 8 8 6 
4 3 43 43 54 8 4 4 
4 1 0 62 59 7 3 4 
5 0 8 73 45 5 2 7 
0 5 34 66 41 1 6 6 
9 0 62 65 25 6 6 0 
6 9 0 25 62 8 4 6 
3 2 56 44 65 3 1 6 
6 6 38 52 59 9 1 2 
9 1 48 58 39 0 3 5 
6 6 0 52 34 2 7 9 
2 9 30 58 45 1 1 5 
9 6 9 55 17 3 9 0 
3 2 58 51 64 0 8 5 
3 4 43 7 37 0 6 7 
3 2 31 48 25 3 7 9 
4 9 15 43 48 9 6 2 
6 0 35 34 93 7 2 6 
9 1 44 46 74 3 1 1 
2 1 35 47 66 3 2 8 
8 7 67 61 11 5 9 8 
6 1 33 85 0 8 8 0 
5 6 55 80 26 3 9 9 
1 8 57 14 51 2 6 8 
1 6 38 78 51 7 5 9 
3 1 52 51 42 2 5 8 
7 6 74 20 33 1 7 1 
0 0 9 35 34 1 9 0 
9 7 11 28 49 5 3 6 
9 3 44 32 78 4 5 4 
4 3 0 10 31 7 3 3 
0 0 45 60 74 5 0 6 
8 6 8 46 29 3 4 5 
2 3 9 18 45 7 7 9 
3 4 17 76 66 1 3 5 
9 1 56 33 106 3 3 5 
9 0 32 50 48 9 6 8 
4 1 0 39 73 9 4 1 
5 5 35 39 56 9 1 4 
2 8 51 37 41 5 2 5 
1 8 10 52 51 7 7 4 
0 5 3 28 58 5 8 9 
9 0 5 56 32 2 5 7 
8 6 33 38 42 7 8 5 
3 7 27 48 30 1 7 4 
0 8 18 11 31 8 0 8 
5 5 31 29 53 9 0 9 
4 3 20 45 42 6 9 4 
3 3 22 81 76 5 9 9 
1 8 34 79 49 8 9 3 
7 2 21 64 61 0 3 7 
4 0 47 55 64 5 0 6 
1 5 56 55 49 5 4 0 
8 7 22 17 56 8 6 3 
3 9 67 48 47 7 7 3 
1 6 27 49 47 4 7 0 
0 3 20 72 52 8 8 7 
8 1 24 31 51 5 7 7 
1 1 43 49 71 2 9 5 
1 7 37 81 71 6 4 2 
5 5 12 54 37 8 3 1 
4 6 32 62 71 9 1 5 
2 7 4 36 12 5 3 9 
9 9 40 65 46 6 2 5 
0 2 26 28 21 1 2 0 
2 0 7 80 56 5 4 0 
3 5 13 59 44 8 9 8 
5 1 20 55 66 6 3 2 
8 0 15 4 19 7 1 1 
3 9 0 57 69 5 1 4 
9 4 34 54 35 5 5 2 
9 7 31 57 47 8 2 5 
3 6 33 66 34 5 2 9 
6 9 56 30 21 3 8 6 
0 6 16 69 47 5 5 7 
3 3 19 41 69 1 5 6 
4 3 19 21 44 4 0 3 
7 9 3 81 59 1 7 0 
1 8 16 51 47 1 6 9 
7 0 30 72 44 4 3 3 
6 1 44 70 61 7 9 6 
2 8 11 32 51 5 1 0 
3 3 22 55 66 2 4 6 
0 2 64 80 40 8 5 0 
6 2 41 75 29 4 3 5 
5 2 34 37 55 0 3 5 
4 0 48 35 57 0 7 8 
5 5 23 70 19 7 9 6 
9 1 29 38 49 4 6 6 
5 0 40 74 36 3 4 1 
8 2 50 46 56 7 6 0 
9 0 67 30 16 6 6 1 
4 8 24 47 32 2 9 0 
9 6 15 68 50 7 0 1 
5 7 12 38 51 0 7 1 
5 9 17 43 35 0 0 5 
9 4 31 45 74 5 9 6 
9 3 3 59 41 4 7 7 
1 0 35 68 67 9 9 7 
8 6 45 55 57 3 4 5 
5 3 13 19 66 4 8 4 
4 0 6 5 49 5 4 9 
2 0 21 49 14 9 8 5 
6 8 50 73 60 4 1 8 
2 3 18 98 77 1 8 5 
5 5 11 41 59 9 1 9 
7 3 61 35 60 9 6 0 
5 5 3 57 53 3 5 8 
5 5 24 8 63 1 7 0 
2 6 34 62 73 8 0 3 
5 0 29 19 16 0 7 9 
0 5 35 45 41 5 6 7 
4 8 33 70 40 4 8 5 
3 7 66 45 62 9 5 2 
2 0 43 85 40 6 8 1 
5 6 23 40 39 8 9 1 
5 2 62 19 38 9 9 1 
8 4 55 47 34 7 4 1 
2 7 39 39 46 3 1 2 
5 9 0 13 58 3 6 2 
6 6 36 58 61 5 5 0 
5 3 32 46 35 0 5 4 
8 0 9 35 48 0 3 9 
8 5 69 40 3 0 9 9 
5 5 33 46 44 3 6 2 
9 6 34 18 68 8 8 4 
4 0 37 44 53 2 1 7 
3 1 13 68 48 7 2 8 
5 5 16 47 64 0 2 6 
1 6 14 43 49 4 4 1 
8 9 9 49 106 8 4 7 
4 4 33 10 37 1 0 0 
5 5 0 42 30 6 6 5 
3 0 41 39 69 7 1 6 
7 0 22 6 65 1 1 5 
5 0 38 52 51 4 2 0 
1 1 34 62 79 1 0 5 
9 5 23 55 43 1 5 0 
0 8 11 67 120 6 7 1 
7 5 18 43 56 9 5 2 
5 0 20 90 71 9 3 7 
7 1 15 35 76 9 9 1 
8 0 21 25 33 6 7 6 
9 2 36 17 35 6 1 6 
4 8 26 60 57 1 0 7 
8 1 49 24 38 8 7 8 
6 2 18 58 43 4 4 6 
6 4 46 50 36 5 1 4 
3 8 24 49 51 0 1 8 
7 0 4 84 33 0 8 4 
0 5 52 65 53 7 9 6 
1 4 0 65 29 3 7 8 
8 6 52 48 65 1 7 2 
0 9 40 21 20 7 0 1 
3 1 0 58 5 4 1 1 
5 9 28 33 50 4 1 0 
3 4 13 54 50 2 5 8 
2 8 60 68 37 1 5 8 
3 0 9 29 41 2 7 8 
3 5 85 40 80 1 5 5 
5 3 5 14 47 7 1 2 
5 7 0 36 67 0 1 5 
3 8 8 36 57 1 3 4 
0 1 27 47 59 8 6 4 
7 1 24 46 33 1 8 4 
9 6 53 62 47 6 6 8 
8 6 33 38 51 7 3 3 
2 1 63 45 53 5 5 6 
9 4 18 20 62 1 7 6 
8 3 51 59 63 1 8 2 
3 2 0 88 57 8 9 1 
1 6 0 44 15 3 3 6 
8 1 27 77 26 4 2 4 
0 4 14 70 63 9 4 5 
3 7 45 64 78 5 6 9 
8 9 20 29 55 9 6 7 
7 5 3 62 43 7 4 6 
5 5 40 32 33 1 1 7 
4 9 47 38 25 3 0 1 
0 3 15 79 40 0 7 8 
7 6 58 69 59 8 1 3 
3 9 57 46 77 1 7 3 
4 8 28 70 86 1 8 7 
4 3 41 55 33 0 5 4 
6 7 35 74 56 3 9 0 
8 9 25 63 87 5 7 7 
8 7 36 65 16 4 7 6 
4 1 11 69 70 1 1 0 
2 6 47 22 57 8 8 8 
9 9 75 33 49 9 5 7 
5 2 22 40 70 5 6 2 
4 9 24 21 84 6 0 2 
1 6 22 46 53 7 1 6 
2 0 7 59 36 2 3 9 
9 1 60 55 66 3 2 8 
7 1 6 55 49 9 2 8 
1 8 28 30 13 9 8 8 
3 9 46 40 30 1 2 1 
6 9 65 12 17 9 4 2 
3 3 12 43 43 1 0 0 
5 0 59 28 63 5 8 3 
3 1 0 76 52 0 6 5 
1 4 58 27 68 1 2 7 
0 9 72 46 37 8 3 6 
4 7 32 44 67 9 2 9 
3 1 41 30 51 3 3 6 
3 5 20 39 85 3 0 5 
2 8 69 26 57 0 0 1 
1 1 39 36 11 6 1 2 
0 2 32 48 75 4 5 3 
4 2 13 81 86 9 7 3 
7 7 33 48 44 7 0 7 
9 3 44 52 50 8 4 3 
4 1 65 80 61 3 7 8 
4 2 26 15 25 4 1 4 
0 0 0 69 26 1 7 7 
7 3 18 80 54 2 0 4 
6 1 34 43 44 4 5 7 
3 6 17 0 37 2 3 0 
7 1 53 32 48 0 7 4 
6 8 9 51 54 1 1 1 
4 1 39 9 31 7 7 7 
0 6 25 50 78 6 6 5 
0 1 26 29 43 7 2 4 
5 1 2 36 26 3 3 2 
3 1 22 61 58 4 7 8 
9 1 11 51 41 8 9 4 
4 8 40 30 39 7 2 3 
1 5 55 57 92 0 5 0 
6 6 38 73 51 6 4 6 
2 7 15 40 93 5 3 3 
5 0 35 29 77 3 2 7 
0 2 7 29 65 8 8 2 
9 1 38 48 27 4 9 8 
8 2 54 11 65 5 3 7 
8 9 63 46 50 2 9 1 
1 7 17 76 51 4 8 6 
6 9 32 29 59 9 9 8 
8 7 27 63 40 0 7 0 
3 7 29 37 73 4 8 7 
5 4 46 49 47 5 4 5 
0 5 41 25 55 0 6 4 
9 3 71 33 34 1 0 2 
7 2 44 59 44 4 8 2 
6 0 68 17 64 8 1 5 
2 5 24 50 28 9 8 8 
0 7 44 52 46 8 7 6 
2 5 0 90 66 1 9 7 
3 9 14 76 86 5 1 9 
3 4 41 57 50 4 2 3 
7 3 27 34 51 7 6 2 
6 0 53 62 49 1 7 9 
3 7 41 73 39 9 3 7 
4 1 42 47 73 1 9 5 
4 5 21 62 40 1 8 3 
2 5 15 47 59 0 3 9 
1 3 0 50 45 2 6 8 
3 7 53 42 102 2 9 2 
6 6 0 43 75 2 2 3 
5 9 29 33 53 2 4 5 
6 7 25 34 49 3 4 3 
7 9 12 27 49 0 2 0 
8 5 7 38 68 3 7 9 
4 8 53 33 45 3 3 4 
8 4 18 77 26 1 9 2 
8 6 20 48 61 8 3 8 
4 0 21 81 47 6 5 3 
8 9 14 57 65 4 3 9 
5 2 14 57 50 8 7 8 
8 0 14 49 82 2 9 9 
9 5 3 82 40 3 8 8 
4 6 19 74 41 3 3 4 
7 5 38 46 50 7 8 7 
0 0 29 56 84 6 5 2 
3 3 25 73 22 2 5 1 
0 1 46 46 36 0 8 3 
0 7 49 18 58 1 3 3 
3 2 12 51 54 6 4 9 
0 7 33 67 30 3 3 4 
2 4 37 72 24 7 7 3 
3 5 12 61 44 8 1 2 
1 3 0 2 44 8 0 4 
2 9 39 0 37 3 0 7 
3 5 56 44 11 4 9 6 
4 4 21 83 23 7 5 1 
8 7 33 73 64 3 6 6 
1 8 18 20 45 1 2 9 
1 2 32 31 36 3 3 0 
0 2 32 59 38 8 9 8 
9 1 16 35 48 1 6 7 
2 6 18 38 69 6 4 5 
9 5 16 35 39 0 9 2 
5 2 5 66 59 7 1 0 
7 7 25 19 11 6 0 6 
6 1 0 56 45 2 4 2 
5 0 21 61 47 1 1 4 
7 5 41 53 13 4 3 9 
3 9 33 54 55 4 3 7 
3 1 47 20 63 7 5 5 
9 8 65 66 65 9 4 7 
4 4 4 59 52 9 0 5 
5 4 6 27 31 3 0 8 
1 3 29 49 34 5 6 8 
3 8 4 27 45 1 8 1 
9 7 16 21 8 9 1 4 
4 8 48 63 49 2 9 2 
9 0 4 56 52 2 5 8 
2 5 21 67 40 1 7 9 
2 4 18 33 73 5 5 2 
2 0 25 43 38 3 1 4 
0 7 46 33 59 0 8 3 
5 2 8 61 48 5 2 8 
7 3 33 50 43 2 2 4 
7 0 38 21 54 2 3 6 
3 0 60 54 48 1 4 3 
3 7 34 75 43 7 8 9 
5 5 34 11 37 4 1 9 
1 4 21 51 10 7 6 8 
1 8 33 72 39 1 5 3 
1 3 49 49 31 3 4 9 
4 3 53 38 52 7 2 9 
5 9 8 47 39 2 8 0 
4 1 25 37 81 9 5 4 
7 8 46 36 40 0 3 4 
2 8 34 65 30 3 4 7 
7 2 24 35 26 5 8 3 
0 8 2 31 49 3 8 1 
9 6 3 58 46 9 7 6 
7 7 63 16 12 2 3 2 
0 2 3 72 58 1 1 8 
7 9 33 46 58 3 3 4 
2 8 49 48 73 9 5 2 
1 1 36 69 37 6 4 1 
6 8 58 31 46 2 7 4 
9 0 6 54 66 4 6 2 
3 1 45 36 40 3 4 1 
1 4 17 36 57 9 9 2 
8 8 50 65 44 4 1 4 
6 2 22 57 58 9 1 8 
7 9 20 66 46 2 0 9 
2 6 0 21 42 8 7 5 
7 5 0 33 17 4 5 7 
5 9 47 36 92 2 1 8 
6 3 30 61 21 4 8 9 
8 3 4 22 41 0 3 4 
0 7 23 42 70 2 8 3 
1 6 23 52 46 8 6 5 
0 9 33 30 54 4 4 6 
4 5 40 63 53 3 7 6 
9 4 32 49 51 5 4 7 
2 0 25 20 82 1 2 5 
9 5 39 59 73 2 1 0 
2 7 41 50 46 2 6 0 
9 3 34 50 54 5 4 9 
1 1 25 47 49 7 8 5 
0 3 47 75 62 4 7 7 
6 3 61 56 55 9 1 7 
2 8 45 40 24 4 7 9 
8 3 33 28 21 8 7 3 
6 5 48 61 75 3 8 2 
0 0 9 48 28 5 9 9 
2 3 32 25 77 0 1 0 
8 5 51 22 33 9 8 1 
8 7 20 57 28 1 9 4 
5 2 26 45 38 9 8 9 
3 5 46 42 20 6 9 5 
1 1 52 33 74 2 0 1 
3 4 54 35 70 0 8 2 
8 7 37 37 35 5 5 4 
9 4 7 25 79 3 2 2 
8 9 28 37 37 7 7 8 
8 2 15 58 69 3 4 8 
5 8 29 83 21 0 2 5 
7 6 40 43 58 5 4 2 
0 6 25 38 25 1 8 0 
0 7 57 58 39 5 8 5 
1 2 21 43 56 3 7 3 
0 6 31 10 60 8 3 1 
2 1 32 60 77 7 2 5 
1 7 34 32 10 5 9 6 
6 8 54 67 71 3 5 8 
7 2 0 82 40 6 7 1 
0 6 42 51 7 9 3 7 
7 5 56 75 56 4 7 3 
5 7 21 37 40 0 9 2 
6 0 32 76 34 3 1 5 
2 6 20 35 21 7 3 5 
5 5 7 105 96 6 2 1 
6 4 16 49 58 4 7 9 
5 5 22 31 45 1 7 0 
8 7 0 21 73 4 6 3 
1 2 0 47 65 7 3 3 
7 5 60 31 35 0 2 1 
7 1 70 84 45 4 4 3 
3 9 16 46 65 9 6 4 
6 6 16 50 56 4 4 5 
5 0 0 54 29 9 1 7 
6 2 36 76 46 0 2 0 
9 3 21 51 44 6 0 3 
3 5 42 70 59 2 2 3 
1 5 0 13 47 3 2 0 
6 6 25 22 20 2 8 0 
9 5 23 28 31 3 8 8 
5 0 38 60 45 2 9 8 
4 9 0 51 42 8 2 2 
6 5 38 85 85 7 3 6 
2 9 54 72 47 1 8 4 
2 9 0 19 76 4 5 0 
6 3 14 61 61 5 8 7 
8 6 32 58 49 8 4 8 
4 5 11 42 59 5 0 0 
1 4 0 57 69 4 1 4 
6 7 54 60 53 1 9 6 
1 6 50 46 59 1 2 7 
0 7 27 73 17 6 0 7 
8 0 16 83 17 1 3 1 
1 7 0 52 90 7 7 3 
2 4 0 43 68 4 4 4 
9 8 35 24 35 5 3 2 
7 5 36 45 33 9 1 9 
7 3 26 53 46 8 6 8 
6 2 10 20 34 9 2 2 
1 1 31 92 36 8 9 7 
5 6 42 54 57 6 1 0 
4 7 0 82 24 8 4 5 
2 2 32 51 79 2 7 5 
8 2 34 22 57 9 7 9 
1 3 72 25 46 2 4 3 
3 2 28 44 48 6 6 0 
5 3 52 0 57 0 4 9 
5 4 17 57 47 7 0 3 
7 0 12 63 59 2 0 0 
9 4 51 44 35 0 5 0 
4 9 43 61 53 5 1 0 
4 8 0 63 20 5 8 8 
8 4 26 107 47 2 0 6 
3 5 36 67 66 0 7 6 
0 8 48 48 36 3 2 8 
4 9 38 63 67 8 7 3 
3 6 0 68 53 7 5 6 
0 9 44 56 10 0 0 8 
5 4 51 68 51 5 4 3 
6 2 81 43 54 0 2 3 
0 5 32 43 23 8 3 1 
8 7 29 26 43 3 3 4 
4 3 25 58 16 0 5 7 
9 1 9 25 22 1 8 9 
5 1 28 36 57 1 9 1 
3 6 29 58 45 1 9 4 
1 2 60 63 76 5 9 0 
5 5 36 65 31 7 0 4 
6 9 15 75 66 4 3 3 
4 4 26 80 26 4 0 0 
0 0 33 74 24 5 6 2 
4 3 56 71 45 6 9 4 
1 4 34 54 44 5 3 2 
1 7 44 59 7 5 3 7 
0 6 38 64 1 6 8 4 
5 3 19 57 79 1 9 5 
6 4 24 48 31 5 8 4 
0 3 53 39 40 5 9 7 
0 2 45 58 77 4 5 6 
7 8 24 30 76 0 0 9 
3 6 25 49 60 8 8 8 
6 2 16 76 45 5 3 3 
8 2 2 58 44 8 3 5 
1 0 60 49 39 4 1 3 
0 9 40 92 42 5 7 9 
8 6 46 48 60 4 4 5 
6 2 66 62 31 3 1 0 
6 3 40 49 54 9 2 4 
4 2 62 65 64 1 8 9 
8 2 45 17 55 1 5 7 
8 1 44 43 50 2 6 1 
8 2 18 52 52 7 9 8 
9 4 59 74 43 3 3 2 
9 9 38 37 70 4 7 5 
2 4 41 47 41 6 2 4 
9 1 38 0 0 8 6 8 
3 5 40 49 67 8 7 0 
4 3 25 54 49 6 9 1 
9 1 47 16 28 9 7 9 
9 6 45 72 30 2 9 0 
3 1 15 4 68 7 4 7 
2 4 17 40 55 4 3 8 
4 6 47 71 39 0 5 9 
5 4 29 44 47 1 1 0 
6 3 0 16 59 8 3 3 
1 4 5 65 34 1 3 0 
5 4 60 45 33 6 3 9 
6 6 47 24 67 0 8 8 
6 6 30 73 22 0 0 2 
9 9 49 0 45 1 9 2 
9 6 10 28 51 7 9 4 
5 2 3 34 69 6 4 2 
8 7 0 50 53 9 2 3 
1 5 30 33 59 3 1 7 
8 9 25 52 45 0 3 2 
0 1 20 75 31 4 7 3 
3 6 56 68 68 6 2 1 
6 5 20 55 39 7 8 2 
3 5 24 33 43 9 0 6 
8 2 19 54 51 6 0 4 
1 0 6 69 52 2 1 9 
8 3 0 65 58 7 1 9 
2 2 0 16 46 6 0 8 
4 8 29 37 55 1 3 5 
7 2 34 43 71 4 4 8 
1 2 51 41 24 9 1 9 
7 4 43 51 29 1 8 5 
7 5 18 50 30 0 8 2 
6 5 41 18 22 2 0 5 
8 2 33 46 28 6 9 1 
7 8 27 94 55 3 6 1 
0 2 61 38 29 6 8 4 
9 1 27 40 21 4 3 4 
4 6 19 20 71 0 4 2 
6 4 33 56 68 9 5 5 
7 0 52 38 41 6 2 6 
7 4 34 27 53 1 3 0 
9 5 7 63 53 9 2 6 
2 8 64 45 63 6 2 4 
0 4 14 72 47 4 8 4 
0 7 21 30 46 4 1 6 
6 6 38 42 61 7 6 0 
7 8 11 32 66 0 9 4 
2 2 12 58 50 3 6 7 
7 0 0 51 44 0 9 3 
5 7 39 14 23 4 6 8 
7 7 41 68 91 1 7 5 
