8 4500
1 5 62 0 110 8 7 1 
4 7 29 67 29 6 2 3 
2 8 21 76 42 4 1 2 
6 2 31 55 38 3 7 0 
2 2 24 46 45 5 7 5 
8 6 54 74 6 7 4 6 
6 3 40 45 58 5 9 3 
0 4 35 79 36 9 5 6 
6 2 35 13 27 5 3 7 
3 5 74 24 24 7 8 8 
1 8 0 88 62 3 3 5 
4 9 12 57 43 6 4 7 
7 5 4 14 35 7 3 5 
3 6 31 50 39 6 0 5 
8 2 33 53 72 0 8 4 
4 7 54 83 52 5 1 3 
4 3 0 47 39 2 4 9 
3 4 5 43 70 4 5 6 
8 3 55 51 40 7 0 6 
6 9 38 49 66 7 4 6 
4 4 8 75 17 9 5 5 
6 6 29 52 49 0 3 2 
4 5 22 59 50 8 3 9 
3 4 22 37 45 8 8 3 
1 8 39 34 42 4 6 0 
4 5 24 56 80 4 9 5 
2 9 52 70 11 1 6 5 
6 9 42 83 48 2 5 9 
0 7 16 40 36 7 9 2 
0 5 3 69 29 2 0 2 
1 7 18 36 60 0 0 7 
4 2 49 63 39 2 0 9 
7 0 44 76 53 2 1 5 
4 4 39 63 7 0 0 0 
2 7 59 61 75 3 6 5 
6 5 58 50 54 2 8 8 
4 2 32 49 26 5 8 4 
2 2 0 57 11 4 3 9 
7 6 29 66 65 0 6 2 
4 3 27 78 28 2 2 3 
4 6 31 38 66 5 4 1 
3 6 30 58 80 0 7 4 
0 6 45 22 55 1 6 0 
8 6 37 51 52 6 6 8 
7 8 37 50 52 7 7 5 
2 5 52 20 76 2 2 5 
0 4 50 52 34 7 2 3 
3 3 37 29 55 0 3 5 
4 9 49 58 46 2 5 3 
1 9 69 64 63 4 4 9 
4 7 28 28 31 9 9 3 
8 6 59 41 67 5 5 5 
3 7 24 39 71 8 0 0 
4 2 37 45 62 1 5 2 
9 1 45 58 9 6 1 9 
3 0 47 94 55 4 0 0 
7 9 4 50 50 8 4 2 
6 1 8 54 45 1 7 7 
2 6 1 92 61 0 3 4 
4 8 21 31 73 8 6 3 
7 2 35 51 39 9 9 9 
3 6 53 29 50 8 2 6 
4 2 36 58 21 5 3 3 
3 9 18 72 75 3 0 6 
0 7 25 55 33 7 6 8 
6 7 27 20 54 2 0 8 
5 7 34 78 39 1 4 5 
2 4 41 46 66 3 6 1 
4 2 49 55 40 0 6 9 
5 4 8 16 49 4 6 8 
9 6 32 41 51 0 1 9 
2 5 23 82 72 0 7 3 
4 1 3 47 65 0 3 0 
2 8 51 29 49 6 0 2 
7 5 39 26 15 5 4 8 
2 4 31 22 15 7 0 6 
9 0 12 25 43 2 0 8 
4 1 31 43 18 4 3 2 
1 9 30 32 63 4 8 6 
1 9 20 37 44 3 9 4 
0 8 0 10 45 1 1 1 
3 7 68 70 64 1 9 9 
0 8 0 36 53 3 4 3 
4 9 36 43 47 9 8 7 
5 7 17 41 39 2 4 6 
3 7 44 5 14 6 9 7 
2 7 68 49 53 6 9 5 
2 5 10 26 59 2 3 9 
2 9 8 70 24 9 8 7 
1 6 23 29 82 0 9 5 
3 5 11 21 38 0 0 8 
6 6 31 45 55 9 7 0 
4 9 44 46 57 6 3 6 
2 7 31 50 42 5 1 9 
1 5 39 90 69 6 1 7 
0 0 8 8 26 3 1 0 
8 6 17 38 0 2 4 8 
3 5 8 24 35 4 7 8 
4 2 34 47 45 8 7 0 
1 9 28 40 39 3 5 1 
5 3 37 15 78 2 6 0 
2 2 40 63 36 5 7 3 
9 3 28 57 41 6 9 8 
6 2 0 75 36 6 8 7 
7 2 14 42 68 0 3 2 
3 9 20 54 41 2 2 1 
2 9 34 8 45 9 9 2 
1 7 42 26 34 8 1 6 
9 4 54 30 80 8 2 9 
7 6 15 30 16 8 5 4 
3 9 0 58 59 6 7 6 
1 7 14 70 50 1 0 4 
7 9 27 81 25 9 7 7 
0 4 53 31 60 7 6 4 
3 7 50 96 45 8 8 2 
5 5 13 87 59 4 0 7 
5 8 7 41 33 6 6 3 
7 5 40 37 29 5 2 5 
7 3 35 56 42 4 7 5 
3 5 57 51 27 2 9 2 
2 3 0 66 45 6 0 1 
5 7 45 55 30 2 9 4 
8 0 42 29 77 5 7 0 
3 2 0 53 34 8 3 9 
5 2 25 53 46 3 7 5 
6 6 16 43 51 7 7 3 
4 1 49 12 36 5 3 5 
2 7 56 68 21 0 9 4 
0 2 35 48 48 8 4 2 
9 2 7 54 82 1 9 1 
5 9 48 57 68 0 0 5 
1 8 35 34 36 8 7 3 
1 6 18 43 42 0 0 3 
1 4 41 50 74 6 0 0 
0 2 16 52 64 0 4 6 
4 1 46 68 60 8 7 7 
0 9 0 31 37 5 4 0 
9 5 6 53 53 2 0 9 
4 4 22 64 48 6 1 4 
1 0 26 0 37 1 4 5 
9 8 47 63 59 1 2 9 
6 2 13 47 45 7 6 7 
3 0 30 46 38 4 5 8 
4 9 49 25 51 7 7 6 
0 8 20 74 55 8 3 8 
4 8 33 29 53 1 1 2 
9 6 24 18 67 3 4 1 
8 1 32 41 64 6 8 4 
1 6 39 36 12 5 5 9 
1 9 61 84 46 9 0 6 
3 7 14 34 23 5 2 7 
0 1 26 50 24 7 0 4 
5 8 21 68 22 0 5 7 
2 6 21 61 62 0 4 2 
8 4 18 53 37 9 6 2 
7 3 24 51 47 8 1 7 
9 8 32 83 72 1 7 9 
4 9 42 39 42 2 5 7 
1 2 0 65 50 4 9 8 
1 0 27 78 103 9 8 3 
8 1 0 95 44 6 1 9 
0 5 81 58 83 3 1 4 
1 1 66 65 77 6 7 1 
4 3 17 53 35 0 4 8 
0 2 15 66 68 4 5 7 
9 3 33 76 47 0 8 6 
2 5 24 59 13 1 8 4 
5 6 54 27 83 2 3 7 
8 9 42 39 55 3 5 6 
7 1 6 30 28 2 0 5 
2 0 48 33 61 0 0 9 
1 9 16 63 74 0 6 9 
9 4 38 52 75 7 8 9 
5 7 27 78 50 0 8 3 
9 6 11 107 42 5 7 4 
2 9 29 75 27 5 8 8 
4 8 38 49 31 7 8 3 
4 0 24 42 59 1 9 4 
1 5 24 45 68 7 6 0 
9 9 15 27 61 5 3 7 
4 7 17 39 33 4 8 5 
4 7 39 49 98 5 7 8 
0 1 29 45 54 8 8 0 
8 0 35 72 42 2 1 2 
0 6 54 43 26 0 0 3 
8 0 63 54 59 9 9 7 
5 0 50 25 28 4 8 3 
2 0 43 69 45 8 0 7 
1 1 0 89 60 7 4 2 
0 1 7 72 50 7 8 0 
5 7 36 48 69 1 1 0 
7 5 11 61 62 5 7 0 
9 4 23 51 61 5 9 0 
1 7 32 36 56 4 4 6 
0 8 1 28 55 7 9 1 
9 2 22 59 51 3 0 2 
6 2 24 34 22 7 3 1 
0 4 36 51 49 8 1 3 
3 4 41 80 52 0 0 5 
4 9 52 63 63 2 0 0 
3 2 3 26 51 9 6 8 
9 2 28 72 33 3 1 5 
7 4 45 23 71 9 9 7 
2 0 38 40 68 1 2 3 
6 2 45 35 42 1 9 0 
1 7 49 49 58 7 2 3 
8 0 71 59 56 4 8 7 
5 1 2 18 74 0 9 7 
9 3 8 54 35 3 3 8 
8 7 47 54 50 2 3 3 
6 0 0 29 49 6 0 8 
3 6 0 38 86 7 1 1 
9 1 22 61 43 7 4 0 
8 7 33 28 26 1 4 3 
0 7 64 77 52 1 2 8 
8 8 24 12 48 4 7 2 
8 1 40 61 18 9 3 0 
8 5 13 102 48 0 6 1 
1 7 0 66 40 4 0 5 
4 1 44 44 14 1 0 3 
5 9 18 44 57 6 6 7 
0 0 48 28 83 7 5 5 
9 2 22 50 17 4 4 1 
2 0 25 43 69 6 2 3 
7 9 7 76 0 4 6 6 
5 2 30 57 34 4 6 0 
8 1 48 53 64 1 6 5 
6 5 30 81 46 0 6 1 
1 0 1 39 76 7 2 5 
2 4 41 23 61 0 3 0 
2 7 21 37 16 2 9 0 
3 7 36 97 26 7 4 5 
5 7 43 53 60 2 5 0 
8 6 43 68 31 1 4 7 
5 4 32 40 40 3 2 4 
6 0 20 45 61 3 2 8 
6 6 0 37 38 0 5 6 
8 2 3 26 74 8 2 9 
0 0 33 59 21 2 9 0 
9 2 33 22 72 4 3 9 
8 3 27 43 0 5 9 4 
3 1 55 53 21 8 8 0 
7 6 34 62 37 9 2 2 
9 0 22 41 19 5 6 0 
0 7 5 45 13 0 0 7 
7 9 56 66 54 2 7 5 
6 2 50 47 55 5 0 1 
2 7 56 31 83 9 3 7 
5 0 39 42 55 4 4 1 
9 3 21 80 43 0 9 9 
0 3 40 31 42 5 8 4 
3 4 21 60 68 9 9 3 
6 7 7 40 26 9 8 2 
4 9 57 4 36 7 7 4 
5 1 27 61 55 2 6 5 
6 7 35 46 53 6 3 6 
9 3 36 26 63 8 0 0 
8 0 34 22 57 6 7 1 
5 9 55 68 39 9 2 2 
8 3 50 13 42 8 9 7 
1 6 20 29 51 3 9 3 
6 1 34 38 39 0 5 2 
9 8 22 58 81 1 9 7 
2 2 47 22 78 5 7 0 
5 2 3 0 46 1 3 1 
6 2 61 36 0 1 7 0 
0 7 52 57 54 1 2 4 
9 7 50 39 15 0 1 2 
6 1 18 74 50 1 1 4 
3 8 30 36 43 5 5 7 
1 6 29 46 49 2 9 7 
3 8 37 58 49 2 6 5 
0 6 14 31 71 0 5 3 
0 2 36 66 47 3 9 6 
4 7 40 35 76 9 6 0 
7 2 39 31 66 9 8 6 
0 1 0 84 14 6 5 3 
9 1 38 35 36 2 7 8 
4 4 19 27 43 0 8 2 
7 9 20 90 34 9 2 4 
7 7 0 60 46 3 3 1 
6 1 55 35 71 6 0 0 
8 2 19 74 68 5 7 1 
0 2 71 50 60 3 3 7 
4 6 42 7 45 5 7 9 
7 4 34 56 70 9 1 6 
6 3 25 51 63 3 6 1 
5 7 36 90 30 3 3 0 
2 3 64 74 38 5 6 3 
0 5 29 40 63 6 5 2 
6 9 0 100 47 7 2 0 
7 2 26 33 51 1 2 7 
5 8 35 45 86 4 3 0 
9 0 35 39 59 4 0 1 
1 6 27 24 14 0 3 6 
2 4 13 49 15 0 9 6 
2 2 6 22 92 2 8 5 
2 7 40 58 51 4 9 1 
4 4 17 64 70 1 8 4 
6 1 39 26 5 5 2 7 
6 9 6 17 45 8 5 6 
6 8 41 78 37 0 4 4 
2 8 41 17 65 0 7 9 
2 3 23 85 64 9 1 6 
9 2 5 58 38 8 1 8 
4 5 43 69 32 8 4 1 
7 9 56 1 54 1 9 2 
2 8 57 23 71 5 7 3 
2 3 42 60 83 3 3 3 
0 2 21 14 46 4 2 1 
4 6 62 67 17 2 3 7 
8 2 37 5 29 6 5 2 
6 2 6 33 92 3 0 0 
9 5 28 53 50 9 0 6 
5 5 16 28 46 5 9 2 
2 8 39 61 9 9 8 0 
2 9 41 19 26 1 5 0 
2 4 21 13 52 5 7 2 
7 6 1 47 41 4 7 5 
4 6 22 19 43 9 0 6 
3 0 17 33 20 7 9 6 
8 4 53 68 9 4 1 7 
5 5 19 73 34 0 9 4 
5 4 38 62 38 6 1 4 
3 7 36 34 66 5 0 9 
9 0 18 30 8 7 4 6 
6 1 17 53 46 2 7 4 
0 2 27 36 98 6 1 6 
4 1 59 38 64 1 8 3 
8 9 14 49 53 1 6 6 
0 7 39 14 66 6 4 2 
8 8 35 84 37 9 6 3 
8 9 15 51 42 3 0 3 
0 6 18 46 55 6 5 7 
7 1 30 88 54 5 1 7 
5 6 50 23 96 8 4 7 
1 8 0 24 42 0 6 0 
6 2 35 50 76 7 5 1 
2 9 39 42 68 3 7 3 
3 4 24 23 55 6 1 1 
3 9 0 37 28 4 5 9 
4 2 34 34 69 4 1 8 
3 2 45 20 1 5 3 5 
4 4 33 42 34 8 5 3 
2 5 66 71 55 3 1 0 
4 2 15 32 58 6 7 9 
2 9 15 74 28 5 3 4 
8 5 52 57 60 7 0 6 
7 0 13 26 23 6 1 8 
8 0 30 66 44 3 5 4 
0 5 56 62 52 4 9 9 
4 5 23 19 49 3 1 2 
3 6 15 25 20 6 8 5 
1 7 9 32 38 1 7 5 
6 3 0 67 75 6 0 4 
7 4 18 50 64 2 0 8 
6 2 26 26 53 8 9 9 
8 8 28 81 54 8 6 3 
7 3 37 91 36 2 3 8 
0 2 59 71 19 2 8 7 
2 1 0 0 69 9 4 7 
3 5 49 54 31 0 6 6 
2 7 35 61 35 4 3 7 
7 2 17 45 88 0 3 1 
3 6 3 64 62 2 3 4 
9 7 6 86 38 2 7 9 
8 1 45 48 45 3 9 0 
9 6 34 58 87 1 4 8 
6 6 24 65 32 5 0 6 
5 1 48 58 47 3 4 0 
9 4 34 59 60 0 6 1 
8 5 34 70 43 8 2 0 
6 0 21 47 83 0 5 6 
2 4 32 22 44 6 3 5 
9 9 43 80 65 9 8 6 
3 7 38 61 34 5 3 2 
1 1 0 63 46 3 0 6 
5 7 48 34 71 9 1 3 
4 3 19 58 80 0 2 1 
8 6 8 55 64 0 6 9 
2 8 56 64 36 3 7 5 
9 3 15 18 62 4 4 5 
0 5 16 47 21 0 3 3 
2 2 12 28 18 0 8 3 
2 5 29 36 53 0 1 2 
7 3 57 80 46 9 3 1 
2 0 37 58 65 7 0 2 
4 8 14 70 33 9 1 5 
9 4 31 33 67 7 8 6 
9 3 8 27 63 1 0 8 
5 8 21 51 28 2 7 4 
8 7 4 55 26 7 2 5 
7 9 42 0 73 5 6 1 
8 6 39 72 27 1 0 7 
7 1 3 23 62 4 7 2 
8 0 23 0 30 2 0 3 
2 5 22 32 53 5 2 4 
6 2 20 40 57 1 8 5 
0 8 19 43 43 7 2 3 
4 6 7 62 33 0 2 4 
2 9 26 47 25 4 0 9 
4 2 6 56 8 3 3 3 
2 4 76 59 62 4 6 6 
8 7 39 52 31 8 7 0 
6 3 46 33 43 8 2 2 
9 5 26 50 29 2 7 4 
6 8 32 31 57 9 4 2 
8 3 47 43 72 8 2 6 
2 9 5 32 63 6 5 9 
7 6 6 41 45 6 9 9 
3 5 60 61 51 7 1 8 
1 9 21 19 63 9 0 5 
4 1 0 43 65 4 0 7 
5 2 17 77 102 2 8 4 
0 0 30 49 35 0 1 2 
8 9 36 36 56 1 8 6 
7 9 68 83 36 1 4 3 
4 8 36 80 87 1 7 6 
6 0 13 47 53 0 9 9 
9 8 24 46 30 4 0 1 
1 6 34 58 29 8 9 5 
6 4 15 58 23 5 1 6 
3 6 72 75 60 3 3 4 
1 1 43 59 56 0 9 3 
3 5 39 67 33 2 5 6 
3 3 29 48 56 1 8 1 
1 0 10 66 55 9 4 8 
0 2 38 60 73 4 6 8 
5 4 9 54 46 4 2 6 
8 4 9 48 38 3 0 3 
9 6 54 18 59 7 2 2 
4 2 65 48 22 8 6 4 
8 9 62 70 5 8 9 8 
8 3 1 25 28 5 9 8 
2 5 29 37 26 4 4 8 
2 1 16 56 19 6 7 7 
5 0 6 40 73 6 2 5 
5 4 0 27 88 2 2 9 
0 3 16 67 85 8 0 4 
9 5 32 49 55 9 4 5 
7 3 19 63 32 0 0 5 
5 2 24 63 42 7 6 0 
2 3 30 55 48 9 2 1 
0 7 34 42 40 9 0 6 
5 8 43 86 64 2 1 8 
7 6 53 63 56 1 2 3 
6 5 46 101 54 4 6 1 
2 0 22 29 10 3 9 0 
8 7 49 86 65 9 2 8 
9 3 34 43 31 3 2 7 
9 0 42 52 57 7 9 8 
3 4 44 51 56 7 5 0 
7 6 16 62 82 4 6 3 
4 5 22 72 58 2 9 7 
7 1 24 51 44 6 2 4 
7 0 9 20 24 9 7 1 
3 8 0 71 70 8 8 1 
0 7 38 29 59 2 8 8 
5 5 12 35 46 9 8 6 
4 9 8 72 79 8 0 0 
4 0 50 32 59 2 9 7 
8 9 45 39 40 3 5 0 
3 5 48 58 76 5 8 7 
7 6 19 38 77 6 5 8 
6 5 23 45 90 8 5 1 
8 9 43 23 42 9 3 3 
2 0 53 53 69 5 3 3 
2 3 15 48 55 0 1 8 
6 8 0 73 63 1 8 6 
6 8 45 36 52 7 6 5 
6 0 14 64 43 8 4 0 
5 5 39 47 30 5 5 2 
1 5 62 66 73 3 5 7 
4 6 31 60 28 6 2 5 
0 3 16 38 46 9 0 6 
0 5 16 25 47 1 9 1 
6 8 13 19 72 1 5 4 
2 5 21 71 37 4 4 5 
8 4 15 68 59 5 6 6 
7 6 28 36 56 5 6 7 
0 3 37 60 82 7 7 6 
6 9 41 53 26 7 4 7 
1 4 15 107 40 4 8 0 
3 3 13 71 35 4 0 5 
8 1 36 42 50 3 2 5 
7 6 45 19 76 1 1 9 
2 9 4 37 28 5 5 4 
9 3 0 65 20 8 7 4 
9 4 7 43 48 0 1 6 
6 1 9 46 54 4 5 4 
9 1 5 76 40 9 8 3 
2 3 10 35 62 6 8 5 
9 4 32 38 43 2 5 2 
9 5 13 9 42 8 1 3 
6 5 53 60 55 7 7 8 
2 7 16 40 54 6 5 8 
4 6 21 77 19 8 4 4 
1 9 20 49 68 1 3 5 
0 3 27 43 43 2 9 3 
9 1 38 74 74 8 0 5 
4 9 21 21 66 8 7 6 
0 7 53 33 32 8 3 5 
2 0 25 25 76 8 3 1 
5 3 42 70 68 6 0 5 
7 9 68 37 68 7 9 3 
7 0 28 10 45 3 0 4 
4 7 46 57 37 1 4 8 
1 0 70 74 67 5 8 2 
8 2 66 81 52 4 0 4 
8 8 52 52 29 7 2 2 
0 4 35 17 52 8 2 2 
5 9 37 51 62 8 4 5 
4 2 78 79 54 3 0 9 
3 5 35 47 25 2 2 4 
5 1 29 39 41 6 0 6 
7 5 13 85 29 1 1 0 
4 7 0 40 31 4 3 9 
6 9 16 64 43 7 2 3 
6 2 46 78 33 7 0 6 
8 6 24 40 39 2 8 5 
2 0 25 55 70 5 6 1 
5 9 49 72 78 1 6 7 
5 6 38 46 44 1 4 3 
0 2 56 34 69 3 2 3 
4 6 0 59 52 5 0 3 
8 7 58 63 29 3 6 6 
6 0 22 33 52 4 4 0 
9 3 30 62 69 7 6 8 
5 8 12 43 47 0 5 9 
0 0 15 51 43 3 7 3 
0 8 50 0 38 1 5 1 
9 3 0 54 41 7 3 7 
5 9 58 33 58 6 1 7 
5 2 33 54 36 6 5 2 
6 0 27 75 23 8 4 7 
8 2 52 53 34 9 7 2 
9 8 18 0 61 9 9 5 
4 7 48 69 24 9 3 0 
9 9 38 61 14 1 1 7 
8 8 19 20 19 7 3 4 
0 7 39 47 85 8 2 3 
1 8 18 23 87 3 0 1 
9 8 48 61 81 6 3 7 
8 1 49 71 60 1 7 6 
3 2 30 46 69 5 1 7 
0 9 0 34 49 7 9 3 
4 6 27 68 37 3 3 0 
0 8 25 24 66 6 6 6 
9 0 27 30 14 2 3 0 
5 4 50 35 55 6 8 2 
9 3 22 34 61 8 8 4 
9 8 52 36 30 4 2 9 
8 7 36 48 78 5 3 9 
2 5 54 88 75 7 2 5 
0 3 34 50 46 8 2 4 
5 0 27 26 47 7 0 4 
6 1 11 62 42 4 4 4 
1 8 18 64 53 1 6 5 
4 0 61 49 78 7 0 8 
5 9 38 36 52 0 8 6 
4 4 25 54 61 4 0 6 
0 3 24 64 24 7 4 2 
1 0 29 78 65 2 5 1 
0 6 11 38 38 8 5 3 
8 2 27 63 45 3 6 6 
6 7 27 49 28 6 7 6 
0 2 27 90 69 1 6 1 
5 7 42 60 27 8 5 6 
5 9 41 58 41 8 1 0 
0 3 26 96 23 9 9 1 
9 9 37 25 59 9 7 3 
1 5 15 44 0 5 8 1 
2 1 38 45 38 0 5 2 
1 0 28 42 54 2 7 3 
0 1 0 34 79 0 3 6 
5 3 54 38 41 1 9 1 
1 0 24 69 36 6 4 4 
9 1 55 67 57 6 1 8 
7 3 27 43 82 5 0 1 
3 5 27 43 45 7 4 0 
0 0 39 66 37 1 5 8 
6 5 51 25 65 0 9 2 
1 8 7 24 17 6 8 3 
9 8 28 33 70 7 8 8 
5 7 20 59 22 0 8 5 
1 9 36 56 76 6 8 9 
4 2 46 36 62 1 6 2 
4 5 11 14 59 0 6 7 
9 6 46 49 11 3 5 8 
8 6 52 59 82 1 7 2 
4 8 45 51 95 7 5 8 
8 8 54 62 46 4 2 1 
5 2 35 26 51 7 6 4 
5 8 38 66 20 3 0 2 
4 3 32 21 73 1 8 7 
3 3 57 21 54 9 6 3 
6 9 30 23 40 5 3 3 
9 2 9 50 51 8 5 6 
8 6 20 50 22 9 0 5 
1 1 27 26 23 9 7 7 
0 7 6 53 22 3 6 1 
6 2 16 42 68 3 4 2 
1 5 35 37 70 7 0 3 
0 4 10 0 40 5 6 0 
8 3 7 38 40 0 5 3 
5 2 15 21 62 3 6 1 
6 1 50 17 38 7 7 3 
6 6 0 83 85 1 3 5 
6 1 36 59 9 1 5 6 
3 6 61 44 16 9 1 9 
6 7 25 62 36 5 0 2 
1 9 31 72 56 4 5 4 
9 2 37 66 49 5 1 3 
0 4 56 58 30 9 8 2 
6 8 23 75 66 5 4 9 
5 9 36 39 92 3 7 1 
5 5 38 74 82 3 4 8 
3 5 7 58 43 3 2 2 
3 8 13 74 36 8 2 9 
8 5 17 24 49 4 3 6 
9 4 42 29 74 2 6 5 
3 5 23 65 99 0 6 8 
2 4 53 49 71 9 8 7 
8 4 32 41 59 5 5 5 
5 4 25 35 59 5 3 8 
3 3 25 20 26 3 1 9 
9 8 30 37 47 7 7 1 
7 0 18 57 56 0 2 3 
9 6 38 51 68 5 4 3 
0 4 0 52 83 4 9 0 
8 0 38 67 60 2 0 5 
7 7 46 0 68 8 9 7 
9 3 28 40 75 0 3 3 
1 3 22 72 15 8 0 0 
0 5 65 45 40 0 7 1 
1 7 51 20 63 9 5 5 
3 6 28 51 60 0 2 5 
3 9 14 17 34 2 4 0 
3 1 43 60 27 5 6 6 
9 5 33 49 30 0 8 8 
8 6 12 58 65 3 8 3 
3 1 47 37 16 7 9 5 
3 6 60 71 25 0 4 9 
6 6 21 25 43 8 1 0 
6 0 34 37 12 9 8 5 
7 8 35 78 51 0 8 3 
0 2 43 58 35 1 8 9 
1 4 23 54 36 3 0 8 
1 2 31 80 54 1 1 8 
7 7 23 33 75 7 5 3 
3 1 25 27 44 4 4 2 
3 0 38 40 49 7 1 3 
9 4 37 62 38 5 6 9 
3 0 37 65 1 6 5 6 
1 3 77 35 67 1 9 1 
0 5 37 53 64 8 7 9 
6 6 7 10 86 1 0 5 
0 4 51 72 23 4 6 5 
5 6 22 41 53 3 0 7 
8 7 11 91 61 9 4 1 
3 0 18 39 48 4 5 0 
3 4 0 75 64 3 9 4 
1 7 29 25 36 4 8 6 
9 3 54 47 65 3 4 6 
3 2 50 61 66 2 5 4 
3 1 0 61 41 3 5 5 
4 1 42 22 36 9 5 7 
9 0 7 33 36 5 5 9 
3 8 1 82 41 2 8 3 
3 4 50 47 37 2 4 1 
7 6 42 36 49 7 4 0 
6 5 36 73 64 6 6 6 
4 2 34 39 49 9 4 8 
7 3 30 36 50 3 9 9 
5 1 0 23 34 0 5 6 
3 6 27 64 34 7 2 4 
6 8 24 77 101 5 8 6 
0 9 42 57 49 2 8 9 
9 8 66 34 40 6 9 5 
9 2 31 68 37 9 5 8 
4 4 33 29 100 0 2 2 
4 4 65 53 14 0 9 3 
1 6 27 26 46 0 8 7 
6 3 50 37 25 2 1 5 
6 4 27 77 30 5 9 7 
6 4 31 44 12 0 9 8 
6 0 34 70 33 8 6 9 
6 0 47 45 37 9 7 3 
3 4 54 72 0 2 3 4 
7 8 35 10 66 1 8 8 
9 2 31 48 68 5 0 0 
7 8 43 31 67 4 0 7 
6 6 17 49 19 2 7 7 
0 4 28 67 20 4 3 7 
3 2 40 63 46 6 7 8 
8 1 60 27 64 4 0 0 
0 4 43 42 54 6 2 9 
8 6 27 60 50 0 7 0 
5 4 47 5 64 0 1 8 
2 1 21 79 37 6 1 0 
2 8 54 19 64 0 2 2 
3 6 44 55 25 3 0 3 
7 0 46 70 32 0 3 2 
4 7 36 56 85 8 9 9 
0 4 15 49 41 3 7 1 
7 3 37 34 54 5 6 9 
9 7 8 48 27 8 7 1 
9 7 47 80 75 1 4 5 
0 0 92 67 62 9 4 9 
0 4 20 29 50 4 8 7 
2 6 1 37 46 4 7 8 
8 8 51 19 80 1 7 4 
9 1 29 0 48 2 5 2 
2 5 0 35 60 4 5 8 
0 5 47 19 21 4 6 6 
1 5 26 60 34 9 0 4 
0 9 18 46 83 1 0 6 
9 2 20 68 43 1 3 0 
3 5 7 33 70 9 0 1 
7 0 46 49 49 7 5 8 
6 0 14 27 58 9 5 7 
2 4 23 45 40 9 8 5 
1 2 14 27 50 7 6 5 
8 1 2 70 26 5 1 8 
3 7 16 72 48 0 6 6 
3 8 1 54 39 0 2 3 
2 4 27 62 47 6 9 8 
8 5 69 50 41 0 9 4 
6 7 40 12 77 5 2 4 
4 8 69 85 59 2 0 4 
6 5 24 21 61 1 3 3 
3 5 0 67 34 3 5 8 
0 7 50 40 62 4 3 7 
8 2 27 62 55 1 8 6 
3 7 55 49 44 0 9 1 
2 6 27 40 62 5 6 1 
8 5 24 44 65 6 5 2 
5 5 41 25 56 4 4 1 
6 2 64 53 44 5 6 1 
0 7 1 40 47 9 8 1 
2 5 1 31 57 9 3 8 
1 1 0 53 72 3 1 6 
8 4 29 68 47 5 8 9 
0 2 69 55 51 7 8 6 
4 8 24 68 38 2 0 8 
6 7 8 59 28 9 8 1 
1 3 28 57 34 0 7 4 
7 3 23 42 69 2 9 1 
5 7 74 27 73 0 1 2 
3 7 0 45 13 2 5 0 
6 5 24 70 49 1 1 4 
7 3 19 33 15 6 7 3 
9 6 60 17 86 7 9 3 
3 8 10 91 17 7 7 8 
9 4 69 22 53 3 7 4 
4 9 35 58 38 0 7 1 
6 1 0 57 41 9 2 0 
0 5 49 38 75 1 6 0 
7 1 30 59 27 5 4 2 
9 7 60 50 61 4 7 8 
4 4 26 67 59 9 7 1 
2 3 3 50 33 4 1 2 
2 3 56 45 79 0 3 1 
8 5 56 72 35 0 5 0 
0 8 59 10 34 8 2 5 
2 6 15 3 35 9 5 5 
7 9 0 45 40 2 8 4 
7 1 3 63 9 4 7 0 
2 7 10 86 60 1 4 0 
2 7 39 74 46 4 9 7 
7 3 17 52 50 3 4 8 
5 7 34 62 35 5 1 9 
6 0 26 32 23 9 3 7 
5 0 38 68 76 1 0 1 
6 6 34 39 30 3 0 8 
2 8 40 58 20 4 4 9 
1 7 58 75 17 5 6 5 
0 1 44 33 54 1 7 3 
7 8 41 26 54 4 8 4 
3 3 36 68 15 8 0 2 
1 9 39 56 31 4 2 5 
0 8 50 69 38 0 5 9 
5 0 10 45 45 8 9 3 
2 8 9 28 52 2 6 5 
5 9 39 39 49 3 7 3 
1 0 26 55 0 5 5 7 
7 6 5 36 84 5 9 0 
4 2 24 20 46 0 2 0 
2 2 32 19 57 3 0 6 
5 5 53 67 19 7 8 0 
9 3 15 25 68 3 4 8 
1 1 16 39 37 0 7 3 
0 6 24 91 36 4 5 8 
4 5 54 69 86 9 2 1 
5 1 23 65 34 6 0 7 
4 3 53 49 51 5 2 1 
9 1 38 84 56 8 2 6 
4 4 46 30 44 3 7 4 
5 3 30 52 68 7 3 9 
9 8 37 67 21 7 1 1 
9 2 0 30 63 7 6 8 
9 6 31 54 62 9 7 0 
5 2 11 9 48 1 8 0 
6 4 0 62 39 1 1 8 
9 9 37 22 72 2 4 5 
9 5 0 22 72 7 1 8 
4 5 32 65 62 1 6 5 
5 9 22 66 47 2 5 4 
9 5 22 69 64 6 5 2 
0 3 16 57 85 0 4 4 
4 0 45 67 86 0 3 8 
2 7 7 59 51 6 2 8 
8 7 11 32 39 4 8 6 
1 0 12 62 15 2 2 1 
8 7 21 21 74 6 7 4 
2 4 38 35 44 3 8 3 
0 8 30 52 43 7 9 7 
8 2 2 73 48 0 9 9 
4 7 13 103 86 4 5 7 
4 1 25 75 36 9 2 6 
6 4 37 48 77 4 9 9 
8 5 37 61 31 0 3 1 
9 0 34 64 28 6 4 2 
5 7 9 74 50 1 0 2 
1 8 16 73 40 5 7 0 
0 2 22 62 52 4 1 0 
4 8 5 56 41 6 7 2 
7 3 34 77 32 5 3 2 
1 1 15 52 31 2 1 9 
7 1 2 48 25 9 4 0 
3 7 40 21 31 1 6 5 
0 4 17 52 71 0 0 2 
0 7 17 47 44 1 3 1 
8 6 36 8 40 4 5 1 
3 8 14 59 0 4 2 1 
9 2 56 76 61 7 6 5 
1 9 29 48 18 0 1 4 
1 0 0 38 43 6 5 7 
8 9 60 67 30 3 3 7 
0 0 34 42 68 4 8 0 
7 1 1 39 76 0 5 4 
8 0 66 69 49 2 6 9 
4 8 33 50 29 5 7 8 
4 8 14 3 67 8 9 9 
4 8 55 57 57 4 5 6 
1 7 0 55 57 0 3 0 
2 7 32 42 59 3 1 4 
0 6 18 59 45 0 9 3 
6 5 35 53 48 2 6 2 
4 7 28 63 52 6 8 6 
2 2 32 40 27 0 1 5 
7 9 44 57 63 3 4 9 
2 5 36 42 73 9 8 6 
8 4 28 29 11 2 3 9 
7 7 8 52 55 5 4 6 
3 0 38 54 26 6 3 9 
1 9 20 67 25 4 6 2 
8 1 19 20 72 5 2 6 
6 0 0 33 57 6 6 1 
3 7 24 43 57 4 6 6 
2 1 14 59 84 1 7 7 
4 3 58 42 73 3 2 9 
9 0 64 65 48 1 5 8 
7 8 19 54 50 1 5 8 
1 2 30 42 33 6 5 8 
6 7 49 70 41 5 2 5 
2 4 0 43 44 6 4 7 
9 5 53 14 68 2 8 7 
1 9 28 1 29 6 8 5 
9 1 47 37 11 4 6 4 
8 2 0 17 66 5 1 3 
4 3 42 62 60 8 1 4 
4 4 12 37 36 4 0 3 
1 7 5 51 15 3 8 6 
4 1 67 41 89 9 2 4 
6 0 47 13 32 0 9 3 
4 4 32 18 69 3 8 1 
8 2 25 47 69 7 8 3 
9 7 50 21 37 0 8 3 
5 7 25 39 75 7 8 1 
8 3 3 68 42 7 9 4 
0 8 22 25 69 6 9 0 
0 9 15 44 46 8 1 5 
5 5 39 48 33 6 5 1 
0 9 48 45 67 7 2 9 
4 4 7 36 31 7 2 7 
9 3 22 58 46 9 9 9 
1 4 3 67 56 4 5 3 
8 5 0 51 37 9 9 2 
8 7 16 66 46 5 9 8 
6 6 18 51 74 0 3 5 
9 0 15 63 60 7 5 1 
0 9 25 38 16 7 0 2 
4 2 73 43 14 8 0 1 
2 0 0 35 72 3 8 0 
7 7 60 15 69 5 7 0 
3 9 29 43 39 8 1 3 
5 1 13 82 74 5 2 8 
2 3 37 56 53 0 2 3 
4 1 37 46 91 1 3 1 
9 5 14 72 48 2 2 0 
0 9 31 44 0 0 1 9 
1 1 86 70 94 2 5 2 
6 6 13 29 11 6 7 9 
5 7 1 54 72 3 2 7 
6 7 65 33 48 3 1 0 
9 9 19 87 57 5 7 8 
8 8 41 61 33 1 9 8 
2 4 57 73 60 6 0 3 
8 5 26 60 44 0 4 7 
8 7 41 46 66 2 4 6 
4 9 27 91 43 3 5 3 
6 1 28 28 33 3 3 0 
1 4 39 36 37 6 8 8 
4 9 61 37 47 6 0 6 
1 9 49 67 76 5 7 4 
4 3 14 41 23 2 8 0 
7 9 30 19 44 4 8 2 
9 4 28 59 25 4 7 5 
9 5 43 52 50 8 5 7 
2 6 46 65 53 1 4 2 
0 7 39 37 46 6 0 7 
5 7 5 9 36 7 7 3 
2 4 25 82 89 7 4 7 
9 6 15 50 43 0 8 0 
2 6 26 24 89 2 9 3 
7 7 72 64 34 1 6 0 
6 1 27 63 53 9 3 9 
0 1 32 72 57 8 4 5 
6 3 70 20 48 7 0 8 
0 8 58 87 30 6 3 7 
6 2 27 26 72 1 5 1 
7 0 16 47 49 1 0 3 
8 6 20 53 57 0 1 1 
0 1 67 55 44 7 7 8 
5 5 26 25 54 5 3 2 
0 3 7 48 45 5 2 5 
9 4 14 75 52 4 7 8 
8 7 0 55 43 1 0 9 
3 3 11 51 59 1 7 8 
0 1 40 56 21 6 1 7 
4 9 14 48 25 3 0 1 
1 7 36 44 80 3 2 6 
8 9 33 78 106 3 0 2 
6 2 25 36 53 6 7 7 
2 5 10 25 49 1 4 2 
1 9 46 40 47 1 5 2 
5 9 33 43 13 8 8 6 
3 6 27 20 56 5 5 1 
2 8 26 62 49 1 0 9 
4 0 1 45 53 7 1 3 
6 2 42 51 47 3 1 9 
4 2 43 31 59 1 0 0 
4 1 25 44 72 5 9 6 
4 5 67 76 60 3 7 7 
1 0 19 21 35 0 4 8 
6 9 34 39 14 0 7 1 
2 6 14 22 45 2 7 2 
9 6 35 29 36 7 7 7 
5 3 55 72 46 5 0 6 
5 5 78 70 83 2 4 8 
9 1 48 43 55 6 9 8 
4 4 29 66 42 6 5 5 
1 4 26 60 59 6 1 9 
1 8 10 48 74 7 6 8 
4 0 9 46 92 8 9 0 
9 4 32 82 28 5 1 4 
7 1 5 66 29 0 9 2 
6 5 34 90 78 0 3 0 
6 9 45 30 29 3 6 0 
7 8 27 41 38 0 0 7 
8 3 34 48 21 7 2 5 
9 6 0 56 29 2 2 5 
8 5 59 27 43 0 2 2 
9 8 0 40 60 7 5 6 
6 8 23 35 40 4 7 1 
7 9 0 53 48 1 4 3 
6 4 41 51 62 2 0 7 
0 2 67 38 62 4 8 8 
8 5 33 32 40 2 7 0 
2 8 61 42 59 8 0 1 
3 4 46 55 38 7 0 4 
2 4 28 74 49 5 7 5 
5 1 40 33 20 9 6 6 
4 2 30 80 29 0 0 3 
8 5 14 34 45 3 4 3 
2 4 34 73 47 3 3 0 
4 0 3 30 11 3 8 3 
2 8 43 33 45 2 3 5 
9 8 64 54 13 5 3 3 
2 6 17 61 54 1 9 4 
9 7 57 20 40 1 9 4 
1 5 46 31 57 8 7 5 
2 5 0 80 46 8 7 5 
2 6 0 69 70 9 0 1 
2 3 12 52 63 9 4 3 
7 7 0 67 40 1 9 3 
2 6 2 52 52 7 3 4 
3 9 14 0 3 3 0 4 
3 7 21 40 24 2 2 4 
4 1 53 60 75 7 8 1 
3 5 37 57 57 9 0 7 
1 8 23 40 27 2 6 6 
1 2 26 33 65 2 4 6 
1 8 16 48 54 9 9 7 
3 2 37 66 82 4 3 6 
0 1 34 28 31 1 7 2 
4 5 45 74 46 1 5 2 
8 6 0 70 52 9 2 1 
2 2 42 44 60 8 0 0 
3 5 17 41 71 2 4 5 
7 2 44 46 49 2 6 9 
6 9 63 42 98 7 4 7 
4 5 42 35 61 6 7 8 
8 9 42 66 41 9 8 8 
2 5 12 54 29 4 2 6 
8 4 10 41 86 5 9 3 
7 8 37 61 49 4 6 6 
9 4 32 40 46 4 9 3 
6 0 33 55 68 4 1 7 
5 5 30 56 33 5 5 6 
0 3 55 63 30 7 0 3 
0 7 31 48 41 3 0 1 
2 2 31 79 29 2 4 3 
1 3 53 48 46 1 1 7 
4 5 34 53 66 9 4 8 
6 8 27 73 38 3 0 4 
9 5 19 28 57 2 4 4 
3 6 0 25 64 1 8 6 
0 1 47 61 34 8 7 2 
5 9 59 70 55 3 2 0 
2 5 26 50 37 6 1 9 
7 3 32 103 59 2 9 6 
1 4 51 28 81 9 7 3 
1 0 72 22 54 5 9 6 
2 4 7 54 23 9 9 3 
4 8 23 87 35 7 9 8 
8 4 55 43 35 1 3 2 
5 8 33 82 69 2 8 7 
7 2 21 74 51 0 3 6 
3 0 40 55 32 4 1 9 
9 0 29 40 21 5 7 0 
6 6 45 26 59 8 8 2 
2 3 54 40 54 9 6 2 
8 0 46 39 22 6 5 0 
7 1 20 29 57 7 0 9 
7 6 21 55 58 7 2 1 
1 2 14 39 49 0 2 0 
2 0 19 32 19 0 4 9 
7 3 13 37 45 1 4 5 
6 1 0 55 77 0 0 5 
9 8 46 24 84 2 8 5 
7 8 19 36 25 0 7 9 
2 1 13 84 51 0 8 8 
6 4 1 43 44 4 8 2 
0 9 0 80 62 5 2 6 
8 9 8 64 68 7 8 0 
2 7 25 53 42 5 1 7 
3 1 47 100 64 3 2 4 
7 7 0 16 36 0 2 9 
2 3 40 54 91 0 1 7 
6 0 0 63 34 8 8 3 
1 6 12 29 75 4 2 1 
9 9 27 46 37 0 9 2 
7 1 0 57 21 1 0 5 
7 1 13 62 37 7 9 2 
9 2 2 51 30 7 9 4 
9 2 37 42 55 3 9 7 
8 9 29 68 40 3 7 2 
3 9 24 82 55 2 8 8 
8 6 14 8 34 7 6 7 
3 5 14 43 37 0 5 9 
7 0 0 32 68 0 0 1 
5 3 30 15 21 1 3 1 
7 0 18 27 38 1 9 3 
5 9 38 42 71 2 8 0 
2 4 41 38 64 5 6 3 
3 2 36 29 67 2 3 5 
7 4 53 30 42 0 4 6 
3 0 64 65 62 1 2 9 
3 3 5 55 42 7 3 5 
2 0 0 46 74 6 9 8 
2 9 43 58 70 9 1 4 
3 7 45 42 66 0 3 0 
4 4 26 65 38 3 2 1 
1 8 0 49 44 2 2 4 
2 6 22 16 63 1 7 1 
8 8 23 48 54 2 1 2 
2 1 17 20 50 8 1 6 
0 5 29 29 71 0 8 4 
4 5 20 0 20 6 1 1 
0 2 14 43 25 5 7 1 
9 7 54 66 41 5 5 6 
8 6 20 32 30 4 7 3 
9 0 34 18 67 1 8 1 
4 2 36 62 51 4 2 3 
4 8 63 40 26 2 3 7 
5 0 24 26 78 3 8 9 
5 2 46 59 61 2 7 5 
7 9 25 42 64 8 3 0 
6 1 50 25 57 1 4 9 
7 1 46 78 37 3 6 1 
7 9 0 18 38 1 9 7 
4 1 23 74 59 0 4 1 
3 5 24 66 31 9 7 4 
5 1 15 116 0 4 6 3 
9 8 34 55 73 6 7 8 
6 9 41 67 21 0 5 7 
8 3 40 96 60 1 7 0 
5 1 56 44 47 8 1 4 
6 2 53 58 64 8 4 4 
3 5 6 25 53 7 4 2 
0 5 36 49 31 9 0 1 
0 9 22 43 37 4 5 7 
1 2 32 60 64 6 6 5 
6 7 38 79 34 3 2 5 
6 6 48 26 42 2 5 3 
9 0 11 35 94 2 3 7 
0 9 52 41 39 0 7 4 
5 2 24 31 59 1 2 4 
9 5 18 73 64 2 1 5 
2 3 6 43 85 8 8 2 
6 6 53 63 42 5 2 8 
9 7 56 63 59 5 1 4 
7 1 20 11 11 1 4 9 
0 8 27 43 50 8 4 2 
1 3 36 66 52 4 7 2 
9 6 57 58 85 3 8 8 
8 6 47 64 80 2 4 5 
6 9 51 59 30 9 1 0 
5 3 15 37 34 6 9 3 
2 8 51 28 61 7 2 7 
9 9 6 67 32 1 2 8 
1 4 40 37 86 2 1 7 
1 6 36 64 46 3 3 3 
6 7 55 40 47 2 9 8 
5 0 8 79 54 3 1 7 
0 9 27 30 63 3 0 1 
9 3 0 58 66 9 0 5 
7 4 53 101 60 6 1 9 
2 0 26 57 46 7 7 8 
2 7 40 27 53 2 8 2 
8 3 17 60 83 5 0 7 
6 2 7 44 43 6 1 0 
2 2 51 45 30 1 3 2 
6 9 72 68 40 3 3 9 
1 6 32 43 75 7 8 3 
5 9 36 68 64 7 1 8 
2 0 0 21 60 6 9 9 
1 1 19 28 43 1 9 4 
0 7 41 75 62 7 1 8 
3 6 11 23 56 2 3 8 
4 0 40 43 16 8 8 1 
1 9 54 11 74 5 7 2 
3 1 8 39 54 8 4 6 
5 6 10 45 25 8 2 1 
1 7 54 27 58 2 9 4 
2 6 28 80 73 3 0 1 
1 0 36 25 43 2 7 4 
4 9 63 39 41 8 1 4 
9 9 10 47 68 0 2 9 
0 2 40 50 33 7 0 5 
4 7 34 68 61 0 6 4 
5 6 41 44 46 1 0 3 
8 9 24 62 69 1 6 1 
8 2 29 58 71 9 2 1 
1 3 53 100 11 1 5 9 
0 8 25 88 67 4 7 4 
2 6 46 56 50 1 0 7 
7 2 2 55 40 5 2 3 
9 6 39 51 52 2 1 1 
7 9 38 33 36 2 7 3 
7 8 10 26 37 5 2 8 
2 2 27 75 49 2 2 0 
5 8 51 64 32 0 1 6 
6 0 31 26 19 4 7 7 
8 8 6 43 64 9 0 8 
4 9 7 50 70 5 8 8 
5 1 3 59 75 9 9 3 
5 3 15 35 40 1 7 7 
3 8 35 44 8 7 9 1 
8 5 58 56 56 5 8 2 
2 4 27 24 75 9 8 4 
9 0 20 52 49 0 1 3 
8 4 61 69 45 2 0 5 
3 0 35 44 38 8 3 0 
1 4 36 65 41 0 9 4 
1 5 31 4 81 5 8 7 
4 2 0 8 39 1 7 5 
0 9 56 42 66 5 0 8 
3 1 39 35 41 5 6 2 
4 7 50 46 64 1 7 0 
2 1 50 58 55 8 2 0 
3 1 29 37 53 5 2 9 
9 1 28 22 35 2 1 8 
7 7 34 87 44 8 4 9 
9 3 30 49 54 5 3 5 
3 3 21 69 55 5 7 2 
8 3 0 63 40 2 5 1 
2 6 33 41 69 7 5 0 
4 2 18 60 86 4 5 5 
7 7 40 37 53 2 7 0 
8 6 21 55 79 6 9 1 
1 3 8 30 52 9 7 4 
3 8 11 66 60 3 4 4 
1 2 26 51 25 7 9 5 
9 6 32 54 38 5 2 0 
5 4 17 71 87 4 2 6 
4 3 47 107 54 0 8 9 
9 1 25 55 63 5 1 3 
9 6 0 56 41 3 6 4 
0 3 15 11 36 1 3 7 
1 7 44 51 58 0 8 2 
1 6 27 25 41 9 0 6 
8 7 53 68 41 3 2 3 
7 5 22 44 74 9 0 6 
1 2 26 66 73 7 2 0 
7 2 36 47 68 7 1 2 
2 6 24 16 31 6 8 9 
6 9 62 53 89 1 3 4 
8 2 49 73 37 5 1 1 
6 1 56 61 37 5 3 9 
1 9 8 47 45 7 7 0 
3 2 27 36 32 0 4 8 
7 0 23 62 53 6 6 8 
6 8 20 82 40 8 9 4 
4 3 27 59 67 6 4 7 
9 8 24 22 60 1 4 5 
3 6 26 34 39 4 1 6 
7 1 59 30 56 2 6 0 
7 3 23 34 53 5 6 7 
2 7 18 29 76 3 0 4 
6 4 25 52 60 6 0 3 
2 9 33 9 94 0 0 0 
2 5 49 34 56 8 9 1 
9 2 0 38 50 9 1 0 
3 4 23 33 19 0 9 1 
6 3 34 69 38 2 7 0 
6 3 35 71 60 4 6 3 
6 2 38 28 76 6 6 1 
9 2 10 57 64 1 4 2 
2 0 28 27 19 5 8 0 
1 1 31 58 28 5 6 1 
9 7 37 71 41 3 5 8 
5 7 28 56 8 4 0 3 
5 3 21 41 39 6 0 5 
1 7 61 53 43 4 5 3 
0 2 8 32 28 2 3 8 
1 2 46 19 104 2 1 9 
7 3 46 38 59 0 4 1 
1 9 73 53 65 7 0 6 
0 5 16 46 8 3 9 0 
6 2 40 81 48 7 5 6 
7 3 47 35 58 3 3 3 
5 6 42 25 79 0 8 5 
1 0 37 66 39 5 7 2 
4 7 34 76 39 3 7 6 
9 6 0 40 57 8 4 1 
2 1 17 58 42 3 3 1 
6 3 19 75 48 6 1 9 
0 4 51 65 47 3 5 0 
8 5 26 45 65 8 1 3 
7 0 27 61 90 4 4 3 
4 1 32 25 71 2 1 0 
3 1 39 16 52 5 5 0 
3 9 41 48 23 7 2 6 
0 5 36 41 32 0 6 1 
9 7 38 54 50 6 0 1 
4 6 31 24 65 3 5 0 
5 1 40 74 96 5 3 4 
2 2 0 47 60 9 3 0 
0 4 14 54 43 4 7 2 
5 8 0 35 55 2 0 3 
4 8 11 43 32 7 7 9 
6 9 3 82 52 0 1 3 
2 4 18 64 34 1 9 4 
7 3 34 41 48 7 9 6 
2 2 58 73 69 3 6 0 
2 8 27 33 49 2 0 5 
0 4 25 73 49 7 4 7 
3 1 24 68 42 6 8 9 
2 7 39 66 37 1 0 8 
8 3 39 70 32 9 1 8 
9 0 21 61 55 1 9 7 
3 9 33 47 63 0 5 5 
2 9 54 40 66 2 4 4 
0 5 4 54 41 6 1 1 
0 7 64 69 57 4 9 2 
5 2 13 30 55 1 9 1 
9 3 23 70 68 0 4 7 
9 8 34 64 54 7 2 0 
4 3 49 61 27 4 4 8 
5 0 2 36 71 9 2 9 
7 8 48 35 55 3 5 1 
5 1 54 54 29 7 1 8 
3 5 1 28 35 0 8 5 
3 1 40 2 42 2 5 4 
2 7 13 50 55 8 7 7 
0 2 31 35 53 8 6 7 
5 1 16 42 11 4 6 4 
8 2 50 36 23 2 3 4 
3 7 9 38 28 1 2 4 
0 3 47 50 50 6 7 1 
7 9 28 36 16 1 2 7 
2 8 4 42 60 9 0 3 
4 3 6 64 58 0 4 9 
8 1 0 49 59 0 2 2 
5 5 0 58 48 0 6 5 
7 3 11 10 69 7 0 9 
9 7 5 33 34 4 1 0 
9 3 70 43 45 3 8 2 
0 0 38 24 59 9 2 8 
5 3 18 24 24 9 6 7 
3 9 15 91 55 9 6 1 
6 4 23 44 40 7 8 5 
5 9 7 66 64 2 4 8 
6 4 28 78 66 5 4 9 
9 1 31 33 43 5 5 7 
8 3 4 36 65 0 5 9 
9 9 15 74 49 8 4 3 
6 7 36 64 29 5 9 0 
3 5 38 23 79 6 6 6 
4 1 18 47 66 1 2 0 
0 8 1 40 25 5 4 5 
3 1 47 56 31 1 8 6 
4 4 65 58 56 9 1 2 
3 1 40 73 44 0 7 2 
0 6 35 65 38 8 1 0 
7 1 13 62 54 7 7 5 
1 3 14 46 0 1 2 5 
5 5 72 33 59 8 9 8 
5 2 0 89 42 7 3 9 
0 0 53 42 69 8 8 6 
9 8 3 37 63 3 2 4 
3 0 21 53 82 0 8 4 
7 1 36 42 44 9 3 0 
1 2 44 55 36 3 7 7 
3 0 18 41 48 2 9 2 
4 2 15 31 49 2 2 0 
1 1 65 62 55 7 9 6 
3 6 43 33 41 7 7 4 
0 3 22 66 38 6 9 9 
4 5 53 61 41 6 8 7 
4 9 12 71 31 6 4 5 
9 3 60 25 102 9 7 1 
0 1 15 40 47 1 3 6 
5 0 37 42 15 0 2 3 
0 5 64 42 35 3 3 9 
4 6 21 54 65 8 4 2 
4 3 44 39 41 3 2 0 
7 5 74 68 44 6 3 0 
8 2 36 62 79 9 4 8 
1 4 31 79 55 5 8 8 
7 1 32 33 27 4 7 5 
8 5 13 47 62 0 6 6 
6 7 39 46 37 6 3 9 
3 5 4 78 27 8 1 7 
2 1 34 50 96 9 7 6 
1 0 37 85 76 4 7 5 
4 0 11 13 80 4 9 6 
3 3 6 64 49 3 9 2 
9 4 35 32 80 8 4 5 
9 6 70 41 68 6 2 8 
2 7 53 42 61 2 8 4 
8 2 0 69 48 2 9 1 
4 0 18 64 38 4 9 4 
0 5 42 39 25 1 2 3 
3 5 27 13 22 3 0 1 
8 7 73 23 40 0 8 2 
2 0 11 69 44 8 5 3 
6 4 7 73 50 3 1 1 
2 9 0 54 57 8 1 7 
8 4 10 61 39 5 6 1 
8 7 17 53 51 7 9 8 
5 4 37 23 37 9 6 6 
4 9 33 41 99 3 5 2 
2 7 39 66 15 9 4 7 
5 9 59 57 78 6 7 7 
9 4 0 76 61 3 3 8 
0 2 60 75 23 5 6 5 
0 5 25 66 49 3 6 3 
9 0 38 29 48 9 9 1 
2 7 38 31 65 4 2 6 
5 6 52 18 94 3 5 4 
3 1 34 65 57 1 4 0 
2 3 37 65 20 4 7 6 
1 0 0 60 64 9 5 2 
6 2 18 51 74 4 4 4 
4 9 19 39 27 3 6 9 
6 6 12 44 60 3 7 7 
1 5 36 54 34 7 3 1 
0 5 10 61 98 1 9 7 
0 8 42 12 65 9 8 2 
2 4 38 19 42 8 6 0 
7 6 37 83 52 6 9 8 
9 3 25 55 93 8 7 1 
4 2 12 66 63 4 1 0 
4 8 14 6 87 0 9 0 
4 6 42 32 107 1 0 0 
9 2 0 55 27 5 6 0 
4 3 31 48 71 6 6 4 
9 9 36 31 30 9 2 3 
1 8 41 77 56 7 4 9 
5 0 13 45 64 9 7 5 
9 4 39 0 44 1 4 1 
3 1 25 86 49 0 9 2 
4 9 23 33 54 2 9 4 
0 5 36 51 50 0 8 3 
4 7 32 28 37 3 3 1 
6 7 18 47 56 2 0 9 
2 0 35 77 44 7 4 1 
8 9 11 86 44 0 8 8 
5 1 8 20 50 1 8 6 
5 7 16 57 52 9 3 9 
5 5 48 68 13 5 7 0 
9 6 28 43 70 8 7 3 
7 8 31 53 16 4 1 7 
3 0 6 60 46 6 6 5 
1 2 9 11 75 2 1 4 
7 8 77 36 20 3 3 9 
3 2 17 70 89 7 4 9 
5 6 19 63 45 6 2 4 
8 5 50 22 70 4 4 9 
1 0 0 51 54 5 3 4 
5 0 12 95 33 5 8 2 
9 5 48 42 56 9 3 3 
4 6 3 8 54 1 3 4 
6 3 22 69 53 2 3 0 
4 1 24 42 81 2 5 1 
0 8 24 63 51 5 9 0 
0 6 27 5 30 3 6 9 
2 2 15 83 16 2 8 3 
4 3 21 50 68 8 4 8 
1 9 29 38 51 3 7 1 
7 4 37 43 74 3 8 0 
1 3 41 48 12 6 1 9 
8 2 47 40 43 2 9 1 
1 4 44 24 56 2 5 7 
0 9 26 46 54 4 7 3 
3 1 45 39 56 7 6 4 
7 9 42 76 61 2 1 1 
9 0 41 83 66 0 0 6 
5 7 36 39 63 6 8 1 
5 4 28 67 39 0 1 6 
8 5 31 49 28 5 6 9 
9 4 31 62 0 0 0 1 
6 5 36 105 37 1 2 7 
7 5 28 46 53 4 9 5 
0 1 51 49 67 5 8 4 
9 7 0 11 60 5 2 8 
4 6 2 34 70 7 9 9 
5 3 33 15 63 4 3 1 
2 3 53 62 43 9 0 4 
4 7 34 19 80 6 3 8 
7 3 43 38 37 6 1 4 
1 0 75 40 38 7 0 7 
5 3 25 46 38 9 4 5 
9 4 9 69 30 4 5 8 
9 1 22 39 50 8 0 7 
7 7 24 57 66 7 0 0 
8 9 0 70 23 7 2 3 
8 8 71 53 16 0 0 4 
1 3 25 44 89 8 9 0 
0 5 41 16 71 2 7 8 
9 0 30 8 28 1 7 6 
9 1 21 47 41 5 6 3 
6 9 0 35 63 6 8 5 
5 8 34 70 70 7 2 3 
9 8 43 83 48 3 7 0 
6 4 29 35 12 0 0 2 
4 3 17 58 23 4 3 8 
9 5 12 65 67 6 5 6 
0 1 48 28 55 5 1 5 
7 7 58 52 54 8 2 8 
0 6 24 69 39 2 3 9 
2 9 15 51 29 3 0 8 
1 1 13 35 69 0 1 2 
4 5 23 42 104 4 4 4 
4 2 72 77 43 6 8 2 
2 9 7 67 41 9 7 7 
7 1 32 67 75 6 0 6 
9 4 32 54 29 6 7 7 
7 1 69 32 53 9 2 6 
1 0 34 56 26 4 7 3 
0 3 88 69 44 8 1 9 
3 8 12 56 93 2 9 0 
8 5 39 52 36 2 7 6 
5 3 30 53 34 0 2 1 
2 4 36 67 54 3 4 5 
7 0 34 66 46 2 7 5 
3 2 7 14 39 1 6 2 
7 3 40 34 30 1 8 4 
6 5 41 105 28 7 4 2 
3 0 7 96 41 2 8 1 
4 0 19 38 25 7 6 6 
0 3 39 33 48 3 4 6 
1 2 33 37 106 8 9 4 
8 3 36 20 67 7 1 0 
5 0 0 74 49 4 9 8 
8 7 62 103 37 3 1 1 
3 9 12 71 16 8 6 0 
9 7 34 34 5 3 6 1 
2 1 20 53 31 3 1 2 
0 5 68 101 44 9 6 6 
9 6 19 30 75 0 9 2 
6 3 8 16 48 0 4 8 
4 8 62 53 72 0 7 6 
2 4 0 25 25 0 3 0 
3 7 15 7 65 1 6 2 
1 5 27 63 57 1 8 1 
0 2 33 65 35 7 8 2 
4 8 32 19 101 3 5 1 
4 5 7 7 15 3 4 4 
7 4 10 58 71 3 6 0 
5 8 21 22 47 5 9 9 
3 6 64 45 59 5 6 5 
2 4 29 59 36 0 7 6 
9 4 38 49 59 1 4 0 
2 6 50 29 75 5 7 4 
0 6 58 54 47 5 9 2 
0 3 66 22 36 3 1 6 
0 8 72 57 48 2 6 0 
7 7 46 63 47 7 3 2 
0 1 20 70 51 9 7 8 
3 9 31 39 65 1 0 8 
0 6 0 0 43 9 8 0 
9 3 18 40 54 8 4 0 
7 9 67 35 39 9 0 9 
3 9 0 65 55 6 4 9 
1 7 63 11 48 7 1 5 
8 8 6 74 72 3 3 0 
5 9 47 94 94 8 6 7 
6 6 22 56 74 1 1 1 
8 4 31 64 20 6 9 1 
3 9 32 43 23 5 2 2 
7 8 18 13 50 2 7 3 
0 2 52 55 32 9 7 1 
9 4 30 42 38 1 9 4 
0 6 11 55 24 7 7 0 
8 5 27 36 59 6 3 9 
9 7 7 59 42 7 9 9 
5 7 60 61 36 4 0 1 
1 4 5 61 76 7 2 9 
5 6 14 72 64 5 3 3 
5 2 12 71 48 6 8 7 
5 5 44 26 84 8 6 6 
4 1 14 43 89 2 7 2 
0 7 34 64 61 6 9 8 
8 5 38 34 65 5 9 3 
4 6 71 35 42 7 3 0 
6 2 18 40 64 8 0 5 
2 3 5 53 68 3 2 2 
5 8 11 60 63 1 6 1 
7 3 23 70 54 6 6 7 
3 2 27 84 47 1 2 4 
0 9 0 42 47 9 5 6 
1 4 20 66 55 0 4 5 
6 9 13 42 65 6 6 9 
0 4 49 42 82 0 4 9 
3 2 36 70 76 6 6 6 
0 1 5 27 46 3 9 8 
2 7 16 41 69 4 5 1 
2 4 8 52 21 8 9 8 
8 9 39 39 21 9 0 7 
2 5 48 22 49 8 0 1 
8 3 36 85 75 8 9 6 
8 6 21 113 73 2 7 5 
2 0 64 50 49 1 8 9 
2 2 45 36 48 6 5 6 
5 4 7 52 32 4 7 9 
3 5 0 66 43 6 8 8 
7 9 73 89 96 4 5 6 
9 7 25 70 75 1 3 7 
8 5 23 38 52 2 6 5 
2 7 33 38 53 8 0 9 
8 5 21 41 44 8 5 3 
3 9 38 22 71 1 0 6 
8 5 38 62 68 2 7 6 
6 7 5 70 52 5 5 9 
5 8 21 35 74 4 8 8 
1 0 28 22 44 0 2 6 
1 3 44 69 34 5 1 0 
0 2 33 54 47 8 2 9 
7 6 22 58 73 8 0 9 
5 0 18 49 73 8 6 6 
4 9 68 102 33 4 9 2 
3 8 49 46 46 1 0 6 
8 2 44 55 22 4 8 1 
5 1 43 37 48 0 3 0 
2 9 0 47 65 3 6 3 
4 4 0 53 47 7 8 7 
3 7 33 68 86 3 0 2 
6 3 11 57 62 1 2 6 
3 8 0 31 59 3 8 7 
5 0 33 36 99 4 5 3 
9 3 6 27 34 2 6 8 
5 1 37 49 44 7 2 2 
6 7 22 69 67 5 1 3 
7 9 27 28 58 3 6 4 
1 7 48 34 15 4 9 2 
2 4 43 31 31 3 8 4 
1 4 25 23 55 9 2 8 
9 2 25 50 45 9 8 6 
4 6 34 30 57 8 5 3 
7 3 62 35 46 1 5 8 
8 5 34 39 48 3 6 0 
0 7 63 53 59 2 6 0 
7 9 0 41 72 7 8 6 
6 9 17 46 75 7 1 8 
8 5 2 58 40 7 0 1 
7 7 9 41 86 9 5 8 
1 2 17 46 19 9 8 2 
7 2 32 38 52 3 4 2 
9 7 44 74 47 1 8 7 
6 7 32 50 19 1 0 7 
4 2 12 94 87 1 4 1 
6 8 40 75 39 6 9 5 
9 1 57 40 65 4 8 5 
5 8 34 24 58 9 8 4 
9 2 20 0 72 6 4 4 
3 5 79 71 48 5 0 2 
0 0 25 71 37 4 9 9 
5 1 42 66 78 3 0 0 
9 3 42 54 53 8 3 1 
3 4 24 35 47 1 2 5 
0 6 28 26 38 2 4 3 
0 2 22 42 30 5 1 9 
3 7 32 38 57 9 9 2 
6 8 49 25 60 1 0 1 
3 5 52 41 48 9 5 4 
1 3 19 72 65 3 8 6 
7 7 32 31 68 7 7 8 
6 8 58 57 27 1 6 9 
0 8 58 31 38 6 3 2 
9 5 11 48 95 2 1 0 
2 8 36 67 52 0 7 5 
8 6 33 69 57 4 0 0 
4 6 28 69 57 9 1 0 
5 2 17 25 48 9 4 4 
1 4 15 29 96 2 6 8 
7 0 69 48 54 0 7 6 
7 9 5 67 64 4 0 7 
2 1 29 18 39 5 2 4 
4 3 48 37 64 1 7 9 
6 6 29 31 27 0 1 2 
2 7 49 81 25 8 9 5 
0 6 45 69 63 8 1 7 
3 4 35 31 41 6 3 0 
6 4 16 13 43 3 1 4 
0 2 0 42 29 2 0 6 
3 9 41 57 58 4 6 7 
0 4 45 57 46 5 4 9 
1 1 0 60 73 0 1 2 
3 2 23 62 64 0 3 0 
9 5 3 43 67 0 6 4 
2 3 40 15 42 9 0 0 
7 8 56 0 31 3 9 0 
7 2 11 58 44 1 0 8 
1 1 0 58 27 0 3 1 
9 0 59 64 13 4 7 1 
2 5 22 25 59 4 2 6 
1 4 44 57 43 4 2 4 
9 4 11 17 58 5 0 8 
1 6 52 44 46 8 6 9 
5 2 41 39 32 3 7 6 
7 0 21 50 72 2 3 4 
7 7 49 46 57 1 5 2 
7 8 39 59 68 7 2 9 
7 7 36 41 27 5 2 2 
1 9 0 66 26 3 2 1 
9 8 12 50 43 9 2 3 
0 2 37 4 29 1 9 8 
0 2 32 64 62 2 2 2 
0 0 36 14 66 9 4 7 
7 2 5 18 54 5 1 6 
2 5 16 61 25 7 8 7 
1 8 27 69 49 2 7 1 
9 7 58 61 56 2 2 8 
2 3 0 53 31 9 1 4 
2 4 1 53 42 2 0 0 
3 2 24 45 47 6 8 5 
7 6 36 74 38 4 9 5 
7 0 51 26 42 1 2 1 
5 6 34 57 82 3 0 8 
5 9 18 60 50 7 6 0 
8 0 33 76 56 2 5 7 
4 7 44 28 74 9 5 9 
6 4 30 53 34 1 4 9 
5 7 50 79 98 7 3 0 
0 8 21 49 6 6 4 2 
5 9 48 60 47 1 9 3 
7 3 49 42 34 6 0 5 
3 7 45 5 68 3 8 4 
3 0 0 72 56 5 5 6 
8 1 56 52 26 0 3 6 
1 7 25 33 60 7 8 8 
2 0 29 30 50 6 9 7 
4 9 50 17 35 3 7 6 
3 1 69 57 55 9 2 0 
2 8 63 65 35 2 1 3 
1 0 35 54 41 1 2 3 
3 4 23 61 44 0 1 7 
4 2 38 62 34 8 0 7 
7 9 49 30 60 5 2 7 
5 7 45 53 34 9 3 8 
0 7 53 29 12 9 7 6 
7 7 46 18 65 6 4 0 
7 3 33 75 67 8 3 3 
6 7 27 80 75 2 3 1 
2 3 22 48 87 0 0 4 
1 8 70 35 29 9 8 3 
4 2 39 63 64 8 2 8 
5 1 20 29 55 3 0 5 
4 9 30 96 64 6 1 4 
2 4 2 58 47 7 6 5 
8 4 5 84 25 8 0 0 
3 1 29 44 77 6 7 7 
9 9 32 73 60 4 4 5 
7 5 63 56 13 1 5 3 
8 9 19 37 57 3 8 1 
0 4 40 43 42 0 8 9 
7 8 22 47 65 5 7 7 
8 7 8 52 79 1 7 8 
3 2 16 41 30 7 0 0 
7 0 26 85 42 6 5 0 
6 0 4 95 51 0 5 9 
5 2 57 50 27 3 5 6 
2 5 40 48 25 4 9 1 
0 9 48 38 73 5 4 5 
7 1 13 38 62 5 2 1 
3 6 16 40 7 5 8 9 
1 4 9 35 38 6 2 3 
9 3 15 51 46 7 2 8 
1 2 34 22 38 4 8 6 
4 7 25 50 53 2 4 8 
6 3 45 68 43 4 3 6 
3 9 37 57 91 6 4 0 
1 3 52 64 33 7 1 2 
7 4 22 52 27 7 5 4 
9 3 34 89 28 8 8 4 
0 2 17 61 48 5 8 9 
8 9 16 37 63 1 6 8 
0 1 31 28 60 7 1 8 
1 4 40 54 33 9 2 8 
2 0 27 85 84 3 8 4 
2 9 12 68 53 0 1 8 
3 0 16 9 92 5 8 0 
0 7 38 33 67 0 0 0 
9 0 19 85 38 7 7 8 
3 0 32 64 38 3 0 5 
2 6 42 31 72 3 7 9 
1 6 56 36 40 8 3 4 
8 4 50 30 18 6 8 1 
2 9 51 52 43 3 4 6 
2 7 9 54 95 0 4 5 
5 6 54 63 39 3 1 2 
8 0 19 18 56 0 7 6 
8 4 45 50 42 2 1 8 
1 5 13 65 59 4 9 6 
6 6 44 33 55 4 9 8 
8 0 30 22 48 2 2 0 
7 5 23 73 45 6 0 7 
3 7 27 69 89 8 5 3 
4 0 25 54 53 6 5 0 
5 5 81 42 36 5 9 4 
2 2 14 25 72 1 2 3 
6 4 19 88 40 2 7 0 
7 5 24 44 56 2 5 8 
6 4 28 41 17 3 5 0 
2 1 0 66 41 3 4 0 
0 0 44 26 52 1 8 0 
5 8 43 48 68 6 0 3 
5 0 1 70 71 7 9 9 
0 3 7 38 74 0 1 1 
7 4 7 55 44 3 9 6 
9 5 21 76 62 4 6 2 
6 4 47 71 50 6 1 8 
3 2 40 52 35 5 7 5 
9 0 60 76 52 2 2 1 
1 5 54 37 61 5 3 7 
9 6 32 69 46 1 6 0 
8 9 19 81 41 8 5 7 
2 4 41 47 53 1 6 4 
3 9 13 58 48 0 6 1 
0 7 48 29 58 8 1 7 
6 7 31 49 33 6 3 0 
4 4 59 31 59 5 4 6 
3 8 0 52 34 9 3 0 
0 0 37 53 73 2 7 2 
8 4 37 33 24 5 3 6 
6 9 32 48 28 9 3 3 
9 1 78 58 47 6 4 8 
0 1 26 57 0 1 7 0 
8 3 9 70 88 1 3 7 
3 1 12 25 30 6 8 7 
7 7 55 65 19 4 7 4 
7 2 49 46 77 0 1 0 
0 9 20 20 17 2 1 8 
9 6 33 53 37 8 7 3 
7 0 9 36 48 7 9 6 
7 1 33 33 29 0 7 2 
2 3 38 36 50 8 5 2 
6 7 9 74 31 8 5 5 
5 1 6 24 50 6 3 4 
9 1 20 67 61 8 0 3 
8 6 96 37 56 2 5 9 
1 0 14 42 85 4 3 3 
5 4 55 27 74 9 6 7 
1 7 41 39 20 1 7 9 
3 2 21 23 41 6 8 7 
1 5 3 31 26 7 4 8 
8 1 35 53 52 3 3 6 
3 9 41 45 39 3 9 9 
9 6 39 22 31 1 5 3 
6 7 56 24 43 5 2 5 
7 9 6 44 40 3 9 8 
5 1 39 75 48 2 0 7 
4 0 29 75 69 4 8 3 
4 7 1 23 38 7 2 1 
0 2 10 61 34 3 1 7 
1 5 35 31 66 7 6 7 
3 7 55 34 32 3 9 9 
1 6 44 45 34 6 1 5 
3 1 0 29 35 4 5 2 
9 7 27 56 19 7 2 6 
1 3 44 58 71 0 6 1 
1 4 52 49 44 2 1 2 
6 0 46 37 53 3 4 1 
5 0 37 54 53 5 5 1 
5 4 27 47 0 1 6 7 
6 0 0 76 54 0 0 0 
9 4 42 42 66 2 1 8 
5 1 36 22 61 5 8 1 
2 3 11 28 38 4 8 6 
5 7 8 33 70 3 4 5 
8 3 27 59 28 8 2 4 
0 3 12 69 43 4 0 6 
2 5 54 60 63 9 7 9 
2 9 44 43 55 5 0 6 
2 9 0 22 69 9 9 7 
1 0 26 25 56 0 6 9 
5 8 8 59 74 7 9 2 
5 6 29 48 38 1 2 9 
0 3 35 57 22 1 8 9 
3 8 55 22 38 1 4 8 
3 5 18 27 30 1 6 7 
5 4 23 9 39 7 8 5 
5 7 43 40 40 7 6 7 
4 3 23 64 25 6 1 8 
5 5 71 62 90 0 7 3 
1 9 61 49 76 9 2 6 
7 5 2 75 60 6 3 7 
5 6 26 36 48 1 1 8 
1 4 27 38 63 3 3 0 
7 8 35 52 53 9 4 1 
7 9 33 88 48 3 1 5 
2 4 41 57 22 0 6 8 
5 9 33 18 39 1 3 7 
2 9 47 42 90 7 6 6 
6 9 60 77 65 5 0 1 
9 4 14 55 30 6 2 1 
4 8 0 61 72 2 3 6 
7 4 6 43 57 1 9 8 
3 0 38 90 38 3 5 8 
9 0 8 45 59 8 2 0 
5 1 0 26 45 6 8 6 
9 4 40 68 53 4 1 2 
1 9 43 52 26 3 1 7 
0 0 31 30 69 4 6 5 
0 8 19 77 86 9 4 2 
9 2 71 65 33 4 1 3 
3 3 29 43 80 7 8 6 
5 0 56 53 52 3 8 4 
3 1 35 64 49 2 8 6 
4 9 23 78 70 3 0 2 
4 9 24 101 38 2 2 9 
7 8 28 28 25 3 2 3 
2 5 24 54 52 9 8 1 
8 3 31 30 63 6 9 6 
4 1 30 35 60 6 8 6 
9 7 16 30 76 9 0 1 
1 3 28 62 43 5 9 7 
2 6 42 50 57 0 5 9 
4 0 13 30 42 1 2 1 
1 4 8 47 60 9 8 8 
1 0 39 53 30 3 7 7 
5 7 35 42 32 7 5 7 
5 5 14 80 49 3 7 9 
9 0 49 46 72 4 2 5 
4 0 46 13 65 2 8 8 
1 4 42 0 38 9 0 1 
0 9 46 48 54 6 2 0 
9 1 26 58 18 0 7 9 
4 0 36 39 0 9 5 6 
3 1 68 70 30 6 1 1 
5 1 34 92 65 4 0 0 
1 0 18 35 48 2 3 1 
8 3 12 74 65 6 3 6 
3 6 1 56 54 9 4 6 
3 5 33 65 37 9 5 0 
4 9 47 68 40 8 3 2 
3 6 27 8 17 0 0 9 
2 9 0 50 42 4 5 2 
0 6 24 71 57 8 0 4 
7 4 0 52 58 0 1 5 
7 2 44 41 72 1 2 4 
5 0 37 71 48 3 4 6 
6 4 12 64 36 9 3 6 
3 4 30 56 48 5 1 4 
5 2 26 101 48 5 0 6 
8 5 23 5 71 5 0 8 
6 2 22 32 36 8 4 2 
5 2 34 31 70 3 2 2 
6 3 30 87 31 3 9 9 
6 1 29 49 26 8 9 5 
9 3 25 27 38 4 4 5 
5 3 33 75 35 7 4 1 
9 8 23 24 50 6 4 6 
7 9 13 82 37 5 7 0 
1 1 51 26 53 7 2 6 
3 9 76 50 19 9 2 7 
6 7 0 42 61 4 2 2 
1 5 23 61 39 2 1 8 
4 4 29 56 54 1 1 6 
5 4 23 66 76 4 3 4 
2 6 34 33 28 4 5 8 
5 7 34 69 39 3 6 8 
1 5 0 64 41 6 3 1 
8 6 19 59 40 5 1 0 
4 5 40 62 95 3 8 0 
3 0 40 52 26 3 7 6 
9 0 0 30 38 3 4 1 
3 8 27 70 68 6 5 2 
0 9 42 45 43 6 7 9 
2 0 25 49 44 9 3 3 
4 3 53 67 37 6 0 1 
2 1 37 40 40 6 3 5 
8 5 33 49 46 8 0 1 
4 5 39 60 28 5 1 1 
8 8 69 22 41 7 0 8 
9 8 35 76 11 6 4 8 
1 1 43 6 52 7 1 0 
8 7 6 34 50 1 2 6 
1 4 15 56 15 9 1 4 
0 2 53 30 52 1 3 7 
4 0 29 22 38 8 1 3 
2 9 25 66 43 5 2 6 
7 6 0 43 56 6 5 1 
8 6 33 46 66 0 2 6 
1 9 33 61 31 5 2 0 
6 2 0 47 63 7 6 5 
2 5 41 59 78 8 6 7 
2 6 38 65 0 5 5 3 
3 4 65 56 52 1 8 3 
4 0 34 43 63 8 0 6 
9 2 19 45 19 3 8 4 
0 2 16 46 48 5 2 9 
2 5 30 23 37 0 2 7 
0 4 35 50 87 4 9 9 
0 7 60 67 33 7 5 2 
1 1 29 0 53 4 4 7 
7 1 52 34 22 3 9 3 
6 6 71 46 11 8 5 3 
4 9 34 56 62 7 5 1 
2 5 27 65 14 7 7 3 
7 0 11 60 57 1 0 9 
6 1 8 51 46 0 4 5 
6 1 12 54 77 8 2 1 
0 3 53 48 49 6 2 2 
5 1 7 49 35 7 9 4 
7 3 0 47 34 0 1 2 
1 4 31 76 64 0 2 5 
4 3 45 42 22 8 4 4 
8 9 63 34 31 8 3 7 
1 5 29 42 37 9 3 9 
6 5 69 18 14 2 0 0 
1 9 0 63 59 7 2 2 
5 5 34 38 51 4 0 5 
9 5 72 41 72 6 5 8 
3 5 13 85 59 4 6 5 
5 8 30 50 60 4 2 9 
1 7 39 51 54 1 2 5 
2 3 24 47 67 2 5 6 
0 6 6 62 55 0 6 3 
5 0 0 50 70 6 8 0 
1 0 49 49 64 7 7 0 
4 8 18 65 32 3 1 6 
2 8 16 31 61 6 6 6 
4 5 57 56 41 8 3 3 
2 7 28 34 22 8 9 3 
4 1 10 55 44 2 8 1 
6 7 40 36 21 3 7 2 
3 1 45 38 28 8 9 2 
9 5 38 43 49 6 3 3 
1 7 21 40 82 5 1 1 
9 5 64 73 60 1 4 2 
8 7 45 74 42 2 6 0 
2 5 7 0 69 6 4 7 
2 5 38 63 49 7 0 3 
0 2 41 39 21 2 6 1 
9 0 51 35 49 2 3 0 
9 4 7 51 46 9 3 3 
3 2 33 21 65 3 4 1 
4 6 37 74 73 0 7 2 
9 9 33 48 25 8 8 2 
8 7 17 30 58 0 8 0 
4 5 16 36 48 2 3 5 
5 5 5 92 55 5 1 0 
4 3 60 42 50 8 4 6 
8 8 31 56 45 1 2 5 
1 7 44 38 39 4 7 3 
8 1 21 18 64 7 0 4 
6 4 54 75 18 4 0 9 
4 1 8 0 74 3 5 6 
9 9 9 77 57 1 6 9 
2 9 27 48 69 0 4 2 
9 6 76 41 46 2 2 7 
9 6 29 45 35 4 6 4 
3 6 50 52 30 7 5 6 
6 8 61 78 19 3 4 4 
8 8 37 33 29 9 8 0 
0 2 54 54 51 7 4 7 
3 5 26 48 75 9 6 5 
1 2 18 40 21 3 0 4 
7 3 59 71 64 9 7 4 
9 5 42 53 20 3 2 9 
2 4 45 33 61 7 6 2 
2 5 10 65 59 0 3 8 
1 4 17 34 55 7 5 1 
6 3 8 48 39 0 9 6 
6 6 72 42 62 0 0 5 
7 9 31 41 60 1 8 0 
0 6 8 28 30 4 2 6 
0 0 0 73 79 9 7 9 
7 6 54 20 99 6 9 0 
7 3 0 56 38 9 0 8 
9 3 0 33 33 9 9 4 
1 6 21 72 73 2 8 3 
1 7 26 43 57 1 3 7 
8 2 17 64 57 3 8 4 
1 4 56 46 6 5 8 2 
4 2 15 87 67 5 0 2 
2 5 33 62 10 1 2 4 
4 0 32 72 20 5 9 3 
6 3 44 49 26 4 8 8 
0 3 3 29 49 9 8 5 
0 7 15 53 27 4 7 5 
7 1 17 33 66 7 7 4 
4 3 21 41 44 9 0 6 
4 7 18 51 60 5 6 8 
2 9 48 52 41 5 3 8 
5 6 12 47 70 7 0 9 
7 2 3 50 82 0 2 3 
5 0 21 64 60 6 4 0 
5 8 0 63 66 4 0 5 
1 6 29 39 48 4 9 0 
3 9 0 52 42 5 3 9 
1 3 58 35 54 7 7 5 
2 1 25 80 72 0 6 1 
6 2 13 51 36 2 1 9 
3 0 26 59 23 2 2 5 
6 0 30 67 51 7 2 4 
5 5 36 59 53 5 3 9 
2 5 71 66 51 7 4 6 
7 0 27 43 68 9 3 3 
0 6 50 38 30 2 2 2 
4 5 43 44 73 4 0 1 
0 8 23 46 46 1 7 5 
9 4 27 39 70 7 3 6 
8 0 53 28 67 7 1 5 
9 3 0 63 55 7 7 9 
1 1 35 59 62 7 5 9 
8 2 55 71 41 7 2 6 
7 3 4 58 38 7 0 3 
3 9 2 51 49 3 3 0 
3 1 21 31 15 1 9 9 
4 6 38 22 54 1 5 3 
2 0 0 70 66 7 8 0 
3 4 21 64 51 8 0 2 
8 4 23 46 62 4 8 9 
1 0 9 66 48 5 8 0 
5 7 51 59 68 6 7 8 
5 9 21 35 56 1 5 8 
5 3 23 39 65 2 1 9 
8 5 24 8 39 5 6 8 
5 2 46 84 60 7 6 7 
8 6 44 59 42 0 9 2 
1 9 34 42 44 4 2 8 
8 8 19 38 61 0 6 7 
1 5 13 41 44 4 8 9 
0 5 28 64 63 3 6 8 
5 6 8 42 50 8 0 1 
3 1 29 58 47 4 4 1 
6 3 25 50 65 8 1 6 
0 4 20 41 37 8 1 2 
4 5 27 84 62 0 8 6 
0 2 44 31 29 5 8 8 
8 3 0 38 56 2 9 1 
5 2 11 44 49 2 0 4 
5 6 33 2 47 9 3 7 
2 5 23 62 44 1 9 3 
1 9 50 44 76 9 5 4 
9 8 3 69 100 0 2 4 
1 2 42 69 57 1 1 4 
9 3 35 5 55 6 5 5 
4 6 56 72 79 9 5 7 
1 4 17 25 29 3 3 1 
7 4 43 51 61 5 6 9 
4 6 44 54 47 8 8 4 
1 9 50 77 56 2 8 2 
2 7 36 46 62 2 9 4 
9 1 40 9 55 4 5 0 
9 9 24 40 32 9 8 9 
2 0 21 52 59 8 9 0 
2 9 22 77 65 4 6 5 
2 1 24 33 49 4 4 2 
5 9 49 59 74 5 0 3 
0 3 34 46 37 5 5 5 
4 8 43 94 62 5 6 0 
8 6 38 59 24 7 5 7 
8 0 66 66 60 9 9 8 
2 6 9 88 73 2 2 4 
3 1 46 32 36 5 8 9 
6 0 53 85 29 1 7 9 
3 6 18 13 99 6 4 0 
1 7 25 19 52 2 1 9 
5 2 23 57 17 9 3 7 
9 7 4 88 70 2 8 3 
5 0 35 26 25 2 0 3 
0 3 28 75 32 1 3 7 
4 2 72 70 49 6 4 5 
5 2 5 72 9 1 0 7 
2 2 45 48 99 1 4 8 
4 6 40 29 60 2 3 1 
8 9 17 54 39 1 1 9 
6 1 50 50 60 5 6 0 
7 1 47 31 59 2 6 1 
5 5 43 54 75 0 0 6 
6 3 23 74 71 7 3 1 
4 2 37 62 62 7 1 5 
4 3 10 50 74 1 2 3 
4 9 29 38 41 2 6 4 
7 7 43 44 67 3 1 8 
6 2 34 48 43 0 7 4 
8 5 3 50 42 1 7 1 
3 8 20 49 46 4 3 9 
1 5 35 13 78 3 4 4 
9 7 16 63 37 2 3 0 
4 1 13 22 43 3 2 3 
6 4 36 29 32 3 8 7 
4 6 9 68 66 5 5 9 
8 3 28 77 50 7 3 9 
5 8 1 43 77 2 3 0 
9 2 29 101 45 0 5 7 
9 8 34 49 60 0 8 3 
5 3 55 44 89 4 8 2 
6 7 43 49 48 8 9 6 
4 7 39 96 17 7 1 6 
4 4 24 44 21 7 1 3 
7 5 0 40 47 1 8 9 
3 0 12 80 60 9 2 1 
5 4 47 35 60 9 8 0 
0 7 48 51 43 7 1 0 
6 8 24 66 53 9 2 6 
5 1 36 48 33 3 1 2 
2 2 4 57 47 9 9 6 
8 8 24 42 58 6 2 9 
1 7 52 69 53 3 2 6 
3 2 31 28 76 7 5 8 
8 6 35 48 83 8 5 7 
7 0 33 27 28 1 3 8 
2 5 2 76 63 1 6 4 
7 0 69 44 39 8 7 0 
1 7 0 38 46 3 4 0 
2 5 45 36 57 0 6 3 
1 9 18 41 52 6 3 5 
3 7 49 54 36 8 9 3 
6 0 25 34 62 0 2 9 
8 1 25 76 45 8 2 0 
6 5 32 55 74 5 2 2 
8 9 10 47 51 5 1 1 
3 4 23 44 32 3 2 7 
7 6 16 66 80 6 6 6 
9 6 43 25 49 4 9 8 
1 3 4 91 24 4 0 9 
2 2 32 70 42 4 2 8 
4 7 43 32 119 7 0 1 
4 4 41 72 45 6 2 8 
8 4 31 36 40 8 9 2 
1 1 29 36 38 5 2 4 
8 6 23 44 63 5 4 4 
1 2 0 47 101 1 7 6 
5 2 41 21 42 8 6 4 
0 6 63 20 46 2 9 7 
4 4 43 35 37 3 3 3 
0 5 0 55 58 9 6 4 
5 2 7 28 68 3 0 9 
6 1 37 68 51 7 3 8 
0 8 24 56 59 4 5 6 
7 5 26 76 75 1 0 6 
9 3 35 50 53 3 7 3 
3 5 44 48 31 6 1 4 
5 1 27 81 26 0 4 2 
8 4 73 71 75 0 8 0 
0 1 46 60 15 3 4 9 
8 9 24 44 38 5 2 5 
1 3 22 0 51 8 3 4 
7 0 22 53 48 5 7 6 
6 2 0 25 29 8 4 1 
4 4 44 93 60 1 8 7 
7 9 40 48 53 9 0 4 
1 0 38 35 60 9 6 2 
3 9 47 31 28 2 2 0 
5 0 20 51 19 1 5 3 
2 3 51 75 38 5 4 3 
6 1 20 53 64 2 8 1 
0 1 62 35 74 0 1 8 
8 2 32 64 59 1 8 9 
7 5 30 77 24 6 8 8 
9 8 44 80 48 6 9 3 
6 3 23 51 23 6 2 9 
8 4 13 40 51 7 0 8 
0 1 34 80 51 4 7 5 
4 0 67 84 79 2 1 0 
0 2 12 66 89 8 1 6 
5 0 38 36 52 8 5 7 
0 4 0 58 56 3 0 5 
5 7 39 47 59 9 3 4 
2 0 34 62 44 7 7 2 
4 2 32 45 46 2 1 0 
2 4 26 18 32 7 2 8 
4 1 6 44 39 6 2 3 
6 2 47 66 56 0 7 9 
3 8 34 63 54 5 0 8 
3 5 0 58 30 8 0 2 
0 2 15 25 72 2 3 1 
8 5 12 36 88 1 9 5 
4 8 0 67 53 6 6 1 
4 7 21 63 31 5 6 9 
1 4 0 76 60 8 0 5 
8 7 56 56 48 2 2 5 
7 0 15 99 66 3 9 7 
9 9 12 55 14 4 8 1 
4 7 2 49 43 7 8 3 
3 7 24 62 87 8 9 0 
0 4 43 38 63 5 3 7 
2 5 24 35 10 9 6 6 
2 3 18 35 33 0 1 2 
5 5 32 41 38 8 6 5 
9 9 21 51 33 0 6 1 
8 7 53 45 71 8 4 9 
3 6 24 28 35 4 6 4 
1 9 41 32 63 0 3 5 
9 7 0 57 45 6 1 1 
7 7 23 80 72 6 2 0 
3 8 39 83 33 8 6 8 
0 7 30 41 36 8 3 1 
5 7 0 44 56 5 9 1 
2 9 26 73 50 0 3 6 
1 8 29 35 67 1 1 0 
9 9 26 74 92 1 9 1 
0 3 20 49 39 9 5 6 
2 6 26 37 44 0 8 7 
4 6 22 41 69 1 4 0 
0 3 29 86 59 1 7 5 
3 3 43 60 8 5 9 2 
7 9 36 47 27 9 1 9 
9 0 4 61 73 2 8 1 
6 2 51 77 50 5 5 3 
3 6 16 87 82 1 9 1 
2 7 43 63 45 1 2 4 
9 6 12 85 17 0 7 8 
9 5 13 43 59 0 5 7 
9 0 27 71 0 1 8 9 
1 8 15 86 100 4 9 9 
2 5 20 73 65 8 9 8 
5 9 6 48 32 4 4 6 
4 2 28 45 23 5 3 8 
0 6 48 64 47 8 2 7 
2 7 39 29 17 8 6 9 
9 2 20 56 28 9 0 3 
7 5 8 66 35 6 0 9 
1 2 41 53 13 1 9 3 
0 0 33 60 59 8 6 3 
0 5 43 84 39 9 2 8 
0 8 36 55 46 4 9 1 
0 4 0 55 74 8 3 4 
5 8 8 46 25 4 1 8 
3 3 45 27 49 1 7 3 
0 2 54 53 58 0 9 0 
8 5 53 34 81 4 7 0 
6 3 22 64 35 7 7 7 
1 7 39 67 32 5 6 7 
9 0 11 42 21 4 9 7 
6 3 42 35 51 8 3 2 
3 2 45 10 48 7 1 7 
9 6 63 42 42 4 4 1 
9 2 38 45 65 2 2 7 
1 5 51 18 17 1 9 5 
5 5 45 36 77 7 5 4 
5 0 32 59 89 7 9 9 
0 0 51 12 49 3 5 9 
5 6 41 56 52 9 7 7 
7 3 22 24 63 8 4 5 
8 4 23 52 24 3 7 7 
9 5 57 51 32 2 4 6 
8 9 29 59 41 5 4 1 
9 6 2 92 43 6 7 7 
2 4 28 46 68 8 6 9 
7 3 22 82 36 6 7 2 
3 2 11 62 52 6 8 6 
5 1 36 29 62 7 9 4 
9 9 17 0 50 6 9 6 
4 4 16 64 63 1 2 3 
7 2 35 33 71 2 0 0 
8 3 4 60 81 9 0 2 
9 3 75 83 63 2 1 9 
7 7 34 65 64 6 4 2 
8 8 58 70 80 5 2 2 
9 0 39 51 50 5 7 3 
8 0 21 76 41 4 3 8 
1 3 0 51 9 8 0 4 
7 3 25 17 27 6 9 5 
6 8 20 49 48 6 2 9 
8 2 21 49 46 0 8 8 
0 7 44 62 57 4 9 4 
9 2 61 43 62 6 4 1 
4 1 35 20 42 8 5 1 
0 0 18 63 33 5 1 7 
6 2 18 21 60 3 6 6 
3 0 38 76 49 0 0 4 
0 3 42 58 37 3 5 4 
3 6 9 40 38 1 6 2 
3 1 16 67 49 0 9 2 
6 3 7 29 72 7 7 2 
6 1 61 46 53 5 2 0 
7 0 17 56 63 5 8 0 
1 8 45 48 28 7 2 7 
9 7 41 30 56 5 6 8 
5 1 42 80 51 4 0 2 
2 2 35 70 73 6 7 5 
9 9 39 32 70 7 1 5 
0 8 44 48 52 7 3 3 
2 0 26 81 36 5 2 3 
9 8 22 69 11 1 7 3 
1 1 22 58 39 8 4 4 
2 8 58 54 40 0 2 2 
6 4 34 28 19 8 5 5 
3 8 0 51 51 2 0 5 
9 7 0 54 94 4 9 6 
5 4 32 74 93 6 0 0 
5 1 43 23 50 9 1 8 
4 5 30 47 26 4 9 7 
2 4 26 29 55 0 7 4 
4 5 14 28 87 8 6 0 
2 5 40 47 70 1 2 1 
1 5 0 79 54 9 9 0 
8 0 49 30 58 1 0 1 
3 1 40 19 45 9 5 2 
2 1 65 45 60 5 6 6 
8 3 8 75 40 2 9 4 
4 8 45 37 29 5 9 0 
7 0 42 54 9 6 5 0 
5 5 18 16 82 3 6 2 
1 1 13 80 55 9 5 0 
2 0 38 24 45 4 5 8 
6 2 65 63 37 3 5 8 
6 9 20 22 47 2 4 0 
9 1 31 43 23 0 7 6 
3 1 37 42 46 1 9 3 
0 5 0 24 77 6 1 5 
6 4 33 61 57 2 8 9 
3 1 34 73 18 4 5 6 
9 9 6 47 49 4 6 0 
8 4 23 50 57 9 5 8 
3 9 24 78 71 0 3 7 
9 6 25 70 56 8 6 3 
2 9 43 38 32 4 9 3 
0 1 15 27 47 2 9 2 
9 1 30 50 80 9 5 9 
4 7 19 47 33 3 5 8 
3 8 20 74 70 1 5 8 
4 6 53 32 75 3 0 9 
0 5 9 66 62 4 0 1 
6 3 12 32 51 5 9 3 
0 0 10 32 49 4 7 6 
8 3 39 56 36 1 9 5 
7 4 41 65 41 9 2 6 
2 0 8 13 36 0 3 0 
8 1 34 29 8 1 4 0 
3 7 41 52 78 1 0 5 
6 3 51 47 58 2 5 6 
6 3 8 35 58 7 7 1 
9 4 75 70 80 0 5 5 
6 1 42 43 85 7 7 6 
5 7 51 49 45 2 5 4 
8 4 45 66 60 3 7 8 
0 1 1 65 50 2 3 9 
2 1 11 27 38 5 5 1 
1 7 10 45 60 6 3 7 
0 5 24 47 81 7 4 8 
9 9 26 39 65 5 4 4 
5 3 18 48 72 6 0 6 
1 4 17 35 49 5 8 7 
8 8 46 68 61 0 6 5 
6 1 49 58 35 2 2 4 
9 6 0 84 45 3 9 8 
8 7 32 72 70 9 7 8 
3 8 32 61 66 3 1 9 
5 4 23 60 27 8 3 0 
6 4 22 50 92 9 9 0 
3 9 51 43 45 5 7 7 
5 8 45 65 50 0 1 2 
2 3 0 31 31 0 7 4 
6 6 17 28 66 0 5 0 
4 1 40 68 32 1 2 7 
2 1 5 56 47 7 1 4 
4 9 35 57 90 4 2 2 
4 9 18 41 43 4 5 3 
9 1 37 75 78 7 0 5 
7 4 26 63 58 5 4 9 
2 9 19 66 27 0 3 2 
8 3 46 66 61 8 8 0 
4 6 30 54 64 7 6 4 
7 4 37 24 62 9 9 5 
7 7 31 40 33 3 5 7 
2 3 21 49 33 2 9 3 
3 7 44 52 65 7 7 2 
4 0 54 58 51 9 2 2 
4 8 39 60 46 4 8 9 
2 2 43 36 52 2 9 1 
8 7 21 85 39 1 0 3 
6 3 27 35 39 9 8 3 
4 6 36 46 66 8 1 0 
6 3 36 32 11 3 0 2 
4 8 6 63 43 6 2 6 
8 5 78 59 77 5 3 2 
9 8 4 49 35 1 9 3 
5 5 28 49 46 3 8 2 
8 8 61 68 55 5 2 3 
0 8 34 27 80 6 6 1 
2 6 17 33 66 3 6 5 
4 8 37 22 51 0 4 2 
4 5 77 66 76 6 8 0 
3 0 31 42 22 9 1 0 
4 5 35 42 66 4 5 6 
4 5 57 70 48 7 8 4 
0 6 3 67 63 9 8 8 
6 1 24 83 29 1 5 1 
6 1 40 85 30 6 2 9 
8 2 46 38 39 9 1 2 
6 0 10 51 85 3 6 6 
5 1 24 29 38 4 3 5 
0 9 55 52 52 1 2 0 
9 8 66 25 59 3 9 2 
9 2 16 3 46 0 1 7 
0 3 0 73 62 0 3 6 
5 6 24 43 67 4 1 0 
3 7 15 27 39 3 1 9 
9 5 18 30 41 7 3 8 
0 9 24 49 66 8 8 8 
5 4 62 97 29 0 1 7 
7 3 46 13 52 8 3 4 
4 4 43 51 26 4 2 1 
9 6 21 58 41 0 6 6 
9 0 17 62 24 0 4 6 
5 8 20 97 45 8 9 6 
5 1 25 33 53 8 9 3 
6 8 30 55 95 9 6 5 
6 4 16 16 16 9 1 0 
0 5 84 57 30 6 0 3 
5 4 5 75 31 5 1 3 
8 2 27 65 37 7 7 1 
8 6 34 25 33 1 7 0 
3 5 20 72 41 5 1 5 
6 6 37 73 40 8 8 3 
3 4 21 73 54 3 3 3 
1 1 15 47 79 1 1 4 
9 1 35 0 45 6 2 5 
0 1 0 43 44 0 2 9 
8 6 9 45 22 2 0 5 
9 5 0 54 100 1 6 3 
5 1 9 35 37 2 6 2 
1 9 37 64 20 0 7 7 
7 3 42 47 28 3 8 0 
3 6 42 78 29 9 2 8 
2 1 50 66 59 3 9 4 
1 7 48 79 68 7 4 0 
7 1 46 63 40 8 8 1 
6 3 51 44 22 1 4 3 
4 6 5 61 29 7 8 0 
6 0 33 6 10 5 5 5 
3 8 45 49 70 2 6 7 
6 5 3 56 35 1 5 4 
1 6 69 66 27 9 1 6 
4 4 28 76 37 3 7 7 
4 8 34 62 19 8 2 3 
0 1 22 25 67 9 5 6 
5 1 18 3 0 2 3 9 
5 3 72 73 33 9 6 5 
7 3 25 94 39 0 5 2 
6 8 73 32 39 3 3 2 
5 7 45 30 20 2 1 4 
6 7 30 43 75 4 3 8 
3 5 25 63 40 1 7 3 
5 7 39 48 42 2 3 3 
5 3 0 92 40 1 9 5 
8 4 61 44 34 7 4 4 
9 6 52 74 34 9 0 7 
2 0 33 79 24 0 4 9 
6 4 29 34 89 9 9 6 
8 8 48 47 47 6 2 0 
8 8 52 49 29 5 5 3 
0 5 12 64 51 4 4 3 
0 5 9 61 36 2 6 8 
2 8 49 23 92 9 0 7 
2 7 19 71 47 2 9 3 
3 5 0 41 53 8 4 2 
6 6 27 34 31 9 8 3 
5 4 14 58 17 2 6 9 
2 5 26 70 77 4 2 7 
6 6 38 66 50 9 9 4 
4 1 21 55 59 4 9 9 
0 5 19 58 64 7 0 6 
6 0 17 29 71 2 4 4 
9 6 0 58 59 4 4 6 
6 3 42 23 63 5 5 6 
4 8 33 54 57 5 7 4 
5 3 1 26 50 4 9 7 
1 0 31 41 17 0 2 6 
7 9 81 53 70 7 3 7 
7 5 38 23 17 6 9 8 
5 1 40 50 40 1 9 6 
2 4 29 40 77 3 1 0 
0 7 45 79 59 9 3 9 
4 9 39 74 12 0 3 2 
3 0 42 41 58 0 5 0 
2 4 41 30 63 4 9 2 
4 4 33 62 51 2 3 8 
2 4 46 43 68 1 5 7 
0 7 33 55 42 9 2 7 
1 0 43 57 21 0 5 6 
4 3 25 55 72 6 9 1 
0 6 0 52 34 0 8 9 
2 5 35 34 44 5 7 2 
9 8 38 96 54 6 2 1 
9 9 10 54 20 0 3 6 
6 3 18 65 23 8 2 1 
2 4 40 48 50 2 3 0 
8 5 35 45 49 8 4 9 
0 4 30 67 47 9 8 5 
4 4 55 16 48 5 5 5 
9 8 22 55 55 0 9 9 
2 4 1 76 38 7 3 5 
5 5 0 37 20 6 6 2 
6 5 20 45 78 6 2 2 
9 4 69 72 48 9 1 3 
1 8 23 65 42 0 5 1 
8 2 0 70 72 4 9 3 
0 2 56 20 54 4 1 3 
8 3 56 69 60 0 6 9 
5 3 43 25 39 5 8 4 
3 1 62 54 49 2 5 7 
8 0 52 61 59 7 8 3 
3 1 0 37 32 7 1 1 
1 5 23 42 14 2 5 3 
7 2 50 75 75 3 5 9 
2 4 41 37 52 0 4 9 
0 0 37 70 99 5 7 7 
4 7 22 89 52 8 6 5 
3 9 21 59 57 7 6 9 
0 3 41 3 21 7 1 3 
2 5 27 42 64 8 0 9 
3 9 37 16 54 8 0 1 
5 2 64 35 57 1 8 3 
1 8 20 3 66 8 4 6 
7 5 53 69 68 0 3 4 
0 2 19 43 42 8 3 8 
5 4 42 23 42 0 2 8 
4 5 20 69 37 9 5 6 
7 5 20 22 79 6 6 3 
5 2 18 37 28 9 7 0 
3 8 26 19 66 0 8 8 
5 0 22 70 56 9 3 2 
1 0 23 84 58 3 3 8 
7 4 10 64 61 4 9 4 
8 3 20 52 54 0 2 5 
1 9 58 29 31 6 8 3 
7 1 32 53 95 9 0 1 
7 8 13 7 60 3 5 1 
6 3 0 31 33 8 9 3 
4 4 4 57 23 7 9 4 
7 4 36 25 86 3 2 4 
8 9 27 33 39 5 7 8 
8 5 56 32 68 6 8 8 
7 0 57 49 56 2 6 8 
1 1 21 3 64 8 8 5 
0 5 40 39 45 4 1 6 
8 0 23 41 40 3 2 3 
9 0 24 57 25 2 6 8 
9 2 32 32 82 6 3 8 
2 4 0 48 18 7 7 3 
1 0 21 73 68 4 7 6 
9 4 30 30 58 7 9 7 
9 3 3 66 42 0 6 3 
9 3 0 27 56 3 6 4 
1 8 51 57 32 4 3 2 
4 1 27 64 21 3 0 7 
2 6 12 81 80 0 5 5 
0 4 24 55 15 4 1 2 
8 0 25 68 30 1 8 4 
5 7 46 67 28 9 6 4 
6 1 51 80 29 7 6 6 
8 3 27 50 64 9 2 7 
2 9 43 64 47 5 5 2 
0 4 48 60 70 7 5 2 
1 0 26 44 25 1 2 8 
3 6 0 55 63 9 6 9 
8 3 43 46 71 1 8 8 
9 4 13 25 70 4 8 6 
4 9 21 33 43 2 8 3 
5 6 7 3 23 6 0 7 
9 6 56 45 1 8 2 3 
2 2 8 58 74 1 9 3 
8 8 41 50 77 7 5 1 
8 1 52 74 65 1 4 3 
9 3 20 35 32 7 1 0 
0 4 17 72 60 4 3 1 
6 5 0 42 56 1 7 6 
7 8 0 89 5 5 4 2 
5 5 42 24 68 7 8 1 
2 1 38 27 75 9 2 7 
2 6 48 22 58 4 0 8 
2 4 0 63 73 1 7 5 
8 6 21 45 44 3 7 7 
5 4 41 56 58 6 1 8 
1 8 0 19 36 0 9 8 
2 0 12 31 63 8 9 8 
8 3 19 20 43 0 8 0 
6 2 37 52 30 3 5 6 
3 4 63 64 41 4 3 7 
0 0 53 60 53 8 0 6 
1 8 36 73 45 8 8 6 
7 5 0 89 35 7 2 0 
9 0 30 20 77 5 8 6 
0 2 46 35 57 0 3 8 
4 3 56 38 40 6 5 5 
8 3 42 60 35 5 6 3 
1 0 12 65 41 7 5 6 
8 7 0 80 59 7 3 9 
0 7 4 72 36 4 4 2 
0 9 0 4 37 3 8 8 
0 1 58 43 63 8 4 4 
4 8 27 25 51 0 4 2 
0 7 25 44 0 7 3 9 
1 3 0 36 44 8 9 2 
1 8 12 31 41 6 0 8 
0 6 73 16 61 5 2 0 
6 0 22 23 46 5 1 8 
5 0 61 76 22 9 5 3 
6 6 21 12 37 7 6 5 
8 3 43 90 82 8 3 5 
5 5 10 53 30 1 1 9 
8 2 27 49 23 0 3 5 
9 1 55 32 93 4 7 9 
2 3 44 51 24 3 5 9 
7 8 0 55 61 8 3 7 
1 8 19 56 65 2 0 1 
2 2 43 37 54 5 6 1 
3 4 0 37 2 1 4 3 
4 7 55 66 60 0 4 5 
5 3 23 67 23 9 4 3 
6 2 26 48 66 8 3 3 
5 4 31 68 83 9 1 3 
7 7 21 58 57 7 0 4 
1 6 12 20 35 7 3 4 
0 2 38 47 39 0 7 9 
4 3 30 34 23 9 4 8 
4 0 5 27 51 2 1 8 
1 2 47 83 40 0 1 6 
2 2 28 64 93 5 6 6 
7 2 32 72 27 8 4 1 
1 6 30 52 11 3 5 2 
1 3 38 37 27 7 8 0 
4 2 26 44 47 0 4 2 
7 6 0 65 29 4 8 9 
5 4 50 15 61 6 2 7 
1 1 22 71 91 4 6 6 
7 0 54 42 65 5 9 0 
8 5 38 61 44 4 2 1 
1 5 29 11 55 0 4 4 
3 4 12 64 40 4 1 0 
2 3 23 39 81 1 8 3 
7 4 23 53 25 2 3 8 
0 7 55 32 77 1 2 0 
5 8 0 77 48 7 0 6 
2 7 9 74 63 9 2 1 
2 3 18 45 73 5 4 7 
2 4 8 24 74 8 4 5 
3 4 49 33 95 5 1 3 
0 3 50 60 17 7 5 5 
2 6 20 41 54 9 6 0 
1 0 15 31 52 9 4 0 
8 3 31 58 45 6 3 3 
3 2 35 29 37 5 9 7 
3 8 80 65 98 3 0 3 
4 0 8 28 81 5 2 6 
5 4 18 28 68 3 0 5 
8 6 18 58 71 9 0 7 
1 1 34 19 76 5 8 6 
9 2 26 35 42 3 3 4 
8 6 73 43 68 2 1 7 
4 8 7 45 35 7 1 7 
4 5 37 45 40 0 5 0 
8 8 54 48 52 8 4 4 
4 0 15 47 66 8 5 7 
6 0 28 63 29 5 8 7 
4 4 0 64 51 4 3 5 
9 5 74 66 30 3 3 9 
0 0 27 61 32 9 0 2 
1 5 23 31 66 7 2 0 
2 0 1 28 32 7 4 6 
7 5 26 55 52 5 5 8 
6 4 23 53 70 3 0 9 
1 6 46 29 56 1 5 8 
1 5 49 40 41 1 1 5 
7 7 0 42 40 4 1 4 
4 4 16 69 40 2 9 5 
2 3 27 67 44 4 3 4 
2 6 32 61 23 6 9 9 
4 1 31 31 27 8 5 2 
7 4 45 67 89 3 4 9 
4 0 24 73 46 0 9 5 
0 6 63 78 53 2 3 7 
6 0 48 109 75 4 1 5 
7 5 0 72 53 0 2 2 
5 7 23 69 58 3 2 5 
1 5 2 57 84 1 6 1 
3 5 16 13 58 9 5 3 
6 4 27 46 44 9 4 3 
6 9 41 26 54 1 8 5 
8 3 48 2 49 3 8 1 
7 8 22 36 50 7 7 0 
8 3 23 65 56 3 2 6 
3 1 23 47 72 1 5 3 
4 8 29 47 52 4 1 9 
9 3 38 40 61 0 2 9 
7 8 10 45 51 9 1 9 
9 6 39 25 26 3 4 3 
2 4 13 88 60 6 2 4 
1 6 62 26 27 5 6 6 
2 6 50 61 39 5 8 0 
7 7 17 43 51 2 5 2 
5 2 0 70 55 2 3 9 
7 3 70 15 47 9 0 0 
1 7 50 38 48 4 8 7 
4 2 0 29 21 3 1 0 
5 0 18 19 45 2 0 9 
9 7 50 40 57 5 1 8 
6 4 34 43 49 3 3 4 
7 6 18 45 30 8 9 4 
6 2 28 29 58 9 2 1 
2 2 0 48 30 6 5 5 
3 3 31 54 59 4 8 4 
5 9 59 102 45 7 0 4 
6 1 33 19 78 4 4 1 
6 0 22 58 58 2 4 6 
6 5 0 32 38 4 5 0 
2 1 43 38 32 7 6 9 
0 7 52 87 49 1 0 4 
6 9 12 39 19 2 4 6 
9 0 20 66 31 2 3 7 
2 3 41 65 61 0 7 1 
6 9 51 34 90 3 4 2 
9 3 27 47 48 2 4 3 
9 6 43 50 47 8 0 7 
5 4 0 38 44 2 1 9 
4 8 44 56 46 9 8 4 
8 8 30 53 79 5 5 8 
9 0 51 56 38 2 9 4 
6 8 0 51 56 7 4 6 
3 2 37 65 41 1 7 8 
6 8 10 51 51 8 4 7 
8 6 8 21 66 5 7 6 
7 9 2 69 80 0 1 0 
1 1 25 72 34 9 2 8 
0 7 56 24 40 1 3 8 
7 2 8 26 50 2 0 3 
5 0 44 68 34 8 1 2 
1 9 28 37 38 4 3 7 
8 1 0 49 9 2 6 8 
2 8 40 62 72 5 3 5 
9 3 25 69 49 9 9 7 
7 2 10 49 36 3 2 8 
2 6 3 28 57 1 6 2 
5 2 16 33 73 3 7 7 
8 7 50 50 25 6 2 6 
3 7 12 78 78 5 2 2 
2 6 55 6 37 0 8 7 
7 4 64 43 68 9 6 9 
1 9 7 53 49 1 0 9 
4 8 42 65 65 1 1 0 
6 1 21 47 82 4 5 0 
1 6 5 17 43 7 4 9 
8 4 8 76 50 5 6 2 
4 3 39 57 60 1 0 1 
9 2 0 20 38 6 5 3 
8 6 50 71 41 4 8 8 
7 7 47 49 73 0 7 3 
5 5 45 43 47 4 3 6 
2 8 45 52 80 4 4 5 
6 2 45 0 80 8 8 9 
3 3 6 31 23 8 2 2 
1 9 14 39 67 4 1 8 
3 0 9 26 52 6 9 4 
8 1 38 60 64 2 1 2 
0 9 21 70 55 3 7 0 
3 0 0 72 71 8 3 3 
4 9 62 25 54 1 9 3 
0 5 9 27 97 3 1 7 
8 9 48 39 71 4 1 7 
7 1 22 69 47 8 3 9 
1 5 12 39 97 1 6 4 
9 5 10 22 79 9 4 3 
3 1 18 71 69 1 0 4 
7 4 0 54 16 9 8 2 
7 8 74 47 54 8 7 7 
6 3 28 41 46 2 7 0 
9 3 9 43 54 9 4 2 
2 5 30 45 42 4 7 0 
4 2 51 46 17 9 6 0 
3 5 8 63 65 1 6 9 
8 0 39 42 49 3 0 3 
6 5 30 34 64 2 5 3 
3 0 89 24 39 5 6 8 
6 7 17 54 89 8 2 2 
4 6 32 79 57 6 2 7 
1 9 14 59 39 2 6 1 
9 3 49 19 63 1 6 7 
9 1 0 41 35 0 3 7 
6 2 35 48 97 4 7 1 
8 2 33 47 39 0 3 9 
9 0 22 32 60 3 3 8 
2 5 17 65 39 6 5 7 
3 1 30 68 27 5 3 1 
2 0 29 0 30 6 4 3 
9 6 33 45 26 5 5 5 
6 3 26 40 5 2 4 2 
0 0 26 80 18 1 3 0 
2 9 45 34 44 5 7 0 
4 7 61 66 43 5 8 8 
7 3 5 34 29 7 8 5 
6 4 44 71 33 7 3 2 
9 8 2 40 18 8 7 2 
8 9 0 54 34 9 1 2 
0 1 83 44 59 0 3 8 
2 0 43 80 71 7 9 5 
8 1 15 44 97 6 5 0 
5 8 18 48 35 7 3 1 
0 0 29 75 48 0 9 2 
3 6 24 59 30 1 0 0 
4 9 53 29 11 8 0 9 
4 0 36 47 33 4 4 0 
4 8 21 73 69 9 6 2 
8 7 15 53 82 3 4 4 
1 2 29 65 88 3 8 8 
8 9 15 58 34 8 9 1 
4 5 43 66 58 2 2 1 
0 3 15 52 52 2 2 8 
8 4 20 35 65 1 2 3 
8 8 8 62 67 6 1 7 
2 7 42 63 60 3 1 0 
5 3 48 16 63 8 6 3 
3 2 35 61 11 6 8 5 
6 7 29 13 66 8 3 0 
1 1 45 49 57 7 8 7 
1 2 47 35 29 3 9 6 
1 3 9 67 57 6 8 3 
0 8 55 34 106 1 5 3 
5 2 30 30 74 1 9 3 
8 3 47 41 68 6 9 4 
1 5 24 55 42 2 0 7 
7 0 38 26 69 2 0 5 
2 7 17 35 29 8 2 4 
9 8 36 9 33 2 5 8 
1 3 33 43 16 5 8 9 
8 4 59 59 44 0 8 6 
6 8 13 26 47 7 4 6 
5 8 20 67 33 8 0 0 
5 9 20 81 23 6 8 7 
6 6 28 73 61 4 3 6 
3 2 47 28 77 4 0 2 
5 3 13 31 36 0 8 2 
0 3 13 14 53 1 1 7 
8 1 58 15 40 3 4 0 
4 3 33 37 58 0 3 7 
8 1 16 44 32 2 1 6 
0 8 12 52 56 9 6 0 
0 5 24 66 77 2 9 2 
4 9 2 48 73 6 5 9 
7 2 22 64 71 8 1 6 
0 9 37 17 62 4 3 8 
9 8 24 70 69 9 8 2 
0 1 32 57 12 4 9 0 
5 8 53 36 19 9 4 6 
1 9 0 62 41 3 8 0 
5 0 21 65 65 5 7 4 
2 9 10 37 88 2 0 3 
0 1 47 64 46 0 2 1 
0 5 22 58 56 4 1 6 
9 6 23 58 48 6 3 6 
9 7 40 35 45 4 6 1 
4 6 4 50 93 5 0 1 
4 8 47 51 35 2 5 2 
0 1 22 26 44 9 0 9 
7 1 1 35 62 6 3 9 
2 6 31 69 55 0 2 5 
4 0 38 51 49 0 4 3 
8 3 56 71 39 1 3 5 
0 1 30 22 32 0 4 9 
0 7 0 41 53 7 8 8 
0 1 25 34 71 4 4 6 
7 7 65 60 48 5 8 5 
8 2 61 60 51 5 1 7 
8 4 70 53 54 8 7 6 
3 1 39 12 9 2 6 1 
6 1 18 64 41 0 1 0 
3 3 71 69 53 4 1 6 
4 4 0 35 45 4 0 5 
3 3 8 65 62 8 9 1 
9 6 95 79 58 2 4 7 
2 1 37 68 67 9 7 3 
0 6 42 87 49 8 3 6 
5 1 25 27 69 4 1 3 
2 6 33 20 47 1 2 1 
9 2 43 61 73 5 8 5 
6 2 10 61 62 7 3 8 
1 0 93 77 46 4 4 6 
7 9 47 76 58 9 8 4 
0 4 39 51 40 2 4 7 
0 0 24 61 13 6 8 3 
6 4 55 0 54 5 1 5 
0 9 44 45 49 7 3 8 
1 8 0 49 54 6 6 4 
6 6 14 53 46 9 0 6 
5 7 2 22 21 9 9 5 
1 4 42 42 99 0 2 5 
2 1 38 24 58 8 7 0 
2 6 19 8 48 2 4 2 
4 2 44 36 19 2 2 1 
7 3 9 49 89 5 7 8 
4 4 75 90 53 5 5 6 
4 0 66 65 56 0 9 4 
1 5 6 29 43 9 5 1 
1 8 29 74 15 3 4 6 
9 3 32 97 23 0 1 1 
2 5 59 95 46 5 1 5 
8 7 68 40 57 0 3 8 
6 4 23 30 58 0 1 1 
7 5 37 43 26 9 3 4 
7 3 57 81 35 4 0 1 
6 2 46 54 47 0 0 3 
6 8 54 54 57 3 1 3 
6 4 19 10 42 5 8 5 
9 4 52 19 87 5 3 3 
0 4 24 32 66 9 4 3 
2 3 14 71 51 5 1 5 
9 8 30 82 62 2 9 9 
4 4 12 50 66 4 4 8 
2 6 32 33 55 9 5 6 
2 2 11 51 65 7 6 3 
8 6 0 61 52 6 6 6 
2 1 29 68 67 5 6 0 
5 5 57 46 22 5 9 2 
1 1 41 62 37 7 6 8 
8 4 40 42 65 3 6 9 
7 6 24 38 34 4 9 0 
0 3 27 65 52 8 9 9 
2 0 77 44 44 2 7 9 
0 5 0 42 54 2 8 8 
9 7 6 68 35 0 4 6 
6 3 41 4 8 7 8 1 
2 9 40 20 17 5 2 7 
1 8 39 33 28 7 0 7 
3 1 64 69 40 2 2 8 
0 8 61 66 86 6 5 1 
7 4 46 58 51 4 6 4 
1 4 0 30 32 2 4 5 
4 2 46 28 28 7 2 9 
1 6 45 74 27 2 7 3 
6 8 23 45 29 3 2 0 
5 5 48 60 35 2 5 5 
8 5 8 0 32 2 5 4 
1 0 42 52 40 6 3 6 
1 2 55 50 17 9 4 5 
7 8 41 65 30 4 7 3 
6 8 44 49 25 7 2 7 
7 0 63 62 23 0 2 5 
5 0 38 58 57 9 9 3 
4 1 1 20 53 7 0 0 
5 2 10 41 60 3 8 1 
3 2 54 63 37 8 9 0 
0 6 40 64 65 1 4 3 
0 5 19 60 0 7 6 0 
5 9 19 39 17 8 1 4 
7 5 27 54 59 6 9 6 
7 0 57 63 41 4 3 7 
6 8 80 73 19 4 1 9 
9 2 18 80 55 4 6 0 
4 2 10 26 50 8 7 2 
0 3 0 46 32 7 4 4 
1 4 17 83 61 6 8 1 
7 6 40 74 70 7 7 8 
1 2 28 36 45 4 5 0 
8 7 49 44 82 6 1 2 
0 3 29 47 32 3 3 4 
4 9 32 12 13 2 1 2 
3 2 55 14 22 3 1 1 
2 3 0 70 82 0 2 1 
5 8 7 73 57 5 4 5 
6 9 0 69 40 0 2 7 
6 3 22 76 10 3 7 9 
8 6 0 48 49 9 1 8 
3 5 31 30 59 3 5 7 
6 7 22 52 34 7 9 2 
6 4 35 28 12 3 6 7 
8 4 30 37 9 6 2 7 
8 6 23 76 65 0 2 0 
5 1 2 69 79 6 3 2 
6 3 40 33 43 0 1 4 
5 8 39 7 85 6 3 0 
4 7 6 51 41 4 9 7 
9 0 0 2 27 8 7 1 
3 9 44 62 35 4 8 0 
5 2 24 52 59 1 1 8 
8 1 41 44 54 8 1 1 
0 9 36 38 26 9 8 8 
0 3 36 61 64 6 6 0 
3 4 40 65 71 0 2 9 
9 1 32 22 62 4 2 1 
2 8 64 55 32 1 7 9 
4 3 41 38 44 3 5 1 
6 9 8 38 41 3 8 1 
8 2 22 75 38 1 9 6 
4 3 40 22 89 2 2 1 
1 1 52 59 79 8 8 9 
6 4 12 10 13 8 4 4 
6 3 30 51 55 7 9 3 
8 3 7 49 33 7 5 0 
3 6 22 17 61 0 8 9 
1 7 55 55 61 9 7 4 
0 0 16 53 42 1 4 8 
9 7 15 46 31 3 1 8 
6 7 10 59 73 0 3 0 
6 9 33 54 43 0 0 4 
0 8 33 42 35 7 3 1 
8 7 70 50 127 3 6 9 
7 2 35 44 48 8 7 8 
4 7 76 40 42 1 5 6 
6 3 25 59 36 6 0 6 
6 1 15 11 45 3 0 4 
5 9 25 71 87 7 5 8 
1 5 27 73 71 1 8 4 
7 9 44 49 59 2 2 2 
9 6 13 62 59 0 6 5 
5 1 8 32 40 5 9 1 
7 1 14 24 36 7 4 4 
6 0 55 47 54 9 7 4 
2 4 5 74 43 3 5 9 
9 5 0 64 52 9 5 3 
7 5 32 29 76 3 4 4 
8 2 20 23 49 9 6 8 
5 9 41 45 37 0 8 3 
2 2 30 53 71 2 8 6 
3 5 35 73 26 6 4 4 
3 1 10 17 31 0 0 1 
1 8 13 43 48 5 3 7 
2 4 40 49 25 4 3 0 
3 3 10 70 75 8 8 5 
6 6 56 57 37 8 4 1 
7 9 23 89 70 8 5 4 
9 2 65 50 67 6 2 7 
8 3 12 67 62 3 6 0 
8 7 49 41 28 9 3 8 
9 8 3 18 33 6 3 3 
2 0 32 62 41 7 8 3 
5 2 43 27 59 7 4 8 
2 1 15 37 74 0 1 0 
0 2 7 45 25 3 1 5 
0 3 23 59 76 8 6 2 
8 2 36 51 63 3 4 4 
4 2 14 49 48 2 3 1 
1 9 40 34 30 3 4 3 
7 5 12 46 41 9 3 5 
3 8 37 47 24 8 1 5 
9 3 30 76 40 9 4 3 
3 5 56 57 32 2 0 9 
3 0 45 70 23 1 9 3 
8 0 54 38 73 1 7 7 
0 1 5 61 29 5 3 7 
9 5 55 47 47 8 0 8 
9 6 0 44 0 4 7 6 
5 9 29 24 68 5 9 5 
2 3 25 29 55 7 4 0 
3 7 39 74 42 2 0 1 
1 8 35 47 71 4 7 3 
9 2 10 62 29 1 7 6 
1 7 50 55 55 9 0 7 
4 9 42 45 44 0 5 0 
0 9 5 76 50 4 6 1 
5 0 48 76 50 1 9 9 
9 0 5 30 23 3 8 9 
1 0 29 63 73 9 4 4 
9 7 0 71 88 9 7 3 
1 9 48 36 58 4 9 1 
7 0 70 39 45 0 3 1 
1 4 57 32 48 2 9 4 
1 3 13 74 47 7 7 4 
2 3 23 52 59 7 9 5 
9 2 19 37 49 5 0 0 
7 1 64 60 74 2 4 8 
6 8 40 47 46 3 7 3 
8 8 27 57 60 2 9 8 
3 3 0 78 62 3 9 6 
2 4 0 58 30 0 6 7 
9 4 50 55 57 0 8 3 
9 3 22 44 21 1 4 7 
4 4 0 74 36 7 3 1 
9 6 46 30 36 8 4 0 
4 7 60 42 44 8 4 1 
7 6 19 28 21 7 4 9 
8 1 40 40 77 3 1 8 
2 3 27 66 55 2 2 5 
1 0 16 15 53 0 3 8 
8 4 8 27 40 1 2 1 
6 4 37 80 56 9 8 9 
5 9 19 71 51 2 8 2 
2 4 22 78 56 4 8 5 
7 6 79 78 44 6 8 4 
8 1 28 66 0 7 3 8 
3 3 41 67 73 8 8 8 
4 5 29 32 47 3 3 0 
1 1 44 81 23 5 0 9 
7 7 59 44 22 5 4 3 
7 8 21 28 62 4 3 0 
9 0 6 66 30 9 6 9 
1 9 26 46 30 1 0 2 
5 4 38 63 37 0 1 7 
4 3 8 57 55 9 2 7 
4 4 3 11 26 5 8 5 
7 7 0 66 46 2 1 3 
0 3 39 85 114 3 8 1 
0 9 85 76 50 7 4 4 
3 7 78 35 45 7 0 8 
0 6 54 48 41 6 9 9 
9 3 63 48 67 6 9 5 
2 6 21 59 94 1 2 0 
6 0 20 42 57 5 4 6 
9 0 21 55 94 3 8 8 
1 3 0 27 79 7 0 9 
6 7 28 27 52 8 0 5 
5 8 0 65 33 0 4 5 
3 9 62 79 47 3 5 9 
3 5 50 89 37 6 1 4 
3 6 5 42 90 8 1 9 
0 6 51 20 87 3 5 3 
2 3 13 35 39 6 9 6 
4 8 62 91 66 4 2 2 
7 1 40 21 92 9 2 2 
9 3 16 57 93 9 7 7 
7 3 20 50 23 4 1 6 
9 5 14 22 35 0 2 7 
3 1 18 27 53 4 3 1 
8 8 41 43 21 6 8 9 
4 3 62 46 72 8 7 2 
9 2 74 75 41 3 7 0 
4 7 56 52 56 8 3 7 
6 4 84 55 28 4 5 5 
8 2 38 21 30 9 4 6 
2 4 39 76 67 9 0 8 
6 3 13 71 45 8 2 6 
3 5 17 55 63 6 1 8 
3 4 36 26 105 8 9 5 
6 0 24 29 37 0 1 8 
1 9 0 26 70 4 1 5 
0 6 63 54 28 5 9 4 
0 6 70 23 69 5 8 2 
0 8 23 41 60 2 9 0 
1 8 47 70 76 3 1 3 
3 7 45 62 50 0 1 5 
2 9 34 18 51 8 1 0 
6 1 45 62 6 7 5 4 
2 0 12 82 37 4 2 4 
5 5 5 45 63 4 8 6 
7 1 56 55 28 0 5 2 
6 2 0 60 60 5 9 4 
5 4 29 32 41 3 7 5 
6 0 20 36 15 6 7 2 
9 7 25 28 72 3 4 1 
4 0 0 38 24 7 3 9 
3 7 30 52 36 8 1 9 
5 6 69 56 50 4 0 2 
7 9 18 88 37 0 9 0 
2 6 40 80 82 8 1 7 
1 3 17 62 26 7 9 8 
1 0 12 62 79 7 1 3 
6 4 60 82 27 6 0 5 
4 7 33 31 65 2 6 6 
6 0 65 39 37 5 6 2 
4 8 35 46 71 4 1 6 
9 7 22 54 34 7 4 1 
4 5 35 25 64 6 6 4 
2 3 5 44 28 6 4 8 
1 3 21 33 65 4 7 9 
2 9 37 48 54 0 4 6 
3 3 24 44 31 9 9 9 
6 0 45 39 54 0 5 2 
0 5 0 67 20 2 2 0 
8 3 27 60 48 8 7 4 
9 3 28 67 63 0 8 3 
0 9 41 66 77 5 6 0 
6 0 1 26 78 0 8 5 
0 4 28 63 60 5 2 5 
6 7 21 40 34 8 0 6 
7 6 25 78 25 4 4 0 
8 7 37 30 26 4 9 6 
5 9 15 64 72 7 8 6 
5 1 44 43 66 1 2 9 
1 8 27 85 25 3 4 1 
8 9 0 35 41 0 7 1 
8 2 63 68 32 8 7 2 
5 8 36 68 61 7 7 5 
8 4 11 68 78 9 2 0 
9 7 6 60 41 5 1 6 
1 3 26 46 32 9 4 7 
3 8 12 73 37 1 6 4 
9 7 23 58 81 1 1 9 
5 6 27 54 45 9 6 3 
0 9 46 40 27 3 6 4 
3 3 24 52 28 3 2 8 
9 8 44 52 32 6 9 6 
4 6 21 35 27 7 4 3 
2 9 22 35 49 3 3 1 
9 2 10 45 42 1 0 0 
2 8 25 56 19 0 3 6 
9 9 74 42 82 0 5 3 
6 1 38 53 52 1 7 3 
8 5 44 34 67 3 6 9 
1 2 4 47 76 7 9 9 
6 2 27 59 58 6 8 2 
4 3 49 56 44 0 8 4 
1 8 31 30 37 2 2 4 
8 7 29 55 59 8 8 8 
9 6 38 26 28 2 9 8 
8 0 30 84 47 9 7 5 
4 8 15 60 29 0 7 5 
5 4 24 68 41 1 8 5 
9 4 19 81 70 7 6 0 
1 4 36 97 32 2 4 6 
6 3 48 55 55 7 9 3 
8 4 37 76 44 9 3 0 
6 4 36 33 75 8 7 1 
2 2 4 33 33 3 0 2 
7 7 68 47 45 6 7 7 
6 4 15 68 57 7 1 6 
7 6 32 57 41 4 7 0 
5 2 0 34 73 5 2 4 
9 6 83 65 67 0 0 9 
8 1 38 44 32 3 6 1 
1 0 30 70 44 0 0 4 
0 5 55 14 70 3 9 6 
9 9 49 59 51 2 4 7 
7 4 41 48 43 7 5 7 
3 1 75 31 13 4 6 4 
6 8 18 65 30 1 4 7 
0 4 6 5 54 0 0 0 
2 6 22 23 61 1 0 9 
8 7 17 65 28 5 6 6 
2 1 0 55 43 7 9 3 
8 0 32 48 39 7 8 0 
3 1 16 54 42 1 2 4 
6 5 22 18 61 0 3 7 
5 5 9 33 36 1 2 7 
8 7 9 44 65 8 6 1 
1 0 17 32 68 5 5 0 
2 0 47 17 40 4 2 6 
4 1 72 29 56 6 4 7 
8 9 10 15 57 2 7 5 
6 0 20 42 42 2 4 8 
8 1 42 89 30 4 4 4 
6 9 61 41 36 3 7 7 
7 8 0 54 38 2 3 4 
5 5 18 27 36 9 7 1 
0 7 55 4 35 3 0 0 
1 0 0 69 52 4 4 4 
0 0 57 43 40 2 2 9 
3 0 34 30 49 3 6 2 
9 4 2 27 73 5 5 0 
8 9 21 47 40 5 6 6 
1 3 29 65 67 6 6 0 
6 6 44 38 69 3 2 7 
8 8 17 45 16 0 8 4 
6 0 34 51 52 1 7 5 
9 3 38 42 64 1 1 2 
2 4 15 0 44 9 2 9 
4 4 36 65 62 9 0 0 
0 4 7 45 74 3 0 9 
9 6 21 44 87 7 0 6 
9 3 53 34 59 5 2 3 
3 2 31 64 80 0 8 0 
1 3 59 55 51 6 1 5 
0 8 44 45 55 2 1 5 
1 5 46 71 74 6 2 3 
8 2 11 20 49 5 2 0 
6 5 22 60 33 7 6 8 
4 9 15 58 60 7 6 5 
9 5 35 6 63 6 7 6 
9 7 37 38 38 7 2 3 
2 5 18 54 59 4 8 5 
9 9 45 5 31 5 5 4 
5 4 20 30 35 8 1 1 
9 1 33 33 29 6 0 4 
3 1 36 45 51 3 0 4 
7 1 26 39 57 2 7 3 
8 0 28 65 67 1 0 4 
7 0 56 76 45 1 5 7 
3 8 35 33 33 8 1 7 
9 8 27 52 65 2 7 1 
6 2 8 43 63 5 3 4 
3 4 29 79 50 7 1 5 
3 3 47 51 10 0 6 5 
1 5 2 53 6 2 5 7 
7 0 40 26 41 1 1 0 
2 5 21 91 52 4 7 4 
7 9 13 58 60 0 7 6 
2 1 7 86 47 6 3 7 
6 9 39 51 29 8 2 1 
7 4 18 51 35 3 1 4 
7 3 20 70 86 0 6 2 
1 5 5 46 61 1 4 0 
8 0 1 34 62 2 9 0 
2 1 17 12 90 2 6 6 
0 5 89 29 81 5 8 3 
0 6 59 39 78 1 8 0 
9 6 0 51 76 9 5 0 
5 8 35 55 36 7 7 0 
9 5 23 10 51 4 4 2 
2 8 15 28 40 4 3 9 
5 0 31 30 65 2 5 5 
0 2 35 47 41 9 7 3 
3 7 66 22 41 4 1 5 
3 9 24 48 36 5 4 0 
3 5 32 56 65 7 6 9 
3 0 13 38 43 0 8 8 
8 8 19 34 69 6 7 9 
1 0 47 34 60 3 4 6 
5 9 29 61 74 7 3 4 
6 1 57 25 48 1 4 4 
1 9 7 98 13 9 7 7 
2 8 7 55 30 1 5 5 
4 2 31 37 59 9 8 1 
6 5 0 35 62 9 8 3 
7 3 20 52 54 3 2 7 
9 2 68 25 32 3 8 1 
8 2 42 64 67 3 3 8 
7 9 46 49 35 3 8 8 
7 8 38 39 61 9 9 3 
8 5 0 74 35 0 7 2 
0 2 43 55 66 2 5 6 
0 7 32 49 54 8 0 8 
5 2 55 80 56 8 6 6 
0 5 0 50 35 8 1 0 
5 3 35 8 66 7 1 0 
8 7 71 63 76 3 2 2 
2 8 51 45 26 9 9 0 
7 6 72 36 68 4 9 2 
6 1 26 46 79 9 9 6 
8 6 8 62 39 8 5 2 
3 0 0 42 33 4 3 0 
4 8 40 35 57 2 3 5 
1 6 47 50 56 4 4 3 
2 9 56 45 35 3 6 2 
4 9 1 58 73 6 8 8 
6 9 31 49 44 0 3 5 
9 7 0 33 44 2 1 3 
5 4 22 86 50 5 7 7 
5 2 18 64 38 2 4 5 
5 6 37 37 100 7 9 5 
7 8 35 44 51 2 7 8 
1 6 30 11 74 7 8 5 
5 9 72 42 39 1 9 4 
3 4 44 59 21 4 6 3 
2 3 52 54 44 4 6 3 
6 4 34 76 26 6 9 4 
6 6 7 55 31 9 3 5 
9 2 67 85 76 7 5 8 
2 9 27 41 50 1 7 4 
6 2 33 46 29 8 3 7 
1 4 17 61 41 4 3 0 
1 9 5 60 51 8 3 5 
0 2 46 49 27 3 4 2 
7 8 58 39 36 6 3 9 
3 6 26 0 50 7 3 6 
6 5 33 54 37 3 2 5 
7 3 21 82 63 5 9 0 
4 5 45 38 40 3 7 9 
7 4 10 34 52 0 1 7 
0 2 23 69 22 2 7 9 
7 1 31 65 37 0 6 4 
7 3 28 27 46 0 2 5 
6 9 39 33 51 5 7 5 
8 0 32 19 77 6 9 5 
3 4 50 17 40 8 0 8 
1 6 49 39 69 2 9 5 
9 6 42 52 56 2 7 9 
6 3 33 48 71 3 4 4 
4 7 39 55 23 3 3 5 
6 9 56 41 37 0 8 1 
8 1 5 43 103 1 2 5 
0 3 57 43 72 2 3 5 
8 9 30 74 10 2 0 7 
5 0 5 22 35 0 4 1 
0 8 23 51 51 8 8 4 
7 2 45 35 59 9 2 1 
5 4 41 58 34 8 2 7 
6 1 34 66 61 1 2 8 
1 4 47 70 55 5 2 0 
9 4 42 35 41 3 1 7 
9 8 13 46 64 5 2 0 
6 7 0 59 21 6 3 9 
0 1 32 60 45 7 6 1 
2 0 45 29 60 8 5 2 
5 6 40 56 19 2 1 8 
3 7 0 69 71 2 4 6 
3 7 34 31 45 2 5 7 
9 3 30 48 45 3 0 4 
6 9 31 55 72 8 9 3 
8 2 0 63 43 4 1 9 
9 8 29 43 41 4 9 1 
5 9 36 69 50 7 7 0 
5 2 90 36 57 7 0 3 
2 6 77 10 29 5 9 3 
4 2 43 20 41 8 5 6 
3 5 59 45 88 2 3 4 
3 7 9 57 33 4 4 8 
6 0 30 56 68 0 6 3 
7 8 0 45 47 5 3 9 
2 9 1 59 43 7 5 0 
3 3 19 28 42 5 2 5 
9 6 27 38 48 5 2 3 
4 6 54 61 81 8 2 5 
5 3 27 34 37 3 3 2 
5 1 0 46 36 5 7 3 
0 9 14 17 26 5 0 4 
1 5 32 57 69 9 3 5 
1 8 17 44 43 4 3 2 
4 2 43 33 58 4 6 7 
6 8 21 70 46 4 0 9 
1 5 38 49 53 2 9 4 
2 6 32 52 69 3 0 9 
8 8 0 27 48 4 8 0 
9 1 1 39 34 0 0 6 
7 1 50 85 63 1 4 0 
5 1 0 44 71 3 5 2 
3 2 28 88 62 6 8 2 
7 0 24 79 14 8 5 2 
7 2 39 47 65 7 1 8 
0 0 22 38 35 7 5 4 
1 6 14 62 36 6 8 1 
8 1 31 26 73 3 7 7 
2 8 51 51 68 2 5 5 
8 9 44 37 37 7 2 4 
4 3 31 30 54 8 3 5 
8 6 28 28 51 1 9 0 
9 5 30 45 55 8 1 2 
3 6 43 60 54 4 7 7 
0 8 27 67 14 2 9 8 
9 0 33 45 47 3 9 6 
9 8 20 60 60 7 8 8 
9 4 5 52 29 7 6 6 
9 5 51 45 62 7 6 8 
6 0 50 36 33 7 0 3 
8 0 0 67 50 4 1 1 
2 7 25 67 62 3 8 5 
1 7 62 50 31 9 6 1 
6 8 43 20 61 2 9 1 
4 9 59 25 87 2 8 7 
2 0 26 43 110 6 1 3 
5 2 55 36 96 9 6 5 
4 4 0 47 36 3 5 5 
5 2 32 84 85 9 8 4 
5 8 37 61 59 0 9 7 
9 7 24 83 69 1 5 4 
8 5 25 64 31 4 7 4 
1 0 29 61 58 0 7 7 
2 1 40 29 43 7 8 8 
5 3 9 50 29 5 7 0 
3 7 37 10 53 6 0 5 
2 5 50 57 50 2 1 9 
8 5 19 62 79 2 1 4 
5 2 33 47 59 6 7 8 
3 9 37 25 70 9 8 4 
5 1 10 45 42 2 9 5 
0 3 79 47 77 4 7 9 
4 5 19 12 80 7 9 4 
4 5 23 58 33 9 5 3 
6 1 24 32 61 4 0 6 
1 3 37 45 56 8 5 8 
0 8 39 32 26 1 0 6 
7 6 37 24 53 4 7 1 
2 7 13 67 77 6 3 7 
0 6 6 67 52 2 6 0 
9 2 41 33 57 7 5 2 
6 8 19 94 25 7 5 1 
1 6 14 56 29 4 2 7 
9 7 57 24 51 1 5 9 
8 6 0 43 46 6 4 0 
3 2 58 47 80 7 1 2 
1 7 31 37 46 9 9 1 
4 1 3 49 69 1 9 1 
5 3 20 60 53 1 9 2 
8 8 50 40 72 4 3 9 
7 9 27 81 65 2 9 2 
5 8 58 44 91 4 7 5 
3 4 8 49 23 6 3 8 
6 6 54 55 11 7 1 5 
7 3 37 54 41 7 8 8 
2 6 95 64 53 7 9 1 
3 5 14 16 31 9 1 5 
9 9 66 46 56 9 5 5 
8 5 52 62 61 6 5 5 
1 8 6 32 43 3 6 7 
1 3 24 28 55 1 3 3 
6 0 32 56 55 7 3 9 
9 5 12 63 71 1 3 4 
1 8 22 53 15 2 7 7 
0 5 50 45 38 5 6 8 
7 7 35 58 59 7 5 2 
1 3 70 76 22 2 8 6 
6 6 7 29 64 0 1 7 
4 4 29 31 8 4 7 7 
2 8 20 24 61 2 4 7 
9 8 61 52 57 3 6 0 
6 8 50 65 51 7 2 5 
4 9 67 61 38 7 1 2 
5 1 0 49 68 7 5 6 
1 2 5 71 53 7 1 9 
3 6 28 56 56 8 3 5 
5 3 18 53 48 4 1 0 
1 9 18 89 14 6 0 5 
8 5 45 18 72 4 9 9 
1 3 8 58 47 3 2 0 
4 4 20 57 94 0 7 2 
2 2 53 72 31 4 1 4 
2 3 0 46 84 3 5 2 
1 8 41 58 43 6 7 3 
6 4 0 29 64 7 0 6 
7 4 42 38 49 6 9 8 
3 8 10 43 51 0 9 1 
9 5 34 54 36 5 9 7 
6 9 15 53 27 7 0 3 
1 9 56 86 42 6 6 6 
3 5 56 60 43 8 6 3 
5 1 72 56 68 0 3 0 
4 8 0 68 26 1 4 8 
1 3 16 41 48 6 5 7 
0 7 24 44 19 6 2 3 
1 8 27 75 23 9 6 8 
5 1 36 42 31 4 3 3 
3 4 0 82 60 1 9 4 
2 2 45 32 72 5 6 1 
4 7 32 6 27 2 8 5 
0 0 21 71 73 7 5 4 
4 1 14 44 40 0 2 5 
7 7 1 35 68 3 4 0 
2 6 23 101 58 5 3 2 
3 4 52 51 49 1 4 5 
3 4 19 59 12 1 4 4 
0 1 16 74 48 0 3 4 
5 3 48 82 34 7 9 3 
3 6 0 23 33 5 4 2 
2 7 24 71 62 8 2 6 
9 5 15 50 49 5 2 1 
0 3 37 52 29 6 1 8 
8 8 32 21 76 1 3 1 
7 2 17 47 35 7 2 4 
8 7 37 49 62 7 3 7 
6 8 18 79 11 8 3 1 
6 3 48 76 66 2 1 4 
6 9 36 70 24 3 8 1 
6 3 36 49 21 6 4 5 
9 3 33 20 50 2 5 0 
3 8 19 14 41 1 2 7 
7 0 50 59 22 4 3 8 
4 3 0 34 45 2 3 4 
7 5 25 20 42 1 2 3 
4 6 20 28 27 6 4 6 
8 9 46 38 46 4 8 4 
5 6 14 65 78 2 0 4 
7 6 65 40 80 4 9 3 
8 0 64 81 42 7 7 2 
7 9 23 89 72 3 6 3 
6 3 47 41 39 1 6 6 
3 4 12 15 61 1 0 5 
7 5 50 52 53 7 3 2 
3 8 26 54 57 7 7 9 
7 3 21 68 54 4 6 7 
8 6 15 53 35 0 5 1 
2 1 58 71 51 5 2 1 
7 4 49 62 62 9 5 2 
1 5 29 81 35 6 9 0 
5 5 53 27 81 8 5 8 
3 1 54 18 48 6 3 4 
2 7 13 61 44 0 4 7 
5 4 15 40 32 4 8 4 
9 0 43 61 59 2 0 1 
8 1 24 75 78 6 4 9 
8 4 53 51 23 7 0 4 
1 9 13 74 49 1 1 0 
5 8 3 26 44 1 8 1 
4 3 0 46 44 4 9 2 
4 1 12 71 52 4 9 2 
2 7 28 44 66 0 5 5 
1 6 48 44 82 9 8 0 
8 3 11 52 57 4 1 7 
1 8 26 83 26 1 8 9 
8 9 0 27 54 8 6 1 
2 3 46 46 52 6 1 4 
4 1 49 22 47 5 3 6 
0 6 37 68 59 6 8 2 
4 8 17 73 60 0 6 0 
8 1 0 51 62 2 9 1 
2 3 16 34 12 8 4 1 
6 5 50 71 55 1 2 0 
6 0 15 37 93 4 3 9 
6 6 0 45 25 0 1 8 
3 4 26 47 31 2 0 6 
5 1 26 65 0 4 6 5 
4 2 23 70 56 1 2 6 
7 9 53 39 14 6 7 0 
0 6 55 33 15 2 2 8 
5 5 48 37 63 2 4 1 
1 5 17 26 21 8 3 2 
0 9 9 62 34 1 1 9 
7 4 3 36 57 0 9 9 
9 1 51 28 67 6 9 1 
4 9 36 77 50 0 4 2 
8 8 31 13 91 1 4 3 
3 8 34 42 37 5 8 6 
6 7 18 51 46 1 0 1 
1 6 7 57 67 9 3 5 
7 7 39 90 76 0 7 6 
0 8 16 36 29 2 4 7 
5 6 37 21 40 5 3 1 
7 8 8 66 64 7 3 0 
4 1 50 44 29 7 9 3 
9 4 39 62 39 0 6 4 
0 4 41 32 66 8 0 4 
2 5 15 45 75 4 5 7 
8 5 44 43 41 8 8 3 
9 9 17 54 62 2 7 3 
2 3 46 73 59 7 7 2 
2 5 56 78 72 9 4 6 
6 9 52 56 15 0 2 8 
3 1 24 20 39 3 3 5 
3 5 41 21 61 9 6 1 
6 4 7 24 34 4 4 6 
1 4 57 45 54 1 7 6 
3 7 22 55 52 5 7 6 
5 8 37 41 39 8 9 6 
7 5 41 77 3 4 1 6 
0 7 18 49 32 3 1 5 
4 6 30 81 28 7 4 2 
1 4 14 3 71 7 9 0 
8 4 0 18 86 9 3 6 
8 2 40 44 93 5 0 6 
1 5 31 63 43 4 4 0 
8 2 8 68 50 1 0 5 
5 7 0 53 39 1 2 8 
3 8 34 30 36 1 1 5 
3 4 45 70 70 2 5 5 
0 8 69 18 53 9 5 4 
6 4 13 65 65 5 5 5 
6 1 29 57 43 2 9 8 
5 1 72 49 62 2 4 5 
4 3 32 43 57 7 3 9 
7 9 41 63 61 0 9 4 
4 2 36 29 33 3 3 6 
4 1 8 59 53 7 0 5 
0 4 45 57 66 2 7 8 
0 3 4 68 52 2 9 9 
5 1 0 42 67 6 7 3 
4 9 17 83 63 9 3 3 
7 2 0 62 67 4 6 6 
6 7 5 52 35 1 7 9 
3 6 40 55 69 8 7 9 
7 8 47 46 73 3 7 1 
9 2 37 42 55 6 7 1 
1 5 30 50 68 5 2 6 
2 6 16 92 49 3 2 2 
5 3 6 61 65 2 2 0 
0 0 27 49 45 2 7 3 
1 2 66 59 68 5 3 8 
6 4 42 103 0 9 0 0 
3 2 26 34 38 9 3 2 
2 0 43 74 42 6 1 1 
3 0 35 45 43 1 7 8 
0 9 0 44 33 0 1 8 
6 2 40 33 109 9 7 7 
5 6 55 44 63 6 3 1 
3 9 0 45 8 2 1 9 
5 4 30 22 53 7 0 8 
5 7 28 37 54 6 0 7 
2 3 25 68 38 1 0 3 
7 4 30 42 31 7 7 4 
2 1 27 57 36 0 2 4 
9 6 31 30 83 3 0 7 
2 6 48 65 52 7 9 1 
2 4 43 39 64 6 6 6 
7 0 48 31 51 2 7 8 
6 4 27 22 78 6 0 1 
5 7 47 73 94 4 3 6 
2 8 28 6 89 3 1 3 
4 4 23 65 6 5 2 2 
4 1 18 74 24 0 7 2 
7 1 36 69 49 0 6 2 
7 6 46 43 26 7 3 6 
7 6 43 6 40 4 7 6 
5 3 0 22 66 6 7 2 
3 7 42 34 99 0 7 5 
9 2 23 65 64 3 9 8 
9 6 39 39 37 9 0 2 
5 7 62 47 45 7 2 7 
3 5 60 41 62 1 1 8 
6 8 47 68 67 4 0 5 
1 9 30 39 79 3 3 0 
6 7 48 55 100 5 2 1 
0 2 0 14 59 0 3 9 
8 4 51 77 46 0 4 2 
1 2 35 43 32 6 4 3 
7 2 61 34 40 0 5 2 
2 1 0 29 63 1 0 8 
3 3 38 54 28 9 3 4 
4 0 50 53 41 7 9 4 
5 8 2 50 32 1 0 3 
4 1 42 67 27 3 7 5 
3 9 14 64 14 2 4 4 
2 9 34 37 86 6 0 2 
6 9 28 17 46 6 7 2 
2 3 0 52 52 1 3 9 
1 4 6 48 85 4 2 1 
3 1 31 40 24 4 4 9 
7 4 28 42 64 0 3 1 
2 2 11 50 64 4 7 9 
7 3 56 70 34 9 7 4 
1 2 33 46 65 2 2 2 
3 8 28 44 97 0 7 0 
1 1 37 52 36 1 2 7 
5 0 20 51 25 9 5 5 
8 8 0 53 64 6 2 1 
8 7 22 32 45 8 3 1 
6 8 5 46 56 8 4 6 
0 3 17 78 54 7 8 3 
2 5 8 58 62 4 0 3 
7 0 4 26 59 5 1 0 
5 6 20 54 55 3 3 6 
9 5 48 38 39 8 4 3 
6 7 5 0 72 0 9 4 
2 0 26 52 51 2 7 9 
6 3 14 106 69 4 9 7 
0 2 0 52 48 7 3 4 
2 4 9 102 67 5 8 9 
5 7 56 34 86 5 3 3 
7 3 0 60 31 7 4 0 
1 7 0 31 41 4 8 7 
7 3 9 60 21 9 8 5 
9 0 53 104 10 7 1 4 
6 8 36 64 32 8 0 2 
0 3 24 78 39 7 3 3 
6 9 42 82 52 4 0 4 
8 7 31 55 41 6 0 1 
6 7 8 38 37 6 8 6 
7 9 47 32 60 6 8 1 
0 7 6 56 47 8 4 5 
6 8 26 76 33 1 5 2 
9 1 38 19 85 5 1 7 
4 5 31 21 22 7 5 4 
1 5 24 48 28 8 7 0 
2 1 62 63 56 0 8 8 
0 1 22 56 49 2 8 9 
7 2 27 98 39 9 7 5 
3 0 14 4 45 7 8 1 
3 4 21 31 63 6 6 1 
6 7 40 44 10 9 9 5 
6 8 12 89 63 3 8 8 
9 1 0 57 64 3 0 9 
3 2 22 50 36 2 1 5 
6 8 0 22 45 7 4 2 
3 7 28 75 49 8 3 6 
4 5 31 37 31 0 6 1 
2 6 63 27 34 4 2 4 
6 9 22 24 38 5 8 4 
9 5 0 57 74 9 3 9 
6 4 5 25 72 1 8 2 
6 0 35 73 71 5 2 1 
5 0 2 39 71 2 1 2 
3 4 55 11 62 5 7 7 
2 7 33 55 24 9 5 4 
1 0 58 70 52 6 0 8 
8 7 40 12 43 4 4 8 
3 3 4 32 29 9 1 8 
6 1 64 58 33 2 3 4 
2 8 36 20 39 6 8 9 
5 1 31 43 46 1 0 3 
0 8 0 74 39 3 4 9 
9 4 30 85 32 3 3 4 
0 3 13 34 62 9 8 0 
6 3 27 39 77 7 2 6 
3 5 53 36 39 1 8 1 
4 4 15 41 63 1 7 1 
5 6 30 74 66 3 0 9 
3 7 36 33 103 1 2 1 
5 4 0 60 54 9 6 4 
2 0 45 49 34 3 2 3 
4 6 17 58 45 7 6 3 
8 9 28 68 41 1 3 2 
1 3 15 68 42 7 7 4 
5 6 25 38 50 5 9 6 
8 5 53 39 57 3 6 9 
6 5 14 32 26 4 7 4 
3 6 33 22 60 3 2 6 
9 6 55 96 38 8 0 3 
8 1 12 73 28 7 0 3 
2 4 51 67 85 8 9 8 
3 3 68 95 49 8 5 7 
2 8 0 85 53 0 1 4 
5 5 66 41 40 6 0 0 
4 6 33 36 29 0 7 1 
2 8 33 36 72 0 5 1 
3 3 0 48 85 1 6 1 
0 9 31 62 45 2 7 7 
9 2 26 82 52 1 5 2 
3 0 46 59 48 6 4 9 
7 8 10 39 55 2 4 1 
2 7 37 29 39 0 9 4 
5 6 24 63 66 9 0 9 
6 5 28 57 59 0 8 6 
3 2 14 55 52 4 9 5 
2 8 67 72 67 7 3 9 
3 3 3 68 59 2 4 1 
7 6 12 43 45 7 5 6 
0 3 23 43 14 5 3 7 
5 1 8 44 29 2 7 3 
0 8 18 52 55 2 1 3 
2 9 29 54 19 4 0 3 
5 7 45 42 30 7 8 4 
8 5 4 47 57 2 8 5 
8 5 15 9 69 0 5 5 
5 6 48 76 69 5 7 1 
9 1 32 73 53 4 2 5 
9 7 43 55 41 1 4 8 
4 8 24 88 42 9 9 7 
2 4 15 46 48 6 1 7 
1 3 28 62 57 7 5 9 
8 6 11 48 33 3 1 7 
3 0 47 39 75 5 1 5 
4 5 23 58 64 2 6 8 
5 9 27 38 86 3 5 1 
9 7 48 57 47 2 2 1 
6 4 32 44 43 6 8 7 
0 5 15 51 45 4 9 4 
0 7 48 57 73 2 8 6 
4 0 27 25 44 8 3 1 
7 6 38 59 39 0 9 0 
3 6 86 53 62 3 9 4 
6 7 0 32 54 5 6 3 
8 0 22 59 70 9 6 5 
2 6 10 30 60 5 6 9 
7 1 19 85 57 5 2 4 
4 2 3 41 25 1 9 9 
6 7 49 11 52 8 1 4 
1 5 0 66 35 0 4 3 
4 2 35 72 11 8 4 6 
0 8 17 53 21 8 7 5 
6 9 38 52 89 3 2 8 
0 5 42 30 0 7 6 8 
0 1 30 63 71 5 5 3 
1 5 47 65 75 4 6 1 
5 8 56 39 42 5 0 8 
5 8 25 54 42 0 0 8 
6 1 32 49 69 1 3 6 
2 3 7 20 38 4 7 4 
7 5 37 39 53 2 7 3 
3 4 7 31 27 2 0 0 
5 1 42 81 30 0 0 6 
5 9 30 42 58 0 4 9 
7 5 28 48 35 0 8 5 
1 5 60 35 32 2 3 0 
7 0 6 44 41 6 6 0 
6 4 63 78 16 8 1 2 
3 8 4 63 53 5 5 1 
7 6 59 37 42 2 5 7 
7 5 29 52 63 8 0 6 
8 1 29 72 52 3 4 9 
1 7 30 55 52 2 7 7 
8 3 43 54 21 3 7 6 
6 2 37 38 57 9 0 4 
7 3 39 33 12 4 9 1 
5 2 4 30 42 2 7 3 
7 9 0 55 66 0 0 5 
2 6 16 41 40 5 0 3 
8 8 40 29 61 1 8 2 
7 2 20 14 57 1 4 3 
7 3 41 67 35 4 8 3 
4 3 18 64 48 2 2 1 
4 5 0 56 27 9 9 4 
0 7 22 48 94 4 6 7 
4 0 21 0 43 8 3 2 
1 2 87 35 22 1 8 0 
2 1 30 56 39 3 2 2 
6 4 43 82 42 0 9 4 
0 6 29 79 26 2 7 4 
1 5 34 59 67 3 3 1 
6 5 59 33 88 5 4 1 
6 0 5 53 56 7 4 0 
2 1 64 37 67 4 7 0 
0 2 47 53 44 4 7 4 
4 1 50 66 49 3 6 1 
5 6 64 61 57 1 3 9 
4 8 0 43 16 2 9 1 
6 6 59 40 23 5 6 6 
1 6 57 60 49 0 3 6 
4 3 13 49 75 6 0 4 
8 0 31 34 87 7 8 5 
5 2 0 29 58 2 5 9 
4 6 24 83 68 4 5 7 
3 5 23 40 24 9 4 2 
6 2 16 50 68 3 2 5 
7 9 21 61 65 5 0 0 
3 4 8 36 51 4 4 1 
6 3 47 51 36 5 4 3 
5 2 24 61 47 0 7 9 
5 2 0 14 75 8 8 1 
1 0 1 48 33 1 6 4 
7 8 28 24 41 5 4 6 
7 7 53 73 64 0 0 6 
4 0 20 65 45 4 6 7 
5 8 50 54 53 5 3 1 
3 5 20 41 49 2 7 0 
0 6 31 53 68 5 2 7 
4 0 43 30 20 7 7 3 
6 4 30 35 65 3 9 5 
7 4 30 38 55 2 1 5 
8 3 12 51 71 7 5 3 
0 8 47 26 55 1 7 8 
4 6 0 70 40 3 0 2 
2 9 47 31 15 6 3 1 
7 4 28 32 36 2 7 6 
1 3 47 79 40 9 7 1 
1 3 17 29 32 9 1 0 
0 8 9 26 14 9 8 4 
5 6 33 28 95 0 0 7 
7 2 27 24 65 2 3 9 
0 4 19 57 33 1 5 5 
0 1 41 51 51 3 7 5 
9 4 33 52 60 6 3 0 
9 4 30 30 43 7 7 6 
7 8 38 35 54 4 5 7 
1 3 41 47 27 4 6 6 
3 1 40 72 55 6 2 3 
7 1 54 47 52 9 1 7 
2 2 28 92 24 1 6 5 
8 5 25 44 48 4 5 4 
2 1 18 60 29 4 7 3 
6 1 83 50 65 8 6 8 
3 9 63 68 71 9 4 1 
5 8 48 32 60 0 2 9 
1 3 2 33 55 7 7 8 
7 7 39 50 38 1 0 3 
4 6 53 26 59 9 1 0 
4 5 0 60 57 8 9 9 
4 5 8 50 64 1 1 8 
4 0 0 61 66 9 6 3 
9 7 29 74 57 3 3 8 
0 8 32 60 74 5 4 5 
7 3 37 43 27 2 5 9 
6 6 14 15 41 9 7 0 
4 1 24 27 97 3 0 8 
8 5 72 46 26 6 5 1 
6 7 70 51 40 8 6 5 
6 5 8 73 47 8 5 7 
5 1 55 17 1 3 6 6 
4 8 5 29 58 8 3 2 
3 4 21 72 73 7 0 1 
9 9 37 21 63 0 1 4 
4 7 0 60 33 1 3 6 
1 7 11 71 68 1 1 4 
7 3 69 64 24 0 3 5 
1 2 18 48 33 8 9 9 
4 3 25 1 22 1 2 5 
6 1 35 25 77 4 8 9 
1 9 18 46 70 9 5 7 
0 2 30 50 105 4 7 2 
7 4 31 30 56 6 0 4 
3 8 18 69 60 6 8 5 
5 2 28 77 25 1 1 8 
5 4 19 64 100 3 9 2 
5 6 12 50 60 7 3 9 
6 3 20 69 68 0 1 9 
9 6 14 46 31 3 7 5 
1 9 41 55 52 0 3 5 
5 3 29 22 32 5 1 1 
1 6 0 30 81 7 6 8 
0 8 31 96 37 2 0 0 
7 8 38 51 11 0 1 1 
5 4 57 72 39 6 1 6 
7 4 61 67 47 3 3 0 
4 2 34 49 62 8 2 6 
8 3 17 50 66 4 5 2 
2 5 3 73 66 5 8 9 
2 3 8 87 36 5 8 6 
1 6 44 72 34 9 1 9 
4 5 22 55 29 3 2 3 
0 7 21 35 45 8 3 2 
7 3 33 49 79 7 5 3 
9 3 30 68 74 3 5 7 
8 9 43 64 28 2 5 7 
2 8 15 47 54 2 6 9 
2 6 0 45 14 1 0 8 
7 8 47 89 75 5 2 0 
6 0 24 19 75 0 4 5 
6 4 44 62 38 0 8 2 
1 0 51 73 15 7 1 6 
2 5 48 34 58 3 9 4 
3 8 9 37 28 1 3 6 
1 8 24 40 40 3 3 2 
1 3 24 61 82 0 0 8 
8 8 14 54 43 0 3 7 
4 9 79 60 66 2 2 9 
1 2 13 15 17 9 7 0 
6 2 52 60 53 9 7 6 
4 4 0 56 55 0 0 8 
0 7 56 51 28 6 1 4 
4 7 78 55 41 5 4 8 
4 9 58 47 61 6 6 4 
5 9 5 11 43 2 3 8 
7 1 33 60 39 6 1 8 
2 8 65 51 45 3 3 2 
0 9 4 55 41 4 0 7 
0 9 47 53 44 8 8 7 
6 9 3 29 49 7 3 1 
9 8 19 66 44 5 0 1 
8 2 49 47 29 6 5 2 
3 6 48 50 16 0 8 2 
1 4 64 39 38 3 8 9 
6 9 23 9 29 6 7 6 
6 0 38 18 33 8 6 3 
9 3 42 57 30 2 1 4 
9 5 24 78 40 8 2 0 
5 2 33 21 69 7 1 9 
3 0 76 27 48 8 4 0 
2 9 8 21 93 7 4 9 
0 9 29 0 43 7 0 0 
4 8 22 19 53 4 9 7 
7 1 17 64 46 6 9 2 
4 1 26 58 55 2 5 3 
8 1 25 22 36 9 0 4 
8 2 35 43 20 0 8 0 
4 3 50 67 56 2 0 7 
9 3 45 76 56 9 4 0 
4 7 36 32 38 9 3 9 
6 3 20 68 0 7 6 1 
4 1 47 80 62 6 3 7 
2 9 24 52 17 7 3 4 
8 9 45 50 20 1 5 0 
2 8 25 53 77 1 1 7 
0 1 25 73 51 4 3 4 
6 9 31 7 71 6 3 4 
0 0 6 3 79 5 8 5 
9 0 70 79 84 5 2 4 
6 9 2 52 15 9 0 8 
8 8 55 32 41 8 2 4 
2 0 34 45 39 9 1 5 
7 2 48 43 22 7 3 7 
3 4 0 42 90 2 5 8 
6 4 40 45 54 6 5 6 
8 7 20 66 21 9 7 1 
4 6 16 17 68 4 0 5 
6 0 14 12 29 0 8 0 
4 0 40 30 48 8 6 8 
2 3 6 68 10 7 6 8 
7 5 36 53 40 7 3 4 
1 1 32 60 26 6 9 7 
8 6 32 64 53 4 4 9 
5 2 51 55 67 8 8 7 
9 2 28 66 56 4 7 7 
1 2 4 78 80 7 5 2 
0 3 29 44 51 8 8 0 
1 5 0 43 48 5 0 6 
7 1 37 37 75 0 6 0 
0 1 48 29 67 2 0 4 
7 7 11 59 47 5 6 7 
6 1 71 37 31 0 7 5 
3 7 42 57 29 5 7 3 
6 2 33 42 49 1 2 7 
1 9 39 36 37 0 3 1 
3 3 54 36 82 0 9 4 
9 7 0 67 52 2 5 4 
2 0 26 76 20 8 8 8 
8 8 29 71 39 9 0 7 
9 6 46 23 25 3 6 8 
8 6 16 45 63 8 9 8 
0 0 6 49 25 2 5 9 
7 3 15 34 51 7 2 0 
3 1 8 50 50 7 7 3 
8 1 52 23 18 4 4 2 
8 1 12 51 57 8 3 9 
8 4 39 68 65 5 0 8 
8 7 48 54 53 0 0 3 
1 6 32 69 69 3 5 2 
3 0 35 80 22 5 6 4 
1 7 11 77 57 6 0 4 
6 2 10 35 21 6 4 1 
2 9 35 39 62 2 3 1 
9 7 0 18 44 4 4 8 
2 2 58 41 49 9 4 8 
8 2 36 42 50 6 3 2 
3 5 27 49 67 5 0 0 
7 9 45 23 58 5 8 0 
3 3 43 26 37 2 0 3 
1 9 23 36 46 8 7 8 
2 4 56 47 60 3 3 1 
7 4 62 79 0 5 5 7 
7 5 15 40 52 4 2 2 
1 5 48 38 74 0 6 0 
2 8 65 65 37 9 4 9 
0 0 18 45 9 7 5 8 
0 4 1 35 53 2 5 7 
9 0 19 59 41 6 6 9 
8 7 40 60 40 2 9 6 
1 0 16 53 39 3 0 1 
9 5 21 63 47 0 4 1 
9 9 31 49 60 5 6 4 
6 0 0 100 39 1 1 4 
3 7 15 48 10 6 3 8 
7 7 41 22 67 3 0 8 
3 9 31 24 47 8 7 1 
4 2 21 55 62 4 8 7 
9 1 32 76 76 7 1 5 
4 3 54 43 31 1 3 8 
5 2 60 26 55 1 7 9 
4 1 30 59 81 2 2 9 
6 7 44 0 47 5 2 5 
0 3 31 24 50 5 4 4 
1 5 29 74 56 6 8 6 
7 2 51 19 59 9 8 0 
6 5 23 56 25 8 2 2 
5 6 36 31 75 7 8 7 
9 5 24 49 54 3 6 3 
4 3 13 64 34 3 3 7 
6 6 31 45 73 6 5 2 
7 9 8 69 36 3 5 8 
8 5 15 44 33 2 7 4 
1 4 46 57 28 4 9 7 
7 9 24 64 11 8 5 7 
7 7 26 9 64 6 4 9 
1 3 5 87 79 6 4 3 
1 1 54 29 29 4 7 7 
7 6 38 78 37 4 6 4 
5 1 40 59 41 9 8 4 
1 9 45 52 85 9 7 9 
8 9 27 54 68 0 4 0 
7 0 43 49 38 7 3 4 
0 4 2 69 39 8 7 3 
5 9 22 77 83 4 1 7 
5 1 26 50 71 5 3 7 
4 5 7 102 50 6 7 5 
5 1 10 58 47 5 4 2 
4 1 30 60 44 6 8 5 
4 8 0 2 69 9 5 6 
1 7 48 67 17 0 4 0 
4 0 26 56 21 2 1 2 
7 5 17 32 24 5 4 2 
0 5 4 45 63 0 1 0 
3 3 41 55 68 0 9 4 
7 1 23 51 54 1 7 1 
2 4 25 68 43 4 5 2 
6 5 42 64 45 0 9 6 
1 3 27 49 70 3 2 4 
2 8 49 46 30 6 0 0 
9 5 21 35 49 6 5 6 
2 3 74 55 26 8 9 1 
4 8 64 54 40 1 4 2 
8 2 48 35 33 4 9 9 
7 1 0 81 22 1 4 3 
0 3 0 65 60 7 8 4 
3 6 33 28 34 4 1 6 
8 9 16 25 70 9 8 7 
3 0 24 70 53 8 7 0 
1 8 21 30 46 1 7 5 
8 9 18 65 65 4 7 2 
5 0 26 13 74 7 9 1 
4 7 33 82 36 2 6 6 
8 7 65 54 57 3 9 9 
2 3 37 36 64 8 5 5 
6 5 4 56 53 3 1 6 
2 4 38 53 97 6 8 7 
8 3 19 59 30 9 8 4 
4 6 59 49 53 8 9 5 
9 4 26 82 33 6 9 1 
0 0 20 52 35 7 0 0 
5 5 60 32 27 7 6 7 
3 5 36 32 26 9 1 0 
1 0 32 51 73 9 1 1 
6 0 47 43 27 3 4 6 
6 9 5 52 29 7 8 9 
4 0 6 46 104 3 9 0 
5 8 62 44 50 2 4 1 
5 4 5 19 51 5 6 8 
2 6 41 60 30 0 2 7 
6 0 20 33 50 8 1 9 
7 6 13 62 60 0 7 6 
7 1 21 57 47 1 4 7 
8 1 46 66 15 5 2 1 
5 0 16 46 28 3 7 9 
8 9 43 44 19 0 0 0 
9 8 24 67 109 0 3 2 
9 0 54 11 34 7 7 7 
8 4 15 46 73 4 5 4 
8 4 20 34 13 4 6 1 
4 2 36 78 53 6 7 7 
7 0 27 57 53 7 0 1 
2 0 71 22 45 9 9 9 
1 9 12 50 50 8 7 5 
8 2 20 9 59 7 0 5 
5 9 10 41 51 4 5 7 
1 8 44 26 52 4 0 9 
8 7 0 42 87 1 7 4 
5 6 32 5 31 0 4 6 
0 6 57 49 70 9 4 7 
3 6 35 67 65 5 7 4 
1 3 24 20 44 2 6 2 
2 8 0 84 57 3 7 2 
8 5 63 59 37 5 2 3 
8 2 71 58 55 9 6 6 
3 0 37 23 50 3 0 4 
7 7 0 7 24 1 9 0 
5 2 14 30 37 5 6 4 
9 1 65 50 35 6 8 2 
7 5 20 72 21 4 1 6 
5 1 41 57 69 6 4 8 
2 2 20 33 28 4 8 4 
1 7 39 35 70 4 4 5 
5 0 22 69 4 9 2 0 
2 7 16 32 36 7 6 3 
5 4 12 47 34 6 2 6 
0 4 15 25 60 3 8 7 
1 7 4 51 67 2 5 2 
3 3 81 8 31 3 4 6 
1 3 19 35 34 9 0 0 
4 7 21 84 20 0 4 5 
3 7 33 15 82 2 3 3 
1 2 7 23 65 6 5 6 
4 9 57 68 52 3 5 9 
2 8 18 39 57 1 0 5 
7 7 12 60 65 1 7 6 
3 5 24 87 55 6 9 7 
3 6 24 65 56 4 4 9 
3 0 44 71 30 6 4 9 
7 9 21 42 47 6 1 1 
5 5 12 49 47 0 2 3 
5 5 38 48 83 6 8 3 
4 8 75 50 55 4 5 8 
5 9 44 30 45 7 8 7 
4 9 81 48 40 7 1 2 
1 4 52 5 43 4 0 7 
9 4 26 16 50 1 4 9 
3 5 11 87 40 1 6 9 
7 6 36 31 66 7 9 4 
0 6 50 78 41 5 5 5 
6 6 35 41 27 9 9 1 
5 8 0 31 42 5 4 5 
5 4 30 53 56 5 3 7 
7 0 28 44 73 3 3 3 
7 6 29 64 41 0 5 6 
7 7 41 59 94 7 8 2 
6 0 31 81 45 4 3 7 
0 0 24 50 19 9 0 9 
1 8 40 63 19 9 3 1 
0 5 45 41 54 2 2 3 
6 7 0 17 62 9 1 3 
0 3 30 47 51 0 8 8 
2 5 51 55 38 7 2 9 
6 4 14 80 0 1 4 6 
2 6 21 62 18 6 1 3 
3 0 36 76 70 7 3 8 
8 0 29 47 54 7 5 3 
7 8 31 47 55 4 2 8 
7 5 51 43 63 9 3 9 
3 7 34 84 47 3 9 3 
2 4 9 78 39 1 4 1 
5 5 11 45 39 1 8 4 
6 0 22 77 54 6 9 0 
7 0 59 51 8 3 9 1 
2 0 1 62 68 6 9 5 
4 3 18 25 35 0 3 7 
3 4 39 18 21 5 5 4 
6 9 43 35 25 5 5 4 
6 2 4 60 40 0 4 4 
2 1 41 0 45 4 7 9 
0 9 40 48 61 3 0 7 
7 2 0 53 77 3 8 8 
1 5 0 62 61 8 5 6 
0 2 58 0 44 9 5 4 
9 3 36 21 71 1 3 1 
4 8 49 55 49 8 4 5 
9 5 1 43 24 6 9 7 
5 7 44 57 41 7 9 4 
9 3 30 37 30 1 0 7 
2 3 22 43 32 7 5 9 
8 4 43 34 59 6 8 1 
9 7 37 56 35 7 4 0 
2 6 65 49 11 5 8 4 
3 4 0 22 81 1 6 8 
5 2 55 74 37 6 0 6 
0 6 20 59 43 3 0 3 
2 6 51 40 34 8 8 6 
5 4 47 41 26 5 7 6 
0 6 15 34 35 9 1 5 
6 6 62 48 67 3 4 3 
5 3 60 92 53 0 0 0 
4 4 48 70 60 7 5 2 
1 0 0 34 37 5 9 4 
9 1 24 22 53 5 0 2 
6 9 15 45 66 2 7 4 
8 3 47 57 10 1 0 9 
9 3 29 37 25 2 3 7 
4 5 15 22 47 6 7 7 
6 9 28 29 55 0 3 3 
8 6 11 85 55 7 5 8 
8 5 42 67 58 6 6 1 
2 6 49 40 77 0 8 3 
3 2 43 59 22 5 1 0 
2 2 53 50 52 3 0 7 
9 9 53 100 32 7 8 2 
2 0 9 69 66 2 6 5 
8 2 29 34 74 4 6 3 
8 0 38 55 58 4 9 5 
0 9 9 31 14 0 2 5 
8 2 39 51 26 0 7 4 
2 0 20 46 51 8 8 2 
0 8 26 32 73 2 7 3 
3 3 40 55 49 6 3 7 
1 3 25 38 45 0 0 1 
3 3 9 20 45 0 2 3 
9 4 69 13 15 2 0 1 
0 6 22 43 83 4 7 8 
7 0 11 45 60 2 2 5 
1 0 39 36 42 4 5 6 
1 4 15 67 34 3 8 5 
9 7 36 64 40 3 8 8 
4 9 21 74 36 5 1 4 
1 0 54 35 52 9 0 2 
9 8 41 5 77 7 2 2 
8 4 3 51 68 3 4 6 
5 8 55 54 67 7 1 1 
5 2 17 9 47 3 6 1 
8 3 6 40 68 4 1 7 
0 3 17 83 30 8 7 2 
0 4 0 19 91 1 0 2 
3 6 21 34 33 2 5 5 
9 2 23 61 19 9 7 4 
5 5 44 32 57 7 6 9 
2 1 20 54 59 2 6 4 
9 7 35 68 40 2 5 2 
7 8 38 37 65 8 7 5 
4 9 48 61 54 2 8 3 
2 9 42 88 79 1 9 3 
9 5 33 44 70 3 4 1 
1 6 9 62 67 2 1 7 
5 0 54 50 21 4 9 5 
4 4 65 58 69 5 3 7 
0 2 27 26 72 0 9 6 
5 3 51 83 34 9 0 9 
5 7 13 75 27 9 7 7 
5 4 36 42 36 2 9 8 
3 3 22 39 52 5 0 5 
9 9 18 63 65 0 6 9 
2 5 40 56 48 4 4 2 
8 5 21 55 24 5 5 7 
4 6 71 67 65 7 6 4 
4 1 39 76 38 0 4 4 
4 6 35 16 29 4 9 0 
1 0 36 51 21 9 6 1 
2 0 25 65 3 1 4 1 
6 1 18 55 43 4 6 7 
2 8 14 37 83 1 5 2 
3 4 22 54 25 7 4 7 
6 9 40 49 37 1 6 0 
6 8 55 74 0 4 9 8 
0 2 28 38 53 6 2 4 
2 5 14 54 40 6 1 0 
1 2 58 56 44 2 5 2 
1 4 11 45 30 8 0 3 
2 2 12 49 75 8 0 3 
3 1 38 43 35 0 8 6 
0 4 27 55 57 5 1 4 
0 5 30 73 69 5 3 4 
9 9 55 51 34 5 6 8 
6 2 9 79 19 3 9 0 
7 2 29 41 49 6 7 1 
6 6 11 36 30 9 9 0 
5 3 50 44 46 1 6 3 
6 5 0 74 75 6 3 1 
1 0 35 58 108 6 9 9 
3 6 48 74 32 9 9 1 
0 9 27 68 59 8 2 3 
7 1 7 76 78 3 6 2 
9 5 17 67 29 9 4 7 
9 0 38 64 67 7 2 9 
4 9 0 50 50 3 3 9 
7 4 44 53 20 6 5 4 
9 2 53 71 60 4 9 9 
6 7 23 58 66 5 3 5 
5 0 56 45 39 8 5 8 
3 5 43 83 82 2 4 9 
5 6 12 36 37 3 6 1 
3 6 63 64 37 6 2 0 
7 7 15 35 52 3 3 9 
4 6 7 81 53 3 5 3 
7 2 81 19 71 5 0 7 
5 3 62 4 14 4 2 5 
8 4 7 40 46 2 2 9 
1 1 30 37 13 0 8 6 
3 3 37 43 78 2 4 2 
1 1 49 83 43 6 3 1 
7 0 12 25 46 2 8 2 
0 9 0 0 22 0 6 8 
8 7 22 17 48 3 9 7 
2 7 27 14 8 1 4 7 
4 0 15 44 62 8 6 4 
1 0 24 65 68 1 7 0 
3 0 2 58 58 0 1 4 
9 7 16 43 99 9 8 0 
1 8 37 70 69 4 5 9 
7 6 12 50 36 3 2 1 
8 1 0 48 47 7 0 6 
7 2 29 86 20 3 9 8 
4 4 18 38 70 7 1 4 
5 8 13 51 21 3 6 2 
4 8 43 70 67 5 6 5 
6 2 40 42 81 8 2 6 
6 3 38 90 53 8 4 0 
8 6 0 50 46 1 6 1 
8 4 96 38 41 2 6 4 
9 3 42 41 58 6 9 1 
2 7 40 38 55 1 1 7 
3 3 37 58 51 4 0 9 
2 5 21 66 69 9 3 8 
3 3 31 61 77 3 1 3 
4 5 11 70 69 3 2 8 
3 6 50 76 78 1 3 9 
8 2 4 33 10 9 9 5 
5 1 25 45 28 5 2 3 
0 1 19 40 43 1 5 6 
3 3 55 44 39 3 1 5 
4 7 40 46 60 1 2 3 
4 3 80 37 37 0 5 5 
9 0 53 49 56 1 0 4 
7 9 22 45 84 1 5 9 
0 9 26 50 41 7 8 0 
6 7 34 68 71 8 8 2 
4 5 26 91 64 6 6 0 
2 7 69 69 49 5 7 9 
1 1 67 49 56 2 4 0 
0 9 45 111 80 5 2 3 
2 0 36 37 46 7 1 4 
8 6 33 18 54 8 7 0 
5 5 48 7 51 6 6 2 
7 4 23 33 11 4 2 1 
7 5 7 48 47 2 3 1 
1 9 41 45 53 5 0 6 
7 3 34 51 41 0 9 9 
5 7 0 42 36 0 6 8 
7 1 14 79 83 1 3 9 
1 6 69 64 72 7 3 9 
1 4 13 74 76 5 4 1 
1 3 31 56 42 5 8 3 
5 7 40 54 37 8 2 6 
5 8 37 43 26 3 1 8 
5 3 53 64 30 1 6 7 
0 5 19 40 42 9 6 4 
0 0 9 47 65 5 3 6 
4 5 33 61 21 5 2 6 
0 2 3 60 44 2 8 4 
7 3 21 59 71 5 2 1 
3 3 34 76 49 2 0 9 
9 1 0 44 50 6 2 8 
5 1 10 71 92 7 3 2 
3 4 25 52 37 6 9 0 
