8 4550
1 6 19 50 48 1 6 6 
0 8 6 47 16 7 5 1 
6 6 39 51 55 6 1 9 
3 8 0 39 67 4 3 9 
5 6 15 57 88 0 0 8 
8 2 47 38 12 2 3 6 
3 1 37 25 64 8 7 8 
1 1 53 43 48 7 8 2 
6 6 19 93 34 5 6 1 
6 0 14 30 48 5 9 2 
7 1 40 61 30 0 3 0 
5 9 6 58 50 0 4 2 
9 9 48 25 20 5 8 8 
8 4 65 10 68 5 6 8 
5 1 23 55 66 2 2 9 
8 8 33 50 57 1 9 9 
8 9 21 45 45 0 5 7 
2 1 25 45 68 3 4 4 
9 4 32 29 11 5 7 0 
0 6 19 50 43 4 7 4 
1 3 60 33 59 8 9 5 
0 5 37 64 67 9 6 3 
2 3 51 24 89 8 9 8 
7 6 24 78 49 4 1 3 
7 2 36 57 61 3 3 1 
7 9 7 44 46 8 1 6 
0 7 22 48 64 6 6 4 
2 8 18 31 22 2 3 2 
5 3 33 67 61 5 0 8 
0 2 35 65 66 4 0 5 
2 3 45 22 66 7 0 2 
0 7 26 47 10 2 6 0 
4 3 39 74 61 6 6 1 
1 0 45 42 8 6 0 1 
2 9 45 79 38 1 5 8 
4 2 13 49 64 7 1 4 
6 4 41 84 44 1 7 2 
7 2 48 32 76 6 8 1 
0 5 28 37 31 0 0 2 
9 7 47 34 11 6 6 3 
9 6 28 72 64 7 7 7 
9 4 43 65 76 4 8 5 
1 2 42 15 46 1 5 1 
8 6 51 27 65 7 0 3 
8 8 0 45 52 0 9 4 
3 4 3 66 87 0 6 8 
4 8 3 46 46 6 7 4 
4 4 28 74 104 6 7 1 
8 8 17 52 65 5 8 7 
4 2 5 42 82 5 3 8 
3 7 41 60 75 3 4 0 
5 0 18 120 28 9 9 6 
8 4 32 19 70 0 8 2 
4 4 0 31 30 9 8 5 
8 4 29 26 96 6 1 7 
6 1 64 61 35 6 1 6 
4 7 46 77 30 7 8 3 
8 3 6 79 70 8 5 1 
5 2 40 96 74 4 7 9 
3 4 22 71 44 3 1 0 
0 5 46 31 55 5 4 7 
3 9 75 43 20 1 9 3 
3 9 31 55 66 0 1 2 
5 6 41 24 49 6 3 9 
3 0 49 39 18 7 4 0 
7 1 8 72 39 2 5 5 
5 9 26 45 25 5 9 4 
9 8 37 45 52 3 9 4 
0 9 27 24 54 4 6 8 
0 0 15 31 89 1 4 8 
4 9 34 66 66 8 2 7 
6 2 43 52 90 6 5 1 
0 5 62 46 53 0 2 5 
5 5 9 32 44 3 6 6 
8 0 18 46 51 2 3 3 
4 6 77 71 76 2 9 9 
2 3 17 28 44 8 0 6 
0 1 30 57 64 6 6 7 
4 4 43 43 40 0 2 9 
0 0 34 47 30 5 6 8 
3 4 43 57 54 2 9 1 
3 3 49 57 69 7 1 0 
8 3 26 42 41 0 8 4 
7 3 19 66 38 5 5 8 
6 7 43 48 87 7 5 6 
0 8 23 47 75 7 3 4 
4 2 44 52 67 3 5 1 
6 4 24 55 16 4 4 7 
8 0 57 46 79 6 7 6 
2 0 30 51 55 9 3 9 
4 1 47 49 60 3 7 3 
9 8 35 58 47 9 2 2 
4 1 44 23 70 2 6 7 
8 0 52 48 56 6 7 1 
4 4 0 50 21 3 6 3 
9 2 12 40 41 2 3 1 
0 9 54 68 52 8 0 0 
3 3 57 46 7 8 9 6 
3 3 39 44 70 3 9 4 
4 3 48 88 50 4 3 5 
6 3 57 47 36 7 2 1 
4 2 3 14 30 7 6 8 
6 0 12 27 86 0 3 6 
7 4 2 23 62 7 1 5 
7 9 3 36 76 2 0 9 
5 2 0 30 86 2 2 7 
7 7 34 38 34 9 9 0 
4 6 15 19 37 2 6 9 
6 0 40 58 43 5 2 5 
4 3 18 49 23 1 8 4 
0 4 43 57 53 0 7 9 
6 1 90 22 27 7 6 6 
3 3 0 54 67 6 4 9 
7 8 40 70 74 1 1 4 
9 8 36 50 58 2 8 2 
1 2 41 74 54 7 9 2 
8 7 64 54 81 8 1 8 
6 2 50 40 75 1 1 9 
5 0 12 14 47 9 0 9 
3 1 23 73 60 7 9 9 
8 3 77 56 58 6 1 5 
4 1 43 47 89 6 7 3 
4 2 21 52 36 6 6 2 
7 0 39 25 76 5 8 9 
6 5 0 54 64 4 4 1 
5 1 55 63 19 3 4 2 
1 1 58 57 51 6 2 2 
3 3 31 23 47 6 2 0 
4 9 42 84 16 2 7 4 
9 3 23 63 29 0 9 6 
8 5 35 65 34 3 0 8 
1 8 2 5 58 0 5 5 
7 7 47 27 28 5 1 1 
5 6 15 73 21 3 2 2 
7 1 37 64 68 8 5 4 
4 5 20 69 50 2 2 8 
9 8 0 35 48 6 5 0 
2 1 27 66 53 7 8 7 
7 9 59 37 15 2 3 8 
7 1 7 55 45 2 3 3 
8 0 44 60 63 5 8 2 
6 2 99 44 28 5 7 0 
0 8 52 60 34 2 5 0 
5 2 8 24 47 9 1 3 
8 8 30 76 88 1 9 5 
6 3 38 54 16 2 1 6 
5 1 43 49 56 2 2 3 
2 8 28 42 42 0 6 5 
1 1 19 29 66 3 5 2 
7 9 6 45 55 1 6 0 
1 2 37 64 67 5 7 6 
4 7 34 13 38 3 2 2 
3 5 0 43 24 0 4 2 
8 4 0 18 7 1 6 3 
7 0 18 60 41 8 3 0 
9 4 62 25 52 0 4 7 
3 3 8 46 73 5 8 9 
4 8 26 63 49 9 1 4 
6 3 55 55 63 4 4 0 
6 2 27 58 51 0 0 5 
8 7 21 32 34 7 8 3 
2 5 4 40 66 6 5 7 
5 3 26 2 53 8 2 3 
9 3 37 54 66 1 1 4 
4 1 0 36 32 6 8 1 
8 3 12 94 25 9 0 9 
1 9 33 56 79 0 9 1 
7 2 0 56 37 9 8 2 
6 8 34 36 51 9 2 7 
9 5 27 30 4 7 9 2 
9 5 53 58 48 1 4 3 
8 5 65 49 19 5 8 8 
6 7 46 60 67 4 4 8 
3 3 19 0 49 1 1 3 
5 7 17 65 53 4 8 9 
3 2 28 71 82 2 1 7 
1 9 53 56 83 8 9 4 
1 5 32 45 21 0 3 7 
1 0 36 51 64 5 7 1 
9 9 52 27 56 7 7 6 
1 0 18 33 36 7 8 5 
1 0 47 33 76 6 6 2 
0 4 0 73 57 0 3 3 
1 5 15 50 59 1 8 8 
2 8 33 67 67 5 5 9 
9 0 18 98 26 7 7 6 
5 8 43 75 78 7 8 2 
2 1 59 55 31 7 8 9 
8 7 35 57 80 7 4 6 
7 5 65 21 61 2 0 8 
9 3 46 22 71 0 4 2 
1 4 0 52 71 5 5 2 
5 8 14 56 42 1 4 6 
8 7 34 52 37 6 1 1 
2 6 52 53 39 9 6 0 
6 5 34 41 63 6 3 9 
4 6 70 62 39 4 4 3 
6 9 30 55 44 2 5 2 
3 4 48 75 63 1 2 9 
5 4 47 66 45 8 1 6 
2 4 40 51 54 6 3 5 
3 7 36 59 8 1 6 8 
0 6 29 84 48 0 5 8 
8 1 37 59 68 7 2 7 
3 4 10 94 16 3 1 9 
4 5 39 32 56 7 9 4 
8 5 66 36 36 1 5 0 
7 0 40 41 53 3 0 0 
0 8 75 45 72 5 8 6 
3 7 62 59 11 2 4 5 
5 8 39 60 24 3 0 3 
2 0 42 38 19 7 0 1 
6 2 0 58 54 1 4 1 
9 9 0 54 30 5 3 8 
8 7 27 75 46 6 9 2 
5 2 24 89 20 5 2 7 
8 3 42 0 46 7 2 4 
4 0 31 58 49 7 2 5 
6 4 8 75 78 1 3 9 
2 6 19 1 38 7 3 9 
6 1 26 109 55 8 0 9 
9 0 38 70 49 8 0 5 
2 1 17 39 63 0 1 2 
2 3 0 48 63 2 4 3 
2 1 6 35 69 5 2 9 
5 4 12 66 106 0 2 2 
2 7 43 55 23 6 4 5 
5 9 10 95 36 9 3 6 
7 9 25 18 48 6 3 2 
5 4 15 73 70 9 1 3 
2 0 37 70 39 6 2 7 
4 7 42 63 62 7 8 0 
3 5 46 26 81 2 4 9 
4 0 34 56 26 9 0 8 
2 3 28 64 60 3 7 8 
3 2 79 73 47 6 3 9 
3 5 24 73 32 8 8 0 
6 6 9 48 38 6 5 9 
9 7 32 75 43 0 6 0 
2 5 18 49 12 6 0 4 
8 9 58 42 81 2 9 2 
1 5 6 61 41 2 4 4 
8 1 7 68 22 9 9 4 
7 2 31 31 28 5 3 4 
8 0 23 44 46 1 6 6 
1 5 1 37 74 9 4 3 
3 4 40 70 33 3 1 1 
4 4 36 48 94 8 6 7 
8 0 48 32 22 0 9 6 
5 4 43 52 56 0 6 1 
6 0 29 40 55 4 8 9 
3 8 8 44 11 6 6 6 
5 3 0 84 28 6 7 7 
3 5 47 28 25 3 9 0 
9 7 12 62 42 6 6 8 
9 6 28 38 32 3 7 6 
7 4 11 73 83 7 0 1 
6 0 26 46 76 7 0 2 
1 8 0 43 40 9 7 1 
1 9 43 37 23 8 1 9 
1 2 53 27 33 0 0 8 
7 7 32 27 51 5 4 2 
8 6 58 20 21 8 6 1 
9 5 22 44 49 7 0 1 
2 4 32 51 55 3 7 6 
6 1 25 43 57 6 7 5 
1 3 12 83 46 7 9 7 
3 0 27 59 27 8 9 2 
3 9 54 35 41 6 8 7 
9 2 35 48 71 8 1 7 
9 9 39 59 37 8 5 9 
6 1 16 16 63 5 7 9 
8 8 21 39 46 9 5 2 
1 0 26 33 9 5 2 9 
6 8 0 32 47 8 6 2 
9 2 26 47 8 3 4 5 
1 9 1 56 82 5 8 7 
2 5 23 35 28 8 0 2 
7 9 13 81 75 1 5 0 
1 6 18 39 70 1 8 7 
4 1 31 101 52 8 0 9 
7 9 49 29 50 0 4 8 
7 3 50 41 44 0 6 4 
6 2 57 99 24 5 8 5 
9 5 27 28 72 7 2 5 
3 5 32 67 68 6 0 5 
2 2 15 63 44 2 9 6 
9 5 38 39 36 7 0 0 
7 5 0 24 38 7 5 7 
3 3 44 46 72 0 3 9 
4 5 9 26 47 0 2 1 
9 8 29 80 56 0 3 1 
5 8 0 21 35 4 3 4 
7 3 22 72 33 3 3 4 
3 6 34 56 84 8 0 0 
7 5 58 77 32 5 0 4 
9 2 0 37 54 8 2 6 
8 2 0 50 38 1 4 4 
7 1 3 54 77 6 2 8 
6 3 17 38 52 4 4 5 
2 5 36 22 57 3 2 1 
8 4 59 61 58 9 4 7 
9 1 23 45 38 9 7 9 
8 8 38 19 51 4 7 9 
9 4 38 8 74 6 0 5 
1 1 38 69 50 7 3 2 
2 2 72 49 71 0 3 5 
5 2 38 79 72 4 7 9 
4 0 42 80 87 0 5 1 
4 5 18 71 55 7 4 4 
5 2 25 64 72 3 2 1 
1 0 45 55 33 0 0 4 
6 7 0 74 40 7 0 4 
5 8 10 61 69 6 2 5 
3 6 14 51 74 0 8 2 
5 3 44 66 62 7 8 1 
0 3 56 41 24 5 6 0 
3 3 32 42 64 0 9 5 
7 6 49 45 72 0 7 8 
3 3 32 56 57 1 3 9 
4 5 0 29 65 7 9 9 
6 9 22 86 30 1 0 6 
3 7 51 54 53 9 1 8 
5 0 22 60 57 6 1 2 
4 0 17 6 44 7 1 4 
2 6 88 66 63 8 4 4 
6 3 9 78 12 6 4 0 
3 9 7 20 56 7 7 9 
1 1 32 62 60 8 5 9 
7 7 15 22 77 8 6 6 
5 1 43 72 22 7 8 5 
5 7 15 64 94 6 5 1 
2 8 8 109 30 8 2 4 
9 7 28 38 54 8 0 6 
3 5 51 72 15 6 6 0 
3 6 26 55 71 7 7 5 
8 4 9 67 53 0 6 2 
1 0 38 65 33 3 7 8 
6 3 64 37 55 1 4 9 
8 2 30 98 38 0 2 0 
1 8 30 38 55 1 8 4 
0 8 20 55 28 8 7 9 
3 3 56 64 37 1 6 0 
4 4 13 65 50 8 6 8 
3 6 26 63 47 2 8 6 
9 4 25 27 72 0 1 9 
7 8 43 50 35 9 6 4 
7 3 43 60 18 7 2 0 
3 4 11 30 87 7 8 0 
5 9 9 32 45 2 2 0 
3 7 62 22 50 4 5 5 
1 5 33 38 39 5 3 1 
0 0 12 47 42 3 6 8 
6 1 23 59 33 5 1 5 
7 7 28 11 54 6 7 9 
0 9 8 31 43 5 6 3 
1 1 42 37 38 4 5 3 
9 0 38 54 36 6 9 0 
6 7 19 56 31 3 9 5 
0 0 35 0 37 7 4 4 
6 8 35 78 18 5 1 5 
5 7 15 57 57 1 9 2 
1 1 4 45 52 0 3 2 
1 6 41 48 43 6 9 7 
1 9 53 58 37 0 9 6 
3 2 34 29 41 4 9 6 
3 6 39 50 70 1 8 6 
6 3 35 57 54 0 2 9 
8 0 19 60 48 1 5 7 
5 8 8 37 87 5 7 0 
6 7 14 49 48 1 1 8 
6 4 31 30 38 4 2 6 
8 6 13 30 27 7 0 5 
3 9 59 8 58 9 2 3 
2 4 18 80 53 9 2 2 
7 3 73 40 56 1 0 8 
8 9 0 77 4 2 9 5 
8 6 40 84 50 9 2 3 
6 6 40 49 49 9 5 7 
1 2 9 43 59 2 1 1 
2 8 8 60 46 4 2 0 
9 2 42 39 58 0 2 5 
9 8 38 41 48 8 2 7 
8 8 45 67 52 2 6 4 
6 6 31 50 31 3 3 0 
4 3 18 21 47 8 0 4 
9 7 66 55 73 5 3 0 
7 2 4 51 59 2 5 8 
7 5 21 69 41 1 0 4 
4 2 0 33 49 4 7 1 
3 9 9 52 26 2 4 6 
0 9 20 87 23 7 6 6 
2 6 0 48 58 2 6 0 
3 8 31 56 44 7 1 5 
2 8 30 43 41 8 7 0 
7 3 41 55 47 4 5 4 
5 8 17 60 32 3 1 7 
9 3 33 67 47 1 7 3 
8 5 55 16 57 4 2 9 
8 0 0 43 29 0 5 6 
8 4 19 50 20 6 9 2 
8 7 23 32 59 4 7 8 
0 9 39 61 84 7 0 9 
1 4 35 79 48 2 5 8 
9 8 11 48 60 4 2 4 
5 3 56 22 50 3 2 7 
9 7 33 41 19 1 3 4 
4 0 54 37 8 1 5 1 
6 0 61 82 69 0 6 4 
2 6 42 80 58 0 8 9 
2 7 10 27 53 0 3 0 
8 3 33 36 37 2 1 9 
5 4 54 60 61 9 0 8 
2 2 55 9 37 2 7 6 
3 6 49 47 51 7 0 0 
8 3 34 52 27 3 6 5 
4 1 28 52 38 6 0 5 
9 5 10 86 60 2 8 4 
1 9 40 40 70 1 6 4 
6 0 50 56 49 1 0 0 
6 8 47 34 30 8 8 2 
3 6 6 17 19 9 9 7 
8 0 27 38 48 6 6 9 
7 0 27 51 64 5 6 2 
1 8 27 68 65 5 8 3 
1 2 46 52 89 5 8 0 
5 8 71 46 45 2 5 7 
2 8 20 44 40 6 2 5 
4 3 38 36 72 6 8 9 
3 0 23 89 58 2 3 3 
5 1 21 48 28 7 0 3 
7 7 21 24 71 6 6 2 
8 3 54 77 41 0 0 1 
0 2 40 53 61 0 7 5 
9 3 58 54 32 5 4 4 
4 6 24 26 91 3 4 6 
1 8 11 47 75 9 7 6 
3 8 29 48 70 9 0 9 
0 2 0 75 57 6 1 9 
8 4 33 68 68 5 7 0 
6 5 44 28 80 3 7 5 
5 0 46 57 96 1 6 8 
5 2 57 32 40 7 1 0 
0 9 49 46 43 7 7 0 
3 3 49 81 58 8 1 2 
4 6 72 57 82 2 2 3 
9 5 37 21 27 2 8 7 
6 9 0 65 75 4 7 5 
7 2 45 71 41 0 2 7 
5 3 0 64 53 4 9 6 
6 3 51 14 35 1 7 3 
6 6 28 75 65 6 1 2 
2 7 13 66 34 1 1 2 
5 1 35 39 66 0 9 4 
4 9 32 69 37 2 4 5 
6 6 33 48 52 4 1 2 
8 3 40 44 40 2 9 2 
6 5 38 51 60 2 9 2 
9 4 48 26 56 9 8 3 
3 8 18 60 97 2 0 0 
1 4 107 88 42 6 9 8 
7 6 41 56 27 9 6 3 
3 8 21 50 61 5 3 5 
6 1 22 28 58 6 1 0 
4 7 52 34 28 1 4 7 
3 1 16 45 30 8 2 7 
6 0 24 41 30 1 8 1 
6 3 26 42 50 2 7 8 
4 7 28 41 44 2 8 2 
8 8 18 52 16 9 4 7 
4 9 21 43 73 9 8 5 
2 2 50 60 52 9 6 7 
9 1 29 72 85 2 1 3 
9 2 0 58 40 0 3 0 
1 1 59 32 28 8 7 9 
6 6 7 84 63 2 5 4 
2 0 23 53 36 0 8 9 
6 6 12 38 64 4 8 3 
7 3 31 39 61 6 2 3 
5 5 50 48 47 9 6 8 
0 5 9 13 59 4 2 9 
7 2 43 47 34 4 1 2 
3 8 14 78 71 1 8 8 
6 7 42 43 61 7 5 3 
8 8 35 23 57 3 7 3 
7 5 23 47 54 4 2 7 
5 8 34 73 53 7 0 0 
3 8 1 28 40 1 4 3 
1 7 16 36 26 7 4 6 
5 0 32 25 56 4 6 3 
3 2 56 84 61 5 8 1 
0 5 46 52 76 2 1 5 
1 9 42 30 25 8 5 5 
6 2 65 69 8 5 6 5 
3 3 10 64 80 7 3 5 
4 7 36 78 80 1 2 6 
2 9 0 57 62 5 3 8 
9 4 28 55 56 1 1 1 
3 0 27 42 27 8 4 0 
3 9 46 20 63 6 7 5 
4 5 56 48 35 7 4 3 
1 9 65 47 26 6 2 2 
2 8 9 37 52 7 0 6 
5 2 44 40 49 7 7 8 
8 3 0 47 32 2 4 8 
1 6 40 44 42 9 1 0 
3 3 5 39 5 3 1 9 
8 1 18 34 32 5 7 5 
9 1 12 52 48 0 5 9 
5 7 0 74 41 8 0 8 
3 3 0 68 73 2 0 7 
0 1 3 61 26 2 1 5 
2 8 15 54 30 4 9 9 
2 7 20 42 74 7 3 9 
6 3 15 36 27 7 5 7 
1 8 23 32 74 7 8 6 
8 7 84 41 34 7 0 4 
8 9 58 39 42 4 5 7 
8 9 17 31 78 8 8 3 
5 3 41 61 59 7 7 1 
6 2 4 26 82 6 7 4 
0 1 0 53 91 5 4 1 
5 5 58 53 77 8 3 8 
7 9 3 92 27 4 9 7 
0 2 30 42 70 1 9 2 
3 1 24 25 63 4 2 4 
4 7 35 66 48 4 2 4 
7 1 26 63 63 0 9 5 
0 7 25 34 17 3 7 4 
5 9 48 42 24 2 2 6 
2 9 8 47 71 3 5 0 
8 2 13 72 73 6 0 4 
9 2 47 54 46 2 3 4 
1 5 7 18 46 7 7 8 
4 4 18 40 52 6 2 5 
8 5 30 2 74 1 3 4 
2 4 17 53 40 2 9 6 
6 8 51 33 50 2 8 6 
4 4 31 29 78 1 1 8 
1 0 54 57 56 6 7 1 
5 3 12 34 61 5 2 8 
3 3 24 55 43 3 6 8 
2 2 36 34 57 1 8 8 
8 4 13 14 41 3 2 8 
0 8 23 50 50 4 0 6 
4 2 41 60 41 2 0 6 
9 4 43 47 37 6 5 0 
0 4 22 62 56 9 6 3 
2 0 40 75 83 5 8 0 
6 4 17 37 55 0 3 2 
8 3 49 29 35 1 9 8 
7 5 38 55 59 2 2 2 
3 0 0 50 38 1 2 8 
4 9 32 0 27 5 1 3 
2 0 57 61 69 2 1 6 
9 9 62 66 39 1 6 3 
5 2 25 41 17 1 5 4 
4 0 30 78 43 1 7 1 
4 1 33 40 7 4 8 6 
9 5 10 14 42 7 4 2 
7 0 45 59 89 7 1 7 
2 7 41 74 45 7 3 4 
3 4 5 85 44 3 5 1 
9 2 20 54 74 0 8 5 
1 1 4 41 45 4 7 6 
1 6 0 54 77 6 3 2 
8 2 2 40 80 9 6 2 
7 4 82 47 63 6 5 9 
4 5 13 51 71 8 2 6 
8 4 52 45 63 8 0 4 
0 9 11 65 62 8 8 4 
2 9 61 10 78 9 2 7 
1 0 0 43 59 3 2 4 
1 7 17 69 28 4 7 8 
9 5 45 30 76 3 9 5 
6 9 54 37 52 4 6 0 
1 3 38 23 60 1 2 8 
0 0 19 47 61 7 2 3 
0 1 0 42 30 8 4 1 
1 3 20 70 27 3 1 5 
4 5 9 54 66 7 7 4 
5 6 60 62 67 4 9 5 
7 0 36 67 60 4 3 3 
8 9 10 63 60 3 4 4 
5 0 12 108 79 0 5 2 
8 9 36 20 32 3 9 5 
3 0 20 48 59 8 3 8 
7 7 28 63 53 5 5 9 
3 5 57 86 47 0 7 0 
9 7 21 57 50 5 6 6 
2 8 28 57 47 7 4 5 
9 2 22 65 41 2 3 5 
2 5 21 66 51 8 5 2 
9 5 29 59 53 3 2 6 
2 5 27 67 36 1 8 2 
4 2 11 71 74 0 9 4 
7 6 5 88 47 3 7 9 
1 8 4 92 63 0 6 2 
7 5 43 26 45 5 2 2 
3 7 17 65 68 9 7 5 
1 2 17 48 0 8 1 3 
9 7 49 51 34 2 4 3 
9 3 4 25 58 7 6 4 
6 1 49 63 10 1 8 0 
9 6 42 19 16 9 7 6 
5 7 21 67 70 0 2 7 
5 0 14 59 30 0 1 1 
0 0 14 80 38 7 9 7 
1 4 22 66 76 2 1 0 
9 8 44 32 33 8 3 7 
6 6 16 50 35 9 2 8 
6 7 19 48 18 0 0 8 
0 9 31 50 62 6 3 4 
4 3 14 60 28 5 0 7 
8 1 5 47 7 8 3 8 
5 3 54 96 64 4 8 6 
4 4 44 67 21 5 1 0 
1 9 33 35 37 7 0 3 
7 2 11 26 76 9 2 0 
0 3 0 57 53 6 8 7 
5 1 28 60 62 2 6 4 
6 8 34 98 53 4 1 1 
5 4 17 32 48 1 3 3 
7 4 7 12 65 7 9 8 
4 2 27 36 47 9 8 2 
6 7 11 72 38 9 1 6 
1 3 25 44 58 5 8 4 
4 6 30 41 20 0 4 9 
1 1 24 69 64 6 3 3 
6 6 17 22 62 0 0 0 
1 1 34 51 83 2 0 5 
6 2 10 57 70 1 9 2 
1 1 37 37 41 0 1 4 
9 9 16 82 75 6 3 1 
3 9 0 62 72 8 1 2 
0 3 33 85 51 6 2 1 
3 9 40 107 15 0 6 5 
9 2 3 66 31 2 4 1 
2 8 15 66 37 8 8 8 
6 9 19 47 49 9 1 3 
9 7 11 26 71 9 3 6 
5 1 49 56 58 4 3 2 
9 6 49 61 67 2 7 6 
8 0 36 37 38 4 7 3 
0 8 33 62 69 7 2 9 
8 6 26 35 8 1 5 7 
5 1 28 15 74 1 3 9 
8 6 47 61 59 0 6 8 
2 8 0 50 26 5 7 9 
5 9 21 21 38 3 5 6 
2 8 51 46 33 7 8 2 
2 6 30 20 12 4 2 4 
8 4 62 10 91 4 4 1 
0 1 20 48 44 7 6 0 
7 6 52 52 43 8 2 2 
0 4 81 77 59 5 7 1 
3 6 19 32 60 0 7 8 
5 8 34 69 35 5 2 1 
2 0 44 52 43 7 8 8 
0 7 57 62 52 6 3 5 
1 0 19 8 16 6 4 6 
2 1 42 47 17 5 1 8 
3 6 37 33 45 4 4 2 
4 4 46 44 30 1 8 5 
8 1 48 67 37 5 2 7 
9 7 21 70 43 2 6 3 
0 9 51 53 54 4 6 0 
6 9 14 75 4 2 2 8 
3 4 22 50 67 0 0 4 
3 3 0 21 46 0 0 3 
4 2 22 35 99 0 0 6 
8 3 65 48 68 6 2 8 
7 2 20 16 31 5 1 7 
8 4 29 41 54 1 3 8 
3 2 39 62 40 7 6 9 
1 6 49 17 33 2 4 1 
0 6 46 52 53 4 1 2 
2 5 35 34 70 4 3 0 
4 8 43 20 32 6 7 8 
7 1 15 39 32 5 6 8 
0 3 46 76 49 0 2 2 
3 2 54 33 50 7 3 4 
8 4 1 13 66 5 2 1 
1 5 32 117 36 4 4 1 
5 3 57 52 53 1 6 6 
1 4 34 108 51 4 2 9 
4 2 58 54 60 2 3 1 
0 1 0 44 33 2 3 0 
9 9 44 50 48 2 2 7 
9 3 0 32 87 5 0 0 
8 2 18 69 33 3 3 2 
1 5 19 54 83 8 7 4 
9 9 5 73 64 2 1 2 
9 3 25 45 69 4 8 5 
1 9 4 67 68 7 6 7 
9 2 47 62 60 0 1 3 
7 9 54 76 70 6 1 0 
4 3 41 61 44 7 0 7 
6 3 61 39 44 4 4 9 
9 4 4 84 62 0 8 9 
4 7 9 44 42 3 9 1 
6 0 24 68 17 0 4 9 
2 6 42 44 62 0 3 8 
4 1 15 63 78 0 6 4 
9 2 45 64 42 8 8 3 
1 7 36 56 73 8 5 8 
5 8 58 36 22 5 9 7 
1 6 37 60 65 7 4 1 
1 6 64 59 59 4 8 1 
6 2 30 51 57 3 6 5 
3 9 28 48 66 1 2 5 
0 7 0 21 34 0 7 5 
2 7 23 53 47 8 5 8 
4 1 0 62 57 8 4 1 
7 0 38 3 50 9 0 9 
8 1 15 39 82 4 4 4 
7 8 34 34 57 0 0 2 
9 4 66 65 48 2 3 1 
4 3 48 55 39 9 3 0 
2 7 54 64 26 2 1 3 
0 1 26 18 25 6 2 8 
4 0 0 57 54 4 9 7 
4 7 33 35 41 0 0 3 
9 9 60 32 64 0 6 1 
7 2 0 32 57 9 6 4 
6 0 40 61 46 5 8 4 
7 7 32 21 66 4 2 2 
0 4 13 39 65 8 9 4 
0 7 0 57 63 7 5 0 
1 8 31 0 35 6 3 6 
0 0 0 68 28 3 0 4 
3 2 50 42 32 2 9 8 
5 3 18 37 79 1 1 4 
0 7 60 89 36 1 0 6 
7 7 44 1 70 0 6 0 
0 2 15 42 7 5 0 6 
9 2 44 41 23 8 3 4 
0 0 0 47 24 3 2 1 
7 8 47 74 81 8 3 0 
3 3 61 24 43 9 4 4 
4 7 61 51 51 9 4 8 
0 2 76 45 57 4 0 4 
5 5 45 39 38 5 7 2 
1 9 33 23 6 7 5 4 
7 9 28 54 28 5 2 9 
8 4 21 38 37 2 7 9 
3 1 39 85 44 2 5 9 
6 7 48 46 64 1 7 0 
6 9 62 36 64 2 3 0 
0 6 13 46 75 9 2 7 
5 2 45 63 46 2 6 9 
8 4 52 23 77 8 2 9 
4 9 3 21 60 2 4 7 
4 6 44 56 40 4 7 2 
8 4 9 73 51 8 3 1 
0 7 11 3 73 3 4 1 
6 1 53 42 33 9 6 9 
4 7 30 47 39 6 6 7 
4 2 12 57 69 6 5 8 
5 8 5 53 80 5 2 2 
6 2 30 73 17 0 4 5 
7 4 0 53 48 4 1 9 
4 4 5 44 65 7 3 9 
0 8 21 46 43 3 8 0 
0 9 43 36 70 4 9 7 
3 1 52 100 86 3 9 6 
1 4 28 10 57 5 1 0 
7 6 8 36 8 5 0 5 
5 2 28 54 31 0 4 7 
7 3 37 53 42 1 1 8 
7 4 6 70 61 7 6 5 
8 2 11 44 84 5 5 8 
0 5 5 42 54 1 9 4 
0 3 27 58 24 9 3 1 
0 7 17 42 88 5 6 1 
7 2 12 55 59 8 5 0 
2 1 28 75 37 6 5 1 
9 3 12 66 77 8 1 7 
3 6 20 45 39 5 9 1 
7 7 18 59 27 6 9 4 
9 4 14 42 7 7 0 7 
7 4 8 28 68 5 3 7 
8 1 34 28 53 5 0 9 
2 6 51 28 47 3 8 0 
9 8 37 50 56 7 7 6 
0 1 40 32 41 5 9 3 
7 3 38 29 25 0 2 2 
3 6 4 45 59 5 7 8 
6 8 63 57 74 4 2 8 
7 0 53 45 24 0 6 7 
1 5 38 42 32 0 9 7 
3 0 28 54 37 0 3 7 
1 5 36 34 101 6 5 8 
8 7 0 59 49 4 6 1 
3 9 40 45 47 6 1 7 
6 2 0 67 41 9 5 0 
5 6 23 53 32 4 9 8 
0 4 38 43 5 7 9 6 
6 1 48 72 68 0 7 5 
8 9 32 71 74 4 1 3 
5 4 49 28 69 7 1 6 
6 6 20 86 38 2 9 1 
8 4 18 59 55 7 8 6 
7 1 60 80 67 7 5 4 
9 1 48 63 41 3 4 8 
5 9 0 53 39 7 6 1 
7 9 10 69 68 0 6 4 
1 4 64 78 68 9 4 9 
3 0 50 62 14 9 5 2 
5 5 78 37 46 4 2 2 
7 5 47 39 61 5 9 8 
7 1 54 20 43 6 9 8 
5 5 55 68 14 7 8 0 
4 2 35 61 51 2 5 0 
5 8 58 66 46 3 3 5 
0 2 39 57 49 6 3 4 
5 9 58 36 75 7 3 6 
6 4 47 40 55 5 9 0 
2 2 12 9 62 3 7 1 
1 7 30 35 81 9 2 4 
8 9 27 55 62 6 7 3 
7 9 44 39 67 1 0 2 
7 1 6 35 43 1 5 6 
8 3 31 57 13 8 7 9 
1 3 58 16 49 3 0 8 
4 1 27 46 68 6 4 8 
1 0 32 74 66 0 7 5 
9 5 65 38 35 6 4 0 
0 3 35 22 33 6 8 7 
7 7 24 4 52 3 5 8 
1 1 43 59 52 2 8 4 
9 5 8 48 57 0 7 3 
8 0 82 73 39 1 8 5 
7 4 26 60 38 9 0 5 
2 3 62 63 83 9 3 2 
8 6 33 64 50 9 8 5 
7 6 46 60 20 8 3 3 
6 5 60 62 76 3 9 0 
5 6 23 75 38 9 5 6 
7 7 48 15 29 6 5 6 
4 3 36 65 21 5 4 2 
9 5 37 38 27 2 9 7 
3 5 25 53 61 9 8 0 
1 0 0 64 40 1 1 3 
7 4 18 51 63 7 6 9 
4 3 44 45 51 9 3 1 
8 3 15 66 72 9 0 9 
1 6 20 54 27 2 3 6 
7 3 23 77 1 5 6 1 
0 8 66 65 45 6 7 2 
2 2 33 79 50 4 9 4 
5 0 2 24 36 4 1 7 
3 5 47 54 90 7 6 5 
9 0 23 50 57 6 2 2 
8 2 12 68 41 3 6 0 
2 8 22 47 50 1 2 3 
1 6 21 63 16 4 6 9 
4 8 44 62 22 6 2 3 
7 2 21 37 68 4 0 8 
8 3 39 30 52 2 0 8 
5 3 21 51 54 6 6 8 
4 2 30 21 50 9 4 1 
0 6 32 77 72 7 5 0 
4 5 49 42 37 8 5 4 
3 5 32 82 22 4 7 7 
4 9 34 76 56 0 8 2 
9 7 31 8 84 6 2 9 
2 2 36 54 69 5 0 8 
1 1 34 51 13 1 3 3 
5 1 50 42 31 7 4 1 
2 3 41 58 40 1 0 5 
8 4 42 30 37 9 8 3 
0 9 13 52 38 2 9 5 
6 2 3 56 59 9 9 0 
9 1 40 10 42 4 8 1 
9 8 27 62 19 3 4 9 
6 4 22 95 43 6 9 3 
7 4 2 66 73 5 6 5 
3 1 16 15 55 6 4 0 
1 2 58 44 32 7 2 7 
0 8 27 69 54 1 8 9 
3 4 62 78 52 9 7 5 
7 3 35 45 78 6 4 9 
8 1 15 54 124 6 0 5 
9 9 39 32 43 8 3 8 
6 9 49 44 49 3 8 0 
5 8 41 87 20 8 7 6 
7 2 0 20 59 3 7 0 
4 8 10 46 58 5 5 4 
0 9 17 10 40 3 9 2 
3 2 14 49 44 1 4 9 
1 0 25 64 34 2 4 5 
3 0 1 37 40 1 8 1 
8 6 9 65 28 3 2 7 
0 0 53 28 54 7 8 8 
3 2 31 68 65 8 7 7 
8 6 41 36 28 4 5 4 
0 5 22 57 44 4 5 1 
1 3 31 101 35 1 1 9 
4 5 51 60 66 4 5 8 
8 8 70 92 33 7 6 7 
0 0 23 49 41 2 2 5 
2 0 53 32 76 0 3 4 
5 2 13 54 34 9 2 1 
2 7 52 52 56 6 9 6 
7 0 43 40 33 0 0 7 
6 6 41 59 24 5 1 0 
6 3 25 24 48 1 7 5 
1 9 40 80 38 0 7 2 
5 2 60 55 43 2 9 0 
6 1 13 20 30 1 8 0 
7 9 52 48 60 0 2 3 
0 1 27 41 69 0 6 3 
5 2 28 37 65 8 0 1 
7 4 3 39 20 2 9 0 
0 3 30 78 41 9 1 8 
9 7 33 21 72 2 0 3 
4 3 25 26 63 4 4 7 
5 6 65 60 0 2 7 7 
0 6 42 47 20 6 9 7 
5 9 46 57 46 2 0 9 
2 7 16 76 36 9 0 4 
1 9 29 58 28 9 3 0 
5 1 49 7 41 5 4 8 
8 1 48 24 48 8 2 6 
4 4 38 33 56 0 0 3 
0 8 50 56 32 0 8 7 
2 5 38 21 73 3 7 0 
0 0 14 48 75 4 1 7 
6 3 21 39 32 6 6 1 
4 6 4 74 27 6 0 9 
2 3 45 19 81 1 9 2 
3 0 36 61 64 3 6 0 
7 4 18 37 44 0 4 2 
2 9 43 41 1 3 0 0 
1 7 47 55 67 2 6 4 
9 4 76 22 53 4 1 7 
0 3 29 61 61 2 5 5 
0 1 46 79 59 7 9 3 
4 0 45 32 46 2 2 7 
9 1 33 12 48 5 4 7 
4 8 44 42 61 9 9 9 
3 0 50 53 37 0 9 6 
7 0 4 61 49 7 1 9 
3 4 3 57 112 2 3 5 
9 6 36 46 74 1 8 6 
5 8 36 31 101 8 5 8 
9 5 36 23 20 7 3 5 
3 7 16 56 56 2 5 1 
3 9 13 60 92 2 1 1 
4 0 38 45 17 6 0 1 
0 2 18 35 54 5 5 7 
0 0 31 87 43 4 5 4 
5 2 42 35 41 9 0 7 
0 8 48 71 59 2 2 9 
6 2 4 82 92 2 7 4 
5 0 37 40 73 4 6 3 
7 2 7 69 50 5 3 3 
4 5 0 47 25 1 5 0 
7 9 45 68 47 3 9 4 
1 3 46 15 56 1 5 6 
3 6 17 49 29 3 5 6 
4 7 16 79 42 9 4 5 
7 2 33 31 46 6 8 1 
7 4 2 60 63 8 9 4 
9 6 4 54 87 4 3 3 
0 9 42 39 33 3 1 4 
7 2 26 70 28 1 0 3 
1 2 20 46 22 2 6 6 
3 3 13 64 56 5 3 7 
6 2 22 83 68 5 5 6 
5 4 51 70 22 5 7 6 
0 0 32 53 65 8 3 0 
0 4 43 104 66 5 6 3 
8 8 31 67 46 9 4 4 
0 9 0 41 30 3 4 0 
9 0 89 35 55 2 4 4 
3 1 44 66 67 2 5 3 
5 6 24 35 29 4 5 0 
6 4 26 54 60 1 3 9 
5 4 0 46 30 6 4 3 
9 3 17 43 72 3 6 3 
8 4 2 32 61 1 0 2 
4 3 23 31 46 9 8 7 
8 1 38 13 47 0 1 9 
0 2 19 89 90 0 0 1 
6 2 72 68 99 6 7 5 
5 1 59 53 66 2 8 3 
1 6 22 85 94 4 9 4 
0 5 37 37 66 3 6 9 
5 2 41 64 46 8 8 9 
7 0 38 41 86 7 2 6 
4 8 14 77 67 8 3 2 
2 5 37 35 12 3 4 7 
5 8 60 82 38 6 2 2 
8 4 37 45 14 9 0 4 
1 0 38 49 63 5 2 9 
7 7 33 55 78 2 3 5 
4 5 33 53 41 8 9 3 
7 0 17 58 68 5 8 6 
0 7 5 64 66 5 1 3 
2 2 16 73 53 6 8 5 
3 9 31 94 60 6 6 9 
5 9 44 43 62 5 8 6 
1 6 25 25 79 2 6 7 
4 8 18 68 47 3 5 7 
7 2 38 49 1 1 3 0 
1 6 16 59 47 8 1 1 
3 6 47 70 49 2 8 9 
1 2 41 4 63 9 0 9 
4 4 19 89 36 2 2 9 
6 7 0 53 72 8 0 7 
2 2 66 0 50 0 9 5 
5 9 21 36 15 4 9 9 
9 8 29 77 57 8 8 4 
4 7 21 44 66 0 3 0 
6 5 31 64 23 6 0 0 
0 5 14 17 44 1 8 3 
1 3 32 39 54 5 4 2 
5 2 38 81 37 5 5 3 
6 9 44 24 49 2 4 0 
3 5 37 55 47 8 9 5 
1 4 21 45 16 4 3 3 
9 2 31 57 41 3 2 9 
9 9 0 70 30 0 5 6 
9 1 23 52 47 3 3 4 
8 4 0 54 25 6 5 6 
7 0 22 23 54 2 2 5 
5 4 0 19 9 9 9 8 
8 6 19 46 51 0 4 6 
6 5 11 59 55 3 7 7 
2 0 37 78 27 4 7 8 
3 7 19 65 44 7 0 3 
1 2 50 37 56 1 1 7 
3 1 19 52 34 3 3 4 
3 7 33 76 56 8 1 1 
0 3 45 21 54 9 0 8 
1 9 28 75 0 2 7 1 
2 3 29 87 19 7 9 9 
1 0 30 59 44 0 6 1 
5 0 14 49 86 5 5 6 
9 8 5 25 59 3 0 5 
6 9 14 26 52 8 4 9 
4 3 29 63 36 2 4 0 
6 1 25 61 49 0 2 1 
4 5 33 73 43 2 2 6 
4 2 32 80 41 7 0 0 
8 8 50 44 40 9 8 1 
0 7 38 28 81 8 4 6 
7 1 34 71 68 0 7 3 
7 1 22 67 26 9 4 9 
1 4 62 57 64 5 4 5 
1 1 27 16 24 2 7 3 
4 1 39 47 46 6 5 6 
4 7 47 40 30 4 1 5 
5 8 55 100 42 3 8 1 
8 5 36 71 40 3 5 6 
8 1 31 36 62 1 9 0 
7 0 15 60 56 8 0 7 
2 7 45 45 46 9 0 0 
2 2 39 75 46 3 0 3 
4 3 1 14 55 2 7 5 
8 9 8 55 81 9 7 5 
4 1 43 44 48 4 9 9 
2 7 10 45 67 3 0 1 
5 2 24 56 65 0 8 8 
3 8 25 37 33 2 0 0 
2 2 34 25 67 2 5 9 
2 0 40 4 66 9 1 2 
1 7 36 48 72 1 3 1 
0 0 15 47 50 0 5 5 
5 5 58 53 64 4 3 7 
0 9 40 33 61 2 2 7 
7 5 65 32 62 1 9 1 
9 0 60 53 22 6 6 5 
9 6 1 41 5 9 4 5 
8 4 29 63 43 6 3 4 
3 1 29 85 65 1 1 2 
8 9 56 8 46 3 6 8 
3 7 32 39 59 7 1 2 
5 9 17 60 41 3 4 0 
7 0 36 55 80 3 5 5 
4 5 0 41 41 5 9 1 
3 8 17 51 46 9 0 8 
6 1 0 59 39 6 0 7 
2 2 12 58 64 6 1 8 
6 2 43 48 51 7 7 0 
0 5 58 69 0 6 7 1 
2 4 7 75 47 0 9 8 
5 2 31 80 43 8 8 3 
2 7 36 62 49 2 3 9 
8 6 3 37 50 3 1 9 
4 0 12 33 36 9 6 5 
2 1 26 59 44 6 1 3 
0 6 48 27 48 1 3 4 
1 7 2 29 60 0 3 6 
5 5 56 43 50 5 8 1 
7 7 27 45 71 2 8 3 
3 3 36 40 29 1 2 4 
7 4 14 29 40 3 5 7 
0 0 28 60 87 2 9 1 
5 7 44 69 0 0 0 3 
8 7 33 56 70 3 3 7 
0 4 46 59 33 7 6 2 
9 1 11 30 24 2 1 3 
2 8 57 29 72 5 0 8 
4 4 32 66 83 3 4 2 
6 0 41 34 46 9 6 3 
3 3 18 62 48 8 5 8 
6 4 68 27 65 3 0 3 
9 4 51 0 19 4 4 5 
1 9 24 25 28 8 8 1 
7 2 41 76 37 6 2 2 
8 4 31 54 25 1 5 9 
7 8 22 54 73 9 9 5 
0 0 28 26 57 1 1 3 
9 8 55 85 0 0 6 2 
8 8 52 84 37 8 1 0 
8 3 48 61 53 6 5 9 
4 6 40 71 55 7 3 5 
7 2 19 51 48 5 4 0 
8 9 37 21 47 5 8 9 
1 1 47 32 52 6 8 1 
5 9 50 61 74 6 5 2 
0 2 23 50 75 7 2 9 
9 2 15 48 55 6 5 0 
4 6 30 45 24 5 0 8 
8 5 41 86 60 3 0 7 
1 9 17 38 39 4 8 2 
6 2 5 56 58 0 1 6 
2 5 35 77 30 7 4 1 
7 9 78 34 68 6 6 8 
9 8 6 31 19 0 2 5 
0 0 12 56 43 9 9 1 
9 3 35 31 56 6 4 3 
4 5 27 36 54 6 4 3 
6 0 34 85 53 8 8 8 
4 3 28 42 54 0 7 3 
6 1 16 67 66 9 8 4 
4 4 39 9 20 9 7 6 
2 2 24 26 60 0 1 9 
3 9 30 36 49 2 4 5 
8 2 49 74 10 4 9 2 
2 7 7 55 30 9 3 5 
7 9 29 48 47 7 2 3 
3 0 49 65 72 8 2 4 
0 4 24 71 74 1 5 3 
7 5 17 21 38 9 7 0 
4 3 13 51 46 7 2 7 
0 2 33 74 61 5 6 0 
7 2 0 49 62 2 0 2 
6 2 41 28 18 2 3 4 
2 9 58 28 42 8 3 4 
3 8 6 64 27 8 4 0 
9 7 11 91 59 6 2 6 
9 9 15 17 47 1 4 8 
6 5 29 57 46 1 0 4 
9 9 48 78 54 9 7 1 
1 0 29 21 39 3 9 4 
1 1 71 45 65 8 3 2 
8 7 30 46 14 1 3 8 
7 8 38 48 12 3 0 7 
8 6 65 56 51 3 4 3 
8 5 39 58 40 8 7 5 
7 0 0 60 48 6 3 2 
7 0 65 22 62 9 8 8 
2 0 13 23 63 0 3 4 
2 6 0 43 83 4 7 1 
4 5 28 50 55 6 8 4 
2 3 33 26 29 5 4 3 
4 2 69 71 78 9 0 6 
3 2 33 66 51 2 9 8 
8 6 0 47 33 0 9 5 
9 4 65 48 54 4 2 2 
0 5 43 61 43 9 0 4 
4 4 38 56 19 3 7 5 
3 1 69 11 40 1 2 9 
4 9 0 44 46 2 0 7 
2 2 41 30 49 9 7 8 
8 5 85 33 10 5 5 2 
3 5 11 55 33 6 5 9 
9 1 0 67 30 6 4 4 
7 4 23 63 29 8 3 3 
2 0 36 43 55 9 0 7 
8 0 3 71 32 5 3 1 
7 7 40 75 40 4 5 1 
3 2 8 36 67 6 4 2 
6 7 42 88 55 4 7 4 
2 0 57 42 44 2 2 3 
7 2 40 33 24 4 4 6 
0 7 32 73 46 3 6 5 
5 6 26 50 4 0 1 0 
7 9 0 20 41 0 2 3 
2 2 27 46 37 5 7 6 
8 8 40 69 37 8 5 1 
7 7 38 0 96 4 7 8 
8 5 35 59 42 8 6 7 
7 3 13 73 54 3 1 4 
0 9 42 22 19 6 3 3 
5 5 48 52 33 9 9 8 
1 1 5 81 72 8 9 5 
6 8 53 39 56 0 6 3 
2 5 58 58 30 5 9 7 
0 8 17 65 31 4 4 0 
9 5 0 38 49 5 4 4 
9 9 9 0 65 4 6 5 
2 1 5 18 21 8 1 8 
8 1 4 21 89 2 2 4 
0 7 40 61 27 9 5 7 
4 7 4 49 46 5 7 5 
0 0 16 49 58 8 1 5 
9 0 1 53 12 0 4 2 
3 9 40 80 47 8 8 3 
2 5 65 84 57 7 0 5 
9 6 11 54 46 6 6 9 
1 7 54 38 70 1 5 7 
0 4 27 17 46 1 4 6 
6 7 58 25 37 5 2 3 
5 3 28 46 23 9 8 7 
8 5 22 62 12 0 1 2 
3 4 25 52 17 9 3 1 
7 0 38 51 42 6 7 6 
5 5 41 54 55 3 8 9 
0 9 24 66 75 9 1 9 
7 8 25 72 33 2 7 3 
9 9 28 63 42 1 4 3 
9 2 58 25 7 7 5 1 
9 2 35 43 65 1 7 3 
8 5 34 69 68 6 1 4 
4 0 51 34 8 1 9 6 
1 8 49 76 33 4 2 2 
1 1 26 38 56 3 8 4 
4 5 51 41 52 2 5 0 
5 6 0 33 21 9 9 0 
3 2 37 54 41 4 0 9 
9 7 7 35 84 9 2 6 
1 2 22 43 51 8 6 0 
7 6 24 106 0 0 6 9 
3 8 72 0 81 0 0 3 
1 2 13 51 80 6 2 5 
8 4 22 33 106 1 6 1 
0 1 26 38 71 4 1 9 
3 6 22 76 9 8 5 6 
5 2 7 63 19 0 9 6 
7 2 54 81 51 7 3 0 
2 7 24 59 55 6 2 2 
9 6 11 1 43 1 4 1 
9 7 39 67 76 5 6 7 
5 8 0 36 15 6 8 8 
3 2 29 19 57 9 7 7 
3 5 20 53 80 6 6 5 
9 0 33 44 48 9 4 2 
7 4 27 42 59 4 1 8 
2 5 56 43 69 5 1 7 
3 4 9 54 43 5 3 1 
6 9 22 38 79 2 4 1 
0 3 52 77 54 0 1 5 
3 7 22 57 62 4 1 3 
7 4 0 45 52 6 1 5 
3 7 44 65 26 9 7 8 
1 5 13 43 38 2 9 5 
8 4 10 27 50 8 1 8 
0 3 53 86 47 8 9 0 
4 0 47 59 36 5 7 2 
9 1 24 65 53 4 0 9 
5 0 46 71 32 9 6 9 
2 3 24 40 77 9 8 3 
9 7 52 88 64 3 7 5 
3 1 34 51 48 9 6 5 
1 9 32 40 47 2 9 4 
4 4 12 33 59 4 8 5 
2 6 40 77 35 4 3 4 
1 8 43 65 87 4 1 0 
4 6 9 37 47 4 4 3 
8 2 0 27 73 8 4 3 
0 6 41 37 30 9 5 9 
9 4 34 77 42 4 1 9 
0 3 12 55 58 4 0 8 
3 4 28 32 47 8 1 3 
1 7 23 37 14 3 6 4 
7 5 25 29 72 2 4 3 
8 9 4 44 86 3 5 0 
7 7 7 83 33 9 3 2 
0 0 35 74 50 0 7 6 
3 2 0 37 65 0 0 4 
7 0 31 20 38 5 6 0 
6 4 0 29 52 9 8 9 
0 6 0 58 55 1 0 5 
8 8 7 25 46 2 6 0 
8 1 66 62 48 4 1 5 
2 8 16 45 22 4 3 1 
4 0 32 17 71 7 4 7 
8 2 27 46 51 1 6 1 
1 0 43 95 65 4 0 1 
0 3 29 39 38 3 5 3 
3 9 43 23 28 1 4 5 
4 8 53 18 48 4 3 4 
2 3 25 19 40 1 5 3 
3 1 0 13 66 0 0 1 
8 4 27 32 53 1 0 0 
0 4 52 61 68 6 9 8 
9 1 18 81 49 6 1 8 
2 1 10 58 63 2 4 4 
2 3 51 27 34 4 8 9 
2 2 15 45 29 7 2 3 
6 1 4 30 67 5 0 6 
4 8 22 36 40 7 6 2 
2 5 0 54 87 3 5 8 
5 1 35 57 44 2 1 3 
5 4 45 34 39 0 6 2 
6 2 48 72 61 4 7 7 
3 2 30 50 55 3 2 2 
4 6 26 24 53 1 9 5 
2 6 31 94 51 6 3 4 
8 7 72 57 33 6 2 0 
3 7 0 70 38 0 2 0 
9 2 67 38 39 5 4 2 
1 6 1 49 58 6 3 6 
6 4 18 73 31 7 9 7 
7 5 53 88 34 5 4 4 
9 8 14 55 79 2 4 5 
7 5 65 74 57 8 2 3 
2 0 55 55 39 2 2 0 
0 4 3 66 41 7 9 1 
5 3 55 80 56 0 1 1 
8 6 41 43 22 6 8 4 
6 1 3 79 60 5 7 7 
4 3 18 59 74 9 3 0 
2 4 12 108 84 1 8 9 
0 0 1 29 65 4 7 9 
0 7 50 59 48 7 8 8 
5 0 28 14 54 5 7 5 
0 5 25 79 70 9 2 6 
5 5 68 32 52 1 6 0 
7 5 7 33 65 5 0 0 
0 7 45 68 43 7 3 5 
9 0 21 35 59 8 3 9 
0 3 34 39 67 6 9 0 
4 0 64 18 50 9 7 8 
5 4 0 51 93 3 6 5 
6 4 22 8 51 2 7 0 
2 4 20 32 45 4 3 4 
1 4 15 40 99 6 5 2 
4 6 27 47 40 1 0 3 
6 6 41 44 56 8 1 6 
4 2 36 39 50 9 7 9 
5 7 32 14 54 3 9 6 
9 6 34 36 22 6 3 1 
1 8 61 65 30 1 7 7 
5 9 64 39 40 8 8 7 
7 0 31 0 40 4 2 0 
7 1 0 74 43 9 7 9 
1 2 37 50 26 5 4 5 
1 0 67 48 86 7 4 6 
4 9 36 88 40 0 2 0 
0 6 7 95 52 1 4 1 
8 5 40 50 37 9 3 4 
3 6 23 61 29 2 5 3 
0 1 65 45 31 0 7 7 
1 6 49 27 45 8 0 9 
1 6 7 103 54 2 3 7 
4 7 8 36 65 9 4 7 
6 2 17 52 68 4 9 6 
5 2 31 45 74 1 4 3 
7 5 41 72 0 7 4 9 
7 7 21 70 43 9 3 3 
0 1 0 78 62 6 8 6 
2 5 32 39 18 6 0 1 
7 9 82 59 54 3 5 9 
4 7 16 19 50 9 7 6 
8 8 34 41 38 7 6 5 
9 0 39 51 42 4 0 3 
9 7 11 53 29 3 1 1 
3 3 21 43 24 2 4 6 
7 6 20 30 52 1 6 8 
0 9 50 38 69 0 4 1 
7 9 51 58 75 4 0 6 
1 0 45 79 35 7 2 2 
5 9 5 45 25 1 8 4 
1 2 37 71 48 7 6 6 
0 1 38 55 21 1 1 7 
7 9 32 84 41 3 1 6 
2 5 44 6 67 3 5 8 
8 1 38 60 71 8 6 8 
5 4 5 52 56 3 5 6 
4 6 44 51 67 8 3 8 
5 5 20 55 40 9 3 6 
8 6 18 50 43 9 5 4 
5 7 25 5 43 2 1 9 
2 1 47 56 52 1 6 5 
7 6 38 61 46 2 1 3 
1 5 27 45 48 2 4 1 
1 2 34 43 75 7 7 1 
4 0 36 72 43 8 5 7 
5 7 34 61 35 2 5 4 
1 0 19 22 38 8 9 2 
6 7 13 51 84 0 2 5 
8 4 33 9 52 4 1 6 
1 5 64 4 27 8 3 6 
7 5 44 79 60 4 0 2 
0 4 58 48 40 7 1 5 
2 3 36 45 48 0 6 3 
3 9 27 48 35 2 3 9 
4 4 52 48 5 4 2 3 
1 4 37 88 51 3 0 7 
8 1 19 39 26 5 5 3 
4 9 42 31 109 3 8 8 
1 3 61 65 67 2 3 1 
5 3 19 69 56 9 1 9 
0 1 35 66 45 6 2 7 
9 5 0 31 46 1 5 4 
9 9 26 38 45 7 7 1 
3 6 14 55 46 0 5 0 
6 4 32 34 67 4 2 4 
4 1 0 54 44 1 9 8 
0 3 32 23 0 4 4 7 
5 2 16 54 88 6 4 8 
5 0 1 52 54 6 5 3 
7 4 11 78 46 1 7 0 
8 7 12 32 72 3 6 7 
3 6 24 98 55 2 9 2 
6 6 11 35 49 2 1 3 
8 9 54 4 56 9 2 7 
0 9 16 51 27 3 2 8 
1 2 23 72 85 2 1 2 
6 0 82 56 78 9 2 0 
2 9 17 33 96 4 5 3 
1 2 14 77 69 4 0 5 
8 8 61 40 25 8 3 6 
1 1 37 57 65 7 8 9 
2 9 52 64 79 1 1 5 
8 3 26 61 78 6 6 8 
0 1 24 41 58 8 7 9 
8 5 0 69 48 3 5 6 
9 7 0 50 54 4 3 9 
4 4 20 33 57 1 4 7 
3 5 33 66 60 0 2 0 
8 9 65 67 55 0 9 1 
2 6 4 30 36 7 0 9 
0 8 20 26 66 0 1 9 
1 4 29 58 52 6 2 3 
1 7 45 25 67 4 9 4 
3 2 25 80 65 1 9 9 
8 9 0 39 35 2 7 1 
2 5 31 38 82 1 5 0 
9 6 10 44 36 6 8 2 
2 2 58 42 75 6 3 6 
4 0 41 55 68 5 6 0 
8 3 25 77 37 7 4 7 
1 7 36 71 77 2 6 3 
3 0 9 23 67 0 8 9 
2 1 34 50 20 6 7 2 
7 3 16 15 48 1 0 5 
9 4 18 49 85 5 3 2 
0 7 0 85 52 6 6 0 
1 9 16 32 48 6 5 0 
6 6 46 69 47 7 5 9 
6 8 31 93 59 5 8 5 
0 0 54 56 67 5 6 6 
4 9 14 20 78 9 7 1 
9 9 33 67 79 0 9 8 
7 8 12 31 71 7 7 8 
5 7 12 79 60 2 9 7 
5 7 42 93 22 6 8 4 
1 2 31 38 77 0 3 3 
2 4 32 64 48 9 3 0 
1 9 14 70 54 7 2 0 
6 8 44 40 48 0 9 7 
4 0 37 56 0 7 4 7 
3 9 43 33 83 4 0 2 
5 9 22 57 60 4 7 7 
4 7 40 32 72 9 6 5 
2 2 20 57 68 0 3 8 
5 4 35 56 40 0 8 3 
1 9 41 59 54 7 3 6 
9 7 64 32 67 2 0 9 
6 9 49 63 45 2 9 9 
1 6 19 54 50 2 7 0 
4 2 8 22 47 1 9 7 
1 3 40 52 54 5 1 9 
7 3 13 40 82 8 6 2 
1 6 5 59 75 8 1 9 
6 6 35 47 41 9 3 1 
8 7 22 41 50 5 1 8 
6 9 57 22 73 7 8 4 
0 2 40 64 57 8 7 2 
7 3 9 42 43 7 7 2 
0 7 54 18 69 5 3 2 
2 9 41 29 42 4 0 6 
1 2 35 73 20 1 6 4 
7 8 28 91 64 6 7 9 
6 5 38 45 49 7 3 6 
9 3 0 43 35 9 4 5 
2 8 22 52 60 6 0 3 
2 1 14 14 69 6 0 3 
6 1 20 30 63 4 4 0 
6 8 30 33 56 2 4 1 
6 4 23 32 35 1 2 4 
8 9 44 55 37 2 1 9 
1 0 2 64 83 7 1 5 
7 4 45 48 6 3 8 1 
9 4 34 66 57 7 9 5 
3 2 27 36 35 2 9 6 
1 5 7 55 81 5 3 1 
5 9 19 52 52 1 8 6 
2 2 20 48 16 9 7 4 
4 4 32 34 71 7 5 5 
6 0 43 49 65 9 0 6 
6 1 23 22 27 8 2 5 
4 9 37 60 44 4 2 0 
5 8 12 68 48 5 2 5 
7 9 34 53 39 1 7 7 
0 6 33 39 54 7 1 4 
0 1 5 53 54 4 1 8 
3 1 3 42 43 9 0 3 
6 2 30 29 81 0 5 5 
3 3 49 75 66 2 7 8 
8 0 82 41 39 9 8 7 
0 0 27 23 80 0 4 6 
5 2 29 25 21 2 1 0 
5 2 43 68 67 6 6 7 
0 4 23 14 50 0 3 2 
9 7 0 95 74 4 6 3 
0 7 0 42 43 6 9 2 
2 1 15 63 57 8 8 7 
4 7 14 55 64 9 7 8 
9 3 23 33 73 2 1 2 
9 5 0 32 50 6 2 2 
1 9 7 79 84 9 1 2 
6 0 21 84 13 0 3 7 
2 0 32 47 60 3 1 7 
0 4 58 32 45 6 8 8 
5 1 11 73 67 4 6 0 
9 1 0 53 41 3 7 2 
7 5 52 30 56 4 1 1 
2 2 23 81 41 2 0 7 
8 9 53 86 45 3 8 3 
8 0 0 55 35 3 2 5 
6 4 13 25 35 0 3 4 
2 7 25 43 46 8 9 1 
2 7 40 43 52 7 9 3 
3 4 39 28 33 4 0 4 
3 4 26 41 50 2 4 5 
8 3 41 35 32 7 7 1 
3 8 33 77 60 8 3 8 
3 6 22 86 106 7 8 5 
5 6 27 50 34 7 2 0 
3 9 47 63 46 9 9 5 
1 3 2 71 48 2 4 8 
3 5 28 34 71 6 5 1 
3 6 63 53 40 8 3 3 
1 6 5 16 64 0 5 1 
5 7 57 73 78 6 5 7 
5 7 31 16 55 7 8 8 
4 6 0 43 58 2 8 2 
5 9 29 84 42 9 2 6 
6 3 42 75 45 0 1 5 
9 0 20 36 6 1 3 4 
9 8 22 25 49 2 5 6 
1 0 15 56 45 1 5 1 
3 2 23 61 47 4 4 0 
4 3 0 105 72 3 4 7 
3 4 50 37 10 5 5 9 
9 9 17 84 54 6 5 5 
7 7 21 44 48 7 8 9 
5 5 27 41 47 2 0 6 
7 9 42 0 54 0 1 1 
0 6 36 75 52 6 1 2 
0 0 2 45 46 2 3 0 
9 1 38 18 51 3 1 2 
5 2 43 58 52 0 3 5 
0 6 34 37 92 6 5 4 
8 1 18 54 34 7 8 1 
8 6 31 40 42 6 7 5 
9 6 41 25 45 1 0 8 
7 2 64 66 68 8 0 3 
7 8 29 48 37 3 8 0 
3 2 0 89 64 0 0 0 
1 8 26 86 46 8 7 2 
3 6 57 22 48 5 6 1 
9 7 0 32 70 4 6 3 
0 3 60 82 59 0 3 6 
6 3 42 28 18 6 8 7 
5 5 14 57 47 2 5 0 
9 5 21 17 81 3 9 0 
3 3 46 96 47 6 3 7 
6 8 67 57 29 3 4 2 
3 2 15 35 45 3 2 0 
5 9 20 72 64 3 2 5 
3 5 14 33 94 1 8 7 
5 2 2 58 11 7 1 6 
6 5 38 17 75 0 9 7 
6 0 59 35 57 7 7 9 
0 1 34 26 43 6 8 8 
7 0 39 55 26 5 4 6 
5 2 60 57 54 5 7 7 
3 5 0 25 34 2 0 4 
7 9 0 30 14 0 9 5 
3 4 50 57 72 2 9 3 
2 3 22 41 36 8 8 8 
6 2 14 60 71 2 1 0 
9 6 24 86 26 5 0 7 
1 6 34 86 36 8 5 8 
8 5 46 45 18 3 1 2 
6 8 37 60 25 2 8 1 
4 5 27 88 48 3 3 0 
1 9 41 60 53 3 2 3 
8 8 23 88 72 8 1 3 
7 8 4 12 61 1 4 5 
2 5 0 50 34 5 6 1 
5 4 29 5 40 3 7 4 
5 6 18 65 45 7 5 4 
5 8 61 59 62 2 1 5 
4 5 35 54 5 0 8 9 
2 6 52 75 39 6 0 1 
3 6 46 41 55 4 8 2 
0 4 17 78 66 7 6 6 
3 9 14 51 44 3 3 3 
3 5 30 55 56 9 3 8 
5 8 8 42 53 1 6 8 
9 6 24 47 54 8 4 9 
3 2 50 33 65 2 7 3 
0 8 37 54 63 6 7 8 
6 0 29 23 4 2 1 7 
9 9 8 48 36 5 2 9 
1 0 53 10 61 5 8 3 
5 8 31 26 81 0 4 6 
5 7 20 59 16 0 4 9 
8 6 90 29 66 9 5 0 
5 8 31 51 15 0 8 0 
6 3 13 59 38 4 0 5 
3 3 35 51 50 9 8 7 
8 4 13 62 92 7 0 0 
7 1 51 49 41 7 0 2 
4 5 46 40 32 9 4 1 
2 2 25 46 43 2 9 2 
2 3 29 30 60 6 5 1 
8 6 34 58 12 9 4 5 
2 2 43 84 7 3 3 8 
7 2 19 59 62 5 6 8 
0 9 28 86 68 0 8 3 
5 7 0 114 54 7 2 2 
6 1 34 58 89 7 3 8 
3 3 35 41 19 9 9 6 
7 2 50 59 63 7 6 6 
1 0 24 4 47 5 5 9 
8 5 26 36 33 4 5 5 
4 2 14 36 36 3 0 0 
0 5 0 55 78 1 4 2 
1 4 14 55 49 1 5 1 
2 5 36 77 82 5 7 8 
6 0 82 63 68 6 9 0 
5 0 20 73 41 3 7 2 
2 2 1 15 59 2 3 4 
0 2 51 59 39 7 3 8 
6 2 27 76 43 5 8 8 
7 4 41 65 55 1 1 9 
4 8 34 80 40 8 2 4 
1 8 9 53 31 1 8 6 
7 8 11 70 73 7 2 0 
4 7 61 45 34 4 6 0 
2 7 42 32 73 4 5 0 
1 2 35 51 52 7 4 3 
6 0 25 52 62 5 3 4 
6 8 14 19 89 5 1 3 
7 6 13 39 29 1 8 4 
4 4 23 82 43 0 8 9 
8 3 4 17 67 2 0 6 
2 0 17 42 47 3 1 3 
2 3 57 46 35 4 8 1 
0 6 17 60 72 4 1 4 
4 3 21 38 49 6 7 3 
8 0 37 50 68 1 4 0 
1 4 24 28 65 9 2 4 
8 7 8 35 49 3 8 8 
8 8 10 67 33 4 4 5 
3 3 27 60 20 5 2 7 
6 6 24 18 55 0 2 1 
8 0 32 75 104 9 1 2 
8 8 57 66 39 7 6 8 
5 0 23 70 29 7 7 2 
7 7 41 70 55 5 0 3 
4 3 47 39 63 6 5 5 
8 0 46 50 46 3 0 1 
4 9 24 33 63 0 6 8 
5 3 19 24 28 5 3 6 
1 1 13 46 83 1 0 9 
7 8 52 43 58 7 9 7 
4 2 54 41 23 2 2 3 
3 4 0 59 94 0 6 3 
7 6 23 33 53 6 6 0 
5 5 31 80 25 0 5 8 
7 7 45 90 57 9 7 6 
7 0 34 47 8 8 3 4 
2 7 26 57 51 6 2 8 
4 9 24 30 0 7 8 4 
5 5 30 58 33 7 6 2 
8 8 41 62 44 6 4 0 
7 5 33 43 41 4 4 5 
4 9 72 40 71 9 7 5 
2 9 26 39 66 6 4 1 
4 0 26 81 67 2 7 8 
1 6 52 49 15 6 9 4 
7 1 0 74 64 9 2 1 
6 6 38 37 81 1 7 1 
9 9 48 52 46 1 2 2 
2 9 26 24 80 7 8 0 
3 2 10 93 43 8 6 6 
1 6 0 23 74 7 5 2 
1 1 21 62 44 7 1 1 
9 2 79 23 13 4 8 4 
6 6 23 52 24 3 5 0 
2 8 40 44 70 5 9 2 
3 9 43 17 78 3 5 6 
0 7 30 13 56 5 9 3 
4 1 31 39 43 2 0 5 
7 8 34 79 40 1 8 8 
2 3 14 39 59 5 5 0 
1 9 55 24 62 7 8 9 
0 9 27 66 44 9 9 1 
6 2 0 53 46 5 3 6 
8 7 38 38 37 9 1 9 
8 7 28 25 31 3 7 7 
1 8 30 19 59 6 9 1 
8 3 22 57 70 9 3 7 
1 2 38 15 82 4 3 8 
2 3 27 66 51 0 4 2 
2 5 19 57 27 2 9 9 
8 7 59 90 32 3 8 0 
9 8 46 38 46 9 4 1 
6 0 3 89 41 5 0 4 
5 4 13 74 14 5 0 6 
5 5 50 42 78 5 6 5 
3 1 1 34 88 6 6 1 
9 9 46 44 61 5 1 5 
9 3 32 14 44 4 4 5 
0 8 68 62 61 9 4 1 
9 6 9 59 42 9 3 3 
4 2 14 69 9 4 2 9 
2 4 55 42 50 7 3 3 
2 8 39 70 55 7 0 1 
6 5 52 36 55 1 7 4 
5 0 29 86 64 7 6 6 
3 2 25 23 73 5 1 9 
9 2 33 40 83 9 9 7 
7 0 66 66 34 6 4 5 
8 0 24 15 62 8 2 8 
7 5 16 66 27 9 1 3 
7 3 70 43 49 7 3 7 
3 7 49 45 38 0 3 8 
5 2 0 61 32 3 5 5 
9 2 60 41 29 9 7 5 
9 2 39 32 79 2 3 7 
6 3 44 81 56 4 7 6 
8 1 17 60 50 9 8 8 
0 6 19 22 68 3 3 0 
0 0 43 21 34 2 8 5 
9 3 13 71 24 0 8 3 
8 4 34 37 32 5 8 9 
1 0 9 42 56 8 5 9 
8 0 45 38 2 3 5 9 
2 2 55 82 63 3 6 7 
6 4 77 42 47 2 8 6 
9 1 20 57 40 5 6 8 
6 7 39 50 20 6 4 5 
7 3 27 61 44 7 9 7 
1 5 23 48 71 9 7 0 
4 7 38 45 41 2 1 8 
1 7 0 59 73 9 9 4 
3 2 0 62 87 8 8 8 
4 8 48 40 58 0 7 6 
3 3 39 41 58 6 8 3 
9 7 59 30 70 1 8 2 
0 1 41 20 72 5 4 9 
5 1 51 74 48 1 9 0 
9 5 29 10 34 8 4 4 
9 4 31 52 46 7 8 4 
3 3 22 52 60 3 1 1 
4 3 43 23 70 5 4 2 
5 7 0 10 32 9 2 4 
9 8 31 45 27 3 1 5 
2 1 27 36 46 9 1 5 
1 1 19 24 16 9 5 3 
2 9 0 36 46 2 7 1 
0 5 21 77 41 4 8 2 
7 0 33 45 83 5 6 3 
2 9 36 36 39 3 8 8 
3 7 15 47 80 2 0 3 
9 3 54 44 78 2 0 8 
5 4 51 56 61 5 7 2 
9 7 33 75 55 4 4 6 
8 7 40 51 54 1 4 8 
4 8 28 24 64 2 7 1 
8 8 66 23 55 6 7 6 
9 0 9 31 35 4 8 4 
5 1 24 43 36 7 0 7 
5 6 34 45 45 6 0 7 
2 6 4 73 76 9 0 9 
1 6 21 62 60 3 9 6 
0 3 12 51 78 7 9 3 
3 8 28 76 41 9 8 1 
4 3 13 64 53 5 6 3 
3 8 36 42 30 4 7 5 
8 0 29 69 32 8 4 5 
9 8 37 15 72 5 6 4 
0 9 17 61 54 0 0 7 
9 8 16 38 60 2 2 8 
4 3 25 37 69 2 6 8 
2 2 39 24 44 8 0 0 
7 1 34 77 44 6 6 6 
3 8 17 49 48 0 1 9 
8 5 37 58 90 8 8 2 
6 9 2 40 53 4 4 3 
9 4 6 42 40 2 0 4 
0 1 46 38 61 4 3 0 
2 4 37 62 73 8 1 7 
9 0 29 61 22 1 0 9 
5 5 52 25 60 7 1 4 
4 0 0 37 54 6 7 9 
9 1 48 33 81 7 3 9 
1 4 27 59 41 1 8 2 
1 8 39 41 78 6 4 2 
8 3 36 15 49 3 5 1 
0 0 46 62 24 2 3 0 
3 9 16 38 48 4 5 7 
8 2 48 51 60 7 6 4 
1 2 19 36 64 9 1 6 
6 5 36 45 41 8 5 9 
1 3 29 67 50 5 9 8 
8 9 62 80 39 2 8 2 
0 6 3 57 8 6 8 5 
1 2 58 37 32 3 5 5 
8 6 35 70 54 0 1 9 
3 8 7 32 45 3 7 2 
9 4 32 48 66 5 2 3 
8 8 19 26 58 1 7 1 
4 7 25 46 44 7 2 8 
0 0 27 38 52 6 7 8 
3 6 48 15 47 3 7 2 
2 6 23 57 20 9 7 4 
9 5 42 16 66 0 2 1 
0 4 35 50 25 4 9 4 
0 4 5 64 39 0 6 8 
4 3 80 42 17 5 5 0 
2 5 0 20 89 8 1 3 
3 5 46 25 71 2 4 9 
8 8 24 91 38 0 7 3 
6 9 17 52 84 4 3 9 
3 2 48 66 69 9 0 0 
0 4 2 40 50 9 1 5 
9 9 0 50 63 3 9 2 
8 9 19 58 39 9 4 6 
5 5 37 45 53 1 2 5 
0 1 59 106 58 0 4 9 
9 8 26 33 48 4 7 9 
8 2 25 63 44 0 9 0 
1 2 22 52 13 6 2 3 
4 7 14 49 59 8 6 9 
9 5 30 33 59 3 7 3 
9 1 49 50 27 0 2 4 
7 6 51 52 29 9 8 9 
7 8 32 83 23 6 0 6 
6 3 30 48 51 3 1 7 
7 5 13 9 72 3 1 1 
6 0 42 49 55 1 4 8 
6 3 44 70 67 5 6 0 
4 0 32 44 35 5 3 2 
4 3 29 41 51 2 0 4 
2 5 11 70 58 8 4 5 
6 1 50 63 22 6 2 5 
3 1 44 72 79 2 3 6 
5 0 0 17 72 0 4 9 
3 4 51 44 37 6 7 3 
9 5 56 27 102 4 7 3 
4 7 50 44 15 7 9 9 
7 2 21 77 19 5 4 0 
9 3 2 22 16 9 6 4 
4 7 40 29 65 6 4 5 
7 2 24 35 43 6 4 9 
0 7 0 37 57 4 4 7 
4 3 15 68 55 5 5 3 
9 5 29 29 23 6 6 7 
4 9 0 82 49 6 6 4 
7 8 37 85 8 4 7 7 
6 6 16 36 26 8 7 9 
0 7 56 28 40 9 1 5 
3 5 38 35 20 7 8 4 
1 5 49 32 60 2 9 2 
2 4 17 38 42 7 5 1 
5 7 39 48 56 4 1 6 
2 2 29 21 35 0 7 1 
9 0 10 87 64 7 5 7 
2 2 26 77 46 5 9 1 
1 7 45 29 57 7 5 3 
8 8 35 53 55 0 0 0 
7 4 57 33 49 2 1 4 
1 3 34 48 50 0 9 1 
7 8 62 29 73 1 7 7 
5 8 19 53 52 1 9 3 
1 5 38 65 63 2 6 0 
1 6 38 56 43 7 3 5 
9 6 12 27 69 2 0 5 
8 4 0 66 55 2 6 5 
7 4 59 56 25 0 9 3 
5 6 35 47 24 4 4 6 
5 1 52 64 40 0 3 9 
1 3 56 51 43 6 7 9 
5 0 32 61 46 2 0 3 
1 0 13 16 40 1 3 3 
7 2 15 65 62 3 2 1 
3 4 19 42 44 0 5 9 
6 8 24 88 1 3 5 0 
7 6 24 54 47 2 3 6 
5 5 24 78 38 7 1 9 
1 8 38 13 49 2 8 5 
0 9 25 23 17 5 6 1 
8 7 25 29 32 8 5 8 
1 1 34 41 55 4 5 3 
4 9 15 39 70 3 6 4 
4 6 20 41 72 7 5 2 
9 7 42 44 78 0 4 4 
3 6 49 51 60 5 6 4 
8 6 30 19 38 4 6 6 
7 0 54 90 81 2 2 4 
3 2 30 42 37 9 8 0 
0 9 27 52 29 3 2 7 
7 5 19 49 62 4 9 9 
0 0 41 88 45 8 6 0 
9 5 38 4 64 3 1 1 
3 9 31 33 70 8 7 8 
0 0 44 34 65 0 9 3 
0 6 56 63 60 1 8 4 
6 0 21 63 78 1 6 7 
5 0 12 47 45 7 7 2 
4 5 58 74 82 4 5 4 
0 4 4 61 21 4 8 9 
1 2 42 54 38 4 7 3 
7 7 58 59 22 6 4 5 
3 9 54 81 47 3 0 1 
7 9 66 50 46 0 7 6 
3 9 15 50 69 2 7 6 
4 5 22 46 50 9 8 3 
2 1 0 31 70 3 1 1 
8 2 29 61 58 8 7 4 
1 9 1 33 84 0 8 9 
5 9 8 60 50 2 2 0 
9 2 0 40 53 9 1 1 
5 7 51 50 69 0 1 8 
5 5 48 90 58 3 8 0 
6 4 34 32 74 3 5 3 
9 5 48 71 61 5 1 4 
5 1 57 82 32 6 6 7 
6 3 53 41 14 4 4 5 
0 8 43 43 63 6 5 7 
3 4 48 58 53 1 5 2 
2 0 55 46 55 1 8 6 
3 7 5 18 14 7 1 9 
6 1 29 48 66 0 4 3 
1 0 33 22 90 9 0 3 
3 6 13 35 30 5 6 1 
9 7 26 53 55 0 0 9 
3 8 18 50 60 0 6 1 
0 9 55 51 45 6 0 8 
6 9 0 54 76 3 5 8 
4 0 5 38 37 6 4 6 
5 4 0 38 76 2 5 0 
8 1 34 45 13 4 2 4 
4 0 18 67 14 3 6 2 
6 4 37 31 17 5 4 6 
7 3 31 59 77 0 3 8 
9 4 25 44 51 6 3 0 
0 4 55 55 41 2 2 8 
0 1 64 51 83 4 4 5 
1 6 37 88 70 1 9 7 
6 2 83 62 72 9 3 2 
3 3 21 53 55 9 5 3 
9 4 14 46 54 9 2 5 
3 2 68 94 63 0 0 7 
8 5 24 71 59 7 7 2 
8 0 37 0 47 0 4 7 
6 7 46 36 63 6 3 9 
6 2 42 74 8 5 8 6 
8 7 41 50 37 7 0 8 
5 7 15 48 57 9 1 5 
4 8 0 35 70 6 6 8 
6 3 14 62 61 9 7 7 
8 3 45 52 49 4 5 6 
3 9 43 62 24 0 9 8 
9 3 38 37 58 6 8 6 
4 0 25 11 73 6 1 6 
4 7 59 42 69 4 1 4 
0 5 31 34 0 5 6 6 
9 5 13 60 47 8 5 9 
9 6 40 17 34 2 6 8 
7 5 49 61 67 7 8 8 
7 3 18 62 63 3 4 0 
6 4 29 35 37 9 4 9 
1 8 25 78 53 3 0 2 
9 9 15 28 45 6 8 7 
0 7 42 49 55 9 0 7 
9 8 31 84 85 6 6 1 
6 1 56 61 46 6 3 9 
4 1 62 19 60 7 5 7 
5 7 41 69 48 8 0 1 
5 4 55 37 52 7 8 7 
1 2 8 56 26 2 8 8 
1 9 31 29 63 8 8 9 
4 0 24 46 69 7 5 3 
8 0 30 63 24 8 5 1 
3 4 33 53 48 0 5 3 
7 8 50 96 45 8 5 4 
8 7 40 28 15 6 1 2 
6 0 85 65 46 9 4 0 
9 6 2 62 56 1 9 9 
0 9 28 26 56 5 7 1 
1 6 37 28 35 1 3 7 
9 1 24 67 62 2 5 4 
9 9 17 57 55 8 0 8 
1 4 29 28 83 3 5 3 
0 7 29 44 57 5 1 6 
5 6 67 65 28 7 3 0 
0 1 12 36 25 3 3 8 
9 3 5 0 96 9 1 6 
0 1 18 36 41 8 7 9 
0 4 57 63 19 4 9 5 
1 6 38 75 83 0 8 8 
1 9 54 82 38 5 9 0 
8 5 27 49 48 3 1 3 
0 5 13 23 42 5 9 2 
5 6 51 20 47 4 1 6 
5 9 29 72 20 8 3 0 
0 1 29 57 59 8 8 8 
1 0 10 95 60 6 7 3 
6 1 3 34 28 9 3 6 
7 8 13 24 77 7 1 9 
2 8 11 59 11 8 8 1 
3 8 61 26 40 2 8 5 
7 1 29 67 14 0 1 9 
2 8 59 32 69 7 3 4 
0 6 4 64 41 1 4 0 
9 1 14 41 48 1 2 6 
7 4 40 51 56 4 1 7 
8 1 41 65 67 1 0 0 
5 2 17 52 61 7 2 0 
0 2 3 62 53 7 6 0 
3 1 48 35 46 7 6 4 
0 5 0 38 99 9 0 9 
7 3 54 74 45 6 2 0 
9 0 16 102 98 1 8 1 
0 4 28 13 46 3 8 4 
5 1 18 21 17 0 2 2 
3 5 52 49 34 9 2 6 
8 7 42 78 38 0 8 1 
7 7 25 59 21 1 2 4 
7 3 26 17 74 4 3 7 
8 2 44 45 72 7 3 1 
2 4 11 20 52 0 6 8 
7 5 8 34 11 7 4 5 
7 2 17 69 59 6 5 9 
2 4 54 39 60 8 8 9 
2 9 63 44 33 4 2 0 
4 1 41 73 69 9 6 7 
1 2 14 44 27 3 1 1 
5 9 44 68 26 4 2 6 
4 2 8 84 24 0 6 0 
0 2 9 9 83 1 4 7 
3 3 5 66 50 6 8 2 
5 1 47 69 24 8 8 5 
6 4 48 36 63 9 1 0 
0 5 34 92 45 3 0 0 
4 7 7 72 35 2 7 5 
7 7 41 48 53 2 0 0 
9 1 47 50 97 7 0 6 
5 1 24 77 74 3 5 8 
4 5 45 51 47 1 3 7 
2 5 5 46 23 3 7 0 
1 2 56 54 16 6 1 9 
6 7 20 106 54 0 8 7 
9 8 46 66 59 5 4 4 
7 5 22 64 62 7 5 5 
6 2 52 45 64 8 3 5 
6 8 66 110 48 3 4 6 
8 1 0 32 79 8 6 7 
6 4 36 48 47 1 1 0 
5 9 62 34 55 6 3 5 
8 4 21 62 53 2 9 2 
3 5 37 28 32 0 9 7 
8 6 11 70 68 2 0 4 
6 9 13 58 30 5 8 9 
7 5 46 34 24 1 2 7 
7 7 71 80 26 8 0 0 
0 2 44 34 53 4 7 8 
4 1 59 82 81 3 6 9 
7 5 24 15 76 5 1 8 
8 0 17 81 56 2 3 1 
6 9 61 75 38 8 0 5 
9 6 15 39 52 5 5 2 
2 9 13 33 79 9 9 9 
9 0 37 65 63 0 4 3 
1 7 0 39 51 8 1 9 
2 4 23 56 45 1 8 9 
6 9 48 76 91 4 7 6 
2 8 0 76 39 2 6 0 
8 3 55 46 52 1 2 7 
8 7 87 63 57 5 4 1 
0 0 35 38 64 9 6 5 
6 5 46 61 71 5 1 1 
2 2 10 61 38 8 7 4 
0 7 46 51 38 0 9 1 
7 2 24 49 51 1 9 1 
1 4 14 72 31 5 3 6 
3 2 47 60 30 4 0 8 
2 9 15 68 27 2 9 2 
9 1 35 49 53 4 8 6 
1 5 6 7 41 8 6 3 
5 6 0 55 32 2 7 8 
9 2 48 66 34 7 3 2 
7 6 0 77 30 4 7 0 
5 5 11 65 31 2 5 2 
3 6 10 46 63 2 6 6 
7 5 5 38 34 2 4 5 
4 2 82 99 25 8 0 0 
3 8 19 80 1 0 3 5 
9 4 40 19 42 6 7 8 
0 9 35 88 55 4 3 5 
9 9 42 27 25 3 0 6 
1 1 4 45 32 8 6 7 
3 6 34 37 53 1 7 5 
6 2 0 64 54 4 5 4 
2 1 16 70 55 3 9 3 
9 3 2 35 48 5 0 6 
6 1 44 71 64 3 4 0 
7 8 24 56 40 0 3 2 
2 1 22 48 60 8 8 5 
2 7 14 53 1 4 7 7 
0 5 14 26 58 3 2 8 
1 7 41 57 70 9 5 2 
2 4 3 60 34 6 6 8 
5 0 19 45 62 2 9 5 
5 1 8 71 36 7 9 8 
2 7 45 15 41 8 4 6 
3 7 2 58 64 5 6 6 
2 5 32 68 74 7 4 5 
5 1 0 55 38 4 7 2 
9 5 65 75 41 6 3 5 
5 7 0 51 40 5 8 6 
1 2 42 63 56 1 0 8 
8 6 66 27 67 7 3 3 
1 4 43 54 62 3 6 5 
8 0 21 17 76 4 4 0 
2 0 5 32 45 2 6 1 
4 9 25 69 41 0 7 3 
7 1 42 8 48 1 4 3 
6 4 13 50 19 3 0 1 
9 8 7 58 41 7 7 0 
8 9 40 14 5 3 0 3 
8 8 71 30 60 5 4 6 
0 6 38 12 65 5 3 8 
4 4 43 71 47 5 9 1 
8 9 0 62 81 2 4 1 
7 0 0 50 65 3 3 0 
3 5 11 32 50 0 5 5 
8 8 16 31 80 0 9 0 
8 2 31 17 43 8 9 0 
3 7 23 49 31 4 0 2 
8 5 0 49 58 8 1 0 
8 0 26 53 27 4 0 4 
1 7 20 47 56 9 8 7 
8 1 22 61 30 9 9 0 
9 4 0 70 39 5 5 5 
6 0 59 39 21 8 5 8 
4 2 20 48 30 7 4 2 
9 7 28 59 67 8 8 7 
3 2 8 48 53 5 1 5 
1 8 46 49 36 0 9 5 
1 3 22 70 40 8 5 8 
3 4 22 59 65 4 3 1 
5 1 57 44 82 1 8 2 
1 6 4 49 55 2 2 4 
5 1 16 37 48 1 0 3 
3 7 11 27 53 2 8 1 
7 8 69 27 48 1 8 3 
7 7 40 83 38 2 0 8 
4 6 76 70 26 2 2 7 
1 8 32 39 31 8 9 7 
4 4 59 44 50 1 7 5 
8 4 61 6 60 5 1 8 
9 1 39 67 58 7 5 0 
5 8 14 41 50 1 9 7 
9 0 59 58 47 5 3 2 
6 8 7 5 51 3 2 2 
4 0 42 38 57 8 4 3 
8 0 12 30 33 0 0 7 
4 8 30 69 33 0 4 0 
7 8 70 35 37 6 0 4 
4 1 52 33 42 4 8 4 
9 4 34 62 49 8 0 6 
8 8 41 40 50 9 5 7 
6 2 29 20 48 6 4 5 
0 7 44 35 34 8 4 5 
6 0 42 26 17 0 5 9 
7 9 0 3 69 9 3 8 
9 8 64 34 91 9 3 6 
0 8 51 42 37 2 2 2 
3 0 4 91 84 1 2 4 
9 9 0 49 20 1 8 1 
6 4 16 11 49 2 5 7 
7 9 21 25 54 0 2 0 
6 8 46 65 39 5 7 1 
2 9 5 71 70 6 2 9 
5 3 20 31 43 2 7 5 
7 4 35 32 28 6 7 6 
6 9 17 31 76 2 9 9 
9 0 38 79 61 7 0 0 
6 3 48 74 43 5 7 2 
4 1 17 64 41 0 5 2 
7 2 30 32 39 3 8 9 
6 4 31 31 52 9 1 5 
9 5 35 34 4 4 1 4 
2 9 5 51 62 0 1 6 
8 9 48 57 34 7 8 0 
8 2 25 55 67 7 9 7 
4 5 32 72 41 8 6 1 
3 4 20 79 57 6 0 4 
8 9 35 11 64 7 3 0 
5 3 32 57 15 9 6 9 
3 2 49 55 31 7 7 3 
5 0 16 48 27 3 7 1 
8 3 29 16 13 2 9 4 
0 4 61 58 54 6 5 5 
5 8 6 59 56 1 1 7 
6 9 8 30 82 4 2 3 
6 8 36 69 73 3 7 3 
8 9 1 78 46 9 2 0 
1 6 27 60 49 8 2 9 
1 1 8 42 90 6 5 9 
4 6 49 57 33 2 9 3 
3 5 54 69 53 6 2 9 
1 3 0 47 55 7 0 1 
1 8 49 40 50 3 1 7 
0 2 53 54 33 7 7 2 
5 6 60 23 32 0 6 4 
7 2 9 40 56 7 6 4 
3 2 58 59 51 3 6 2 
3 7 9 55 20 3 9 3 
0 5 29 59 74 0 9 2 
1 4 59 42 44 1 6 5 
2 8 54 51 29 2 0 4 
7 0 15 86 48 2 3 1 
4 2 63 80 30 1 5 7 
3 9 44 36 69 0 6 8 
3 0 31 26 53 7 6 7 
3 4 30 76 66 0 1 4 
9 2 31 84 28 2 0 8 
4 1 0 22 38 5 9 3 
1 2 39 33 45 9 2 8 
0 5 0 11 67 5 2 4 
9 8 34 56 49 7 8 7 
9 1 7 38 70 1 5 4 
6 3 0 47 71 7 9 8 
2 5 44 51 69 5 5 9 
3 1 39 6 58 1 3 4 
2 9 36 87 77 6 7 2 
7 7 35 37 79 4 0 9 
7 9 61 20 95 5 9 5 
8 0 28 19 48 8 6 4 
8 3 17 30 75 2 5 4 
6 1 22 42 60 8 0 4 
1 6 50 31 52 0 4 8 
3 9 0 63 58 7 3 1 
3 7 14 46 43 9 0 1 
4 4 44 53 42 9 5 0 
2 1 39 34 52 3 8 4 
5 6 67 67 30 2 8 1 
0 9 33 17 25 9 5 6 
5 3 55 30 56 8 4 2 
9 2 17 62 46 8 0 3 
4 0 19 33 27 5 6 5 
2 0 35 38 80 6 3 5 
4 5 63 65 10 4 5 8 
3 6 15 50 65 3 2 7 
1 9 7 44 57 3 1 6 
5 8 32 68 50 5 0 5 
6 3 10 51 40 7 7 2 
8 1 23 45 52 2 0 1 
0 5 28 16 59 3 4 5 
2 7 52 36 14 8 2 1 
2 9 4 61 54 2 6 8 
0 1 18 58 80 3 9 6 
4 2 33 80 70 1 4 1 
7 0 15 50 59 1 9 0 
4 9 72 74 48 7 8 3 
7 8 28 37 52 1 4 4 
0 4 32 55 65 1 4 2 
9 5 0 15 87 3 6 0 
6 3 33 38 30 0 3 8 
1 6 33 64 86 6 2 7 
9 4 27 83 24 9 8 6 
8 1 14 33 59 0 5 4 
7 9 39 60 35 5 1 7 
9 7 19 28 65 0 8 6 
6 4 29 67 48 3 8 0 
6 2 60 41 47 2 6 8 
1 7 49 58 70 8 2 7 
0 3 21 66 57 4 7 6 
0 3 51 56 8 5 6 1 
4 1 0 58 77 7 3 5 
7 9 5 45 16 8 6 1 
6 4 11 52 58 4 9 5 
5 6 38 86 68 4 3 7 
7 8 22 61 74 2 9 2 
5 8 56 33 33 9 0 5 
2 9 2 56 69 6 8 8 
9 5 29 36 35 5 7 6 
0 1 26 64 42 3 2 5 
5 1 49 47 13 6 1 3 
0 8 30 36 51 9 2 2 
7 8 57 53 43 7 6 3 
7 6 29 62 44 1 4 0 
0 2 7 28 66 7 6 8 
2 9 33 40 30 7 1 8 
7 8 66 41 77 3 2 0 
5 0 33 69 24 6 2 8 
2 1 20 26 27 3 4 0 
6 9 34 34 30 9 1 6 
9 7 18 59 21 0 0 0 
9 3 0 85 16 2 3 8 
8 4 51 34 35 2 3 5 
1 6 13 86 44 4 4 4 
5 2 29 44 64 3 5 2 
1 2 25 55 56 5 7 4 
4 1 80 73 81 9 5 7 
6 8 27 45 54 5 3 7 
2 7 18 43 60 4 1 4 
3 5 44 62 64 8 3 8 
7 2 28 39 0 7 9 3 
2 0 53 56 34 5 2 2 
4 7 0 65 45 7 1 8 
1 7 15 57 14 4 0 4 
8 3 22 73 40 9 6 3 
1 4 21 46 45 2 9 4 
4 0 34 54 55 9 5 5 
0 8 37 71 56 4 1 4 
5 3 20 71 52 9 3 5 
8 3 0 41 27 6 3 0 
2 9 53 42 50 5 6 6 
6 6 49 47 27 7 5 4 
6 3 53 31 31 5 3 4 
1 9 9 35 24 4 9 6 
6 2 0 50 18 2 0 4 
0 1 14 46 39 3 8 2 
1 3 25 40 26 4 4 1 
4 2 16 69 15 7 8 8 
8 9 27 50 51 0 9 8 
1 4 37 39 49 8 3 2 
6 7 19 75 75 2 3 4 
7 0 6 51 32 0 3 0 
9 0 0 70 63 7 3 1 
4 9 29 66 55 8 6 4 
7 2 20 84 62 5 0 5 
1 3 37 63 76 9 4 9 
1 5 29 0 65 4 3 1 
2 3 10 52 56 0 7 2 
6 6 0 49 38 2 4 9 
0 0 9 67 23 2 0 9 
9 2 37 46 52 8 4 3 
9 3 0 66 54 5 3 6 
5 1 33 68 71 5 5 7 
3 5 6 28 21 0 8 4 
5 0 42 65 46 5 8 2 
0 4 42 53 33 8 2 7 
6 4 34 39 41 4 4 4 
9 6 44 78 52 9 4 5 
1 6 21 61 3 8 3 8 
7 9 24 53 38 3 0 4 
2 5 63 55 61 7 7 8 
8 1 24 43 41 0 3 7 
0 9 0 57 35 4 3 1 
1 6 34 20 45 3 2 3 
0 3 30 54 52 2 6 5 
5 7 34 44 52 2 6 9 
7 1 18 13 79 3 2 4 
6 5 4 85 83 7 4 7 
7 8 2 53 90 2 2 1 
0 4 33 18 66 7 2 0 
5 1 13 42 63 0 0 7 
3 8 17 54 44 9 1 8 
0 8 35 36 50 9 8 5 
3 1 30 62 37 1 9 7 
9 5 14 54 81 7 6 8 
2 1 50 20 67 2 2 2 
5 4 46 57 32 3 7 0 
6 6 36 37 31 2 1 8 
1 5 0 61 63 5 8 3 
6 2 44 72 27 6 0 2 
8 8 22 37 65 5 3 8 
0 1 29 39 77 9 5 5 
1 5 13 34 41 3 6 9 
4 1 32 48 46 4 9 2 
9 3 9 53 65 2 9 7 
9 9 47 49 41 4 5 4 
8 7 25 56 56 8 5 1 
3 7 23 62 21 7 2 6 
6 4 49 51 73 2 8 6 
7 9 0 8 33 7 8 3 
3 1 61 15 43 0 7 0 
0 8 58 67 69 0 3 2 
0 3 31 101 53 6 0 7 
3 1 81 31 44 8 2 5 
9 7 46 68 73 8 4 4 
0 9 49 38 34 4 2 3 
7 0 42 54 27 9 2 7 
3 0 70 86 34 4 0 7 
1 3 15 27 27 0 5 8 
2 0 0 41 42 4 8 3 
2 6 38 46 53 5 7 2 
2 8 35 49 34 7 0 9 
1 4 13 40 56 3 0 6 
6 5 24 56 56 4 1 6 
3 2 30 81 70 8 2 4 
6 7 0 41 59 8 9 0 
4 6 42 49 71 1 3 9 
9 5 58 56 23 1 3 3 
4 7 38 65 76 9 6 4 
5 0 42 38 43 8 2 8 
0 7 62 57 54 6 0 8 
3 1 51 63 44 9 3 0 
5 4 17 47 19 9 6 1 
4 0 50 60 15 3 0 5 
2 5 35 70 71 7 8 7 
0 7 29 62 47 1 9 3 
0 9 81 50 47 2 0 5 
4 4 11 56 61 1 6 5 
3 4 27 52 21 3 5 1 
5 9 33 40 32 9 5 6 
2 4 29 58 44 0 6 4 
8 8 11 39 19 6 3 2 
1 1 34 48 4 5 3 2 
9 5 14 46 34 0 9 0 
6 4 52 35 56 7 9 1 
1 7 58 20 30 2 4 6 
4 7 32 22 40 6 2 1 
3 6 25 24 46 3 6 1 
8 1 44 58 68 7 7 1 
9 9 23 45 32 5 9 6 
1 1 29 0 61 9 8 6 
4 3 8 45 119 4 9 1 
7 5 52 22 57 8 6 6 
0 0 25 53 48 3 5 5 
4 0 22 24 35 8 4 7 
9 7 2 70 13 2 2 8 
5 4 20 41 51 8 3 6 
9 4 7 64 39 1 2 7 
1 2 0 88 44 3 4 5 
4 0 38 72 62 2 4 6 
0 1 64 47 54 0 4 2 
7 2 0 60 55 1 0 2 
6 4 34 19 57 0 9 5 
1 3 51 50 30 2 9 8 
9 6 0 21 57 3 0 3 
9 6 17 9 12 7 8 4 
5 1 0 61 57 3 4 9 
6 4 74 56 45 8 3 7 
7 0 14 14 47 7 3 6 
7 4 23 18 84 7 3 3 
5 7 30 73 42 8 4 5 
9 2 22 46 68 7 9 9 
9 5 41 57 38 8 2 3 
3 6 58 0 1 7 3 8 
2 8 22 9 63 4 8 5 
4 1 23 41 33 6 7 7 
1 4 43 53 57 2 6 8 
4 0 48 71 39 8 5 5 
0 4 10 45 21 1 9 7 
6 9 0 40 22 5 1 2 
4 4 25 82 62 4 5 0 
0 1 17 8 58 4 0 4 
6 4 15 66 33 1 4 3 
2 0 0 65 60 8 2 3 
8 1 32 30 39 1 9 1 
3 2 28 34 58 4 7 3 
8 1 37 101 52 9 3 7 
8 9 20 45 34 3 0 0 
4 4 42 33 39 5 8 2 
8 7 0 48 49 1 2 0 
9 9 17 76 52 3 1 1 
1 4 44 28 57 7 1 6 
9 7 15 67 71 8 0 1 
0 5 61 51 45 1 2 5 
7 4 68 37 33 2 3 3 
8 1 0 74 53 6 3 9 
9 3 66 89 70 0 5 5 
0 0 57 37 31 8 3 2 
0 3 40 27 55 7 9 8 
2 4 30 86 82 9 2 2 
6 7 52 0 37 8 4 8 
1 6 22 70 28 2 3 9 
8 4 33 34 58 9 5 0 
7 9 32 42 41 1 9 9 
1 5 0 38 64 1 4 2 
4 1 25 84 54 4 3 7 
2 5 55 72 31 9 4 4 
3 6 53 94 86 6 6 4 
2 3 39 59 82 7 9 2 
3 1 9 35 57 8 1 4 
5 4 24 60 35 0 4 7 
1 7 5 29 32 8 6 4 
5 2 33 33 57 0 7 1 
2 4 9 54 55 3 4 8 
6 8 32 46 34 5 9 7 
5 1 50 42 36 1 6 7 
6 3 24 24 72 7 7 3 
2 8 37 68 53 4 9 8 
5 0 27 49 66 8 5 0 
7 6 65 37 67 4 7 8 
6 6 40 40 59 0 2 4 
4 0 55 89 34 6 0 9 
0 1 47 12 51 0 3 2 
1 4 47 48 43 6 8 4 
4 7 14 59 33 8 9 0 
3 6 38 52 32 7 1 4 
4 9 33 71 43 2 2 9 
5 6 0 22 40 8 3 0 
9 8 32 45 56 2 4 4 
3 5 21 34 29 1 1 3 
9 3 43 35 49 9 1 6 
3 5 53 10 51 6 2 3 
4 5 17 65 28 7 8 1 
7 4 55 75 69 7 7 2 
6 2 20 44 0 0 2 7 
5 6 0 68 98 3 9 3 
4 6 31 31 21 0 2 0 
6 6 33 60 45 4 1 4 
6 1 29 47 78 5 2 2 
1 9 32 33 56 3 7 4 
0 7 18 90 104 8 7 5 
9 4 31 48 12 3 4 0 
1 3 55 27 60 2 9 7 
5 7 42 43 80 5 0 5 
3 0 17 47 38 1 7 5 
6 4 12 53 54 6 2 7 
3 5 40 15 50 1 9 1 
6 2 63 57 50 6 1 3 
6 3 64 24 44 3 7 1 
5 8 74 64 56 7 4 3 
5 1 43 46 28 3 8 8 
2 2 30 58 28 4 4 5 
3 8 0 36 19 1 3 0 
3 5 51 40 36 3 8 4 
0 0 0 69 51 3 6 4 
1 9 33 71 23 1 3 6 
5 7 24 24 51 8 5 0 
5 4 35 57 51 7 7 1 
0 9 17 19 52 6 0 2 
5 4 56 52 49 8 8 1 
5 2 0 51 10 0 8 4 
6 1 11 68 60 3 0 4 
2 0 31 82 40 7 1 9 
9 8 21 46 28 7 6 8 
8 0 14 50 83 2 9 7 
5 9 38 53 66 8 4 1 
8 6 23 97 65 3 3 5 
1 6 47 12 40 9 0 7 
7 7 51 35 44 6 4 4 
2 6 10 63 66 9 8 0 
1 5 1 62 76 6 6 2 
3 7 16 30 25 1 0 6 
6 1 26 47 39 6 4 6 
9 4 33 79 59 9 5 9 
0 9 27 31 33 8 1 5 
3 3 24 24 41 6 4 7 
6 8 42 51 40 1 0 8 
4 4 48 33 59 6 1 0 
8 5 71 49 38 8 1 4 
9 6 0 56 4 1 5 5 
2 3 22 63 95 2 8 1 
3 5 42 57 12 3 8 6 
9 7 17 0 53 9 1 5 
5 7 93 65 41 4 2 9 
6 3 11 42 57 1 7 0 
6 9 21 83 12 5 7 9 
7 2 51 91 36 6 3 0 
3 5 12 50 37 3 6 0 
5 2 32 62 69 7 3 6 
5 5 5 61 29 1 9 0 
4 1 37 75 99 2 5 2 
6 7 50 81 0 4 5 6 
2 7 56 58 51 0 0 7 
8 2 0 43 53 3 5 2 
5 2 19 30 46 6 7 6 
8 6 20 69 58 9 7 8 
7 0 58 56 47 8 3 9 
7 4 19 42 44 4 0 6 
5 5 34 50 50 3 2 8 
2 3 56 47 57 8 2 2 
2 4 58 55 39 3 6 9 
7 3 32 21 51 7 9 0 
5 5 46 97 54 5 2 1 
1 6 4 70 59 1 0 8 
0 7 24 50 44 9 5 9 
0 9 27 18 19 8 8 5 
2 8 33 21 75 6 3 9 
0 6 34 53 32 9 7 9 
8 3 35 58 15 8 7 0 
8 2 35 62 59 3 3 3 
7 1 72 77 49 7 0 0 
9 7 9 66 35 6 5 5 
5 8 11 33 19 4 4 9 
6 7 18 77 44 7 1 9 
2 1 27 59 16 3 3 5 
9 3 27 12 54 6 9 6 
0 0 17 79 50 4 0 2 
1 7 18 53 57 6 6 5 
8 9 51 77 16 5 7 3 
6 6 43 62 83 7 0 4 
0 5 18 88 58 0 0 3 
4 0 1 68 45 5 4 6 
4 4 29 79 110 6 9 1 
5 0 2 40 25 5 6 0 
3 2 25 8 50 8 4 7 
2 8 37 42 65 0 4 7 
0 0 27 37 30 9 7 1 
1 3 13 38 50 3 5 6 
3 2 35 67 7 6 5 4 
5 4 22 51 23 4 9 3 
6 6 23 60 34 7 6 5 
6 1 5 46 86 9 7 0 
6 2 6 41 22 2 1 1 
9 1 0 49 66 1 7 4 
2 4 34 51 56 4 0 1 
6 6 31 70 45 1 2 8 
4 7 14 44 46 9 2 1 
5 1 37 61 45 4 1 2 
4 7 9 66 61 0 4 8 
4 8 62 80 92 5 2 4 
3 1 29 39 44 0 9 9 
8 7 71 77 42 5 4 3 
0 5 37 47 41 4 6 0 
5 1 6 60 55 1 4 7 
3 2 10 86 52 0 8 2 
0 6 21 59 51 3 7 6 
6 8 16 48 76 1 6 7 
4 6 51 81 56 3 1 1 
7 6 29 72 60 4 8 7 
0 1 29 76 64 0 8 0 
4 7 0 72 46 7 5 2 
1 2 15 45 61 9 9 1 
5 4 52 69 75 6 4 5 
8 9 47 79 34 3 7 7 
3 7 12 36 73 0 8 3 
6 2 43 70 47 9 5 1 
1 8 32 61 77 0 7 5 
5 3 45 36 44 4 5 1 
0 1 29 85 52 5 0 6 
4 2 44 46 60 5 3 1 
4 1 6 69 12 5 9 6 
3 5 44 59 32 2 9 5 
5 0 21 50 60 1 1 7 
1 7 11 49 52 5 6 7 
6 9 21 87 48 2 7 3 
5 1 56 69 36 7 9 3 
7 7 40 61 107 3 3 1 
8 5 29 70 28 8 3 0 
7 2 31 35 43 4 6 1 
5 7 44 63 32 6 7 9 
4 7 5 29 66 6 7 8 
8 2 47 80 55 6 0 4 
7 5 53 58 53 7 2 2 
6 2 19 60 56 8 5 4 
8 0 23 27 30 0 8 6 
7 3 44 59 67 6 0 6 
6 6 46 47 66 6 2 9 
8 7 0 76 16 7 1 8 
5 7 74 35 54 3 2 4 
4 3 45 96 34 1 0 3 
0 4 27 48 60 8 0 5 
4 0 57 61 40 3 0 5 
5 1 54 56 53 4 2 0 
3 8 12 67 66 5 0 4 
6 6 39 41 43 9 3 1 
1 1 41 33 63 0 2 3 
1 8 32 36 34 2 9 2 
1 8 19 43 40 0 7 4 
5 1 0 70 90 9 7 2 
7 7 52 83 59 1 1 3 
4 2 5 62 81 5 7 6 
5 3 49 50 65 7 4 4 
6 9 35 47 73 3 0 5 
8 3 37 23 80 5 5 5 
1 6 6 33 57 2 5 4 
8 5 31 53 84 6 0 4 
5 7 0 70 68 6 3 1 
5 2 0 60 74 9 7 4 
3 1 47 39 58 3 7 6 
2 0 5 54 20 9 5 3 
2 8 37 25 39 0 2 3 
1 8 12 7 60 1 7 9 
1 4 47 33 49 4 0 7 
0 7 52 35 30 6 5 9 
5 8 63 41 59 8 7 0 
8 9 23 62 25 9 0 2 
2 6 58 65 39 3 8 8 
9 2 25 23 31 4 0 5 
4 2 31 86 62 3 8 6 
5 9 0 24 48 8 7 9 
0 7 23 82 45 4 0 8 
1 8 43 76 55 8 6 0 
5 3 43 39 52 8 7 0 
8 0 20 70 24 4 8 8 
1 4 49 51 71 0 1 7 
6 5 0 47 62 0 9 0 
4 0 25 39 58 1 0 0 
3 8 27 53 44 3 1 6 
3 8 41 54 56 0 9 8 
6 7 22 27 47 0 7 4 
5 1 40 42 47 1 6 7 
5 1 45 52 58 2 3 7 
1 5 18 59 56 0 1 2 
2 1 41 70 77 0 0 3 
8 3 13 53 61 7 6 1 
9 7 31 99 62 2 1 1 
0 9 53 92 22 8 0 7 
6 9 25 33 80 3 5 3 
0 8 0 62 59 0 3 8 
1 3 6 78 45 3 4 6 
3 5 0 77 30 0 4 4 
5 5 47 38 48 0 0 4 
2 5 55 63 83 7 3 9 
2 9 35 68 48 7 9 5 
1 4 41 87 55 6 4 2 
0 4 35 64 54 6 2 8 
5 5 70 39 57 5 6 7 
3 6 37 72 44 0 0 0 
4 8 15 52 43 0 6 7 
7 1 5 32 68 6 2 4 
3 4 20 40 39 1 7 3 
0 0 34 62 39 6 5 5 
2 3 67 19 63 8 0 9 
4 6 16 79 10 8 0 6 
5 0 14 34 61 4 4 4 
6 6 31 66 64 3 5 8 
1 3 0 58 53 3 1 3 
7 0 24 38 50 2 4 9 
3 7 16 52 51 2 6 7 
3 9 35 61 47 6 2 0 
9 5 26 71 64 6 2 1 
1 3 23 59 65 1 8 8 
9 2 13 30 69 1 5 5 
3 1 20 33 15 0 3 3 
7 9 9 83 24 9 8 7 
3 0 13 54 50 6 9 7 
8 9 17 61 17 9 9 0 
6 3 42 28 42 1 6 6 
5 3 39 38 50 9 5 3 
4 3 31 50 78 9 6 4 
2 6 5 55 58 9 3 2 
0 9 43 39 62 6 4 7 
8 2 45 61 52 1 3 3 
6 0 39 73 18 7 0 1 
7 8 10 68 35 1 5 0 
2 7 16 25 66 1 9 2 
0 8 1 66 49 6 7 3 
9 1 4 58 62 0 4 6 
4 3 35 39 37 8 8 7 
3 9 63 42 67 7 4 9 
1 1 32 68 6 9 0 5 
0 4 38 51 50 5 2 8 
9 5 9 44 54 9 3 9 
2 0 0 66 89 1 7 5 
0 2 41 102 34 8 6 5 
7 8 25 58 49 2 0 0 
2 6 28 49 64 2 4 5 
8 4 24 30 40 1 6 1 
3 5 10 56 8 4 5 8 
9 3 23 31 21 8 0 2 
3 3 67 61 83 0 1 9 
3 3 0 33 57 7 9 9 
5 1 44 58 52 9 0 1 
1 1 44 6 77 4 1 0 
0 1 22 44 51 4 6 1 
3 1 52 79 59 8 5 5 
0 0 19 28 35 3 0 6 
5 2 22 31 90 8 3 5 
8 5 29 52 48 2 6 4 
4 9 42 47 48 2 5 2 
0 2 21 69 67 5 7 6 
1 5 87 80 35 1 2 4 
8 7 27 61 45 5 7 2 
2 3 52 57 42 2 2 9 
2 0 16 67 64 4 7 5 
4 3 57 63 27 0 1 1 
4 2 36 26 74 7 3 4 
4 1 44 87 51 9 2 0 
9 4 41 42 71 6 2 2 
3 8 32 69 34 5 5 6 
4 8 24 52 33 4 2 8 
1 9 51 43 36 1 0 4 
3 1 0 57 49 0 9 3 
2 9 22 38 32 4 7 2 
6 4 8 69 74 0 9 7 
5 9 0 45 35 4 9 6 
5 9 11 73 7 9 8 1 
6 7 23 47 59 4 8 0 
8 9 36 34 68 7 0 3 
5 7 27 71 25 4 7 8 
8 4 19 24 97 3 0 7 
7 4 25 65 56 8 1 9 
3 1 36 46 19 4 3 2 
7 3 3 49 38 3 6 6 
7 7 69 62 52 1 0 4 
8 0 45 28 76 4 6 3 
9 4 0 38 40 9 2 0 
3 3 73 65 54 5 8 3 
4 0 32 32 73 3 1 2 
8 5 32 64 61 1 5 4 
7 4 43 18 66 6 3 0 
1 5 18 54 14 9 7 5 
5 7 35 64 59 4 6 8 
9 4 36 30 70 0 2 3 
3 4 39 64 41 8 3 6 
4 4 18 35 7 3 1 4 
6 6 34 61 72 5 8 8 
5 9 0 42 78 8 8 8 
2 5 36 80 40 2 5 2 
2 7 12 23 33 1 7 2 
8 6 21 59 40 4 6 6 
1 9 27 76 0 5 9 6 
9 2 9 53 46 9 2 4 
8 6 36 94 103 9 3 8 
5 2 24 47 59 7 7 1 
1 1 25 73 11 0 0 4 
8 1 28 42 61 6 8 1 
8 0 42 81 59 2 5 5 
2 3 30 12 62 0 4 5 
1 5 22 44 50 4 9 2 
4 7 36 37 59 7 8 7 
2 6 16 91 81 5 1 8 
8 4 0 51 36 3 0 3 
7 9 3 42 77 0 3 0 
9 9 19 24 71 8 2 3 
1 2 16 76 74 4 3 1 
6 7 32 51 55 8 5 3 
7 2 51 85 40 2 1 7 
7 0 13 49 52 2 3 2 
1 2 25 44 59 7 0 6 
1 3 34 60 72 7 3 0 
7 6 22 52 71 3 2 5 
7 0 19 46 22 9 2 0 
6 9 13 61 50 5 6 0 
7 7 37 59 61 6 6 5 
1 9 22 52 5 1 2 3 
9 3 26 56 45 8 4 5 
8 8 45 49 58 6 6 4 
8 7 28 45 66 4 4 8 
5 0 22 44 46 7 5 9 
1 3 16 54 64 7 9 2 
6 2 13 43 34 1 5 3 
2 2 61 54 71 3 4 2 
0 9 2 72 44 6 6 3 
5 4 0 80 37 5 1 7 
7 7 45 37 66 1 2 4 
3 6 6 83 56 9 8 2 
7 6 13 74 52 7 2 1 
6 7 33 61 38 0 1 3 
4 4 28 20 67 8 0 5 
5 3 29 69 31 3 4 2 
1 9 28 38 37 7 8 0 
1 4 0 11 55 7 1 3 
3 0 49 80 49 8 7 2 
7 9 42 32 39 9 7 8 
8 5 34 29 30 0 8 4 
1 2 10 34 66 6 7 8 
8 7 26 70 25 5 2 6 
4 8 39 25 78 0 3 6 
4 8 12 83 27 8 4 4 
6 4 26 58 36 9 3 4 
6 3 21 71 68 1 2 0 
2 2 1 54 73 8 9 5 
0 5 9 50 62 4 6 3 
9 4 44 33 11 4 3 8 
6 0 30 78 49 2 6 7 
1 8 20 103 39 9 6 5 
0 5 60 91 25 4 0 3 
2 4 23 17 42 5 9 8 
2 1 29 0 81 8 2 2 
6 5 34 49 20 2 9 2 
7 8 7 45 39 7 7 5 
6 9 62 84 58 8 6 9 
6 9 18 31 77 5 6 9 
3 8 0 37 58 3 9 4 
5 5 34 79 49 2 4 6 
5 8 31 61 2 2 8 4 
6 7 28 56 73 9 0 9 
7 8 19 43 17 1 9 0 
4 4 3 19 54 9 3 2 
7 8 36 65 81 3 8 6 
5 1 59 43 31 3 1 4 
1 5 42 67 31 1 6 1 
7 2 71 37 46 6 5 8 
8 7 31 45 56 4 3 3 
0 4 29 51 44 4 2 9 
6 5 10 73 44 6 6 9 
7 1 0 73 56 8 2 9 
7 8 10 56 35 6 5 5 
8 3 30 68 54 8 4 1 
8 5 46 55 79 9 0 5 
5 1 24 83 52 4 4 9 
9 4 39 54 37 5 4 2 
1 7 0 51 0 4 1 9 
2 3 45 41 44 7 8 6 
6 2 57 59 44 7 0 2 
3 7 55 72 68 1 6 4 
4 3 16 20 66 0 3 4 
9 5 17 85 44 7 4 7 
6 9 50 16 65 2 1 3 
3 0 3 73 43 9 4 3 
8 8 36 30 32 7 4 3 
9 7 0 60 46 4 1 3 
8 2 36 80 56 7 8 5 
3 6 64 24 47 9 3 9 
3 3 17 66 36 2 9 9 
1 5 0 10 22 6 3 3 
2 4 52 41 55 4 3 3 
8 4 7 84 71 7 1 9 
9 8 0 57 60 5 6 2 
1 2 59 61 41 3 4 5 
7 7 26 55 19 9 3 3 
4 7 14 42 41 9 1 9 
6 5 60 59 32 3 7 6 
2 9 34 61 64 0 7 8 
4 2 27 26 54 8 6 8 
9 5 0 52 46 4 2 7 
7 4 43 28 60 9 5 2 
4 1 29 54 15 7 1 6 
0 3 51 41 93 1 1 9 
7 8 31 31 56 9 6 3 
3 6 55 44 41 6 7 1 
1 0 27 53 46 9 1 5 
2 1 18 83 53 2 7 2 
5 1 4 66 71 1 9 3 
8 3 38 71 66 1 1 4 
3 0 53 95 24 0 2 2 
5 2 34 72 70 2 5 5 
0 9 38 53 45 3 6 6 
2 5 38 0 56 5 1 3 
7 5 52 77 55 6 2 6 
4 9 29 18 69 1 8 7 
5 2 29 41 43 2 0 1 
5 8 40 26 64 6 1 7 
0 8 20 12 84 1 6 4 
8 6 38 9 23 1 5 8 
1 1 25 30 57 6 4 0 
6 0 38 27 24 5 7 2 
4 2 9 69 85 1 2 0 
8 0 58 80 74 1 1 8 
5 5 3 39 25 9 6 5 
8 2 4 45 43 4 0 0 
0 8 24 66 14 5 8 5 
9 5 49 54 62 1 4 7 
4 3 45 56 58 3 4 5 
6 3 26 47 37 3 5 3 
0 0 0 46 68 6 2 7 
6 6 55 32 69 5 2 3 
8 3 18 74 57 0 5 8 
1 3 5 60 22 2 7 8 
2 6 0 15 41 8 7 2 
7 9 62 19 70 0 0 9 
0 2 10 47 59 5 5 1 
1 1 0 69 44 2 5 0 
3 8 34 88 20 8 1 5 
7 4 22 38 22 0 5 1 
8 0 43 63 82 5 9 9 
2 7 37 53 42 2 5 5 
6 2 35 13 26 9 8 0 
0 0 55 37 18 9 5 1 
6 5 32 0 7 9 1 3 
6 1 20 34 48 6 7 8 
3 5 40 75 51 4 7 8 
5 0 23 54 64 4 9 8 
7 3 9 48 60 9 8 7 
5 7 23 41 29 6 1 2 
6 5 31 25 39 8 4 3 
9 9 61 18 59 1 7 5 
6 2 35 63 54 6 3 0 
5 5 73 8 98 0 2 0 
1 9 23 39 60 3 3 0 
4 2 0 57 57 9 6 6 
3 0 40 35 73 3 4 0 
9 7 27 40 47 9 4 0 
8 4 64 38 65 2 9 4 
3 9 23 83 36 2 2 7 
4 9 16 66 58 8 3 0 
9 2 55 19 61 1 7 1 
6 7 39 21 55 7 6 6 
9 7 1 43 78 3 4 1 
0 2 16 36 5 7 8 3 
6 7 29 58 19 2 6 1 
6 7 51 43 43 8 2 1 
8 3 37 27 55 2 6 2 
4 9 61 77 45 6 6 8 
7 2 50 84 49 5 3 3 
3 1 97 32 73 7 5 5 
2 8 52 31 36 9 3 5 
6 7 47 50 51 5 0 0 
4 4 41 57 30 1 6 4 
1 3 61 18 65 0 2 0 
1 1 17 75 24 9 6 2 
5 5 26 23 51 9 9 8 
9 4 5 0 31 0 1 7 
4 7 50 48 51 9 8 0 
9 2 9 71 27 8 8 8 
5 0 24 62 32 4 5 6 
6 1 36 63 61 4 6 9 
4 6 34 5 55 6 5 0 
5 3 8 46 39 3 8 0 
0 8 27 46 67 5 5 9 
4 5 23 57 60 8 1 9 
0 0 19 69 44 2 8 3 
1 4 41 68 47 0 2 8 
9 6 23 53 37 9 8 0 
1 6 14 44 86 1 5 7 
9 5 47 26 61 3 7 7 
8 1 19 42 40 0 2 4 
2 3 23 49 74 5 8 5 
3 9 41 57 26 1 4 5 
9 2 11 66 34 8 0 6 
8 3 45 50 55 9 1 4 
2 5 44 18 39 4 4 0 
5 6 34 54 59 2 0 0 
2 3 12 46 33 2 1 6 
7 9 57 45 28 0 4 4 
6 3 22 33 55 5 4 1 
1 8 15 37 34 9 2 9 
4 6 11 42 28 2 7 3 
0 3 7 44 45 2 3 0 
2 2 2 65 69 8 9 1 
4 8 42 93 43 3 4 4 
5 8 37 60 53 2 2 3 
9 6 15 41 54 0 8 9 
1 7 19 52 42 2 5 1 
1 1 1 32 29 5 7 0 
6 3 22 50 63 2 6 2 
4 2 36 82 66 4 0 4 
9 5 24 53 72 7 3 6 
7 2 45 67 44 4 2 6 
2 7 30 35 54 3 3 3 
9 1 47 55 59 5 1 9 
5 5 6 63 47 9 3 5 
9 3 31 52 62 3 4 0 
3 8 0 32 100 6 6 9 
4 3 0 65 34 0 3 4 
1 0 37 74 34 3 3 8 
5 4 36 75 72 5 2 9 
2 4 48 96 43 1 4 3 
0 9 38 2 75 5 6 9 
9 0 52 67 64 9 6 4 
6 9 67 44 53 5 6 1 
1 3 49 39 32 0 4 6 
1 0 0 66 34 6 5 0 
1 2 44 49 70 2 4 1 
0 8 4 46 64 0 1 0 
1 1 31 45 78 9 9 6 
9 8 0 44 50 8 3 3 
1 3 47 10 22 3 6 2 
2 7 20 41 9 0 9 0 
9 1 38 38 29 1 3 7 
6 7 51 59 56 6 6 3 
7 8 60 41 40 0 9 6 
2 6 14 66 10 9 1 1 
2 2 25 66 54 8 1 5 
7 4 63 39 59 9 5 8 
3 0 18 59 49 2 9 4 
2 2 36 28 19 6 7 2 
6 7 29 50 84 3 4 7 
6 0 18 28 36 9 3 6 
3 9 37 31 22 5 8 7 
5 8 37 17 46 1 4 4 
9 1 41 39 76 7 8 9 
7 5 22 67 61 4 8 1 
2 3 50 56 53 6 7 1 
0 5 37 29 88 5 4 4 
9 4 33 58 45 3 4 1 
6 7 50 42 28 0 4 3 
6 2 0 36 67 6 9 7 
0 5 8 87 77 5 3 3 
2 9 14 43 44 4 6 7 
4 3 48 83 41 0 8 6 
2 0 53 34 68 3 0 9 
9 6 7 44 23 3 6 6 
5 5 17 61 28 2 6 0 
4 3 51 50 31 9 0 5 
8 9 42 82 30 8 9 4 
4 7 35 17 43 8 8 7 
0 1 81 76 48 4 1 7 
3 2 44 50 39 6 2 1 
1 4 36 14 43 2 6 0 
2 0 9 27 83 3 8 9 
9 1 0 66 64 2 0 4 
5 1 54 30 59 3 6 2 
3 4 0 62 50 2 9 4 
1 5 23 53 49 4 4 7 
0 6 20 65 71 2 0 3 
8 5 22 42 25 8 0 4 
4 0 12 35 60 4 6 3 
6 6 19 35 73 9 5 5 
0 6 56 42 22 3 5 1 
3 1 52 37 32 1 7 0 
4 3 42 21 49 2 9 6 
2 8 5 63 41 9 2 0 
4 2 22 96 80 5 1 8 
7 7 13 79 43 6 4 9 
9 1 35 44 81 7 1 5 
8 9 52 63 13 3 4 0 
3 0 65 85 67 0 3 4 
9 2 47 15 46 9 7 1 
8 6 14 28 43 4 0 3 
1 3 22 68 42 7 9 8 
5 8 23 62 45 3 6 2 
5 9 3 7 53 9 2 0 
2 5 68 100 58 8 3 8 
0 6 56 52 10 5 8 4 
0 4 59 56 26 0 7 0 
8 0 28 27 35 9 1 6 
9 2 16 54 45 9 1 7 
6 8 19 25 45 0 3 5 
1 1 21 80 45 3 8 2 
0 5 27 0 66 9 3 3 
5 5 28 34 28 4 7 3 
0 1 27 65 64 5 2 2 
9 2 71 22 26 4 3 2 
5 5 28 71 84 6 4 0 
0 5 9 40 65 9 3 1 
3 1 50 35 39 8 8 3 
4 5 58 33 69 2 7 5 
1 3 12 43 62 1 6 6 
9 4 10 24 48 7 1 4 
0 3 0 60 57 5 9 3 
4 4 23 28 20 1 8 1 
1 5 35 31 73 5 1 5 
4 9 25 37 55 4 2 5 
1 2 17 55 35 4 1 9 
7 0 75 64 28 4 2 2 
8 4 57 68 20 8 9 6 
3 8 28 43 51 3 7 9 
0 0 18 45 35 7 6 7 
0 4 0 68 88 6 1 1 
6 6 0 38 87 5 7 3 
7 8 24 45 66 9 6 2 
6 1 36 40 6 8 7 2 
4 7 3 54 44 8 3 3 
3 4 0 39 69 4 0 9 
7 1 38 68 80 4 7 8 
6 3 28 70 29 7 1 2 
8 4 4 69 60 9 6 3 
2 8 14 41 79 9 8 0 
6 4 18 73 28 8 8 8 
9 4 26 72 46 2 6 5 
2 1 44 16 92 9 3 1 
1 4 8 62 13 6 5 8 
7 0 35 53 32 9 5 3 
6 4 19 67 23 8 8 1 
1 6 8 29 22 5 3 2 
4 1 3 49 83 1 7 3 
5 6 55 51 95 4 5 1 
6 5 32 31 95 6 5 8 
8 3 60 52 46 7 7 9 
4 0 20 82 49 0 6 5 
1 6 68 55 34 8 8 5 
2 2 59 47 30 0 3 5 
3 2 24 47 35 8 3 5 
4 1 58 67 47 8 0 6 
6 2 0 78 45 4 1 3 
4 9 2 31 53 0 9 2 
8 5 10 50 35 5 0 5 
0 6 15 21 73 8 9 9 
2 0 37 26 39 3 4 4 
0 1 59 46 30 1 9 6 
9 7 1 21 59 7 3 8 
7 3 33 34 87 1 1 9 
9 8 59 11 36 6 5 8 
7 9 19 31 48 6 3 3 
6 0 24 47 66 0 7 3 
8 3 2 70 13 8 8 2 
8 9 13 50 65 1 7 3 
4 5 23 26 34 7 7 0 
3 2 34 62 31 3 3 9 
5 1 28 53 46 5 7 1 
8 4 41 81 6 2 5 2 
1 7 3 40 6 8 3 6 
1 5 26 37 42 2 3 4 
3 1 0 76 58 8 1 7 
5 2 37 86 37 7 3 3 
0 7 20 44 51 1 9 4 
3 1 7 55 54 9 8 4 
6 9 52 4 54 5 6 4 
7 9 37 37 18 9 8 9 
3 4 4 59 81 6 1 1 
9 1 18 56 70 8 8 9 
9 8 27 88 49 5 2 3 
6 7 51 77 32 4 9 6 
0 0 52 51 20 0 9 5 
8 2 19 42 78 7 7 1 
6 7 24 74 51 9 2 8 
6 0 47 48 75 1 4 3 
0 8 38 40 66 3 7 7 
0 8 27 50 51 3 6 1 
8 6 25 63 62 2 4 5 
5 6 47 63 24 1 2 4 
0 8 20 47 26 1 6 0 
8 3 20 23 36 5 4 7 
1 2 33 20 62 6 0 4 
2 5 27 83 22 5 6 9 
2 2 20 56 25 1 3 5 
9 2 0 84 33 7 4 6 
6 2 6 54 74 8 2 9 
4 6 71 44 29 5 4 3 
1 3 38 68 67 4 3 9 
8 6 36 28 12 6 9 1 
8 2 41 70 0 3 8 8 
3 1 56 19 69 9 0 7 
4 4 19 45 58 8 4 1 
4 6 30 49 23 5 2 3 
0 3 16 66 49 9 6 1 
6 1 10 27 48 4 3 2 
3 4 24 61 42 6 0 7 
0 7 45 58 92 4 3 3 
1 9 75 38 65 0 3 7 
0 0 48 58 34 1 3 0 
8 1 67 75 55 7 1 2 
3 1 21 57 23 7 0 2 
5 1 0 22 29 3 5 9 
2 6 13 35 37 3 2 1 
4 5 37 34 71 8 8 5 
0 4 15 43 34 4 0 3 
8 2 58 56 49 5 0 4 
8 3 79 19 20 2 8 5 
3 5 0 48 41 4 1 1 
2 0 0 30 78 7 0 2 
1 7 12 73 53 8 5 7 
1 9 29 38 60 3 8 6 
2 4 15 55 38 7 0 4 
6 7 62 52 68 3 5 9 
3 8 56 72 67 9 4 7 
7 4 22 28 58 3 0 9 
5 7 51 61 63 0 3 9 
0 6 18 59 49 3 2 7 
7 0 60 87 34 9 1 3 
1 5 0 64 11 2 8 8 
3 7 59 74 25 7 3 3 
0 3 0 48 46 8 3 0 
9 9 14 51 34 5 3 8 
9 2 27 40 48 0 2 4 
2 3 23 32 58 3 3 0 
5 7 54 48 27 5 4 1 
4 3 25 48 31 3 5 7 
9 6 62 49 25 8 9 0 
3 1 54 47 54 3 2 9 
3 2 13 49 26 9 8 2 
0 6 63 36 94 5 8 2 
9 8 42 50 22 4 8 7 
8 8 10 15 71 2 5 8 
6 1 25 52 47 1 3 8 
9 5 17 72 80 6 7 3 
6 3 9 64 45 5 6 2 
8 8 8 45 44 2 2 3 
3 9 22 58 49 7 3 8 
2 7 57 32 29 6 3 0 
7 2 41 38 44 3 3 2 
0 2 15 45 27 5 5 3 
1 8 5 77 60 4 5 1 
0 5 6 68 44 0 4 2 
0 5 30 36 73 9 7 7 
7 8 43 58 41 3 5 0 
2 5 23 39 13 6 2 4 
2 9 0 35 53 2 5 3 
4 0 27 35 67 2 8 6 
7 2 27 49 41 4 3 9 
0 5 0 33 47 5 4 4 
7 4 9 63 56 4 1 5 
9 3 8 37 33 5 9 2 
0 4 19 43 41 0 0 6 
5 5 18 46 63 5 7 3 
4 7 18 43 0 2 0 9 
4 5 0 62 19 0 3 6 
2 4 7 61 20 9 4 7 
5 4 20 50 30 0 3 8 
2 6 32 54 36 4 0 9 
7 0 41 42 46 5 7 6 
3 3 34 49 77 1 5 0 
8 9 40 35 24 9 3 9 
3 5 77 4 65 0 0 2 
2 2 9 40 39 8 0 1 
7 2 37 45 44 2 3 2 
2 2 14 24 40 9 4 7 
9 6 14 51 34 8 1 8 
9 7 23 64 52 2 4 9 
6 5 25 55 27 3 6 3 
1 3 0 38 49 1 0 9 
7 1 11 49 42 9 9 3 
6 5 4 87 87 5 4 7 
4 4 39 57 32 4 9 8 
2 7 45 89 45 1 9 6 
9 2 45 41 9 8 7 6 
7 5 55 86 35 1 8 1 
5 8 46 46 42 0 0 2 
5 9 53 15 16 1 6 2 
2 3 71 59 83 3 5 2 
6 5 15 11 79 4 4 7 
5 5 0 51 64 8 4 5 
8 5 26 89 14 3 6 0 
1 7 57 52 78 7 3 3 
6 9 9 38 32 0 1 2 
7 0 23 52 58 0 8 9 
1 0 24 73 38 0 7 5 
5 2 54 68 29 2 1 2 
5 6 37 39 59 6 0 8 
0 3 34 35 56 5 1 8 
9 6 25 64 41 5 2 5 
8 9 41 97 30 7 4 4 
9 3 53 40 55 2 1 2 
4 2 25 69 64 2 2 8 
9 7 50 48 36 3 7 9 
9 0 0 66 25 3 0 0 
9 7 11 79 76 8 9 3 
6 9 48 51 39 8 0 9 
5 8 21 46 40 9 0 8 
1 4 16 20 30 9 2 9 
5 2 50 46 44 1 1 8 
4 4 40 72 62 0 0 5 
9 0 0 26 49 4 4 7 
8 3 40 44 70 3 8 9 
4 6 29 73 29 5 2 4 
1 2 17 89 50 2 7 7 
5 4 36 84 42 3 0 9 
3 7 48 74 57 1 9 4 
2 2 43 16 42 0 7 3 
2 6 12 63 60 0 7 2 
8 5 10 83 53 1 9 0 
1 1 37 58 41 3 7 7 
8 2 49 46 95 3 1 4 
1 5 10 91 56 8 7 4 
5 3 53 59 42 9 2 7 
5 2 33 90 63 0 5 0 
9 0 59 27 68 9 5 8 
2 8 25 61 73 1 0 7 
9 9 0 33 68 9 5 7 
1 9 14 79 88 6 7 7 
1 9 18 28 57 6 6 1 
3 8 0 60 56 5 0 6 
5 3 34 28 65 5 2 7 
6 8 0 51 54 2 3 4 
3 1 49 57 34 8 7 7 
5 4 38 49 36 1 2 9 
6 2 20 69 55 9 8 4 
5 2 66 56 49 1 8 2 
2 6 36 38 32 2 5 1 
7 7 4 45 43 9 7 5 
7 1 69 20 67 6 5 7 
5 3 19 58 63 3 6 5 
7 4 28 55 45 8 6 5 
9 0 39 34 32 4 8 7 
4 6 32 65 52 1 1 8 
7 2 33 43 46 5 8 6 
5 7 61 28 49 8 8 9 
9 9 48 67 54 6 2 6 
8 3 55 26 49 4 5 0 
6 7 38 34 27 7 0 7 
4 6 22 87 46 2 5 7 
3 1 53 52 46 9 0 3 
5 5 33 71 83 2 7 4 
5 9 21 54 11 6 9 1 
8 5 65 40 73 6 7 0 
4 7 23 52 53 6 1 4 
1 8 29 41 34 4 7 2 
4 8 16 22 43 8 2 8 
4 9 2 70 59 1 3 2 
8 9 0 73 54 9 2 9 
4 8 47 65 79 1 9 4 
8 4 53 69 0 8 0 8 
2 3 27 64 54 9 8 5 
5 8 27 48 86 7 3 5 
2 7 43 40 5 5 4 4 
1 8 17 57 44 6 1 3 
7 8 18 100 73 5 3 5 
3 5 27 50 18 1 3 6 
0 5 67 38 48 5 1 0 
0 6 53 44 59 5 7 4 
2 0 30 26 42 8 0 3 
0 7 61 32 61 2 7 1 
3 0 56 38 21 2 6 3 
3 2 47 41 85 2 1 3 
7 5 22 26 65 0 3 6 
5 2 25 57 32 6 0 6 
3 6 24 18 54 0 4 6 
2 6 18 57 46 5 9 4 
1 2 57 49 42 5 7 5 
5 1 35 32 55 3 8 6 
2 5 3 74 45 7 1 0 
1 4 43 53 86 4 3 7 
5 2 13 48 43 2 4 2 
4 3 23 74 65 7 2 2 
1 4 38 36 46 8 8 1 
0 6 17 37 31 1 3 8 
9 5 18 33 67 3 3 9 
3 6 47 71 41 6 8 6 
8 0 56 41 56 0 1 7 
3 1 41 43 72 9 1 4 
4 6 0 62 42 9 6 9 
7 7 33 48 37 6 0 6 
9 7 35 68 37 7 4 5 
9 1 0 56 52 5 3 8 
5 6 33 84 58 6 1 8 
1 1 42 46 77 3 4 5 
7 5 7 54 42 1 7 2 
6 1 28 34 57 6 1 6 
2 7 12 50 25 9 4 5 
1 7 30 51 85 8 8 3 
2 2 6 64 31 9 0 2 
8 2 66 81 0 0 0 4 
0 9 34 88 62 5 8 7 
0 2 42 38 36 2 9 2 
5 0 18 42 46 4 4 9 
6 1 40 63 49 5 7 0 
6 3 15 46 65 2 2 7 
9 4 37 39 55 2 4 6 
6 9 30 56 28 9 5 6 
6 6 0 33 46 4 3 4 
1 0 44 57 77 0 2 8 
9 5 63 50 40 1 8 7 
6 4 29 40 52 0 6 7 
7 9 21 21 63 4 4 5 
5 8 0 32 55 1 4 4 
7 0 34 48 56 4 3 8 
7 9 24 38 29 0 2 8 
9 9 33 48 52 5 2 9 
2 4 0 80 28 6 0 7 
2 3 38 49 74 2 7 7 
9 4 22 17 47 9 3 3 
4 9 37 61 60 3 3 1 
4 2 26 45 64 3 9 9 
3 2 25 22 61 5 6 0 
7 0 24 71 62 0 9 9 
0 6 20 20 74 8 3 7 
0 3 32 59 55 6 1 3 
4 5 16 5 77 1 2 4 
2 8 42 53 40 7 6 4 
0 2 19 81 49 3 8 3 
0 2 5 34 66 7 0 2 
8 0 31 32 75 3 0 2 
4 5 34 60 79 2 8 6 
6 5 42 63 81 8 4 5 
6 9 5 45 34 5 4 5 
6 8 53 38 53 7 6 3 
6 2 57 51 40 9 3 6 
2 0 17 98 30 4 8 7 
2 9 38 46 64 9 8 4 
0 5 65 64 53 2 0 5 
1 8 55 23 31 1 0 4 
0 8 52 26 72 5 5 2 
8 2 5 39 48 2 1 5 
9 8 22 45 43 0 5 5 
8 0 64 80 37 4 8 9 
5 4 7 77 66 2 1 7 
5 0 44 28 45 4 7 0 
7 4 47 57 44 6 7 9 
8 4 12 61 41 0 7 2 
4 0 17 34 53 7 6 4 
5 3 0 76 57 4 7 2 
9 4 38 64 29 7 4 4 
1 0 31 56 19 1 0 6 
9 1 24 37 59 1 8 2 
6 9 22 54 88 1 3 4 
7 4 53 53 47 0 9 7 
2 0 11 48 52 6 8 9 
3 3 4 16 36 1 2 7 
8 5 17 15 62 4 1 7 
1 1 0 71 49 9 2 1 
9 5 30 18 33 4 2 8 
7 9 35 18 61 9 9 9 
6 8 44 30 52 9 5 9 
9 9 12 19 46 4 4 1 
0 6 8 42 51 8 3 0 
2 0 34 57 46 3 6 4 
5 5 52 8 34 9 5 7 
4 7 12 84 38 8 8 6 
7 3 45 64 82 1 5 6 
3 2 42 24 51 4 3 9 
9 2 47 61 70 3 3 3 
3 8 13 41 69 4 0 6 
3 4 16 47 70 7 8 7 
0 1 39 93 68 2 4 7 
7 6 28 77 38 0 7 5 
0 0 33 44 52 9 5 3 
6 1 29 16 63 2 7 7 
6 3 73 0 55 7 3 8 
2 4 0 40 81 2 5 4 
7 3 32 58 75 3 3 6 
0 6 32 46 34 9 4 8 
5 0 23 79 47 2 0 9 
4 5 55 47 56 6 7 1 
8 1 11 75 70 1 1 1 
8 0 2 57 46 8 6 5 
6 8 41 41 72 6 4 6 
5 1 3 62 14 4 0 2 
9 2 1 46 60 5 5 2 
0 9 6 77 86 7 0 6 
6 3 66 57 57 7 1 9 
0 8 52 38 36 4 7 6 
0 9 47 23 57 1 9 5 
1 2 36 23 37 2 6 8 
0 4 23 8 48 7 5 0 
0 3 31 59 65 4 2 8 
2 9 21 61 43 5 3 5 
1 5 15 24 52 3 0 6 
5 1 21 64 70 6 3 1 
3 5 22 66 37 8 6 6 
6 4 0 48 58 7 2 4 
0 6 23 77 29 9 1 2 
4 6 16 82 53 8 9 3 
1 0 7 64 66 9 3 9 
3 5 36 19 39 3 6 5 
7 1 42 8 48 9 7 4 
2 4 69 62 48 6 8 0 
0 9 31 42 60 8 4 3 
9 2 42 45 84 6 7 8 
2 3 28 63 55 2 4 7 
3 8 21 25 33 8 9 2 
8 7 29 57 24 0 8 2 
4 5 56 43 74 2 4 5 
4 9 34 37 32 3 8 3 
0 7 41 67 57 2 5 3 
4 1 5 72 48 2 2 0 
9 3 9 45 71 4 7 6 
2 7 35 47 83 6 8 9 
8 7 16 69 19 0 0 3 
3 8 32 52 69 1 5 7 
4 6 10 68 47 1 8 2 
6 0 50 50 60 1 2 1 
3 1 32 41 59 4 9 1 
4 9 58 56 39 1 0 9 
9 4 43 74 53 4 3 1 
9 4 55 49 62 3 0 8 
4 7 7 32 34 6 8 8 
4 2 31 62 68 3 9 8 
7 3 19 29 76 3 4 5 
8 6 29 31 81 3 4 5 
1 3 32 72 53 0 6 5 
4 2 19 37 52 6 9 6 
2 5 21 34 45 7 4 7 
9 8 58 51 89 1 0 9 
0 2 33 69 82 7 4 2 
6 4 6 45 87 6 2 6 
9 0 27 29 42 6 3 9 
1 0 6 14 67 7 2 2 
7 6 49 67 40 9 1 6 
1 2 53 61 36 3 7 7 
5 5 20 58 67 7 9 8 
6 6 0 37 66 9 9 7 
7 4 16 38 50 3 1 4 
3 3 13 47 37 3 4 2 
3 9 35 71 33 8 5 5 
4 3 59 50 8 7 9 4 
9 8 2 36 59 7 0 3 
2 3 35 39 36 3 8 0 
1 5 24 68 42 4 3 6 
8 8 0 59 65 5 0 0 
3 0 35 51 37 2 7 3 
6 4 40 71 47 3 4 6 
5 5 11 54 52 4 2 6 
4 6 53 43 69 5 6 7 
7 2 24 67 75 8 0 3 
3 2 45 71 32 2 7 7 
4 0 21 45 43 1 9 3 
5 0 21 44 37 7 2 7 
7 5 29 103 10 6 9 1 
3 4 40 83 83 3 3 3 
3 2 27 46 97 6 8 7 
9 7 28 67 64 6 0 5 
8 2 0 95 61 5 1 9 
6 5 53 62 54 4 6 6 
9 7 35 14 38 8 8 9 
1 9 42 46 34 4 6 8 
2 2 32 77 33 7 7 9 
8 1 38 29 47 5 6 6 
0 5 21 49 58 8 6 1 
5 0 47 85 67 0 0 5 
0 0 24 31 58 8 2 9 
0 8 26 65 44 2 4 0 
0 3 50 31 17 9 4 4 
7 2 16 62 80 7 8 1 
0 4 60 34 40 3 4 2 
6 3 60 101 68 0 0 3 
4 6 52 49 59 7 5 7 
5 6 34 33 59 2 9 6 
6 5 31 19 31 5 5 9 
8 8 41 26 39 7 2 8 
5 0 26 74 71 9 1 8 
2 2 35 62 35 7 5 4 
7 0 23 79 47 3 6 8 
4 5 43 35 64 4 5 5 
3 3 47 51 56 3 0 2 
9 0 20 60 53 6 3 9 
5 7 12 22 62 9 5 6 
6 3 55 65 41 1 1 9 
5 1 12 40 48 6 9 2 
0 5 21 55 55 0 4 9 
3 5 30 59 19 1 3 8 
2 4 35 101 26 1 5 4 
1 0 36 40 46 7 3 9 
9 4 38 60 63 7 5 0 
9 1 36 37 32 2 8 3 
5 8 55 87 11 3 2 2 
8 2 29 71 70 2 5 8 
7 1 41 43 44 3 2 5 
7 5 19 70 58 3 7 5 
6 8 20 60 61 7 9 7 
1 8 52 75 58 7 8 3 
1 9 16 82 55 6 6 5 
9 3 31 26 30 6 8 9 
2 4 0 47 75 4 7 4 
7 7 42 76 33 5 0 1 
3 2 26 40 74 2 0 9 
4 3 14 34 82 0 3 5 
3 6 11 63 56 6 6 3 
4 2 5 16 62 7 3 6 
5 2 41 27 61 9 3 3 
3 0 38 76 42 6 9 6 
8 8 35 42 66 2 5 3 
5 1 39 39 61 2 3 6 
3 3 22 41 64 1 5 4 
5 5 50 20 54 4 8 3 
7 8 44 26 53 0 9 3 
9 9 54 37 27 2 3 6 
6 5 24 45 31 9 2 2 
9 1 30 80 50 1 2 5 
8 4 43 34 82 0 5 9 
7 4 29 61 68 5 1 4 
7 9 44 59 42 2 8 5 
6 5 33 67 78 7 3 7 
0 2 63 30 29 6 9 4 
4 7 53 63 57 3 7 4 
1 2 20 50 19 7 9 1 
8 9 18 37 42 7 3 4 
7 4 51 50 55 8 7 8 
6 4 56 42 77 0 9 6 
6 4 63 59 39 2 2 3 
6 5 11 36 88 7 0 2 
9 5 41 67 34 9 3 8 
1 9 39 59 75 5 8 1 
2 3 18 31 38 2 6 7 
9 2 100 61 35 2 6 1 
9 6 0 50 78 8 0 1 
5 1 10 64 60 8 6 2 
8 9 0 32 42 7 1 3 
4 0 9 71 53 1 2 9 
6 4 20 63 85 0 0 5 
4 8 1 63 50 9 4 7 
7 8 0 82 68 6 9 4 
3 5 15 74 29 2 2 6 
4 9 23 76 14 5 3 9 
9 4 49 54 65 1 0 7 
4 6 82 44 48 5 2 7 
8 7 39 64 46 5 4 5 
9 7 18 6 71 9 2 9 
7 7 0 33 48 9 5 6 
8 4 35 16 51 5 7 1 
9 2 29 99 63 6 8 9 
5 4 27 52 37 8 8 7 
1 1 20 80 80 9 1 2 
6 7 48 45 70 5 9 8 
8 2 1 52 37 3 2 8 
4 3 32 66 39 2 3 2 
4 0 66 62 68 0 9 3 
6 8 0 42 56 6 1 7 
1 3 49 62 37 9 2 8 
6 9 0 41 24 1 5 4 
1 0 3 51 39 1 2 7 
3 5 28 14 54 6 5 8 
7 8 16 54 82 6 6 9 
0 8 55 17 54 8 8 4 
5 9 88 56 69 4 0 4 
1 9 14 34 33 4 0 9 
1 0 26 69 63 2 8 6 
2 5 31 36 84 6 3 7 
0 6 44 53 71 6 2 2 
2 5 5 80 32 3 7 2 
5 9 42 22 26 8 6 1 
5 4 28 28 30 9 3 1 
4 0 57 79 5 2 0 1 
4 2 31 32 46 4 2 2 
5 0 35 73 26 8 7 4 
6 4 31 51 39 6 8 0 
0 2 26 55 54 6 3 3 
3 9 41 52 48 6 6 0 
3 5 21 30 30 0 5 2 
2 4 57 39 46 3 6 5 
9 9 0 26 46 7 6 1 
3 0 13 65 33 1 9 7 
4 0 40 60 45 0 8 6 
4 5 69 63 90 4 3 3 
7 5 13 85 33 0 4 0 
5 4 48 51 66 3 9 2 
1 6 40 38 48 8 0 4 
0 3 18 17 61 4 4 6 
7 8 39 69 30 0 1 3 
5 1 36 33 20 3 9 5 
6 6 32 64 22 9 7 0 
7 7 9 64 80 8 0 1 
6 1 47 58 50 8 0 1 
3 1 75 86 34 2 1 0 
4 7 33 24 54 9 3 8 
7 2 47 42 37 2 8 6 
2 2 0 66 47 7 1 4 
4 3 37 69 21 9 5 7 
6 5 32 59 53 3 4 9 
6 2 50 95 57 9 8 4 
8 1 30 79 75 4 0 1 
9 5 0 59 42 0 7 4 
6 4 9 107 43 4 4 7 
7 2 19 33 50 2 2 3 
5 2 35 51 38 4 2 0 
6 4 65 39 55 8 8 5 
7 8 0 75 92 6 7 2 
9 3 16 64 53 2 0 5 
7 7 41 42 63 4 9 1 
9 3 36 44 63 9 8 4 
1 7 24 65 29 8 3 4 
9 9 59 72 39 3 5 9 
8 5 28 53 43 6 2 6 
7 1 39 71 22 8 6 3 
3 7 29 30 23 3 7 5 
5 8 0 45 39 1 6 7 
3 6 3 23 64 0 0 6 
3 6 26 82 47 7 2 9 
1 6 8 46 44 0 8 5 
3 8 11 37 92 2 3 5 
8 9 57 36 45 7 5 7 
8 7 17 50 26 2 9 6 
0 3 18 56 34 2 2 9 
1 9 6 64 57 5 0 1 
2 2 38 46 67 1 5 4 
5 6 56 41 66 1 1 8 
5 4 30 90 45 2 4 0 
1 1 29 42 34 9 8 2 
8 1 40 26 56 8 8 9 
2 0 52 55 55 2 9 5 
4 6 61 53 36 9 2 9 
6 0 14 47 48 7 7 5 
2 7 14 41 44 9 9 5 
6 6 70 51 44 3 0 4 
7 6 38 82 40 9 1 9 
5 4 54 65 46 0 2 9 
1 4 24 41 38 4 6 1 
3 4 27 49 46 2 7 2 
6 8 42 58 48 1 5 2 
4 4 44 28 48 5 2 4 
0 1 82 47 34 4 1 6 
7 2 30 40 60 2 5 2 
7 0 4 60 30 6 6 8 
6 5 51 90 23 8 2 1 
4 3 31 23 92 6 7 4 
1 4 37 67 54 6 7 3 
0 5 0 45 29 4 2 2 
7 1 21 39 67 6 6 7 
4 6 40 62 40 3 6 3 
7 6 11 64 83 2 4 2 
9 8 52 59 44 2 1 9 
6 1 6 85 30 7 9 4 
0 2 45 25 71 1 0 5 
7 7 39 50 51 8 6 7 
8 9 34 46 34 2 4 6 
7 0 3 95 63 6 7 8 
4 6 24 79 58 0 1 4 
6 4 30 69 102 7 6 3 
1 9 62 63 59 6 0 2 
3 2 53 46 43 3 1 1 
3 4 36 34 33 4 9 4 
1 0 19 83 74 9 3 9 
9 9 30 35 58 7 9 2 
9 2 17 52 57 7 3 9 
9 0 36 44 81 0 8 4 
8 2 16 48 83 9 6 0 
8 9 17 126 39 3 6 7 
7 5 20 63 68 3 7 7 
1 9 32 11 70 8 4 0 
3 7 47 88 67 5 6 0 
6 3 0 12 16 7 3 7 
4 5 1 53 29 5 1 6 
8 9 0 30 30 5 9 3 
7 8 35 50 46 5 1 9 
4 7 50 50 86 9 2 7 
7 9 36 57 70 3 6 8 
7 4 75 66 30 9 1 0 
5 9 31 71 47 3 9 9 
5 3 11 34 3 5 8 0 
8 3 55 59 61 2 9 8 
5 7 19 57 99 5 4 4 
0 5 25 47 25 4 7 9 
5 9 31 49 49 1 7 1 
4 3 7 49 68 5 7 3 
2 5 29 63 44 3 5 7 
4 3 29 52 61 8 4 3 
8 9 8 38 59 5 7 1 
5 1 39 41 83 4 3 6 
9 1 7 60 57 5 9 0 
9 5 13 72 56 0 6 0 
1 8 24 53 55 4 2 5 
5 6 4 40 50 1 9 5 
2 4 17 56 37 8 6 5 
2 7 0 61 26 9 1 2 
6 7 39 38 68 5 4 6 
7 5 37 44 67 0 8 4 
1 3 52 45 60 2 5 7 
3 2 41 77 39 8 9 3 
0 2 13 27 43 4 9 3 
0 9 30 58 60 0 6 4 
3 6 7 46 94 6 9 5 
5 4 23 54 72 7 4 9 
9 5 47 37 42 2 7 7 
3 3 40 58 83 5 9 0 
0 1 26 23 80 2 4 8 
8 1 37 38 40 4 2 0 
8 0 51 51 61 3 0 6 
1 9 47 26 22 5 1 4 
4 1 22 52 22 4 5 7 
7 9 24 0 45 0 4 7 
9 1 34 36 42 8 0 3 
4 9 23 39 56 2 9 8 
1 8 57 4 69 9 5 8 
8 9 8 24 18 4 8 4 
7 2 31 73 27 3 5 5 
7 0 21 61 28 8 2 0 
3 4 53 64 47 1 0 0 
2 7 31 45 46 1 5 9 
8 2 71 54 44 9 0 2 
2 2 69 38 45 5 3 6 
3 4 15 45 76 2 8 6 
6 4 0 56 68 5 1 4 
5 4 59 50 68 4 3 9 
5 8 36 48 73 1 0 5 
6 0 62 42 55 1 3 8 
9 2 26 59 42 4 7 2 
8 6 40 63 42 9 1 8 
9 2 22 39 59 1 0 3 
3 8 0 49 14 2 4 7 
3 7 19 7 58 6 5 0 
3 5 81 59 25 7 9 9 
6 1 28 45 51 4 9 1 
4 6 0 44 46 4 8 5 
3 4 21 50 48 0 1 8 
2 3 30 26 67 0 3 0 
8 7 42 59 29 3 1 6 
7 9 0 69 103 6 4 8 
8 7 34 62 16 4 3 9 
6 8 67 78 62 5 5 6 
1 2 27 67 53 6 8 8 
2 9 22 38 7 2 3 3 
5 1 0 83 57 7 9 9 
1 4 27 11 62 6 5 5 
8 6 31 78 62 8 6 7 
7 4 10 78 87 8 1 2 
7 0 49 73 45 5 9 8 
7 4 26 46 59 0 3 4 
1 2 26 56 37 2 1 6 
4 0 52 49 47 4 9 1 
0 6 96 63 54 2 0 9 
7 5 25 43 25 0 8 7 
6 9 40 71 42 9 2 5 
6 3 34 62 38 5 8 2 
8 7 7 67 77 2 9 4 
7 4 40 60 60 0 5 7 
5 9 30 85 54 2 2 6 
7 5 32 95 38 1 5 0 
1 5 9 55 73 1 1 2 
7 0 8 69 30 6 0 2 
5 2 47 48 58 4 3 7 
3 6 67 77 35 4 4 8 
3 1 52 26 69 1 6 3 
4 6 6 54 74 4 0 7 
1 0 20 37 73 9 7 7 
4 3 38 55 36 6 4 7 
6 2 49 59 53 1 0 5 
7 1 36 43 62 2 4 8 
9 6 3 44 17 9 5 2 
5 5 19 67 68 2 3 1 
2 6 24 73 65 3 5 5 
3 3 14 39 54 1 1 0 
1 1 56 76 33 9 2 9 
3 9 48 40 59 8 0 5 
0 8 0 27 78 6 7 3 
8 8 62 28 89 9 4 2 
8 7 39 85 36 1 1 7 
0 4 36 66 100 0 6 3 
7 7 25 78 46 6 5 5 
8 0 32 49 50 6 7 3 
6 0 4 71 70 2 9 9 
1 3 18 61 33 4 8 2 
0 9 30 51 56 0 5 6 
4 0 11 27 72 1 2 7 
9 1 30 11 30 0 4 5 
1 1 30 60 19 6 3 8 
3 7 0 33 74 0 0 0 
0 3 54 32 115 1 8 2 
2 8 32 54 64 2 3 1 
2 2 34 68 30 0 4 6 
9 4 2 70 52 3 1 4 
5 7 36 58 63 1 8 6 
6 2 23 0 54 9 9 7 
8 7 29 78 25 4 5 0 
8 4 16 36 67 5 1 2 
7 2 0 36 33 7 8 7 
5 5 40 29 49 2 2 8 
3 0 63 43 35 7 7 7 
7 0 42 21 44 3 0 2 
1 0 32 80 43 4 6 8 
4 4 30 41 32 2 2 1 
3 7 0 27 35 5 9 6 
5 1 23 44 52 7 2 4 
2 9 15 64 28 7 8 6 
2 3 27 12 69 4 3 5 
8 0 22 37 57 2 8 4 
0 1 25 68 10 1 0 5 
5 7 28 35 74 5 7 5 
2 5 2 48 43 2 0 7 
6 9 35 67 59 7 1 4 
1 7 59 43 108 7 2 3 
8 3 0 37 30 6 4 9 
5 2 19 55 45 2 4 6 
3 3 15 18 9 4 8 1 
4 6 26 61 49 8 9 9 
6 5 59 63 35 5 1 8 
6 8 26 25 53 6 3 5 
2 3 0 47 35 1 2 6 
9 1 40 51 77 7 9 1 
8 5 37 41 45 5 1 9 
2 1 40 75 33 6 6 6 
8 9 21 38 61 8 4 2 
0 3 5 76 25 0 1 9 
7 7 50 48 86 9 2 5 
9 0 44 65 57 5 4 2 
0 4 10 43 30 1 9 9 
5 7 13 15 85 1 6 2 
3 3 48 71 45 1 5 3 
2 6 25 55 70 6 1 9 
5 8 30 82 40 7 9 2 
3 1 28 38 82 5 5 9 
9 0 7 54 30 8 7 4 
4 5 26 37 53 7 0 5 
3 9 48 37 49 9 8 9 
7 7 0 14 56 2 7 2 
7 7 30 55 53 0 0 3 
4 6 43 49 51 2 4 7 
1 0 17 53 77 1 6 6 
9 5 26 60 42 9 7 4 
0 0 72 74 53 0 4 4 
0 4 29 63 42 5 3 8 
9 2 26 44 80 9 5 2 
1 4 55 64 43 0 0 3 
3 4 30 66 43 9 4 5 
0 2 33 23 44 0 6 5 
8 8 11 56 55 7 3 5 
3 5 45 81 65 9 6 6 
6 8 13 80 57 9 0 8 
8 1 22 53 45 6 3 9 
1 4 25 32 50 8 0 2 
4 5 26 43 75 9 9 3 
0 0 27 31 51 8 3 2 
0 1 9 43 26 4 9 7 
9 3 11 29 72 0 1 1 
9 5 56 45 44 4 7 3 
7 8 29 55 59 7 4 5 
6 8 24 27 54 7 2 8 
0 0 37 57 50 3 2 6 
5 3 0 26 33 1 8 7 
4 7 10 50 20 9 9 2 
9 4 14 39 65 1 4 1 
2 6 9 24 48 0 2 3 
2 4 33 11 41 8 4 4 
8 5 21 52 65 6 4 0 
0 6 24 12 48 0 4 4 
0 1 6 44 51 3 4 0 
8 4 45 36 77 8 0 0 
2 3 39 43 64 9 4 1 
9 0 5 43 62 0 7 9 
2 8 27 21 68 4 0 3 
6 5 53 39 61 2 2 4 
2 7 44 20 16 4 9 2 
9 4 27 55 77 9 7 9 
2 6 43 63 18 7 3 9 
9 4 43 47 14 2 4 8 
9 4 11 81 63 7 6 3 
9 5 3 62 24 2 6 1 
8 5 66 81 76 6 1 3 
9 6 44 31 46 1 9 8 
9 3 31 50 19 2 0 0 
7 0 28 23 61 6 8 6 
8 3 51 63 50 4 3 8 
3 7 37 61 57 1 9 9 
9 9 0 30 22 6 7 2 
9 9 0 63 51 9 5 4 
2 9 15 45 55 4 5 3 
2 7 42 43 39 1 6 2 
4 1 38 31 59 5 8 2 
6 8 29 57 62 0 7 0 
2 8 54 60 7 6 7 7 
6 1 18 52 45 2 8 9 
6 9 38 43 23 8 5 5 
4 4 0 83 58 5 5 0 
3 7 10 73 50 8 3 8 
8 8 28 52 47 0 0 3 
3 6 55 74 66 1 8 1 
1 7 25 19 62 0 7 4 
4 1 0 73 39 4 1 9 
3 0 18 57 78 3 7 1 
8 5 66 48 83 7 9 2 
1 5 28 71 3 6 7 7 
8 8 26 81 62 3 8 6 
5 1 52 15 73 4 6 7 
8 3 20 37 49 0 9 1 
6 0 32 77 45 9 6 9 
4 7 46 34 59 6 0 2 
3 4 37 57 44 4 3 1 
5 0 0 86 77 6 6 3 
1 8 29 57 33 1 0 4 
5 0 29 46 36 9 9 5 
2 1 22 56 45 4 7 3 
9 0 42 60 46 3 3 0 
3 0 12 65 43 6 3 1 
8 2 29 26 70 6 3 6 
8 5 30 81 74 5 7 0 
2 8 24 38 69 8 9 0 
6 6 32 71 64 9 4 4 
1 6 5 57 53 7 3 9 
4 9 17 42 73 4 5 5 
7 0 25 58 82 1 3 4 
2 5 38 47 56 2 6 2 
7 2 50 42 58 9 7 3 
7 1 38 59 44 5 9 2 
3 1 42 69 74 9 9 7 
6 1 36 64 67 3 4 0 
5 5 23 52 46 5 7 7 
4 9 14 37 41 7 1 9 
6 6 33 62 24 0 3 5 
4 0 52 71 57 2 4 0 
4 2 53 64 78 4 0 9 
4 4 4 67 19 5 3 7 
6 1 48 32 22 3 5 4 
0 9 4 46 42 9 3 6 
0 1 33 56 46 1 8 9 
5 4 29 26 74 1 6 1 
3 4 28 49 45 9 7 6 
6 2 40 74 47 8 5 2 
0 0 42 72 101 8 3 9 
7 8 61 62 79 5 6 3 
9 5 28 40 45 5 4 4 
7 7 34 28 49 2 3 3 
8 5 28 56 48 2 2 0 
9 3 29 54 52 0 3 5 
0 9 6 18 55 0 9 1 
8 9 15 51 31 4 7 5 
6 0 11 98 69 9 2 7 
9 8 30 6 27 4 3 9 
8 9 12 40 21 6 2 8 
8 7 16 43 52 2 2 3 
2 1 40 81 17 1 8 6 
7 5 2 39 67 8 8 0 
9 3 7 38 72 6 7 8 
7 7 38 46 46 5 1 6 
2 0 34 42 65 7 0 0 
4 7 46 46 19 4 5 5 
5 6 23 43 17 1 3 8 
5 8 0 56 80 1 4 6 
9 1 29 58 63 4 9 9 
0 6 33 64 57 7 8 7 
1 5 24 73 37 4 0 3 
5 8 50 66 41 8 8 0 
7 1 45 86 74 9 4 6 
8 8 0 41 59 4 4 2 
9 5 18 46 31 4 0 7 
1 8 40 53 57 4 8 2 
5 4 0 25 36 5 7 6 
5 8 31 34 56 6 0 9 
9 7 59 30 33 6 0 7 
2 4 39 53 83 9 4 6 
2 2 16 85 91 6 8 4 
0 6 20 32 60 8 5 4 
7 8 58 15 44 0 1 0 
1 4 40 36 76 2 5 9 
0 4 20 80 60 8 0 5 
9 5 27 75 49 3 8 4 
8 1 41 40 61 9 9 0 
0 1 21 71 45 4 8 5 
5 9 24 63 65 0 3 8 
9 5 0 51 33 6 3 4 
3 3 43 50 89 6 2 4 
2 0 50 61 57 4 0 3 
7 1 33 71 36 9 7 5 
8 0 35 47 54 6 8 7 
9 8 23 59 39 6 5 6 
5 4 37 43 58 3 7 4 
1 6 15 58 41 8 1 0 
9 6 57 62 68 2 0 1 
6 3 54 31 42 7 5 0 
4 2 44 31 62 8 3 1 
8 6 24 45 68 8 0 9 
8 7 72 40 45 6 3 2 
7 2 43 53 53 8 1 5 
9 7 5 61 39 6 2 3 
2 2 19 32 72 3 5 0 
2 5 33 70 48 6 4 2 
0 5 60 19 75 2 8 7 
1 6 27 63 34 1 9 2 
8 5 21 58 72 6 3 3 
5 0 0 16 37 7 5 7 
1 1 37 49 68 1 0 7 
7 4 69 66 62 5 5 0 
9 0 38 35 41 9 9 3 
0 6 44 85 75 4 7 5 
9 0 49 26 60 4 0 1 
9 8 28 37 52 2 5 4 
0 6 57 95 7 6 9 2 
3 8 30 26 77 3 9 6 
8 4 41 56 66 6 7 3 
7 0 18 78 41 7 6 1 
7 8 50 79 32 4 9 0 
5 3 46 71 25 5 0 7 
0 5 53 79 41 2 9 4 
6 0 53 49 61 6 6 3 
6 8 0 56 24 3 0 5 
4 7 14 65 21 6 4 9 
9 0 63 54 25 9 4 5 
8 3 23 65 62 3 1 7 
1 5 17 66 35 4 7 2 
9 1 44 29 47 4 5 3 
3 0 69 51 58 0 0 8 
6 2 37 56 62 6 3 5 
5 0 24 42 20 9 8 5 
9 8 67 74 35 4 8 3 
0 8 33 53 44 9 1 9 
6 7 20 87 14 2 1 1 
5 2 62 52 46 3 1 1 
4 7 13 73 27 0 7 4 
0 6 68 70 58 7 2 2 
3 2 15 26 35 4 9 7 
1 5 22 47 32 1 1 5 
1 5 43 84 52 9 4 1 
1 4 35 89 26 9 8 8 
6 7 56 64 29 5 7 3 
5 3 52 57 75 7 9 5 
0 9 39 20 53 8 3 7 
6 6 21 62 59 2 8 4 
2 6 39 49 57 9 8 9 
7 0 3 73 46 7 6 4 
2 0 31 37 20 4 5 0 
0 4 37 26 25 3 2 2 
1 1 59 69 50 1 7 0 
4 9 0 77 50 2 1 0 
3 4 30 38 85 1 1 5 
0 7 49 48 73 3 7 3 
6 7 39 81 42 6 4 4 
0 7 40 71 55 8 7 9 
0 0 51 28 78 8 1 4 
0 6 0 42 62 6 0 3 
1 8 41 36 45 2 3 3 
0 8 32 66 33 0 7 7 
2 8 36 49 67 2 8 2 
8 2 44 62 55 6 2 8 
4 4 21 30 54 7 4 6 
6 7 16 37 82 6 0 2 
1 0 22 28 29 8 7 7 
2 6 0 29 85 5 6 3 
9 8 18 44 60 1 1 8 
5 3 39 69 63 3 6 4 
5 7 60 80 56 7 0 3 
5 3 33 61 49 1 4 4 
1 7 2 44 48 9 9 7 
9 3 17 9 68 7 9 3 
6 4 40 65 89 9 7 2 
9 9 44 33 54 0 2 8 
4 3 32 44 22 4 9 8 
4 1 18 78 36 9 0 9 
3 6 32 81 32 8 3 6 
8 2 54 90 10 2 5 7 
5 6 0 55 23 4 1 4 
7 3 17 40 42 0 1 3 
0 2 16 69 62 7 6 7 
1 5 84 31 60 2 1 9 
5 9 27 51 55 7 9 3 
3 0 6 90 26 1 5 1 
6 0 60 0 35 5 3 5 
3 0 2 12 36 7 1 9 
5 1 22 77 63 8 9 7 
2 1 16 33 23 2 4 2 
9 3 45 63 57 4 1 3 
0 4 33 20 29 1 9 4 
4 0 42 55 8 6 2 2 
3 5 5 51 45 5 8 6 
8 5 20 32 59 7 2 8 
4 7 12 42 50 1 4 9 
8 8 47 43 66 2 1 7 
9 5 42 17 55 0 0 6 
7 5 2 47 67 2 2 0 
2 9 16 61 34 7 2 3 
4 2 9 22 40 7 5 7 
9 1 60 57 62 3 3 0 
5 2 26 70 49 7 3 9 
2 0 35 43 30 3 6 9 
8 4 53 19 42 0 5 2 
3 7 38 47 34 1 0 3 
9 9 15 55 34 2 6 3 
0 9 58 31 64 5 4 9 
7 8 42 45 46 2 8 2 
2 5 29 51 32 4 1 8 
9 1 45 40 59 6 7 8 
7 0 9 29 74 4 2 0 
7 1 19 56 46 1 1 6 
9 2 20 41 45 1 3 0 
4 5 5 48 62 1 8 3 
0 6 56 8 48 2 4 8 
1 5 61 49 40 8 0 6 
7 5 41 47 69 4 5 9 
4 8 41 53 15 5 6 0 
3 4 31 66 60 4 1 2 
8 3 25 29 48 7 6 1 
1 5 31 39 55 1 6 9 
5 9 32 73 77 4 7 6 
2 0 78 69 50 2 0 0 
6 3 51 57 21 4 8 3 
2 4 38 74 40 0 6 5 
1 0 14 29 47 5 3 6 
5 1 18 58 30 6 2 1 
1 8 37 35 21 5 9 6 
8 9 31 63 65 9 8 5 
6 6 29 58 46 0 0 8 
5 6 29 59 63 4 3 0 
4 5 13 44 43 5 0 9 
4 4 9 48 40 9 2 1 
4 9 20 48 71 2 9 8 
3 8 28 38 72 6 7 3 
9 9 30 15 23 8 4 0 
5 1 56 39 18 1 1 3 
3 7 60 74 25 0 0 5 
8 9 26 32 57 0 5 4 
3 5 0 81 74 6 4 5 
3 3 15 61 34 8 4 4 
2 2 34 22 71 1 2 9 
9 3 0 34 72 6 5 0 
7 4 50 32 44 5 3 1 
7 6 22 31 82 3 3 3 
2 3 43 26 38 1 3 1 
5 2 38 33 69 1 5 0 
1 0 44 68 82 5 2 7 
5 9 32 43 20 1 1 1 
5 5 60 59 2 3 5 6 
8 7 50 68 71 5 0 4 
4 5 36 66 37 1 3 6 
9 3 23 50 80 3 0 1 
7 7 49 69 46 8 1 0 
0 1 0 18 64 9 6 4 
7 3 52 66 39 0 7 4 
4 8 15 15 41 0 3 3 
4 3 38 53 30 2 4 2 
8 8 0 58 51 5 0 0 
9 4 39 48 32 6 5 6 
8 7 51 27 39 2 8 7 
1 9 17 42 48 2 3 6 
6 9 38 79 62 0 0 4 
5 4 13 53 25 3 7 9 
2 6 21 27 54 9 6 6 
8 7 19 33 32 8 0 6 
6 5 36 38 55 8 2 5 
7 6 54 57 60 0 3 3 
1 9 46 67 64 0 8 8 
9 4 15 28 18 5 7 4 
9 7 29 23 31 9 7 5 
7 8 30 59 38 7 4 8 
0 2 0 41 63 4 6 2 
4 2 36 26 50 4 6 4 
2 5 38 54 53 4 9 5 
1 4 63 52 66 5 0 7 
7 2 23 63 82 6 0 0 
9 0 14 32 35 8 0 4 
9 9 46 38 42 0 6 6 
8 5 8 36 52 3 3 9 
4 8 36 49 21 9 1 2 
4 7 26 66 67 0 4 3 
4 8 32 62 74 3 8 5 
3 0 25 73 58 0 7 4 
5 4 22 53 26 4 9 9 
2 0 20 59 29 1 7 8 
2 7 30 11 59 4 4 1 
1 5 29 10 46 1 2 5 
2 3 39 18 60 8 8 3 
0 7 16 52 84 1 4 9 
5 7 38 13 12 8 3 7 
2 2 37 69 83 5 9 1 
5 0 11 51 41 0 8 3 
7 9 43 42 35 5 1 1 
7 4 32 42 35 4 5 6 
5 7 38 70 28 6 7 5 
6 3 39 8 21 6 4 3 
7 1 55 49 56 4 2 6 
7 0 2 43 54 9 0 0 
7 9 24 35 38 4 6 7 
6 1 19 21 29 7 8 1 
9 2 21 71 37 1 0 7 
5 3 21 50 68 8 0 8 
9 5 16 79 47 9 2 1 
0 4 31 41 71 8 8 4 
8 2 27 41 27 9 0 3 
7 3 54 63 54 9 4 2 
8 9 35 68 57 6 2 3 
2 5 49 3 57 1 4 5 
2 5 43 17 72 6 4 5 
9 3 20 52 74 6 9 1 
0 1 31 30 72 1 2 8 
6 3 55 52 58 7 7 3 
9 2 38 63 21 7 5 8 
4 9 23 51 45 5 3 9 
0 3 71 60 29 7 3 7 
7 4 2 43 43 8 2 5 
1 2 0 60 39 5 7 1 
9 0 41 38 60 2 3 1 
6 5 25 83 32 3 4 3 
0 4 26 33 80 7 4 0 
8 2 3 27 58 6 0 0 
6 8 53 70 47 2 0 1 
5 9 19 83 40 5 0 2 
6 8 38 58 25 2 1 7 
0 3 14 50 58 8 8 8 
5 9 31 66 67 7 4 2 
0 9 57 44 67 1 8 0 
6 3 47 48 25 5 5 8 
1 3 24 62 54 0 2 9 
6 7 59 33 25 7 0 6 
1 2 39 51 57 3 6 2 
2 8 1 62 95 1 7 6 
7 3 38 54 60 2 2 6 
3 3 8 41 29 3 1 8 
6 7 33 19 47 3 2 6 
9 4 63 34 75 1 0 9 
6 0 40 23 43 8 7 2 
7 4 38 56 73 1 2 5 
8 4 29 45 29 5 3 8 
0 3 33 34 53 4 5 0 
4 4 46 31 66 9 5 8 
4 7 12 58 65 2 0 3 
5 9 21 57 9 6 2 5 
9 8 0 52 63 5 3 4 
4 9 20 43 12 7 4 3 
1 7 46 40 56 3 1 3 
8 2 22 84 49 6 8 7 
1 5 34 18 46 0 5 9 
5 0 72 31 38 7 8 0 
1 8 38 63 96 0 1 2 
1 8 26 48 64 3 0 0 
6 9 73 72 46 8 0 2 
4 1 53 47 51 5 1 4 
5 2 20 58 54 8 5 4 
5 4 46 21 50 8 0 4 
6 2 24 32 48 6 6 8 
8 9 39 59 57 2 8 0 
6 4 37 41 59 4 0 0 
4 6 31 32 42 7 8 9 
5 6 59 17 87 8 3 7 
9 3 28 53 36 1 6 4 
3 1 39 64 35 0 1 6 
2 3 49 83 76 4 4 2 
1 7 44 32 56 3 8 8 
7 1 41 76 70 0 4 9 
9 3 43 66 38 2 5 1 
2 7 40 57 60 3 8 0 
5 8 30 65 63 9 4 7 
9 2 28 5 44 0 9 4 
2 9 53 35 51 4 3 7 
4 6 32 33 30 2 1 0 
6 5 0 24 31 8 4 2 
9 2 28 25 75 9 7 4 
2 5 48 31 51 9 3 3 
2 1 17 48 103 4 4 3 
9 0 32 62 53 1 0 0 
3 8 55 41 57 0 6 7 
2 0 44 38 70 0 1 4 
0 5 84 56 47 0 9 2 
6 6 20 27 28 8 3 1 
7 4 39 41 41 2 7 6 
8 9 25 68 72 5 5 2 
8 4 6 48 45 5 9 7 
8 7 11 26 18 8 1 2 
7 8 11 51 69 1 1 3 
7 2 69 108 76 7 9 6 
3 7 50 53 22 0 2 5 
8 6 31 35 4 3 7 8 
2 5 14 66 82 9 3 6 
1 8 41 26 55 9 0 6 
7 0 0 47 45 5 4 4 
7 5 20 46 63 8 5 6 
6 5 59 48 62 8 9 8 
0 2 52 48 57 6 9 8 
8 9 10 55 40 4 6 6 
9 5 53 55 32 8 4 4 
0 2 33 33 72 2 5 8 
9 1 13 50 47 9 4 8 
4 9 0 51 64 4 8 6 
8 0 24 78 49 2 4 3 
5 5 23 54 20 8 8 8 
7 1 21 53 89 6 2 2 
5 9 11 44 63 1 6 1 
6 5 66 34 31 1 7 9 
4 9 23 88 55 3 4 3 
9 8 25 53 38 3 8 7 
2 4 40 6 71 0 3 6 
7 3 68 43 54 5 3 5 
7 4 0 22 70 4 2 8 
6 0 30 36 1 1 6 7 
7 5 27 37 4 5 9 2 
6 7 19 47 70 5 4 8 
8 6 33 38 40 4 4 3 
6 7 23 29 31 1 9 7 
3 3 26 45 20 7 2 2 
0 1 34 44 57 9 4 3 
7 0 21 60 37 1 4 0 
2 5 27 47 54 2 7 4 
8 8 58 38 41 9 4 4 
1 3 54 37 75 9 5 9 
8 4 51 26 31 7 8 6 
2 2 27 24 60 4 5 5 
4 8 55 53 26 9 5 2 
3 9 0 34 47 0 3 7 
1 5 0 65 87 1 2 3 
8 0 25 42 52 7 2 2 
5 4 0 41 12 8 6 7 
6 5 47 58 42 4 0 8 
2 0 25 25 36 6 0 3 
9 8 42 43 53 5 3 0 
3 4 37 34 71 2 5 5 
2 7 38 60 33 2 7 2 
4 6 3 69 79 4 5 7 
3 7 0 66 87 4 2 4 
6 2 25 52 7 9 3 0 
2 5 28 5 39 4 4 0 
7 5 50 58 69 4 5 7 
0 7 22 59 52 5 7 1 
3 2 33 82 82 3 0 2 
2 5 20 51 21 3 8 2 
8 8 21 27 60 6 9 9 
2 7 5 0 68 3 5 2 
1 6 29 63 83 7 8 3 
1 7 23 49 44 6 5 7 
6 2 22 53 27 5 4 6 
2 7 34 53 49 7 7 9 
2 9 56 32 21 2 4 3 
1 7 82 37 85 3 4 2 
3 2 59 58 40 9 7 3 
1 2 9 65 41 8 0 7 
2 5 48 46 54 4 9 3 
7 3 0 50 78 3 9 5 
5 2 35 66 46 7 5 8 
6 8 49 66 74 6 5 6 
9 8 35 64 54 8 7 7 
6 8 47 61 7 3 5 2 
6 0 33 57 63 3 9 9 
7 5 17 41 41 8 8 2 
8 3 23 61 44 0 6 9 
0 1 21 44 58 0 7 2 
2 4 13 64 50 3 5 9 
6 7 21 15 29 4 2 9 
9 0 28 43 45 0 0 0 
3 1 30 42 68 5 2 4 
3 4 0 32 52 5 0 0 
3 7 42 13 52 3 7 5 
3 2 21 49 40 2 4 2 
5 4 11 102 62 5 6 3 
2 0 32 85 37 1 7 0 
0 6 47 71 5 4 3 9 
3 9 32 71 56 9 9 6 
8 7 79 46 72 6 6 9 
9 4 40 63 27 5 2 9 
2 7 3 60 67 3 4 3 
9 0 19 40 64 5 0 1 
0 5 0 28 47 8 1 1 
9 9 44 24 61 9 2 1 
3 1 37 69 41 3 6 1 
9 8 22 94 21 1 5 8 
4 0 58 17 25 7 6 1 
7 3 2 68 31 0 9 9 
8 8 29 47 59 5 6 7 
7 1 15 56 64 9 5 7 
4 7 57 34 35 0 0 5 
2 4 46 70 51 7 4 6 
8 0 0 46 13 2 3 0 
4 4 45 4 64 8 6 3 
2 0 30 71 35 7 7 2 
7 7 3 28 45 4 2 1 
1 8 0 70 34 2 0 0 
8 9 44 79 66 9 2 1 
2 4 0 41 69 1 1 9 
3 4 28 33 13 7 6 2 
6 0 48 30 45 7 9 1 
1 4 11 35 51 7 3 2 
6 4 52 29 59 2 4 7 
9 2 25 34 42 1 2 0 
8 8 40 52 70 8 8 2 
1 5 49 73 78 0 5 7 
7 7 24 43 35 0 2 6 
5 2 40 14 20 0 8 4 
1 2 38 48 45 1 4 4 
3 5 44 37 27 5 1 9 
2 3 40 42 46 7 3 1 
4 1 39 69 48 1 2 3 
8 9 0 40 50 4 3 5 
4 9 0 29 69 0 3 1 
2 7 19 42 57 2 3 1 
4 0 30 50 51 9 9 7 
2 0 3 61 77 5 2 6 
0 0 72 44 63 3 3 6 
0 3 6 59 48 7 9 1 
0 1 16 56 23 5 6 9 
9 4 36 69 69 5 2 1 
6 3 44 15 92 0 8 6 
8 0 73 32 13 6 4 0 
1 3 51 15 25 6 4 4 
0 5 7 64 28 6 1 8 
0 1 29 86 71 4 6 7 
3 6 57 33 17 0 2 4 
9 5 26 57 48 0 0 8 
9 2 2 81 68 6 4 4 
5 7 0 17 39 7 0 7 
8 7 17 50 24 2 2 8 
2 0 47 51 29 7 2 8 
6 2 23 45 41 9 0 2 
8 5 8 16 0 6 5 9 
8 2 20 36 47 4 4 7 
5 6 0 59 60 9 0 1 
1 1 55 45 83 5 2 5 
2 8 38 11 53 9 4 1 
9 0 51 70 53 9 5 0 
4 4 49 79 51 8 4 0 
1 0 52 75 30 1 8 3 
9 5 30 23 15 3 4 8 
1 4 36 69 34 0 6 1 
2 7 26 54 30 1 2 4 
5 5 37 68 66 9 1 2 
8 4 0 40 54 1 8 0 
0 3 12 57 55 9 3 4 
6 0 23 69 30 9 0 7 
9 0 19 93 27 0 7 1 
9 1 48 46 50 8 8 9 
9 9 37 63 31 9 0 6 
2 0 51 8 60 3 9 8 
