8 4650
1 9 25 19 52 9 3 1 
5 8 50 56 41 8 4 3 
0 6 17 42 16 1 0 3 
8 1 35 39 26 5 6 7 
0 5 45 94 79 0 8 4 
6 2 41 8 67 1 2 7 
9 6 51 60 96 6 4 3 
9 2 59 72 45 6 4 6 
9 8 21 53 33 5 6 8 
4 3 33 92 60 4 3 8 
8 7 7 44 66 7 9 5 
3 3 0 29 65 6 3 2 
4 9 53 47 59 1 3 3 
5 1 48 61 37 7 5 7 
0 4 15 50 76 5 6 0 
9 0 27 64 66 7 8 0 
7 5 48 49 56 8 4 1 
9 8 74 47 38 9 1 9 
4 2 27 28 56 9 8 1 
1 5 43 72 45 9 2 7 
6 0 33 71 81 2 9 0 
6 8 53 15 36 7 8 6 
8 6 4 28 60 7 6 8 
7 0 46 73 41 6 1 8 
0 7 59 68 49 9 6 4 
0 8 17 52 7 5 6 3 
0 7 13 59 25 2 9 7 
1 1 40 45 52 4 9 3 
7 6 17 19 50 0 5 7 
0 4 20 55 57 5 2 6 
0 8 4 29 93 5 2 7 
1 8 55 57 67 2 9 5 
6 8 52 75 39 2 3 4 
4 8 0 76 84 0 3 3 
4 4 16 61 73 8 8 0 
9 6 24 46 57 0 3 2 
7 0 0 45 57 0 0 4 
2 5 24 59 37 5 0 6 
4 5 0 55 56 3 5 6 
4 6 20 57 55 4 8 8 
6 4 0 42 87 8 7 0 
7 4 35 75 65 4 8 3 
9 4 23 57 30 5 0 0 
7 2 15 28 81 6 7 8 
3 1 29 68 7 7 9 5 
8 1 66 75 77 9 0 6 
6 1 40 48 33 9 4 4 
6 5 36 17 51 1 0 6 
9 2 52 13 48 9 3 0 
2 4 19 67 75 0 4 2 
3 8 42 62 36 8 8 1 
7 8 9 60 66 4 7 8 
3 5 50 71 59 8 9 3 
8 7 36 32 64 7 6 2 
1 8 53 46 36 9 6 1 
9 6 32 15 39 2 0 5 
2 7 5 48 54 7 3 5 
9 8 9 25 55 3 4 3 
7 7 8 34 88 8 7 7 
6 2 49 80 46 8 3 9 
6 1 45 17 61 5 5 7 
0 4 32 3 38 5 4 5 
3 6 31 62 72 0 3 1 
0 9 0 70 74 4 9 1 
8 9 32 44 81 0 1 3 
1 9 49 35 46 8 9 3 
1 3 23 38 60 4 2 6 
4 2 28 24 27 1 0 3 
8 9 0 65 73 9 3 6 
2 4 0 83 53 2 8 3 
8 4 67 62 42 0 7 4 
9 8 30 31 12 1 2 1 
2 2 36 42 56 7 0 8 
5 9 39 50 17 0 0 7 
1 5 52 16 49 7 3 4 
5 0 29 27 38 0 9 1 
2 8 0 75 43 3 7 2 
3 1 50 45 69 0 6 7 
0 6 12 33 61 2 0 2 
4 2 17 29 61 2 6 8 
3 3 17 23 25 8 4 4 
7 9 25 57 48 5 2 1 
8 4 17 65 46 4 8 1 
1 3 9 26 75 9 8 6 
6 5 54 79 69 6 2 2 
0 3 0 44 41 7 0 1 
6 4 11 11 70 0 6 5 
2 3 60 76 49 3 8 5 
8 8 22 11 58 4 4 2 
4 6 20 33 26 0 2 1 
9 3 33 68 64 4 4 0 
8 9 31 53 63 6 6 4 
5 6 45 67 28 3 8 1 
0 3 33 54 44 2 7 6 
1 8 47 50 42 0 1 4 
5 1 40 45 55 2 0 1 
2 7 55 53 42 6 9 8 
7 4 46 38 15 7 2 8 
8 3 62 49 56 1 4 3 
3 3 22 65 47 1 4 8 
5 3 24 24 47 1 1 5 
8 6 38 33 33 8 6 5 
3 7 0 23 52 3 3 4 
4 2 28 70 17 9 5 0 
5 0 1 77 30 0 2 8 
9 0 2 95 10 3 6 0 
9 5 21 26 25 8 0 0 
8 1 28 29 59 7 8 2 
4 7 44 21 83 8 9 9 
5 6 56 91 41 8 4 6 
2 6 33 81 49 7 0 9 
4 2 0 43 70 0 5 3 
0 9 38 68 63 1 0 8 
0 8 43 43 52 6 8 7 
2 7 62 29 31 4 1 1 
4 5 37 68 34 9 6 0 
1 3 37 44 53 1 6 1 
0 5 44 41 36 4 2 7 
5 4 37 37 60 6 4 2 
6 7 68 66 44 9 0 1 
3 4 42 43 26 4 1 8 
3 4 93 57 79 5 8 0 
3 8 6 50 77 5 9 5 
5 7 45 63 26 1 1 5 
7 6 38 48 55 9 4 6 
4 0 5 66 58 4 7 3 
0 4 31 64 54 9 3 8 
3 7 25 43 72 2 5 1 
8 8 36 35 47 5 9 1 
1 7 28 60 23 5 0 0 
1 3 36 44 67 1 5 4 
9 3 37 37 79 5 9 7 
1 9 35 50 57 0 3 7 
4 9 33 53 28 9 3 4 
5 8 39 48 43 7 3 7 
0 8 13 45 58 3 6 7 
0 9 68 78 55 9 0 4 
2 9 9 66 35 0 2 5 
5 0 34 53 87 0 6 1 
4 6 49 61 9 2 8 5 
0 1 31 68 11 6 4 4 
9 2 44 45 41 4 2 6 
5 9 34 30 35 8 8 1 
3 8 31 91 75 9 2 4 
3 3 10 56 61 1 9 9 
2 3 29 43 22 7 6 5 
9 9 0 40 34 1 7 1 
1 0 35 71 36 4 1 5 
4 6 29 43 56 6 0 1 
8 2 52 61 52 7 1 1 
5 6 43 24 55 5 9 8 
5 5 25 81 17 2 7 1 
4 9 19 20 78 6 6 2 
7 6 11 71 50 8 8 2 
8 1 74 28 50 1 8 9 
1 4 0 72 38 7 8 0 
5 8 32 54 58 2 2 5 
5 4 19 3 53 0 9 9 
4 9 44 0 75 8 2 8 
9 6 42 76 60 6 5 3 
6 8 53 37 61 4 3 8 
5 1 42 60 85 2 4 4 
8 8 24 62 47 8 8 9 
2 9 18 24 56 4 2 0 
9 1 36 46 9 7 8 8 
9 1 0 78 13 4 8 9 
0 0 37 38 13 1 8 3 
3 5 19 23 49 2 5 5 
3 5 60 41 41 6 4 7 
2 0 61 51 43 8 3 9 
3 1 0 43 54 5 8 0 
6 5 67 52 75 6 9 2 
1 6 52 35 55 1 6 2 
5 7 47 46 65 5 2 9 
7 6 21 58 69 4 3 8 
7 5 24 24 48 4 3 7 
2 5 58 62 43 7 3 7 
5 0 35 26 43 4 8 4 
1 4 27 26 34 4 9 8 
1 6 41 43 59 9 5 7 
4 0 43 48 34 0 4 0 
3 8 33 40 45 1 6 3 
1 2 37 47 44 9 9 5 
5 0 57 26 46 4 0 9 
2 5 43 6 29 3 2 1 
9 4 4 71 40 9 1 2 
4 8 57 60 37 2 0 6 
9 5 48 37 7 2 1 4 
7 7 63 85 70 3 4 4 
1 3 52 42 26 6 1 2 
5 4 53 30 67 3 6 5 
8 7 18 41 57 4 2 6 
9 6 2 58 39 8 3 9 
9 9 0 51 63 7 5 9 
4 1 19 2 46 1 5 8 
3 1 28 65 43 2 5 7 
9 9 1 86 51 1 9 9 
3 0 46 53 30 3 0 7 
3 3 18 35 15 7 0 8 
2 5 45 42 11 6 4 3 
8 3 55 76 58 8 8 4 
4 2 60 58 73 0 0 8 
8 8 29 54 16 7 2 7 
5 7 63 62 64 6 8 6 
9 2 16 65 35 2 1 8 
8 9 47 61 57 4 7 1 
1 7 0 40 71 8 9 1 
3 6 10 63 81 8 2 1 
5 4 13 34 52 5 0 1 
0 0 53 18 65 1 0 4 
9 3 6 73 55 7 6 8 
3 6 14 63 80 3 1 0 
1 1 25 49 47 0 9 1 
9 2 54 33 26 3 9 7 
4 8 37 15 64 0 0 6 
7 3 54 47 51 2 1 3 
6 6 33 37 63 5 6 2 
5 2 41 62 42 4 1 2 
2 3 34 86 80 4 8 2 
2 9 10 28 72 6 1 8 
7 2 20 42 60 4 6 3 
9 7 42 38 20 7 0 7 
3 2 8 40 62 1 7 8 
0 1 50 18 78 8 7 4 
4 2 6 23 71 2 7 9 
9 1 33 52 74 9 5 2 
4 1 18 69 30 8 2 6 
9 7 62 38 42 1 1 2 
9 5 34 23 55 6 9 3 
3 6 39 43 57 7 1 3 
9 4 48 39 52 4 0 0 
8 1 0 86 56 1 5 5 
0 2 13 74 53 3 6 7 
4 9 40 61 81 1 4 4 
7 1 60 12 45 6 1 5 
3 0 66 43 69 4 5 3 
4 5 0 70 40 8 7 6 
0 1 15 38 42 7 6 3 
9 7 63 53 45 5 3 1 
9 8 0 73 73 6 5 1 
6 4 25 31 53 7 7 4 
6 8 13 49 46 6 8 6 
8 0 24 28 0 5 5 6 
1 3 0 52 3 4 4 3 
9 6 4 71 16 4 4 7 
7 4 29 39 56 0 4 4 
9 4 47 47 47 3 3 4 
7 9 25 95 43 1 2 5 
6 2 0 53 69 5 9 1 
9 9 39 48 30 2 1 5 
0 4 30 67 75 6 2 3 
0 5 26 50 29 5 8 0 
0 2 0 16 43 4 2 8 
8 9 65 60 49 4 7 4 
2 7 8 67 14 4 2 5 
8 8 4 64 31 4 0 0 
6 9 24 30 67 2 0 2 
9 1 33 54 54 9 6 6 
1 6 15 57 18 6 0 6 
1 4 3 77 28 1 3 0 
5 0 7 45 39 6 4 5 
0 3 45 65 61 5 8 9 
2 8 74 60 49 1 9 6 
8 7 38 16 88 1 4 8 
6 8 45 46 42 7 8 4 
7 3 11 61 93 0 8 0 
8 9 76 53 81 8 4 7 
8 6 34 65 46 8 3 4 
8 0 14 7 69 0 2 8 
4 4 42 42 67 4 5 9 
8 8 17 39 41 8 8 9 
9 6 30 70 94 1 1 6 
4 2 12 59 48 7 6 9 
2 3 37 51 43 9 9 3 
2 0 48 59 52 6 7 9 
3 8 17 64 62 0 5 1 
4 7 28 49 65 3 7 1 
3 8 65 83 29 7 3 4 
3 8 33 73 42 4 1 0 
1 2 54 63 52 2 6 4 
1 4 58 60 46 9 1 7 
3 8 57 22 64 2 9 5 
9 4 8 50 54 4 7 0 
0 6 34 68 18 1 3 1 
6 8 0 19 30 2 8 5 
7 8 33 38 69 5 5 2 
1 5 51 62 93 2 2 4 
9 9 6 48 49 1 4 9 
8 5 16 41 29 7 9 4 
3 2 46 41 80 7 9 7 
5 9 32 32 34 1 4 2 
5 0 58 67 56 0 6 5 
5 4 25 53 83 3 7 5 
7 5 36 20 43 1 0 9 
3 7 19 43 89 9 6 0 
8 3 27 44 66 0 8 5 
6 4 38 33 67 3 3 5 
5 5 28 71 52 2 9 2 
3 5 21 63 64 2 1 7 
5 6 23 28 56 0 0 1 
1 1 20 75 61 5 4 2 
6 5 39 44 60 8 1 6 
5 6 11 37 59 7 8 9 
1 4 17 57 66 0 4 5 
8 3 21 23 30 8 7 2 
7 2 22 37 80 2 8 5 
1 1 18 8 56 2 3 8 
9 4 41 92 4 4 3 5 
2 6 11 50 48 1 0 9 
6 1 8 23 19 7 9 2 
2 1 0 32 78 2 9 1 
2 1 61 19 32 5 1 6 
2 7 35 65 34 9 2 2 
4 5 42 47 55 0 5 4 
7 0 14 20 28 1 7 9 
8 4 4 70 29 3 3 1 
4 4 61 18 53 4 8 2 
9 5 22 54 48 4 9 5 
7 8 31 43 69 0 0 4 
1 6 49 75 20 3 0 0 
7 4 36 60 78 7 1 3 
2 5 54 81 64 7 2 4 
3 9 1 58 63 6 3 1 
7 3 4 30 76 2 9 2 
6 7 34 58 17 9 5 2 
0 1 29 26 14 3 9 2 
6 7 20 51 51 7 4 1 
6 8 35 64 49 0 4 5 
0 2 9 63 29 9 7 6 
0 2 61 94 51 2 9 1 
8 6 11 53 47 7 4 7 
4 1 27 70 45 2 0 9 
9 6 7 43 60 8 6 0 
0 8 53 94 82 1 8 4 
2 1 12 45 9 1 2 1 
6 9 5 45 43 0 8 0 
2 0 58 12 63 4 7 3 
5 1 15 41 55 1 9 9 
6 9 24 82 32 2 4 4 
3 2 19 58 45 9 3 9 
3 0 17 14 62 1 7 2 
9 1 29 47 52 2 4 8 
1 4 25 68 58 4 5 2 
2 0 22 20 71 5 9 6 
4 9 44 88 20 3 2 7 
5 5 58 81 22 9 7 1 
1 0 13 91 40 4 5 5 
2 4 15 76 49 3 6 5 
0 0 46 17 37 5 2 4 
4 6 24 56 15 7 8 8 
0 2 53 45 58 0 1 6 
1 1 70 42 58 3 0 4 
0 5 40 26 58 8 7 3 
2 6 1 42 80 0 5 7 
7 8 39 49 55 7 1 0 
6 9 33 95 49 7 6 4 
8 2 0 52 31 6 5 5 
8 4 43 7 19 5 6 7 
2 6 60 34 36 0 4 9 
1 5 15 74 63 9 0 0 
5 2 35 23 49 3 8 6 
3 0 8 43 38 1 5 7 
9 5 49 26 29 5 0 0 
2 5 0 44 65 4 5 0 
6 2 3 36 62 1 3 5 
5 7 21 29 8 8 5 2 
1 0 13 0 61 5 0 1 
9 1 44 64 16 6 7 4 
1 0 13 54 47 6 5 2 
4 1 30 39 50 8 8 7 
1 3 43 24 69 0 5 7 
8 0 35 45 44 3 7 1 
3 2 10 24 60 0 8 3 
5 3 26 34 52 8 6 5 
9 9 21 32 47 4 5 9 
0 7 52 60 48 6 9 1 
1 2 49 85 65 1 7 7 
1 1 19 51 97 5 1 9 
9 7 13 87 39 7 2 9 
9 1 0 36 32 3 2 5 
0 3 0 39 52 9 0 7 
1 0 27 41 42 0 7 9 
0 1 14 52 57 0 8 5 
4 0 62 27 24 1 5 5 
5 6 0 54 46 8 0 8 
1 6 24 51 33 0 6 8 
0 4 38 83 40 1 8 9 
7 0 33 72 44 2 0 6 
8 5 58 1 62 6 0 0 
8 8 10 55 40 5 5 2 
6 4 17 70 45 9 2 6 
9 3 26 16 67 4 5 5 
4 7 26 61 47 9 5 8 
7 7 22 79 72 7 6 7 
6 8 28 46 64 6 5 3 
1 0 0 34 98 8 8 6 
9 2 19 39 40 9 8 6 
5 0 34 30 18 9 3 3 
1 0 28 47 74 5 1 9 
7 4 67 38 20 7 1 5 
2 4 32 46 56 0 6 7 
4 6 35 97 67 9 0 8 
3 0 29 27 74 5 3 5 
0 5 64 34 59 0 6 8 
4 4 41 53 46 1 7 6 
0 2 14 26 70 1 5 9 
6 2 68 43 31 3 6 3 
0 1 32 93 52 7 8 5 
9 2 5 24 68 5 4 9 
0 4 54 61 65 8 9 6 
0 4 34 68 71 7 1 6 
4 3 29 37 67 3 0 7 
1 1 42 26 45 8 6 8 
0 9 0 29 44 0 1 3 
5 0 12 44 107 6 0 5 
1 0 2 40 46 4 8 6 
1 6 32 53 52 6 1 2 
3 9 29 91 46 8 4 5 
3 7 7 75 27 7 8 4 
2 9 31 69 36 3 3 7 
1 6 45 22 48 3 1 2 
7 7 28 63 60 0 4 2 
5 9 15 15 56 3 3 2 
0 3 65 60 29 5 6 0 
1 6 57 64 54 4 9 7 
4 8 28 66 35 8 2 4 
3 4 0 48 37 2 1 0 
2 0 27 47 87 1 1 7 
4 9 0 58 74 7 2 0 
4 6 35 62 64 8 7 9 
1 1 72 33 24 1 1 8 
0 6 2 43 55 5 1 9 
4 9 46 63 45 8 2 9 
9 9 23 77 39 5 6 1 
9 3 51 43 39 3 4 5 
3 1 34 19 37 6 2 3 
2 0 6 40 68 8 6 6 
5 4 21 32 86 6 9 2 
8 7 60 66 47 1 0 1 
7 2 9 87 28 6 3 7 
9 3 16 64 68 5 8 8 
3 5 58 70 54 9 3 3 
7 0 0 69 34 1 5 7 
8 2 39 82 63 6 2 5 
2 2 44 21 45 7 4 3 
7 3 32 69 42 1 5 9 
3 3 39 67 42 6 6 5 
5 2 68 63 39 0 7 0 
1 5 33 80 60 5 2 9 
5 1 30 64 52 6 3 9 
3 9 27 49 31 7 9 2 
4 9 25 58 41 8 3 8 
6 2 26 52 57 9 2 7 
2 1 29 59 58 3 0 2 
2 2 27 74 69 9 0 7 
3 4 23 53 35 9 2 9 
5 3 33 34 70 1 3 3 
5 3 54 35 63 0 9 8 
9 8 16 11 61 5 0 9 
0 1 43 67 66 4 1 6 
6 4 42 29 39 3 5 0 
6 2 75 90 79 0 0 1 
2 2 17 46 74 7 1 8 
9 6 18 37 47 9 3 6 
6 0 28 56 23 6 0 8 
1 4 44 42 27 0 7 9 
3 5 38 87 46 6 3 6 
0 3 25 54 37 1 3 3 
6 0 0 0 75 8 7 3 
0 6 22 3 59 4 5 9 
3 0 19 46 66 9 5 6 
7 0 37 59 53 8 3 7 
3 3 25 45 35 2 5 4 
1 7 37 53 46 0 1 6 
2 7 31 54 14 6 5 9 
4 8 0 45 62 2 8 1 
6 1 10 59 73 2 0 7 
6 4 45 28 56 8 1 3 
4 4 47 71 34 0 2 9 
1 9 25 21 57 5 0 0 
3 0 29 57 46 0 7 9 
0 5 4 62 31 9 8 2 
0 5 27 39 77 1 7 8 
5 3 9 72 76 8 9 6 
0 3 16 25 62 2 8 4 
4 3 23 26 80 7 1 2 
9 8 41 44 17 0 5 6 
1 8 11 87 66 4 9 1 
4 1 44 64 50 2 0 1 
8 0 22 36 60 7 6 9 
5 8 31 54 51 7 3 7 
5 4 60 17 35 2 8 0 
8 6 36 29 44 5 1 5 
5 2 41 29 43 0 3 5 
5 5 31 5 61 9 0 1 
1 2 34 64 27 8 7 5 
4 8 46 33 39 2 7 9 
9 2 58 37 61 9 8 3 
6 0 14 77 51 0 0 5 
7 8 14 45 67 6 7 9 
9 4 38 62 52 5 0 8 
8 2 24 61 85 0 0 1 
5 8 39 29 55 3 6 9 
0 3 0 31 26 5 3 9 
1 8 19 33 89 0 7 5 
9 9 9 80 31 8 6 5 
7 8 0 37 7 7 2 7 
6 9 22 62 65 7 0 8 
6 8 45 29 41 6 8 9 
3 0 1 61 52 2 8 1 
0 2 7 27 28 1 6 1 
1 7 27 53 69 1 7 7 
3 9 70 9 49 3 5 0 
6 0 24 20 62 5 1 7 
0 5 35 38 46 1 8 9 
3 8 0 67 34 6 7 6 
5 8 13 29 38 7 5 5 
9 1 17 69 35 2 4 4 
6 3 27 50 102 6 6 8 
8 1 24 40 19 2 4 0 
5 5 82 51 43 2 4 2 
0 7 11 63 41 8 0 5 
5 1 36 54 49 0 9 6 
5 3 26 31 39 6 2 0 
1 7 22 47 49 3 5 0 
9 4 44 71 37 9 3 5 
1 1 35 27 70 7 1 6 
7 5 34 75 104 7 9 4 
2 5 29 48 52 5 6 3 
7 2 9 31 97 3 8 1 
9 2 32 35 36 8 1 4 
1 3 56 43 33 7 4 8 
5 8 54 65 44 3 1 2 
3 8 10 40 59 5 1 4 
4 7 51 96 35 1 1 1 
4 1 34 24 73 3 4 2 
6 5 46 71 42 0 8 6 
6 7 30 67 60 6 2 2 
8 9 55 38 57 4 6 0 
6 8 20 47 67 6 5 6 
3 7 61 40 39 7 9 0 
1 0 11 46 29 9 5 9 
0 0 18 37 18 7 0 4 
1 9 42 49 51 0 0 8 
4 2 32 71 69 5 6 0 
2 3 56 27 52 6 8 5 
5 3 22 60 32 0 1 5 
7 6 24 45 40 7 5 8 
8 0 22 51 76 6 6 7 
9 6 51 21 68 5 4 4 
2 7 61 52 66 1 0 0 
9 6 0 64 53 8 9 5 
4 3 0 71 37 1 7 8 
2 4 13 30 31 5 1 6 
4 6 16 39 18 1 1 1 
6 7 18 83 47 0 4 1 
0 7 11 13 34 5 1 1 
8 3 0 70 58 0 3 2 
8 4 34 78 49 7 9 1 
4 3 20 56 53 6 8 1 
6 7 8 10 36 8 8 6 
2 2 15 44 23 8 6 4 
0 0 37 84 78 4 0 1 
3 1 23 49 61 7 2 8 
8 6 42 74 66 7 3 9 
7 2 23 16 58 1 3 8 
9 5 11 69 40 2 4 4 
6 6 20 45 61 6 5 6 
2 6 21 64 33 8 8 4 
8 2 0 55 31 6 2 0 
7 5 24 27 47 6 7 9 
9 2 63 76 48 6 5 9 
0 0 4 48 70 3 1 2 
5 8 67 32 30 1 9 3 
3 3 0 37 52 5 1 6 
4 5 40 43 69 6 5 9 
8 1 7 51 29 5 1 0 
2 4 37 30 15 2 1 8 
3 6 0 53 44 4 8 7 
6 3 43 64 31 5 3 9 
9 9 41 53 61 1 5 3 
1 0 12 25 40 5 9 2 
1 8 49 68 29 0 1 8 
4 8 16 19 68 3 3 4 
0 5 55 49 54 1 8 0 
3 8 42 94 42 7 8 4 
4 5 42 108 19 0 6 9 
9 4 54 64 37 5 3 0 
7 2 38 85 17 3 9 9 
4 6 18 35 23 0 0 4 
7 3 52 58 34 4 1 9 
6 1 45 21 51 1 3 9 
0 8 77 27 47 0 6 3 
6 1 41 40 61 7 9 5 
7 9 5 39 25 9 7 6 
6 7 26 32 67 1 6 3 
3 2 0 48 86 8 0 1 
0 4 27 30 68 0 8 3 
8 9 44 42 46 1 7 1 
7 8 47 60 22 5 4 3 
0 1 39 58 55 0 9 5 
1 2 0 58 65 5 5 8 
7 2 28 43 68 0 6 3 
2 4 35 105 34 8 1 7 
4 9 6 57 53 1 7 8 
3 6 47 46 49 2 4 6 
2 4 22 47 56 7 3 9 
1 6 11 62 82 7 0 9 
5 5 40 62 20 1 5 5 
0 3 10 65 24 6 7 0 
2 7 10 68 57 2 0 4 
2 4 29 59 66 7 8 1 
7 5 52 86 21 2 8 1 
0 5 7 34 17 7 8 4 
6 4 57 50 26 9 7 7 
7 9 14 72 50 2 0 2 
0 3 21 64 86 9 0 9 
2 9 11 75 46 9 5 5 
1 7 26 85 36 1 1 9 
7 4 31 79 65 0 8 5 
5 6 28 34 56 2 4 5 
1 0 107 48 54 5 7 6 
3 3 31 69 57 8 9 7 
2 9 30 39 37 8 0 2 
8 6 31 14 38 1 9 5 
4 5 23 35 4 5 5 8 
2 5 63 91 40 2 0 0 
4 7 0 62 30 9 8 5 
6 2 40 32 31 8 4 7 
1 5 0 38 40 1 0 4 
7 1 33 66 68 2 3 7 
2 6 44 59 52 8 4 4 
4 2 23 64 69 3 2 8 
1 1 65 0 77 5 1 4 
6 9 59 19 67 9 6 6 
8 4 16 24 44 7 9 8 
3 3 27 34 41 1 0 1 
1 1 63 64 29 1 3 6 
3 2 0 57 47 7 0 5 
6 6 22 58 82 7 3 1 
3 0 50 53 90 7 7 8 
6 2 10 54 66 9 1 5 
6 4 66 42 45 4 5 1 
4 3 30 55 55 2 7 0 
0 5 13 33 58 9 6 4 
2 2 21 74 79 8 2 4 
1 2 8 53 13 7 0 3 
6 9 28 32 53 9 5 4 
9 4 40 5 69 4 3 5 
7 5 47 34 18 2 3 5 
8 7 15 52 22 0 9 9 
5 9 16 38 52 3 1 0 
1 2 42 37 74 6 3 2 
5 2 24 38 34 5 7 9 
9 8 26 73 57 5 8 5 
1 5 46 31 36 2 1 9 
2 3 19 46 47 2 3 3 
3 0 0 56 49 2 8 6 
3 5 4 17 43 2 6 7 
0 8 36 34 63 0 1 7 
0 1 46 35 38 8 1 0 
8 5 64 25 38 4 5 5 
8 0 3 63 51 2 5 4 
5 5 46 64 51 1 7 0 
5 9 31 31 71 3 2 2 
4 0 28 42 36 9 4 8 
5 8 6 63 54 7 8 2 
9 3 5 34 40 8 1 8 
9 2 12 66 82 0 0 9 
6 6 47 34 19 2 0 1 
9 9 24 30 59 2 8 2 
0 8 6 73 46 7 9 6 
8 9 43 39 42 5 0 7 
2 3 6 38 76 0 9 0 
4 9 44 43 21 6 7 9 
9 1 26 81 79 5 1 4 
9 2 15 69 79 6 4 5 
7 8 59 65 58 8 6 6 
5 7 62 77 25 7 8 5 
0 8 39 51 29 7 5 2 
0 5 0 77 64 9 7 8 
7 7 22 35 51 2 6 9 
3 6 38 94 35 2 8 7 
7 3 16 20 40 0 7 0 
3 2 56 18 60 1 4 5 
9 1 6 47 42 3 4 9 
2 9 40 60 76 9 6 6 
6 1 32 111 12 9 8 1 
7 8 21 21 78 5 4 9 
9 1 2 32 34 8 3 4 
9 2 43 54 29 7 0 8 
3 3 36 45 57 9 0 4 
3 8 34 89 3 4 9 7 
4 4 24 74 32 8 9 5 
4 8 55 28 22 9 9 6 
6 3 0 50 43 7 3 8 
7 5 38 30 66 4 2 3 
9 2 33 89 24 6 0 5 
7 4 0 22 44 8 4 7 
3 6 41 47 10 6 4 9 
6 8 38 50 15 5 2 2 
1 6 30 19 11 9 7 5 
9 2 0 70 63 8 1 2 
7 2 77 63 25 9 0 5 
5 5 25 33 26 0 2 9 
1 3 2 54 40 7 4 2 
4 5 69 23 42 2 8 9 
0 6 4 50 35 0 6 5 
3 4 31 40 62 4 4 4 
2 3 42 44 61 3 8 0 
4 7 46 34 68 3 8 9 
5 3 35 57 60 0 6 8 
5 3 43 40 35 5 9 3 
4 2 16 14 28 1 0 1 
9 3 43 56 20 6 2 5 
5 1 48 73 67 2 1 2 
2 9 45 49 36 0 2 4 
9 5 42 38 9 7 9 2 
9 6 66 82 40 6 7 9 
1 9 34 51 67 5 0 4 
7 2 9 48 84 1 3 3 
4 9 56 63 40 4 0 8 
8 1 74 52 76 3 2 1 
7 2 39 64 21 2 5 8 
0 3 5 31 82 5 5 9 
5 4 32 67 56 4 2 5 
8 3 19 53 23 0 5 9 
5 1 39 59 77 8 7 0 
1 1 14 67 35 8 7 3 
8 3 66 8 78 7 8 9 
0 8 4 58 53 3 3 3 
8 0 35 71 43 6 0 4 
1 7 26 71 47 5 9 9 
9 7 78 66 61 2 8 9 
7 2 32 38 77 0 9 7 
6 3 60 73 72 1 4 9 
7 3 29 60 24 1 8 1 
9 9 46 66 41 4 6 5 
7 3 42 46 54 6 0 3 
0 8 22 37 76 7 3 6 
9 7 27 72 82 4 5 9 
5 8 23 37 41 0 0 3 
3 3 31 25 42 8 4 4 
7 6 56 79 34 3 6 6 
7 2 76 34 64 4 4 9 
3 5 29 90 61 0 3 5 
1 0 18 48 70 7 3 1 
0 9 10 15 30 7 7 4 
8 1 27 92 69 7 9 5 
4 4 10 62 75 8 4 0 
4 9 7 31 25 3 9 9 
5 5 0 16 35 6 9 3 
5 0 43 50 21 4 2 7 
5 5 64 88 37 5 6 7 
7 4 28 69 16 9 7 3 
3 2 0 45 37 6 6 6 
8 2 0 36 39 8 7 4 
5 1 39 72 70 3 9 8 
2 4 54 0 31 0 5 0 
0 5 34 32 22 9 9 5 
2 4 0 58 61 3 0 3 
7 4 48 60 45 7 4 7 
9 1 42 59 47 5 9 6 
5 0 22 29 5 5 2 2 
4 8 64 31 21 2 4 8 
1 0 11 58 47 3 4 3 
2 5 19 27 56 2 0 5 
5 6 54 58 56 6 5 6 
2 5 41 57 65 6 8 2 
2 2 46 61 40 7 0 4 
1 1 57 91 47 0 3 9 
0 3 52 77 91 0 7 7 
8 6 16 43 67 4 9 5 
4 7 50 42 51 2 6 7 
2 6 44 25 57 0 9 9 
1 6 20 40 18 2 9 8 
0 3 32 51 26 6 7 8 
5 0 9 6 73 4 5 3 
9 7 24 73 44 7 2 6 
8 4 35 52 58 2 3 9 
2 8 23 52 66 1 5 2 
3 0 13 56 76 3 9 0 
2 4 27 38 49 4 4 2 
2 5 14 38 46 1 8 6 
5 8 19 47 83 1 6 3 
9 0 20 37 42 4 4 2 
1 5 40 55 32 2 7 4 
7 4 45 57 40 3 1 6 
7 7 21 26 79 6 3 4 
9 3 60 48 60 7 4 8 
4 0 18 47 23 8 0 2 
8 7 55 76 62 9 1 1 
4 8 36 46 31 9 5 3 
7 3 0 47 25 8 1 7 
8 4 51 64 62 8 9 6 
5 3 12 62 26 5 4 6 
7 6 18 20 80 6 6 6 
4 4 38 53 79 1 7 9 
1 8 60 58 76 0 1 4 
8 9 45 30 37 3 2 9 
5 1 15 27 38 6 2 4 
5 6 33 62 35 1 4 1 
9 2 6 53 63 9 6 6 
7 7 42 60 45 7 0 2 
5 7 24 35 51 9 2 1 
7 7 31 68 52 8 0 6 
2 5 62 65 24 1 4 3 
5 5 33 86 32 2 6 4 
4 4 15 51 48 0 1 1 
0 2 50 53 48 0 4 4 
2 8 47 41 25 0 4 0 
7 0 41 17 50 9 4 7 
6 4 10 43 85 3 5 6 
4 8 42 68 58 2 3 0 
8 3 0 83 24 9 2 2 
3 9 47 57 54 5 0 8 
2 8 15 31 46 3 5 6 
1 7 0 51 45 9 5 3 
3 5 3 18 42 6 0 6 
8 1 0 43 41 5 7 5 
8 7 29 37 46 4 9 2 
3 4 34 59 61 7 4 0 
9 8 11 31 74 5 5 8 
5 4 64 101 74 8 5 3 
2 1 22 28 24 7 2 6 
1 9 29 53 71 4 4 6 
2 0 0 73 33 4 4 9 
3 4 44 0 54 5 6 3 
7 1 0 62 46 9 3 7 
3 3 69 44 57 9 0 9 
3 0 49 38 75 9 8 4 
6 0 15 40 49 1 4 9 
5 5 5 71 59 6 8 9 
9 2 34 75 43 0 8 7 
6 6 11 42 26 7 2 0 
0 8 23 8 30 8 3 8 
0 2 27 44 69 2 4 5 
3 8 37 63 50 5 0 5 
2 3 8 71 62 1 3 4 
2 2 51 4 51 3 8 1 
2 2 64 18 35 2 2 1 
7 9 26 56 76 4 5 6 
1 2 28 71 88 4 3 3 
6 4 23 46 47 6 1 6 
8 3 16 63 44 1 7 6 
5 1 61 29 59 2 4 4 
7 0 41 34 70 0 6 9 
5 9 7 66 57 5 9 8 
9 8 27 79 82 0 5 0 
0 8 38 23 42 6 4 0 
7 6 0 49 53 4 5 9 
6 8 35 27 87 8 6 2 
2 2 32 68 41 5 8 3 
3 8 22 62 34 7 0 7 
9 8 23 63 36 7 7 7 
3 9 53 44 36 9 2 1 
4 9 56 56 44 9 3 1 
3 0 21 23 68 1 5 3 
9 6 49 74 86 6 6 7 
7 2 26 91 59 2 1 7 
7 7 46 37 89 2 1 3 
1 3 42 76 34 3 0 4 
2 0 11 39 74 9 9 5 
2 8 1 52 57 9 5 6 
5 7 29 53 5 3 5 7 
7 6 31 34 56 1 3 9 
1 3 35 58 32 4 2 7 
6 5 36 56 44 5 9 4 
4 5 46 11 89 8 7 5 
3 8 29 71 27 6 8 1 
8 6 39 61 53 3 6 1 
1 5 11 42 18 4 1 7 
2 4 38 54 57 5 5 4 
1 2 11 37 17 1 8 6 
7 3 30 88 15 1 4 0 
9 9 34 39 24 4 2 0 
9 4 22 51 60 1 5 1 
3 0 33 44 68 7 9 4 
2 3 22 39 30 0 9 1 
9 0 18 74 54 4 4 3 
6 9 0 36 21 7 2 7 
9 6 34 61 51 0 4 2 
7 9 38 57 36 9 9 3 
7 8 23 14 69 7 9 6 
9 0 30 30 27 1 5 6 
3 2 37 45 76 0 7 4 
7 6 0 42 40 1 0 8 
3 4 20 56 64 4 6 0 
6 4 47 58 44 3 9 7 
4 3 11 41 39 9 8 4 
1 8 14 62 30 2 6 7 
8 1 32 35 32 5 8 0 
1 4 42 58 37 1 8 8 
4 1 23 54 29 7 9 8 
9 9 5 33 33 9 5 9 
3 9 12 44 20 8 0 8 
3 8 24 34 51 1 6 6 
9 4 41 57 54 6 0 9 
1 0 0 77 61 4 9 9 
4 1 53 25 57 5 3 5 
2 2 40 50 0 8 8 7 
3 6 57 38 93 4 9 0 
5 2 4 39 45 5 4 4 
1 6 54 66 37 0 5 8 
1 5 34 28 37 4 9 0 
6 1 38 18 48 2 8 8 
1 2 29 65 49 8 2 2 
3 0 71 59 62 4 1 8 
7 4 68 97 66 3 9 6 
5 1 47 42 43 2 4 2 
5 6 11 52 49 0 6 6 
4 0 0 49 46 0 3 8 
8 7 11 70 43 6 8 8 
4 8 29 55 49 6 8 8 
8 8 30 58 41 9 3 7 
0 5 17 39 100 3 0 4 
1 0 45 52 47 6 0 2 
1 6 11 80 33 4 1 7 
3 1 27 67 55 7 8 3 
4 4 45 6 69 4 2 2 
3 9 16 72 51 1 1 9 
3 4 59 44 63 7 1 0 
3 2 40 61 42 3 4 3 
5 3 24 72 68 0 2 2 
3 7 12 59 52 2 4 6 
1 2 25 63 55 0 4 0 
9 7 43 57 22 9 0 7 
1 4 52 66 62 6 0 3 
3 2 12 56 48 7 6 5 
1 3 30 58 37 7 9 8 
1 7 39 81 46 7 5 9 
9 5 40 21 96 8 0 0 
9 4 39 77 92 2 9 3 
4 7 9 87 45 9 8 3 
2 4 15 44 36 3 4 7 
9 3 10 8 72 6 8 4 
7 7 44 42 39 9 1 2 
4 9 5 46 36 6 5 3 
3 8 12 38 48 3 9 6 
7 0 7 26 78 3 4 4 
1 8 22 8 58 7 3 4 
3 8 39 76 32 3 8 9 
6 2 15 45 76 5 0 8 
2 9 3 57 57 7 7 6 
8 4 0 59 46 0 9 4 
7 5 52 53 69 2 4 7 
0 2 14 32 43 5 8 3 
0 3 5 43 58 0 8 6 
7 7 45 17 85 7 4 7 
7 8 31 31 32 3 9 0 
5 8 0 2 61 5 3 8 
0 5 12 37 51 5 7 1 
3 4 35 76 47 0 1 0 
2 4 50 67 43 2 1 7 
6 2 3 30 46 1 1 9 
1 3 42 52 55 1 4 2 
9 2 27 36 52 1 6 7 
1 2 23 42 25 3 8 2 
7 4 50 32 77 3 8 9 
2 7 19 44 54 5 0 8 
0 7 37 66 49 2 1 2 
0 2 34 51 30 5 7 1 
2 2 51 64 15 2 6 4 
6 1 34 45 56 8 6 6 
3 7 23 54 48 8 9 0 
6 5 16 33 64 7 6 3 
7 5 48 47 86 7 9 6 
5 1 9 48 67 2 1 9 
0 6 26 43 23 6 3 2 
4 0 34 56 3 4 1 7 
6 6 20 83 77 9 3 7 
5 3 34 71 64 6 2 0 
9 3 4 94 42 9 9 9 
6 3 9 72 93 9 7 2 
8 8 33 47 47 5 0 9 
8 0 21 59 53 3 6 0 
0 9 64 63 53 4 9 8 
0 4 69 27 33 9 2 7 
3 7 36 56 50 1 5 6 
0 2 0 47 77 9 5 7 
1 3 14 36 45 2 7 0 
0 4 18 66 16 3 2 3 
5 6 0 50 8 6 2 8 
7 9 14 20 30 2 6 2 
0 0 24 42 31 1 8 1 
8 4 46 59 64 0 5 8 
9 6 0 55 60 0 0 0 
0 3 11 39 36 5 3 2 
0 6 17 41 74 4 0 7 
7 5 20 19 76 9 4 7 
4 3 20 15 49 3 4 9 
8 8 32 27 53 4 6 5 
5 7 67 50 55 2 7 0 
2 6 7 46 28 9 3 2 
7 4 51 73 62 3 0 2 
8 5 25 30 63 7 2 1 
9 3 45 35 48 0 4 9 
0 4 6 46 54 3 8 0 
6 2 37 47 63 4 7 7 
1 0 16 62 39 3 7 1 
4 7 60 32 23 3 8 2 
3 4 56 13 38 1 0 3 
5 9 53 36 49 2 6 3 
6 2 29 67 47 0 2 9 
9 5 8 26 39 9 4 1 
2 8 23 70 36 5 7 8 
6 4 52 64 54 8 2 0 
4 6 34 20 25 9 5 0 
0 4 18 47 0 0 5 7 
3 3 45 51 42 7 7 1 
2 8 93 80 49 4 5 4 
6 6 38 63 46 6 0 0 
5 3 33 25 58 9 2 0 
2 3 32 59 25 1 3 0 
1 3 38 106 25 1 8 7 
4 6 21 25 62 7 2 0 
3 4 61 57 26 4 2 5 
5 2 59 87 57 4 7 8 
4 7 12 50 55 4 0 2 
3 9 10 68 66 4 4 2 
4 7 44 39 35 8 2 1 
8 4 62 85 80 3 4 2 
4 0 21 72 56 2 4 9 
7 9 38 36 42 5 7 2 
1 1 14 28 50 2 5 6 
7 8 13 49 64 9 0 9 
5 0 30 54 7 1 1 2 
9 3 25 61 38 5 2 8 
9 3 76 76 58 7 2 6 
0 2 36 93 62 4 3 0 
2 4 4 56 66 2 6 2 
7 4 26 14 61 4 2 8 
0 7 60 54 67 7 7 4 
6 4 0 53 30 2 5 9 
3 9 38 35 60 2 7 7 
8 2 19 46 35 3 1 9 
2 5 41 50 38 5 5 5 
9 6 37 38 26 6 9 2 
6 2 32 39 46 9 4 3 
7 6 0 46 53 9 0 6 
7 4 13 61 58 7 6 5 
5 5 24 49 76 3 3 1 
8 7 69 45 28 9 2 6 
2 5 68 72 48 2 0 9 
8 2 10 21 62 3 7 3 
7 7 28 44 48 2 2 6 
0 5 40 29 23 3 5 0 
4 8 16 46 72 3 9 0 
2 9 36 71 33 7 7 3 
4 7 25 60 51 9 9 3 
1 8 59 65 64 7 3 2 
8 9 28 41 50 4 6 7 
1 4 11 37 31 9 7 0 
4 3 70 45 67 5 3 3 
8 7 33 50 48 2 0 4 
5 7 42 65 47 2 8 8 
1 7 63 43 48 0 0 8 
5 7 55 46 46 5 2 9 
1 9 39 30 63 9 0 9 
2 8 18 53 43 0 2 5 
4 4 43 63 61 3 9 8 
8 9 13 34 24 8 9 2 
8 1 30 16 34 0 8 9 
2 4 51 85 81 5 8 4 
1 6 64 66 47 7 9 3 
5 5 7 52 19 7 1 1 
0 9 14 0 37 4 4 7 
8 0 0 58 34 1 5 4 
5 9 18 50 70 8 0 7 
6 2 5 47 68 2 5 8 
6 9 41 26 41 9 9 1 
1 2 57 21 19 7 0 1 
1 1 6 28 61 5 6 0 
3 9 31 68 45 4 0 2 
1 4 0 28 20 7 1 7 
1 2 38 66 25 7 7 0 
7 0 15 76 36 5 9 5 
8 8 45 93 55 7 8 8 
0 9 59 25 40 9 7 4 
5 1 34 53 47 3 5 1 
2 0 34 19 21 8 7 5 
7 9 36 21 43 5 5 9 
4 9 0 50 43 0 8 5 
2 6 19 75 35 3 3 0 
4 1 47 47 42 1 4 2 
9 1 31 58 49 3 4 0 
2 1 0 37 59 7 2 0 
2 9 30 37 65 8 5 0 
8 4 62 41 42 8 6 6 
1 4 0 39 47 5 5 1 
6 2 36 64 61 1 0 5 
0 8 60 56 79 6 8 6 
5 2 32 62 73 5 7 6 
2 1 25 46 8 4 8 8 
9 0 23 64 60 9 8 9 
5 3 17 70 79 5 8 7 
3 9 28 54 71 3 1 7 
5 1 0 52 36 3 0 2 
1 6 32 85 63 2 9 5 
6 6 28 79 42 2 7 7 
7 4 35 59 48 7 5 2 
5 6 9 73 73 7 9 2 
3 1 63 73 38 4 4 5 
5 0 11 70 49 0 5 0 
9 6 0 32 55 7 4 7 
8 9 89 43 61 3 5 3 
5 4 11 47 49 4 6 7 
1 4 16 59 64 3 0 1 
2 0 49 43 48 6 2 6 
0 1 0 50 45 0 4 7 
2 4 28 72 54 5 0 3 
6 1 28 20 58 3 0 6 
5 1 29 48 26 9 1 5 
2 1 33 39 19 6 1 0 
6 5 48 31 44 5 5 2 
2 8 7 56 33 2 8 0 
1 8 66 49 7 3 8 0 
0 0 61 29 71 9 0 3 
6 4 73 44 86 6 7 4 
0 1 16 50 41 7 7 4 
5 6 3 65 90 0 7 2 
8 3 33 65 56 8 2 4 
3 5 35 59 54 0 4 1 
6 6 43 93 50 9 6 3 
4 4 29 42 53 6 8 5 
2 5 40 65 48 3 1 8 
5 8 14 82 33 9 2 3 
9 3 18 58 55 9 9 8 
9 2 24 51 32 6 0 6 
8 0 0 59 38 6 3 1 
0 0 17 58 52 4 9 0 
9 4 30 79 58 0 8 7 
3 6 21 11 84 9 5 1 
3 0 34 68 60 5 5 3 
8 5 19 10 43 9 3 3 
4 6 18 15 46 2 7 5 
9 2 43 56 42 3 0 9 
5 3 2 105 16 4 4 5 
6 9 55 49 2 5 4 1 
2 5 38 61 36 4 1 0 
0 1 35 50 24 7 6 6 
2 0 55 70 48 6 9 3 
0 8 15 35 10 8 7 8 
9 5 52 77 41 4 5 1 
7 9 46 61 32 4 4 1 
6 6 49 43 34 4 7 6 
5 7 47 29 41 1 0 7 
3 8 32 85 48 8 6 7 
2 3 1 76 45 7 5 0 
3 9 65 34 40 9 6 1 
8 1 29 64 16 7 0 6 
1 7 0 65 75 2 0 5 
8 3 18 77 27 3 3 8 
3 2 21 61 8 9 2 5 
9 2 14 36 11 8 5 2 
7 5 30 19 47 9 7 9 
8 9 45 3 24 2 0 8 
5 7 6 21 59 2 9 3 
7 1 16 2 69 4 0 6 
9 4 29 53 74 3 3 6 
1 0 38 63 38 4 2 8 
9 0 32 49 49 7 5 7 
6 5 2 43 64 4 6 4 
1 8 0 75 24 4 2 3 
6 7 42 34 64 8 5 1 
3 3 27 61 42 2 3 7 
1 5 23 53 64 3 9 9 
3 0 31 36 103 7 8 5 
2 7 36 55 42 9 4 3 
1 9 5 68 56 6 0 2 
1 2 15 73 100 4 1 2 
9 2 34 55 33 4 7 3 
0 5 24 55 77 1 5 5 
7 6 30 84 31 7 5 7 
2 5 4 62 33 3 8 1 
4 1 38 81 60 9 6 4 
1 8 32 72 52 6 0 1 
2 9 55 48 54 7 8 1 
2 2 32 33 67 4 0 1 
6 6 0 82 63 3 1 6 
8 2 27 49 50 9 5 0 
5 9 25 71 52 2 6 2 
1 9 18 25 85 7 4 1 
8 1 42 74 56 4 1 9 
0 8 84 42 60 2 3 5 
4 8 21 58 42 4 2 1 
3 3 37 54 46 5 6 3 
6 2 65 31 60 7 5 0 
9 1 52 44 47 5 6 2 
0 3 36 57 45 6 5 4 
8 9 45 64 73 9 7 2 
8 0 8 38 52 5 2 1 
4 7 46 26 66 4 1 5 
7 4 32 81 39 5 9 7 
5 0 52 43 66 4 3 4 
9 5 47 29 52 5 2 2 
0 1 2 79 81 7 9 7 
2 1 14 55 52 3 3 8 
1 1 30 41 55 0 9 7 
7 5 17 45 55 2 3 8 
8 7 27 31 67 2 2 9 
7 5 25 48 67 3 2 9 
5 6 14 69 99 4 7 3 
3 2 12 94 57 3 4 2 
7 4 0 60 65 4 2 7 
7 1 54 56 36 9 9 6 
9 6 58 66 66 3 6 3 
1 5 15 30 66 6 0 4 
2 5 20 41 34 5 1 3 
9 1 2 89 75 3 6 0 
3 2 28 79 38 2 5 6 
0 2 22 28 70 6 5 7 
1 5 59 19 53 5 8 3 
0 2 39 35 67 2 4 8 
1 5 42 45 23 0 8 9 
2 6 29 94 55 9 8 1 
3 7 0 18 18 4 8 2 
6 8 26 33 63 0 5 7 
0 2 28 67 61 3 9 9 
5 8 23 42 60 9 4 7 
5 8 10 36 47 3 0 7 
0 7 61 70 38 1 6 3 
1 4 53 18 52 5 2 7 
8 7 0 59 33 5 8 2 
8 6 35 29 51 2 1 9 
7 3 44 59 50 3 8 6 
6 3 51 39 85 8 0 1 
2 3 40 37 92 6 1 9 
0 4 34 74 84 8 8 8 
5 0 32 17 53 3 0 6 
2 8 0 54 58 6 9 8 
8 9 36 55 24 2 3 4 
3 7 36 96 20 0 6 4 
2 7 50 75 52 3 8 2 
3 5 18 37 83 3 3 6 
9 1 42 46 77 6 3 0 
3 7 49 49 39 6 4 4 
8 1 1 31 49 9 0 2 
0 5 7 43 90 0 0 0 
8 0 13 31 54 3 6 2 
3 2 25 42 77 4 5 4 
8 5 33 36 64 8 6 0 
2 3 65 122 54 4 6 5 
2 3 12 33 64 0 1 3 
9 0 5 59 32 4 7 2 
6 0 48 64 45 9 5 1 
0 2 47 43 60 2 0 2 
3 1 44 67 54 1 5 4 
1 9 59 59 88 8 5 5 
0 1 51 51 22 2 9 3 
0 6 43 46 62 7 7 2 
9 5 12 54 55 1 7 1 
3 6 19 37 55 3 5 7 
7 7 63 26 50 5 2 9 
7 0 35 52 58 3 9 0 
7 0 64 79 7 1 2 6 
7 9 28 44 45 1 1 0 
0 8 29 25 72 3 9 4 
5 8 12 46 67 7 2 3 
8 7 30 77 53 9 8 2 
4 7 36 53 54 5 3 6 
4 8 41 44 62 5 5 2 
1 9 3 34 31 8 6 8 
5 3 50 59 60 0 4 0 
5 8 4 28 41 7 4 4 
2 9 31 28 37 2 4 8 
2 7 60 69 64 6 7 2 
0 5 17 58 69 6 5 7 
1 5 84 96 55 2 7 0 
6 7 26 51 76 4 6 2 
8 5 13 40 39 0 4 8 
5 1 60 76 64 0 0 2 
1 2 46 25 42 8 7 5 
4 4 10 88 69 9 6 1 
2 7 29 51 82 0 6 7 
8 7 20 52 39 1 7 7 
6 1 55 11 53 0 8 9 
6 8 24 23 31 4 0 3 
3 8 48 56 31 3 1 1 
1 6 16 9 35 0 9 2 
7 4 17 39 42 3 7 7 
4 9 41 25 57 3 0 2 
6 3 38 48 56 8 4 9 
2 1 46 63 7 4 5 7 
5 3 52 54 23 5 8 9 
3 3 43 40 64 9 1 5 
9 1 17 48 46 8 4 8 
3 6 20 22 42 0 8 2 
5 9 31 0 53 6 0 2 
8 4 46 86 30 5 3 7 
1 1 1 54 48 8 4 1 
3 0 16 79 41 7 0 9 
8 2 1 40 20 3 9 7 
8 0 26 74 70 4 8 8 
5 1 6 45 83 2 3 9 
5 2 31 60 40 9 3 8 
3 1 57 84 56 0 0 1 
0 8 19 38 65 1 0 2 
4 7 49 64 62 7 1 5 
3 7 5 55 48 9 8 6 
0 5 9 46 19 4 7 8 
0 4 17 74 49 4 8 6 
8 5 29 68 40 5 3 0 
8 0 13 87 30 7 8 1 
8 2 37 26 38 5 4 5 
4 2 45 90 23 6 7 8 
4 3 25 34 38 4 6 5 
4 3 7 45 43 5 5 5 
1 0 27 75 86 6 4 0 
6 0 28 75 60 4 1 5 
8 7 33 49 41 4 6 9 
0 9 40 58 51 1 3 4 
8 5 11 40 32 5 1 4 
7 0 0 4 60 1 1 2 
6 6 24 40 30 9 6 3 
6 1 1 63 33 4 0 1 
1 7 0 58 78 1 6 9 
0 9 15 61 70 2 2 9 
2 2 15 36 11 5 7 9 
6 8 79 47 73 2 6 8 
5 7 0 60 48 5 1 9 
1 3 33 44 68 3 9 0 
3 7 38 65 69 0 9 9 
5 9 25 31 45 4 2 4 
9 7 66 36 24 3 3 9 
9 4 56 42 44 1 3 3 
8 1 11 70 57 5 8 3 
7 5 55 59 29 6 5 7 
3 1 15 52 69 3 8 6 
8 7 6 36 63 1 5 7 
5 6 14 29 27 2 6 4 
9 0 53 62 40 3 4 8 
4 5 44 37 61 4 3 3 
6 0 53 55 45 4 9 7 
6 3 44 92 62 3 8 7 
5 4 26 48 51 4 0 4 
6 6 26 34 31 1 1 9 
9 5 5 50 38 5 7 7 
9 0 43 75 55 7 1 7 
3 6 8 34 84 9 2 3 
8 9 28 65 37 2 7 8 
6 9 64 48 44 6 7 2 
6 1 52 23 43 9 6 7 
6 9 25 41 47 5 2 3 
3 6 24 57 55 1 3 5 
9 8 47 33 54 9 6 7 
2 5 2 60 27 3 5 2 
7 0 75 31 51 5 1 4 
8 5 3 53 32 3 1 9 
0 5 31 38 39 6 1 8 
5 3 30 48 61 0 3 0 
4 4 45 17 16 6 7 6 
6 5 0 43 69 6 2 7 
5 3 10 0 49 0 8 5 
1 1 29 73 32 4 2 8 
3 5 0 63 64 5 2 5 
4 6 29 85 17 2 0 0 
8 0 40 39 47 5 6 7 
9 3 10 58 8 6 8 8 
5 9 34 10 0 7 5 6 
7 2 10 0 79 2 9 7 
9 5 42 48 54 5 3 3 
2 1 33 58 51 4 7 1 
2 5 20 25 87 0 5 0 
8 4 40 76 77 6 7 3 
3 0 21 48 59 5 1 9 
4 5 21 57 64 3 5 4 
6 7 5 65 59 6 5 2 
4 9 0 63 50 4 0 3 
5 3 62 61 54 7 4 6 
1 7 49 44 49 8 4 3 
4 4 25 37 57 6 6 8 
0 1 41 49 32 4 9 7 
4 7 36 44 52 6 5 8 
2 0 4 60 31 3 4 1 
2 3 29 57 62 6 8 2 
8 4 42 31 59 0 8 6 
0 9 49 56 57 1 6 0 
2 4 22 68 22 1 8 9 
1 6 71 35 39 3 7 9 
0 3 36 22 65 7 2 5 
1 6 37 35 44 2 6 5 
7 5 41 59 75 3 1 8 
7 5 19 55 14 4 3 4 
7 0 0 39 52 4 6 4 
7 7 20 45 70 2 8 6 
2 4 4 54 2 5 6 9 
5 8 41 78 37 4 6 9 
0 2 6 21 67 2 4 0 
1 4 13 61 35 1 6 3 
5 0 40 62 62 8 6 5 
0 1 33 42 49 2 0 6 
0 1 0 66 0 9 1 6 
3 8 50 67 67 3 1 1 
1 4 4 7 49 1 3 2 
1 5 25 66 70 5 1 8 
2 2 16 53 18 6 7 7 
4 0 40 37 70 1 1 4 
3 7 48 27 7 1 5 5 
9 8 56 41 38 1 2 3 
5 5 59 58 41 0 9 1 
1 9 0 40 56 7 1 6 
0 4 41 47 50 7 3 5 
8 9 32 20 57 2 5 6 
1 0 30 59 44 8 4 5 
4 2 14 53 71 8 6 6 
3 8 18 27 68 6 2 0 
7 6 16 51 45 5 5 6 
4 4 38 50 5 1 3 0 
8 2 62 53 23 5 2 1 
1 5 44 55 53 5 5 6 
8 2 6 33 70 8 2 1 
4 3 14 59 48 9 4 8 
2 8 21 33 21 0 4 6 
0 7 21 77 64 2 2 2 
4 9 9 57 19 4 8 2 
9 2 35 54 62 5 7 7 
6 9 72 61 44 9 1 4 
4 0 7 62 53 4 8 6 
5 6 47 32 25 9 1 7 
4 7 49 41 62 1 5 9 
3 2 23 69 71 4 7 3 
9 2 25 83 55 0 5 3 
3 8 35 78 55 3 6 5 
3 9 23 30 46 5 5 6 
8 3 22 38 55 2 0 3 
4 4 27 43 46 1 8 1 
1 9 52 50 34 6 6 3 
0 3 50 52 0 6 5 8 
8 4 19 41 94 9 5 0 
4 7 42 0 55 1 7 6 
5 9 47 13 71 1 7 6 
9 6 51 64 74 1 5 4 
2 6 17 49 47 2 8 8 
5 9 33 32 46 1 1 5 
0 5 35 55 19 7 9 6 
8 2 24 13 31 0 8 7 
6 5 42 36 47 6 5 6 
6 7 71 35 56 1 9 3 
0 4 34 31 43 8 3 2 
9 8 22 48 73 3 7 4 
5 9 11 50 47 1 7 0 
9 6 0 57 35 0 5 5 
8 5 34 50 69 8 8 8 
6 3 9 40 52 8 0 3 
7 0 22 56 50 4 3 4 
3 7 26 44 66 0 8 4 
6 3 30 30 40 3 9 2 
1 0 36 27 23 3 7 5 
2 1 23 61 34 4 6 6 
0 5 61 56 85 1 9 0 
7 1 53 68 91 3 0 6 
5 5 12 31 36 8 3 1 
5 0 47 49 31 4 8 2 
2 8 61 12 76 1 4 7 
4 4 26 53 65 5 5 6 
8 2 82 78 14 1 2 7 
6 1 47 71 23 1 0 6 
5 1 19 23 91 1 7 6 
5 5 49 36 29 8 0 8 
4 1 15 56 30 4 3 7 
7 9 55 41 24 7 3 1 
8 4 34 20 47 4 2 8 
1 8 0 34 54 4 0 0 
3 6 2 63 72 2 7 7 
1 8 19 67 55 1 6 5 
2 4 14 36 45 0 5 1 
8 3 54 56 63 9 9 6 
1 1 34 71 20 6 1 8 
4 1 14 51 54 8 8 6 
5 5 69 24 53 5 3 2 
9 2 3 45 58 8 1 7 
4 2 9 47 29 5 0 1 
4 2 49 45 56 7 0 4 
3 1 19 78 51 9 7 6 
7 9 35 47 56 8 0 4 
6 0 23 46 75 6 7 0 
4 1 64 47 40 8 8 4 
1 4 29 48 58 2 1 2 
9 7 43 66 59 4 3 0 
5 9 34 69 39 1 6 9 
7 7 4 30 26 9 8 2 
6 2 26 22 34 3 7 3 
5 0 11 13 27 4 7 4 
7 9 2 37 57 9 7 3 
8 3 0 28 51 6 9 3 
3 1 24 46 53 2 7 1 
3 0 20 43 40 6 9 3 
1 3 43 64 21 3 6 9 
4 1 30 88 87 2 0 7 
8 1 42 64 58 7 6 5 
7 8 4 60 50 6 9 4 
7 9 0 50 88 4 9 1 
3 8 52 52 30 2 0 0 
3 2 59 98 58 1 1 6 
8 5 40 43 54 5 3 5 
3 0 8 22 42 8 8 7 
3 8 64 54 59 5 4 8 
9 9 52 39 36 7 3 9 
0 4 4 84 38 0 3 6 
2 2 0 56 73 9 6 5 
2 1 0 53 72 9 5 3 
3 6 54 60 33 1 4 6 
7 8 73 46 57 8 8 0 
4 1 34 22 45 2 6 1 
4 7 50 54 39 9 0 2 
5 6 48 62 23 5 7 7 
6 0 2 8 77 7 8 9 
8 3 21 46 36 7 6 3 
6 3 43 25 60 0 6 7 
9 3 32 25 58 7 4 6 
4 5 15 61 27 5 4 3 
2 6 19 11 36 2 4 4 
6 3 47 59 39 6 1 0 
7 1 45 68 53 8 9 9 
6 1 31 52 33 4 7 2 
6 3 0 59 34 0 0 3 
8 5 22 71 55 2 2 4 
8 0 55 68 51 3 1 6 
3 4 53 97 21 5 7 9 
6 6 56 44 47 1 6 1 
4 2 30 40 62 5 6 6 
6 8 39 38 37 6 0 6 
7 0 39 17 41 1 2 4 
0 1 15 92 40 0 2 3 
2 5 14 89 35 0 5 7 
0 3 0 47 39 3 9 2 
8 7 42 32 36 6 2 9 
8 9 48 46 76 9 0 6 
8 3 70 77 93 1 7 1 
2 2 40 49 0 5 0 3 
8 4 28 37 25 9 5 8 
9 3 15 31 67 4 4 6 
8 9 21 71 80 7 0 4 
4 3 9 45 34 4 4 9 
7 1 33 32 55 6 2 9 
8 3 15 45 38 9 9 9 
3 4 24 60 76 7 7 1 
1 1 26 32 79 1 7 2 
4 4 0 57 70 5 7 0 
2 2 47 45 47 9 0 2 
4 0 47 38 20 5 4 2 
4 5 33 11 37 9 5 0 
2 7 11 35 67 4 9 4 
8 0 5 53 69 1 4 6 
3 0 27 38 67 6 9 4 
6 3 45 59 9 7 3 8 
4 4 43 47 76 2 4 1 
8 0 30 43 52 1 2 6 
2 3 0 73 55 7 8 9 
0 5 45 52 26 3 1 9 
9 3 43 63 62 8 3 7 
1 3 19 31 49 0 3 7 
1 2 11 66 49 6 3 1 
4 1 18 52 38 0 7 3 
0 9 28 70 87 8 1 3 
4 0 51 31 55 9 6 8 
6 0 49 36 54 0 0 9 
3 3 38 53 34 6 9 4 
3 4 32 78 67 1 9 4 
2 2 11 83 47 0 6 9 
8 6 29 33 45 9 1 5 
3 1 7 66 1 5 6 5 
4 2 44 42 48 6 1 0 
4 8 14 52 50 5 8 5 
2 4 60 55 38 9 0 3 
4 2 45 93 45 2 1 1 
1 0 24 51 80 5 6 1 
1 1 30 37 39 9 8 1 
4 8 6 34 32 1 9 0 
1 7 11 79 12 7 2 2 
8 7 45 18 35 6 7 6 
9 4 63 52 90 9 9 9 
2 2 22 98 16 3 4 5 
2 9 11 71 45 7 6 5 
5 9 30 39 65 6 9 6 
9 4 45 61 57 0 2 0 
6 1 39 82 59 6 8 8 
0 5 0 37 96 0 8 2 
3 6 26 80 79 5 5 6 
4 5 34 75 60 6 5 3 
6 8 31 37 19 9 7 7 
8 6 13 53 57 4 5 3 
7 9 25 65 44 5 6 9 
5 9 29 51 75 0 7 0 
0 3 49 49 0 6 9 6 
7 9 79 14 46 0 3 4 
4 2 18 64 75 8 0 6 
4 7 15 38 77 8 2 7 
6 8 5 22 57 7 7 2 
2 1 45 61 19 5 4 0 
2 4 31 30 87 6 8 3 
1 7 45 74 39 5 5 0 
2 4 39 25 43 8 9 0 
3 9 0 61 71 2 6 2 
5 0 64 68 44 7 6 7 
2 4 0 73 23 1 7 3 
2 3 46 57 18 7 3 0 
6 4 34 41 50 9 7 7 
7 1 27 46 53 8 6 1 
2 0 27 34 101 7 6 5 
6 0 22 55 35 1 9 7 
6 6 52 45 66 1 0 4 
5 3 0 52 70 2 9 1 
7 5 12 54 55 7 1 4 
1 8 43 19 37 0 3 6 
0 8 28 49 71 4 8 9 
2 4 46 21 35 8 0 8 
7 3 0 65 27 9 9 9 
5 4 21 61 72 8 8 8 
5 6 43 17 55 0 5 8 
2 9 25 66 70 1 8 9 
5 7 23 52 9 3 6 8 
4 0 24 40 0 3 9 6 
4 0 6 97 88 5 1 0 
4 9 49 48 35 9 5 6 
1 9 0 64 49 6 3 4 
2 3 16 40 61 6 0 6 
9 6 44 31 30 5 6 1 
3 2 18 39 30 8 3 0 
8 2 9 95 24 9 6 5 
5 0 0 44 42 6 8 6 
8 3 42 20 51 1 6 2 
5 9 29 36 59 0 1 2 
1 1 10 58 21 4 1 2 
8 5 55 65 37 4 7 3 
3 8 49 32 100 3 6 7 
3 8 34 61 54 9 7 5 
8 1 42 42 60 4 4 6 
7 2 2 125 54 4 8 0 
5 3 33 56 94 6 9 8 
4 8 35 30 61 8 2 2 
2 4 14 63 57 9 1 1 
6 7 62 71 68 0 1 4 
9 5 25 15 41 0 7 7 
9 6 35 84 40 8 7 4 
2 6 0 48 63 6 0 7 
4 5 23 77 0 4 3 6 
3 0 0 55 47 5 8 0 
2 1 31 50 32 8 8 5 
7 0 85 24 56 2 8 5 
2 7 13 68 52 4 6 9 
0 6 38 73 19 8 1 3 
7 9 41 45 53 1 3 0 
4 7 1 40 39 2 7 6 
7 5 68 79 54 3 5 2 
4 4 42 30 55 1 8 1 
6 2 31 27 47 8 3 7 
5 6 36 62 65 1 8 5 
3 6 30 71 36 8 6 6 
2 3 31 27 31 0 2 8 
2 4 0 51 30 2 2 2 
0 1 50 37 18 9 6 1 
4 9 41 27 88 0 7 1 
1 5 12 56 44 8 1 4 
0 4 39 94 83 7 8 0 
9 6 27 44 62 2 3 7 
4 7 56 49 55 8 4 0 
5 5 80 46 50 2 7 8 
5 0 39 64 45 8 3 9 
1 5 0 45 24 3 4 3 
6 2 22 4 17 2 7 0 
5 4 33 83 10 4 3 5 
0 7 39 48 58 1 0 6 
6 3 19 39 45 0 2 3 
3 0 50 63 18 6 6 9 
7 8 50 91 49 6 1 8 
1 0 1 81 68 3 8 3 
4 2 25 20 17 5 1 9 
8 0 5 57 26 8 2 7 
5 8 28 75 72 7 4 8 
3 5 41 73 22 4 2 4 
3 1 0 0 45 7 5 1 
7 3 23 72 69 9 0 1 
9 1 29 34 48 9 2 8 
5 7 38 55 97 2 6 8 
7 4 3 15 53 6 5 1 
5 6 0 27 46 3 3 3 
8 3 64 68 42 5 3 0 
9 9 47 112 77 8 3 5 
2 0 5 98 26 0 6 8 
3 8 32 62 31 0 9 8 
8 0 20 88 68 5 1 4 
3 1 56 12 63 6 9 4 
6 5 0 46 49 0 7 7 
7 0 20 77 46 5 7 1 
4 7 33 46 69 5 0 3 
8 5 20 74 41 1 2 8 
5 3 21 38 42 5 4 5 
2 8 10 44 83 9 2 5 
0 6 0 24 43 5 6 9 
9 3 34 31 37 3 4 9 
9 0 27 48 54 6 2 4 
5 2 31 47 39 9 2 5 
1 0 16 59 29 4 2 3 
1 4 21 54 18 3 7 3 
6 8 42 47 82 2 4 0 
0 7 20 59 33 7 2 5 
8 4 10 50 25 9 6 3 
2 7 36 46 31 4 6 8 
4 3 39 25 59 3 6 8 
0 9 4 89 72 0 9 6 
7 6 46 67 48 9 3 8 
2 6 33 59 41 9 7 4 
2 2 46 56 25 0 5 3 
4 7 20 62 42 1 9 0 
5 1 30 61 63 4 1 7 
3 3 72 82 29 5 6 0 
9 5 46 58 32 2 9 2 
7 1 44 27 66 1 0 1 
5 9 36 83 52 2 1 4 
1 3 45 64 41 6 5 9 
1 7 39 40 35 4 2 3 
9 1 61 84 37 7 0 6 
8 6 5 34 59 4 2 8 
8 9 10 80 57 6 6 5 
7 2 0 28 70 7 5 5 
8 9 7 60 66 6 3 5 
2 8 31 76 61 1 4 5 
3 1 1 51 26 1 4 0 
6 0 52 50 27 3 1 0 
2 2 3 57 43 2 9 5 
9 4 28 44 43 0 0 9 
5 5 21 61 80 0 7 3 
4 7 42 0 53 9 2 7 
0 9 47 38 31 1 2 1 
9 2 46 23 62 0 5 5 
3 5 58 25 44 7 5 7 
8 9 12 28 51 0 5 3 
2 7 21 78 53 9 3 3 
9 0 0 34 46 2 0 6 
7 9 32 68 46 8 6 7 
3 6 5 49 49 8 5 9 
4 9 37 41 58 8 4 3 
3 8 25 44 68 9 9 4 
8 9 8 66 37 0 9 9 
1 8 20 81 66 3 4 2 
6 7 42 46 89 3 4 8 
3 3 46 57 72 7 2 2 
9 6 24 23 17 6 4 2 
6 4 60 56 55 5 3 9 
5 2 25 2 55 8 1 8 
6 8 53 57 15 5 6 6 
8 4 11 41 30 5 9 1 
7 6 70 43 39 9 6 3 
6 2 48 65 47 7 6 3 
6 9 51 55 37 6 1 2 
3 5 26 20 25 7 2 4 
3 1 39 87 32 0 0 4 
2 2 23 54 48 1 4 3 
4 8 75 35 46 4 4 0 
4 7 49 19 53 3 0 7 
0 9 60 65 70 8 4 7 
6 6 12 55 47 9 8 5 
1 2 5 32 36 9 1 0 
1 5 27 37 60 8 1 7 
8 7 28 44 44 8 3 0 
6 6 64 49 67 8 3 6 
8 0 17 73 51 6 0 5 
7 2 38 22 71 4 4 4 
2 1 53 59 50 5 8 6 
5 0 6 56 59 3 4 8 
3 6 0 42 56 5 5 8 
1 7 10 78 29 2 8 3 
7 7 25 56 66 2 8 7 
2 4 48 5 71 3 5 3 
2 6 16 28 55 5 9 8 
0 3 27 64 40 3 4 7 
2 1 3 76 40 6 0 0 
9 3 0 62 16 0 9 5 
4 0 44 42 39 1 2 8 
2 5 63 42 23 4 9 2 
7 8 25 68 52 8 2 4 
2 9 0 46 55 3 5 8 
1 9 45 11 34 2 5 7 
8 6 31 117 51 8 9 9 
1 9 41 42 50 8 9 5 
5 3 50 49 68 4 5 4 
1 2 31 74 31 5 6 0 
8 8 61 55 58 7 5 3 
0 6 48 49 67 3 3 4 
3 3 40 44 50 6 5 9 
9 1 29 49 38 8 9 2 
7 2 21 28 38 0 8 9 
0 6 19 31 13 0 6 1 
6 5 56 98 79 0 7 4 
3 8 12 61 15 6 4 0 
6 6 41 40 45 1 1 9 
7 0 30 11 27 0 3 7 
3 2 27 50 61 3 2 0 
7 2 37 33 56 8 2 8 
3 7 17 26 4 2 7 6 
2 3 26 86 23 6 0 6 
2 3 26 29 56 7 1 3 
8 9 9 87 27 7 5 3 
1 8 26 54 21 4 4 0 
9 5 65 75 37 4 1 0 
8 8 36 21 31 2 2 0 
3 1 9 48 54 9 5 7 
1 0 0 84 94 9 5 9 
5 9 32 4 56 8 6 3 
4 3 39 71 41 4 4 5 
8 4 44 37 25 2 7 1 
9 1 51 56 73 5 6 2 
8 7 30 14 48 5 8 1 
0 0 15 30 58 6 2 7 
3 8 57 109 43 9 3 6 
1 2 40 42 62 0 3 4 
1 0 23 68 29 6 2 9 
1 7 0 25 45 2 3 7 
5 4 11 75 23 4 7 4 
6 8 39 38 94 4 2 0 
6 4 11 58 26 0 6 2 
6 5 35 43 33 1 1 7 
5 4 8 19 35 7 1 0 
0 7 22 22 61 0 5 1 
7 0 43 21 29 5 1 1 
4 7 41 41 44 5 7 5 
9 8 20 30 94 8 1 9 
0 0 0 40 55 8 9 7 
4 9 15 45 32 9 6 8 
6 4 17 71 33 5 3 5 
6 7 0 23 42 7 9 6 
4 0 13 56 66 5 9 5 
9 1 11 56 32 5 6 0 
3 8 42 26 56 5 4 0 
4 1 53 70 29 2 0 9 
5 0 22 23 63 7 0 9 
4 7 0 70 101 5 5 2 
3 0 23 36 94 6 4 6 
8 7 56 54 48 1 0 7 
1 0 22 70 58 3 9 8 
7 4 3 52 63 8 3 8 
1 2 46 66 41 2 0 7 
5 1 26 42 55 8 7 7 
4 1 8 56 52 3 1 6 
3 0 23 31 39 7 7 8 
3 7 24 87 38 9 1 6 
2 4 12 66 54 1 0 9 
3 0 1 27 71 7 8 1 
9 1 0 58 43 4 3 8 
6 9 0 77 52 7 7 7 
4 2 16 47 22 0 7 4 
5 3 46 56 29 5 5 1 
9 4 23 43 57 1 9 1 
7 3 63 74 57 1 0 9 
5 0 18 39 20 0 4 4 
1 6 16 70 74 1 8 3 
4 7 27 6 20 1 1 0 
6 2 0 42 46 2 5 1 
9 4 22 59 30 6 9 4 
1 1 12 21 59 3 5 9 
2 3 1 47 35 6 8 7 
3 6 15 58 42 5 0 1 
6 6 28 32 64 6 2 6 
8 3 41 57 39 1 2 6 
8 9 15 37 39 1 3 1 
2 0 0 65 65 6 3 9 
5 0 26 24 123 5 1 2 
3 0 51 15 77 1 5 7 
7 3 1 43 49 9 1 4 
4 7 0 83 29 8 7 9 
6 4 25 30 32 9 7 2 
4 5 54 39 58 1 3 6 
3 4 0 60 44 5 2 8 
6 3 33 47 9 9 1 4 
6 3 37 56 41 2 2 9 
6 5 42 65 52 3 6 0 
3 7 30 26 42 1 0 1 
2 2 31 83 41 3 8 6 
5 8 0 32 43 5 4 0 
3 2 38 64 27 4 1 6 
6 9 41 33 54 4 7 4 
1 8 62 46 25 7 2 0 
3 0 24 59 67 4 1 8 
2 9 12 67 67 4 2 0 
2 5 39 63 50 2 3 4 
9 6 40 31 31 1 8 6 
2 0 31 17 39 2 7 4 
7 8 34 44 33 1 6 0 
9 2 73 34 67 4 6 4 
7 4 5 65 44 6 8 8 
6 4 50 20 28 8 3 6 
6 3 26 17 83 5 0 2 
1 1 83 57 32 3 6 2 
0 4 31 67 9 1 7 4 
8 8 14 16 42 1 0 7 
9 3 24 76 26 3 0 9 
2 9 24 47 57 0 5 8 
9 4 37 24 53 0 8 1 
7 6 34 35 61 8 7 3 
5 2 31 61 54 0 3 0 
6 3 28 48 29 3 4 3 
6 6 38 53 14 1 4 4 
7 6 30 37 28 3 8 3 
1 4 60 49 56 9 0 0 
8 7 56 41 26 6 2 2 
6 7 23 61 26 9 6 7 
7 8 10 7 79 3 6 5 
9 4 0 77 72 8 1 5 
2 2 20 46 38 4 6 2 
0 0 3 92 44 4 5 6 
7 3 30 88 26 1 1 2 
9 7 11 64 54 9 4 8 
4 9 57 41 62 8 3 1 
2 3 22 59 15 8 6 8 
4 7 0 37 21 9 0 0 
5 0 59 62 33 7 0 3 
6 4 56 28 69 3 0 5 
4 8 0 38 43 4 6 6 
2 2 31 61 40 9 2 6 
4 5 26 39 22 4 5 0 
9 8 44 35 52 7 6 7 
5 8 23 34 45 4 6 1 
5 8 30 79 43 8 1 3 
7 2 2 75 44 2 7 0 
0 0 43 59 81 8 4 6 
1 9 41 43 50 5 0 1 
7 1 0 49 55 4 0 4 
2 3 52 38 71 1 1 8 
4 8 11 53 22 9 6 7 
4 6 49 63 65 9 7 1 
3 9 47 30 41 3 0 8 
1 7 42 70 73 6 1 3 
3 3 53 65 89 1 3 6 
6 4 36 31 49 8 3 2 
6 4 20 73 61 2 8 5 
4 7 42 53 69 2 4 2 
3 4 14 56 95 6 2 9 
1 2 62 57 28 6 6 1 
0 1 19 46 48 9 2 1 
0 9 0 43 31 4 4 3 
4 4 33 74 26 8 8 8 
3 7 27 61 20 9 8 4 
3 9 40 31 36 8 1 1 
9 9 58 24 51 7 8 8 
4 9 32 92 78 5 3 7 
7 9 28 49 15 6 3 1 
6 4 62 69 38 5 6 0 
4 4 26 4 16 3 6 1 
2 1 96 38 45 7 8 9 
3 3 31 27 35 9 5 3 
0 8 59 33 35 2 7 8 
1 8 23 34 75 7 1 4 
6 2 24 58 46 6 2 8 
2 2 20 74 55 9 3 3 
3 7 45 69 35 3 3 0 
0 6 45 31 61 7 2 6 
5 5 1 42 88 4 5 2 
4 3 30 44 45 9 6 8 
0 3 66 53 36 3 1 7 
9 6 32 12 48 1 5 5 
6 4 8 51 4 9 4 0 
8 5 22 40 76 9 5 1 
4 3 42 8 4 1 7 7 
4 0 1 84 51 5 4 4 
4 3 14 64 57 8 1 6 
2 4 24 0 40 7 2 0 
6 5 41 0 73 9 3 1 
2 3 27 46 37 2 4 9 
0 9 26 27 16 5 0 9 
4 6 29 77 52 1 9 3 
9 8 63 58 46 6 4 9 
0 8 45 78 70 1 1 5 
3 2 61 34 50 9 2 3 
1 0 24 51 47 4 3 6 
4 1 76 30 12 0 8 9 
4 8 5 10 68 3 0 6 
5 5 43 48 45 6 4 1 
8 8 14 50 73 1 8 5 
3 2 34 70 42 2 1 6 
6 4 0 31 51 2 8 6 
9 3 23 60 60 1 8 2 
1 9 38 80 56 7 2 9 
6 1 26 48 32 6 5 0 
3 6 20 65 45 7 2 7 
1 7 21 56 62 2 1 8 
4 2 15 42 92 4 2 7 
6 8 80 30 68 9 2 0 
2 4 35 49 68 7 4 4 
5 7 25 24 63 7 6 3 
8 1 25 39 90 9 9 3 
2 0 62 30 37 8 7 6 
6 7 52 21 34 3 2 9 
0 2 46 89 49 2 2 0 
1 9 29 91 52 9 7 2 
7 6 45 47 75 4 9 4 
9 0 2 70 33 8 5 2 
4 1 26 67 4 0 1 4 
6 3 25 44 50 3 8 8 
5 1 21 55 99 4 5 7 
0 1 44 55 58 1 5 1 
3 3 26 45 58 1 1 3 
8 4 38 61 27 5 2 6 
6 9 14 28 52 2 6 8 
2 6 17 60 64 0 6 6 
9 8 36 47 55 3 5 1 
8 3 54 75 70 6 6 5 
4 2 73 45 22 1 3 5 
0 8 37 62 62 0 9 9 
4 2 0 51 66 1 2 5 
4 9 15 58 39 0 4 7 
9 1 29 66 77 0 6 2 
4 3 0 0 70 2 3 3 
6 0 44 47 44 7 9 5 
0 0 29 50 30 9 9 7 
7 0 31 42 42 7 7 3 
9 9 46 59 47 3 1 4 
2 4 58 30 38 7 3 2 
3 4 17 61 104 6 2 3 
6 3 16 68 1 7 1 3 
2 1 10 57 61 8 5 7 
8 4 46 47 47 2 8 0 
4 5 49 65 43 6 7 0 
2 3 70 41 16 3 6 1 
8 9 0 27 51 4 5 8 
8 6 18 45 83 5 1 2 
9 9 35 47 69 7 5 9 
4 1 41 79 66 1 7 0 
2 9 37 30 23 0 8 8 
5 5 34 18 39 7 4 7 
4 3 75 72 29 4 0 5 
9 9 0 43 33 7 9 8 
3 6 33 35 46 2 2 2 
9 8 9 78 51 7 7 0 
1 2 14 34 43 8 4 6 
8 6 46 18 54 1 1 6 
3 0 44 36 30 3 3 7 
8 0 70 85 86 7 2 7 
1 4 17 21 52 9 7 1 
3 4 8 25 44 0 4 7 
0 5 5 73 26 9 8 7 
6 5 24 40 48 4 5 4 
8 3 27 36 61 6 4 9 
8 0 42 37 10 1 8 8 
0 4 28 42 26 7 8 1 
5 3 36 61 44 6 2 6 
2 0 12 57 47 6 4 2 
8 2 44 85 49 4 9 1 
7 7 12 55 39 4 2 1 
7 4 42 66 28 6 4 8 
6 5 47 43 60 6 8 6 
3 8 22 47 50 8 3 1 
9 8 4 16 75 3 8 7 
4 5 3 44 70 6 9 3 
2 5 34 36 47 6 3 3 
2 2 33 12 43 1 8 5 
9 1 43 24 69 4 9 6 
4 2 15 28 62 6 5 7 
4 9 10 50 60 0 5 8 
3 5 0 71 42 0 6 8 
0 4 19 22 69 0 6 1 
2 6 7 45 2 8 5 6 
6 5 46 5 80 8 0 1 
9 8 55 34 79 7 6 8 
1 6 62 24 32 0 4 2 
7 3 0 39 54 0 0 9 
0 2 0 47 43 9 0 9 
5 2 35 54 27 6 5 8 
5 4 22 22 41 5 3 3 
1 8 43 26 45 4 6 7 
1 8 62 26 58 1 6 6 
1 4 26 24 53 5 6 8 
3 6 35 47 82 6 4 9 
7 9 35 20 68 6 1 5 
6 9 20 50 55 8 0 2 
0 4 50 61 18 0 8 6 
2 6 42 28 59 1 9 3 
1 3 55 61 43 4 8 0 
5 7 28 38 86 2 7 1 
0 3 0 30 32 6 8 4 
6 9 50 70 47 4 2 7 
4 3 14 31 67 7 9 3 
1 7 41 56 53 1 6 8 
7 5 28 97 17 6 6 1 
1 0 35 65 59 9 5 3 
3 2 32 70 52 5 8 4 
0 1 8 34 48 7 0 5 
6 3 42 55 45 1 0 2 
9 5 29 76 76 7 6 1 
1 3 19 53 70 7 8 9 
7 6 20 39 65 9 7 9 
4 4 4 61 33 1 6 5 
5 3 10 15 49 2 9 8 
9 6 30 16 64 6 1 5 
6 2 31 48 45 3 7 8 
7 4 34 64 89 2 5 2 
3 4 50 57 50 0 9 4 
5 0 0 27 63 2 3 1 
1 3 42 42 42 5 9 8 
8 8 13 60 68 6 0 6 
7 4 14 66 69 3 0 3 
4 8 43 40 44 1 6 7 
7 8 40 45 31 8 3 5 
1 6 41 75 80 9 1 6 
1 9 41 84 39 8 9 1 
5 5 34 48 67 4 9 7 
7 9 11 75 59 2 4 0 
8 2 37 41 53 1 1 7 
6 0 0 58 41 9 5 3 
5 8 31 51 36 6 9 8 
8 7 51 54 27 2 0 0 
0 5 39 22 17 5 6 7 
1 1 44 82 89 1 2 4 
5 7 55 53 35 0 7 6 
7 3 17 59 56 6 0 5 
6 1 13 20 77 8 0 7 
9 0 21 89 63 6 0 6 
4 9 37 32 51 4 1 1 
6 2 32 62 56 2 9 8 
1 1 32 83 72 5 0 0 
3 6 20 18 41 0 6 0 
6 8 35 67 72 7 0 4 
6 5 39 73 39 9 3 8 
6 7 28 43 8 1 5 0 
0 6 29 78 43 8 2 0 
5 2 36 67 116 0 0 7 
6 7 3 48 39 6 1 4 
0 5 28 55 21 1 7 4 
3 2 0 57 32 6 8 6 
7 0 40 57 34 6 0 0 
4 4 3 75 41 5 3 9 
7 6 24 32 23 9 3 2 
1 8 28 49 55 4 7 4 
1 4 52 38 42 6 8 3 
2 4 0 63 87 3 1 4 
5 5 52 40 76 4 4 4 
6 2 44 58 42 0 4 0 
8 7 53 93 23 3 1 8 
4 4 50 46 69 3 6 8 
5 8 37 43 38 9 6 4 
9 1 24 70 15 2 2 1 
3 6 26 43 73 4 5 1 
7 9 46 98 18 0 7 9 
5 3 37 71 34 4 6 7 
1 1 54 41 52 0 7 6 
2 0 33 52 62 2 1 2 
5 8 24 62 91 9 3 7 
9 5 37 22 60 7 0 8 
4 4 0 55 88 1 0 7 
3 2 38 53 38 8 9 1 
1 5 41 67 73 4 7 8 
5 3 61 52 76 1 7 0 
1 3 49 18 17 2 7 2 
8 6 79 50 73 2 6 1 
2 3 37 36 79 5 6 9 
6 0 60 75 38 2 6 7 
5 0 61 33 0 6 8 0 
0 8 28 27 77 2 4 6 
0 6 29 65 0 6 6 5 
4 7 55 60 42 9 6 7 
8 8 19 55 13 1 9 2 
7 2 0 65 67 4 7 7 
9 3 71 79 51 4 0 6 
2 2 45 58 41 3 3 8 
8 9 12 85 70 8 9 7 
7 1 41 70 29 8 1 9 
2 1 31 36 32 2 5 5 
5 5 18 77 53 2 4 0 
0 4 19 72 14 0 7 8 
2 9 51 49 59 5 7 1 
7 1 28 61 70 3 8 7 
9 4 23 43 77 9 9 0 
7 0 51 62 31 9 1 3 
2 5 26 58 64 9 9 3 
0 3 29 74 46 6 9 4 
7 6 11 47 51 8 3 2 
1 6 26 66 47 9 9 1 
0 6 43 45 14 6 1 7 
0 5 25 59 46 5 0 5 
9 7 0 44 63 7 1 5 
9 1 0 50 29 5 1 4 
1 6 40 54 30 7 8 5 
0 5 31 63 33 3 2 9 
4 9 31 40 94 2 6 0 
5 3 20 82 61 0 8 5 
2 1 26 40 72 1 1 8 
7 2 47 82 39 0 3 6 
9 1 39 46 70 2 2 5 
9 9 0 42 65 3 1 4 
4 8 28 37 63 7 4 5 
0 6 53 55 84 3 0 9 
4 2 41 61 75 6 1 1 
8 8 35 11 50 1 8 4 
7 1 47 60 32 1 5 2 
1 8 45 18 77 9 7 3 
7 8 0 44 90 2 9 5 
2 4 43 30 92 6 0 0 
1 7 43 48 78 7 0 8 
3 9 33 44 67 2 2 5 
1 9 25 43 40 7 7 8 
9 5 29 34 0 6 0 2 
8 0 31 47 0 5 8 2 
4 6 11 51 51 4 6 8 
8 2 47 81 61 5 6 9 
9 6 46 24 36 7 6 8 
4 3 49 43 30 6 8 1 
4 3 57 48 29 5 4 6 
2 5 39 46 25 8 3 2 
0 1 51 34 67 5 8 3 
7 8 24 30 61 3 1 7 
4 3 13 65 53 3 7 0 
4 5 32 42 55 0 0 8 
3 3 34 19 76 8 7 1 
4 8 16 38 7 5 7 6 
8 4 35 60 48 0 4 5 
0 9 58 0 32 5 3 3 
9 8 18 22 48 7 2 9 
8 0 19 48 57 9 4 5 
5 4 57 84 68 2 7 2 
5 9 27 82 2 9 1 7 
3 8 37 42 52 6 0 3 
8 0 15 26 52 3 1 6 
2 9 12 35 64 5 2 2 
4 5 40 69 61 3 0 5 
2 5 24 11 45 4 9 6 
8 3 0 66 57 2 3 0 
9 9 32 43 52 7 7 7 
9 3 3 61 29 1 1 5 
6 6 71 46 9 5 3 3 
8 6 41 64 42 1 0 6 
8 3 48 74 51 0 9 4 
6 2 33 56 20 8 4 9 
4 5 63 46 91 7 3 5 
7 6 59 34 46 4 1 9 
3 5 26 36 65 2 1 1 
1 6 34 38 36 3 4 1 
6 7 23 47 84 2 3 2 
7 7 30 70 52 9 7 1 
9 5 53 89 33 6 2 4 
9 6 37 61 40 4 4 4 
8 7 34 60 33 2 1 2 
9 1 39 22 49 0 8 9 
2 6 29 56 45 9 2 6 
0 5 39 52 80 0 3 4 
9 3 41 65 35 7 8 9 
3 4 7 46 39 3 9 5 
2 1 40 42 44 9 9 0 
5 8 53 36 42 8 7 4 
5 0 32 62 42 7 4 4 
4 4 64 48 85 8 5 1 
6 1 38 59 49 9 4 6 
3 0 36 81 74 2 1 6 
9 1 0 24 52 2 9 1 
3 1 17 39 26 9 0 8 
0 0 0 74 60 9 3 0 
0 7 28 80 15 7 7 2 
8 9 65 63 55 2 1 6 
2 1 17 26 42 1 9 1 
6 4 36 66 37 1 3 0 
3 8 45 55 36 1 6 1 
7 9 48 44 76 4 8 2 
8 5 0 41 8 4 5 4 
4 7 32 39 43 4 8 7 
4 7 28 98 51 3 3 9 
2 1 59 66 41 7 2 2 
9 1 49 73 28 8 9 9 
5 0 40 49 50 8 3 0 
3 5 34 54 40 5 1 6 
4 0 12 31 47 5 3 5 
0 2 16 66 57 3 3 1 
0 7 18 41 78 4 6 1 
3 3 44 45 65 6 1 4 
5 9 26 72 84 3 9 2 
1 9 22 99 39 0 4 4 
3 6 18 51 16 4 4 5 
9 4 14 64 72 7 8 3 
4 1 43 76 32 3 0 8 
8 9 9 19 40 3 8 6 
2 4 61 79 60 1 8 4 
7 0 7 77 56 1 6 4 
2 1 35 64 39 9 7 6 
2 6 0 54 66 0 9 9 
2 7 24 46 55 7 5 6 
3 4 9 23 50 6 7 7 
6 3 0 37 6 6 6 7 
5 6 27 51 40 0 9 1 
0 9 0 66 0 0 7 6 
3 2 51 66 56 7 1 2 
5 4 34 75 84 5 1 0 
9 3 19 37 69 0 4 3 
1 6 11 56 51 1 1 0 
2 0 19 54 63 0 1 6 
2 1 15 66 27 8 6 7 
3 6 33 82 53 5 7 1 
4 1 43 21 27 3 4 5 
6 7 0 89 30 2 4 7 
7 0 5 17 43 1 6 7 
7 3 31 66 22 5 1 3 
8 6 22 0 26 2 3 8 
7 3 16 72 38 3 9 7 
5 8 10 15 76 8 1 6 
3 4 19 18 73 8 3 2 
1 0 57 63 59 6 5 1 
7 2 25 54 69 0 2 9 
4 8 56 42 75 6 7 7 
4 9 24 61 79 4 2 9 
7 9 43 59 41 4 9 4 
7 5 6 52 70 4 4 0 
2 5 39 76 40 6 5 8 
4 7 38 45 44 8 8 5 
5 1 0 52 58 0 8 6 
1 2 35 0 71 9 9 3 
0 0 49 59 49 2 7 9 
3 1 13 31 87 7 6 9 
9 3 2 62 65 1 7 4 
5 6 39 25 64 2 4 2 
3 1 26 55 69 7 2 9 
9 4 42 58 59 5 7 9 
8 8 36 59 52 6 9 6 
2 6 47 49 78 8 6 8 
5 9 61 45 57 3 3 5 
3 5 24 48 61 4 5 5 
2 3 25 56 74 7 6 0 
6 4 32 7 72 4 3 7 
6 6 19 53 57 0 2 3 
3 3 24 66 32 7 3 5 
3 6 39 74 53 9 9 0 
3 9 19 12 58 7 2 2 
2 2 23 16 18 2 0 6 
0 3 21 91 4 2 4 3 
7 9 31 45 45 6 4 8 
7 9 21 56 3 5 5 5 
1 3 22 49 23 6 3 9 
1 4 48 51 56 5 6 0 
6 1 5 49 70 2 4 2 
3 9 0 27 48 0 5 4 
8 0 73 56 46 7 5 1 
2 5 32 46 68 1 3 3 
5 4 31 29 84 1 1 4 
1 5 19 88 60 0 7 8 
2 4 27 47 67 4 8 1 
3 9 42 52 45 0 7 8 
9 4 5 18 44 1 0 0 
1 3 32 43 42 1 8 4 
8 6 26 28 53 2 0 9 
4 0 33 64 27 9 0 9 
2 7 11 51 35 4 1 8 
2 3 19 69 47 1 8 5 
8 5 65 68 62 7 1 0 
4 8 21 39 31 4 4 0 
8 6 30 56 38 2 2 4 
3 8 23 45 40 0 8 8 
4 2 71 46 27 1 1 8 
0 4 47 22 45 8 1 7 
5 0 0 23 65 9 8 8 
6 5 31 29 19 2 4 9 
2 6 50 30 57 0 5 8 
6 2 31 51 63 4 3 6 
3 1 37 57 55 9 8 7 
2 0 6 62 18 0 8 4 
2 5 29 34 70 6 5 9 
2 7 53 47 76 5 0 6 
0 3 56 53 47 6 2 9 
4 4 40 44 32 7 4 9 
3 2 44 61 21 9 2 4 
9 3 35 45 26 4 8 2 
3 2 35 56 56 0 1 7 
7 3 45 50 55 3 9 7 
8 3 37 61 53 2 2 8 
7 7 23 53 38 9 4 3 
3 7 62 45 45 6 1 5 
8 1 25 62 47 7 8 1 
7 5 9 18 83 7 1 6 
9 3 0 54 50 6 2 1 
5 6 21 57 49 4 1 9 
5 2 41 46 43 4 6 4 
4 1 47 62 25 9 8 0 
5 3 25 77 76 0 1 4 
8 6 29 38 41 5 8 6 
0 5 17 72 73 1 0 7 
9 9 32 64 55 0 0 6 
9 6 24 56 67 5 3 8 
2 3 38 33 65 2 9 6 
7 5 69 64 42 4 5 7 
2 9 34 50 25 5 5 8 
7 9 5 58 12 4 0 3 
9 0 43 91 87 6 2 3 
4 5 8 63 68 6 1 8 
2 2 17 69 37 5 7 8 
5 2 14 75 28 8 1 5 
7 0 31 16 48 9 1 4 
8 7 0 36 73 5 2 3 
9 9 37 90 46 5 1 7 
2 7 40 55 27 2 2 8 
6 0 19 76 71 1 0 4 
2 3 19 61 69 2 9 1 
9 6 7 52 58 3 4 4 
7 6 0 64 76 1 1 7 
2 2 7 74 30 3 3 7 
8 5 37 58 50 3 2 2 
6 1 51 72 48 6 6 0 
0 9 11 50 53 6 4 1 
4 3 16 52 74 5 3 1 
2 1 19 29 59 1 8 2 
7 6 50 63 31 6 6 5 
3 9 13 70 72 6 9 2 
0 0 24 46 95 8 3 7 
9 5 25 52 77 6 3 5 
3 5 16 37 66 4 0 2 
7 3 49 49 43 1 4 5 
2 8 26 40 66 7 9 6 
6 3 18 12 22 7 9 8 
8 3 35 65 78 5 2 2 
3 0 8 41 36 0 3 2 
5 4 24 51 80 3 4 4 
3 0 50 47 54 3 5 1 
4 9 35 66 88 4 6 1 
4 7 8 51 50 6 9 6 
9 2 38 28 30 9 1 2 
3 8 26 53 85 2 2 5 
2 6 0 37 52 2 1 4 
9 2 8 40 48 1 5 1 
1 2 21 42 34 5 7 3 
4 9 29 37 38 9 3 6 
2 5 5 62 66 7 5 9 
0 1 80 97 51 9 3 3 
0 3 15 55 42 1 2 0 
6 4 42 17 46 1 0 6 
7 4 30 75 52 1 4 7 
8 5 38 44 35 6 6 1 
3 5 16 55 61 1 9 4 
5 1 45 66 46 5 6 2 
4 9 30 56 90 3 8 7 
8 5 32 49 47 4 7 8 
6 2 40 51 54 9 4 3 
0 1 22 41 52 7 8 6 
2 2 32 98 76 0 0 0 
8 2 21 34 18 6 9 7 
9 2 32 58 69 0 9 8 
5 3 13 59 31 6 8 9 
9 7 24 61 38 7 6 7 
9 4 37 38 70 9 6 7 
5 3 36 40 53 6 4 6 
6 2 58 97 65 6 5 6 
6 7 36 0 48 0 0 3 
1 4 23 12 29 1 9 6 
2 7 31 42 36 3 4 1 
6 1 0 35 41 5 5 4 
4 2 39 59 60 4 6 1 
4 5 25 32 56 0 5 9 
3 6 59 27 73 0 2 5 
9 8 40 46 46 3 9 8 
0 8 17 65 62 5 0 4 
2 9 22 57 67 1 9 5 
7 3 15 82 28 3 1 0 
4 5 20 20 72 2 2 5 
9 3 54 29 40 4 7 3 
0 2 35 67 62 3 7 2 
9 8 29 29 41 0 7 4 
7 6 41 98 49 9 2 9 
2 8 12 21 50 0 0 6 
5 3 28 75 61 7 4 8 
3 9 29 57 54 0 7 4 
8 0 37 23 48 4 0 0 
3 4 24 83 39 9 3 4 
3 0 4 56 62 3 8 1 
9 2 48 66 64 5 1 2 
4 4 19 35 48 4 6 7 
7 5 47 55 16 0 8 0 
0 9 26 44 29 2 0 5 
2 8 7 95 40 5 9 6 
7 7 46 33 68 0 4 4 
6 5 54 88 55 4 5 0 
3 9 8 73 20 6 7 4 
9 6 4 28 81 9 4 0 
6 8 37 51 78 9 2 4 
4 7 37 62 5 7 2 4 
6 1 22 72 53 0 8 0 
0 0 4 76 23 1 3 4 
2 8 46 56 34 4 2 3 
7 0 24 51 28 6 2 2 
9 7 32 75 72 5 3 2 
3 2 23 49 58 8 7 2 
3 4 14 36 92 8 6 2 
4 5 19 51 50 1 7 8 
7 6 56 63 70 2 0 6 
6 8 62 17 64 7 1 5 
2 4 24 65 40 1 2 8 
1 1 37 47 67 6 7 4 
5 8 24 70 25 0 4 9 
4 7 24 34 48 4 2 8 
3 8 8 38 24 5 7 8 
6 7 57 51 45 2 4 7 
6 4 30 24 43 9 6 5 
7 2 47 36 44 1 5 5 
2 1 70 67 77 2 5 8 
1 0 8 36 86 2 0 5 
0 8 28 85 30 8 2 8 
7 1 31 38 52 9 4 1 
5 7 46 47 51 7 5 9 
3 4 53 21 56 7 6 0 
0 0 11 84 62 7 6 8 
1 5 22 27 44 0 3 5 
8 8 0 59 66 3 5 7 
9 2 44 45 82 0 7 8 
3 1 51 67 39 1 6 5 
7 8 0 62 41 1 1 5 
0 9 15 21 46 5 6 7 
1 8 36 71 48 3 7 7 
9 4 18 93 20 8 3 7 
6 3 28 30 31 9 1 6 
9 2 34 76 58 6 7 6 
0 0 41 31 86 6 4 1 
0 2 34 34 24 8 9 5 
9 3 0 38 62 2 5 2 
7 0 46 56 31 3 5 1 
1 4 20 34 25 0 2 5 
1 5 67 43 24 5 0 3 
5 8 40 47 27 6 9 4 
2 8 35 61 31 1 2 0 
6 8 20 55 61 6 0 9 
2 7 43 47 56 0 5 4 
5 2 10 57 43 5 3 9 
7 4 28 60 57 8 1 7 
0 5 7 61 25 8 2 5 
3 5 23 56 70 0 2 8 
3 2 67 49 69 2 0 3 
9 3 12 52 81 1 8 7 
7 4 7 38 50 0 6 5 
0 0 64 55 55 0 8 3 
1 9 2 45 17 3 8 0 
4 2 59 55 43 6 1 7 
4 0 20 44 47 3 7 8 
5 7 5 77 21 4 4 9 
7 4 0 43 64 2 5 9 
2 7 0 33 39 2 2 7 
5 9 36 87 66 3 3 8 
3 2 50 23 49 2 6 3 
8 4 17 20 49 6 1 4 
0 0 11 52 51 3 6 3 
5 6 35 64 53 5 2 6 
8 3 59 49 72 0 4 7 
6 0 6 54 28 8 6 7 
7 4 7 56 73 0 0 5 
3 9 11 54 35 1 4 0 
9 6 29 57 63 1 2 5 
7 4 40 83 26 9 5 2 
1 2 46 35 66 5 2 2 
5 8 44 67 54 0 8 8 
4 5 49 37 23 3 5 0 
7 4 0 74 19 6 1 5 
5 4 6 37 33 4 6 9 
2 7 44 35 62 0 1 9 
6 5 43 57 67 1 8 0 
9 9 35 50 50 9 7 3 
8 4 10 37 33 3 3 8 
9 1 14 44 41 5 1 5 
7 1 44 66 48 8 9 1 
8 1 4 37 95 3 4 7 
0 8 21 39 60 7 1 9 
1 2 18 63 54 1 4 3 
8 8 24 82 64 9 4 4 
5 6 36 49 58 5 9 4 
0 7 66 54 48 5 8 5 
3 7 29 61 58 3 9 5 
1 7 36 55 64 2 6 8 
5 5 15 68 49 5 2 0 
0 6 53 16 67 7 4 2 
3 8 73 24 57 5 4 8 
4 0 12 80 80 9 2 7 
4 4 54 29 29 0 6 7 
1 9 30 24 63 1 9 3 
1 4 18 57 49 5 6 1 
9 5 15 56 54 7 9 6 
1 6 5 65 25 0 5 6 
1 3 33 71 76 3 3 2 
0 4 45 49 34 1 1 6 
5 0 35 48 53 4 0 5 
3 6 11 76 33 3 6 7 
8 9 22 58 49 6 8 6 
9 1 40 46 44 8 4 9 
6 5 44 18 82 6 2 5 
4 1 48 72 102 8 9 9 
0 7 53 60 56 8 9 3 
6 5 0 52 34 6 1 7 
1 5 48 48 60 9 7 4 
1 9 15 68 27 4 8 7 
1 1 43 56 73 1 5 2 
0 8 7 23 87 8 1 3 
0 4 6 0 41 9 8 7 
4 2 44 46 54 5 5 9 
4 0 45 54 61 7 1 4 
3 5 12 53 20 1 6 2 
4 4 52 41 45 5 5 5 
0 7 0 35 59 6 4 3 
4 4 49 68 70 0 0 5 
2 0 18 65 68 6 4 9 
3 4 32 44 34 9 1 1 
2 7 26 77 28 0 9 5 
2 1 33 57 27 7 6 9 
4 7 44 61 67 9 6 7 
2 9 21 68 31 2 4 6 
4 6 42 35 41 2 2 0 
3 6 33 23 76 4 9 7 
7 4 22 79 54 5 7 7 
5 4 46 53 36 6 1 0 
7 5 57 61 52 1 7 4 
1 0 17 46 57 1 0 5 
5 0 61 18 41 1 7 8 
6 1 10 61 74 3 9 1 
6 7 31 70 48 5 4 5 
4 6 28 66 53 2 0 7 
0 4 61 74 44 9 2 6 
2 5 20 56 61 6 5 6 
5 4 33 31 54 3 1 0 
1 3 17 14 69 5 4 0 
2 5 38 27 46 9 1 0 
1 6 23 57 55 9 2 8 
6 9 10 58 62 9 9 5 
0 3 22 58 44 0 8 5 
1 8 56 71 67 7 9 8 
4 0 52 41 43 4 2 5 
6 1 60 70 50 6 8 8 
0 2 59 46 56 2 1 7 
5 5 37 24 41 4 6 1 
2 2 29 27 46 2 8 2 
5 7 15 96 63 3 9 3 
0 0 33 58 56 7 7 5 
9 1 10 45 93 9 7 1 
3 0 61 44 68 2 7 7 
5 8 45 24 44 6 5 7 
3 6 33 49 48 8 2 3 
8 6 53 19 11 6 1 1 
7 4 9 43 58 6 0 5 
9 9 55 35 54 8 1 4 
2 0 5 24 15 0 6 6 
6 3 26 73 44 6 0 3 
2 0 63 57 54 6 3 9 
6 8 44 31 59 1 0 0 
6 2 46 15 25 3 7 8 
8 6 19 21 50 3 5 1 
1 0 17 61 48 7 5 6 
2 3 8 35 95 6 1 2 
9 0 1 38 76 7 1 7 
6 6 48 64 35 7 8 7 
4 3 25 63 18 5 9 8 
1 8 22 71 59 4 4 8 
8 7 28 12 78 5 8 8 
4 5 8 58 12 0 8 6 
4 1 49 20 63 4 2 2 
0 7 52 83 89 1 5 2 
1 6 0 37 47 1 8 9 
1 9 13 34 73 1 5 9 
3 4 21 38 32 7 6 0 
4 3 19 48 40 8 8 1 
4 2 62 52 71 3 1 8 
6 6 14 45 32 9 6 5 
5 7 30 90 28 7 0 4 
6 9 50 31 30 6 5 6 
1 0 51 11 37 5 6 7 
4 9 43 58 60 7 4 5 
6 4 44 83 53 3 7 3 
1 8 22 44 19 0 7 8 
3 0 27 18 66 8 3 0 
1 3 83 63 54 1 6 1 
6 8 13 49 70 0 0 0 
3 6 38 51 42 1 9 0 
4 6 46 79 56 9 0 6 
5 7 48 48 44 2 3 4 
4 0 32 24 41 0 6 3 
1 6 17 48 44 0 3 4 
9 3 24 49 45 7 5 9 
2 2 21 27 56 7 4 1 
4 0 29 61 55 5 1 5 
5 0 0 70 38 0 1 0 
8 8 61 56 62 0 7 3 
8 1 24 35 81 2 6 5 
3 0 21 100 64 3 3 3 
4 8 36 39 27 3 4 3 
3 7 29 43 65 8 1 3 
9 8 31 52 106 6 5 0 
6 7 29 48 57 4 0 6 
1 9 46 51 74 7 0 8 
6 5 60 49 37 2 9 6 
4 7 62 1 92 6 5 7 
1 3 0 38 48 2 5 7 
5 8 41 39 54 1 9 1 
4 6 24 32 60 9 9 5 
0 8 35 46 76 7 7 3 
4 8 60 56 49 0 7 9 
2 4 23 61 89 7 2 6 
0 3 14 55 59 5 9 8 
8 7 34 52 66 0 1 3 
9 5 7 58 24 7 9 2 
3 6 34 60 56 3 3 3 
1 4 34 13 64 0 5 5 
0 9 27 43 52 0 3 6 
7 4 79 47 47 6 9 5 
3 0 17 36 15 7 3 4 
8 5 62 62 61 6 9 5 
7 7 32 11 61 2 2 3 
8 9 19 29 39 0 9 6 
8 2 51 44 44 4 5 0 
5 1 38 96 52 6 5 4 
0 3 6 86 33 6 4 8 
3 5 30 35 64 3 0 2 
0 6 27 38 48 4 7 9 
3 4 1 79 41 2 9 5 
8 6 60 81 40 7 2 1 
6 8 34 39 38 1 8 7 
9 7 20 17 48 5 2 0 
2 4 37 62 77 6 1 3 
8 4 17 36 21 0 7 1 
9 0 53 71 11 3 8 3 
2 7 7 45 69 3 4 5 
0 5 18 52 27 8 4 5 
0 0 8 48 63 8 2 6 
8 1 47 52 22 5 1 2 
3 8 19 29 62 0 4 2 
0 9 28 10 32 5 5 6 
6 2 22 44 31 1 7 2 
2 4 51 55 90 8 9 0 
9 5 0 37 50 8 1 7 
4 3 29 79 12 5 5 3 
6 9 20 80 31 4 1 2 
4 0 24 46 48 0 9 3 
2 9 11 23 29 0 8 4 
9 7 23 48 24 4 8 9 
2 3 37 76 79 6 4 0 
6 7 27 49 55 3 9 8 
0 7 59 55 46 2 9 1 
0 0 16 17 53 0 9 9 
3 8 7 45 38 3 4 9 
1 8 35 47 68 8 8 3 
6 8 34 71 42 8 7 7 
9 2 44 25 77 0 5 1 
4 4 4 56 48 8 6 1 
4 5 10 68 35 7 7 2 
4 2 32 50 58 1 0 2 
3 6 14 72 40 7 8 8 
5 5 29 64 67 3 6 5 
8 0 47 46 32 1 6 4 
7 4 47 76 43 2 8 7 
8 8 7 40 54 9 5 3 
4 1 7 68 73 7 1 1 
6 4 24 76 33 9 0 7 
5 1 40 70 52 0 0 7 
1 8 24 22 55 8 9 0 
3 1 25 94 7 1 4 9 
4 8 26 82 38 3 5 5 
7 7 30 55 44 0 0 0 
4 4 30 49 25 4 3 6 
6 0 51 35 64 6 9 4 
9 9 17 47 50 2 4 7 
1 2 14 64 74 8 2 7 
5 7 22 18 29 8 3 1 
6 0 40 47 45 2 1 9 
8 1 27 69 56 8 1 6 
5 2 56 54 68 1 3 0 
8 0 0 25 72 9 1 5 
6 7 0 41 92 2 7 4 
1 1 43 28 40 7 7 3 
7 4 17 34 0 6 8 5 
8 6 33 37 43 0 1 1 
2 3 46 35 79 7 4 8 
0 5 19 71 47 2 5 1 
2 5 45 68 48 3 3 9 
1 9 55 49 54 6 0 0 
1 5 25 27 45 3 1 5 
2 6 37 41 51 7 6 0 
9 0 25 74 39 5 7 2 
4 3 14 42 46 5 2 4 
7 9 55 44 71 2 8 0 
1 6 50 78 58 5 3 9 
5 7 38 54 28 6 2 9 
5 0 20 57 50 5 5 5 
7 2 25 28 52 6 5 2 
8 9 37 52 68 5 0 1 
3 2 37 75 73 1 8 2 
3 0 41 68 27 4 1 3 
4 9 65 58 84 2 9 3 
0 0 34 56 66 0 2 0 
9 4 34 14 64 6 7 8 
7 8 11 40 40 6 4 4 
7 3 35 49 42 9 0 5 
7 5 0 88 81 4 8 1 
0 1 29 76 72 6 4 8 
5 6 15 35 22 7 7 0 
0 7 34 59 36 8 6 8 
8 5 23 67 44 5 5 5 
7 0 45 62 19 1 4 9 
5 4 14 26 59 5 4 5 
6 2 25 65 56 7 3 9 
8 6 4 43 44 7 6 9 
2 9 56 41 24 8 2 3 
0 4 65 3 47 6 0 0 
5 8 19 37 81 4 0 1 
4 6 40 27 52 9 3 8 
2 7 22 61 72 9 7 6 
7 1 3 30 69 9 9 4 
0 9 0 33 5 4 4 8 
1 5 27 36 53 3 2 4 
1 1 32 46 39 7 8 7 
4 9 13 39 25 8 7 9 
5 6 30 54 76 9 3 4 
9 8 46 62 55 0 6 6 
0 9 26 78 31 3 5 9 
0 7 53 39 54 2 3 7 
1 4 42 70 42 2 7 4 
5 6 11 24 38 6 8 6 
1 7 27 42 55 2 1 7 
0 7 0 58 26 9 5 5 
6 1 39 32 44 2 4 7 
8 2 44 27 63 0 6 8 
3 4 42 18 25 6 2 4 
6 9 16 39 37 7 5 3 
2 1 38 26 62 7 8 4 
1 2 58 31 0 0 5 6 
6 0 51 45 73 5 3 1 
0 7 28 23 14 1 7 0 
6 8 67 29 35 9 5 5 
1 2 21 51 92 8 7 9 
8 0 22 46 41 5 6 2 
8 1 6 59 41 1 1 3 
2 0 36 43 61 9 4 7 
5 7 24 52 81 7 2 8 
1 6 0 54 37 7 5 7 
5 9 29 28 31 7 8 2 
8 9 23 59 64 5 1 8 
4 3 2 20 26 2 9 0 
5 7 21 67 58 7 1 0 
5 6 1 42 54 1 3 2 
5 4 22 68 29 6 0 6 
1 2 41 53 108 6 7 7 
7 1 34 85 49 3 5 5 
1 5 36 65 70 0 8 3 
2 9 39 74 93 1 6 8 
3 1 30 41 96 4 5 4 
5 3 21 69 86 5 8 6 
5 1 8 62 60 5 0 0 
7 6 42 71 32 6 5 6 
7 2 63 37 35 1 4 5 
4 7 63 23 57 8 9 1 
1 2 32 15 89 7 2 7 
1 1 14 38 55 2 0 2 
5 0 42 35 22 0 2 2 
2 0 5 59 77 8 1 5 
0 9 37 29 44 1 0 0 
2 2 12 44 63 2 2 2 
2 3 33 28 27 3 8 3 
3 3 70 60 11 2 4 4 
7 9 6 51 56 9 4 3 
3 8 5 39 60 0 4 9 
2 4 44 55 19 5 4 4 
7 7 11 64 41 9 9 8 
6 0 58 45 46 7 7 5 
6 4 14 32 50 3 9 0 
0 2 53 81 54 7 5 3 
6 1 41 67 46 0 8 4 
0 5 46 57 53 4 9 3 
2 6 26 18 28 8 2 0 
6 3 17 39 37 4 8 2 
0 4 15 39 45 4 4 9 
1 0 27 40 61 3 2 3 
6 5 51 42 57 5 2 1 
9 8 40 65 66 1 9 0 
5 6 55 17 13 7 1 0 
1 0 33 57 62 5 3 8 
9 1 32 57 29 4 1 9 
1 7 43 29 36 2 8 7 
0 9 26 68 51 2 2 9 
4 2 37 31 87 2 3 2 
2 3 35 37 38 7 0 4 
8 9 25 60 52 9 8 1 
1 6 0 49 47 4 5 2 
9 3 16 46 62 8 5 6 
0 9 25 9 24 0 5 9 
0 0 33 51 33 0 8 3 
5 0 48 35 44 1 3 2 
4 9 29 95 56 4 4 2 
9 1 0 60 43 7 3 9 
9 0 10 18 60 6 0 8 
7 8 1 16 50 5 6 0 
0 2 24 68 36 2 4 6 
8 8 60 53 9 9 1 7 
2 9 24 38 39 0 6 2 
0 6 16 47 34 1 0 9 
9 8 41 37 60 8 1 7 
9 4 49 45 64 5 1 1 
9 4 17 35 76 0 8 1 
1 3 34 61 42 5 7 6 
6 5 44 47 87 8 1 4 
5 9 74 46 33 2 5 1 
7 2 29 36 58 6 0 9 
6 7 7 37 31 1 7 7 
6 9 26 31 14 5 3 2 
7 3 18 61 44 1 4 5 
8 5 18 36 56 3 3 3 
8 8 41 31 37 2 2 4 
7 1 0 41 69 4 3 0 
0 8 44 39 19 0 3 1 
1 6 0 18 0 0 8 7 
5 9 43 22 37 9 8 3 
8 4 31 36 69 8 2 1 
1 0 80 75 61 2 4 8 
9 4 46 22 55 9 7 0 
2 6 19 13 42 1 6 0 
2 1 0 71 16 7 5 2 
6 4 39 57 43 6 7 1 
8 5 19 40 63 2 9 7 
3 7 56 54 73 6 7 6 
5 6 62 60 8 9 6 2 
7 8 20 81 47 2 7 5 
2 6 41 50 43 1 9 8 
5 2 30 52 46 1 1 1 
5 1 51 39 39 0 2 9 
0 6 5 59 34 1 6 8 
2 3 21 51 74 7 5 2 
1 6 63 70 21 5 4 1 
1 1 22 35 42 3 0 7 
3 6 18 69 43 3 4 4 
2 0 33 45 46 3 6 0 
5 7 32 53 37 8 1 8 
1 9 34 63 50 9 2 8 
3 5 35 45 59 9 5 6 
4 8 39 37 19 3 5 4 
7 9 25 60 94 2 3 7 
7 1 23 83 93 4 8 6 
3 7 20 63 12 5 0 0 
4 9 74 70 71 3 9 4 
0 8 30 61 32 9 1 0 
0 5 0 40 59 7 8 1 
6 7 30 85 27 1 7 3 
1 0 65 61 71 4 6 2 
5 8 33 69 71 3 1 4 
3 4 45 41 40 9 4 7 
2 5 67 58 58 4 1 5 
1 0 32 60 50 3 6 2 
9 2 8 29 8 5 9 6 
4 1 38 66 60 7 7 6 
9 4 46 49 30 3 1 5 
1 4 54 24 62 2 7 2 
9 9 42 48 16 1 7 7 
8 2 36 52 67 6 4 7 
5 2 47 44 84 5 6 2 
9 9 55 33 45 4 6 3 
5 3 46 43 45 8 8 9 
6 6 37 47 41 6 6 4 
3 2 0 35 36 8 2 5 
1 6 34 49 53 2 3 7 
1 9 22 61 35 1 6 8 
4 8 35 60 55 5 8 3 
9 8 14 39 57 3 6 5 
4 0 48 63 43 6 1 8 
5 4 35 68 56 1 7 5 
4 0 29 104 42 9 1 3 
4 6 35 41 63 3 0 5 
3 6 15 50 65 0 1 6 
9 4 19 25 51 7 7 6 
7 4 57 56 64 0 1 9 
4 6 56 119 54 5 1 6 
8 4 32 38 59 1 8 3 
5 0 43 70 71 7 1 4 
0 5 26 39 35 7 7 7 
4 3 97 77 48 5 5 4 
7 3 40 54 36 8 1 6 
4 2 62 83 26 3 5 4 
8 3 17 39 67 3 8 3 
9 0 41 35 39 4 9 7 
7 6 12 47 18 7 0 9 
1 4 52 59 46 5 8 7 
6 4 36 59 27 7 8 7 
6 8 5 48 32 7 5 3 
8 2 62 51 93 6 8 2 
7 6 21 50 78 8 7 9 
5 0 54 23 45 2 7 9 
4 3 50 10 20 6 9 9 
4 6 0 43 61 6 8 1 
7 2 0 77 78 9 6 0 
7 2 37 29 15 5 1 8 
6 5 31 63 45 5 9 7 
9 6 61 13 41 2 8 9 
5 8 0 25 82 3 8 7 
8 7 26 39 76 8 5 6 
7 7 30 48 56 2 7 7 
5 5 7 51 63 3 5 4 
0 5 8 24 0 7 1 4 
0 9 22 54 27 6 8 9 
8 9 53 79 61 0 4 6 
5 5 22 49 63 0 3 2 
8 3 23 68 63 8 6 1 
6 9 63 32 28 8 6 4 
8 3 70 65 58 8 8 2 
1 2 36 32 52 7 1 0 
5 7 14 47 48 8 1 4 
3 0 0 19 55 9 1 3 
0 9 30 75 9 1 4 6 
2 2 16 43 75 4 9 6 
1 8 22 30 63 9 2 9 
9 2 14 71 60 9 4 9 
2 5 24 63 14 6 3 9 
4 6 48 98 27 9 3 6 
8 9 48 30 52 1 1 5 
9 5 26 47 49 2 0 4 
0 6 50 45 62 0 8 5 
1 0 3 63 62 2 8 1 
3 0 102 55 70 5 6 0 
1 9 51 45 75 2 6 6 
6 0 8 87 13 1 3 5 
9 2 7 42 50 9 9 2 
4 6 41 54 54 5 3 2 
1 4 39 31 36 4 3 9 
8 7 41 47 78 0 7 2 
8 7 47 73 47 6 6 6 
1 8 27 57 44 1 7 8 
1 9 55 47 43 7 7 2 
9 3 64 33 49 0 1 2 
0 0 8 69 48 5 0 7 
8 1 33 81 47 1 2 2 
0 5 68 68 68 4 4 6 
9 8 6 82 44 6 8 1 
2 2 31 47 66 3 9 0 
7 5 27 68 52 9 0 8 
5 0 39 20 74 8 0 0 
6 6 30 83 16 3 3 0 
4 4 61 80 51 6 6 8 
2 9 3 51 63 3 1 5 
6 0 59 61 43 2 9 8 
9 9 20 61 106 5 7 8 
4 7 87 79 53 3 7 4 
0 7 34 62 56 3 2 0 
2 2 48 44 31 7 5 5 
6 7 26 69 58 6 2 0 
5 4 36 29 81 1 9 3 
6 7 41 62 48 4 1 6 
4 5 42 26 31 8 4 7 
3 5 60 71 48 0 5 1 
4 0 0 42 68 4 8 5 
4 9 47 74 67 7 8 6 
3 7 22 23 65 2 4 5 
8 3 15 51 44 2 3 7 
5 6 9 28 63 0 2 7 
7 3 16 33 49 1 0 1 
4 9 26 82 47 8 8 5 
2 1 86 60 42 1 6 2 
7 8 36 38 80 0 1 1 
6 0 21 77 56 5 4 3 
0 3 7 53 68 6 9 6 
0 1 41 53 69 4 6 6 
4 0 42 41 47 2 6 2 
2 1 20 60 48 0 6 5 
8 4 50 25 62 9 8 0 
9 7 41 34 64 5 6 7 
8 7 30 29 41 1 8 0 
7 4 13 69 62 0 8 8 
6 9 36 102 39 1 9 6 
8 0 26 34 69 5 3 1 
6 6 11 43 70 9 6 5 
5 3 12 28 26 7 6 4 
0 7 16 41 39 3 9 7 
6 2 7 40 66 0 7 3 
9 3 35 8 53 8 2 0 
5 1 16 13 67 1 8 7 
2 9 36 21 55 5 4 7 
0 0 44 61 41 9 8 3 
3 1 51 39 30 4 4 7 
1 9 76 94 72 0 5 9 
2 6 33 34 68 8 6 0 
9 7 21 68 49 7 1 3 
4 7 29 74 7 5 0 3 
1 4 81 62 71 2 8 9 
4 1 13 20 46 3 6 9 
9 2 45 82 32 2 5 8 
3 6 34 39 77 5 5 7 
6 0 59 11 73 1 7 0 
1 5 0 75 39 0 5 5 
6 2 44 35 70 5 0 4 
8 1 21 40 26 4 5 6 
4 3 29 27 48 6 9 3 
2 6 40 86 35 9 8 1 
6 6 18 59 43 8 6 9 
5 7 46 37 55 5 9 8 
6 7 7 14 66 9 8 1 
3 1 50 68 75 5 7 8 
7 8 54 69 29 7 5 4 
9 0 28 62 42 3 3 6 
7 1 29 53 30 7 2 5 
1 0 10 19 50 1 5 9 
3 0 17 17 34 9 2 2 
4 4 0 26 77 3 7 9 
6 9 33 73 40 0 0 6 
6 2 47 5 70 6 3 4 
1 9 16 51 76 9 6 9 
0 1 13 2 62 7 4 6 
5 8 68 65 30 0 9 2 
4 4 8 85 37 4 5 3 
3 1 10 56 25 7 1 7 
4 7 32 62 82 1 7 1 
4 5 75 18 64 1 1 2 
7 1 13 47 63 7 0 3 
2 7 34 53 63 7 6 9 
5 5 42 52 76 5 1 6 
6 0 35 21 30 0 6 9 
3 1 41 43 31 1 7 8 
6 7 27 24 61 6 3 0 
9 5 22 28 62 5 3 3 
5 8 34 36 47 5 4 3 
9 0 6 55 45 7 6 4 
8 4 41 64 76 6 6 4 
4 6 62 14 63 9 1 7 
7 0 17 50 85 7 4 9 
7 0 23 23 44 1 2 1 
4 2 21 61 61 0 0 4 
1 7 46 37 32 3 5 9 
8 4 30 10 43 9 4 4 
3 9 0 64 53 0 7 2 
8 7 0 55 74 6 9 7 
8 7 36 47 55 9 2 4 
5 3 72 73 62 5 2 6 
0 8 11 41 47 1 3 2 
8 4 0 92 92 1 7 4 
4 1 22 65 32 7 4 0 
4 7 65 69 61 1 9 4 
0 6 25 35 68 2 8 4 
4 0 45 45 55 8 2 6 
8 6 17 30 44 0 4 1 
1 8 69 56 20 5 6 0 
8 0 36 39 32 2 1 5 
0 9 15 70 71 4 5 6 
1 0 31 42 77 4 6 2 
1 7 28 35 35 9 2 0 
4 6 24 46 62 7 2 9 
0 9 51 34 70 2 8 4 
2 1 31 63 55 2 5 3 
8 3 21 91 32 5 3 4 
1 3 46 17 74 4 1 2 
6 0 73 45 59 2 4 2 
5 8 50 60 45 9 1 9 
7 6 49 42 47 3 7 9 
0 5 27 33 72 8 0 4 
1 5 0 69 55 9 4 6 
4 3 30 64 87 7 0 3 
4 8 41 68 65 6 7 4 
0 5 47 84 79 6 0 3 
4 3 61 34 37 0 4 9 
0 4 36 25 43 6 6 3 
8 8 28 40 55 5 5 0 
3 5 36 57 49 8 3 5 
9 1 28 40 55 3 6 8 
4 9 45 53 52 8 9 0 
4 6 32 62 17 2 5 8 
2 8 50 56 31 4 3 5 
9 6 15 37 62 2 4 1 
8 4 0 71 59 9 8 1 
9 8 27 47 69 5 7 5 
5 6 35 62 69 0 7 4 
2 2 8 73 30 3 4 8 
1 7 22 81 41 6 0 9 
3 7 53 90 39 3 1 9 
2 4 34 50 4 2 0 0 
6 1 34 82 51 8 7 4 
4 9 22 82 39 5 0 3 
6 2 30 65 71 9 6 4 
7 3 33 73 68 4 8 4 
0 7 7 41 36 7 9 2 
0 3 51 59 31 4 2 1 
5 7 17 50 47 5 3 4 
7 6 37 36 78 3 9 9 
1 4 38 67 63 1 6 0 
4 3 25 27 23 3 2 6 
2 9 2 74 60 2 6 7 
3 8 37 50 31 5 1 0 
5 9 38 41 69 6 7 3 
1 6 32 25 57 4 0 7 
3 2 30 45 21 8 7 4 
2 0 31 38 54 7 8 2 
3 2 9 34 50 3 7 9 
4 3 11 38 47 6 0 4 
0 7 0 76 87 6 9 2 
1 7 33 47 23 6 3 4 
0 7 52 45 105 4 1 5 
3 1 19 52 72 4 1 4 
3 0 83 65 30 9 7 9 
7 6 53 63 52 7 6 5 
5 2 50 51 52 1 2 9 
4 5 9 38 49 6 1 5 
7 0 49 48 47 8 2 3 
9 4 9 49 59 6 3 1 
2 6 79 34 62 8 1 3 
9 4 43 22 6 6 2 8 
2 2 38 38 53 8 0 5 
1 2 32 54 48 6 2 4 
9 0 39 0 17 8 5 9 
3 4 8 64 87 4 4 6 
7 4 46 75 71 7 4 8 
3 3 35 67 29 6 1 1 
7 0 56 72 41 5 7 4 
8 8 21 47 60 1 5 7 
0 4 4 19 11 0 8 2 
7 0 34 64 45 7 3 0 
8 3 10 41 57 1 2 9 
1 3 35 21 74 4 3 0 
8 9 60 7 87 4 5 3 
5 0 34 61 49 5 2 9 
4 6 21 60 55 5 4 3 
7 9 1 20 64 8 0 8 
1 5 51 63 41 0 8 9 
5 7 24 66 52 3 1 6 
9 4 53 66 33 7 9 1 
3 2 0 69 60 4 1 9 
8 9 34 38 46 6 5 6 
4 9 51 86 49 6 9 7 
7 8 22 74 19 4 0 0 
6 7 7 73 47 7 9 6 
4 1 17 40 64 5 9 8 
8 0 24 25 88 9 1 0 
6 4 19 68 71 7 0 0 
5 3 49 25 77 0 9 5 
6 1 30 49 16 8 5 2 
4 5 62 28 46 9 2 6 
6 7 35 30 76 2 5 4 
8 5 6 26 61 8 4 7 
1 2 36 39 17 3 6 6 
9 0 44 41 56 9 2 5 
4 8 46 43 27 1 4 3 
1 6 6 78 84 1 3 7 
3 7 34 51 54 9 0 6 
9 8 18 86 49 3 7 0 
8 0 40 24 65 2 3 8 
2 8 57 18 45 1 8 4 
3 0 75 29 20 9 4 3 
1 0 62 11 18 6 7 8 
6 0 9 54 43 6 4 7 
1 5 21 77 87 3 1 4 
6 8 5 44 0 2 6 2 
3 5 45 48 9 1 2 6 
2 0 80 67 50 2 6 4 
7 8 47 56 37 4 7 3 
3 7 29 29 50 0 2 1 
5 3 67 37 61 5 3 7 
1 4 23 42 20 4 2 1 
2 9 4 73 46 3 7 7 
7 4 13 81 36 7 5 9 
3 7 52 23 53 4 1 7 
7 5 16 45 30 8 4 8 
5 1 33 67 44 7 9 3 
5 2 16 56 74 2 4 6 
3 1 23 62 46 6 7 5 
4 1 56 36 52 5 4 0 
3 0 34 65 37 6 1 5 
2 1 41 45 47 9 5 4 
5 5 35 69 60 1 0 7 
1 6 25 61 48 1 6 7 
4 0 22 87 60 8 5 7 
4 5 46 12 13 5 8 4 
5 9 38 46 49 5 5 6 
6 9 23 69 42 5 2 4 
1 3 30 44 57 8 4 3 
5 1 40 41 44 6 1 3 
2 7 35 73 41 1 5 4 
4 5 33 28 75 7 4 3 
9 2 9 48 61 4 6 5 
0 2 33 76 55 2 5 0 
5 4 28 73 20 0 4 6 
6 4 0 30 79 5 2 5 
4 9 27 46 65 4 8 7 
6 4 43 48 20 1 2 9 
8 8 17 74 54 1 8 3 
6 0 45 65 85 1 3 9 
7 3 58 73 61 7 0 2 
3 3 33 74 29 1 3 2 
8 7 26 41 46 4 6 7 
5 5 32 48 92 0 9 9 
9 7 27 54 55 4 4 7 
5 6 19 59 74 1 1 0 
7 3 82 54 44 0 8 5 
5 8 10 20 49 9 2 5 
1 2 62 88 36 7 7 0 
6 9 36 13 70 6 3 7 
7 2 45 57 59 4 2 6 
1 9 58 56 52 3 6 4 
8 6 13 47 30 0 3 8 
1 3 29 48 35 2 8 3 
2 8 0 70 65 6 4 5 
5 1 30 56 46 1 6 8 
6 3 0 47 67 2 3 2 
0 3 40 33 75 8 3 1 
3 6 33 64 41 8 7 9 
7 0 38 12 72 3 7 9 
4 7 30 51 69 6 3 4 
8 2 66 80 61 4 6 5 
8 8 17 61 48 1 5 9 
0 6 29 78 28 5 4 4 
7 8 42 51 36 6 0 2 
3 2 38 53 75 1 4 8 
8 9 19 48 52 8 3 3 
5 4 25 53 47 1 0 1 
6 7 7 39 63 8 6 0 
6 5 29 53 61 8 9 2 
7 9 41 51 31 4 4 2 
2 5 36 28 17 2 3 2 
8 1 21 62 67 2 5 4 
0 5 81 66 72 1 3 2 
4 0 48 33 35 9 7 2 
6 5 50 23 90 3 4 9 
3 2 62 93 24 2 8 9 
5 7 66 50 42 4 8 4 
4 1 17 32 52 2 3 0 
9 7 41 16 75 5 2 3 
0 0 21 27 41 4 3 5 
1 9 51 54 59 5 8 1 
8 0 0 49 46 4 7 0 
0 3 7 55 12 4 0 6 
9 8 4 49 39 7 6 1 
5 2 56 49 35 4 1 2 
3 2 25 21 38 3 6 0 
8 0 32 40 54 8 6 8 
7 0 22 54 27 5 7 5 
9 6 7 51 54 3 2 1 
9 5 56 42 38 9 8 1 
9 3 61 38 52 0 2 9 
5 9 42 50 74 2 3 1 
3 3 22 34 2 7 3 7 
7 2 29 19 44 3 6 4 
3 1 43 54 50 8 4 7 
0 5 0 71 56 7 2 2 
3 9 22 40 62 2 5 5 
2 9 23 43 56 1 2 6 
7 3 22 55 32 7 7 4 
1 4 32 76 39 4 6 8 
1 6 58 45 49 7 2 7 
4 7 44 69 34 7 7 9 
4 6 18 2 43 0 8 6 
9 0 37 62 50 4 6 7 
5 8 54 37 85 3 4 1 
5 5 29 52 76 1 1 5 
6 1 48 50 52 3 7 1 
1 5 48 30 100 5 5 0 
0 5 35 82 64 7 4 2 
0 7 4 53 83 9 3 4 
9 8 53 51 63 2 4 6 
4 3 21 74 54 5 8 2 
6 4 0 55 59 8 9 9 
1 0 30 56 10 3 6 7 
6 9 73 13 45 4 1 3 
7 9 25 74 24 2 4 6 
3 8 25 69 71 0 3 4 
0 6 68 63 35 0 9 4 
6 3 33 7 55 3 6 8 
5 7 40 50 61 3 7 0 
3 9 68 43 32 1 8 8 
1 4 47 26 44 5 3 0 
3 1 43 61 14 1 6 4 
6 4 0 51 31 4 6 8 
1 3 40 65 25 7 0 3 
5 6 38 2 91 3 1 5 
6 3 43 55 48 8 2 8 
4 8 28 58 53 4 2 3 
2 8 62 79 59 6 2 9 
9 5 10 72 41 7 3 5 
2 9 29 64 51 8 7 6 
5 6 45 41 52 0 2 1 
0 0 0 49 0 5 4 0 
8 4 23 64 79 9 5 0 
6 5 20 44 7 6 7 4 
5 6 5 39 44 1 1 1 
9 7 17 70 77 6 5 7 
4 6 35 46 53 2 2 5 
9 5 2 0 66 1 8 7 
1 6 47 59 83 0 6 5 
9 9 41 53 67 4 8 1 
4 1 57 65 49 8 5 4 
6 0 18 41 63 8 5 2 
6 2 45 0 58 2 5 7 
1 9 0 54 32 7 8 6 
6 3 3 15 17 9 0 1 
4 9 19 57 52 1 9 3 
5 2 49 38 70 1 2 9 
6 1 53 26 74 9 7 8 
5 7 18 46 42 4 7 1 
2 9 15 3 55 6 7 4 
7 5 46 24 53 6 6 7 
3 3 12 59 32 9 7 7 
1 7 19 67 74 6 0 0 
3 7 30 46 11 0 1 7 
6 2 42 33 61 6 5 6 
7 6 0 52 78 8 6 4 
6 6 31 60 63 3 6 3 
4 8 55 59 56 6 0 6 
8 8 20 25 34 0 6 6 
8 4 7 57 50 6 8 7 
4 6 36 56 50 8 7 8 
3 1 9 40 56 2 2 6 
8 7 60 84 13 7 8 3 
6 7 33 43 30 2 7 8 
3 5 24 38 57 9 1 4 
3 0 35 76 29 7 8 1 
5 7 13 67 80 1 4 2 
0 7 0 89 17 0 5 9 
0 1 4 62 47 1 8 6 
5 2 14 70 62 7 2 0 
2 4 42 64 62 7 5 8 
6 9 32 116 86 2 2 9 
8 1 18 68 51 1 2 8 
8 7 0 55 62 8 2 3 
1 5 17 77 42 5 1 8 
8 1 53 70 44 6 6 9 
4 3 0 118 38 6 4 7 
7 8 23 76 69 8 1 3 
0 3 0 57 39 6 5 9 
9 2 9 44 92 7 8 2 
5 1 12 34 79 5 9 9 
8 9 31 65 48 1 0 1 
1 4 55 49 43 2 1 4 
8 3 2 51 54 8 6 3 
8 7 34 35 28 3 2 0 
7 1 26 39 34 8 9 9 
0 1 61 38 23 3 3 9 
5 2 28 31 84 4 7 9 
7 5 31 57 47 0 6 2 
6 0 0 51 69 6 3 7 
7 8 21 60 34 4 0 3 
9 0 58 58 72 3 4 6 
2 0 49 58 59 9 1 4 
5 1 47 47 39 7 1 4 
6 9 34 38 71 7 1 5 
2 2 33 44 56 9 7 2 
7 0 42 52 66 8 2 9 
7 0 52 46 69 9 4 7 
3 3 18 15 47 7 8 4 
2 0 32 70 44 0 0 3 
8 4 29 58 29 6 3 8 
4 0 16 49 64 6 7 0 
5 7 25 65 22 8 2 3 
4 7 5 39 38 1 9 9 
3 7 3 40 40 1 9 4 
3 0 32 45 38 2 0 7 
3 0 6 79 0 2 9 2 
2 4 25 47 75 0 1 8 
4 1 41 50 65 7 8 9 
9 1 36 49 78 7 6 9 
8 3 36 27 91 8 9 1 
8 0 21 47 88 4 8 5 
8 2 48 43 33 8 0 5 
8 1 33 34 66 9 0 6 
7 4 0 50 57 6 1 3 
0 6 28 53 42 6 5 3 
5 3 54 48 43 4 2 9 
0 1 32 47 61 2 5 1 
4 8 18 45 89 5 8 0 
1 0 22 72 66 7 8 1 
6 1 33 15 31 2 2 6 
9 2 49 28 68 3 7 9 
9 7 49 31 37 3 5 1 
6 4 58 31 34 9 8 1 
8 4 7 44 60 0 7 0 
3 3 7 71 55 8 9 2 
9 5 46 39 47 5 2 5 
0 2 45 45 66 8 0 1 
1 3 20 38 49 8 5 2 
3 0 37 36 61 9 3 5 
7 9 20 35 38 4 2 0 
8 0 36 56 95 9 2 6 
6 7 38 59 51 5 9 0 
2 5 52 45 67 1 1 6 
2 1 1 46 63 0 6 3 
4 1 15 56 31 8 7 6 
2 0 29 75 28 7 4 2 
0 9 25 63 29 5 7 5 
2 5 60 69 49 2 8 1 
5 9 11 71 51 9 7 8 
0 9 50 43 61 2 3 6 
7 0 37 50 64 9 8 0 
2 4 27 60 67 4 1 9 
8 1 17 52 54 3 1 0 
6 9 33 50 34 4 4 4 
2 5 38 48 35 2 8 2 
5 2 41 46 41 7 9 4 
7 9 63 44 25 2 7 8 
2 1 12 82 43 9 2 8 
0 8 21 67 73 8 8 1 
3 2 0 49 60 1 9 7 
3 9 25 54 44 3 8 0 
8 8 27 63 44 4 3 7 
5 9 21 74 37 5 2 4 
7 5 43 29 53 1 2 5 
0 5 57 56 66 6 4 6 
3 4 0 55 59 1 7 0 
8 4 12 38 73 9 7 4 
4 3 33 43 27 8 2 2 
2 3 42 59 24 7 2 8 
2 6 59 66 72 4 3 9 
8 0 13 66 70 5 1 1 
0 4 33 41 77 9 2 5 
6 9 0 32 60 8 8 6 
7 0 0 42 56 4 6 7 
1 5 14 53 32 6 9 5 
3 0 19 45 37 7 4 5 
5 7 27 40 35 8 7 2 
4 4 20 14 65 6 9 5 
8 5 37 66 40 2 6 6 
5 4 37 63 44 7 0 5 
6 0 39 61 54 6 3 3 
7 9 6 44 43 7 9 6 
3 2 30 51 47 4 2 2 
9 7 82 39 83 6 9 8 
2 7 40 13 80 5 0 8 
5 5 30 67 65 8 5 3 
2 6 6 46 21 1 6 4 
8 5 35 68 42 5 5 0 
4 0 15 69 45 2 1 3 
5 7 1 48 69 3 5 8 
7 2 36 53 72 2 7 8 
1 8 47 4 53 3 2 0 
1 4 28 44 43 1 6 5 
0 8 20 60 39 8 0 9 
4 4 33 29 41 0 1 1 
5 1 22 11 34 3 0 1 
9 1 2 65 27 2 1 8 
6 6 0 80 56 2 7 5 
7 6 44 60 48 6 6 4 
0 5 44 55 46 9 7 3 
1 0 35 54 23 6 5 3 
7 3 59 50 29 8 8 8 
3 2 51 56 11 1 7 8 
1 8 37 66 58 3 2 0 
5 3 0 30 37 5 7 0 
5 5 24 19 50 4 7 9 
0 8 12 55 59 6 4 7 
0 7 32 52 69 8 5 2 
9 5 81 32 21 8 4 2 
7 3 17 71 61 5 3 5 
6 7 51 30 32 4 4 8 
6 2 54 51 25 6 1 0 
6 1 53 50 60 4 8 4 
2 6 29 72 66 3 3 8 
9 2 23 52 72 7 7 3 
6 9 31 0 47 9 2 4 
5 6 27 48 10 0 7 0 
1 3 37 58 39 8 1 3 
6 9 39 25 33 7 4 6 
5 3 27 13 41 1 0 2 
7 4 22 63 70 8 4 4 
7 7 26 68 81 2 2 5 
3 1 18 35 65 8 9 2 
6 5 52 36 74 8 0 4 
8 5 1 39 34 6 5 4 
4 4 20 66 32 6 5 3 
9 9 61 56 13 7 2 1 
0 3 31 49 76 7 5 8 
9 7 46 61 69 6 7 7 
2 2 30 56 39 5 4 1 
6 3 13 35 45 0 0 7 
6 2 28 38 44 5 9 0 
5 3 20 34 22 2 4 3 
1 9 0 15 49 5 1 0 
3 0 39 9 43 2 0 0 
7 4 56 22 49 1 2 2 
5 5 24 38 51 0 1 1 
3 3 27 37 16 8 9 9 
5 5 22 97 40 4 8 2 
8 9 51 46 52 0 6 8 
3 6 50 60 51 9 0 5 
1 6 30 31 55 2 4 6 
2 9 48 46 27 4 6 4 
3 7 28 56 22 0 2 4 
9 0 33 27 23 4 1 2 
6 8 29 32 45 1 2 1 
7 2 40 31 35 2 4 0 
9 5 24 83 66 8 9 7 
8 9 41 2 62 9 1 0 
1 8 34 5 72 6 9 3 
1 3 26 79 65 5 9 0 
4 9 0 62 41 2 0 5 
0 9 16 56 49 8 4 1 
3 0 33 56 61 3 1 5 
9 2 47 23 66 4 6 4 
2 3 1 39 54 1 2 3 
3 1 31 20 32 6 5 9 
3 6 25 56 29 1 5 0 
0 2 37 39 7 7 7 8 
3 9 5 44 34 5 8 7 
5 5 0 65 61 5 8 4 
4 6 6 65 51 7 2 6 
2 4 25 71 78 4 6 1 
5 2 13 48 56 1 2 8 
8 7 62 74 25 4 1 3 
5 7 14 38 32 2 6 1 
4 0 20 41 73 8 5 4 
2 1 31 80 27 7 7 5 
2 2 6 28 49 0 5 9 
3 7 10 84 65 5 0 6 
7 6 40 41 37 1 5 3 
1 6 29 33 65 9 1 7 
8 7 24 81 68 2 9 3 
4 8 16 15 35 8 1 4 
1 0 50 34 94 8 4 3 
7 6 50 28 60 0 7 9 
4 4 20 35 72 6 2 1 
1 7 0 21 41 6 7 1 
6 3 8 74 41 0 3 8 
0 2 31 31 66 4 2 5 
6 6 23 35 56 2 6 4 
8 4 17 59 29 9 2 9 
6 6 14 45 68 7 7 5 
7 8 89 49 28 8 4 3 
9 6 39 85 30 7 6 6 
8 0 19 35 17 9 9 6 
2 0 49 53 24 5 7 5 
6 1 12 46 66 9 2 9 
0 9 85 45 34 2 9 3 
9 4 44 66 64 0 0 0 
0 2 24 55 64 7 9 4 
4 0 4 42 50 1 7 1 
3 7 32 51 43 2 9 6 
1 1 58 89 37 0 2 1 
8 4 52 44 13 0 9 4 
2 2 44 31 64 2 2 2 
7 4 44 62 33 7 6 5 
3 1 0 38 32 1 5 6 
1 8 36 72 30 3 1 4 
4 8 56 75 33 7 5 5 
1 6 13 58 56 6 2 7 
4 4 33 24 37 7 8 6 
7 7 42 68 67 0 4 4 
8 6 15 22 34 9 1 1 
1 2 31 22 54 1 5 3 
7 2 12 69 32 3 7 7 
2 1 36 10 41 4 3 7 
0 7 22 39 51 9 4 4 
3 5 43 74 38 8 5 1 
9 0 52 35 61 7 9 2 
7 7 18 62 28 9 0 6 
3 8 57 66 58 0 8 4 
4 8 0 58 32 2 5 0 
2 0 26 43 33 6 1 9 
9 4 33 73 71 1 2 0 
8 6 75 79 22 9 6 0 
2 3 72 36 76 4 4 5 
3 7 63 58 40 6 0 8 
8 6 0 58 38 4 9 6 
2 1 59 30 36 1 8 2 
7 1 29 51 19 7 0 2 
0 0 9 42 50 2 4 8 
6 7 10 14 48 7 9 8 
9 1 3 26 84 6 9 9 
2 1 67 50 61 5 6 3 
3 2 12 31 51 3 2 2 
8 4 43 31 75 3 3 8 
0 6 25 43 24 9 4 3 
7 3 26 43 15 3 1 0 
0 2 3 58 10 9 8 0 
3 9 35 44 80 7 9 7 
6 6 43 5 113 8 5 2 
3 1 48 30 45 5 8 4 
8 7 36 77 27 3 4 8 
5 4 50 10 65 2 7 6 
5 9 12 41 58 9 7 9 
8 2 49 50 25 5 1 5 
9 1 69 36 64 1 5 2 
5 6 46 26 81 5 0 4 
0 6 50 30 47 3 8 7 
1 2 0 28 43 9 8 1 
4 4 11 61 25 9 0 5 
9 0 48 9 35 9 6 8 
3 3 43 61 60 9 8 3 
9 0 44 61 62 2 1 2 
0 5 30 46 88 6 6 9 
6 8 37 48 34 7 6 4 
4 6 38 48 54 2 2 5 
7 0 29 81 52 3 4 7 
3 7 9 68 42 3 0 9 
6 9 14 54 44 3 0 0 
5 6 35 69 43 2 7 5 
2 0 36 49 44 0 3 2 
4 8 47 53 68 0 8 6 
5 5 42 43 38 2 8 1 
8 7 65 26 49 0 9 5 
3 4 24 16 70 1 5 6 
7 6 20 83 59 3 4 9 
0 7 14 55 27 5 0 4 
1 6 35 17 57 2 9 4 
0 9 49 56 58 0 3 3 
3 2 51 15 38 8 1 0 
9 6 9 45 64 8 5 9 
8 5 16 104 31 9 1 6 
2 0 34 45 83 3 9 1 
0 1 46 32 54 1 9 8 
1 4 39 55 44 3 5 3 
0 7 44 48 31 8 4 3 
3 3 3 30 52 0 5 7 
6 9 37 37 43 3 6 5 
5 7 10 27 66 6 3 6 
9 7 23 32 56 4 0 4 
9 0 49 43 21 6 3 4 
7 1 0 59 18 8 7 3 
8 6 32 25 39 4 2 9 
4 2 29 45 48 6 4 7 
7 7 31 52 62 6 1 7 
9 3 52 31 7 4 0 5 
3 3 45 65 31 5 3 8 
0 0 1 32 50 8 2 4 
9 4 43 79 63 2 5 6 
8 7 44 28 16 4 5 7 
8 8 36 39 49 9 6 5 
1 1 29 77 56 0 6 1 
0 4 4 49 29 9 7 2 
5 8 0 33 23 3 9 0 
6 9 0 65 56 0 9 8 
2 2 20 88 0 3 5 3 
8 5 23 17 59 2 1 9 
4 5 41 42 25 0 4 4 
0 8 31 63 33 0 3 1 
7 2 51 53 48 6 0 1 
8 8 44 62 77 7 0 0 
4 4 27 52 14 4 3 2 
0 8 28 9 46 0 6 9 
4 9 22 37 33 8 3 2 
9 8 28 74 70 3 1 3 
5 7 5 57 25 9 2 4 
7 1 5 59 54 6 6 3 
0 8 6 60 54 7 1 0 
8 9 22 93 27 9 7 1 
9 3 48 65 84 9 5 0 
8 5 31 37 48 4 6 6 
3 7 13 54 53 8 0 1 
0 0 17 78 57 0 3 0 
4 4 55 48 93 7 9 6 
1 0 33 52 83 1 8 0 
8 1 0 30 27 0 3 6 
5 0 62 57 26 6 1 6 
4 9 24 58 69 1 1 7 
5 5 2 65 43 0 2 3 
2 6 31 77 47 7 0 6 
2 2 53 42 29 2 0 2 
3 6 58 51 78 8 5 4 
7 8 31 72 31 8 0 0 
7 6 15 100 53 9 6 1 
4 8 60 70 38 3 5 1 
4 6 23 64 33 2 1 3 
2 8 37 82 77 9 8 2 
7 0 15 59 48 2 1 3 
3 4 63 37 0 7 7 1 
2 2 54 37 102 6 4 5 
7 9 32 54 40 2 2 4 
8 9 31 79 38 5 5 6 
0 1 71 35 25 6 5 6 
3 2 7 59 60 5 1 1 
7 9 53 66 18 2 4 7 
7 1 19 28 58 9 4 7 
4 6 23 34 55 5 1 4 
2 2 38 56 50 8 5 8 
3 7 25 62 31 3 6 9 
4 3 42 69 53 5 4 8 
3 3 9 37 42 7 2 6 
5 1 38 44 33 1 8 4 
1 9 34 42 48 5 8 8 
3 1 32 29 60 1 7 3 
4 0 64 64 28 4 0 8 
4 3 59 63 74 0 5 2 
2 0 22 57 23 7 5 6 
5 2 0 38 69 8 0 0 
8 7 36 61 57 8 6 4 
2 0 23 36 81 4 9 9 
8 1 41 53 72 3 6 2 
2 4 75 31 72 1 9 8 
1 1 18 35 64 5 0 8 
7 8 53 71 64 5 9 2 
2 0 37 68 52 1 9 1 
8 4 28 48 15 8 2 9 
5 3 0 51 60 2 2 5 
9 9 15 33 50 6 6 5 
5 2 17 28 62 6 0 5 
1 9 11 58 40 0 8 4 
7 6 29 24 42 8 4 8 
7 9 25 30 48 6 8 6 
3 7 27 42 33 1 0 0 
7 2 6 56 55 9 2 3 
2 2 22 73 48 1 5 1 
2 4 27 38 65 9 5 7 
6 3 27 50 54 7 6 2 
5 3 54 29 89 3 6 3 
7 2 29 64 33 2 0 4 
0 2 15 44 69 2 9 8 
6 7 47 46 54 9 5 6 
5 9 9 62 65 7 6 1 
3 2 29 44 22 7 4 9 
1 8 41 26 65 2 9 9 
2 3 44 56 46 2 0 0 
0 9 34 43 40 8 3 2 
7 2 26 33 23 1 0 6 
1 5 50 49 68 7 2 2 
6 5 42 65 46 1 3 0 
3 1 45 44 46 4 1 4 
3 5 32 23 32 1 8 9 
8 9 15 51 35 2 7 9 
8 8 8 42 68 4 8 6 
0 1 53 44 61 3 9 6 
6 9 40 73 66 8 8 3 
9 3 46 45 34 1 7 2 
4 3 67 42 77 5 4 4 
7 9 13 50 22 1 3 3 
5 9 22 21 51 1 3 6 
7 3 34 61 105 5 3 7 
4 3 41 54 51 4 2 0 
6 9 39 40 51 3 2 3 
3 6 34 29 58 2 9 0 
1 0 44 28 66 2 2 8 
4 5 26 51 99 3 8 6 
9 5 4 62 70 7 5 6 
8 8 27 27 31 3 7 5 
8 6 40 31 53 0 6 2 
9 2 31 25 74 9 2 6 
2 7 42 48 42 8 0 5 
9 2 37 45 0 8 1 4 
1 3 61 38 67 1 1 1 
6 4 38 44 63 7 4 2 
2 7 37 35 71 6 5 2 
4 6 6 26 24 0 6 6 
8 1 3 15 61 0 0 0 
8 3 28 38 70 9 4 1 
4 8 36 80 41 3 7 7 
9 4 15 41 36 0 2 3 
8 8 2 65 45 6 8 4 
1 4 36 89 23 0 5 2 
8 3 22 57 34 5 6 6 
6 5 40 41 49 7 7 7 
1 4 33 79 9 3 2 5 
7 2 47 68 49 7 7 3 
5 7 25 38 116 2 0 9 
7 9 25 76 42 6 9 8 
4 6 0 52 5 6 3 2 
1 4 11 66 74 2 7 1 
4 8 48 38 65 1 8 1 
5 1 69 34 42 5 4 7 
5 4 51 46 19 1 6 5 
5 3 30 37 56 2 8 0 
3 6 19 12 62 7 7 3 
2 5 51 22 54 4 1 0 
7 4 17 53 90 4 9 9 
0 7 9 59 45 5 2 5 
1 1 24 71 42 1 7 4 
2 0 0 29 48 8 8 9 
4 5 50 86 64 3 2 8 
6 1 53 53 5 4 9 4 
8 4 22 32 72 1 9 7 
8 1 52 34 48 2 8 5 
7 7 45 46 63 7 7 9 
1 3 13 29 63 7 6 6 
4 8 26 59 50 5 3 8 
9 7 25 54 17 9 9 0 
1 9 41 35 49 1 6 1 
3 3 59 50 14 2 9 6 
3 9 25 43 69 8 8 7 
2 6 10 45 99 6 7 3 
9 6 10 77 49 5 0 9 
5 7 49 65 11 5 3 2 
3 7 67 33 40 9 9 8 
1 8 0 73 69 9 4 7 
1 4 24 51 41 5 9 6 
7 0 34 69 63 0 4 3 
6 1 15 62 43 5 7 8 
1 5 61 36 34 2 6 1 
1 7 57 58 35 7 4 8 
2 8 0 29 54 9 8 9 
2 3 0 49 30 2 3 9 
6 9 35 65 33 8 6 5 
8 8 52 41 73 8 6 8 
2 2 25 12 21 1 7 4 
2 7 0 60 59 6 6 9 
7 4 50 52 8 2 6 7 
6 8 30 60 60 4 4 4 
9 0 9 41 51 7 2 9 
0 9 11 59 67 9 0 1 
2 1 0 55 61 6 2 4 
9 5 40 68 40 7 9 8 
5 1 32 45 53 9 5 9 
1 9 26 44 44 6 6 2 
6 8 34 60 45 1 9 7 
9 2 46 38 39 6 2 2 
6 0 40 49 62 0 7 4 
4 9 12 29 16 3 6 6 
6 1 45 47 40 6 1 0 
7 3 44 65 23 4 0 7 
7 4 48 69 55 8 8 0 
1 8 20 63 27 2 1 6 
2 4 29 28 49 2 5 5 
9 5 26 54 33 2 1 8 
3 2 74 60 82 2 5 9 
1 2 35 41 85 9 6 5 
9 6 34 63 85 1 7 5 
7 2 8 77 53 0 4 2 
2 8 45 28 15 7 5 3 
1 3 46 118 41 7 9 2 
1 9 69 62 21 1 9 1 
2 5 29 32 64 3 9 4 
3 1 27 64 35 4 0 8 
1 6 0 0 58 5 7 7 
7 5 43 66 25 2 5 4 
8 0 53 63 77 0 8 9 
4 7 47 69 63 4 0 8 
3 7 1 56 41 9 0 7 
5 2 56 2 17 6 0 8 
8 7 0 61 54 0 1 3 
7 0 2 35 57 0 6 8 
3 6 34 35 24 7 8 8 
8 6 3 41 49 0 8 6 
0 3 0 60 53 9 9 2 
4 9 49 18 45 8 4 4 
8 3 38 43 47 0 5 0 
3 3 0 72 15 4 2 0 
7 6 42 65 43 0 3 3 
0 5 36 65 21 0 5 8 
4 1 0 54 35 0 3 1 
4 3 4 58 42 2 1 7 
5 7 37 54 53 6 4 7 
0 8 27 68 44 7 3 6 
5 7 27 18 69 0 2 1 
6 8 17 54 52 0 8 7 
6 8 21 66 24 2 0 9 
7 3 52 46 56 6 3 0 
6 3 18 45 47 5 4 2 
8 3 22 43 43 0 8 2 
4 6 50 41 56 2 3 2 
5 2 52 52 56 1 3 0 
1 9 27 78 41 8 0 8 
7 4 31 70 83 0 6 2 
8 9 2 69 38 4 7 6 
1 1 30 47 42 6 1 6 
1 5 24 20 57 8 6 0 
6 4 18 39 41 2 5 7 
0 3 8 76 9 8 7 3 
2 5 0 20 86 9 5 7 
0 3 22 66 54 8 1 3 
2 3 0 52 73 5 6 8 
8 7 38 22 79 3 2 2 
4 5 0 71 37 5 5 1 
0 7 16 35 66 1 3 9 
5 4 0 34 46 9 5 6 
6 9 0 55 73 4 8 5 
8 9 17 25 14 0 7 9 
0 2 55 57 45 0 1 0 
3 3 19 54 36 4 1 8 
2 7 51 61 33 3 8 3 
1 5 72 48 71 7 5 0 
7 4 53 35 64 5 4 7 
4 1 0 82 67 5 8 0 
7 6 17 28 64 3 5 6 
9 9 2 56 29 2 1 9 
2 1 31 72 49 9 6 0 
1 3 35 33 49 4 3 4 
7 1 29 40 45 9 7 0 
1 5 46 68 94 6 0 2 
2 1 36 53 14 8 1 0 
9 0 31 62 61 8 0 5 
5 0 39 37 48 1 7 8 
0 6 74 54 75 3 1 4 
1 4 69 73 70 6 6 8 
9 8 27 61 24 2 8 2 
4 4 25 29 46 0 3 1 
1 6 39 64 34 2 8 7 
6 6 25 59 33 0 5 9 
2 0 42 33 67 3 8 8 
9 0 4 50 54 8 1 0 
3 2 49 48 32 6 0 0 
1 6 41 38 54 7 2 1 
5 2 14 45 84 7 8 6 
0 5 26 60 65 6 1 3 
6 9 35 63 103 0 5 8 
5 7 11 41 76 5 7 9 
8 8 3 46 55 5 8 4 
3 4 23 63 52 8 3 0 
4 0 42 45 54 9 1 8 
4 1 26 63 65 4 4 8 
0 9 57 18 28 3 8 4 
3 0 46 49 45 4 6 2 
2 4 8 41 62 6 7 2 
1 8 32 61 96 5 1 9 
2 2 8 53 72 1 1 7 
1 4 37 105 41 2 8 2 
2 9 34 57 89 9 0 1 
8 9 2 14 54 1 8 7 
2 9 26 69 29 6 8 3 
4 6 26 50 65 2 6 0 
7 8 30 54 32 7 0 6 
1 6 53 66 40 7 8 4 
4 9 6 57 25 1 2 4 
9 0 9 46 32 9 8 0 
5 1 20 25 30 3 6 5 
6 9 58 76 75 4 8 9 
0 2 40 51 64 1 8 0 
4 9 41 29 67 2 5 4 
8 5 37 28 82 8 0 0 
7 8 30 42 43 5 9 9 
6 9 31 51 56 9 9 4 
5 7 72 43 48 7 6 3 
9 1 56 46 38 9 7 2 
2 4 36 61 79 3 2 9 
0 0 5 82 63 1 5 3 
3 3 39 60 101 1 8 2 
0 6 0 8 68 9 6 3 
3 7 29 29 40 6 1 0 
5 4 0 36 51 4 3 9 
9 1 21 24 65 7 6 0 
0 8 34 40 55 7 6 1 
6 0 15 44 66 1 0 0 
8 3 14 51 63 0 2 2 
3 3 59 16 81 2 1 3 
8 9 35 81 36 0 3 0 
2 8 61 54 58 6 3 0 
6 3 29 25 58 9 9 2 
3 7 18 58 7 8 4 5 
7 8 35 47 90 9 5 8 
2 0 65 71 50 8 0 7 
9 0 49 51 26 8 1 8 
5 9 0 62 0 2 4 0 
6 8 36 69 32 9 3 7 
3 0 32 58 47 3 3 5 
7 9 10 38 7 6 3 0 
3 4 30 54 29 9 9 8 
2 9 11 46 42 8 6 4 
2 8 11 33 44 8 4 8 
9 6 42 51 48 3 3 5 
0 3 59 70 51 9 0 2 
6 8 43 64 58 2 9 5 
9 3 17 77 55 6 1 7 
1 4 50 43 56 3 9 4 
9 0 29 82 62 3 5 4 
8 0 8 38 68 5 6 5 
0 0 49 37 22 3 5 6 
7 4 51 63 64 9 7 4 
6 5 35 50 51 8 9 9 
5 4 26 45 34 7 2 6 
5 4 59 68 69 5 6 7 
7 0 0 87 53 8 9 5 
4 7 5 67 45 6 2 9 
1 4 18 69 72 8 8 2 
5 5 52 14 50 4 6 8 
2 0 38 16 60 2 0 1 
0 3 14 93 31 2 4 1 
3 8 19 42 0 3 4 5 
1 2 19 67 89 7 2 6 
0 4 24 68 50 0 3 1 
8 9 51 67 52 2 0 2 
7 2 26 92 62 4 9 0 
2 3 21 77 33 0 5 1 
0 6 11 20 59 4 3 5 
1 4 27 16 75 7 9 3 
3 1 32 45 38 1 2 2 
8 0 40 55 17 1 6 6 
1 0 29 40 62 9 0 9 
8 4 18 68 20 4 7 0 
4 3 24 60 78 5 4 8 
5 2 19 29 33 3 3 1 
6 1 16 49 44 1 0 0 
8 9 19 80 59 6 7 0 
9 9 62 52 38 7 3 8 
0 9 20 34 10 9 1 7 
4 8 34 70 55 4 0 5 
8 4 56 57 51 6 3 8 
6 2 42 53 38 8 0 3 
7 9 31 29 56 3 4 3 
3 8 28 33 21 5 5 3 
5 1 55 39 75 0 7 8 
6 6 87 70 70 1 9 1 
2 6 37 53 62 0 0 8 
0 0 49 53 66 2 0 8 
7 1 44 76 27 9 7 7 
1 4 14 57 60 3 9 8 
4 0 70 62 53 9 8 4 
5 5 45 48 40 7 1 5 
7 8 51 36 47 4 8 3 
3 4 11 25 55 0 4 7 
9 0 86 69 29 8 6 5 
8 9 6 57 51 1 3 1 
2 0 37 54 49 2 5 7 
4 5 33 40 72 1 3 7 
7 1 30 15 33 4 4 3 
0 6 57 37 59 6 5 1 
9 4 63 52 48 0 7 2 
4 3 23 61 23 9 6 3 
6 9 52 62 69 6 6 0 
1 9 12 48 57 6 5 8 
5 0 21 34 43 6 9 3 
2 6 0 33 75 8 2 8 
1 5 44 80 29 9 1 9 
8 0 3 14 36 3 2 8 
7 8 40 61 92 0 2 7 
9 0 48 26 13 2 2 2 
0 6 69 35 39 5 0 5 
6 6 41 39 38 4 1 2 
6 0 21 20 53 7 9 5 
0 5 3 50 50 4 3 1 
9 3 24 55 67 9 1 0 
7 3 16 77 22 3 8 5 
6 7 32 37 67 4 2 6 
4 4 80 60 46 5 7 6 
6 0 0 30 48 2 8 7 
3 0 25 27 52 5 9 6 
9 7 9 58 22 0 1 7 
9 8 26 25 50 5 1 3 
2 1 0 50 74 8 7 5 
5 1 60 29 24 7 0 0 
3 9 30 53 43 2 2 6 
9 8 23 58 42 3 4 5 
0 4 31 59 40 1 1 5 
0 4 35 28 75 5 7 7 
1 1 38 34 88 0 7 8 
8 2 24 61 40 1 7 0 
7 6 0 79 45 4 2 9 
3 3 12 17 32 2 1 7 
1 7 43 63 62 0 9 3 
9 3 19 62 32 7 7 0 
5 9 17 80 119 1 9 0 
9 2 14 44 45 3 4 5 
9 0 31 55 42 4 0 2 
9 0 47 65 46 9 1 7 
6 7 14 39 28 0 0 3 
7 4 61 48 0 7 9 3 
7 7 13 46 81 6 6 9 
8 7 44 52 0 7 3 6 
7 6 34 26 68 6 3 9 
7 2 72 60 21 2 4 2 
6 5 49 90 45 5 4 3 
2 4 58 23 26 3 8 1 
3 9 22 28 73 0 0 9 
4 7 39 67 54 2 6 4 
9 4 46 64 43 4 6 2 
7 1 40 66 78 4 7 9 
7 0 35 38 22 7 2 4 
7 1 14 94 57 9 2 9 
5 8 11 86 28 8 4 6 
4 0 34 47 54 5 7 2 
1 8 30 52 39 3 6 8 
6 5 24 34 0 6 6 2 
2 7 41 4 89 7 1 6 
7 9 0 30 76 6 2 6 
7 3 5 45 59 3 0 3 
3 1 8 75 58 4 7 9 
9 7 27 42 30 1 1 9 
6 5 16 0 50 1 6 0 
7 2 0 47 39 4 0 1 
1 4 58 60 43 0 5 0 
4 0 10 42 44 3 6 4 
4 0 61 31 46 8 2 7 
9 4 27 37 30 7 7 9 
5 2 18 45 48 1 8 4 
3 5 56 47 63 7 6 7 
3 9 47 63 41 4 2 3 
0 2 36 57 40 4 8 6 
5 9 36 60 40 2 7 5 
3 7 14 59 58 3 8 4 
6 6 54 49 20 9 6 9 
8 2 33 38 33 6 0 3 
7 9 18 17 81 7 3 8 
9 0 15 73 44 7 7 9 
9 2 68 83 86 4 2 7 
7 2 17 21 30 4 5 1 
2 9 56 72 50 5 7 4 
5 2 15 56 48 4 8 2 
2 7 47 49 3 6 2 3 
7 4 25 74 54 0 1 1 
5 1 35 27 60 4 5 9 
0 4 36 33 80 9 1 1 
4 2 25 39 48 3 9 4 
1 7 51 40 40 3 6 5 
0 0 60 84 39 0 4 5 
0 9 15 55 28 2 1 7 
8 8 25 77 70 4 3 5 
0 1 15 8 69 0 8 4 
0 4 36 44 44 2 8 5 
3 4 9 56 21 8 6 1 
1 8 38 51 77 5 2 9 
1 5 45 89 53 4 8 1 
1 3 27 44 32 0 6 7 
8 8 15 60 73 0 7 7 
5 4 5 2 54 1 5 1 
0 7 13 71 58 8 5 8 
0 7 33 63 54 6 1 1 
8 2 45 67 29 5 2 8 
8 3 1 37 43 0 0 4 
8 6 51 45 45 4 6 7 
1 9 46 55 65 4 7 4 
4 2 23 26 24 5 9 5 
8 9 41 24 56 1 0 9 
5 6 44 43 29 2 4 9 
2 2 48 82 30 2 3 9 
1 9 54 43 40 5 1 6 
0 1 31 49 39 9 5 6 
9 7 27 32 57 6 2 8 
6 2 47 72 61 5 9 4 
6 7 25 45 56 8 0 4 
8 5 25 80 67 6 0 4 
9 9 24 28 59 6 7 7 
2 6 13 37 41 4 0 8 
1 3 14 51 36 8 2 7 
8 7 19 74 59 6 1 4 
1 4 58 59 29 7 0 1 
9 4 30 73 47 9 4 4 
0 3 17 51 44 0 7 8 
9 7 42 88 69 2 1 0 
7 4 58 47 74 6 9 7 
0 1 33 64 57 5 9 0 
9 2 50 42 73 4 8 0 
1 8 37 70 41 8 1 0 
2 0 48 66 36 0 2 8 
4 0 58 48 69 6 3 4 
0 4 41 48 85 9 9 2 
4 4 16 54 49 2 2 3 
9 9 32 32 72 7 4 9 
4 5 7 28 53 4 9 1 
2 3 32 32 37 2 3 6 
1 1 17 30 37 8 6 1 
4 5 20 67 71 8 3 2 
4 1 23 63 41 4 2 2 
6 6 14 29 48 4 9 3 
8 8 63 24 42 9 1 3 
0 7 55 60 51 9 3 1 
9 2 16 30 67 0 2 0 
8 4 14 71 74 6 6 1 
2 1 38 69 73 0 0 6 
4 0 40 50 75 3 8 0 
3 6 40 61 0 3 5 0 
1 7 32 52 79 7 4 0 
2 2 0 23 53 6 1 3 
1 7 23 44 54 0 6 6 
0 5 0 38 86 1 1 5 
6 8 0 47 26 5 3 1 
8 6 2 38 97 7 8 5 
2 7 9 23 45 7 1 6 
4 3 25 41 49 3 0 0 
2 7 35 16 47 7 8 2 
7 0 0 53 66 1 3 0 
9 0 50 64 44 3 3 8 
3 0 42 37 10 1 7 0 
8 9 11 44 56 0 5 0 
4 7 37 88 14 7 8 3 
5 1 58 31 56 5 9 8 
6 6 1 49 60 4 4 5 
4 4 44 43 72 7 5 0 
8 9 0 31 61 1 7 4 
0 8 35 42 34 5 7 9 
2 5 33 82 33 4 5 7 
8 2 0 53 36 1 5 2 
3 9 23 69 47 8 8 3 
0 8 46 66 56 5 1 6 
8 6 32 18 35 7 1 0 
7 5 60 33 77 1 1 0 
4 1 0 72 20 6 4 0 
2 8 24 35 47 7 9 8 
1 2 45 47 52 7 8 2 
1 1 30 34 63 1 8 8 
1 1 40 39 41 7 4 7 
5 5 48 71 35 6 4 6 
3 1 32 83 77 0 9 2 
3 4 23 22 63 5 8 9 
9 4 26 0 37 7 9 9 
1 6 48 58 62 0 0 0 
3 7 53 76 53 6 1 3 
1 2 15 36 25 2 4 4 
2 2 76 27 23 1 3 1 
0 4 51 25 33 3 4 8 
3 6 15 45 49 2 7 1 
1 5 68 42 25 8 2 6 
3 1 40 37 48 1 8 1 
6 9 10 92 58 3 3 9 
4 8 2 52 45 1 9 0 
9 1 24 35 52 3 2 0 
6 7 17 63 66 0 3 7 
6 5 18 60 28 0 7 5 
4 1 42 94 48 3 9 8 
6 7 41 57 53 2 0 1 
1 7 0 66 47 5 4 8 
8 0 41 33 23 5 3 7 
8 7 33 29 72 4 0 6 
7 3 39 75 33 6 3 0 
4 0 40 42 30 7 3 0 
9 4 26 72 62 6 5 8 
8 6 41 22 54 5 2 0 
3 9 19 54 50 8 7 1 
8 7 0 18 41 1 9 6 
8 3 3 24 40 6 2 3 
2 0 19 28 66 9 2 1 
2 3 56 45 66 3 0 4 
8 7 58 40 50 7 3 7 
6 1 26 59 43 6 1 5 
4 3 0 62 44 0 9 1 
3 7 19 40 38 1 5 4 
3 9 17 44 86 4 4 9 
6 8 65 53 67 3 7 9 
0 4 30 77 50 8 3 1 
8 0 14 50 19 9 6 9 
2 7 73 71 42 2 8 7 
9 5 20 52 50 2 1 0 
4 0 2 71 73 8 0 4 
9 8 43 51 67 3 2 2 
4 0 42 29 57 9 3 4 
4 2 28 45 38 9 7 3 
2 4 25 68 34 9 2 5 
6 5 0 14 53 7 2 4 
0 7 24 38 49 6 1 8 
0 0 6 58 66 1 3 0 
9 6 19 56 34 6 3 7 
8 0 1 56 30 0 1 8 
7 7 41 42 10 3 6 0 
5 5 0 30 60 6 9 2 
0 7 3 60 48 4 0 5 
4 3 52 55 21 0 1 0 
3 8 0 62 58 7 5 7 
5 0 40 62 42 1 4 2 
1 7 24 68 50 2 0 4 
1 4 11 58 41 7 3 2 
3 6 8 60 60 2 1 5 
8 7 38 61 53 0 6 9 
6 6 16 40 65 1 1 8 
3 0 30 60 34 5 4 6 
0 5 22 63 51 9 1 2 
6 0 53 33 25 6 5 8 
2 2 34 76 59 1 8 7 
0 2 4 65 37 8 2 5 
7 1 37 75 16 4 8 0 
7 5 42 26 49 1 3 9 
8 7 31 45 18 7 9 6 
6 2 0 53 76 8 7 0 
3 5 36 54 68 1 8 3 
7 8 21 78 31 7 5 8 
7 3 0 19 26 7 8 2 
1 6 43 25 15 0 6 7 
3 4 60 24 36 7 8 4 
1 5 17 44 42 9 6 4 
8 8 30 57 80 4 4 6 
7 0 27 51 64 0 1 3 
0 0 0 44 63 8 3 2 
0 5 58 23 73 4 1 2 
6 3 47 37 104 4 6 5 
7 4 17 48 63 3 2 8 
3 7 65 52 46 5 7 6 
3 7 45 45 15 4 1 1 
9 0 10 23 37 1 7 3 
3 6 33 60 73 7 5 7 
2 1 0 51 64 4 2 5 
6 8 0 20 23 1 4 8 
3 0 0 53 13 4 9 7 
1 9 34 56 62 3 5 8 
2 6 39 36 63 9 6 2 
5 5 25 53 44 8 1 1 
0 5 50 55 27 6 2 4 
4 8 49 8 48 2 1 8 
3 5 29 33 72 3 5 6 
1 4 59 49 53 9 4 1 
4 7 29 36 15 9 2 0 
1 3 18 63 58 5 6 9 
1 0 23 61 78 0 7 2 
3 9 44 81 76 7 7 5 
7 5 16 67 25 3 6 7 
2 1 17 72 67 4 9 2 
1 9 0 105 53 2 1 0 
7 5 15 37 80 0 5 8 
3 9 21 36 33 2 7 8 
1 2 54 49 87 0 4 7 
1 4 32 51 39 9 4 3 
1 6 52 16 34 7 6 9 
0 4 27 45 20 6 0 5 
3 8 31 64 36 5 8 1 
9 9 10 45 24 7 5 1 
4 3 35 34 13 4 7 4 
2 8 20 30 39 9 4 6 
6 9 23 74 47 8 6 6 
5 5 34 71 55 0 2 1 
9 0 29 38 33 9 9 6 
2 5 8 58 51 9 0 7 
2 7 2 51 52 1 5 2 
7 1 48 41 26 7 3 0 
7 9 41 58 13 4 7 7 
8 8 30 31 38 4 4 5 
1 0 39 42 23 0 5 0 
5 4 11 48 68 8 3 3 
4 0 26 67 26 8 7 5 
1 2 40 63 36 6 8 3 
4 7 29 16 62 8 4 1 
3 0 40 41 55 8 9 2 
8 9 9 41 43 6 3 0 
0 2 34 72 23 8 9 5 
4 5 46 67 76 3 1 3 
3 8 27 24 61 0 9 3 
0 4 67 57 18 5 6 2 
4 2 27 38 31 3 0 7 
4 1 52 39 52 0 1 5 
3 4 39 64 73 5 4 8 
5 3 16 39 63 7 0 7 
9 4 69 50 68 3 1 8 
0 9 52 13 87 3 6 0 
5 4 24 44 28 9 3 4 
6 1 27 43 89 5 5 8 
2 2 6 39 39 3 6 8 
8 1 35 67 8 8 4 5 
2 5 47 43 22 9 8 8 
1 5 12 83 34 4 4 4 
6 1 44 86 63 7 4 3 
9 8 5 34 56 6 7 4 
5 0 22 60 26 7 3 4 
8 8 15 63 46 5 3 5 
2 0 26 45 59 5 5 8 
4 9 58 44 25 0 8 9 
5 3 36 48 38 1 8 9 
0 8 30 54 19 8 9 9 
8 2 21 62 51 0 6 1 
2 8 43 73 66 2 1 3 
9 1 11 79 40 7 9 4 
3 3 48 61 40 1 7 4 
9 1 44 56 56 9 9 5 
2 0 41 75 31 5 6 9 
3 6 8 7 36 9 2 7 
0 2 16 26 39 1 9 6 
8 3 12 55 32 9 9 6 
8 5 34 79 73 3 5 0 
0 3 78 52 44 6 6 1 
4 3 53 72 37 2 5 0 
2 3 18 20 48 6 9 3 
6 0 0 13 27 9 6 5 
3 7 35 12 40 4 9 3 
2 7 16 28 82 8 3 1 
6 8 42 75 49 1 1 9 
4 3 36 48 32 7 2 1 
6 6 25 72 60 9 7 6 
9 0 14 28 58 6 8 5 
4 7 12 20 67 6 4 4 
9 0 44 57 55 8 7 9 
8 4 24 62 47 4 8 6 
1 8 48 34 53 2 3 9 
8 8 35 55 42 0 8 6 
7 5 0 31 22 5 0 3 
7 8 4 50 28 7 5 9 
0 4 69 83 52 7 2 9 
6 7 29 48 39 2 4 2 
5 2 34 28 89 6 4 6 
6 2 36 37 26 4 6 0 
6 2 14 42 6 7 2 3 
8 3 15 44 25 5 2 0 
0 3 52 42 59 6 9 7 
1 9 33 22 35 6 8 8 
4 4 25 62 56 2 7 4 
8 1 0 58 60 1 1 2 
5 8 11 51 34 6 0 9 
2 1 23 9 67 5 3 4 
5 8 15 40 57 1 4 3 
0 0 71 34 56 3 1 9 
8 6 10 65 50 7 1 4 
1 5 8 34 13 2 6 0 
8 0 28 57 56 8 0 9 
0 6 23 39 35 4 4 4 
2 7 5 37 50 2 8 3 
4 4 45 21 55 4 5 3 
8 0 43 37 85 9 3 5 
6 9 0 7 59 3 4 2 
4 3 63 44 51 9 7 7 
4 6 15 47 37 8 3 5 
2 3 43 51 56 2 8 4 
4 8 15 40 31 5 8 2 
1 1 30 41 58 5 2 9 
5 9 62 62 63 7 1 5 
2 2 33 17 55 8 1 1 
7 7 15 94 57 4 1 0 
3 9 47 59 47 9 9 3 
1 8 56 68 67 8 6 7 
1 2 7 61 55 1 1 6 
3 7 14 51 60 5 7 0 
5 8 39 49 62 4 6 5 
4 7 42 28 41 1 0 6 
5 6 23 32 76 6 2 4 
1 4 39 54 33 3 1 9 
3 6 21 36 57 7 1 0 
0 5 57 54 68 9 0 2 
4 7 25 69 54 9 9 0 
8 2 55 39 79 7 3 5 
1 5 23 72 21 0 1 4 
3 4 0 71 55 8 0 1 
7 2 8 59 50 8 7 8 
5 9 21 37 33 8 7 6 
0 4 23 68 40 5 8 5 
8 6 26 55 87 3 3 4 
0 4 42 51 38 7 1 5 
9 9 27 18 53 7 0 7 
0 1 62 72 53 5 9 0 
7 5 19 23 32 6 3 5 
8 8 16 83 44 7 8 2 
8 5 24 73 29 9 1 0 
1 3 42 65 56 8 5 9 
1 8 8 35 62 8 8 1 
5 2 32 37 72 0 7 5 
1 2 31 54 51 1 9 2 
4 6 72 73 38 9 5 8 
9 1 48 32 49 2 5 3 
3 8 29 48 30 8 7 4 
2 8 39 64 45 2 0 9 
2 1 8 23 44 4 2 5 
1 9 40 68 61 5 6 2 
5 0 27 42 34 5 8 0 
1 9 51 40 33 6 7 8 
3 4 21 32 64 2 6 1 
9 7 26 54 61 4 7 7 
5 0 28 13 66 1 0 4 
3 2 16 16 37 8 8 7 
9 3 53 65 65 2 8 5 
9 8 4 70 50 5 8 0 
1 8 15 56 29 2 9 5 
4 6 30 51 26 6 1 5 
3 2 21 83 47 5 8 1 
6 6 31 15 49 7 0 3 
5 4 7 97 29 6 5 8 
0 2 61 83 13 3 4 3 
0 6 10 26 38 3 4 2 
5 9 13 24 76 9 6 7 
7 4 5 42 39 6 1 6 
5 6 37 66 32 4 3 7 
9 4 49 39 70 6 1 8 
1 0 19 28 33 4 4 9 
3 1 28 54 10 9 9 5 
9 0 15 44 22 3 4 5 
7 6 29 35 73 1 0 2 
4 2 20 33 70 1 9 3 
2 0 65 31 28 5 0 2 
6 5 43 59 54 0 9 8 
7 9 23 22 24 7 0 1 
3 8 32 41 61 4 7 3 
7 5 0 22 50 6 3 5 
1 7 4 61 29 5 4 7 
1 1 23 88 50 7 9 0 
5 2 73 67 65 6 1 9 
1 5 31 30 67 5 9 1 
2 2 7 57 62 9 8 8 
7 1 59 31 49 1 8 2 
5 2 97 56 54 3 6 2 
6 3 30 53 59 5 1 9 
2 7 43 73 75 6 7 3 
8 9 16 38 56 9 0 4 
2 6 39 81 0 1 6 0 
1 2 19 51 84 3 2 0 
8 1 24 57 68 8 6 3 
0 8 50 33 53 6 8 3 
3 8 42 41 12 7 4 5 
2 0 30 29 45 4 1 1 
3 0 16 63 21 5 8 3 
9 8 28 65 99 3 9 7 
0 3 34 69 44 5 7 7 
9 5 18 46 68 4 5 9 
4 8 44 37 62 9 1 7 
4 6 39 57 46 4 4 1 
7 7 38 28 44 3 2 9 
9 3 1 30 81 6 5 4 
3 8 7 56 49 2 9 9 
4 9 39 48 22 7 5 6 
9 4 52 70 86 9 2 8 
4 7 33 71 48 8 3 1 
6 6 34 44 70 6 3 1 
6 5 47 32 70 4 1 6 
3 4 45 48 22 1 5 5 
0 1 64 41 51 8 7 2 
5 1 10 27 70 6 9 7 
8 4 42 15 30 6 6 7 
5 9 28 48 95 7 4 4 
7 9 41 70 53 7 5 7 
5 6 31 46 82 4 7 7 
6 3 45 17 32 5 0 2 
6 7 58 0 47 5 8 2 
5 6 34 52 84 5 1 5 
8 4 30 25 35 6 5 6 
0 6 7 83 91 1 1 0 
1 7 33 40 26 5 7 6 
2 4 19 75 62 7 0 3 
2 6 33 63 52 8 6 9 
3 5 0 26 55 6 4 9 
1 1 37 61 47 8 7 0 
0 2 48 48 38 4 8 9 
2 0 66 60 50 9 3 8 
7 2 38 25 23 0 6 0 
6 4 40 59 14 1 5 2 
5 7 46 24 12 0 3 2 
6 4 17 64 39 5 6 0 
6 5 36 70 56 4 7 0 
6 3 46 20 75 1 5 9 
5 3 43 30 54 0 1 8 
7 2 12 70 46 3 8 7 
3 2 60 43 57 3 5 4 
8 1 13 47 80 4 0 7 
3 8 38 36 52 7 9 0 
1 3 12 25 37 4 1 5 
3 8 8 22 82 0 6 9 
2 4 39 41 21 8 2 4 
6 6 28 43 45 7 9 1 
3 8 38 10 34 6 3 0 
9 9 1 35 69 6 9 1 
1 9 0 43 48 7 6 4 
8 7 37 58 28 1 5 1 
7 6 27 25 38 3 8 2 
9 9 0 45 53 1 1 0 
5 0 74 43 43 1 6 7 
7 4 50 66 40 7 0 3 
4 2 28 59 29 6 2 5 
1 5 39 58 73 6 8 9 
7 1 39 63 38 6 0 9 
9 8 29 39 49 4 3 2 
5 4 7 49 21 4 0 6 
6 5 28 61 77 9 9 3 
8 2 110 47 43 0 9 1 
4 8 24 40 47 0 0 3 
4 2 24 59 66 8 2 5 
1 2 41 45 74 5 1 2 
9 8 46 54 67 8 6 7 
3 8 5 60 52 4 2 9 
0 8 38 43 55 2 0 8 
0 3 32 47 17 3 5 0 
9 6 23 57 44 2 4 5 
7 6 47 15 57 0 5 9 
6 8 35 61 84 1 8 9 
9 3 42 60 47 6 7 0 
1 8 33 34 66 7 9 1 
4 6 2 107 46 6 7 5 
0 7 80 75 61 2 9 4 
8 7 39 56 74 1 5 3 
4 8 5 59 38 7 0 0 
7 3 25 48 32 6 4 6 
4 9 22 44 75 4 8 2 
0 3 15 41 57 7 5 4 
0 8 60 79 43 4 7 6 
5 6 30 69 35 9 1 3 
0 2 30 42 48 3 8 0 
0 1 46 85 42 9 5 8 
7 0 17 49 72 4 2 5 
6 3 64 80 49 0 3 5 
9 5 0 65 52 5 0 5 
3 7 1 65 43 1 3 5 
5 2 15 71 23 9 2 6 
6 8 2 36 62 5 5 6 
6 3 70 66 63 2 5 9 
1 2 37 33 68 1 8 8 
1 5 30 47 33 9 1 8 
1 6 45 72 17 4 7 6 
5 1 37 72 81 0 1 5 
5 1 30 47 47 0 6 3 
9 2 6 48 79 7 5 2 
6 8 30 53 32 1 0 2 
1 7 16 32 57 6 1 7 
4 8 17 64 74 6 7 1 
3 0 20 43 61 9 8 5 
0 8 0 66 64 9 3 5 
3 3 31 64 55 4 5 6 
0 4 8 44 55 5 5 8 
7 1 7 46 49 7 4 0 
1 8 1 52 37 1 1 6 
0 6 76 37 50 1 4 2 
4 4 56 23 78 1 7 5 
0 3 26 61 39 3 3 8 
5 6 43 22 29 2 2 8 
2 4 8 33 58 5 4 9 
8 2 50 55 60 2 1 6 
5 9 30 61 16 3 5 9 
3 0 31 40 70 2 3 2 
0 2 51 62 90 8 0 5 
