8 4700
1 0 52 37 87 0 8 8 
5 2 1 39 63 8 8 0 
6 5 49 70 55 0 1 4 
7 4 56 42 24 0 1 6 
8 6 34 47 30 0 0 5 
4 1 30 48 89 1 5 4 
9 7 15 91 45 2 1 1 
6 2 45 62 75 3 9 3 
7 6 0 32 42 8 7 5 
5 0 26 42 75 4 4 9 
7 5 45 38 61 5 1 7 
4 1 39 48 32 1 7 8 
6 1 0 26 38 8 9 4 
2 9 58 34 56 0 7 4 
5 8 15 54 31 9 1 8 
3 6 34 58 62 4 6 8 
1 2 26 71 24 8 6 4 
9 6 30 11 24 4 1 2 
4 9 11 38 34 4 8 0 
5 3 6 42 46 0 7 0 
1 8 4 13 14 4 3 8 
9 9 0 27 64 3 6 4 
3 9 41 25 75 6 8 5 
6 9 40 81 40 3 6 6 
3 7 30 55 39 4 1 1 
5 8 45 45 59 7 6 4 
6 9 48 27 48 1 7 6 
7 8 2 21 16 2 6 0 
3 5 25 24 57 5 0 2 
4 4 40 52 42 5 7 5 
3 2 33 60 28 5 7 4 
6 9 23 13 47 4 1 0 
5 0 9 47 40 0 0 2 
1 4 14 36 45 0 7 2 
2 0 7 62 23 0 7 8 
9 5 8 42 40 7 2 7 
2 3 13 77 75 7 1 8 
3 1 0 39 20 2 1 5 
1 5 3 60 69 3 0 9 
4 9 9 99 28 0 1 4 
6 2 50 27 51 5 8 1 
9 2 47 22 2 5 3 8 
0 2 7 18 25 3 4 0 
9 3 28 85 63 6 3 8 
7 3 32 37 49 0 0 3 
1 2 42 61 52 1 4 4 
8 2 15 50 61 2 1 2 
0 0 25 22 46 1 9 7 
9 5 30 47 22 7 6 4 
3 8 18 58 56 2 6 6 
7 5 20 69 31 0 9 8 
2 2 50 62 41 6 4 3 
7 0 68 58 100 2 4 0 
6 2 0 38 33 4 8 4 
2 2 34 43 72 5 0 6 
2 4 10 43 50 4 8 2 
2 5 42 45 29 5 9 7 
3 2 26 43 29 7 5 4 
2 2 25 58 20 2 9 5 
3 9 10 15 64 2 1 1 
2 0 0 26 45 3 0 2 
2 1 24 40 12 8 8 1 
3 4 0 59 42 3 8 0 
5 4 18 70 29 8 5 4 
3 0 24 62 45 9 0 4 
7 8 35 77 50 3 2 4 
4 3 6 94 56 5 0 4 
3 2 0 54 63 0 1 2 
5 6 7 88 55 1 2 1 
3 7 0 68 27 1 3 8 
2 9 9 33 66 4 6 0 
5 9 53 29 16 8 2 7 
0 7 16 45 51 3 8 7 
4 9 46 82 35 3 0 8 
7 4 25 57 27 7 4 4 
5 2 71 90 24 8 7 3 
9 7 64 56 43 9 9 9 
5 4 57 34 52 5 9 4 
7 7 0 77 41 4 5 8 
2 7 28 27 74 2 8 4 
2 9 37 77 33 6 6 6 
9 7 16 34 14 1 3 0 
4 8 42 35 105 7 2 7 
7 1 69 80 75 2 2 2 
3 2 17 54 63 7 4 9 
6 9 0 71 57 6 2 8 
0 2 24 51 43 2 6 0 
4 6 0 65 43 1 3 7 
6 3 47 26 29 9 3 3 
4 1 17 51 73 3 6 3 
8 7 42 72 41 5 2 4 
4 5 40 58 31 1 2 1 
7 1 62 31 55 8 0 3 
2 2 63 86 73 5 5 4 
4 6 23 21 19 3 8 7 
5 9 41 26 103 7 1 0 
2 5 39 50 54 6 4 0 
1 5 34 63 42 7 6 0 
5 6 27 67 81 8 4 7 
9 7 46 58 56 4 1 4 
4 6 23 60 24 8 2 3 
4 0 17 44 69 6 9 2 
9 3 0 48 33 6 3 8 
8 0 46 55 16 0 8 9 
5 3 34 67 51 4 6 8 
1 4 7 34 60 7 6 5 
4 9 49 91 56 5 5 9 
6 0 11 54 45 5 6 5 
7 4 40 53 38 4 1 9 
9 7 0 38 82 0 7 2 
6 6 0 95 99 7 1 0 
0 1 5 50 43 5 4 6 
6 2 48 50 53 4 3 3 
2 1 37 57 21 4 4 1 
9 8 43 56 82 2 2 3 
0 7 33 5 48 7 2 0 
6 4 10 40 67 7 0 8 
1 8 45 46 51 5 7 4 
3 2 0 45 53 7 2 8 
6 1 67 61 28 3 8 5 
1 9 25 48 44 4 3 5 
9 0 0 42 56 8 2 5 
0 8 55 55 50 4 8 3 
5 1 0 68 51 3 3 4 
4 3 4 84 30 8 1 1 
9 3 22 62 56 4 2 6 
5 4 47 36 20 9 6 1 
9 0 23 62 32 6 8 7 
4 7 33 71 75 5 9 1 
0 0 38 47 82 0 1 4 
8 4 34 36 30 0 8 0 
3 5 23 74 32 7 6 2 
6 0 17 47 61 9 3 3 
0 0 64 45 18 9 5 2 
7 8 64 27 51 3 7 8 
5 6 22 50 31 2 8 2 
5 9 6 40 23 3 2 4 
1 9 8 17 32 0 9 8 
4 7 10 46 26 0 0 9 
8 1 52 56 32 7 1 0 
7 6 39 48 67 7 9 3 
6 4 0 40 68 5 7 1 
7 0 0 50 83 7 7 5 
9 1 52 64 54 5 4 1 
2 6 4 58 28 7 1 5 
3 5 21 76 55 9 5 6 
0 7 55 20 59 0 2 1 
6 1 34 28 60 2 9 3 
9 3 64 56 70 1 2 9 
7 7 31 54 42 3 9 1 
4 8 60 42 59 3 0 0 
4 5 2 17 72 6 7 7 
9 6 26 43 79 8 4 7 
0 3 20 26 41 4 7 5 
2 6 43 49 69 5 7 8 
5 6 46 38 58 6 1 8 
8 8 41 37 54 8 3 1 
2 6 4 44 52 0 0 6 
2 1 39 27 57 7 4 2 
0 8 52 85 35 7 0 6 
2 0 28 71 12 1 7 2 
8 2 25 26 76 6 0 2 
6 1 42 70 65 0 2 9 
5 5 61 50 34 2 6 5 
9 5 55 51 0 3 7 6 
6 4 57 43 77 8 4 2 
7 9 19 59 81 7 6 8 
2 9 0 89 0 5 2 1 
7 4 41 19 57 6 0 9 
2 6 45 55 51 3 4 9 
1 4 57 27 19 6 6 1 
3 7 9 57 47 1 9 6 
1 1 23 70 0 1 1 0 
0 9 41 42 52 5 7 8 
4 4 51 44 28 4 4 0 
8 2 52 54 60 9 6 2 
8 6 31 56 31 6 9 7 
1 9 12 57 0 8 9 1 
6 0 41 42 69 6 6 5 
8 4 43 53 40 3 0 4 
2 5 39 64 49 9 2 0 
4 3 48 35 61 8 9 4 
7 2 22 35 28 4 3 6 
1 9 22 63 80 1 1 1 
3 4 12 40 82 5 3 5 
3 9 76 74 60 4 8 3 
1 7 48 32 27 5 7 7 
9 7 35 43 22 6 7 9 
4 3 37 50 57 0 9 5 
9 1 0 44 80 3 0 1 
7 9 16 42 7 4 8 0 
3 9 57 49 44 0 9 3 
4 9 8 76 55 2 3 4 
5 2 44 58 50 6 9 0 
3 8 0 18 50 7 1 4 
6 8 18 52 71 9 3 1 
4 2 51 41 77 3 7 6 
0 0 17 56 78 8 4 0 
4 0 49 55 32 9 5 0 
6 3 21 46 11 5 6 2 
0 9 54 76 50 4 9 6 
2 3 25 53 53 2 7 9 
1 0 51 13 25 6 7 5 
6 3 48 58 21 7 6 8 
6 9 41 79 33 8 1 7 
1 3 19 66 42 6 1 7 
3 8 24 67 35 1 0 4 
9 1 38 42 81 5 3 0 
6 4 39 85 29 5 7 6 
2 9 10 70 83 1 9 9 
7 6 11 43 46 2 1 4 
6 1 4 48 63 7 1 3 
9 8 6 58 77 4 2 6 
7 9 33 48 47 6 0 8 
3 3 30 38 55 7 4 7 
0 3 30 86 57 9 1 5 
6 4 49 51 44 0 6 4 
6 6 55 25 60 1 8 1 
8 6 22 35 44 8 4 0 
8 5 48 59 67 4 3 8 
2 5 13 55 72 5 3 0 
5 5 18 44 59 6 1 7 
1 5 38 84 43 5 1 8 
1 4 39 59 18 5 4 5 
2 8 64 76 63 8 3 5 
8 0 29 37 61 7 7 8 
0 8 0 74 66 8 8 1 
0 5 26 32 38 0 1 4 
6 2 43 36 36 4 2 2 
7 6 17 42 51 0 4 1 
4 5 0 65 82 5 3 3 
6 6 34 48 41 4 6 6 
2 7 45 80 28 5 0 5 
6 6 5 44 49 1 1 2 
1 9 25 18 38 0 0 8 
0 0 57 62 47 4 6 4 
8 6 43 25 30 3 1 5 
4 6 40 25 21 1 1 4 
5 8 66 61 61 6 8 2 
4 7 13 34 32 1 9 5 
1 7 30 54 76 2 0 1 
1 4 30 78 35 4 7 1 
7 9 23 55 69 7 4 4 
5 2 35 83 5 8 6 1 
5 6 0 50 51 8 1 7 
3 5 36 45 64 3 5 6 
5 0 14 0 65 2 7 9 
6 3 6 78 58 1 1 5 
3 7 29 49 36 0 2 7 
8 3 11 28 69 3 1 1 
1 5 0 40 55 7 9 5 
0 9 25 38 17 3 7 6 
9 3 56 47 57 6 8 5 
3 0 26 58 63 3 8 5 
3 6 50 44 45 5 6 5 
5 1 33 35 36 3 3 1 
6 2 38 60 41 3 1 8 
9 1 36 29 7 0 0 9 
9 2 55 77 63 6 3 6 
8 3 34 53 78 4 6 3 
6 8 37 57 30 9 8 8 
1 6 7 43 31 3 2 2 
4 9 62 68 25 0 5 7 
2 5 21 83 57 3 0 2 
6 6 26 34 61 4 6 2 
1 2 11 46 40 1 1 4 
8 8 0 44 48 8 0 2 
3 5 0 40 45 7 5 3 
3 4 28 57 48 9 4 8 
3 6 44 0 26 4 3 4 
8 3 17 94 28 9 4 9 
2 1 65 51 33 2 5 3 
2 3 32 35 37 8 2 6 
6 3 26 75 27 5 2 5 
8 4 36 59 25 9 2 2 
2 8 42 47 46 4 1 5 
4 1 31 4 33 1 6 7 
8 9 26 19 15 2 2 4 
7 9 58 26 51 0 3 5 
8 8 25 81 36 0 2 8 
0 3 33 57 62 7 1 0 
9 0 10 60 54 5 0 1 
9 2 0 26 57 2 5 3 
5 7 0 36 72 6 3 7 
3 4 0 28 31 3 1 5 
3 0 46 53 0 6 0 6 
8 0 38 23 29 2 4 0 
8 4 45 50 46 0 2 9 
3 3 7 75 49 0 2 1 
0 2 20 70 33 3 6 1 
1 3 44 46 30 7 2 9 
3 0 25 48 46 2 9 3 
4 0 33 71 79 3 0 4 
4 5 38 60 44 6 4 0 
6 0 33 7 73 3 0 5 
1 5 32 44 43 2 4 4 
0 6 28 74 70 0 2 1 
1 9 28 73 40 0 1 7 
7 2 31 34 11 4 4 6 
2 1 13 19 64 6 0 2 
8 2 79 87 96 0 2 9 
4 8 50 54 28 3 0 4 
1 1 34 43 66 7 9 9 
2 0 12 51 58 7 8 5 
0 7 13 19 24 9 3 0 
0 3 41 38 56 7 9 7 
3 9 13 67 16 5 1 0 
2 8 9 21 54 8 5 3 
2 8 33 79 59 1 3 6 
4 2 57 49 40 4 0 4 
1 2 62 61 51 5 8 5 
3 7 37 58 0 9 9 3 
1 6 14 71 53 0 0 8 
2 3 57 34 58 3 6 5 
8 6 26 55 34 4 6 9 
0 8 43 52 47 2 4 5 
0 0 21 10 60 5 2 2 
8 0 56 50 33 2 2 2 
2 9 65 29 29 1 3 4 
5 7 30 69 42 5 2 6 
5 7 14 61 61 6 8 2 
9 2 20 58 30 8 6 0 
1 3 40 32 17 8 3 1 
0 7 38 36 0 5 4 4 
7 1 48 61 78 6 4 2 
5 1 33 75 45 6 8 6 
9 1 11 61 77 8 7 8 
6 3 12 56 8 0 7 0 
5 0 22 64 50 5 0 6 
4 9 36 60 75 0 6 9 
4 2 29 33 72 7 4 5 
9 2 22 65 35 9 1 4 
3 9 67 44 45 4 2 6 
6 9 30 72 52 2 9 2 
0 1 24 32 19 6 4 6 
2 3 34 24 39 9 9 6 
0 7 6 58 86 1 5 9 
9 4 26 8 37 2 2 7 
2 5 11 40 52 1 7 0 
4 5 19 66 45 8 2 8 
0 5 28 42 48 3 4 5 
3 6 34 58 66 5 3 7 
7 6 19 46 37 7 8 4 
0 1 30 25 54 1 0 0 
7 5 58 46 88 8 5 5 
3 1 32 43 24 3 1 7 
7 3 5 54 38 8 5 7 
8 6 34 61 38 8 2 0 
1 2 46 47 70 0 1 5 
5 4 59 11 62 9 3 0 
3 7 41 69 52 6 1 5 
3 6 29 50 94 1 1 2 
9 6 33 52 54 4 7 3 
4 5 0 59 72 4 9 0 
4 5 52 29 43 3 1 2 
8 9 24 64 18 0 8 2 
0 5 60 39 89 7 8 0 
0 3 0 48 47 1 1 0 
8 2 33 44 60 3 5 2 
4 5 27 69 49 3 8 8 
2 3 11 43 53 2 5 6 
6 0 27 40 28 7 2 8 
5 8 6 59 29 8 7 7 
8 6 67 52 39 7 0 1 
0 6 0 25 36 4 8 0 
0 6 7 53 68 4 7 2 
8 3 0 36 62 1 9 2 
7 6 41 61 67 5 3 3 
3 3 26 49 34 4 4 0 
0 2 0 35 62 6 3 1 
1 5 17 66 27 1 0 6 
0 7 43 46 67 2 5 2 
2 8 22 39 14 5 3 7 
6 3 10 38 60 7 4 7 
4 4 21 72 34 4 9 4 
7 6 0 53 61 0 1 6 
2 7 27 70 29 4 5 3 
1 1 27 66 71 3 2 5 
8 0 35 55 38 5 2 6 
7 2 39 40 0 2 9 5 
4 1 62 30 59 0 9 2 
8 8 46 63 75 1 7 0 
9 2 45 48 46 9 9 1 
3 3 4 69 59 7 8 7 
4 8 32 29 49 1 2 3 
1 5 31 29 52 4 9 2 
3 6 10 75 63 3 4 5 
4 8 1 41 56 5 8 1 
6 7 10 60 67 7 7 6 
7 6 33 36 55 0 6 4 
8 8 14 83 62 4 5 2 
8 3 38 49 64 6 0 1 
8 5 40 35 51 2 0 2 
9 8 37 30 30 4 0 0 
2 7 53 54 39 0 3 5 
3 6 0 76 37 1 8 2 
2 5 0 61 79 7 9 4 
5 7 12 49 42 9 7 5 
1 5 27 35 32 5 9 8 
4 0 2 87 38 7 4 4 
6 6 0 97 63 3 2 9 
6 5 56 44 28 9 9 5 
3 1 52 64 67 8 5 8 
3 8 52 27 60 5 2 7 
5 3 6 65 51 6 3 3 
9 4 0 27 13 5 0 7 
2 5 29 47 76 4 6 4 
2 4 47 74 60 0 7 1 
7 9 2 20 62 9 3 4 
6 6 12 30 47 6 1 3 
5 1 23 44 41 1 2 3 
0 0 18 19 40 4 9 2 
4 0 42 37 18 4 7 2 
7 8 10 72 29 4 2 7 
4 9 24 48 23 4 8 4 
5 2 18 47 40 1 8 6 
5 0 21 36 47 2 1 2 
2 0 21 68 49 4 8 1 
6 4 19 23 58 3 8 8 
5 2 60 58 55 5 3 9 
3 4 18 43 35 8 8 4 
9 6 0 45 61 7 4 9 
2 8 53 33 49 5 1 5 
2 4 19 1 48 1 9 1 
6 1 70 72 40 1 0 1 
0 5 36 2 50 2 3 6 
9 5 56 51 20 6 3 4 
1 6 18 17 58 6 7 5 
8 4 39 72 38 0 4 6 
2 9 54 61 34 3 3 8 
4 0 0 28 48 2 2 6 
4 4 19 4 60 6 9 2 
9 2 40 35 59 1 8 9 
1 6 48 46 40 2 9 8 
4 8 31 82 17 8 5 8 
8 4 31 42 69 0 5 1 
0 3 38 14 34 0 3 2 
9 4 32 28 75 5 2 3 
1 1 39 29 91 0 8 3 
5 8 33 72 48 6 9 6 
6 0 45 47 60 8 0 2 
5 2 45 67 0 8 2 7 
9 4 31 50 60 5 0 1 
1 5 17 42 51 0 9 8 
6 3 49 27 69 7 5 5 
7 5 42 60 34 7 8 3 
0 0 11 61 36 0 0 1 
9 1 30 25 44 0 1 6 
3 5 53 37 63 9 8 0 
2 5 19 14 50 0 1 3 
6 8 0 68 0 5 2 6 
3 6 45 48 8 1 5 7 
3 6 17 53 68 0 2 0 
9 2 29 42 42 4 8 9 
5 6 23 65 43 2 5 2 
4 0 18 80 38 7 8 5 
1 0 32 7 74 4 7 1 
1 1 36 50 68 6 9 7 
6 4 20 36 43 2 4 6 
0 2 0 54 40 6 5 4 
1 7 73 72 37 3 2 1 
1 1 33 60 9 5 9 4 
5 8 20 46 35 6 7 0 
6 3 47 59 74 9 1 5 
4 6 38 36 29 0 5 8 
5 0 37 59 52 6 2 9 
3 9 39 58 9 9 7 9 
7 9 8 0 44 0 7 4 
8 2 40 44 37 4 8 1 
0 6 0 60 91 8 0 8 
4 3 23 75 54 3 7 2 
1 3 47 45 62 8 5 2 
6 4 23 70 53 4 9 9 
2 9 0 45 33 8 4 4 
6 1 18 36 50 0 6 7 
0 7 46 36 62 2 8 3 
4 7 75 4 59 3 6 5 
0 2 0 33 60 8 3 7 
1 1 49 46 19 0 0 8 
0 7 36 40 59 1 1 6 
1 3 13 50 33 0 9 9 
5 5 24 72 63 9 9 9 
6 0 17 58 55 3 5 9 
3 2 12 45 42 3 6 3 
0 0 52 28 51 3 9 8 
6 4 36 41 33 6 6 0 
6 7 19 51 84 6 5 2 
8 9 10 101 35 3 9 2 
0 8 10 66 63 3 7 0 
3 0 9 84 63 7 4 9 
3 0 40 68 22 4 2 9 
3 5 4 55 68 4 0 3 
5 7 29 44 59 6 1 8 
9 5 50 50 35 4 7 6 
5 2 30 56 57 9 0 3 
6 3 27 50 22 7 9 6 
7 5 13 93 87 2 4 3 
6 4 44 59 48 0 4 9 
7 8 38 66 63 8 7 0 
7 5 58 73 67 3 4 7 
5 4 14 73 52 0 7 8 
5 1 38 40 46 0 2 8 
7 8 11 14 33 2 8 4 
2 7 58 73 26 0 6 5 
0 3 37 14 14 2 1 8 
6 4 22 33 43 5 9 7 
3 2 42 66 56 1 9 0 
3 3 55 46 96 6 7 4 
1 6 0 49 16 6 7 2 
2 4 33 40 49 5 8 9 
5 6 33 57 65 9 1 0 
3 1 30 79 63 4 5 6 
7 7 42 46 40 9 4 1 
1 2 73 51 53 5 2 8 
5 7 38 49 62 7 2 8 
6 1 41 50 45 9 8 9 
7 1 45 45 42 2 4 7 
5 6 0 45 12 9 4 0 
7 1 0 63 74 8 1 8 
3 6 49 35 59 2 9 1 
0 7 15 35 52 4 7 5 
7 2 1 41 56 0 8 4 
1 0 0 61 55 8 8 3 
0 7 28 46 53 1 3 6 
4 8 34 32 52 8 5 8 
7 4 46 82 64 3 7 7 
1 8 30 1 49 6 8 8 
3 4 45 6 42 3 3 7 
5 1 30 71 46 2 6 1 
3 1 57 33 35 9 6 3 
8 7 41 56 64 6 8 7 
6 7 29 0 49 8 5 5 
5 4 30 53 68 2 5 4 
8 0 0 30 46 2 1 4 
3 5 54 58 112 3 3 5 
1 0 11 42 69 1 1 1 
8 2 59 56 48 5 9 6 
9 0 14 60 68 4 3 3 
7 0 39 35 46 4 7 2 
0 9 7 69 35 9 7 0 
2 1 30 43 95 7 2 7 
4 1 37 39 56 8 6 5 
8 7 41 14 44 7 3 1 
6 6 32 78 63 4 3 1 
1 6 40 56 17 4 6 4 
5 5 22 30 38 4 0 1 
9 7 24 36 34 9 1 7 
3 5 23 9 70 6 0 6 
1 8 2 13 21 6 7 9 
7 1 67 65 49 7 2 6 
5 9 7 102 46 4 7 3 
6 4 54 30 51 1 6 2 
7 3 3 45 30 4 0 8 
1 1 21 0 50 3 2 1 
8 2 43 29 36 7 1 2 
5 2 12 44 25 9 5 8 
2 8 48 55 42 2 6 0 
6 8 41 44 86 0 5 9 
0 3 0 66 61 0 5 2 
5 3 26 53 67 8 6 6 
4 6 11 25 28 7 4 7 
3 3 50 74 46 7 8 7 
6 5 42 67 68 5 2 2 
8 9 33 15 34 4 2 0 
7 8 21 84 47 1 5 8 
3 0 15 39 80 9 9 8 
3 5 1 57 42 2 9 6 
2 1 45 5 56 0 7 8 
0 1 22 77 56 1 5 3 
7 7 44 58 49 5 6 1 
9 5 42 10 26 1 4 9 
8 7 20 13 73 6 3 3 
2 5 18 55 64 5 9 2 
5 3 16 57 17 0 8 6 
2 1 31 110 78 7 0 9 
2 3 42 54 29 6 0 0 
2 4 25 95 90 2 7 0 
3 3 29 46 46 4 8 4 
1 1 44 54 53 2 9 7 
2 7 23 45 88 0 6 2 
2 2 59 54 65 5 9 3 
6 4 54 60 65 8 5 5 
4 8 15 21 86 3 5 2 
7 3 56 33 47 6 6 0 
6 9 18 39 43 7 0 0 
7 8 38 49 0 7 5 3 
3 6 22 60 43 6 7 8 
2 1 81 68 60 8 7 5 
7 1 0 21 63 4 2 2 
8 3 57 17 67 9 9 4 
7 1 47 57 39 1 8 3 
4 4 58 25 58 8 9 5 
2 4 13 17 42 5 2 2 
0 0 0 45 54 1 6 1 
3 3 38 31 42 6 8 0 
9 4 24 16 61 7 6 1 
9 8 34 31 36 4 1 4 
4 7 13 35 33 0 3 9 
1 2 29 49 15 9 3 6 
6 8 0 50 39 2 0 4 
9 3 69 33 62 3 0 7 
6 9 16 36 25 9 5 4 
1 7 43 55 54 1 2 3 
3 3 17 61 70 0 7 9 
9 9 46 43 31 0 5 4 
9 8 34 84 54 4 7 3 
6 0 10 27 56 2 0 5 
9 3 30 67 96 4 9 6 
6 8 22 31 79 6 0 6 
6 9 18 56 48 1 5 9 
5 6 24 30 43 8 6 5 
3 8 31 31 66 4 3 1 
0 9 0 43 51 8 6 5 
7 6 7 21 48 2 5 0 
1 8 0 54 43 3 6 0 
0 9 38 77 41 6 7 5 
0 6 57 3 48 0 3 9 
3 9 21 41 70 3 3 0 
2 8 13 57 49 4 2 7 
8 0 22 60 38 0 9 3 
6 3 0 14 52 0 6 8 
9 9 27 39 62 5 1 5 
2 5 25 34 65 3 2 1 
0 9 14 40 39 6 3 9 
6 7 67 52 31 8 6 5 
0 6 0 36 37 6 3 8 
2 1 29 25 30 1 5 0 
4 1 92 59 75 6 5 3 
8 7 26 6 30 0 7 4 
6 0 39 81 31 8 7 6 
0 7 35 67 45 7 3 6 
0 8 20 16 80 5 9 9 
4 4 37 20 47 2 8 5 
8 7 28 42 54 9 2 3 
1 5 37 27 48 4 5 5 
5 9 19 0 71 9 0 2 
2 1 31 55 82 8 3 7 
2 7 3 68 55 8 3 3 
2 6 29 68 40 5 2 6 
4 3 23 66 4 5 6 2 
9 3 39 31 42 6 3 3 
0 4 16 23 80 1 4 2 
5 9 0 62 40 6 3 7 
1 6 50 55 76 4 0 5 
1 6 42 84 60 3 6 7 
4 1 33 66 44 5 9 6 
2 9 27 13 0 8 3 7 
5 0 32 88 34 5 7 4 
7 5 25 53 55 8 7 2 
4 5 33 73 64 3 3 9 
6 7 0 38 44 0 8 0 
3 6 33 48 47 4 7 8 
8 2 42 55 32 7 8 7 
3 6 52 68 67 6 4 7 
7 7 50 31 36 7 6 0 
2 2 10 63 48 9 3 8 
5 4 34 60 22 8 5 0 
3 5 0 44 72 7 8 9 
0 1 56 25 23 4 4 9 
5 3 7 68 50 6 6 7 
0 7 2 39 62 1 7 7 
5 9 5 55 54 2 9 8 
0 7 68 28 8 5 0 2 
7 1 20 29 37 9 2 8 
6 3 17 65 14 7 3 1 
7 5 35 35 49 9 6 7 
6 3 17 57 51 0 1 2 
1 4 53 62 10 3 7 7 
8 1 61 45 68 2 3 3 
4 8 44 52 64 7 2 2 
2 1 18 9 23 6 9 2 
3 5 21 52 63 8 7 1 
8 9 12 51 47 0 1 3 
1 5 11 38 53 0 6 3 
5 6 34 43 45 0 3 7 
9 2 62 24 58 7 7 8 
6 8 12 47 43 3 0 3 
7 3 53 55 13 3 6 9 
1 8 57 37 60 9 4 5 
3 4 61 67 9 6 8 4 
5 6 21 49 16 6 5 5 
8 7 31 69 53 6 7 9 
5 7 27 42 85 9 7 0 
8 0 44 89 33 7 0 5 
4 3 29 54 47 5 8 5 
5 2 38 42 56 3 3 2 
7 3 17 70 54 6 8 6 
8 9 40 74 44 2 1 3 
9 5 7 69 42 0 2 1 
9 3 31 23 16 7 1 2 
0 9 0 42 0 8 9 9 
4 2 39 36 31 4 6 3 
7 5 34 76 63 6 3 6 
8 5 0 46 76 4 3 1 
0 5 57 68 48 2 2 4 
9 2 33 104 53 4 8 2 
3 8 46 69 78 0 5 9 
6 0 23 49 25 4 4 2 
0 6 32 20 33 2 8 7 
7 7 91 37 27 4 4 7 
4 5 13 31 18 5 4 1 
7 4 42 69 40 3 5 6 
2 6 25 96 26 5 0 3 
7 9 46 24 36 3 9 6 
0 9 37 55 2 2 0 8 
1 7 16 48 27 3 2 2 
2 0 28 83 74 6 5 8 
3 1 8 76 44 9 9 2 
8 6 39 80 36 8 7 0 
3 7 38 54 44 2 9 9 
8 9 7 43 18 8 6 8 
4 2 38 83 34 3 0 7 
0 8 76 52 51 9 1 1 
6 2 35 64 76 9 4 5 
2 5 26 69 97 8 1 4 
4 0 0 50 69 5 1 0 
3 7 23 64 30 2 5 4 
1 2 78 24 71 2 8 6 
5 6 16 27 53 7 4 0 
2 2 13 21 38 4 9 0 
5 6 56 45 32 2 2 3 
5 5 21 19 18 3 1 0 
6 7 36 27 3 5 3 2 
4 1 51 54 52 7 5 0 
6 3 22 63 36 1 2 3 
8 1 13 42 23 2 8 2 
2 0 58 16 83 1 0 4 
1 1 35 64 54 2 0 1 
7 2 41 68 30 3 2 1 
3 0 0 50 96 5 0 0 
7 0 31 56 64 0 8 7 
0 9 27 62 1 6 3 6 
9 0 5 74 64 7 2 5 
2 2 44 34 39 8 4 8 
7 6 13 41 52 7 0 7 
4 7 20 84 65 4 7 3 
2 1 15 71 38 6 3 5 
8 5 35 55 91 9 2 4 
7 5 51 21 61 3 0 9 
7 3 24 72 21 3 5 6 
8 5 34 42 44 5 0 3 
4 6 22 80 0 7 5 5 
5 9 24 97 54 4 7 1 
2 0 38 29 70 5 3 6 
6 7 0 23 34 0 7 5 
4 8 10 53 18 2 8 2 
7 4 19 15 60 6 8 2 
4 7 32 24 51 5 6 1 
7 0 29 25 66 8 3 2 
1 5 5 84 19 7 2 3 
3 0 22 42 59 6 2 9 
4 9 66 45 63 1 4 7 
8 1 59 39 64 2 7 6 
7 2 24 17 36 1 7 5 
8 4 41 23 49 6 3 9 
7 6 49 10 54 1 2 8 
1 8 28 29 23 2 1 8 
8 3 26 74 59 9 5 0 
8 8 46 60 33 7 1 6 
3 5 45 81 72 9 9 8 
8 6 0 56 72 6 9 1 
6 1 13 37 52 8 0 6 
1 9 42 42 50 6 9 7 
8 2 13 80 49 4 4 9 
0 2 29 50 64 0 3 9 
5 2 16 55 32 0 8 0 
1 8 14 35 26 6 8 5 
2 2 59 33 55 3 8 0 
2 5 62 50 49 0 8 9 
6 1 39 60 61 0 2 6 
5 4 35 45 84 0 6 9 
7 6 9 73 74 4 3 6 
4 3 57 36 50 5 6 3 
1 0 51 60 24 1 3 6 
1 1 6 56 73 5 4 5 
8 2 41 58 46 5 2 9 
0 6 15 41 22 5 9 3 
7 4 18 1 36 1 6 2 
7 0 9 67 67 0 5 3 
3 2 53 24 46 8 0 0 
8 3 15 59 35 4 4 5 
4 6 29 36 24 0 9 5 
1 5 47 50 83 9 8 4 
3 6 57 70 23 7 6 6 
4 8 70 63 53 9 3 0 
6 7 33 48 30 3 2 6 
8 5 41 31 44 1 8 7 
1 1 28 55 42 0 3 7 
4 4 0 88 36 8 3 3 
8 2 18 31 42 3 5 1 
5 5 9 66 41 0 2 6 
5 0 21 72 31 8 3 1 
5 2 25 59 31 4 5 6 
1 6 39 59 18 5 8 4 
8 5 21 88 66 1 9 4 
4 9 15 70 64 3 3 9 
2 5 29 52 30 0 7 8 
7 8 0 91 54 9 8 1 
3 8 14 51 45 8 8 9 
8 6 12 20 57 2 6 0 
6 2 14 44 53 4 7 7 
3 8 19 87 60 4 9 5 
7 8 18 53 52 1 9 3 
5 9 44 65 47 9 5 6 
2 4 30 66 51 7 6 1 
8 2 43 51 66 3 7 5 
5 7 39 51 23 9 6 7 
9 8 48 75 49 9 5 6 
1 8 42 29 42 5 0 6 
4 1 25 70 57 5 5 8 
7 2 40 36 71 4 3 2 
3 1 20 25 14 4 8 5 
8 2 16 52 43 1 0 2 
8 0 31 61 41 6 4 7 
3 5 54 41 43 4 1 5 
4 8 51 56 44 7 5 4 
3 9 38 42 36 0 8 4 
1 0 57 48 38 9 4 4 
5 2 40 63 50 8 9 1 
1 2 13 46 60 6 6 9 
7 2 31 94 46 0 6 8 
4 8 45 46 111 3 2 1 
9 8 30 11 67 4 3 6 
2 2 0 44 40 7 9 4 
1 3 32 81 51 5 7 9 
5 8 20 45 51 1 4 5 
5 9 12 31 31 5 4 3 
0 5 36 50 26 8 4 9 
3 6 16 71 18 9 1 7 
8 5 0 42 37 5 3 3 
1 4 1 65 24 6 7 4 
9 8 62 64 15 5 3 4 
3 0 23 76 51 0 5 2 
7 7 77 66 44 8 3 7 
3 5 21 34 62 5 5 7 
6 5 58 64 72 1 0 2 
5 1 0 74 54 7 5 3 
9 3 51 56 86 5 1 6 
6 7 23 92 39 7 8 5 
9 5 10 26 70 0 9 5 
6 3 35 55 53 5 7 8 
5 9 13 29 40 3 7 1 
4 0 50 66 64 9 7 6 
1 8 51 53 15 0 1 6 
9 2 40 46 16 5 9 0 
8 2 32 53 60 4 4 4 
9 3 20 56 24 1 2 4 
3 4 19 58 52 8 8 1 
3 9 71 97 6 6 5 8 
7 5 14 35 63 4 7 4 
3 5 51 64 73 3 3 3 
9 6 57 42 14 6 4 5 
4 8 51 51 72 4 6 9 
5 7 34 51 49 1 0 8 
4 6 32 67 57 0 7 9 
3 7 42 60 69 5 8 6 
7 8 53 59 28 5 6 3 
0 6 0 47 63 2 8 3 
8 5 51 49 42 2 0 4 
0 9 43 60 41 4 3 2 
9 7 54 41 21 0 5 5 
9 6 45 80 43 1 7 1 
7 8 22 48 51 5 4 8 
2 8 44 65 9 7 1 1 
7 8 51 68 84 3 3 0 
1 1 37 35 63 6 2 6 
9 0 28 78 27 6 9 1 
9 7 11 20 55 1 5 2 
0 7 72 34 57 6 1 4 
7 3 0 41 64 7 4 9 
2 8 44 89 55 2 6 3 
9 0 50 57 22 3 4 2 
3 0 52 67 67 2 2 4 
2 0 23 52 82 1 8 9 
3 0 61 45 42 3 6 6 
9 2 49 62 66 4 1 0 
0 8 0 67 82 1 8 3 
7 3 30 48 64 7 9 3 
6 0 26 51 61 4 2 5 
2 8 0 37 18 7 9 7 
1 7 14 34 24 9 7 5 
2 0 68 57 46 8 9 4 
6 4 14 36 36 7 2 4 
9 6 13 47 60 8 9 7 
2 3 0 54 66 0 9 3 
2 2 37 86 40 9 9 5 
0 7 12 80 2 0 4 6 
0 3 5 27 69 2 2 3 
3 8 53 64 16 3 9 1 
8 9 84 49 64 2 2 1 
3 2 2 64 48 1 0 5 
5 5 34 50 42 0 0 2 
4 3 25 29 34 0 9 7 
0 2 48 41 39 2 7 6 
7 9 29 8 77 5 9 9 
7 1 26 55 66 5 9 4 
0 7 28 49 74 8 7 2 
8 3 27 55 73 5 5 7 
4 0 12 72 24 9 4 3 
0 4 49 38 57 9 2 0 
5 0 19 92 48 6 0 0 
9 7 11 50 36 8 6 8 
0 5 33 60 23 2 6 5 
2 1 42 43 51 4 8 4 
6 7 21 45 40 5 3 5 
8 7 1 65 64 3 5 6 
6 6 25 47 66 4 6 2 
9 6 41 36 26 8 3 1 
0 4 22 49 0 1 5 9 
6 2 74 46 47 7 3 8 
0 0 36 82 40 0 2 4 
5 9 39 15 20 1 7 1 
0 6 22 62 70 7 7 2 
4 6 14 83 52 6 0 7 
3 2 46 51 66 7 1 4 
7 1 45 7 42 9 7 0 
3 3 0 17 39 9 8 6 
1 6 31 35 71 8 5 1 
8 3 46 49 43 8 8 1 
7 9 57 48 37 8 7 9 
3 2 38 57 58 6 9 1 
7 6 18 16 76 8 8 5 
7 3 17 30 57 8 1 3 
4 8 11 64 69 5 6 4 
1 6 10 16 65 2 7 4 
1 2 3 70 68 8 2 9 
1 6 43 51 35 2 5 5 
4 2 12 62 60 1 6 4 
6 6 23 42 28 8 3 2 
3 1 0 49 17 3 1 6 
5 3 27 59 65 8 0 3 
9 3 3 40 67 7 7 5 
3 8 32 55 23 6 2 2 
2 9 13 62 44 3 5 6 
3 4 19 19 72 4 3 0 
5 1 55 78 27 3 8 4 
4 0 0 98 35 0 4 8 
6 9 37 52 62 3 9 2 
4 8 27 45 34 2 0 1 
1 9 15 68 66 7 0 6 
8 7 62 0 37 8 3 2 
2 4 33 20 50 9 6 1 
8 2 0 13 16 8 9 4 
5 0 26 49 26 0 5 8 
2 5 30 54 12 6 2 1 
8 9 34 59 79 2 0 4 
4 9 2 52 76 3 3 9 
5 0 26 59 66 5 4 1 
5 1 6 9 40 8 2 9 
1 3 30 37 32 4 3 4 
0 2 20 55 69 0 0 0 
6 3 37 71 41 6 8 0 
8 0 0 67 33 5 6 3 
1 0 65 50 58 7 0 1 
5 5 35 66 71 3 6 6 
6 8 25 67 47 1 6 5 
4 4 36 71 15 3 2 7 
9 7 0 36 59 2 4 5 
6 0 39 77 36 7 7 3 
6 1 50 34 70 6 0 1 
3 0 41 68 56 4 2 4 
3 1 14 45 54 3 0 7 
5 6 25 90 23 6 9 3 
3 5 0 54 39 4 4 0 
2 0 45 57 60 6 4 2 
4 1 41 33 60 6 8 2 
5 8 59 65 45 9 2 0 
9 7 32 14 73 5 1 1 
7 4 32 83 65 5 4 8 
2 0 7 17 31 7 7 0 
6 4 41 22 0 4 9 7 
5 8 22 20 70 0 5 6 
7 7 44 85 82 0 0 2 
4 1 21 45 53 9 2 1 
9 1 47 28 34 9 3 2 
8 8 30 69 63 2 2 9 
1 1 35 46 66 7 3 9 
1 7 19 44 59 4 3 4 
5 7 51 52 54 7 7 1 
9 3 69 40 47 3 1 5 
5 6 40 52 17 0 6 2 
8 0 55 29 72 7 2 7 
6 9 31 61 61 5 6 0 
8 8 24 33 28 4 3 1 
7 4 18 79 36 6 7 6 
8 1 26 21 26 1 0 7 
7 7 17 60 51 9 5 6 
8 2 41 21 57 5 8 9 
5 5 31 74 24 3 2 9 
8 3 0 63 46 4 3 6 
2 0 1 73 67 7 8 6 
1 3 13 23 79 8 2 4 
3 1 38 46 51 5 1 7 
0 1 35 34 44 5 9 4 
7 2 8 63 45 9 2 8 
2 5 29 54 94 9 2 4 
3 7 33 24 42 2 4 0 
9 1 59 30 38 5 0 8 
9 8 48 34 64 5 3 8 
1 4 44 20 73 0 4 5 
8 8 9 60 67 2 3 1 
8 8 59 37 84 4 8 2 
5 0 60 48 17 5 1 4 
5 2 6 74 67 6 6 9 
5 2 6 36 63 5 5 2 
9 2 42 47 44 4 5 6 
4 4 16 45 67 5 2 1 
2 3 16 8 46 6 8 0 
0 0 25 68 85 7 8 6 
9 0 23 40 64 7 0 8 
0 2 25 65 66 6 9 6 
6 6 11 26 42 5 1 1 
5 8 9 68 45 1 3 4 
4 9 29 46 71 1 7 9 
2 5 46 32 39 8 0 6 
2 9 32 25 39 3 0 9 
0 0 53 12 17 9 0 2 
9 7 58 92 51 8 2 2 
9 8 42 8 62 2 3 4 
4 5 33 42 15 8 9 6 
3 9 63 55 45 6 0 7 
3 2 58 71 84 8 3 9 
1 5 29 55 0 0 6 6 
7 6 15 51 34 0 4 9 
4 4 28 73 14 7 6 3 
9 7 63 93 49 9 0 1 
9 0 27 38 35 1 3 1 
9 1 45 71 35 5 0 2 
3 0 20 35 21 4 1 4 
2 9 35 62 67 3 9 5 
7 9 44 32 63 5 0 3 
6 6 22 49 77 7 6 4 
0 8 59 8 41 1 1 7 
0 5 38 24 73 3 7 5 
7 3 10 37 70 0 6 7 
8 9 49 26 38 0 7 1 
3 9 12 43 53 3 9 6 
6 6 25 80 36 0 1 6 
5 5 24 48 89 4 6 6 
7 1 29 22 51 8 0 7 
0 1 39 42 48 4 1 0 
7 8 47 62 45 9 0 0 
5 6 30 62 47 6 0 5 
7 4 35 85 14 4 5 5 
0 9 61 10 31 9 7 6 
2 7 53 59 44 2 7 4 
5 8 50 45 49 0 5 1 
9 7 32 61 70 2 4 0 
6 0 43 74 38 9 9 2 
0 4 16 35 22 0 8 3 
8 5 64 0 64 7 3 7 
3 7 19 56 31 3 7 7 
6 5 34 39 69 2 4 9 
2 6 16 41 53 6 4 6 
2 1 20 63 56 9 5 9 
7 2 40 31 23 9 1 6 
7 0 40 68 68 3 6 8 
9 6 16 67 66 9 7 8 
0 1 8 47 0 6 5 4 
0 1 46 42 32 8 3 3 
3 5 0 62 61 1 0 3 
2 2 57 27 46 4 8 5 
2 3 77 41 65 9 1 8 
4 2 0 43 34 3 1 7 
8 3 71 62 92 6 3 3 
4 5 33 27 74 4 5 4 
5 0 24 60 63 7 2 0 
6 7 38 13 67 2 6 4 
5 7 15 72 34 0 2 1 
2 0 23 75 65 3 6 7 
4 2 21 37 71 7 7 9 
7 7 26 45 67 4 7 6 
6 5 63 30 81 0 1 6 
8 3 40 63 43 4 0 3 
8 6 0 48 9 5 1 4 
4 9 45 53 45 6 0 5 
6 4 68 43 31 4 7 4 
5 7 19 67 31 1 1 1 
1 4 42 62 38 6 0 1 
5 8 0 56 39 2 0 9 
2 0 11 10 62 2 3 4 
7 0 74 44 53 0 6 6 
4 6 38 47 7 7 7 8 
2 4 15 66 71 3 2 9 
6 5 33 52 74 8 3 4 
8 6 18 40 57 8 8 6 
1 0 29 58 70 7 8 3 
0 0 14 15 89 4 8 0 
5 0 47 41 29 6 8 1 
1 3 52 55 59 6 0 4 
6 9 57 11 87 0 0 5 
4 2 29 40 52 9 3 3 
4 8 23 60 68 7 9 2 
1 9 36 91 43 2 8 2 
0 7 25 67 65 5 1 2 
8 2 10 54 33 8 9 0 
2 2 11 36 40 7 3 6 
7 0 30 70 90 6 0 4 
3 1 47 22 60 0 7 4 
7 5 31 44 79 5 0 2 
7 6 4 56 32 8 4 4 
8 4 14 59 50 3 3 6 
7 7 12 51 57 1 4 0 
1 4 25 38 27 4 6 4 
7 8 37 70 40 9 1 6 
5 9 8 49 27 9 5 1 
1 4 21 33 15 1 9 1 
9 8 41 27 61 5 0 9 
2 5 40 89 55 7 6 8 
1 7 25 54 51 7 9 8 
5 6 32 62 27 9 4 4 
2 9 38 21 75 3 3 4 
7 2 27 73 50 5 4 1 
9 9 33 60 57 9 2 1 
9 8 39 86 47 7 5 0 
9 8 28 34 20 8 6 9 
2 5 12 61 31 6 3 4 
4 6 5 53 36 7 1 1 
3 8 14 52 49 8 9 8 
1 5 0 79 51 7 2 5 
0 6 52 65 62 2 2 4 
4 4 53 53 56 2 4 7 
8 4 73 51 60 1 1 0 
1 9 51 37 43 0 5 0 
5 9 34 89 36 5 1 1 
8 6 11 51 35 6 6 1 
1 3 15 27 46 2 4 9 
7 8 13 49 89 1 7 1 
7 7 44 45 15 6 1 2 
9 3 35 32 52 2 7 8 
1 2 23 53 32 5 2 2 
1 3 39 24 60 0 7 8 
7 0 0 36 34 9 3 6 
0 0 32 41 46 4 2 2 
3 8 35 38 38 6 0 0 
0 0 57 55 68 4 7 8 
1 7 57 10 50 3 2 1 
8 9 37 63 47 1 4 0 
9 9 0 40 52 6 7 9 
5 4 54 21 29 2 1 9 
8 3 14 58 29 5 1 6 
0 6 0 47 27 9 1 2 
8 3 35 57 42 6 7 6 
4 3 45 37 68 1 2 6 
6 0 29 37 50 2 0 1 
0 8 33 73 52 4 5 1 
3 5 28 67 63 9 1 0 
2 4 5 25 35 1 5 6 
2 6 64 51 10 8 7 3 
9 4 28 35 31 9 8 9 
2 7 32 49 48 3 6 8 
4 5 39 55 68 9 5 5 
3 8 14 46 76 4 5 5 
9 8 36 75 41 9 4 8 
8 5 20 48 42 4 9 1 
9 9 18 44 71 4 6 5 
2 6 31 59 59 6 7 5 
0 7 12 70 39 1 5 4 
9 4 54 19 37 9 9 1 
1 5 36 60 47 8 8 4 
2 6 89 55 25 5 0 1 
4 4 43 76 88 6 0 9 
9 5 38 37 66 1 4 9 
8 0 41 66 81 4 4 6 
0 6 43 25 55 0 7 9 
3 7 35 45 34 9 8 3 
0 6 44 32 43 7 6 4 
1 7 21 36 29 5 9 9 
0 0 22 34 42 4 6 8 
7 0 27 38 67 0 4 1 
6 0 56 38 34 6 9 4 
7 3 22 71 34 6 5 1 
1 1 17 68 79 3 4 0 
0 7 59 24 10 0 2 6 
4 6 15 70 21 2 1 5 
3 8 29 25 59 1 3 4 
6 1 31 27 35 4 2 4 
4 3 54 61 55 3 9 1 
5 7 0 61 22 1 9 5 
8 6 20 7 61 9 9 1 
5 7 42 28 60 2 6 3 
1 2 0 37 50 4 7 0 
4 0 20 75 80 9 5 4 
4 0 2 69 104 2 9 2 
6 1 42 81 86 0 1 9 
5 3 1 72 67 4 9 7 
7 1 61 31 72 8 9 1 
6 6 4 34 26 3 6 2 
7 3 0 75 33 5 2 6 
5 5 41 59 54 6 7 1 
2 2 56 53 39 1 7 3 
9 9 38 54 91 8 6 0 
1 1 0 85 65 0 1 8 
6 3 39 32 19 9 8 0 
0 2 26 43 63 2 8 5 
8 3 60 60 58 3 8 6 
2 1 3 82 60 5 5 0 
0 5 68 61 30 8 8 4 
1 7 49 72 76 6 1 5 
1 3 6 42 54 8 7 8 
9 3 30 99 46 3 9 5 
3 2 50 42 24 4 1 1 
8 3 0 118 70 1 9 2 
4 1 42 19 56 0 5 4 
6 4 29 54 26 8 1 9 
9 8 28 44 49 2 6 5 
7 3 13 82 73 3 9 0 
4 9 29 91 74 5 7 1 
9 6 58 6 41 4 9 6 
8 6 13 43 83 3 2 1 
2 9 39 52 40 3 9 1 
8 4 0 33 8 8 4 4 
1 0 31 42 23 9 6 7 
7 6 37 39 67 5 3 1 
2 1 57 49 56 6 6 1 
6 6 48 35 27 0 9 3 
6 5 19 38 31 8 7 7 
1 0 32 36 76 5 1 3 
1 5 52 87 35 2 2 6 
3 1 18 63 82 7 2 6 
6 3 2 36 52 0 9 1 
1 8 63 28 76 8 0 1 
0 8 2 89 57 8 2 1 
2 2 37 36 52 9 2 9 
9 7 32 86 92 9 9 1 
9 8 75 51 77 2 1 8 
4 2 11 19 40 8 0 9 
7 0 31 48 37 1 0 7 
8 3 0 31 19 1 7 5 
2 6 58 0 32 9 5 1 
4 4 27 60 78 5 9 9 
7 4 56 69 41 0 3 2 
2 7 37 38 57 2 4 8 
7 5 73 58 67 0 1 7 
4 9 22 54 0 6 7 5 
7 7 24 30 36 1 7 5 
1 4 18 30 76 3 9 0 
6 1 39 72 67 3 1 9 
6 3 15 51 72 4 8 8 
7 5 0 38 53 8 0 6 
6 7 18 39 59 3 1 0 
3 1 17 52 55 1 1 6 
0 0 60 19 50 7 6 0 
8 4 61 42 41 3 5 9 
3 3 42 16 36 0 1 8 
5 8 4 62 75 5 6 3 
9 3 44 40 1 7 5 5 
3 7 0 83 39 7 3 7 
1 0 77 60 21 9 0 6 
0 6 81 54 23 2 1 4 
6 4 18 47 60 9 8 3 
7 6 26 47 31 0 0 1 
0 4 32 21 73 5 2 7 
9 4 30 66 64 7 9 3 
7 5 19 89 39 1 6 4 
1 2 41 40 65 5 2 5 
9 4 32 38 45 2 8 7 
7 2 0 68 60 5 4 7 
9 4 24 38 45 7 6 9 
7 1 22 40 55 8 7 1 
9 0 27 63 68 2 6 7 
3 0 0 86 59 4 5 5 
4 5 40 51 12 9 2 7 
8 4 24 58 50 2 5 9 
8 5 44 47 52 6 4 9 
2 0 41 28 64 4 5 4 
9 4 11 46 46 6 8 1 
0 8 29 63 60 8 3 3 
8 8 16 79 84 1 1 2 
8 9 5 63 75 4 7 8 
9 9 14 78 31 5 5 2 
6 7 86 43 59 9 4 3 
9 7 41 46 9 0 6 9 
9 4 76 37 15 8 7 1 
7 7 52 63 68 1 4 3 
6 4 29 24 53 3 4 7 
4 6 61 65 25 6 4 1 
3 7 47 33 76 7 8 0 
4 1 60 11 64 0 0 5 
6 8 25 45 63 2 7 6 
7 3 30 3 69 1 4 3 
1 4 90 38 51 6 6 9 
0 8 11 68 91 6 5 2 
3 0 23 6 53 9 1 0 
2 5 15 55 9 0 2 0 
6 0 25 22 61 6 4 9 
0 6 11 80 21 7 8 5 
6 0 26 29 23 9 4 4 
1 7 44 6 44 8 8 6 
5 1 51 35 33 9 4 1 
6 1 37 45 48 9 0 7 
2 7 4 64 54 3 8 0 
0 7 63 75 60 8 9 3 
3 9 9 25 91 3 1 8 
3 5 43 24 68 5 5 2 
1 2 32 70 79 2 0 2 
4 8 18 57 43 7 9 4 
4 5 33 19 37 8 7 3 
5 4 1 72 39 5 5 7 
6 4 35 46 50 2 0 5 
0 9 28 59 78 4 9 2 
8 6 7 27 58 2 9 5 
8 1 65 80 85 0 0 3 
9 8 42 64 10 5 8 2 
3 3 18 72 59 0 5 7 
0 4 11 46 21 3 9 2 
2 1 32 52 39 5 2 9 
9 9 26 66 59 4 8 9 
1 8 53 41 72 2 3 2 
5 1 11 99 55 2 3 0 
9 0 0 40 26 3 8 8 
9 9 43 56 67 5 8 8 
6 9 34 20 28 8 6 0 
9 4 27 52 23 5 6 4 
4 5 48 51 49 2 7 7 
9 4 13 56 47 4 2 5 
7 6 22 53 41 4 0 1 
6 8 41 40 41 5 3 5 
5 8 54 53 56 8 8 6 
3 0 51 30 34 2 8 7 
7 0 15 43 52 4 2 8 
4 0 33 49 48 9 4 6 
0 9 17 26 68 4 5 0 
8 7 40 36 43 0 4 4 
2 4 10 33 53 8 8 2 
3 8 18 44 51 8 4 9 
6 3 5 14 34 4 6 1 
3 1 33 16 66 4 5 3 
1 7 11 51 12 2 7 0 
7 8 41 58 73 8 3 3 
4 9 79 50 80 9 9 5 
4 2 31 74 42 7 9 7 
9 8 37 49 41 5 5 9 
6 1 51 55 26 7 3 2 
7 5 2 42 37 5 2 9 
4 6 39 70 82 9 2 9 
9 3 44 73 62 9 2 0 
9 4 37 40 26 1 1 8 
5 7 70 34 51 6 9 6 
0 1 49 94 31 8 8 9 
4 6 23 20 29 4 9 3 
8 8 22 29 35 3 8 9 
4 1 15 66 25 1 1 8 
2 1 15 46 37 6 8 4 
5 4 29 32 65 2 0 0 
8 1 46 66 61 7 0 8 
1 4 56 13 25 4 7 2 
1 5 0 49 72 4 9 0 
8 3 25 73 50 8 5 6 
8 3 43 77 76 7 3 0 
4 4 44 75 58 6 7 2 
7 1 27 38 26 5 1 4 
6 8 40 33 37 2 4 9 
0 7 47 41 100 8 6 7 
1 1 53 60 75 5 7 1 
4 9 9 32 24 5 2 8 
9 0 0 64 23 3 0 6 
8 2 0 25 75 0 2 8 
1 1 41 33 63 1 1 4 
2 5 0 38 57 3 6 5 
7 2 22 49 46 5 1 0 
6 9 43 70 17 1 2 2 
4 0 6 70 65 6 0 1 
5 7 28 19 59 4 0 3 
9 1 80 47 28 4 6 5 
0 6 27 60 43 8 2 6 
1 6 17 64 34 5 4 0 
0 1 59 59 58 1 5 9 
3 0 23 55 55 8 8 9 
4 4 47 48 59 3 8 7 
8 0 29 9 29 6 0 2 
4 5 5 62 52 0 0 5 
5 4 23 45 28 6 8 0 
0 8 30 90 66 1 0 8 
8 6 44 22 25 9 3 2 
7 4 52 69 98 8 3 0 
9 9 62 45 35 0 2 2 
3 0 11 53 45 6 6 7 
6 0 0 36 41 8 7 9 
3 1 38 55 54 6 7 5 
8 5 25 92 42 7 6 4 
6 4 0 43 34 9 1 3 
8 7 16 40 49 4 5 0 
4 9 44 67 60 3 1 4 
1 3 0 30 61 7 9 8 
5 6 21 64 33 9 5 7 
5 3 32 51 36 2 2 1 
4 1 50 18 46 0 9 0 
8 1 12 48 61 0 3 4 
3 0 66 78 58 4 3 8 
2 5 19 29 50 9 3 1 
3 7 36 13 77 7 4 1 
6 0 37 46 35 3 6 8 
1 7 49 42 48 4 0 0 
1 0 58 71 16 2 0 4 
7 6 47 34 61 2 7 1 
4 3 0 22 106 8 9 4 
1 5 58 46 38 7 5 1 
8 6 23 49 38 5 2 5 
3 5 0 33 89 7 4 7 
2 0 16 55 12 4 4 8 
3 8 48 27 50 2 8 9 
1 7 32 19 59 9 5 6 
2 8 16 65 36 9 4 7 
8 8 26 42 40 1 1 3 
5 5 50 62 58 0 1 6 
7 8 13 93 38 1 2 3 
9 5 42 55 51 0 3 2 
2 4 52 88 42 2 0 3 
6 3 38 77 42 1 5 7 
7 2 28 44 44 0 4 0 
8 0 12 99 46 4 7 3 
5 5 60 64 37 1 8 4 
2 1 53 15 64 5 1 5 
3 5 10 22 40 0 3 0 
0 7 24 52 19 8 3 4 
8 4 0 70 61 9 6 0 
0 4 74 79 71 0 4 1 
2 7 0 53 91 9 7 1 
6 1 30 26 62 6 1 8 
6 2 71 74 22 5 3 6 
0 8 55 57 27 2 0 9 
8 7 0 50 39 2 8 0 
0 5 6 54 76 0 0 0 
0 5 5 48 60 3 5 8 
5 9 0 37 47 2 7 0 
1 4 24 25 65 2 3 9 
1 3 2 31 37 2 5 0 
2 6 70 94 40 8 7 0 
4 7 12 25 31 1 3 0 
4 7 49 19 75 2 5 9 
3 5 24 81 58 2 5 6 
5 4 34 29 60 0 4 8 
5 7 16 74 50 8 7 8 
5 2 7 77 55 8 2 3 
8 9 44 18 30 8 9 6 
8 5 35 82 43 3 9 1 
4 3 5 11 30 0 4 8 
9 2 41 45 108 2 1 2 
6 4 53 65 73 7 1 7 
1 3 49 52 72 6 0 6 
0 9 23 66 46 0 0 7 
3 6 31 12 27 6 6 0 
0 9 27 38 84 4 2 6 
8 7 40 6 69 6 6 8 
7 5 39 16 52 2 6 4 
8 7 41 45 117 1 4 2 
6 7 29 53 58 6 7 1 
5 9 12 22 69 8 1 9 
6 6 49 33 64 3 0 0 
0 1 42 13 40 6 5 2 
8 4 14 46 43 4 0 7 
9 1 40 106 34 3 9 7 
6 7 58 26 47 0 0 2 
3 5 31 11 39 2 7 3 
4 6 45 60 34 8 2 1 
1 8 45 37 93 0 7 5 
7 9 31 57 23 7 3 5 
6 2 57 70 66 4 0 5 
5 7 16 50 45 3 2 0 
6 9 7 13 75 0 5 4 
4 8 11 57 77 8 9 5 
0 4 35 51 85 7 3 6 
0 9 24 18 26 0 6 7 
9 9 33 57 62 4 6 6 
7 7 0 66 58 6 4 5 
9 8 0 2 56 7 9 0 
0 1 30 48 36 3 1 8 
0 7 47 55 56 4 1 3 
2 5 79 71 2 5 5 9 
6 2 15 74 76 1 0 9 
5 6 50 77 50 0 2 2 
0 6 0 67 33 4 9 7 
5 6 48 38 45 6 8 9 
1 7 60 3 51 3 1 2 
7 1 42 75 30 3 1 8 
5 9 22 61 46 5 2 3 
1 7 31 29 93 3 8 6 
7 5 15 45 72 8 4 6 
5 3 55 58 62 0 9 8 
6 7 59 51 49 1 5 2 
1 4 52 75 55 2 3 5 
5 6 0 45 66 4 7 6 
7 4 6 30 39 2 5 0 
9 1 24 54 44 8 2 8 
6 8 37 40 62 9 8 5 
7 0 45 36 49 1 7 6 
8 2 18 32 56 2 4 8 
4 3 20 46 56 3 0 5 
5 1 24 35 6 1 7 1 
8 8 30 58 9 2 3 8 
8 7 10 61 91 2 4 7 
2 6 13 55 43 1 5 3 
5 1 17 14 52 8 7 5 
0 3 43 67 46 7 2 7 
2 3 10 40 72 6 7 7 
3 0 25 29 50 0 2 5 
1 4 34 37 21 7 3 2 
8 9 60 0 52 5 9 9 
5 2 1 46 60 8 1 1 
1 6 59 45 72 7 1 8 
0 0 24 14 48 9 2 9 
1 8 64 28 94 9 0 7 
7 2 30 56 70 5 0 4 
9 0 41 21 74 8 8 0 
3 9 28 57 49 9 8 7 
6 1 35 66 9 1 1 6 
5 6 30 76 62 3 3 1 
8 0 46 65 47 1 7 6 
8 1 59 52 38 0 6 8 
2 6 24 8 73 4 4 1 
0 6 48 70 62 1 9 8 
9 9 30 42 71 8 2 7 
3 2 54 22 79 9 5 3 
5 4 22 2 38 5 7 4 
2 0 0 79 40 9 8 8 
8 7 32 33 70 4 7 4 
1 3 61 75 56 6 7 1 
6 3 49 42 21 5 2 6 
1 8 43 39 91 7 6 0 
3 9 39 39 27 4 1 4 
5 4 30 20 33 5 4 9 
2 8 0 69 41 1 7 9 
5 2 61 92 26 1 9 9 
4 5 0 3 47 3 9 5 
4 6 19 66 61 1 0 7 
7 9 27 40 43 4 6 3 
3 4 36 93 36 0 8 1 
2 5 0 35 39 4 8 7 
4 3 28 46 56 3 9 7 
3 5 36 17 65 9 8 1 
9 2 26 74 46 3 1 4 
8 1 58 63 34 0 7 9 
4 9 13 36 34 7 1 6 
3 3 50 62 16 2 9 8 
2 6 41 46 60 3 8 7 
5 8 37 41 40 2 3 9 
8 2 66 53 28 0 9 0 
9 7 36 23 75 1 8 1 
3 0 35 51 62 4 2 4 
0 2 47 36 83 6 5 3 
1 5 53 63 48 0 0 7 
8 2 22 53 53 1 8 8 
1 2 62 73 45 0 0 7 
0 9 43 61 46 8 4 4 
7 2 28 58 44 4 8 7 
2 4 28 73 70 5 9 7 
3 9 21 67 61 2 3 3 
7 0 33 57 61 6 6 1 
3 0 54 25 48 9 3 0 
9 5 44 35 38 3 2 3 
4 0 49 47 0 3 5 9 
3 0 13 59 15 7 3 0 
6 3 30 39 18 8 7 1 
4 8 53 26 46 2 8 9 
1 7 42 48 57 8 2 3 
5 8 0 27 5 8 2 0 
4 0 22 42 31 8 1 3 
1 2 38 41 78 1 4 1 
8 9 20 37 55 0 4 8 
9 0 35 48 49 5 1 5 
3 5 76 16 12 9 3 8 
6 1 4 34 76 3 8 5 
7 5 0 61 50 6 0 9 
1 2 0 52 61 5 8 5 
3 4 30 42 72 8 2 4 
7 9 40 75 25 9 0 8 
0 8 9 52 71 5 2 9 
1 4 30 1 47 3 2 3 
0 0 0 70 52 3 9 7 
0 7 36 54 41 2 8 4 
0 4 33 65 54 4 1 9 
7 5 56 16 20 4 0 4 
4 6 9 31 33 9 5 4 
3 4 77 57 18 0 5 9 
4 7 0 28 66 1 8 2 
5 8 14 96 64 4 4 0 
1 5 20 46 47 5 1 2 
5 1 7 62 46 2 7 5 
0 2 9 49 79 7 2 7 
6 5 5 68 42 5 1 0 
7 4 16 47 55 2 8 6 
6 6 57 45 36 0 8 6 
0 8 22 41 30 1 0 4 
8 8 46 46 54 7 0 1 
8 6 17 42 42 0 7 0 
2 2 17 56 63 6 0 0 
7 1 20 60 31 2 2 8 
6 5 29 55 54 0 8 5 
3 4 43 46 30 6 8 1 
2 3 10 56 27 2 0 8 
1 5 46 63 19 2 3 4 
9 9 29 113 46 2 0 9 
9 1 8 51 14 0 0 7 
0 6 28 36 74 0 3 3 
2 6 0 79 59 9 2 3 
2 5 55 45 28 7 2 5 
4 9 35 58 63 8 8 2 
3 4 33 44 0 7 1 5 
6 4 64 48 53 6 4 7 
5 7 55 37 42 2 9 2 
9 3 21 51 43 5 5 9 
8 9 33 54 58 4 0 6 
3 9 15 46 61 4 8 9 
8 4 0 41 78 4 2 3 
4 0 24 58 17 4 9 9 
6 9 50 93 30 4 2 8 
7 7 44 66 35 2 9 6 
4 1 40 64 70 9 0 5 
7 7 16 60 65 2 2 7 
3 1 46 27 69 7 1 6 
1 2 21 80 84 8 6 4 
2 5 63 56 48 9 8 2 
0 8 45 38 56 7 3 5 
2 9 45 49 92 0 4 9 
7 9 48 61 3 9 0 7 
2 5 9 37 47 0 9 6 
7 9 56 33 34 9 0 7 
5 5 39 41 35 1 8 8 
3 1 63 36 74 0 6 2 
1 5 33 73 27 8 8 1 
0 6 10 46 61 6 6 7 
1 0 0 56 68 6 3 7 
9 3 28 55 34 8 0 6 
3 3 0 36 62 7 5 6 
1 1 38 32 44 2 4 4 
1 9 22 45 53 8 3 7 
1 2 31 35 57 5 8 0 
5 2 50 51 63 6 6 8 
2 5 34 61 34 7 3 5 
4 4 34 74 58 2 5 9 
6 5 48 86 69 8 4 1 
6 8 25 68 34 8 2 8 
1 1 37 62 75 0 9 6 
6 4 38 46 71 8 0 7 
5 3 0 62 48 6 1 2 
4 3 11 50 16 8 7 0 
9 8 39 28 46 6 6 4 
0 5 0 53 40 2 3 6 
7 5 2 62 24 8 8 0 
1 3 37 33 36 4 8 8 
7 6 15 68 57 1 0 3 
5 2 84 12 35 9 6 7 
1 7 42 40 77 1 0 6 
2 4 17 33 41 0 1 5 
9 3 58 26 60 4 4 5 
1 8 67 63 67 3 7 8 
5 4 41 46 34 3 0 5 
0 0 40 45 0 7 2 9 
1 9 57 42 42 7 1 2 
6 0 42 90 58 4 2 3 
8 4 60 64 36 5 8 3 
8 6 55 39 46 1 3 9 
4 5 9 55 45 5 8 2 
6 8 28 89 49 5 6 7 
5 2 13 30 92 1 8 7 
2 9 23 54 45 4 3 9 
5 7 61 28 66 0 2 0 
4 8 28 50 42 7 8 5 
3 3 6 50 42 5 5 0 
0 5 35 72 0 1 1 7 
2 3 16 81 67 2 3 1 
6 5 24 56 48 9 7 7 
1 6 43 28 42 1 9 0 
4 8 5 42 35 8 9 1 
5 9 45 69 30 1 1 1 
5 2 19 91 76 4 3 9 
1 3 28 27 41 3 1 3 
1 1 14 61 77 8 5 5 
4 1 0 24 50 0 7 8 
3 7 2 32 61 5 9 7 
7 7 69 50 23 9 4 3 
3 5 7 25 49 4 9 8 
5 7 90 49 63 4 0 7 
0 8 30 30 82 2 6 5 
3 9 80 35 103 5 7 5 
4 2 22 44 26 9 1 3 
4 2 28 57 45 3 1 2 
9 3 0 59 28 1 9 2 
8 9 34 29 54 3 7 8 
4 5 79 48 40 0 8 4 
3 4 15 50 51 3 3 1 
2 8 4 31 86 9 6 4 
2 2 24 63 51 6 1 2 
9 0 42 14 63 0 8 5 
3 1 19 8 12 4 4 3 
4 8 59 58 62 2 4 3 
1 4 42 59 20 5 3 6 
2 5 17 54 36 8 1 3 
6 4 22 78 15 3 6 6 
6 9 30 60 65 7 7 2 
6 0 28 32 89 2 4 6 
9 0 37 66 67 7 8 3 
1 1 47 56 75 7 6 3 
3 9 3 38 45 1 8 2 
1 6 43 82 38 3 8 6 
8 9 39 53 55 9 2 8 
6 6 61 34 80 8 0 7 
9 9 50 56 78 2 8 0 
5 1 17 66 56 5 0 3 
6 2 10 68 58 1 0 2 
3 6 17 12 0 9 1 4 
2 1 2 78 9 4 2 0 
6 0 13 62 28 0 0 9 
2 8 57 89 35 1 8 6 
6 5 10 69 66 3 9 9 
1 7 29 45 65 3 3 2 
5 7 55 34 29 8 6 9 
6 0 9 41 27 4 3 3 
9 3 47 61 96 8 6 0 
6 8 7 94 79 7 1 8 
4 4 40 55 33 1 3 7 
3 9 0 45 37 7 7 8 
0 0 16 67 47 5 4 5 
8 3 72 69 29 3 1 1 
3 2 31 81 59 8 3 8 
7 0 2 57 7 9 4 4 
7 8 37 45 34 4 6 2 
4 1 24 6 86 8 0 6 
2 7 36 57 59 6 7 6 
2 7 43 28 34 3 5 7 
7 6 45 26 26 7 3 3 
6 8 74 43 58 9 4 8 
9 3 2 46 78 4 2 3 
8 4 26 51 22 6 8 3 
6 0 57 72 46 9 7 3 
7 3 5 47 53 6 3 6 
5 6 75 66 51 9 0 9 
4 6 21 32 73 9 1 2 
1 8 38 60 45 2 4 9 
6 3 34 78 76 3 6 0 
6 1 53 84 75 9 6 3 
9 8 7 60 41 5 1 0 
0 6 18 78 51 2 8 1 
4 3 45 46 46 7 8 8 
9 6 5 89 64 6 8 8 
8 9 23 65 37 9 2 9 
4 2 35 34 36 2 3 9 
2 7 58 34 20 5 1 0 
9 6 17 56 66 5 0 4 
1 1 63 55 28 9 7 2 
6 1 39 51 81 3 3 1 
9 8 29 52 55 8 2 1 
5 3 61 67 80 7 5 2 
9 9 34 58 108 1 2 7 
3 9 59 52 55 3 3 0 
6 1 21 39 46 2 9 0 
1 9 54 74 58 7 1 5 
5 3 49 38 29 3 7 4 
1 0 41 44 92 1 8 0 
3 4 67 77 41 2 6 5 
0 9 20 41 66 2 1 5 
4 2 43 92 46 0 4 2 
3 4 46 50 30 2 1 8 
4 3 17 68 60 1 7 8 
0 1 58 12 67 0 6 9 
7 2 37 73 42 0 5 3 
0 6 40 45 33 9 0 9 
0 4 23 55 66 7 9 8 
0 7 30 19 59 9 1 1 
5 2 15 38 34 1 5 6 
4 1 27 23 40 0 4 5 
4 5 29 46 8 8 3 0 
6 0 23 36 54 9 9 7 
8 8 50 49 47 9 6 5 
6 0 59 46 57 9 9 9 
1 0 29 63 44 5 1 5 
0 0 13 53 54 6 3 9 
5 6 29 63 44 5 1 1 
0 6 57 68 44 5 7 0 
5 5 5 39 51 1 8 8 
1 7 25 40 21 3 0 6 
7 3 20 57 53 2 5 3 
8 9 31 65 43 8 8 7 
0 8 36 57 69 0 5 9 
7 3 14 65 53 4 3 7 
9 9 27 47 50 5 1 2 
8 1 1 61 40 2 3 3 
7 4 43 31 62 1 2 4 
8 0 54 47 25 4 7 0 
6 4 35 53 70 2 5 7 
4 4 15 37 75 2 7 7 
3 0 52 59 76 2 9 0 
4 4 67 44 45 5 5 5 
0 3 45 31 76 7 4 9 
9 6 52 56 69 0 3 3 
3 2 0 66 46 3 4 2 
0 6 58 33 31 0 3 9 
9 3 27 22 76 1 2 9 
6 1 0 35 17 1 8 2 
7 9 14 58 24 9 3 7 
8 7 45 40 67 1 9 2 
3 2 21 3 70 5 3 1 
6 5 26 3 85 3 3 9 
7 2 26 57 48 2 9 4 
2 7 57 29 32 4 6 0 
8 0 25 55 33 5 3 3 
9 1 17 33 80 2 1 3 
3 9 11 43 0 2 2 3 
1 3 42 90 39 3 9 8 
1 0 25 51 26 5 7 4 
0 5 51 51 40 9 3 5 
4 8 39 8 55 4 0 1 
6 0 45 56 36 7 6 9 
7 7 13 27 24 2 9 3 
6 3 21 20 112 9 8 0 
3 6 34 7 96 8 8 6 
7 3 33 38 71 7 8 0 
5 3 28 37 11 1 6 7 
4 5 15 54 63 9 0 6 
3 8 48 70 55 4 4 0 
1 4 35 44 60 0 8 9 
9 9 36 43 29 5 6 3 
1 1 67 86 84 8 9 5 
0 2 37 58 54 0 4 2 
6 7 80 46 33 3 4 6 
6 8 59 68 73 9 3 4 
5 8 24 65 49 5 8 1 
4 0 38 75 54 8 0 3 
0 0 20 96 50 7 5 7 
6 1 64 51 53 4 6 3 
3 8 0 27 25 0 2 0 
9 4 16 78 72 8 4 5 
0 0 13 59 20 6 9 5 
6 6 37 59 80 7 1 9 
5 1 46 65 65 7 4 2 
2 5 64 39 67 4 9 7 
1 7 21 70 44 3 3 1 
1 4 9 67 64 0 5 5 
0 7 51 40 15 8 2 7 
6 7 30 55 42 8 0 0 
3 5 29 54 34 4 4 0 
3 7 19 52 35 4 6 7 
7 0 0 40 27 0 8 5 
2 5 16 81 76 7 0 8 
0 1 22 78 31 1 1 8 
4 1 71 32 17 3 6 8 
6 9 9 54 72 5 8 1 
0 1 41 59 45 2 1 9 
2 0 22 45 69 4 1 4 
5 4 11 63 102 3 6 8 
4 6 0 47 32 7 9 0 
5 3 46 35 49 8 9 3 
1 1 81 57 63 0 4 0 
2 4 24 59 33 0 7 1 
7 4 28 57 52 7 4 5 
0 4 48 43 45 5 9 7 
4 3 24 33 27 7 5 1 
8 9 17 36 28 4 5 7 
0 0 0 25 44 5 1 3 
7 9 70 72 83 5 1 7 
4 9 24 60 25 8 4 2 
4 5 0 69 64 4 0 6 
1 2 0 48 49 2 3 8 
7 3 33 96 45 4 9 6 
4 3 37 31 36 6 9 8 
8 6 33 71 37 8 8 7 
7 6 31 58 64 7 0 7 
6 4 46 52 74 1 1 6 
2 6 18 48 49 1 5 4 
3 1 20 27 64 2 1 5 
2 4 26 58 71 4 0 8 
9 8 9 41 37 8 2 1 
8 8 27 65 95 2 7 0 
1 3 24 42 57 9 6 5 
3 3 9 30 22 6 3 6 
9 5 53 57 28 1 0 0 
9 2 26 43 90 4 4 0 
7 2 27 21 69 6 4 6 
5 1 0 65 69 9 9 1 
1 8 23 67 70 0 8 7 
9 1 42 33 55 3 4 4 
7 1 24 53 72 0 0 1 
1 3 14 47 50 7 5 0 
9 3 54 52 81 1 8 1 
5 2 21 46 72 1 4 1 
4 6 47 53 36 9 2 5 
8 4 16 39 77 2 1 1 
6 4 39 12 61 4 0 0 
3 7 27 27 45 0 9 7 
5 6 37 42 93 0 8 7 
9 6 6 33 41 4 4 1 
0 4 30 50 37 1 5 7 
7 7 9 29 53 9 0 1 
6 1 31 31 52 4 1 1 
1 5 26 49 51 2 8 1 
1 5 72 14 27 1 6 5 
4 4 23 64 45 1 0 8 
2 5 44 93 44 6 8 8 
2 1 34 75 89 8 3 2 
9 0 76 76 14 8 2 2 
7 8 20 71 50 8 9 4 
5 4 48 55 64 3 1 4 
8 2 45 61 30 5 3 0 
1 3 64 50 0 7 7 4 
9 5 51 33 58 5 8 1 
0 5 44 30 71 3 1 2 
1 8 11 54 49 5 8 8 
1 9 15 64 63 3 8 9 
0 7 25 70 41 6 3 2 
8 2 11 38 19 3 1 9 
6 1 25 71 50 6 2 5 
0 6 9 41 45 0 8 5 
8 5 36 57 25 2 4 3 
1 5 25 67 57 2 5 6 
8 7 12 49 100 0 7 2 
4 8 28 35 53 3 7 4 
6 1 54 77 34 9 4 1 
7 7 4 65 56 5 0 3 
3 3 38 57 96 5 7 4 
0 3 20 60 54 5 7 5 
7 1 13 31 48 7 2 3 
2 2 37 59 76 3 3 1 
6 5 26 72 0 1 6 4 
6 2 48 72 45 9 1 9 
7 8 40 73 73 8 3 0 
6 3 0 78 56 6 4 5 
0 3 52 59 35 5 4 8 
2 1 26 40 15 4 0 6 
3 5 48 75 56 8 3 1 
3 2 29 98 69 5 7 4 
5 2 25 68 39 4 6 8 
5 3 52 33 24 8 3 6 
0 5 16 45 52 7 0 8 
9 4 39 77 25 8 4 7 
1 2 17 59 16 6 4 5 
3 1 45 72 43 4 3 3 
3 7 1 55 63 8 8 3 
5 0 3 68 40 4 0 6 
3 2 5 49 62 4 8 5 
5 8 15 60 62 0 8 9 
3 5 4 27 47 4 1 0 
5 0 0 59 50 9 7 4 
8 0 48 63 52 2 6 1 
0 5 48 52 32 5 8 9 
2 1 52 38 48 3 1 1 
8 0 63 54 33 1 6 6 
2 7 24 45 56 6 5 8 
2 0 5 70 36 2 1 8 
1 1 26 15 41 1 9 2 
7 0 28 70 91 0 4 7 
0 3 70 68 38 3 1 3 
3 5 1 56 51 8 1 6 
0 9 46 68 39 1 9 6 
4 9 34 58 73 3 3 4 
0 2 47 38 32 4 5 2 
0 5 59 28 43 7 3 5 
8 3 29 29 67 7 7 4 
9 8 28 80 53 8 9 9 
7 3 15 25 46 7 5 3 
7 8 19 27 8 8 7 4 
8 7 36 58 44 1 0 8 
0 0 27 48 43 1 5 7 
9 2 11 44 55 8 6 6 
1 0 21 59 83 8 6 2 
0 1 18 42 61 9 6 7 
9 3 32 57 42 0 9 4 
1 1 65 43 39 3 3 0 
8 4 36 53 57 3 8 1 
9 8 46 23 30 4 2 5 
6 1 13 61 40 1 2 9 
5 4 24 47 55 6 1 1 
5 8 2 44 69 9 2 3 
5 4 43 21 41 0 4 4 
2 9 47 15 18 1 0 2 
4 4 14 83 35 9 6 6 
3 8 29 57 39 3 4 1 
0 2 37 95 21 6 9 3 
9 5 11 69 52 4 2 9 
1 1 55 42 24 3 0 6 
3 8 15 74 49 2 4 3 
3 6 25 32 58 2 0 3 
8 3 46 71 27 3 2 5 
0 2 20 30 46 3 2 7 
8 7 58 84 32 6 6 3 
9 3 27 44 46 1 5 8 
3 9 0 50 63 8 8 0 
5 7 31 35 61 8 9 4 
3 0 51 56 72 8 8 4 
0 6 42 66 61 7 8 6 
9 4 37 28 61 9 1 2 
1 4 29 55 62 9 7 6 
7 5 11 44 34 4 1 1 
6 7 13 63 24 0 9 6 
2 7 16 40 80 6 0 3 
6 3 35 42 56 5 2 1 
7 1 21 44 48 2 8 7 
0 6 8 56 40 7 0 4 
3 9 16 35 34 2 2 3 
0 7 30 57 25 4 8 8 
8 0 22 61 66 0 6 7 
7 2 30 37 46 2 0 3 
9 2 8 47 41 9 2 4 
4 2 53 31 4 7 0 0 
4 8 68 76 76 1 3 7 
5 8 61 53 78 7 7 2 
2 2 29 50 12 9 6 4 
4 6 36 34 32 2 3 2 
0 2 16 47 78 1 2 6 
9 8 10 54 60 7 2 6 
3 2 23 48 34 5 4 0 
6 8 6 63 67 4 4 4 
3 1 53 66 29 3 4 9 
2 5 52 49 70 0 7 1 
6 9 39 0 34 5 9 4 
6 2 29 58 67 4 2 8 
2 4 55 42 81 3 9 6 
6 6 0 59 62 9 1 7 
1 4 41 43 53 1 7 7 
1 0 22 68 38 5 4 0 
7 0 7 44 57 0 4 1 
0 1 53 37 44 6 1 4 
3 6 18 39 28 6 6 7 
3 9 10 11 53 9 2 9 
5 3 62 57 35 5 0 6 
9 3 44 24 48 6 5 6 
5 6 54 58 61 2 0 6 
9 7 5 37 19 7 0 0 
7 9 16 79 22 2 3 3 
2 6 24 44 17 2 3 6 
8 8 19 29 43 7 3 4 
8 9 3 83 61 5 6 1 
4 5 9 88 60 1 5 3 
2 6 43 49 84 8 1 1 
2 7 19 54 37 1 0 6 
5 8 1 68 49 4 2 1 
3 6 9 58 67 9 8 2 
0 1 15 74 51 4 2 4 
5 4 11 56 61 5 2 0 
7 9 16 25 60 1 9 1 
4 2 55 75 75 6 3 6 
2 6 15 65 49 2 2 4 
3 8 13 59 20 6 3 7 
3 7 6 37 41 8 2 9 
8 6 10 17 31 5 6 4 
9 6 47 56 74 9 0 5 
6 8 23 45 76 4 9 0 
6 8 13 90 32 2 5 9 
5 2 30 77 20 0 9 6 
4 6 50 12 65 8 6 7 
7 7 23 86 71 3 3 1 
2 9 12 31 54 1 4 6 
3 0 28 52 50 5 2 9 
7 4 0 25 55 5 9 5 
5 0 10 54 50 2 6 8 
6 8 19 71 12 3 0 7 
9 9 29 27 62 2 0 9 
7 4 23 58 64 7 6 8 
3 8 34 43 24 6 0 9 
6 5 16 16 14 6 4 6 
2 0 17 77 86 4 6 7 
8 3 0 58 12 4 8 4 
4 1 55 79 66 7 9 8 
4 4 12 36 81 3 6 6 
1 9 31 43 10 0 7 1 
4 0 27 78 41 8 6 5 
9 9 34 55 53 0 6 4 
6 0 44 87 92 6 6 4 
7 5 10 80 33 6 5 0 
3 1 39 33 59 5 6 6 
0 5 49 0 0 6 6 0 
7 2 29 38 51 8 3 4 
2 6 13 62 33 6 2 3 
8 3 0 64 68 4 4 9 
1 7 12 34 39 3 2 3 
5 9 46 43 31 4 4 9 
5 6 38 7 52 7 5 7 
6 3 20 15 49 7 1 8 
8 0 0 71 63 2 6 4 
8 1 26 41 46 1 3 9 
0 9 52 22 47 4 1 9 
3 4 9 57 43 1 7 7 
4 9 21 51 51 8 5 4 
4 6 0 52 68 3 7 1 
6 2 48 43 78 5 8 9 
7 8 32 57 68 1 1 8 
6 9 13 66 43 3 0 6 
5 0 0 55 20 4 6 3 
0 7 25 17 54 8 7 4 
9 2 8 59 63 8 0 7 
1 3 60 57 35 2 7 4 
7 1 50 33 41 1 3 5 
1 2 47 28 57 5 0 4 
3 9 27 66 42 1 2 8 
7 3 32 44 52 4 9 4 
4 2 27 20 37 3 3 3 
0 1 0 31 81 3 4 0 
9 7 24 54 12 1 0 2 
5 3 31 49 44 7 8 3 
2 1 26 50 51 9 1 5 
9 6 25 0 68 1 8 6 
4 1 0 29 88 7 2 9 
3 0 45 50 43 9 9 4 
9 3 49 60 56 0 8 8 
3 2 18 20 70 2 4 3 
9 7 8 43 51 3 0 1 
5 2 34 56 37 7 9 9 
0 1 10 36 36 2 1 3 
6 2 6 67 22 5 8 7 
3 1 72 53 49 0 1 6 
0 5 4 40 71 7 6 8 
7 3 17 73 70 2 0 7 
5 9 37 71 52 5 6 8 
7 0 0 53 10 2 4 2 
2 1 42 43 62 0 9 3 
5 2 33 62 63 6 1 4 
6 9 11 59 48 7 9 6 
3 3 57 46 54 0 7 3 
7 7 26 58 62 1 1 7 
1 2 19 42 53 1 0 8 
7 8 38 29 11 3 0 4 
5 3 26 76 15 3 4 3 
7 1 0 28 23 5 9 2 
0 6 44 52 27 0 9 8 
0 1 8 26 43 8 1 7 
1 2 33 50 47 4 9 8 
8 8 12 45 47 2 3 3 
9 8 28 88 59 8 2 6 
1 2 59 79 59 2 5 5 
7 1 14 101 26 1 5 6 
5 5 36 48 8 4 9 8 
2 5 8 80 74 3 3 7 
7 5 53 80 50 0 9 2 
6 2 17 82 32 4 7 5 
2 3 52 54 41 8 8 0 
8 9 30 32 52 7 3 7 
0 9 7 53 77 9 7 3 
5 3 36 36 31 1 4 0 
0 7 4 44 56 8 9 0 
2 5 43 21 48 1 3 1 
0 4 38 54 54 5 9 7 
5 6 1 70 57 8 2 5 
7 1 51 39 80 3 8 3 
4 2 29 28 67 4 1 3 
9 9 62 98 74 5 7 6 
3 1 16 54 47 7 3 3 
7 6 0 50 31 5 1 6 
0 7 21 54 21 1 2 0 
5 8 47 43 69 5 6 1 
4 0 7 57 55 3 4 6 
5 6 14 45 51 2 5 8 
3 6 25 57 59 4 4 3 
1 3 28 49 33 8 5 9 
5 1 13 41 38 7 4 2 
9 6 4 39 41 7 4 8 
1 3 39 36 52 8 7 2 
8 1 15 52 41 0 4 5 
0 5 7 49 81 2 1 6 
0 6 22 28 91 5 3 5 
2 2 35 32 51 4 4 4 
4 8 24 70 56 9 8 0 
3 5 31 22 41 8 2 9 
7 3 18 75 84 3 8 9 
5 7 23 80 33 8 1 0 
9 0 2 12 69 8 6 1 
8 3 33 40 58 9 3 6 
3 0 31 42 44 7 9 5 
9 7 37 50 46 0 8 0 
2 8 0 58 62 0 5 4 
9 5 55 51 87 8 0 2 
7 9 28 100 45 4 0 0 
3 2 30 58 34 0 5 3 
6 6 0 45 47 8 0 4 
2 8 8 72 60 6 7 1 
8 4 46 57 28 6 4 3 
8 9 57 55 49 0 9 1 
3 9 0 75 106 3 1 7 
7 3 54 35 47 8 2 1 
9 0 30 44 79 2 0 6 
9 8 63 50 53 4 0 3 
1 1 4 48 31 5 3 8 
0 4 0 48 54 0 2 7 
3 5 34 51 68 9 5 3 
9 6 5 49 48 0 0 6 
9 3 46 48 47 7 9 8 
1 5 25 57 47 9 6 9 
0 8 18 86 36 6 2 7 
6 2 31 65 29 1 1 0 
4 8 4 95 64 3 9 9 
3 8 29 38 53 5 4 0 
8 7 57 104 67 5 0 3 
2 9 8 71 23 9 5 8 
3 1 6 44 67 6 5 2 
2 2 29 41 32 4 5 3 
0 5 64 45 58 7 5 6 
7 9 11 62 60 9 8 4 
8 3 34 56 52 0 6 8 
4 9 53 25 50 2 9 5 
2 9 36 22 52 5 8 9 
2 4 46 56 39 9 1 1 
4 8 35 68 41 4 5 8 
7 2 13 17 58 7 1 8 
5 3 27 55 20 7 7 0 
5 6 44 33 88 3 6 8 
7 1 30 10 56 8 7 9 
1 7 48 23 46 9 4 4 
8 0 30 61 70 6 1 0 
8 7 26 18 21 6 4 8 
4 9 62 73 71 3 0 5 
3 3 63 41 98 3 4 9 
2 0 16 44 58 4 6 6 
0 7 25 66 18 8 9 7 
1 8 30 90 58 8 1 5 
3 0 42 87 42 8 2 0 
9 7 15 27 37 8 2 6 
4 2 21 52 71 8 0 0 
3 6 27 28 67 8 7 5 
4 0 36 14 32 7 1 8 
6 4 54 65 16 9 0 4 
5 6 37 27 45 1 8 1 
6 0 60 2 81 1 2 7 
4 8 49 34 25 2 7 1 
8 7 30 39 2 8 6 5 
6 5 17 35 51 1 4 3 
6 7 35 55 51 2 0 6 
1 3 52 36 36 9 9 9 
7 1 33 54 61 4 6 2 
5 1 13 14 52 7 0 8 
0 9 16 53 60 5 1 3 
6 5 31 44 53 8 2 1 
9 8 7 44 56 6 4 4 
5 9 29 34 61 7 4 5 
2 7 23 55 44 4 2 0 
0 5 1 82 33 9 1 6 
3 8 23 37 23 1 2 7 
8 4 56 79 73 2 2 4 
9 1 33 79 62 5 5 7 
5 3 45 47 63 7 5 3 
1 1 28 24 50 4 5 2 
5 0 13 46 65 3 8 1 
7 8 22 40 21 6 3 6 
1 1 41 66 37 4 6 7 
7 1 49 45 54 7 3 4 
4 9 18 34 35 9 8 5 
2 4 6 0 56 3 9 8 
8 4 23 32 77 2 5 9 
8 1 0 52 54 8 0 2 
4 1 26 83 24 5 4 3 
0 3 0 62 64 4 0 3 
0 6 0 40 69 8 5 4 
6 6 42 41 42 3 1 6 
1 0 32 54 41 9 8 5 
3 1 43 60 55 9 0 7 
4 5 24 35 41 9 8 7 
5 6 52 39 57 5 9 5 
7 1 0 70 36 6 4 3 
9 2 32 0 53 2 2 5 
0 5 41 36 60 0 7 2 
5 1 52 62 70 7 3 4 
4 9 77 68 67 4 1 3 
7 4 37 28 81 9 7 8 
4 0 31 56 43 7 8 4 
5 7 42 54 70 4 8 6 
1 1 47 48 10 0 6 7 
7 6 39 12 45 6 2 1 
0 4 47 70 107 6 9 0 
6 6 6 46 37 7 8 9 
3 9 14 52 67 2 6 3 
5 6 41 49 32 4 7 0 
8 6 2 78 48 3 4 6 
9 4 56 83 50 9 2 0 
2 5 52 69 24 2 8 8 
8 2 0 41 71 2 5 8 
2 7 77 31 45 1 0 0 
3 2 22 41 16 3 9 6 
0 9 42 44 28 5 2 8 
9 9 32 44 47 7 8 3 
5 5 0 29 43 2 7 2 
4 5 0 28 49 8 1 5 
7 1 24 78 82 0 2 3 
5 2 0 53 43 8 9 0 
8 8 10 39 72 4 2 0 
5 6 44 76 51 2 2 3 
8 3 20 3 53 7 7 5 
6 0 63 49 83 6 8 9 
4 2 29 45 55 4 5 8 
1 7 45 63 37 0 5 3 
5 6 21 69 46 0 1 7 
1 1 39 92 38 7 5 9 
5 6 38 80 28 2 3 2 
6 8 31 28 49 2 1 6 
3 6 31 56 33 7 3 2 
4 6 30 68 42 3 1 0 
8 1 6 31 53 9 0 0 
0 4 13 59 55 4 9 2 
0 4 20 52 32 9 3 4 
3 5 54 39 28 9 3 3 
5 9 31 45 31 4 0 9 
1 0 6 33 54 6 4 7 
8 8 58 64 61 3 7 9 
1 6 41 31 49 6 2 5 
9 5 45 66 69 0 6 0 
5 3 36 96 39 7 0 8 
3 4 50 53 34 5 7 9 
8 1 15 19 33 1 5 0 
7 5 0 55 3 4 1 9 
7 4 10 57 54 3 3 8 
8 3 62 43 53 3 6 3 
4 1 43 52 36 6 6 8 
0 6 29 49 58 8 0 3 
0 9 36 43 54 1 0 9 
9 0 31 71 47 9 1 6 
7 9 44 36 63 5 4 4 
4 7 37 57 57 8 8 7 
5 5 48 21 65 9 4 0 
4 5 62 66 39 5 5 5 
7 7 0 71 45 2 6 6 
1 7 0 49 47 5 2 1 
5 9 26 35 42 4 2 5 
6 0 69 44 58 8 6 0 
2 1 38 84 65 6 3 6 
4 6 22 48 40 1 8 3 
7 2 11 56 20 0 5 7 
1 9 51 31 69 0 8 3 
3 5 20 26 47 2 6 4 
5 1 25 93 37 7 6 5 
4 8 1 18 40 7 4 0 
3 3 19 26 41 3 9 2 
0 5 13 80 75 9 9 4 
4 3 17 58 14 6 1 9 
3 6 23 43 69 9 6 7 
3 9 41 59 43 4 7 5 
6 9 11 72 65 3 7 3 
0 3 20 98 65 3 2 7 
3 3 46 57 42 5 6 1 
0 4 43 68 63 5 8 6 
2 3 24 40 55 7 8 0 
3 1 19 41 84 4 7 3 
1 5 34 52 57 7 4 6 
9 4 52 39 38 9 1 8 
9 1 36 57 75 3 7 2 
3 3 30 66 38 0 1 4 
7 4 58 69 35 5 9 1 
7 5 27 66 42 6 5 8 
9 1 38 23 53 4 6 4 
0 9 20 32 54 6 4 2 
3 7 16 89 57 0 9 7 
7 3 54 57 70 5 9 2 
2 1 28 61 55 2 5 9 
8 5 41 54 73 5 2 4 
3 9 57 29 64 8 1 4 
3 9 26 61 29 1 3 1 
8 7 15 25 59 3 2 2 
2 6 31 53 70 3 6 5 
4 9 16 38 61 4 5 8 
8 8 0 34 58 8 2 1 
7 3 19 36 33 0 0 6 
6 1 21 52 55 8 5 4 
2 6 53 68 66 3 8 2 
5 1 49 43 7 8 5 2 
9 0 64 85 31 7 9 2 
4 0 4 103 64 2 9 1 
5 2 33 79 36 3 2 8 
6 3 56 54 73 7 2 8 
0 7 38 62 79 6 4 5 
4 3 54 28 43 0 5 2 
0 7 25 53 29 0 8 9 
5 5 13 34 63 4 8 6 
2 3 56 85 50 2 4 4 
5 8 17 77 40 7 8 7 
9 2 26 42 43 5 7 4 
8 1 34 84 72 2 6 6 
3 0 0 43 66 4 6 8 
5 0 16 36 56 7 6 8 
2 5 32 54 30 5 5 1 
6 3 20 34 5 2 8 4 
7 1 0 26 41 5 7 9 
9 4 0 11 37 0 9 2 
4 3 50 23 63 9 7 5 
6 8 10 18 80 5 4 9 
2 4 1 32 53 1 3 7 
0 9 24 57 18 0 2 2 
1 3 15 40 42 4 6 2 
1 2 23 67 31 4 1 5 
1 7 51 0 34 5 0 3 
5 2 63 71 37 4 2 9 
6 8 17 72 61 5 6 0 
0 7 51 50 45 0 5 6 
7 7 26 33 55 8 6 0 
3 4 14 25 42 1 3 9 
0 6 56 59 54 9 9 6 
9 8 36 66 56 8 8 9 
3 3 2 39 40 6 7 0 
4 2 41 45 54 2 0 3 
9 4 15 23 53 1 6 0 
5 3 25 83 46 0 2 6 
3 2 29 75 29 1 3 7 
0 6 42 5 41 7 0 6 
0 6 16 42 66 5 2 0 
1 8 44 19 69 3 3 8 
4 7 62 69 65 1 9 5 
2 5 38 30 43 4 8 9 
9 2 30 63 88 2 6 4 
7 4 35 78 22 2 9 8 
5 2 3 53 31 5 2 1 
0 4 13 38 55 3 9 7 
9 2 34 42 52 4 5 2 
4 5 49 32 51 5 5 0 
1 1 48 48 7 8 5 1 
1 3 23 50 46 9 3 9 
8 2 73 31 27 8 9 0 
2 1 6 53 13 6 1 2 
7 1 60 60 49 3 3 0 
8 1 0 44 69 9 0 1 
1 0 40 16 27 7 1 5 
9 0 3 38 82 6 8 8 
5 9 32 42 62 6 7 0 
8 6 16 32 70 7 8 9 
2 3 47 80 61 7 8 3 
3 7 38 24 37 1 6 3 
0 7 28 65 52 6 6 8 
6 5 48 32 55 2 0 9 
6 0 82 34 63 5 5 9 
9 9 22 65 67 7 8 9 
3 6 22 36 31 8 9 0 
2 5 30 79 68 5 6 6 
7 5 28 48 45 3 6 0 
3 1 6 31 76 1 3 8 
6 3 30 29 54 1 7 8 
5 1 2 41 29 5 8 1 
2 5 34 29 40 5 0 8 
3 1 29 55 45 4 0 2 
6 1 56 88 29 9 0 6 
0 2 9 71 49 9 0 3 
2 1 68 36 28 9 8 5 
4 1 46 62 63 5 5 5 
9 4 52 29 48 6 1 0 
8 8 17 55 0 6 8 7 
4 3 27 65 63 6 2 0 
4 4 20 46 22 1 1 0 
0 7 34 0 55 6 5 6 
1 4 29 50 62 8 3 8 
0 1 20 48 89 4 0 1 
6 8 4 33 50 8 0 9 
6 0 50 66 67 7 4 0 
1 9 16 31 74 2 5 0 
9 7 49 51 10 5 6 0 
5 8 16 73 33 8 1 3 
7 3 41 23 58 1 1 7 
8 7 0 60 47 8 6 0 
5 5 40 61 57 5 1 2 
9 0 81 69 58 7 6 8 
9 3 32 55 38 2 7 6 
6 4 20 40 39 1 9 1 
8 9 21 84 73 3 4 6 
7 3 31 49 28 1 4 8 
6 0 47 61 78 7 7 3 
2 7 49 55 62 1 6 6 
6 4 31 61 57 6 8 2 
4 3 36 40 38 6 7 0 
3 7 28 30 37 7 1 8 
9 0 32 82 63 8 2 2 
3 6 73 58 23 0 9 3 
2 5 29 51 36 9 1 4 
6 5 32 41 65 0 5 3 
9 4 16 64 36 3 3 9 
0 0 56 58 53 6 5 1 
5 4 73 32 41 8 3 8 
3 1 51 71 60 6 0 4 
1 8 62 0 38 9 6 2 
7 7 2 54 52 6 6 1 
7 9 2 52 66 4 4 2 
8 3 34 11 48 7 0 0 
5 6 3 55 62 0 2 6 
6 7 85 62 28 4 9 5 
9 9 30 89 43 7 2 6 
5 2 5 58 28 8 7 1 
4 9 28 25 9 3 4 1 
6 3 7 70 51 9 3 9 
1 2 53 39 50 9 3 3 
1 5 5 69 30 6 3 0 
6 1 33 64 47 4 6 7 
9 2 33 50 63 1 5 1 
6 2 12 62 35 1 9 1 
9 6 28 64 64 6 8 3 
3 3 18 48 68 7 6 4 
3 1 31 46 62 6 7 9 
1 1 37 54 62 5 7 1 
5 7 14 65 69 3 1 7 
1 8 31 78 72 4 1 3 
8 0 1 37 38 3 5 9 
6 2 38 73 33 4 1 2 
7 1 65 68 0 2 2 7 
1 3 69 42 34 6 9 0 
1 5 40 73 74 2 9 7 
3 2 14 50 80 3 0 4 
1 1 0 87 31 8 4 4 
1 2 27 39 59 2 7 4 
7 1 0 45 59 6 6 0 
8 6 22 73 50 7 2 2 
7 3 9 66 51 8 2 2 
0 1 23 5 40 4 9 3 
2 7 40 46 39 8 3 6 
5 5 2 46 68 9 0 9 
6 9 16 39 29 2 4 7 
3 7 53 71 55 8 6 4 
4 0 2 56 35 7 6 2 
9 9 51 70 79 5 5 6 
1 2 56 47 30 4 3 0 
2 6 28 40 69 4 6 6 
9 6 58 59 58 3 4 0 
3 5 49 25 44 6 5 8 
5 6 40 16 26 8 1 1 
2 2 60 36 85 0 8 1 
6 8 18 49 59 0 1 3 
1 7 26 32 16 8 4 6 
9 0 54 46 43 8 4 1 
8 7 40 81 26 3 4 2 
2 2 34 84 52 1 4 2 
1 1 26 18 47 4 5 0 
5 4 32 34 50 3 6 4 
2 5 15 52 9 7 2 4 
2 3 45 60 27 0 3 6 
9 0 29 22 43 1 5 7 
2 6 2 58 109 2 8 5 
4 1 42 35 75 0 0 7 
5 3 20 45 63 4 3 7 
0 3 33 45 21 7 5 0 
9 6 12 20 44 3 5 0 
4 4 21 56 54 1 2 4 
6 2 0 37 60 0 9 0 
2 0 27 41 44 6 3 9 
8 2 49 67 50 7 2 0 
1 6 13 60 19 6 0 4 
1 1 36 27 57 2 4 0 
4 2 18 42 47 8 7 8 
8 9 22 71 61 7 3 3 
0 1 16 66 48 6 1 5 
1 9 36 61 30 1 8 0 
6 1 39 64 78 1 1 1 
3 8 4 46 62 3 4 4 
7 8 19 30 43 0 8 5 
5 7 23 12 15 8 1 9 
2 7 30 23 70 8 5 8 
8 1 36 51 82 9 2 9 
9 7 4 26 74 7 9 1 
7 6 29 41 67 3 5 9 
8 2 38 71 28 8 9 8 
7 3 0 19 47 8 5 4 
5 1 8 19 56 5 9 8 
5 7 18 46 24 7 1 1 
9 2 43 34 58 1 4 1 
5 5 40 39 61 9 5 4 
3 2 8 33 61 7 3 4 
1 6 17 60 56 9 9 4 
1 9 43 46 47 1 2 0 
8 8 2 65 40 8 9 7 
0 5 58 77 42 2 2 7 
3 0 29 45 69 1 4 1 
7 9 50 51 56 3 5 3 
6 5 40 41 71 7 0 3 
3 0 0 70 48 6 3 6 
0 7 27 53 45 4 7 5 
2 6 34 45 45 1 5 5 
8 8 16 72 48 9 1 1 
9 1 0 37 50 2 2 5 
4 2 44 47 7 6 3 6 
8 1 15 11 33 6 3 8 
1 4 30 47 34 8 4 6 
6 6 8 45 12 3 6 0 
0 8 51 40 54 9 6 9 
0 2 32 19 68 0 4 2 
4 7 28 40 49 9 2 0 
7 3 10 39 32 9 7 6 
7 3 39 50 55 5 8 4 
8 1 14 56 54 9 1 2 
2 1 0 50 41 7 0 0 
4 9 44 49 34 5 2 9 
2 5 55 59 80 4 4 8 
5 0 49 11 40 4 9 6 
6 0 0 55 28 0 5 3 
1 5 38 48 23 5 6 0 
6 7 28 60 19 5 4 1 
1 7 6 77 33 8 3 3 
1 6 7 80 39 3 3 8 
9 1 27 75 47 7 7 7 
0 3 15 24 51 4 3 4 
2 2 51 30 59 5 7 2 
1 7 55 55 68 5 8 3 
6 7 0 90 55 7 2 1 
8 8 46 62 69 8 1 6 
2 6 33 5 52 0 3 5 
8 7 40 57 29 2 4 1 
5 3 57 60 56 6 4 7 
0 3 4 48 1 7 4 6 
8 3 7 42 77 0 3 1 
5 6 43 19 33 3 8 7 
2 1 16 65 28 5 5 7 
7 8 24 52 28 7 7 1 
3 4 21 53 38 3 5 2 
4 5 48 65 63 7 9 9 
1 2 23 47 65 7 7 8 
0 8 12 52 27 8 0 5 
3 7 41 45 44 4 3 2 
7 2 36 51 62 0 4 1 
1 0 32 43 42 0 8 8 
1 9 9 53 54 5 3 2 
4 7 28 23 47 4 1 8 
9 9 61 55 47 4 5 3 
2 6 20 80 49 1 5 9 
0 9 63 38 35 4 6 1 
7 4 39 45 62 9 7 3 
0 0 54 45 41 0 3 8 
0 6 32 60 42 5 1 3 
9 4 25 50 61 2 3 8 
1 2 13 65 49 2 6 4 
5 6 59 55 53 1 5 7 
2 6 47 74 49 6 2 2 
7 9 0 91 28 2 3 4 
5 1 25 81 21 4 2 4 
0 9 14 38 86 0 2 9 
2 2 55 82 45 0 1 8 
2 7 18 15 34 1 9 9 
1 8 5 26 19 9 1 9 
5 9 49 59 47 9 6 4 
9 0 39 48 61 1 3 6 
5 9 59 45 44 6 5 6 
4 0 61 58 1 3 5 7 
1 7 16 79 80 7 9 2 
8 2 67 60 28 0 0 7 
4 4 16 35 36 6 4 8 
7 9 29 45 27 4 2 7 
8 3 48 47 44 8 6 7 
0 4 24 49 65 7 3 8 
9 8 23 47 39 6 3 3 
0 0 46 56 68 9 8 6 
7 5 11 34 43 6 0 4 
8 2 64 59 34 9 1 2 
5 5 63 27 55 9 8 8 
2 2 24 71 58 2 9 7 
1 4 0 52 28 2 8 5 
1 5 51 74 37 1 9 5 
2 4 35 71 70 3 3 9 
5 4 28 29 0 2 0 7 
0 2 16 82 15 5 0 3 
0 8 35 105 38 1 2 1 
3 7 49 51 23 9 0 8 
0 9 24 60 47 5 8 9 
9 0 21 22 45 0 2 0 
8 2 10 66 73 0 9 5 
2 9 47 21 74 7 4 0 
2 1 43 13 71 3 2 7 
8 2 5 33 34 7 9 7 
8 8 0 49 26 6 3 4 
0 8 30 52 56 3 0 4 
7 5 3 65 40 8 7 7 
8 3 58 63 56 3 7 9 
7 5 41 35 56 8 7 2 
8 3 48 34 27 0 1 5 
5 3 52 45 56 6 0 7 
7 2 24 22 41 8 1 8 
0 0 27 57 57 8 2 1 
9 4 14 27 52 8 1 3 
3 1 36 45 50 0 8 8 
0 4 19 53 64 8 9 9 
1 1 58 36 55 7 6 0 
4 9 0 45 74 6 2 5 
0 4 14 29 55 7 3 3 
7 9 9 69 14 1 7 6 
1 7 10 39 63 3 6 0 
6 3 32 72 32 8 8 6 
0 3 33 57 57 4 0 4 
7 6 25 89 47 1 9 8 
2 5 50 37 39 4 7 6 
2 3 8 54 35 8 1 2 
3 1 62 11 67 3 9 5 
2 4 40 54 29 9 5 6 
6 0 21 37 73 3 7 6 
1 1 63 20 33 3 1 9 
6 0 52 62 27 3 5 2 
0 3 63 91 27 1 7 3 
2 1 58 61 37 8 0 2 
0 0 22 27 58 2 0 5 
1 9 19 35 34 2 8 3 
3 9 45 68 81 5 7 8 
7 6 34 39 57 5 7 7 
9 8 45 9 40 0 7 3 
1 6 28 100 61 7 5 6 
7 2 64 82 38 5 0 5 
4 4 36 41 50 6 3 0 
9 3 23 37 30 3 8 6 
6 8 26 17 42 4 9 0 
8 2 40 41 60 2 4 3 
6 3 65 47 18 8 4 2 
1 5 0 69 42 2 8 1 
0 4 15 0 13 5 1 8 
8 6 26 38 76 1 2 4 
4 1 24 70 8 8 7 8 
5 5 16 49 38 3 7 6 
6 6 36 47 75 1 6 0 
3 3 56 54 46 4 1 3 
9 5 19 65 67 6 7 7 
1 9 48 20 58 7 3 9 
6 7 3 18 41 7 8 1 
9 8 42 23 44 7 0 0 
2 2 31 38 62 2 3 9 
3 4 13 66 85 9 0 0 
3 2 12 67 14 7 9 6 
1 4 19 74 68 7 7 3 
8 2 31 58 30 0 4 3 
5 9 27 65 19 1 3 2 
4 3 25 59 74 5 2 7 
0 7 53 69 46 0 2 0 
3 1 19 50 53 4 7 8 
1 5 58 55 47 1 2 2 
0 3 0 0 48 7 5 4 
2 9 0 76 23 7 5 5 
5 0 18 24 66 0 2 9 
9 3 21 63 91 7 6 6 
0 5 27 58 18 1 5 9 
7 1 12 50 50 6 9 3 
4 1 28 80 47 8 1 1 
4 4 27 45 34 6 1 9 
2 0 11 47 81 4 3 6 
6 7 13 34 93 0 5 0 
2 4 40 25 76 0 9 0 
2 3 26 62 83 8 5 9 
1 5 3 62 19 5 3 9 
3 8 0 28 52 5 5 4 
3 5 52 53 71 8 8 3 
0 9 79 53 25 8 4 3 
5 4 40 73 23 3 5 1 
1 4 10 56 43 5 6 6 
5 9 47 40 25 6 9 2 
1 4 9 58 44 0 7 3 
8 7 52 63 10 1 8 1 
3 7 45 38 77 0 2 0 
2 0 47 62 47 3 9 8 
8 8 30 76 47 3 3 3 
9 3 48 25 62 5 3 5 
5 2 38 83 57 7 2 5 
0 2 26 79 54 4 2 6 
2 6 31 31 69 7 8 1 
2 4 45 44 51 5 5 7 
8 5 59 31 81 2 5 8 
9 2 63 69 64 9 7 5 
4 4 39 43 43 3 6 2 
5 0 0 56 32 4 4 7 
1 1 27 18 32 4 7 1 
3 7 29 71 46 9 4 6 
6 1 14 69 44 7 3 9 
0 0 33 42 36 4 6 9 
1 1 15 54 27 2 3 6 
6 3 67 77 82 1 1 0 
5 7 26 56 27 2 8 1 
4 9 15 55 58 0 4 2 
7 8 39 45 67 1 2 1 
5 4 51 76 32 6 6 7 
8 9 47 6 68 1 0 4 
3 2 5 47 64 8 1 7 
6 5 48 36 51 9 6 7 
6 4 42 41 16 5 5 0 
6 6 16 85 44 8 2 0 
3 0 42 6 53 0 8 0 
7 8 13 82 55 2 4 9 
3 4 76 54 58 0 7 0 
3 1 48 58 68 9 8 2 
3 3 44 73 90 8 0 1 
4 9 57 55 57 7 7 2 
3 7 5 23 46 6 9 7 
6 0 17 50 56 8 3 3 
4 8 38 62 55 0 1 6 
2 4 36 56 48 5 2 7 
1 0 27 29 23 2 3 3 
1 5 35 42 71 4 2 2 
2 2 53 49 26 7 4 7 
0 3 40 31 18 4 7 6 
0 9 9 72 0 3 0 0 
2 5 75 58 48 5 4 2 
1 3 18 66 12 1 5 2 
2 2 31 32 30 4 1 4 
1 1 21 54 63 2 1 0 
4 3 38 49 81 0 8 6 
1 6 21 34 69 0 1 5 
0 4 3 70 39 7 2 7 
1 0 11 42 26 0 5 0 
1 3 0 50 41 4 1 9 
4 4 42 7 66 9 1 4 
3 2 27 76 39 5 7 1 
0 6 41 46 42 5 3 8 
6 2 25 42 24 9 6 6 
7 7 26 51 42 2 6 0 
6 2 0 51 80 0 7 0 
7 8 25 17 0 7 5 9 
2 2 0 26 6 3 7 2 
5 1 9 70 26 1 5 9 
5 6 41 12 69 9 5 9 
9 5 11 89 37 6 3 3 
5 7 30 49 11 6 6 1 
3 9 36 62 43 6 7 8 
4 5 0 27 37 3 1 7 
8 8 22 71 36 3 2 1 
4 0 43 28 28 6 2 0 
4 5 5 69 45 6 9 8 
5 8 2 43 26 3 5 1 
7 2 37 68 49 2 9 1 
5 1 25 39 92 6 4 8 
4 6 42 34 36 7 2 9 
0 1 28 65 72 0 4 8 
9 9 16 31 44 4 6 5 
8 5 35 0 68 9 8 7 
4 0 10 41 64 6 2 7 
6 8 57 26 88 7 7 6 
0 3 14 32 44 1 2 5 
2 7 0 81 70 5 6 2 
5 7 37 30 68 8 3 7 
3 6 40 52 78 0 6 2 
8 7 41 28 55 1 3 2 
5 2 46 56 68 2 6 2 
3 9 32 53 73 7 4 8 
5 6 0 46 30 5 8 9 
0 0 31 80 35 3 0 3 
8 1 34 39 35 5 4 4 
0 3 56 72 35 2 7 4 
6 0 58 80 32 5 1 6 
3 9 14 67 44 5 8 9 
8 7 85 60 77 4 7 7 
7 9 34 61 51 9 6 5 
9 0 1 54 43 0 0 3 
0 5 8 31 56 9 9 8 
4 7 22 47 63 6 0 4 
0 4 0 71 65 0 3 4 
1 0 46 37 22 1 4 6 
0 3 21 50 33 2 1 6 
1 2 15 51 43 6 9 1 
6 6 7 71 36 9 7 5 
4 4 46 53 56 2 2 5 
6 6 90 18 69 4 4 7 
5 5 50 52 16 0 3 7 
5 8 40 60 25 6 1 5 
8 2 46 46 35 6 7 8 
0 2 23 52 85 5 6 8 
2 0 33 17 79 0 0 6 
4 6 0 60 69 4 9 3 
2 4 25 68 32 1 2 4 
4 7 34 44 29 3 0 6 
3 7 46 80 73 7 9 1 
6 3 35 34 24 1 7 4 
2 4 22 24 57 8 2 7 
9 6 40 33 39 6 7 4 
2 1 26 37 74 2 9 0 
2 8 7 50 16 6 0 2 
8 9 20 35 31 2 9 4 
3 2 11 62 52 7 6 2 
9 5 6 44 23 6 3 4 
0 8 56 22 42 2 7 1 
3 8 40 32 54 4 8 2 
2 2 26 80 39 1 4 5 
4 3 31 51 32 7 2 5 
7 0 37 52 29 9 4 9 
0 5 53 39 14 1 8 9 
1 5 39 41 50 6 6 1 
3 7 15 61 46 3 5 4 
3 6 35 36 70 3 5 9 
7 7 77 23 50 1 8 8 
6 7 59 65 31 3 9 4 
5 5 27 53 19 4 1 3 
8 2 67 86 67 8 0 4 
8 2 28 54 48 1 8 3 
6 8 45 44 39 5 7 9 
2 5 0 34 49 4 2 7 
2 2 68 54 75 8 7 6 
2 2 37 72 86 5 1 5 
1 0 35 48 20 5 1 9 
7 6 55 74 54 2 7 4 
0 3 35 55 61 1 1 4 
0 1 17 28 5 2 7 7 
7 6 43 76 47 8 1 3 
6 1 0 96 44 4 3 5 
4 1 45 82 21 9 4 6 
2 7 0 84 87 6 1 8 
7 4 42 16 41 2 9 4 
2 5 34 43 59 1 1 0 
2 4 72 75 19 5 4 0 
8 8 62 60 75 2 3 1 
6 3 20 56 69 1 1 4 
7 2 2 61 28 9 4 6 
7 9 71 51 47 9 7 1 
3 2 31 39 20 8 6 2 
3 4 5 54 67 8 6 4 
3 9 3 61 52 5 5 6 
9 5 19 52 55 4 6 5 
1 8 49 0 45 8 5 0 
7 6 18 58 47 4 1 0 
3 2 59 43 66 8 9 2 
5 2 46 0 70 3 8 9 
8 3 45 55 59 0 0 3 
2 1 15 67 24 9 5 3 
6 8 35 36 53 2 1 2 
3 9 18 47 51 9 4 0 
8 1 22 30 92 7 4 0 
8 0 21 88 35 2 3 5 
4 1 26 36 79 4 9 0 
7 8 6 54 55 1 2 5 
6 8 39 25 28 7 0 6 
3 6 32 0 42 1 5 5 
1 6 51 66 52 2 7 7 
5 8 0 30 86 3 1 3 
9 6 24 43 52 7 4 6 
7 5 25 61 68 7 6 5 
7 5 29 83 44 0 3 9 
3 9 5 54 58 6 9 1 
7 9 28 74 7 8 2 4 
0 2 38 30 93 7 9 8 
4 8 12 68 31 0 2 5 
0 3 27 57 60 7 8 1 
7 8 0 14 11 5 7 0 
3 2 20 66 52 9 3 2 
3 7 4 0 41 0 2 0 
7 3 28 42 50 5 2 3 
8 3 29 54 83 4 8 3 
0 3 61 62 56 8 2 0 
2 8 4 33 0 1 6 8 
7 3 14 26 1 0 4 0 
6 0 0 74 53 3 1 4 
2 2 22 63 26 4 7 9 
5 4 26 52 20 6 1 5 
4 9 42 54 32 4 7 5 
0 8 33 36 41 4 1 7 
2 9 68 50 47 0 4 5 
8 9 42 42 63 2 1 5 
9 3 5 30 63 3 4 3 
4 6 32 26 83 8 4 4 
3 8 27 88 53 8 1 2 
5 9 41 54 45 0 6 2 
2 8 57 44 46 1 5 2 
2 7 86 27 11 8 5 8 
3 2 70 75 31 8 4 2 
8 7 35 35 38 6 1 6 
5 4 3 64 69 6 3 8 
7 8 44 97 61 1 2 6 
2 2 32 48 43 8 8 4 
9 0 61 79 42 9 0 1 
0 6 30 31 54 4 1 4 
9 9 32 35 49 1 0 1 
3 9 27 16 28 5 2 3 
2 7 59 61 69 7 7 4 
1 4 25 66 60 9 7 6 
1 2 21 83 56 0 1 4 
7 7 37 80 28 9 4 2 
0 4 20 41 15 9 7 4 
9 5 72 69 19 0 3 5 
2 6 8 38 54 1 8 5 
4 6 34 45 57 4 9 0 
8 7 18 44 48 0 2 2 
0 4 38 5 12 7 2 3 
6 1 41 41 44 7 8 5 
4 2 45 61 38 2 0 2 
4 8 44 60 20 9 6 6 
2 4 0 36 71 2 0 7 
5 9 43 33 48 1 6 0 
0 5 46 72 40 0 4 9 
0 1 34 0 54 0 3 5 
5 2 48 67 47 1 4 2 
1 9 0 46 63 4 9 1 
3 4 24 38 67 4 8 8 
5 4 3 71 55 5 2 7 
5 0 45 53 60 7 8 6 
8 6 40 92 59 6 8 0 
3 6 40 82 53 9 6 6 
0 4 66 39 57 5 5 3 
0 3 16 19 55 6 8 2 
5 7 51 47 36 7 9 0 
5 3 0 32 94 1 9 9 
9 4 15 75 18 3 6 0 
9 5 52 76 47 7 3 8 
6 1 19 66 76 1 6 4 
1 1 39 51 24 2 8 7 
4 3 31 64 23 2 2 2 
5 5 14 65 34 5 3 7 
7 8 10 23 28 7 5 3 
1 9 57 39 61 9 3 8 
7 3 36 75 37 6 6 5 
6 4 8 61 36 1 6 7 
1 8 31 82 22 7 2 0 
0 1 21 84 59 0 6 8 
8 0 12 34 48 2 0 0 
0 5 41 55 88 8 2 4 
7 3 13 39 59 2 3 0 
0 1 49 49 39 2 4 9 
9 0 32 33 121 2 1 6 
8 7 22 44 41 0 7 5 
7 8 13 20 85 8 8 4 
8 8 30 38 40 3 3 3 
9 6 31 41 23 8 8 4 
6 6 12 65 31 2 0 4 
7 0 14 60 65 3 9 7 
7 9 39 44 50 0 9 2 
8 3 21 53 64 4 7 0 
7 7 21 25 11 5 9 2 
7 3 12 28 58 9 4 4 
8 9 31 44 27 4 3 9 
1 7 45 13 94 3 6 1 
1 5 32 58 59 3 5 4 
2 4 30 44 50 7 2 8 
1 9 26 65 67 4 8 7 
0 9 30 50 75 3 7 8 
6 4 43 64 47 2 2 2 
4 4 45 83 20 0 5 6 
5 4 31 81 53 8 3 7 
8 3 17 51 64 5 9 6 
9 6 46 62 66 1 9 0 
6 7 30 43 30 0 7 0 
1 7 53 68 46 1 6 4 
9 9 23 44 49 0 2 2 
8 1 15 45 9 0 3 3 
2 1 74 60 71 9 6 1 
3 8 48 68 31 7 4 5 
9 8 55 56 24 8 2 6 
0 5 27 50 18 1 6 3 
0 7 17 43 29 7 2 7 
4 5 28 39 78 4 7 9 
4 4 49 54 80 4 6 4 
6 5 13 83 43 7 9 1 
5 6 30 54 59 4 2 9 
1 4 20 30 72 8 0 2 
6 4 36 56 60 7 5 6 
9 0 0 41 23 3 3 1 
2 5 20 56 32 6 7 1 
4 9 0 40 51 5 2 4 
0 7 14 12 32 9 9 0 
5 1 21 39 61 7 9 4 
5 1 6 40 54 6 2 5 
8 0 11 33 53 1 0 9 
4 1 35 66 46 9 4 4 
8 9 58 66 72 6 1 1 
0 4 29 29 49 8 4 6 
6 3 35 54 56 0 6 2 
2 9 28 50 52 7 8 3 
2 7 47 56 54 5 1 0 
9 6 29 21 37 4 1 0 
0 3 47 38 25 7 2 6 
1 7 22 52 40 4 3 2 
2 8 28 62 43 6 8 5 
6 1 51 59 40 9 8 1 
5 7 41 55 2 7 6 1 
7 3 37 78 59 3 5 3 
5 7 43 56 84 2 8 1 
6 4 22 74 70 3 5 2 
2 2 4 81 41 5 2 6 
1 1 49 40 54 4 4 0 
4 9 29 64 29 4 7 7 
9 5 0 32 83 6 5 5 
6 7 45 52 38 7 0 1 
2 5 15 67 32 2 6 2 
7 9 16 72 38 6 5 5 
2 8 53 68 74 2 1 7 
2 3 60 37 43 5 0 6 
3 0 40 63 21 5 8 8 
5 5 17 61 71 3 7 5 
2 3 49 78 50 5 0 3 
8 9 41 45 38 7 7 0 
9 6 15 82 52 1 7 2 
3 4 14 30 36 2 5 1 
1 4 55 60 76 4 6 1 
2 6 64 52 44 4 5 3 
5 2 46 45 77 6 3 8 
8 3 37 64 57 5 9 7 
0 2 29 40 57 5 5 6 
4 5 44 59 45 4 1 4 
7 3 24 52 52 2 1 8 
2 5 54 33 43 7 8 3 
7 8 16 47 28 9 4 3 
5 2 21 5 34 7 1 8 
1 7 34 32 33 4 6 3 
2 8 27 44 27 2 0 7 
6 3 14 18 54 6 6 6 
1 3 61 41 30 6 0 2 
4 8 78 51 46 1 0 6 
4 4 43 48 56 3 5 9 
3 2 29 49 31 1 0 5 
2 2 38 56 27 7 1 6 
0 7 65 33 54 8 5 9 
8 1 42 67 27 9 5 5 
6 2 50 60 40 7 0 1 
0 6 47 39 37 5 2 8 
8 0 22 67 44 3 3 6 
2 7 67 53 54 3 2 8 
7 4 33 31 59 6 4 6 
0 7 18 84 16 5 6 1 
5 6 0 45 85 8 8 0 
7 4 58 65 79 0 1 5 
2 1 35 80 63 9 3 2 
7 2 38 26 103 2 8 3 
0 5 26 81 64 4 9 9 
3 5 22 27 63 1 3 0 
9 5 26 54 54 4 6 2 
0 3 53 42 82 7 1 2 
0 2 45 51 40 6 4 2 
4 4 44 27 97 5 0 4 
2 1 25 52 59 0 4 1 
7 8 50 72 62 8 9 0 
9 8 64 59 76 7 4 1 
3 3 30 28 70 5 3 7 
6 7 9 20 51 9 8 0 
0 8 50 72 51 3 1 5 
9 6 30 40 40 7 2 2 
5 5 0 74 75 0 4 3 
9 2 50 31 53 4 2 3 
9 9 28 33 61 3 1 9 
8 7 28 66 49 0 1 2 
6 4 40 66 44 2 2 9 
5 5 44 22 20 0 6 8 
0 3 45 47 48 2 1 7 
6 9 32 67 35 2 9 5 
1 1 0 72 29 7 4 5 
2 8 58 56 55 0 0 0 
0 1 42 61 47 4 0 9 
1 3 42 61 35 0 2 7 
0 0 45 55 41 3 1 8 
6 8 0 23 58 8 9 0 
3 1 0 39 50 2 3 7 
6 0 23 83 73 0 3 0 
3 2 44 38 40 4 7 4 
3 9 27 71 41 9 0 4 
6 6 6 46 31 8 2 5 
5 0 28 66 64 3 3 6 
2 0 23 58 40 9 9 4 
9 4 22 19 51 4 1 9 
6 3 34 44 79 2 4 1 
1 2 21 72 0 5 6 8 
6 5 31 22 57 5 2 4 
3 1 14 85 48 2 6 3 
4 2 31 68 38 1 2 4 
4 5 26 41 54 7 6 5 
3 1 23 33 60 5 2 6 
5 0 30 41 48 1 0 0 
6 5 23 48 21 8 1 7 
8 3 66 29 61 9 6 6 
1 1 56 61 48 2 9 4 
8 1 0 42 6 2 1 6 
3 8 9 19 21 8 3 2 
3 9 7 23 55 7 7 4 
9 0 47 51 45 7 5 5 
6 7 45 53 72 0 4 7 
7 6 33 76 63 4 8 9 
5 5 33 15 77 8 3 0 
3 7 17 24 47 6 3 0 
8 4 31 52 33 6 1 4 
5 3 61 74 27 2 7 9 
7 0 6 55 83 1 0 0 
9 2 37 30 55 3 1 2 
9 2 67 62 56 0 3 3 
1 0 21 59 71 2 2 1 
9 1 48 29 47 9 3 2 
1 9 39 71 45 9 1 4 
8 4 48 0 54 3 8 0 
6 5 17 17 59 4 7 9 
5 0 45 58 56 2 7 4 
4 2 33 51 101 5 5 1 
0 2 33 73 31 5 3 1 
9 6 37 62 63 0 0 4 
7 6 66 41 57 9 1 8 
8 2 35 39 48 8 8 8 
5 1 35 46 26 8 1 6 
7 4 60 47 52 2 1 2 
4 0 26 54 74 7 8 8 
9 1 11 59 90 6 1 4 
3 9 22 49 35 0 5 1 
8 2 42 89 17 4 3 9 
0 8 0 64 94 7 0 4 
6 8 61 13 83 3 6 4 
9 9 44 65 18 6 0 5 
5 9 36 27 35 4 4 2 
1 3 25 28 35 8 4 2 
9 3 13 27 41 2 0 9 
5 4 72 80 46 7 9 0 
0 3 37 64 45 7 3 7 
7 9 29 36 59 7 8 1 
0 3 51 74 43 9 4 7 
1 2 24 95 38 9 2 1 
3 9 19 58 37 5 8 3 
8 5 23 79 51 0 4 9 
0 5 19 49 63 5 3 5 
1 4 26 38 44 9 8 7 
2 0 37 34 68 6 5 6 
0 7 0 11 22 9 2 1 
2 2 56 48 34 2 0 5 
3 7 40 24 44 2 4 1 
7 2 0 82 0 4 1 2 
8 3 21 76 74 4 5 0 
1 9 29 65 40 1 7 4 
7 0 51 24 12 9 9 6 
4 7 37 60 21 8 4 1 
1 9 58 36 86 7 0 5 
2 7 24 45 62 6 0 4 
1 7 53 46 55 6 6 9 
9 0 26 2 46 5 9 7 
0 1 18 61 23 8 8 8 
5 3 58 74 60 7 6 1 
5 8 29 63 23 1 4 2 
5 6 24 97 51 5 6 5 
8 2 17 21 55 1 1 5 
3 3 39 51 3 4 8 9 
9 9 25 40 50 4 7 1 
6 0 34 53 57 9 1 3 
2 1 0 74 34 5 4 0 
2 4 25 47 37 9 2 7 
4 9 38 38 70 9 3 3 
4 4 41 60 63 2 7 7 
5 4 44 60 84 7 1 0 
7 6 38 68 56 7 3 3 
0 8 54 35 42 1 3 6 
9 6 62 82 50 7 3 0 
2 1 22 70 51 9 1 1 
6 0 47 49 25 0 9 1 
7 1 42 41 68 8 2 3 
3 5 45 56 18 5 5 6 
9 8 14 46 57 7 9 9 
7 7 27 22 37 5 0 0 
2 4 40 31 49 0 7 6 
8 6 78 61 33 9 0 1 
7 7 35 36 1 9 8 0 
5 1 14 12 94 1 9 9 
2 2 30 42 0 5 0 3 
4 7 28 34 32 7 3 7 
2 4 14 24 41 0 4 9 
7 7 24 59 67 3 7 7 
5 6 19 54 55 9 2 3 
3 4 48 37 63 6 5 5 
0 0 45 72 67 9 4 9 
1 7 41 28 52 1 8 6 
7 7 43 13 52 7 9 3 
6 2 29 38 65 6 8 8 
4 4 5 59 27 3 8 8 
3 5 31 39 62 5 6 8 
8 8 46 74 29 2 8 1 
8 3 27 44 76 8 5 9 
6 8 25 43 34 7 6 4 
0 0 25 38 34 4 2 7 
7 4 17 59 14 8 0 5 
4 7 41 72 9 6 8 8 
7 1 13 13 60 7 8 9 
1 8 22 74 87 3 5 2 
0 6 26 39 16 3 1 5 
8 3 7 50 43 7 6 4 
9 7 0 66 77 5 2 7 
4 1 65 0 21 7 9 6 
9 0 27 66 72 5 2 4 
7 7 0 37 9 8 5 8 
8 3 23 57 49 5 4 5 
7 6 13 48 78 6 4 8 
5 8 28 30 59 8 9 2 
0 9 30 65 32 2 2 8 
9 5 16 23 72 8 0 2 
7 4 27 66 40 8 6 1 
7 9 32 54 45 4 7 2 
5 5 27 38 28 3 8 5 
9 5 21 54 20 9 4 4 
1 7 0 60 65 8 6 2 
2 1 9 26 27 9 3 6 
5 3 17 42 51 2 8 0 
6 7 26 32 54 0 1 0 
6 6 26 28 39 8 8 0 
6 1 48 94 33 1 1 9 
3 0 26 31 54 4 4 5 
8 9 2 31 28 4 2 1 
1 5 88 63 42 3 3 4 
4 0 60 59 45 1 4 2 
1 6 0 85 78 8 2 9 
4 7 62 50 33 2 7 6 
0 8 15 37 67 3 1 9 
4 5 56 57 52 3 6 4 
7 0 0 88 39 1 8 5 
9 7 46 49 93 1 4 3 
9 9 45 28 33 5 1 7 
6 5 41 31 22 5 2 9 
0 2 65 46 40 9 3 1 
8 3 18 38 15 6 7 1 
3 6 17 70 49 4 9 6 
0 1 0 6 47 6 9 3 
0 6 21 84 62 5 0 0 
8 5 44 58 66 4 0 3 
6 6 22 51 33 9 5 4 
1 2 0 56 27 8 8 2 
5 3 9 78 46 9 1 4 
1 1 63 64 30 4 0 7 
1 0 29 10 55 6 1 9 
7 7 35 41 32 7 8 6 
0 3 49 39 62 3 7 7 
2 7 32 49 68 0 6 2 
3 2 1 58 64 2 1 8 
1 7 36 52 43 1 6 5 
9 6 15 16 44 0 6 9 
6 6 23 62 40 0 0 4 
9 4 11 56 71 1 4 9 
5 9 3 85 75 7 8 9 
7 9 12 47 50 3 1 1 
5 8 2 44 57 4 9 5 
4 6 15 55 63 9 3 3 
6 5 38 54 24 3 4 7 
5 2 38 40 17 0 2 1 
4 9 44 48 62 3 0 0 
8 0 49 22 65 3 8 1 
0 5 49 5 85 2 3 9 
0 0 65 65 59 5 9 7 
0 2 8 74 43 1 1 7 
3 4 9 41 31 4 1 0 
2 9 26 58 33 9 0 7 
4 4 47 46 14 0 6 8 
1 1 47 39 50 1 7 6 
3 5 9 48 66 1 1 0 
5 8 0 49 61 2 7 3 
4 0 55 41 45 5 6 0 
1 9 2 38 48 8 5 2 
6 8 55 75 21 4 4 8 
7 6 25 43 102 2 3 4 
3 4 3 68 49 5 2 5 
9 7 26 60 69 4 4 8 
0 0 25 67 26 5 2 8 
7 6 43 60 58 2 9 2 
9 7 28 59 16 8 6 6 
8 3 23 31 13 3 3 7 
4 3 0 33 74 4 0 0 
4 8 56 74 84 9 8 0 
7 9 33 40 64 5 5 9 
7 7 3 42 52 5 7 9 
7 8 73 37 37 6 7 8 
9 0 52 65 81 6 4 0 
0 2 38 51 31 6 3 8 
0 5 0 55 57 1 7 4 
0 6 0 52 74 8 8 6 
2 5 50 86 27 8 6 3 
6 2 47 74 33 5 6 4 
2 7 61 29 33 5 5 9 
3 0 32 45 26 0 9 1 
8 3 35 29 47 9 9 8 
8 7 10 94 29 0 0 3 
7 9 22 16 27 4 4 7 
9 9 8 55 84 0 7 7 
3 8 38 54 39 9 5 8 
3 6 0 11 70 3 3 0 
8 3 46 49 63 3 6 4 
2 7 9 24 35 2 1 0 
8 4 74 56 14 0 4 3 
0 0 6 54 90 5 1 0 
3 7 40 61 90 0 4 4 
0 7 44 57 72 5 9 3 
6 6 27 54 59 7 9 8 
1 1 61 64 62 9 9 4 
7 1 87 60 47 5 6 0 
5 7 74 59 66 2 8 3 
7 6 40 37 74 9 4 2 
4 2 76 56 56 4 2 6 
6 4 26 61 34 2 1 1 
6 8 37 68 74 4 2 1 
8 8 19 66 19 3 4 0 
8 6 11 60 63 3 6 6 
0 5 0 46 45 7 1 5 
7 4 56 36 23 5 8 2 
6 3 49 52 69 6 9 9 
7 3 48 60 65 5 0 2 
6 0 28 76 64 8 4 2 
4 3 41 28 29 0 5 1 
4 5 46 34 63 1 4 3 
3 1 0 31 23 1 8 6 
8 7 42 14 50 3 0 8 
3 5 39 42 25 2 2 3 
6 8 59 27 74 6 7 2 
9 1 67 49 40 0 8 3 
0 4 51 61 63 7 1 4 
2 8 50 48 16 4 4 6 
5 9 27 59 68 7 6 2 
8 2 18 5 30 8 5 9 
2 8 9 62 38 6 0 7 
0 6 14 49 70 7 4 3 
9 6 0 91 46 9 9 8 
9 9 20 57 32 7 3 2 
3 3 2 40 16 5 1 9 
3 5 19 24 65 6 7 9 
3 5 48 64 28 4 0 2 
4 2 14 16 76 2 4 4 
1 3 20 36 67 1 0 1 
6 5 68 52 14 4 2 7 
0 0 21 78 48 9 1 1 
3 0 66 50 59 7 2 5 
1 0 15 57 52 7 0 8 
5 4 18 0 50 7 4 0 
6 4 61 67 67 8 3 9 
0 2 44 51 66 8 2 4 
5 4 39 72 30 0 3 2 
2 5 24 48 58 9 6 0 
5 4 0 48 21 9 0 9 
1 4 54 64 62 7 6 3 
6 4 38 78 34 8 8 0 
4 4 29 69 40 5 0 4 
8 3 52 46 22 9 6 2 
1 4 9 53 34 8 2 8 
8 1 20 20 49 4 5 9 
9 6 20 53 36 2 3 1 
1 2 42 43 54 4 4 8 
8 7 60 80 30 2 0 4 
7 8 44 35 39 5 0 7 
8 4 47 26 63 9 8 8 
5 0 39 46 49 1 0 2 
8 6 16 39 27 0 4 2 
8 6 37 56 50 8 1 8 
8 1 32 19 41 3 0 8 
2 9 19 41 69 2 5 2 
8 6 38 44 56 5 5 9 
8 5 25 84 57 4 9 2 
1 4 21 45 51 8 9 6 
2 9 26 11 75 8 2 3 
8 1 61 0 38 0 7 0 
5 0 19 39 77 9 4 3 
3 8 25 56 45 2 6 2 
5 0 36 41 58 1 2 9 
8 1 18 75 46 9 8 7 
0 6 46 82 10 4 3 8 
9 6 20 11 71 0 1 0 
2 8 11 54 37 8 1 9 
3 2 13 26 46 8 3 2 
3 1 29 93 60 4 7 9 
3 6 14 73 9 7 1 7 
8 2 23 26 11 9 2 8 
9 6 60 91 43 2 2 6 
5 3 31 71 76 1 7 2 
3 1 34 45 72 5 1 8 
2 1 23 49 28 3 4 0 
0 4 29 61 18 8 6 1 
7 4 47 63 37 9 5 9 
2 3 2 44 47 9 4 4 
3 3 51 51 54 3 0 6 
5 0 64 66 19 0 1 7 
6 8 25 70 94 1 1 5 
3 9 36 22 91 9 9 4 
5 3 57 20 72 8 4 9 
0 7 41 64 17 4 1 8 
0 0 5 52 51 4 5 1 
5 8 0 66 62 3 8 6 
2 7 10 53 48 0 1 1 
3 9 39 54 90 1 9 9 
0 4 20 0 55 6 6 1 
1 1 31 41 32 1 5 8 
9 7 40 49 40 3 6 3 
2 0 0 88 63 2 9 2 
5 5 3 63 65 0 1 0 
1 1 45 64 95 0 6 8 
0 6 17 56 25 7 6 5 
9 4 2 33 78 3 1 4 
6 4 68 67 59 1 7 7 
8 8 65 80 39 8 3 8 
3 0 20 62 102 2 8 3 
5 3 32 19 28 2 1 7 
0 2 20 49 41 9 2 7 
1 0 54 54 65 9 7 2 
1 5 1 60 29 2 5 5 
7 6 17 40 52 4 2 9 
1 6 38 69 12 1 9 0 
9 4 5 43 37 6 3 3 
8 1 15 64 36 2 0 2 
1 5 15 86 56 4 2 8 
7 7 56 91 21 3 9 6 
7 4 55 44 35 6 2 3 
2 1 19 69 47 9 5 2 
5 1 23 64 4 0 9 5 
9 7 60 73 71 8 4 2 
1 7 22 59 12 4 0 3 
4 9 33 40 26 2 5 1 
7 4 63 33 39 6 0 7 
9 0 19 38 64 7 2 5 
9 9 9 50 40 2 9 7 
0 9 26 50 49 0 7 1 
9 6 44 54 56 9 9 6 
3 8 29 1 4 2 0 8 
5 6 0 42 48 7 1 4 
1 2 33 47 19 8 8 1 
3 1 38 17 55 2 7 2 
1 9 37 54 10 6 5 5 
7 0 74 60 23 5 8 8 
4 2 21 41 53 6 9 7 
7 4 26 75 52 2 4 9 
8 7 13 69 102 8 7 6 
5 1 40 72 37 1 1 1 
0 8 0 57 60 2 8 7 
2 4 21 73 21 2 6 0 
9 0 53 5 73 6 3 0 
6 4 26 55 76 7 4 6 
3 0 15 47 46 1 0 3 
6 0 15 65 62 7 7 7 
8 2 61 64 50 3 7 9 
5 0 16 59 107 7 5 8 
8 0 1 46 82 6 1 8 
2 8 43 88 35 5 5 3 
1 3 39 33 25 6 2 8 
8 8 12 39 58 1 5 8 
0 6 8 42 37 3 2 0 
6 7 28 38 34 0 6 7 
8 4 38 41 11 2 8 5 
8 9 48 36 37 6 5 8 
0 0 26 43 41 3 8 3 
6 3 61 45 27 3 0 1 
9 2 26 68 33 7 5 6 
6 4 54 61 51 4 8 7 
9 6 22 53 46 8 3 0 
2 2 33 63 48 2 0 2 
9 3 31 25 49 6 9 6 
7 3 11 60 60 3 1 5 
1 3 18 32 28 5 0 8 
9 2 0 68 71 3 0 2 
7 2 45 44 85 5 4 7 
7 4 63 30 43 0 3 6 
5 3 29 54 39 7 3 8 
0 8 2 45 71 4 3 6 
5 9 60 51 45 2 0 4 
3 2 27 7 38 8 5 9 
3 2 46 64 47 5 0 6 
4 1 26 63 62 8 4 0 
8 2 33 23 35 1 4 2 
2 6 18 49 40 6 2 0 
4 0 34 28 47 8 1 0 
2 8 0 60 11 5 1 8 
8 0 31 72 62 0 0 7 
0 5 0 27 14 2 5 0 
2 4 52 15 78 2 8 1 
3 9 44 75 74 5 1 1 
1 3 31 78 42 1 3 4 
5 0 44 40 48 6 7 4 
4 4 24 26 81 3 8 0 
5 0 33 65 38 7 7 9 
4 0 0 37 59 5 2 5 
6 0 57 32 39 0 5 7 
8 9 56 26 54 3 1 3 
3 1 47 77 10 2 9 1 
5 9 51 18 54 9 8 2 
9 2 38 57 49 4 7 0 
7 8 54 72 42 9 5 2 
0 5 12 60 10 3 4 5 
1 5 38 25 72 5 2 7 
3 7 32 71 46 0 0 7 
4 2 39 41 57 6 4 2 
3 8 25 47 69 9 0 8 
0 7 57 29 73 5 3 5 
0 7 79 72 32 5 0 2 
8 5 4 35 56 8 3 0 
8 8 22 53 48 4 1 1 
5 1 18 78 44 1 9 9 
6 4 40 22 41 2 5 6 
4 0 31 47 21 7 4 2 
5 8 29 39 54 3 2 2 
2 3 10 59 20 1 4 4 
6 3 0 48 69 8 7 7 
7 1 29 44 51 0 9 6 
9 6 0 31 20 3 0 9 
1 9 63 79 36 8 2 2 
4 9 24 35 56 2 1 1 
2 0 24 39 69 6 8 9 
2 4 12 77 25 3 3 6 
3 9 51 36 18 2 8 7 
6 8 27 73 64 9 2 6 
2 1 62 6 52 1 3 6 
5 4 38 42 48 6 0 8 
4 1 55 41 63 8 1 1 
3 7 18 56 70 8 7 9 
7 3 34 74 22 3 6 6 
7 9 29 44 67 2 2 4 
3 4 36 72 48 1 4 9 
2 8 32 0 92 0 8 5 
1 7 43 75 44 0 2 9 
1 6 44 34 50 8 3 1 
0 8 35 80 77 3 9 9 
5 0 39 49 26 7 8 9 
2 6 61 24 22 0 1 9 
8 1 29 46 17 2 9 2 
6 6 40 41 68 0 9 9 
7 7 32 32 72 9 2 0 
4 1 0 78 70 3 0 3 
8 4 35 50 34 2 0 6 
6 8 36 99 55 1 7 0 
3 6 16 58 55 2 9 3 
5 0 55 78 80 2 3 3 
1 2 26 17 51 7 2 4 
9 7 15 34 80 3 5 1 
7 9 12 74 24 8 3 2 
5 0 0 48 53 6 3 3 
8 3 46 25 34 4 4 4 
7 5 12 32 43 4 8 8 
2 1 11 60 43 3 2 0 
2 0 0 2 39 6 2 5 
0 2 38 50 26 7 9 1 
9 4 28 48 18 6 8 9 
4 2 0 33 35 3 4 6 
7 9 16 42 30 9 7 2 
9 8 30 76 40 6 0 0 
8 8 26 50 55 9 8 4 
8 3 50 54 31 7 5 0 
6 6 0 41 56 9 4 4 
9 9 40 59 64 7 3 4 
5 1 25 54 77 1 7 5 
7 1 32 69 56 3 5 1 
1 6 27 25 32 3 8 3 
0 8 44 57 55 1 7 8 
0 6 18 47 69 2 3 7 
7 7 21 108 24 2 7 7 
2 8 24 80 36 7 9 4 
7 4 42 36 59 8 3 2 
0 6 63 49 19 9 4 1 
0 6 30 37 57 4 0 3 
5 7 0 68 42 3 1 0 
3 5 49 9 30 2 9 0 
9 5 48 33 87 0 0 4 
4 3 37 75 59 3 6 5 
9 3 17 37 61 7 9 1 
7 6 18 23 48 4 7 2 
3 7 3 39 52 9 6 4 
7 2 41 75 82 3 6 1 
0 1 18 82 71 5 6 0 
8 0 11 56 64 7 2 2 
2 5 46 27 55 9 9 3 
4 9 12 40 66 2 3 7 
3 8 39 79 59 3 2 9 
1 6 26 27 60 7 2 1 
8 5 28 56 61 8 9 5 
6 0 24 52 39 1 2 1 
1 8 51 20 69 7 6 4 
7 1 34 59 17 3 8 1 
6 5 27 26 93 7 1 3 
2 1 33 38 39 2 1 4 
0 8 31 50 68 9 0 4 
7 4 39 38 71 5 1 6 
3 4 9 37 37 1 7 8 
8 8 40 48 39 9 7 7 
7 9 5 56 34 6 9 0 
8 9 22 70 71 1 8 6 
3 6 26 103 43 2 1 1 
4 7 45 50 68 8 2 2 
2 8 41 39 60 6 5 9 
4 3 7 21 79 1 5 5 
9 2 21 5 60 3 9 7 
1 0 27 56 40 3 6 9 
3 3 59 13 53 2 2 6 
8 9 32 7 44 0 8 8 
8 6 47 58 42 5 7 8 
8 2 18 24 35 2 0 4 
5 1 75 28 70 3 9 0 
0 0 51 32 86 7 7 3 
0 8 45 52 52 8 6 4 
4 9 31 54 47 3 0 8 
8 4 28 47 52 1 5 2 
4 0 46 73 26 1 8 8 
9 9 11 27 89 2 5 7 
1 4 38 36 75 8 0 4 
7 9 35 41 48 9 2 1 
2 0 25 57 59 4 4 4 
7 1 56 4 46 8 2 1 
9 7 55 23 43 2 9 6 
6 8 44 51 17 7 9 2 
0 4 2 54 3 3 4 1 
5 0 26 45 51 0 0 1 
6 1 25 0 19 5 7 7 
4 4 23 47 29 9 6 6 
6 1 27 42 53 5 3 8 
3 7 26 43 76 4 2 0 
7 4 18 76 60 1 9 3 
1 6 37 49 52 0 2 4 
5 0 43 54 48 2 1 0 
8 4 37 34 47 8 9 4 
2 6 19 65 54 2 4 1 
2 4 66 28 32 9 3 9 
5 4 11 16 35 2 3 7 
4 6 58 36 25 2 6 0 
1 2 33 43 65 3 1 6 
8 5 35 86 34 4 8 5 
8 4 45 94 47 7 1 8 
8 4 24 57 99 4 2 3 
0 1 4 59 84 6 4 6 
3 1 54 62 29 7 0 6 
4 9 42 52 41 9 1 1 
4 2 31 59 64 1 7 2 
1 8 26 60 38 1 9 6 
2 7 45 90 42 9 9 7 
7 0 13 59 60 7 7 8 
7 5 40 25 1 7 6 8 
1 9 36 51 45 4 5 4 
2 6 9 61 53 7 1 5 
7 2 4 52 106 7 4 9 
8 5 45 84 42 5 9 1 
3 6 1 55 61 8 2 6 
4 8 24 61 33 2 9 5 
0 8 44 89 22 7 0 3 
5 6 18 46 57 7 8 6 
2 9 37 75 76 1 2 0 
9 5 75 67 84 6 7 8 
6 6 14 24 51 8 4 9 
5 7 23 52 45 3 3 1 
0 3 58 59 70 8 6 9 
4 0 11 58 46 7 5 0 
4 2 24 57 22 6 4 6 
6 9 9 52 54 4 9 2 
8 4 14 104 45 2 5 1 
7 7 43 35 63 0 2 7 
4 3 5 56 45 3 9 6 
3 8 37 51 72 3 3 1 
5 2 51 37 43 6 6 0 
4 1 39 28 31 6 1 6 
2 0 55 64 42 4 0 3 
3 4 41 30 52 1 7 0 
5 8 35 61 67 0 5 3 
2 2 16 50 39 7 9 2 
4 6 23 64 48 2 3 2 
9 1 20 53 61 9 8 9 
8 0 48 59 58 9 8 5 
2 2 11 60 37 2 0 9 
8 7 14 51 63 3 2 2 
6 2 47 16 0 5 2 3 
1 2 35 58 33 6 4 6 
0 5 23 48 16 1 8 0 
4 8 27 63 84 7 5 9 
7 0 10 67 58 3 2 2 
5 4 23 49 20 3 3 2 
7 7 15 80 46 5 8 8 
2 3 12 49 28 4 1 7 
4 2 36 7 70 9 6 8 
6 2 64 22 24 7 0 0 
1 4 35 56 55 6 4 2 
3 8 18 21 58 3 3 0 
0 8 20 64 60 5 5 3 
9 8 14 83 85 7 4 6 
7 9 35 55 23 3 9 8 
6 6 0 47 14 7 4 9 
3 0 0 33 72 9 3 4 
8 6 7 11 51 7 8 2 
2 6 56 18 48 1 1 0 
3 7 16 58 27 4 9 5 
3 3 17 43 70 0 3 1 
7 9 32 73 63 4 4 2 
5 1 13 35 56 4 3 4 
5 0 1 63 23 1 5 2 
0 6 44 65 28 0 0 8 
4 2 0 25 70 4 6 9 
9 5 39 48 82 8 6 9 
9 1 40 41 51 6 7 4 
0 9 92 74 27 3 4 6 
8 1 0 69 38 7 8 5 
3 2 42 53 54 9 5 3 
7 9 17 45 56 6 4 3 
9 7 0 47 48 3 9 3 
9 4 23 35 60 0 6 8 
4 2 24 32 64 5 0 8 
3 8 21 54 62 9 5 4 
8 6 59 63 88 6 0 2 
6 8 46 40 63 5 4 7 
3 7 24 38 36 0 6 5 
6 9 39 70 53 9 1 6 
6 0 39 42 64 7 0 5 
1 9 33 58 56 2 8 6 
4 4 25 66 77 8 6 4 
9 4 18 34 52 0 9 9 
1 8 22 67 54 4 5 9 
2 3 62 48 63 3 8 7 
2 8 61 32 21 3 3 8 
5 7 39 83 48 0 5 3 
4 4 68 30 24 3 6 9 
3 2 15 32 45 4 3 0 
3 4 47 28 52 9 1 6 
1 1 28 26 58 1 9 9 
0 1 45 39 39 8 0 7 
2 0 56 32 66 4 3 4 
4 8 50 49 67 8 3 8 
2 1 56 28 34 8 8 0 
3 8 24 66 74 6 0 2 
5 5 52 91 38 8 7 1 
1 4 16 7 32 3 6 0 
3 9 16 82 41 9 1 2 
6 3 11 24 55 6 4 5 
4 0 12 61 50 1 1 2 
9 3 50 54 30 2 4 8 
0 2 34 59 50 8 0 9 
0 7 21 76 65 2 9 1 
6 1 25 35 45 2 8 2 
9 8 36 36 24 4 7 0 
4 2 12 47 65 8 8 4 
2 9 47 42 7 6 2 2 
8 6 53 59 40 5 4 2 
1 8 34 57 52 2 5 0 
6 7 34 57 82 5 0 6 
2 9 50 53 54 4 1 9 
5 4 44 42 70 2 4 5 
8 2 49 47 26 5 4 5 
0 7 26 4 43 6 3 0 
1 8 51 43 54 3 0 8 
2 7 36 41 68 2 1 8 
3 8 65 28 9 5 3 5 
0 2 31 74 21 1 3 2 
7 1 36 38 16 2 3 8 
9 1 7 47 70 7 3 2 
9 6 34 20 20 6 3 2 
7 8 60 33 43 7 9 4 
8 6 21 32 11 7 8 2 
9 9 23 28 53 3 9 8 
9 2 55 27 67 9 1 8 
5 2 66 50 82 6 9 3 
5 5 79 58 84 4 5 7 
2 1 22 59 11 0 1 0 
3 4 27 56 24 2 6 5 
8 4 29 59 34 5 9 1 
8 7 39 67 28 0 8 3 
8 8 29 67 82 9 8 4 
6 8 5 36 80 2 5 5 
6 0 22 33 35 3 7 5 
4 3 42 74 50 9 5 8 
0 4 27 81 35 7 4 8 
5 2 28 27 66 8 9 2 
1 1 30 66 49 4 3 2 
1 7 27 56 53 6 2 5 
0 4 45 62 62 8 5 6 
7 5 56 46 80 1 7 7 
1 5 45 48 59 2 9 9 
2 9 28 24 58 5 7 0 
4 4 30 71 55 3 8 1 
4 1 19 64 56 7 0 9 
9 3 26 56 53 8 6 2 
0 4 20 30 91 2 5 0 
4 9 34 66 62 0 2 0 
4 7 38 48 32 4 2 3 
5 0 21 48 40 1 6 8 
0 0 21 20 33 1 1 0 
9 5 19 63 24 0 9 0 
7 1 59 44 33 3 9 1 
8 8 62 62 47 3 2 5 
5 9 32 34 22 3 3 2 
3 8 63 62 67 9 5 7 
4 8 24 85 85 9 1 4 
1 2 47 58 57 6 6 6 
3 8 30 58 42 4 9 6 
5 3 42 9 66 2 6 2 
1 1 43 26 58 7 2 9 
8 5 22 25 71 3 3 8 
7 0 18 22 73 8 2 0 
5 1 35 59 34 6 8 0 
4 5 10 27 51 0 3 2 
3 3 25 12 56 7 5 6 
4 5 36 5 53 0 9 1 
7 6 51 37 65 3 5 9 
3 4 40 29 82 7 9 1 
2 0 37 76 66 7 4 4 
0 8 41 28 41 7 5 0 
3 5 0 65 84 0 0 6 
3 2 48 50 44 2 5 1 
2 4 26 52 22 3 4 1 
6 3 40 29 34 0 7 4 
8 5 12 66 40 4 3 8 
2 4 68 32 52 4 7 4 
3 0 41 39 83 5 6 4 
6 8 36 53 47 7 7 3 
0 9 53 60 48 5 8 9 
7 0 0 36 38 8 8 0 
9 1 21 7 8 3 1 1 
0 1 13 43 43 9 9 5 
0 8 25 57 69 8 8 9 
7 5 4 37 32 7 3 8 
2 0 4 46 58 3 9 6 
7 4 0 54 15 6 8 8 
1 7 36 65 77 3 8 5 
6 3 47 72 34 5 1 3 
2 3 33 64 58 7 9 2 
6 9 19 25 44 9 1 1 
5 4 13 77 44 2 7 9 
3 2 32 43 42 0 5 7 
6 9 60 62 45 0 2 1 
2 5 6 59 32 2 1 6 
2 0 32 60 51 7 1 8 
8 5 40 33 12 3 6 2 
2 4 0 72 42 7 6 5 
0 3 0 36 54 2 6 8 
4 8 58 63 51 0 2 1 
5 4 29 9 20 7 4 6 
6 1 37 43 51 2 1 3 
7 1 0 49 36 3 1 4 
9 0 34 62 64 6 3 4 
0 4 0 80 35 6 3 6 
6 5 10 39 56 9 4 0 
7 9 0 33 46 5 8 8 
7 3 0 80 82 5 5 6 
4 0 14 57 75 6 3 0 
8 2 26 74 11 8 1 9 
9 9 34 48 52 0 6 5 
0 0 17 52 65 0 8 9 
3 6 66 55 43 6 7 4 
2 9 41 108 38 3 4 4 
3 5 37 45 13 1 1 5 
4 2 3 32 38 7 8 8 
3 6 29 15 85 0 5 5 
9 6 22 70 60 4 9 2 
6 1 65 49 84 7 6 5 
3 9 42 32 22 0 0 6 
8 3 61 42 62 1 0 0 
0 7 46 38 56 8 7 7 
7 9 14 21 35 2 9 6 
8 5 23 22 52 7 6 3 
4 4 0 29 68 7 6 4 
1 2 47 17 41 5 5 0 
0 8 0 30 30 7 2 1 
3 8 17 35 77 4 3 4 
1 8 20 33 37 2 8 3 
8 1 57 18 37 9 9 5 
7 2 17 51 79 9 3 5 
7 0 43 72 66 9 6 1 
3 7 35 57 91 8 6 3 
8 7 58 40 49 7 4 7 
9 3 86 40 53 8 7 8 
8 3 26 88 20 1 0 2 
6 4 44 4 37 7 6 5 
3 1 0 49 59 1 2 9 
2 3 16 91 35 8 2 6 
0 2 49 75 35 6 0 7 
4 1 27 20 87 6 2 9 
6 9 24 33 64 8 4 4 
5 0 49 81 9 6 5 7 
9 5 41 29 76 0 9 0 
4 6 0 73 81 7 0 7 
1 7 0 50 20 4 9 1 
4 4 40 49 65 9 1 6 
1 9 60 93 42 8 3 8 
0 0 7 2 58 6 5 7 
3 5 28 10 31 2 6 4 
8 0 107 66 54 7 1 5 
0 9 0 63 49 9 6 8 
3 6 0 85 89 2 2 3 
1 6 17 64 34 1 9 2 
4 9 27 53 73 2 1 5 
9 2 66 68 15 7 7 6 
1 3 1 78 17 9 4 3 
3 1 57 71 0 9 3 1 
9 4 60 85 43 3 0 9 
5 3 19 74 49 9 7 5 
5 6 47 74 36 0 0 4 
3 0 36 24 50 0 6 1 
3 5 12 68 77 3 7 0 
6 7 58 27 24 2 9 2 
8 5 45 61 53 4 6 2 
1 4 72 35 49 7 6 1 
7 1 35 39 61 7 5 2 
6 2 14 77 60 5 4 5 
9 7 22 90 72 5 1 1 
9 7 10 49 88 7 5 6 
7 0 27 48 38 6 4 3 
7 5 11 39 54 9 9 4 
2 7 35 47 42 5 1 0 
4 2 22 57 85 0 6 3 
3 2 0 32 8 7 4 0 
3 4 0 81 45 0 7 9 
2 8 43 44 30 2 7 6 
4 9 17 73 41 5 3 2 
0 3 42 57 62 3 3 4 
1 7 25 28 89 5 1 3 
1 0 20 60 58 0 3 4 
3 1 0 42 57 6 4 3 
4 7 45 50 40 3 8 7 
7 3 15 60 75 0 4 4 
9 8 47 39 61 4 5 8 
3 9 24 51 58 8 7 4 
1 3 0 56 46 1 5 1 
3 7 28 65 52 2 0 8 
7 6 48 32 15 0 5 1 
4 5 44 55 59 9 7 7 
5 4 30 35 33 6 4 5 
5 6 54 62 39 3 8 3 
0 0 25 48 28 6 0 3 
5 7 28 40 62 1 3 9 
6 3 36 16 16 8 7 5 
5 8 20 60 38 4 8 9 
7 6 28 39 45 9 5 0 
0 8 53 62 61 8 3 1 
3 6 20 47 48 4 4 4 
9 7 26 83 42 4 3 3 
8 9 32 49 51 6 9 2 
8 5 19 53 32 6 1 9 
4 5 15 77 42 4 7 1 
2 3 53 34 45 0 2 8 
4 9 8 88 45 0 5 8 
7 5 17 70 29 7 2 8 
8 0 29 6 68 2 3 9 
6 5 6 48 0 7 6 7 
2 0 13 59 68 2 8 3 
0 9 12 86 40 4 3 4 
6 8 40 8 48 6 1 0 
8 6 33 51 69 8 5 6 
8 5 29 41 101 9 8 3 
3 2 8 58 57 0 3 0 
1 4 1 57 45 0 6 8 
3 5 7 52 22 2 0 5 
1 1 50 97 47 9 3 1 
0 7 33 64 0 2 5 5 
5 7 52 105 44 3 1 1 
8 6 40 80 40 9 0 0 
2 4 67 70 40 8 3 9 
2 2 6 48 49 7 2 2 
1 6 21 68 45 0 3 8 
1 7 44 24 49 9 4 3 
9 7 28 75 62 5 3 0 
5 7 48 70 30 8 1 4 
4 8 75 59 56 7 6 6 
9 3 26 40 57 9 0 0 
1 7 24 65 35 9 4 7 
5 6 32 45 82 8 5 1 
2 1 23 39 69 5 2 7 
4 2 43 49 44 7 7 6 
1 4 30 55 41 4 6 1 
2 7 46 53 75 3 8 4 
7 5 10 86 56 8 8 9 
9 9 36 67 86 3 8 2 
1 3 31 45 43 5 3 6 
1 4 46 82 43 8 8 5 
5 1 39 31 56 0 3 0 
0 4 41 62 84 7 1 0 
5 7 33 10 77 2 2 9 
0 3 55 44 24 8 9 1 
3 7 18 48 73 6 7 9 
5 1 0 40 60 3 7 8 
9 9 0 43 40 9 8 6 
8 3 38 30 33 6 1 6 
1 5 25 38 56 7 8 4 
2 1 0 63 48 9 2 9 
7 2 56 47 42 0 0 6 
3 5 0 30 67 3 2 5 
0 3 22 48 56 1 3 8 
1 2 19 24 55 6 4 4 
9 0 57 18 48 7 6 2 
8 6 57 51 43 3 7 9 
4 1 58 27 63 5 7 6 
3 7 47 35 69 8 1 8 
9 7 39 42 50 7 4 6 
1 3 48 62 50 6 5 5 
8 2 5 60 28 5 1 6 
3 7 15 30 15 2 4 2 
8 6 58 68 36 7 0 9 
1 2 26 46 72 0 6 2 
1 5 15 45 71 9 6 0 
0 8 14 57 30 4 6 8 
5 8 0 46 55 8 4 7 
2 9 0 47 7 7 5 7 
5 0 33 55 63 7 9 6 
0 1 44 67 76 1 2 4 
0 6 0 40 32 5 6 7 
4 3 40 64 8 9 8 7 
5 3 40 40 56 4 6 3 
1 6 44 40 17 1 9 1 
4 1 22 73 35 8 0 3 
5 4 27 44 31 6 8 0 
1 2 39 30 76 9 0 8 
5 5 34 56 28 9 6 5 
6 8 59 94 91 0 5 4 
8 5 25 0 66 6 3 8 
4 3 59 33 45 9 3 0 
5 6 33 11 38 7 3 3 
5 5 62 19 48 4 8 0 
1 2 28 54 69 9 9 8 
4 2 27 56 34 2 1 5 
0 8 0 35 33 6 4 2 
8 8 29 61 50 4 6 0 
3 9 37 6 72 0 1 3 
2 4 57 90 53 2 5 8 
0 2 0 52 56 2 1 3 
6 2 11 53 82 7 1 5 
0 7 3 49 70 9 1 4 
7 8 26 48 57 7 9 8 
3 6 25 45 68 3 5 4 
4 2 38 48 36 8 4 7 
6 9 9 62 57 4 6 4 
9 6 14 66 64 5 1 8 
8 8 49 38 30 4 0 7 
4 5 40 28 73 7 4 5 
3 9 0 30 47 3 0 4 
7 6 29 62 31 6 0 0 
8 3 43 56 22 7 5 3 
0 3 16 21 31 5 4 4 
9 4 5 22 42 0 2 0 
8 7 28 51 65 2 3 7 
7 4 51 68 72 6 9 9 
1 4 23 60 57 8 3 5 
3 9 29 49 17 9 6 9 
6 8 18 37 40 6 2 9 
5 0 64 27 49 2 3 5 
1 9 42 24 70 1 3 0 
5 0 29 53 50 2 7 9 
6 5 11 65 61 9 6 9 
8 6 30 35 56 1 0 1 
6 1 33 24 38 3 7 6 
6 9 59 60 34 8 8 7 
7 4 45 52 62 3 8 3 
5 7 53 69 51 6 4 5 
3 4 9 44 57 7 0 2 
3 8 2 66 41 7 4 7 
2 3 64 32 69 9 9 8 
3 3 46 65 52 6 8 0 
0 7 0 60 44 4 1 9 
7 1 21 35 54 5 5 6 
0 0 57 45 69 3 3 7 
9 6 21 77 25 1 2 0 
8 7 0 77 78 1 0 3 
3 6 30 36 47 3 5 5 
1 8 42 17 30 5 6 3 
4 7 21 36 27 3 1 3 
1 4 57 0 68 5 1 6 
2 3 39 53 57 3 1 4 
2 5 9 54 59 5 1 5 
1 1 10 58 26 9 4 8 
2 3 44 73 43 6 8 9 
6 1 2 84 74 7 6 0 
5 4 20 62 65 3 4 3 
6 7 0 58 79 7 5 1 
2 4 18 65 43 8 1 4 
0 7 28 45 79 4 7 8 
2 1 21 57 64 1 0 5 
1 2 14 66 60 6 0 9 
7 4 65 62 86 9 7 3 
7 7 16 39 81 8 7 9 
2 1 21 78 74 1 0 9 
3 6 18 58 103 3 3 4 
8 6 0 72 92 3 4 5 
2 5 5 77 71 5 7 7 
5 6 31 17 64 9 4 2 
1 8 19 43 53 8 5 0 
5 7 17 56 43 9 9 3 
3 1 0 53 47 7 2 8 
2 2 18 53 12 3 9 2 
1 6 29 62 59 6 7 1 
4 0 51 37 53 0 6 4 
4 6 33 66 64 9 8 6 
5 0 38 25 23 9 9 0 
1 5 48 43 65 8 6 6 
3 9 18 42 85 8 8 2 
1 1 44 44 54 0 0 9 
5 1 40 63 47 1 1 4 
4 7 47 24 62 6 7 0 
9 0 13 59 19 1 3 7 
1 9 10 27 56 1 5 5 
0 2 46 84 55 4 4 1 
6 1 39 54 64 6 9 1 
6 6 29 78 86 0 7 6 
7 9 46 60 42 8 2 0 
3 7 48 71 42 2 7 9 
7 8 70 62 10 3 1 0 
2 8 37 84 42 5 2 3 
1 2 28 56 27 3 4 7 
7 4 49 36 35 2 9 3 
3 5 36 87 60 8 8 7 
0 2 50 65 30 0 4 6 
6 8 0 64 48 8 3 2 
7 9 28 73 10 0 5 3 
0 0 47 62 46 2 0 9 
7 3 31 49 37 6 9 8 
9 7 51 98 52 2 4 2 
3 6 46 48 75 9 4 1 
4 7 0 72 54 1 7 5 
7 9 43 20 43 7 2 5 
9 7 15 64 58 1 5 0 
5 4 54 37 32 7 7 4 
6 7 37 76 37 1 7 8 
2 1 40 64 61 2 7 5 
7 9 40 56 14 0 7 2 
7 4 28 31 37 3 6 1 
8 2 41 39 60 9 9 3 
4 0 14 22 90 0 8 8 
2 0 47 53 51 8 8 7 
6 8 10 63 67 7 4 8 
7 5 42 40 18 4 5 3 
3 3 53 43 52 2 1 4 
9 5 48 36 49 0 8 9 
6 1 36 75 57 2 0 2 
4 6 14 49 0 3 7 4 
2 0 27 51 61 7 5 7 
7 2 26 24 41 8 9 2 
4 2 26 56 76 9 3 9 
0 3 58 51 66 6 4 8 
2 0 34 73 68 1 6 4 
8 3 20 42 60 1 9 8 
1 3 0 81 59 0 3 3 
5 6 0 18 57 0 8 0 
0 1 19 55 80 1 3 8 
1 1 31 38 53 0 0 7 
0 0 22 21 94 7 1 4 
4 0 22 60 37 9 6 9 
6 3 43 55 47 8 2 5 
2 2 12 30 76 4 5 6 
2 6 53 23 23 3 7 0 
5 4 27 51 96 6 9 0 
3 1 26 47 5 6 0 4 
4 8 0 105 79 6 0 2 
2 9 9 26 68 3 5 4 
7 3 0 31 53 8 9 4 
4 9 17 90 80 6 4 5 
6 6 26 75 12 2 0 9 
7 3 1 48 27 8 2 8 
7 6 13 37 63 1 8 1 
3 2 26 32 99 9 4 5 
8 4 6 41 24 3 0 9 
9 0 57 61 35 4 0 6 
3 8 34 72 25 7 0 7 
7 7 18 49 48 7 1 1 
8 9 32 30 65 4 6 3 
5 9 36 6 28 2 6 7 
7 5 43 82 65 0 8 6 
9 9 14 16 55 4 4 1 
1 6 16 33 76 6 5 9 
9 7 67 35 54 4 4 1 
8 3 14 67 50 0 4 9 
8 7 12 78 85 6 3 5 
6 8 46 14 53 8 4 6 
7 6 83 26 47 9 1 9 
1 8 13 55 39 4 7 4 
8 8 30 58 9 4 0 5 
9 6 12 52 34 8 1 9 
4 2 37 66 29 6 6 3 
6 6 23 53 16 1 4 3 
0 2 9 35 44 0 9 5 
7 8 42 40 52 7 6 4 
2 4 64 63 49 8 1 2 
1 6 29 75 72 4 4 3 
6 8 29 19 41 3 6 9 
6 2 74 60 48 9 5 7 
4 0 26 67 62 5 0 5 
2 1 12 41 69 2 3 1 
8 0 12 80 39 3 9 7 
1 8 38 19 19 4 9 1 
7 0 47 48 23 2 3 0 
7 0 35 51 14 2 1 5 
2 7 1 65 88 5 0 1 
8 8 0 43 27 5 6 1 
3 5 27 57 27 7 3 1 
1 1 0 58 83 7 5 6 
0 8 18 43 21 1 1 7 
1 2 63 70 58 9 6 7 
2 4 0 39 45 9 1 5 
3 9 25 60 63 8 7 0 
5 1 52 82 88 8 3 3 
1 1 59 39 51 5 0 4 
4 6 16 78 18 1 1 6 
0 5 17 40 51 3 9 1 
2 7 57 54 59 6 3 5 
6 2 32 0 39 3 4 5 
7 7 24 39 68 0 2 7 
4 2 50 44 61 4 3 0 
5 9 38 76 27 7 3 4 
4 3 21 60 40 5 3 6 
4 0 30 19 48 4 3 6 
6 2 41 33 24 2 5 8 
0 4 23 19 40 6 4 1 
1 0 23 56 68 4 9 5 
5 0 22 37 65 9 6 4 
8 9 30 59 44 2 7 5 
2 1 25 49 30 2 2 2 
1 4 23 71 51 2 1 7 
9 2 20 53 76 1 6 1 
2 6 39 55 73 2 2 4 
1 9 0 43 76 1 7 8 
9 3 20 77 20 3 4 3 
8 6 27 59 45 3 7 0 
9 2 7 92 59 3 3 2 
6 7 17 31 51 7 9 2 
8 3 30 80 12 9 4 0 
7 6 9 65 48 2 0 5 
8 6 57 32 49 0 4 6 
5 5 78 55 48 2 2 3 
4 3 15 19 31 2 4 4 
7 1 23 74 55 4 2 6 
6 7 47 72 59 0 6 9 
1 1 25 39 29 0 3 9 
0 9 0 12 74 1 5 4 
4 2 42 50 85 2 5 8 
8 3 14 49 62 8 9 1 
3 4 48 18 2 7 0 1 
7 1 15 50 8 7 5 4 
0 1 21 2 57 0 5 3 
3 0 17 55 42 1 3 7 
2 9 56 71 49 1 8 2 
7 0 3 47 31 5 0 5 
6 5 54 51 25 4 1 7 
9 9 10 28 40 7 0 5 
7 7 85 29 61 5 3 4 
2 1 31 90 56 4 1 2 
0 0 20 40 53 7 8 0 
3 8 0 29 76 8 3 6 
1 0 46 78 39 1 1 5 
2 4 0 75 35 3 9 8 
0 3 61 39 51 9 3 8 
6 4 45 40 89 2 1 3 
0 7 22 57 41 9 9 1 
1 4 12 57 65 5 3 4 
3 2 21 43 37 3 3 1 
4 3 18 96 58 2 3 8 
4 4 43 70 21 4 1 7 
5 6 48 59 67 8 3 1 
1 8 25 24 12 9 7 0 
1 7 40 36 61 1 3 4 
0 3 38 72 48 4 5 7 
8 6 12 45 51 6 2 9 
8 3 29 38 47 5 8 3 
6 7 24 38 74 0 2 9 
5 2 35 47 55 9 0 7 
2 2 60 34 37 3 1 1 
6 3 21 40 16 1 8 2 
7 9 44 70 94 2 1 4 
5 7 15 58 64 3 7 9 
7 6 50 57 25 3 0 5 
1 2 0 43 66 7 9 0 
3 6 10 71 46 7 5 2 
0 8 0 28 47 5 3 3 
9 7 16 75 30 0 3 6 
6 2 30 65 64 4 0 2 
0 8 52 74 41 6 9 2 
9 7 28 39 50 4 1 3 
8 1 4 37 9 4 1 3 
1 0 57 35 43 8 3 9 
6 7 41 58 50 9 1 0 
5 8 42 19 99 2 5 4 
8 3 26 72 19 0 4 7 
4 8 18 41 81 9 9 8 
4 6 33 60 27 8 5 3 
2 5 31 58 7 2 8 0 
4 3 36 24 32 8 0 7 
8 3 49 45 21 3 0 9 
0 3 18 43 86 0 7 0 
6 3 36 34 54 3 4 9 
3 9 49 45 44 5 9 6 
6 3 10 35 69 7 6 9 
3 6 0 49 63 3 9 0 
1 8 15 23 41 6 9 1 
3 6 0 36 39 9 8 0 
2 0 30 21 49 7 1 4 
5 6 12 72 26 3 1 2 
5 9 47 79 49 3 0 2 
4 7 27 62 66 6 7 2 
0 2 21 110 35 5 6 1 
2 7 24 2 63 6 6 2 
6 8 16 39 35 7 3 8 
9 4 57 27 55 1 1 9 
9 8 8 25 35 5 3 2 
1 7 30 46 67 7 9 8 
9 0 41 51 28 5 6 8 
6 4 16 87 52 5 0 5 
4 1 37 19 38 6 4 3 
9 7 39 31 79 4 1 7 
0 0 0 24 50 3 5 1 
7 7 64 66 13 7 8 6 
3 7 42 35 82 5 5 5 
1 9 58 52 37 0 5 2 
1 8 25 30 47 0 7 6 
0 6 26 61 68 8 7 3 
4 8 66 49 85 4 5 3 
3 1 0 30 68 0 9 9 
6 0 47 61 51 9 3 7 
0 0 54 67 40 1 5 5 
5 6 5 49 40 4 3 3 
7 3 37 65 58 7 8 1 
7 7 32 49 64 5 1 0 
2 1 36 40 64 8 4 6 
1 0 16 31 91 1 3 2 
1 1 19 67 112 0 1 3 
2 6 10 29 33 6 5 7 
2 0 38 37 58 5 5 0 
5 7 3 63 88 3 8 1 
5 1 47 48 60 3 5 0 
3 1 39 29 42 6 8 8 
3 1 27 52 89 8 5 5 
8 3 0 72 47 0 8 0 
8 4 0 49 49 7 4 9 
6 7 52 84 0 3 5 2 
1 6 0 50 84 7 6 7 
1 9 21 50 44 0 7 8 
2 2 25 50 43 2 3 2 
7 1 38 36 71 2 3 2 
7 2 38 27 51 3 4 3 
5 5 29 45 55 5 9 3 
2 7 28 47 84 1 6 9 
4 7 37 51 71 7 5 9 
3 7 36 105 49 5 9 2 
2 2 45 85 9 1 1 4 
1 9 35 59 38 8 7 9 
6 3 2 58 44 0 3 5 
1 0 48 56 48 7 4 9 
6 1 58 51 75 2 9 6 
7 5 0 64 51 5 1 9 
1 9 52 58 75 6 4 8 
1 6 30 60 33 1 6 6 
7 7 45 53 20 4 0 9 
1 4 34 23 18 1 9 2 
5 3 4 45 70 7 6 3 
9 0 43 62 100 6 5 9 
4 6 21 25 46 7 6 6 
6 1 27 50 37 8 4 7 
1 3 5 19 51 0 2 2 
8 2 52 72 18 4 1 1 
1 7 51 56 102 6 7 0 
5 3 47 37 52 3 6 5 
9 5 77 43 49 6 1 8 
0 8 0 31 53 4 7 1 
2 7 22 23 46 9 9 0 
3 1 36 33 51 0 2 2 
2 5 56 55 49 3 5 4 
3 0 60 38 24 0 7 1 
8 7 27 49 60 2 1 5 
1 9 22 60 66 3 7 8 
9 1 63 27 54 6 5 8 
6 4 35 61 49 3 0 9 
2 3 12 78 45 7 2 4 
2 3 43 40 46 5 6 8 
0 1 15 62 38 5 8 6 
4 4 13 45 28 5 7 3 
9 9 66 55 65 1 4 0 
9 3 16 4 60 5 9 4 
3 7 0 32 25 3 3 5 
8 7 74 42 76 8 6 4 
7 8 39 66 58 7 4 1 
3 0 51 41 73 9 8 3 
6 8 37 29 54 5 4 6 
8 4 49 24 35 0 3 9 
9 8 20 11 52 3 3 0 
4 4 43 53 54 9 4 3 
0 5 18 49 81 2 7 1 
1 2 12 64 46 5 4 1 
0 5 23 44 28 3 1 5 
4 6 17 47 61 6 8 8 
4 4 4 82 39 2 6 1 
5 0 58 18 44 9 4 8 
0 4 46 29 67 9 5 7 
6 7 40 46 62 5 0 2 
7 0 29 48 41 9 6 9 
0 5 43 59 61 5 0 6 
6 8 44 35 62 1 0 5 
0 8 54 43 52 0 5 1 
4 1 34 20 38 7 5 6 
6 3 14 42 53 0 8 6 
9 1 15 25 13 3 8 0 
3 0 19 44 60 8 0 6 
9 8 0 77 80 2 0 7 
3 9 63 64 35 5 6 6 
7 4 51 47 37 0 2 3 
1 9 8 25 70 5 6 3 
8 1 50 67 72 1 0 5 
8 5 34 46 46 6 3 4 
5 8 18 50 37 1 3 1 
8 9 80 44 40 3 9 4 
3 5 36 0 55 7 8 9 
1 4 37 18 56 7 1 2 
5 9 52 86 0 8 7 9 
1 7 13 47 23 4 6 0 
6 1 49 51 58 5 5 4 
1 4 80 59 65 3 1 6 
4 5 24 24 64 2 7 2 
0 9 68 34 40 4 5 3 
8 5 28 54 76 1 5 3 
9 6 47 38 55 5 8 4 
9 5 28 78 25 3 2 9 
2 9 28 41 54 7 9 7 
8 8 40 40 47 1 1 5 
7 7 50 19 71 3 4 7 
4 6 4 62 35 8 9 1 
2 7 32 58 33 3 1 3 
5 4 53 53 73 7 2 6 
6 0 47 13 34 4 1 4 
4 3 56 49 52 8 0 7 
0 3 15 10 41 3 0 5 
4 4 40 28 43 3 5 0 
2 1 26 64 58 9 4 1 
0 6 27 57 29 6 6 8 
8 2 43 38 53 3 6 1 
8 4 44 47 49 3 7 5 
2 4 3 72 39 0 0 6 
0 3 38 71 25 1 8 7 
1 7 45 94 32 3 4 6 
2 1 26 28 32 1 8 2 
3 5 19 68 64 5 5 0 
0 5 33 70 40 9 7 7 
0 6 27 28 53 7 6 2 
2 9 36 62 25 9 3 9 
5 6 33 58 1 1 5 4 
0 8 34 42 74 4 0 5 
6 5 28 33 47 6 4 8 
8 9 52 85 70 9 0 1 
7 1 15 40 22 7 3 0 
2 2 6 25 34 5 4 7 
2 7 40 35 55 2 1 5 
2 4 28 35 66 5 4 4 
4 3 20 87 40 8 4 2 
8 1 19 74 85 4 5 2 
6 6 45 55 65 1 9 0 
5 8 16 70 57 5 1 3 
0 4 49 42 30 3 4 9 
1 4 49 42 31 7 4 7 
2 9 38 24 50 2 8 9 
2 5 31 50 39 0 8 6 
9 1 29 41 47 7 9 9 
8 5 60 15 69 2 8 4 
2 2 32 31 30 8 7 0 
0 1 5 0 79 7 7 0 
4 0 27 72 40 8 4 7 
6 1 0 57 47 9 7 3 
9 4 37 38 100 2 6 8 
1 2 36 29 81 4 0 1 
3 5 30 67 32 0 6 5 
2 2 22 94 62 7 4 0 
2 7 11 8 50 8 6 3 
8 7 54 48 51 7 3 6 
8 8 52 45 65 7 4 2 
5 6 36 65 40 9 0 6 
9 5 24 12 51 1 3 5 
7 5 39 18 73 6 3 4 
7 2 0 41 68 3 6 6 
9 8 60 54 41 0 5 2 
9 9 28 50 77 1 7 5 
4 6 68 57 57 5 7 5 
5 9 25 57 44 9 9 3 
9 2 8 72 43 2 4 2 
0 3 18 48 41 0 9 9 
4 0 45 81 22 7 0 4 
3 0 46 51 49 9 7 3 
0 6 26 56 86 2 5 8 
5 7 68 33 45 1 8 3 
7 4 19 39 44 9 9 6 
1 5 18 26 64 0 5 3 
7 9 49 71 15 0 8 2 
3 9 39 53 72 2 0 6 
0 6 38 47 27 3 4 3 
3 6 19 60 55 0 4 8 
8 5 6 52 38 3 4 3 
6 6 17 24 23 6 9 6 
2 2 35 44 33 3 0 2 
9 2 6 28 53 8 0 2 
7 4 44 51 51 8 8 9 
4 4 43 70 33 5 7 2 
2 8 9 59 68 2 9 3 
8 9 0 53 43 1 5 6 
4 2 14 30 39 3 7 9 
4 4 38 35 54 1 1 1 
2 7 22 22 35 3 9 6 
7 5 33 50 0 0 1 1 
5 9 79 40 36 2 4 8 
5 1 39 67 46 1 0 5 
0 8 50 24 10 2 0 4 
4 7 6 16 47 7 2 2 
0 1 0 19 31 0 6 8 
7 6 67 53 41 5 4 6 
4 7 9 48 18 2 4 3 
1 2 49 49 44 9 5 6 
5 7 32 80 40 3 9 3 
6 2 56 74 22 0 3 9 
9 1 0 91 9 2 2 5 
9 0 27 56 67 5 2 8 
5 4 2 47 62 6 9 8 
5 9 30 66 25 1 9 9 
6 4 15 64 55 8 0 1 
5 8 64 38 54 5 5 4 
9 1 54 87 40 0 2 1 
7 5 0 35 42 7 2 6 
3 5 23 55 75 6 0 2 
2 0 41 74 46 4 2 1 
2 3 28 61 74 4 6 5 
5 9 34 34 63 4 3 5 
8 3 0 49 70 0 5 3 
2 6 45 31 48 4 9 1 
9 6 28 4 12 2 2 2 
7 8 36 70 33 0 1 5 
4 8 0 78 68 9 0 3 
5 8 18 62 42 2 3 7 
0 7 26 67 57 0 7 0 
0 5 15 83 45 4 5 9 
5 8 9 81 54 8 2 6 
6 6 6 24 66 5 9 9 
4 8 13 51 51 4 8 4 
6 4 28 38 44 2 2 1 
2 8 74 39 75 9 2 3 
2 5 6 104 45 6 5 4 
8 7 56 67 40 3 9 3 
6 1 10 89 31 4 8 9 
9 6 29 33 67 6 3 7 
7 5 13 49 27 8 1 0 
9 4 50 49 69 5 7 8 
6 2 43 38 53 9 8 9 
9 2 63 59 57 2 5 4 
7 6 3 60 25 3 3 2 
9 3 1 47 58 0 1 8 
3 9 28 18 84 1 0 7 
0 2 49 56 67 4 9 7 
9 9 28 54 48 0 4 6 
0 9 30 60 14 9 8 5 
6 6 53 11 40 5 2 7 
1 6 25 56 50 2 9 6 
1 2 36 85 62 6 4 2 
7 8 17 69 82 6 2 8 
7 9 4 59 26 2 5 3 
8 1 36 43 32 5 6 9 
3 2 39 66 28 2 0 4 
4 3 12 59 107 2 4 9 
6 4 22 94 73 2 0 9 
1 9 4 57 25 0 8 3 
9 5 52 48 53 6 4 6 
6 1 33 69 18 9 9 9 
4 6 19 51 34 2 1 0 
8 1 25 62 50 9 2 0 
4 8 48 50 30 7 2 3 
0 9 4 21 59 6 4 7 
7 7 10 9 50 6 2 4 
1 3 26 52 22 3 7 0 
2 4 9 44 19 5 1 7 
8 4 27 83 40 0 4 8 
1 5 0 47 14 8 7 1 
1 3 0 71 33 9 2 2 
3 0 29 49 39 8 9 3 
7 2 30 44 20 2 2 1 
9 0 40 49 52 9 4 5 
8 0 53 62 54 2 9 3 
8 4 34 36 76 5 1 5 
1 3 48 84 21 0 1 7 
5 3 13 40 33 6 1 7 
4 4 8 84 23 1 7 8 
5 6 7 10 58 0 3 7 
8 7 50 18 38 0 0 1 
7 2 6 87 58 1 6 1 
8 6 46 28 51 1 9 4 
8 8 41 25 77 7 7 4 
2 3 25 19 22 2 1 0 
5 2 54 90 61 8 2 1 
8 1 46 51 74 9 8 5 
4 5 58 18 40 3 3 7 
3 4 0 34 76 3 1 1 
0 2 20 83 36 1 8 5 
8 9 49 49 35 5 6 4 
7 2 19 57 71 5 4 7 
2 3 0 37 62 4 9 2 
5 2 0 50 50 2 9 8 
1 1 1 64 21 2 8 6 
0 0 28 58 31 9 9 7 
9 5 11 52 29 6 0 5 
0 7 48 39 66 8 0 8 
0 5 20 28 70 0 1 0 
7 3 0 54 47 0 4 6 
0 5 2 56 41 7 5 3 
5 2 43 48 30 2 1 8 
4 8 26 58 0 1 1 9 
2 0 37 53 49 5 9 8 
7 6 13 78 57 6 0 2 
6 4 47 39 27 7 3 6 
6 9 27 60 11 8 3 0 
9 7 54 40 36 7 6 5 
2 2 30 90 42 6 2 6 
1 7 37 0 54 1 4 6 
6 1 38 29 82 5 0 3 
4 3 60 61 67 3 9 0 
0 8 29 60 90 3 6 7 
7 4 68 85 57 9 5 8 
1 9 25 45 54 4 1 1 
7 1 30 45 14 5 3 5 
2 6 56 32 67 7 4 0 
3 7 0 41 66 9 4 0 
1 9 26 63 65 6 5 9 
0 2 0 61 51 9 3 7 
0 5 52 27 35 3 4 0 
3 9 34 17 13 9 1 2 
2 7 41 25 85 7 1 7 
0 1 54 48 56 5 6 4 
2 9 38 30 53 0 2 8 
1 8 34 57 54 3 4 3 
1 8 14 44 33 9 3 9 
2 9 0 69 42 7 5 4 
3 9 24 27 78 3 2 3 
3 6 40 69 73 3 0 2 
9 4 19 35 41 4 6 7 
5 7 16 57 81 6 4 1 
6 6 42 35 40 5 6 8 
1 6 42 69 41 2 8 1 
4 7 3 55 53 9 2 8 
2 6 11 25 38 7 7 1 
4 4 31 56 72 7 5 7 
8 2 37 83 44 3 9 2 
8 8 0 54 65 7 0 2 
1 5 45 64 69 4 6 5 
3 6 53 55 89 9 3 5 
1 6 60 22 47 8 7 5 
0 6 47 82 2 1 9 5 
1 2 6 33 43 5 4 4 
7 5 25 87 69 9 7 1 
4 8 36 88 51 2 3 8 
6 1 0 88 49 4 0 4 
8 9 38 18 56 8 4 4 
4 6 52 63 25 1 6 6 
0 3 16 65 49 9 4 1 
6 2 41 6 43 3 4 7 
6 9 44 42 43 3 8 9 
3 6 33 40 31 6 2 2 
7 9 15 11 13 5 8 4 
8 3 39 54 44 8 6 3 
6 2 22 32 53 1 3 0 
9 0 15 70 31 9 5 1 
9 0 50 53 55 7 4 0 
4 7 48 87 55 3 6 3 
9 4 36 45 88 2 0 4 
2 6 0 92 52 8 1 7 
7 0 78 75 37 5 1 8 
0 7 38 80 33 0 8 4 
0 3 28 73 30 7 5 2 
6 5 30 55 28 8 5 6 
6 7 9 22 16 4 1 1 
6 8 48 67 50 7 9 5 
7 4 55 78 40 9 9 1 
2 9 18 55 65 3 1 1 
8 6 17 52 54 0 1 3 
2 3 44 91 59 1 3 4 
7 9 35 40 75 0 2 1 
