8 4850
1 4 9 56 71 4 0 1 
1 3 50 41 0 3 6 2 
1 6 7 60 75 1 0 2 
8 7 28 11 44 8 1 2 
1 2 43 19 59 1 7 8 
1 1 34 34 80 5 7 3 
0 8 24 58 8 5 1 2 
8 1 30 76 59 0 9 6 
1 6 28 34 29 0 4 0 
1 3 25 32 27 3 5 1 
8 0 69 48 66 2 7 7 
8 8 55 50 80 2 8 4 
4 8 0 37 34 4 8 3 
1 2 27 50 82 5 9 5 
3 1 32 81 76 3 4 8 
5 9 12 45 47 8 2 0 
4 4 0 4 31 0 5 9 
7 3 71 40 25 6 7 2 
6 3 19 39 54 7 5 9 
4 4 67 32 27 2 6 0 
6 5 31 76 84 9 5 9 
7 9 20 79 47 8 0 9 
4 3 0 49 27 7 6 6 
8 8 16 62 47 0 4 5 
0 6 0 58 45 3 0 6 
6 5 41 46 83 6 6 4 
5 9 20 33 44 2 7 9 
3 8 43 22 58 0 3 2 
7 3 1 49 42 7 2 1 
9 5 28 41 28 5 2 2 
6 3 32 54 63 8 1 2 
1 7 7 33 72 1 8 4 
8 2 41 26 38 6 2 5 
8 1 13 40 61 8 4 1 
5 3 13 65 71 2 9 0 
0 8 56 80 56 9 2 5 
5 2 21 48 85 5 0 6 
7 7 52 55 48 0 0 8 
1 8 11 30 24 2 5 0 
8 9 12 44 51 0 6 8 
0 6 25 50 40 6 5 0 
2 9 18 27 79 8 5 5 
8 6 14 72 96 5 1 8 
0 9 56 40 34 4 4 7 
3 4 7 84 60 1 4 1 
2 0 40 89 31 9 0 3 
9 1 23 42 38 4 8 8 
0 0 78 38 64 8 0 8 
6 2 15 83 51 4 2 4 
8 1 0 49 74 2 5 5 
9 1 22 47 62 6 0 9 
6 6 48 40 47 5 7 1 
1 0 31 33 13 8 7 8 
8 5 60 44 29 4 7 2 
3 3 30 32 47 7 0 0 
3 6 35 51 73 4 5 9 
3 1 22 52 68 1 2 6 
9 2 16 50 44 3 0 9 
8 7 39 59 62 7 7 1 
3 3 27 37 27 2 2 1 
3 7 52 73 29 1 0 9 
3 7 33 64 26 8 7 2 
1 0 7 29 33 9 1 6 
8 4 11 51 38 6 5 7 
7 9 32 52 42 8 5 4 
3 8 37 72 10 6 3 1 
3 4 16 20 35 8 2 6 
4 4 25 72 79 5 2 7 
7 4 1 39 63 5 8 1 
5 6 31 38 12 2 1 2 
4 1 50 31 49 7 5 9 
8 2 26 56 65 2 0 0 
1 3 49 48 74 8 8 4 
1 4 8 55 25 0 9 0 
1 6 43 50 76 0 5 8 
7 8 45 46 19 5 8 7 
1 4 6 51 23 6 2 6 
0 1 22 31 78 9 0 1 
4 5 37 23 31 2 3 2 
9 4 55 32 54 8 3 9 
0 8 21 69 53 7 1 7 
9 5 14 65 89 3 6 8 
7 3 58 32 24 6 7 0 
6 6 56 67 31 8 2 6 
4 0 15 31 44 6 9 3 
0 4 25 56 55 7 9 8 
3 9 17 59 77 8 1 7 
8 0 14 52 59 9 2 5 
6 7 20 62 29 3 1 6 
7 0 16 75 47 9 7 0 
2 0 38 50 70 4 5 5 
5 4 15 40 63 8 1 4 
2 4 47 23 59 1 7 4 
9 1 36 52 20 3 6 5 
3 0 35 37 58 6 0 3 
6 7 39 67 61 8 4 2 
2 1 51 78 25 7 0 6 
3 3 13 52 65 2 9 6 
7 0 52 68 74 1 4 0 
8 5 23 59 52 3 1 9 
7 3 44 50 12 3 7 8 
8 5 1 55 52 0 8 3 
5 3 59 31 59 7 0 9 
3 1 0 77 52 6 2 8 
6 6 45 64 23 2 6 8 
5 1 12 17 78 4 9 9 
7 6 17 64 75 9 7 3 
9 3 0 33 47 2 8 5 
1 1 35 62 13 2 6 8 
2 5 34 39 55 2 8 4 
4 0 48 35 37 2 7 0 
6 8 24 37 64 2 9 5 
2 2 52 30 72 1 5 7 
4 2 42 86 41 0 3 8 
6 5 73 59 39 1 1 0 
0 2 0 16 70 7 8 2 
1 6 46 57 24 5 4 1 
1 6 45 57 83 0 8 5 
3 8 30 42 43 3 8 6 
2 5 41 47 101 2 9 7 
4 7 0 21 20 4 5 1 
9 7 16 53 30 0 4 5 
7 3 37 54 63 8 1 9 
1 6 6 86 20 0 0 3 
3 2 34 55 66 4 9 8 
5 6 36 56 69 7 6 7 
7 1 35 62 45 2 1 5 
4 4 5 52 47 3 7 5 
1 4 63 70 49 5 8 3 
8 9 16 28 66 1 9 1 
6 0 11 72 45 4 6 9 
4 6 0 69 45 0 5 4 
7 3 20 57 12 5 2 2 
8 3 25 61 96 4 6 4 
4 6 41 64 57 9 5 0 
3 1 0 72 20 6 7 6 
1 2 46 42 76 4 9 9 
6 6 0 68 44 5 3 0 
0 7 41 58 47 7 5 0 
7 7 34 61 56 4 1 5 
5 5 0 37 40 0 4 8 
8 3 49 11 43 6 0 1 
4 2 0 52 49 6 9 4 
3 8 29 54 23 3 1 9 
4 6 41 53 48 0 4 9 
6 8 47 12 44 8 4 8 
5 5 51 63 4 1 0 6 
2 7 36 9 57 5 9 5 
5 5 0 86 80 1 1 1 
7 6 52 62 73 6 6 1 
4 5 5 43 57 4 8 7 
4 2 0 60 33 7 8 8 
8 4 24 38 111 3 6 6 
5 7 23 67 85 3 1 8 
6 4 5 48 58 8 1 8 
7 9 10 60 21 2 0 9 
9 4 41 0 34 2 1 3 
8 0 46 45 28 4 5 7 
7 5 42 60 55 8 8 3 
0 0 37 63 76 7 0 7 
9 5 45 48 30 7 3 8 
5 0 0 65 57 0 8 5 
6 3 43 43 69 4 9 5 
0 3 32 41 26 2 9 2 
3 2 58 58 29 7 1 2 
8 1 57 61 42 9 7 3 
3 1 81 81 61 5 0 1 
8 0 1 41 83 5 2 8 
6 5 14 70 63 3 8 9 
3 2 0 67 54 8 9 7 
9 7 41 40 73 5 0 3 
6 1 68 72 36 5 1 5 
7 9 55 91 27 0 6 4 
2 1 71 36 66 7 8 9 
4 3 34 66 66 9 1 3 
6 4 8 115 43 5 0 9 
8 7 27 57 65 1 7 3 
9 8 35 52 86 0 5 3 
6 0 45 65 62 2 6 3 
7 4 2 27 78 9 4 8 
4 9 53 23 17 1 4 3 
4 5 32 70 37 5 6 6 
4 0 42 52 53 7 9 3 
5 3 58 26 27 1 3 4 
6 7 49 39 82 1 7 7 
1 7 66 93 33 2 7 4 
1 6 7 57 78 7 3 5 
1 8 8 100 29 6 8 5 
5 7 17 64 42 1 4 2 
1 4 30 83 39 7 4 7 
9 3 28 5 41 5 1 6 
1 7 63 33 42 8 0 0 
1 0 24 30 65 5 7 6 
8 3 0 100 80 1 1 6 
6 9 14 77 89 8 3 6 
1 9 50 84 80 4 9 1 
0 4 30 99 21 1 0 1 
8 9 22 50 12 0 4 2 
7 1 29 46 62 0 9 8 
6 2 17 61 63 4 5 3 
5 4 31 54 73 6 7 4 
8 1 12 56 53 9 7 6 
8 0 58 33 44 2 8 3 
7 5 0 61 67 9 9 5 
3 9 14 48 58 9 6 6 
2 6 32 47 51 9 3 3 
7 0 27 44 44 1 0 0 
4 3 35 52 42 3 6 1 
3 2 47 73 59 1 1 5 
7 3 22 42 31 8 4 4 
0 5 14 54 75 1 5 6 
6 2 56 46 79 4 9 7 
1 8 52 17 51 9 2 0 
4 9 11 51 81 7 2 1 
6 0 8 42 80 1 3 5 
2 5 32 59 85 8 8 5 
3 1 57 32 56 4 7 6 
6 3 44 45 72 7 0 9 
1 4 26 36 40 3 3 8 
9 3 17 18 5 0 7 7 
1 5 62 51 43 3 5 2 
1 3 49 62 41 0 0 7 
6 7 21 60 23 2 3 4 
2 4 5 38 53 6 4 7 
9 7 53 61 66 1 8 6 
4 1 9 37 45 8 4 5 
1 6 19 38 55 3 9 1 
9 5 35 53 43 9 9 4 
0 2 28 47 63 3 8 9 
6 6 62 50 51 2 8 2 
7 1 53 53 48 2 1 1 
6 0 24 53 33 9 7 4 
9 2 62 92 72 1 9 6 
6 9 31 76 62 1 8 9 
5 5 0 43 38 6 4 9 
3 4 60 31 28 9 8 2 
8 3 21 65 72 2 7 5 
9 7 32 40 55 8 1 4 
3 1 28 37 59 7 6 8 
3 5 77 66 62 3 4 9 
4 7 61 50 38 7 7 9 
8 9 0 75 31 8 7 0 
3 9 30 58 52 8 5 7 
8 2 5 47 53 4 3 5 
4 3 39 62 60 7 3 2 
4 0 30 43 5 2 4 5 
5 1 36 56 62 9 7 2 
0 0 47 46 87 5 2 6 
2 4 21 72 43 2 9 5 
1 8 27 90 80 8 1 5 
7 7 9 91 56 2 2 8 
4 2 15 46 63 5 7 0 
6 7 16 44 49 6 2 8 
8 1 38 72 62 3 9 7 
7 7 63 12 52 8 0 1 
3 5 17 65 43 2 3 5 
8 6 32 32 56 2 5 5 
7 8 17 26 13 9 2 5 
7 9 50 48 11 3 5 4 
6 0 30 71 67 6 5 1 
0 7 7 46 46 4 6 0 
7 1 43 42 52 5 3 3 
3 6 63 56 43 9 2 0 
1 5 11 58 43 4 5 8 
0 7 14 48 66 5 8 6 
6 7 49 38 57 1 8 1 
8 3 5 64 90 7 3 3 
6 4 27 68 42 7 4 7 
2 4 34 59 28 9 6 7 
9 8 26 33 75 5 8 9 
0 4 3 65 26 0 8 3 
0 2 14 66 96 1 0 8 
2 8 41 62 84 9 9 9 
6 7 27 60 33 7 5 1 
1 3 34 42 40 2 5 9 
3 1 0 61 59 6 5 8 
5 6 0 32 48 0 5 0 
3 9 32 62 44 3 6 9 
1 9 30 73 13 7 5 5 
2 0 5 44 35 7 9 9 
2 0 26 81 22 6 2 7 
0 7 0 38 29 9 2 8 
4 5 5 23 63 7 2 7 
9 0 6 34 33 5 5 1 
3 8 45 66 37 1 5 5 
2 4 34 57 49 4 6 4 
6 4 41 27 20 2 0 1 
8 2 23 22 60 7 5 5 
3 4 31 33 57 9 4 3 
3 9 31 32 20 5 8 6 
3 6 33 31 55 6 2 1 
7 0 39 56 68 2 7 4 
1 3 25 37 41 3 7 3 
0 7 10 21 18 4 3 7 
2 2 16 31 7 5 6 8 
5 7 24 71 36 1 4 4 
6 6 2 40 50 9 2 2 
8 7 32 31 41 8 8 3 
3 0 59 25 51 7 5 2 
4 5 0 26 65 0 9 9 
9 5 8 69 26 7 1 2 
0 6 71 30 66 2 7 6 
7 2 62 50 48 3 1 2 
8 6 69 77 38 7 7 6 
6 7 31 34 77 2 7 6 
3 8 21 29 0 6 6 9 
7 6 58 38 80 6 3 3 
1 2 43 37 50 1 8 9 
5 5 38 82 38 6 8 4 
3 8 68 45 25 0 7 3 
4 5 92 48 27 8 2 0 
3 7 68 52 55 8 5 4 
1 7 53 75 80 7 1 5 
0 5 37 17 28 2 7 2 
0 6 30 15 64 7 9 0 
8 6 12 50 26 0 8 8 
9 8 27 69 44 5 0 7 
6 1 56 48 38 7 7 9 
3 7 40 45 64 7 5 7 
1 9 26 46 31 7 0 8 
7 5 63 39 36 1 6 3 
4 4 46 19 39 3 6 6 
0 2 33 47 80 7 9 7 
6 0 35 69 75 5 4 3 
4 1 40 65 51 2 1 2 
7 1 37 70 28 6 1 6 
8 2 24 76 61 3 8 2 
4 7 22 15 53 2 4 6 
9 5 35 53 45 9 4 7 
5 3 47 51 34 9 6 1 
1 7 22 51 23 2 9 3 
3 8 25 47 42 8 0 2 
3 8 28 37 50 1 5 8 
9 2 45 65 82 6 4 0 
4 3 61 32 63 5 6 1 
7 2 8 30 50 3 5 1 
8 6 32 31 41 7 2 3 
5 9 49 71 48 0 7 7 
4 8 23 86 60 8 0 8 
4 1 65 74 61 8 8 9 
8 0 9 34 61 7 5 8 
2 7 41 0 66 9 5 6 
4 3 20 48 64 6 3 0 
9 4 30 25 70 8 5 1 
5 3 3 17 26 7 1 8 
2 9 56 65 31 5 1 1 
3 8 38 56 21 4 9 0 
1 1 20 64 56 2 3 6 
7 9 6 75 25 3 1 4 
2 3 7 83 52 1 4 8 
5 9 10 43 19 6 2 2 
5 2 38 18 36 4 3 8 
6 1 73 32 59 0 5 6 
8 8 43 71 56 7 4 5 
8 2 16 64 42 0 9 9 
3 6 0 27 42 9 7 2 
2 4 0 56 53 8 1 0 
0 6 43 29 39 1 2 5 
5 6 19 38 9 9 2 0 
7 7 2 67 52 9 8 2 
6 1 0 48 64 9 2 0 
7 1 24 76 37 3 5 4 
8 7 46 50 30 9 9 3 
1 1 44 37 66 0 9 3 
4 3 50 31 52 2 1 9 
0 4 27 70 60 8 3 4 
0 1 0 32 84 2 7 7 
8 8 25 42 75 9 5 6 
1 7 29 32 86 4 8 5 
8 2 1 12 66 8 6 5 
9 1 72 32 32 1 6 6 
0 5 0 79 20 8 8 8 
5 6 54 48 52 2 9 5 
6 2 22 44 39 8 8 6 
7 9 47 44 61 0 3 6 
0 1 27 46 23 5 6 9 
1 0 34 62 34 2 4 1 
5 8 0 75 33 4 8 5 
3 1 52 32 38 3 9 0 
7 8 61 32 61 5 6 3 
6 9 61 76 47 5 5 8 
1 1 35 69 50 4 3 6 
4 9 12 46 19 2 2 8 
8 7 0 40 51 7 1 6 
3 3 11 7 41 7 2 9 
5 6 40 72 18 2 8 9 
8 6 55 63 19 9 4 1 
6 9 21 77 34 3 3 4 
7 2 18 78 66 1 4 6 
5 4 21 72 54 5 3 0 
8 9 12 52 51 9 6 9 
6 0 1 3 54 5 8 1 
8 8 53 48 48 3 4 5 
5 7 44 36 45 6 6 8 
6 5 42 61 57 9 2 6 
4 9 0 13 54 1 3 6 
8 8 15 50 37 4 9 9 
8 3 0 66 37 8 6 8 
2 4 41 39 35 2 3 8 
6 1 36 28 47 9 0 3 
2 1 38 32 65 0 6 6 
8 7 38 47 47 3 4 9 
6 3 13 54 63 8 1 0 
0 8 25 58 33 8 0 1 
2 9 23 37 75 7 9 2 
8 7 12 49 79 2 2 8 
5 3 38 50 57 5 0 7 
7 5 27 71 41 7 4 4 
1 4 35 50 24 3 1 7 
0 4 27 57 49 8 2 5 
6 4 42 66 68 7 8 5 
1 4 57 71 61 8 9 1 
0 0 9 59 50 6 6 9 
8 2 15 62 49 9 6 2 
5 5 47 60 75 3 8 9 
6 9 24 46 106 6 4 4 
9 3 31 77 72 6 4 2 
1 2 56 36 25 7 4 2 
8 8 0 50 67 8 6 3 
3 1 20 87 52 1 4 0 
7 2 31 75 54 4 4 6 
4 5 19 44 60 3 8 3 
5 5 8 45 39 9 1 2 
2 1 73 37 52 7 3 1 
2 7 28 37 28 5 2 6 
0 5 18 26 73 4 5 7 
5 2 17 55 51 0 5 1 
3 6 39 56 18 0 6 7 
2 8 44 37 67 2 4 1 
0 2 33 26 48 8 0 8 
7 9 90 48 38 4 6 8 
7 8 80 64 95 6 9 0 
7 2 27 68 56 8 1 3 
1 5 75 68 33 3 0 9 
9 6 23 74 2 4 2 3 
0 0 0 54 8 5 1 8 
5 0 56 86 37 2 0 7 
6 1 33 36 62 4 2 8 
0 1 11 61 13 8 0 8 
6 4 43 13 57 4 0 7 
7 5 6 48 30 6 6 5 
1 3 34 0 46 6 9 5 
6 7 0 94 5 2 3 5 
3 9 39 79 75 7 1 7 
2 5 28 12 47 4 3 8 
7 6 36 27 68 6 8 6 
1 3 47 54 52 6 5 9 
2 6 25 14 62 4 6 1 
9 8 56 81 55 8 4 2 
4 6 26 27 35 5 8 8 
9 6 14 89 70 0 7 5 
5 9 13 37 54 5 7 8 
9 6 43 103 44 6 3 6 
4 4 7 61 68 0 0 6 
7 3 18 115 36 4 9 9 
3 2 21 43 56 9 2 1 
7 4 75 41 42 2 0 0 
0 8 22 60 77 1 9 5 
8 0 34 42 60 9 1 6 
4 2 54 1 61 4 2 9 
4 6 44 55 80 9 4 4 
3 7 8 86 67 1 6 5 
2 7 82 49 34 5 4 0 
9 0 47 66 65 9 7 1 
2 7 17 96 86 0 2 2 
6 7 7 32 49 7 0 8 
7 2 72 66 45 5 8 3 
1 0 23 67 53 6 2 4 
2 4 44 60 42 0 5 0 
4 3 42 100 67 0 9 8 
3 2 26 41 57 1 9 2 
9 9 17 87 52 3 9 0 
3 0 8 64 27 5 8 3 
0 9 27 14 57 0 2 0 
2 8 43 76 59 2 3 4 
5 6 48 13 52 9 4 4 
5 1 3 29 29 0 9 5 
4 5 37 62 71 5 5 0 
4 4 33 66 26 7 7 9 
3 8 46 74 44 7 3 0 
9 7 50 31 29 6 8 6 
0 4 0 0 26 0 4 2 
8 0 0 57 66 5 3 6 
1 7 0 62 30 6 1 3 
7 1 29 66 68 8 4 1 
4 7 38 67 64 6 0 4 
5 2 4 11 50 8 3 2 
2 5 11 79 27 8 8 1 
2 1 40 34 69 1 8 7 
7 0 20 43 59 6 8 3 
4 2 45 24 73 9 6 9 
9 2 20 0 33 6 6 4 
1 0 71 38 58 2 7 4 
7 1 30 38 66 5 0 1 
2 2 100 46 37 4 4 1 
8 4 55 93 33 5 1 7 
0 2 8 24 77 0 3 0 
1 2 43 47 71 5 4 0 
0 8 61 34 22 2 0 8 
7 1 3 19 58 5 2 3 
9 8 13 82 32 4 6 4 
1 8 7 64 39 9 1 0 
4 2 56 50 72 0 3 5 
4 8 12 30 47 4 7 8 
9 9 33 54 42 1 9 9 
3 4 38 44 37 7 5 8 
6 2 38 20 49 6 7 9 
7 6 26 75 0 5 5 2 
7 5 34 34 43 4 3 2 
5 0 48 54 48 2 6 9 
1 1 37 68 44 3 3 8 
0 1 36 66 44 1 3 5 
0 2 12 3 48 3 3 4 
7 5 48 72 30 8 4 6 
5 2 0 23 25 1 4 8 
3 4 60 49 36 2 5 4 
7 1 64 47 50 4 5 2 
8 0 21 47 65 7 6 4 
2 2 52 25 52 1 4 0 
0 5 0 73 49 2 7 8 
6 5 43 93 64 3 6 7 
5 4 63 63 45 5 5 4 
2 5 46 27 70 9 7 9 
8 8 46 32 79 9 7 4 
6 3 25 58 55 0 8 7 
6 7 47 57 63 2 0 1 
1 8 22 39 45 8 7 6 
8 3 15 27 59 8 5 3 
6 2 62 38 48 9 3 1 
5 8 45 41 54 1 6 6 
0 9 44 95 91 1 9 0 
6 9 46 59 98 0 9 5 
8 6 33 60 44 6 8 6 
1 2 61 41 51 6 9 2 
0 5 0 35 59 6 8 9 
0 9 22 59 76 7 0 4 
3 0 31 76 72 3 5 2 
7 7 27 48 76 3 4 8 
4 8 21 57 38 3 5 9 
2 5 58 51 69 7 5 5 
8 2 0 79 63 9 5 7 
9 3 22 72 62 7 6 2 
0 7 56 63 81 3 9 4 
4 1 46 58 77 6 7 9 
3 2 53 27 57 3 7 7 
1 9 50 55 39 6 8 0 
0 2 18 74 66 4 8 7 
0 4 54 35 83 3 0 4 
1 4 32 47 47 3 8 7 
9 6 37 0 61 6 7 8 
9 6 12 4 48 6 6 7 
0 5 38 38 46 1 3 0 
7 3 24 40 54 8 5 0 
6 4 20 56 51 4 5 5 
7 8 56 56 66 7 6 4 
9 0 28 24 34 1 5 3 
7 0 3 62 31 4 5 2 
0 1 36 9 48 8 4 8 
1 3 9 88 60 8 7 3 
0 8 19 108 32 8 5 0 
0 6 41 81 71 0 0 2 
9 7 86 37 65 3 4 8 
6 7 9 44 29 8 7 3 
4 1 18 51 77 0 8 0 
7 8 11 32 66 4 8 3 
7 5 38 26 68 1 1 3 
2 4 54 59 42 3 3 1 
9 7 36 39 40 5 0 2 
9 6 28 20 43 0 8 5 
9 8 17 60 45 7 4 8 
2 6 16 21 68 0 2 8 
5 4 46 51 32 9 5 3 
2 2 4 50 61 2 6 1 
9 8 46 20 50 2 6 6 
8 4 24 63 77 4 3 2 
6 6 15 76 22 4 7 6 
1 7 22 25 27 6 0 0 
1 9 71 48 23 3 7 1 
3 6 44 49 49 0 1 3 
4 1 21 59 35 7 4 1 
0 8 38 43 21 1 3 7 
1 4 52 36 54 6 3 0 
1 7 55 77 72 8 5 8 
5 1 26 67 80 8 8 4 
2 1 39 71 55 0 9 5 
6 2 22 49 42 7 2 1 
1 2 17 69 56 7 8 8 
8 4 70 56 57 5 7 0 
7 3 17 60 87 8 9 9 
2 5 34 29 50 2 9 3 
2 8 10 72 28 3 6 8 
8 4 5 32 43 5 2 4 
5 6 30 51 45 9 1 2 
3 8 18 41 50 3 9 2 
6 0 39 51 54 6 1 8 
2 4 80 82 46 8 2 4 
8 9 0 68 47 3 9 2 
1 0 27 25 56 0 1 4 
2 6 29 68 50 7 4 4 
7 4 30 36 63 5 4 6 
0 2 35 58 97 8 1 1 
5 7 37 47 43 7 9 8 
8 3 35 35 46 6 8 7 
6 4 35 48 52 1 6 0 
0 4 32 70 67 9 3 4 
0 2 22 22 95 4 8 9 
2 7 14 31 45 6 9 4 
4 9 30 53 92 2 7 3 
8 5 28 56 66 5 5 9 
3 9 27 39 54 5 0 8 
0 8 55 49 52 7 3 8 
8 9 8 32 56 6 6 5 
7 5 30 61 62 9 5 2 
9 0 10 60 8 3 0 6 
1 0 25 53 62 9 2 2 
1 0 12 16 68 0 3 4 
6 3 20 65 34 4 6 7 
6 0 0 23 53 0 1 7 
3 8 38 81 54 5 6 6 
9 2 62 53 51 2 6 6 
3 0 20 64 85 2 8 1 
3 6 24 22 14 7 9 5 
4 1 28 67 81 8 2 3 
2 9 23 40 30 5 1 0 
2 0 41 34 62 8 3 0 
2 0 11 50 40 2 5 3 
5 1 42 44 0 0 5 4 
5 3 37 31 60 5 0 6 
5 6 15 67 55 7 3 1 
8 0 36 48 57 1 7 1 
1 4 27 37 87 7 4 3 
3 2 45 81 59 4 5 8 
3 5 39 35 61 2 0 5 
0 4 0 34 11 4 0 7 
1 0 70 29 33 9 4 8 
7 7 21 49 46 9 8 3 
9 6 63 37 40 1 4 5 
4 4 9 46 55 7 9 4 
1 8 29 89 56 2 8 9 
8 1 17 71 38 1 0 3 
6 5 41 56 57 1 3 7 
5 6 0 62 29 1 4 6 
9 3 55 43 61 1 6 4 
1 9 50 60 34 0 7 1 
8 4 57 21 36 9 9 5 
1 5 33 52 11 1 2 9 
8 9 57 80 52 4 3 1 
2 7 37 56 36 5 5 7 
6 4 9 84 37 0 6 1 
5 8 0 41 58 4 6 3 
0 3 33 56 51 1 0 5 
2 5 17 42 27 9 3 0 
9 4 30 64 68 1 7 6 
8 1 45 4 65 9 2 2 
3 0 43 65 89 0 6 6 
9 3 30 39 25 7 6 0 
0 3 0 88 60 6 3 6 
4 6 11 25 38 4 2 0 
7 4 51 32 50 8 8 7 
9 9 0 59 57 0 5 6 
1 8 19 75 90 3 4 0 
4 1 26 63 80 3 3 9 
4 9 0 67 44 6 0 8 
1 7 41 87 59 4 5 2 
5 4 25 50 59 9 6 0 
5 0 43 66 41 9 9 3 
5 6 59 65 90 7 9 1 
3 1 24 45 59 8 8 1 
0 2 29 29 61 2 9 1 
0 1 13 71 63 9 5 8 
5 8 32 48 38 5 7 0 
4 9 0 44 22 1 4 3 
4 7 35 39 62 4 3 9 
6 7 44 0 38 0 2 3 
3 6 25 41 16 5 4 9 
3 3 58 64 36 8 2 7 
5 3 21 43 60 4 6 9 
6 3 44 64 77 3 0 1 
8 0 2 68 54 7 1 3 
3 6 23 57 13 4 0 9 
6 2 44 62 78 7 8 7 
3 8 44 72 49 1 5 8 
3 8 65 45 74 9 2 2 
4 4 0 63 68 5 6 6 
9 1 19 33 9 8 9 6 
0 1 20 47 71 4 7 7 
2 7 0 55 25 3 4 0 
3 6 75 87 67 4 0 2 
5 2 32 54 83 9 8 2 
7 4 33 46 31 3 0 4 
4 9 16 37 52 5 1 3 
0 7 44 19 43 6 3 0 
0 6 59 58 33 9 6 0 
6 0 34 21 45 1 1 9 
5 5 0 56 54 1 0 7 
1 4 33 46 49 5 1 6 
6 6 55 65 66 5 8 2 
3 7 20 99 37 1 1 3 
5 0 13 40 52 6 0 5 
2 4 27 22 34 6 1 1 
2 9 82 42 36 2 1 2 
2 3 39 65 56 0 6 9 
0 8 18 76 67 9 9 1 
7 3 0 53 55 8 1 9 
7 5 52 72 46 8 2 5 
5 9 50 66 42 4 6 3 
6 6 63 54 80 1 3 4 
3 6 49 95 43 7 6 3 
5 1 20 44 89 0 3 2 
1 2 0 29 69 1 3 9 
5 2 52 29 33 0 5 4 
4 5 51 56 82 7 2 2 
3 4 35 54 41 6 5 8 
4 8 25 47 29 6 6 9 
3 9 0 39 12 8 8 9 
4 8 42 60 36 8 8 2 
5 5 18 32 48 7 7 3 
1 2 74 41 70 5 7 4 
7 9 45 47 29 8 8 2 
6 1 42 36 81 3 1 1 
3 3 31 55 47 5 2 9 
3 5 15 65 63 1 2 3 
4 6 53 54 31 4 4 3 
6 0 59 42 49 3 1 4 
7 1 25 83 26 2 5 0 
2 4 6 47 53 1 6 5 
9 4 82 53 68 7 0 8 
0 5 0 30 65 3 1 3 
9 8 29 48 51 7 8 8 
4 6 3 73 61 1 0 5 
4 4 33 63 60 1 0 6 
8 0 35 77 42 5 6 5 
1 2 4 57 35 4 8 6 
0 6 21 60 48 1 0 7 
7 1 24 72 16 5 1 0 
3 6 33 48 41 3 7 4 
5 7 31 53 71 4 0 3 
0 2 33 15 68 9 3 4 
8 5 46 30 63 7 5 9 
0 9 22 18 60 4 1 5 
2 8 40 59 12 1 5 5 
4 2 56 55 52 6 0 8 
3 8 52 48 74 5 9 7 
7 4 37 74 38 9 9 4 
7 5 30 14 73 3 8 6 
3 6 0 53 50 1 3 0 
0 2 67 75 79 0 7 3 
4 0 43 68 76 8 3 3 
5 1 27 88 46 0 5 4 
6 5 26 60 72 8 3 6 
5 3 54 34 69 7 7 9 
5 0 5 49 19 3 3 5 
2 2 17 37 25 7 4 5 
2 9 36 50 55 2 8 3 
7 6 16 106 44 8 3 6 
3 0 22 55 44 5 0 0 
4 6 0 40 31 8 5 8 
8 1 70 57 65 4 1 0 
3 5 23 31 80 3 1 9 
9 3 33 80 31 2 1 0 
4 5 18 104 31 5 7 2 
3 0 17 61 87 2 7 6 
2 8 32 39 38 2 2 6 
6 8 63 43 55 4 7 0 
6 8 33 38 41 7 7 8 
4 2 6 15 38 2 9 3 
4 1 0 25 40 8 1 1 
5 6 1 65 18 7 5 8 
3 5 37 36 38 1 8 8 
3 0 47 65 40 4 0 1 
8 2 24 50 35 3 1 0 
0 3 0 59 25 2 8 2 
8 0 18 62 70 4 2 8 
3 8 27 37 57 5 3 9 
6 2 0 16 61 3 7 0 
8 4 43 62 25 5 9 9 
5 9 0 63 76 4 5 1 
8 4 73 64 54 7 1 7 
0 6 16 62 27 9 9 5 
8 0 5 52 35 5 1 9 
5 4 14 65 34 0 3 7 
1 8 52 67 48 1 8 8 
8 3 43 111 63 0 4 3 
3 4 59 52 48 6 3 4 
0 2 29 31 83 6 7 5 
0 4 47 84 57 5 8 2 
3 6 52 61 68 8 0 6 
6 6 15 83 69 9 4 8 
4 1 87 43 30 4 2 1 
9 9 32 75 73 5 7 2 
1 4 61 31 18 5 4 1 
1 5 22 43 49 5 3 4 
8 9 12 47 55 7 3 9 
2 3 27 84 69 3 2 9 
1 2 8 35 33 7 1 7 
1 2 20 65 64 7 5 0 
1 8 42 7 52 8 5 1 
1 0 20 71 41 5 3 0 
9 5 33 28 56 4 6 1 
4 8 0 91 61 4 2 8 
0 2 23 66 56 0 6 8 
5 8 21 25 51 5 0 4 
8 3 0 44 80 1 7 6 
7 8 41 20 34 7 1 0 
2 4 39 31 64 2 1 5 
8 7 30 42 47 0 6 3 
6 3 38 46 77 8 9 7 
1 8 55 65 47 7 6 8 
0 4 38 62 59 3 9 4 
0 5 0 2 39 1 8 6 
6 7 24 34 44 4 4 6 
7 8 0 59 63 2 4 6 
3 6 36 45 52 6 2 0 
7 3 51 17 80 7 8 6 
8 6 23 55 77 7 1 8 
1 2 49 40 29 6 7 2 
3 0 3 58 20 3 5 5 
3 1 61 26 80 6 7 6 
9 4 5 44 66 4 3 9 
8 1 35 68 75 2 9 0 
7 1 31 50 62 8 3 5 
0 7 15 54 64 0 2 2 
7 9 42 88 35 6 3 3 
7 4 56 12 44 7 0 7 
3 2 12 78 39 8 0 1 
7 7 24 42 55 2 5 7 
4 6 44 40 68 6 3 3 
0 2 70 22 83 9 0 8 
5 1 19 55 52 7 7 4 
2 7 57 52 61 5 9 2 
6 0 66 54 71 8 4 3 
8 8 48 65 56 7 4 5 
8 3 39 20 81 2 2 0 
5 7 28 33 40 7 4 1 
7 7 40 45 26 3 5 0 
8 3 22 58 75 6 1 6 
2 1 59 27 59 9 1 4 
4 3 32 49 63 3 3 2 
8 0 39 75 16 8 0 1 
3 5 0 38 29 3 8 8 
9 2 44 65 59 5 6 3 
0 5 33 65 33 0 0 6 
8 7 1 42 69 5 1 9 
3 9 34 92 40 5 0 8 
9 7 19 42 51 0 5 5 
4 6 32 64 78 0 9 5 
1 8 0 25 24 4 8 5 
0 5 30 66 13 3 4 2 
1 2 36 29 43 5 7 3 
3 6 37 28 62 9 3 4 
2 3 47 62 42 8 6 0 
7 7 67 62 33 3 4 3 
8 0 21 60 20 1 2 4 
3 3 10 31 53 3 4 6 
8 0 49 29 15 8 1 4 
1 3 12 52 40 6 7 1 
7 4 46 71 58 4 9 1 
1 0 20 44 34 3 2 7 
2 6 31 80 48 5 5 9 
7 8 37 7 79 5 7 3 
3 4 9 67 98 7 5 0 
9 2 34 22 55 9 1 5 
6 7 49 35 48 7 8 5 
8 8 59 76 46 6 1 1 
8 6 53 61 54 1 1 6 
6 1 32 61 84 0 5 3 
7 8 17 43 69 4 6 9 
5 7 38 13 31 0 5 6 
6 0 27 24 76 4 5 5 
1 3 11 52 35 7 5 2 
8 4 17 27 50 3 4 0 
7 0 25 35 83 8 9 5 
4 6 14 39 30 5 9 8 
8 7 13 55 73 6 9 0 
6 9 34 33 45 3 3 7 
2 1 67 43 15 0 3 3 
1 9 48 47 23 2 8 4 
5 1 0 50 56 1 3 3 
0 0 42 25 38 2 7 1 
8 7 41 51 42 1 0 7 
4 9 14 36 40 4 0 8 
3 8 9 33 41 3 3 9 
3 3 16 39 48 1 5 3 
1 4 29 91 46 7 1 3 
2 4 37 69 83 7 5 6 
1 6 29 26 69 7 8 0 
2 5 48 51 6 3 7 9 
7 6 22 44 26 6 0 1 
7 6 55 53 51 7 7 5 
4 7 46 60 16 2 1 8 
7 4 27 57 22 8 0 5 
6 7 20 62 76 8 3 3 
3 5 22 81 41 8 4 0 
4 5 37 80 70 5 9 7 
3 1 17 43 70 1 2 5 
0 1 6 40 53 4 5 3 
6 9 0 74 53 5 6 5 
3 8 12 81 50 3 6 2 
7 7 32 46 53 4 9 1 
2 1 0 38 17 8 2 6 
8 0 29 60 30 8 5 8 
6 1 1 46 61 3 1 9 
5 3 49 77 39 1 6 7 
0 8 58 31 61 8 7 6 
8 7 35 38 29 8 6 2 
9 4 58 39 78 1 3 3 
5 2 18 64 46 7 7 4 
1 6 51 90 52 7 3 1 
6 7 26 46 27 8 9 9 
5 1 45 51 18 4 2 5 
8 4 33 18 69 3 0 6 
4 6 7 86 99 7 6 4 
6 3 37 45 89 7 1 5 
9 7 0 58 36 4 3 1 
3 9 0 44 81 9 6 7 
1 1 10 56 63 1 1 7 
7 4 29 54 32 8 4 7 
4 1 32 74 53 5 1 0 
7 8 35 39 33 6 6 7 
3 6 23 44 68 6 0 1 
0 2 42 84 46 0 6 9 
2 9 3 94 45 9 5 5 
1 4 35 48 48 1 9 8 
7 8 20 53 59 8 4 8 
0 7 0 11 73 7 5 4 
6 8 24 41 42 9 3 3 
7 4 21 44 60 7 8 5 
9 2 55 65 85 5 0 7 
8 3 25 24 72 4 9 1 
3 1 30 71 50 9 7 7 
7 6 49 48 58 3 2 3 
3 5 43 31 23 7 2 0 
4 0 52 28 87 8 5 7 
0 9 11 46 24 0 9 6 
5 0 23 83 33 5 5 2 
9 5 59 44 9 8 7 6 
5 3 52 58 71 6 6 5 
8 5 21 63 53 2 2 6 
7 7 42 39 39 8 6 1 
2 7 53 33 43 2 2 9 
0 0 32 70 98 8 6 2 
6 5 28 68 49 5 9 5 
9 2 50 86 50 7 6 3 
3 1 37 44 82 8 8 5 
3 9 42 51 19 9 7 8 
9 9 0 72 48 1 2 1 
2 8 26 37 41 1 5 0 
4 9 19 45 66 7 9 7 
4 8 24 50 55 2 5 4 
8 8 25 64 29 5 6 0 
2 5 3 70 67 0 4 9 
3 7 42 33 45 0 7 7 
9 7 24 44 76 8 6 0 
0 1 27 45 62 2 2 4 
2 6 64 53 27 8 4 9 
8 4 79 79 54 4 8 9 
9 0 20 65 107 4 6 9 
8 6 5 63 61 8 2 1 
5 7 38 107 69 3 9 8 
7 2 8 60 49 6 0 3 
9 3 71 42 34 0 2 1 
4 5 36 83 31 8 8 0 
4 9 42 48 57 6 9 8 
3 8 1 19 42 5 0 5 
1 8 52 77 62 2 3 9 
8 5 56 48 53 1 7 7 
2 2 25 67 72 7 2 2 
7 4 65 41 73 0 1 3 
0 8 0 29 36 3 2 4 
5 8 14 42 20 7 3 0 
4 2 39 64 33 6 6 6 
3 5 34 28 0 7 2 0 
1 2 41 59 35 3 8 0 
5 1 31 49 85 3 0 0 
3 3 36 62 62 7 4 4 
4 1 41 50 64 3 9 5 
3 0 42 47 68 5 3 7 
5 2 50 59 47 2 8 5 
9 2 47 42 38 1 0 4 
6 6 46 42 40 9 3 7 
0 6 54 36 47 4 8 1 
4 6 64 60 29 7 9 2 
5 9 20 69 66 4 6 9 
2 3 21 43 67 2 1 2 
5 3 43 81 92 8 1 5 
7 6 0 49 41 3 6 0 
3 3 52 9 17 9 4 1 
5 2 0 32 78 6 5 1 
2 2 68 45 9 1 5 5 
9 4 39 59 70 7 7 3 
8 6 11 13 51 9 4 1 
6 8 12 57 55 3 0 2 
0 3 46 43 3 5 0 7 
9 5 5 48 67 7 4 9 
6 6 22 49 100 9 1 0 
9 0 32 71 27 7 2 6 
2 8 7 2 24 1 6 3 
0 1 26 56 48 9 6 7 
0 1 21 40 61 3 3 1 
6 4 43 45 55 3 3 6 
6 4 48 56 50 0 7 9 
7 4 34 61 75 6 0 7 
3 5 49 46 51 4 1 1 
6 4 53 87 64 0 5 8 
7 5 35 41 25 3 4 7 
9 8 41 41 21 1 9 4 
6 1 11 62 58 8 1 2 
7 1 48 38 19 9 6 8 
2 2 32 1 36 8 4 1 
6 0 9 52 45 0 2 0 
5 8 58 65 48 0 9 7 
7 5 39 70 61 2 5 6 
4 6 36 27 53 8 2 0 
3 4 55 49 41 0 2 1 
2 5 32 65 85 5 2 4 
3 6 40 49 26 7 4 1 
8 7 39 60 55 3 0 2 
7 3 14 0 66 9 3 5 
5 8 58 70 39 3 3 9 
3 1 39 46 74 7 9 6 
4 2 30 88 61 6 1 1 
6 3 21 50 42 0 8 6 
5 2 32 30 51 7 8 2 
5 1 40 57 28 5 3 8 
5 1 39 19 38 0 7 4 
0 7 67 35 64 8 8 0 
3 3 43 41 39 3 6 1 
1 3 34 24 53 9 2 2 
3 8 33 47 57 6 4 9 
5 9 19 58 38 3 5 5 
5 7 60 30 30 6 7 0 
4 5 29 6 24 3 6 2 
7 8 0 70 15 9 9 8 
3 6 21 59 67 7 4 2 
4 7 32 53 36 0 8 7 
9 5 29 18 58 7 0 5 
4 5 29 53 62 8 1 9 
0 9 25 84 52 3 0 3 
5 1 48 52 49 6 9 6 
1 1 66 26 45 9 0 8 
6 3 35 11 40 1 5 4 
6 8 54 63 19 1 7 0 
7 1 36 51 33 6 3 7 
0 5 58 34 25 3 9 5 
7 4 5 10 62 0 1 1 
8 1 41 62 84 1 2 0 
3 7 39 17 47 1 7 8 
6 4 24 80 24 8 7 5 
2 7 31 46 53 2 7 8 
6 7 0 57 62 2 4 8 
0 9 50 34 38 0 6 5 
2 7 37 62 61 1 7 0 
9 2 16 46 17 6 2 3 
9 8 39 36 48 7 6 2 
6 0 0 44 19 3 3 0 
9 5 36 30 15 2 6 5 
5 9 33 36 55 7 1 4 
3 2 25 64 56 9 0 3 
4 4 37 80 59 9 2 2 
7 0 19 28 39 9 8 6 
8 0 43 20 39 6 7 7 
0 3 52 57 58 1 6 0 
1 4 14 69 54 3 6 9 
3 4 25 31 45 4 1 7 
2 5 43 26 13 8 5 9 
1 0 10 45 59 0 7 5 
3 5 3 52 22 1 6 6 
7 1 30 53 64 6 0 1 
5 3 60 48 60 5 7 8 
8 2 39 34 56 8 7 2 
0 2 11 65 28 8 6 1 
2 9 52 35 42 3 2 6 
4 2 29 26 18 6 2 7 
3 8 42 84 39 0 1 5 
7 0 41 71 53 8 6 0 
1 5 28 76 84 2 0 5 
2 0 30 75 57 1 2 3 
4 3 53 48 87 2 0 8 
0 9 5 35 32 5 5 8 
6 3 2 68 84 3 7 2 
0 6 15 33 15 0 4 5 
4 2 29 79 54 8 4 1 
8 5 45 48 32 9 8 0 
5 9 48 85 18 7 0 5 
9 9 30 37 19 7 0 6 
0 7 59 12 45 5 8 6 
9 0 36 112 47 1 9 7 
0 0 23 54 78 3 8 7 
1 5 8 46 70 1 8 9 
3 4 16 72 73 4 6 2 
4 5 45 52 59 9 3 8 
9 0 4 58 83 9 7 2 
7 6 46 59 51 2 9 3 
8 2 43 37 45 1 2 9 
2 0 47 15 28 8 4 1 
5 1 42 33 80 5 7 3 
3 0 1 54 26 3 2 9 
5 0 33 49 57 2 4 2 
1 4 22 21 51 1 9 0 
3 4 35 12 19 9 5 9 
1 6 37 57 64 2 6 4 
9 2 37 46 112 1 4 0 
8 6 42 26 26 6 1 2 
7 9 32 50 50 3 1 5 
4 6 5 30 61 4 0 8 
1 3 58 27 49 0 8 2 
8 9 5 7 57 3 3 1 
5 9 20 34 64 7 7 9 
4 8 44 56 61 2 8 2 
8 5 50 31 80 4 8 1 
7 0 26 37 64 8 1 0 
6 8 61 34 71 4 0 1 
7 4 30 31 87 9 0 9 
2 4 31 67 65 9 0 2 
7 8 2 55 46 4 4 0 
5 9 61 47 41 5 8 7 
1 8 46 49 23 5 1 6 
0 7 37 58 54 3 6 6 
8 2 36 76 33 9 8 2 
5 5 47 60 67 2 7 1 
4 3 5 51 57 7 1 1 
4 1 0 63 62 4 7 0 
7 0 3 61 34 5 6 5 
9 2 43 60 29 6 5 4 
2 3 51 37 38 5 3 7 
8 5 32 88 48 0 7 0 
2 3 26 72 30 4 2 4 
0 8 0 41 47 3 8 9 
5 2 46 15 85 2 3 7 
4 1 47 29 83 7 8 2 
8 2 30 65 31 8 4 4 
3 7 19 17 16 9 0 3 
1 0 49 78 57 3 1 2 
6 7 12 59 29 5 4 7 
3 3 25 52 15 9 5 8 
9 5 43 55 30 3 9 6 
3 9 30 58 42 4 3 9 
7 5 19 103 66 7 9 2 
8 4 20 96 62 3 0 9 
4 6 23 35 43 1 0 8 
6 5 42 76 31 2 8 9 
7 2 0 34 52 7 0 5 
7 9 28 59 84 1 7 8 
0 9 59 14 84 1 3 1 
1 4 39 59 55 9 9 8 
6 6 12 0 31 7 0 9 
2 1 24 38 62 3 2 2 
3 9 38 69 12 7 3 2 
6 4 22 63 35 8 3 4 
8 8 34 27 29 9 4 7 
6 0 32 90 67 3 8 0 
8 8 17 93 63 8 5 5 
0 2 43 34 35 3 2 7 
2 8 38 52 100 8 1 6 
0 7 19 50 46 1 9 7 
3 9 81 45 62 7 9 0 
6 2 30 40 81 0 8 1 
4 3 48 40 48 3 9 8 
2 0 36 0 46 6 8 1 
8 7 68 38 63 7 1 5 
0 8 3 73 55 0 8 0 
4 5 37 62 50 2 4 3 
8 7 37 71 44 0 6 0 
6 9 59 66 10 7 2 8 
5 0 42 48 65 4 7 8 
8 9 32 51 61 6 8 6 
0 2 29 60 55 1 8 1 
7 3 10 62 88 3 3 5 
3 8 17 57 103 5 3 3 
9 5 12 74 18 2 4 1 
9 4 42 94 31 3 9 3 
3 2 73 66 19 4 5 1 
3 6 48 63 47 7 2 8 
9 9 37 53 39 7 8 4 
1 1 21 55 48 4 7 5 
4 4 48 45 47 5 7 8 
2 6 49 79 55 8 4 1 
7 4 23 73 30 3 9 6 
2 0 0 49 52 2 2 8 
4 2 28 47 29 0 4 8 
9 6 13 46 32 8 2 1 
6 0 27 26 34 7 2 1 
4 3 38 94 0 9 1 7 
1 1 16 66 39 0 5 6 
6 4 21 48 74 6 7 0 
9 9 54 27 60 8 8 2 
8 0 15 46 22 7 0 7 
1 4 32 59 48 8 0 9 
6 1 38 44 41 0 6 2 
5 6 2 64 40 8 9 1 
2 5 29 63 18 5 3 7 
4 6 11 58 85 6 0 8 
4 7 8 13 42 2 4 8 
8 0 14 61 73 5 9 9 
8 5 25 80 47 6 2 5 
3 3 20 33 16 8 4 4 
9 2 40 94 67 6 9 9 
6 4 44 41 79 1 7 5 
5 3 18 65 51 0 7 2 
8 7 0 105 38 6 3 5 
8 6 24 70 47 8 2 8 
5 6 51 53 41 1 3 0 
5 6 23 50 20 6 7 1 
3 8 10 35 53 4 5 5 
9 2 16 51 60 2 0 3 
7 6 37 68 64 5 3 0 
9 6 24 6 0 7 3 8 
1 1 29 60 7 1 0 6 
6 1 45 53 59 2 1 9 
8 6 9 53 19 0 0 2 
4 3 31 31 20 0 4 6 
0 4 34 47 50 2 0 5 
0 0 5 2 72 5 6 2 
8 9 35 0 24 9 5 2 
5 6 25 43 26 2 9 1 
9 8 15 34 47 4 6 5 
5 8 43 65 38 9 7 8 
1 8 49 61 49 8 8 2 
8 5 33 42 25 1 3 5 
6 3 14 29 63 5 5 1 
0 7 29 65 81 3 0 9 
1 9 46 44 69 2 9 4 
4 4 29 36 72 0 1 3 
1 0 17 52 72 8 1 7 
5 2 24 43 63 0 9 2 
1 8 29 45 59 4 8 7 
0 0 58 60 24 2 4 6 
5 1 8 59 47 6 6 3 
9 5 42 10 67 3 4 3 
2 3 0 71 45 6 3 8 
6 7 59 39 34 7 8 8 
3 5 62 69 10 6 7 6 
8 7 25 57 89 6 2 3 
9 9 31 67 22 4 2 1 
1 7 29 23 46 4 2 3 
3 3 25 41 19 2 1 3 
7 4 41 44 30 1 7 0 
4 7 27 57 62 9 6 8 
6 3 40 38 61 8 7 4 
4 1 20 59 86 2 1 3 
0 8 26 67 53 5 8 9 
1 8 33 0 11 6 6 8 
1 1 41 41 42 4 9 7 
4 0 14 30 54 2 8 5 
5 3 57 72 39 4 1 6 
3 6 6 46 58 9 2 4 
0 9 30 58 48 6 4 5 
4 6 36 47 33 5 8 8 
6 3 37 46 60 7 4 3 
7 7 47 75 69 6 8 8 
5 2 46 58 31 3 2 4 
7 7 35 67 74 8 5 9 
0 4 27 75 41 6 1 3 
9 7 22 46 36 7 3 8 
0 2 38 26 45 6 1 6 
1 1 0 52 64 8 4 2 
5 3 16 0 43 1 7 7 
9 7 27 0 52 5 8 9 
0 6 28 78 73 0 2 4 
4 5 58 79 45 5 2 1 
8 8 19 26 49 3 0 6 
9 9 44 55 65 4 3 1 
1 2 0 45 21 8 7 0 
5 6 1 25 43 4 6 4 
0 9 8 0 68 0 6 3 
1 0 57 46 28 4 5 8 
2 0 39 23 28 9 6 9 
3 0 60 57 52 2 2 9 
6 5 44 0 34 7 0 2 
0 8 54 6 30 3 0 0 
4 2 4 59 32 1 4 3 
2 2 4 23 42 7 1 0 
0 4 42 40 13 6 6 6 
9 0 51 53 33 1 4 0 
6 1 28 56 27 8 4 7 
5 2 13 53 9 5 2 2 
6 2 13 57 38 3 3 4 
5 5 42 36 44 8 1 0 
0 1 41 52 55 0 4 6 
3 7 38 51 54 7 9 7 
2 3 13 0 73 0 2 5 
7 4 38 65 49 4 0 2 
1 6 17 28 89 2 8 0 
6 5 12 78 50 7 7 1 
0 9 0 73 52 7 8 7 
7 2 33 35 46 0 2 1 
9 5 12 50 61 7 7 7 
6 2 16 62 18 0 1 8 
8 1 53 21 22 5 4 5 
2 9 21 52 49 3 4 8 
4 5 62 31 78 0 2 0 
6 0 20 44 29 1 8 9 
3 6 32 47 31 4 7 7 
7 0 44 45 57 9 3 5 
2 0 0 26 26 5 3 7 
1 6 43 38 43 4 2 1 
1 2 15 87 62 8 9 2 
4 7 11 37 53 2 5 5 
0 8 42 28 42 5 1 6 
0 9 42 64 28 3 8 8 
1 7 38 38 23 5 0 6 
9 7 17 67 17 7 0 7 
0 6 11 64 29 8 8 6 
4 8 1 62 66 6 2 3 
4 6 24 78 51 0 0 4 
4 4 0 98 57 1 6 3 
8 5 29 66 32 4 7 7 
0 5 11 27 44 4 5 7 
4 5 25 75 65 9 7 8 
9 3 32 33 57 6 7 1 
2 7 0 5 57 1 3 2 
9 8 26 0 73 9 1 5 
5 2 15 46 43 5 2 0 
0 7 45 67 54 9 7 4 
7 3 52 44 5 4 9 3 
1 0 27 43 44 8 7 6 
2 2 22 17 7 7 1 3 
1 1 47 38 60 6 1 2 
4 9 76 20 4 7 3 9 
8 7 58 71 59 4 8 9 
6 7 59 52 13 6 7 2 
4 8 6 39 43 8 9 9 
3 0 34 24 53 6 6 0 
8 3 39 40 71 2 1 4 
3 7 12 18 45 9 4 4 
1 9 6 67 57 2 3 5 
1 9 62 36 37 1 7 7 
1 3 19 64 87 9 1 1 
7 0 25 38 29 3 4 5 
8 0 7 41 21 4 8 7 
7 4 38 73 57 2 5 6 
3 3 41 20 1 0 5 9 
8 7 40 44 37 2 7 7 
3 6 14 35 33 0 9 0 
4 0 36 92 58 5 8 0 
2 2 73 40 78 2 5 8 
3 8 0 43 45 2 5 3 
6 2 41 87 64 1 6 4 
9 2 0 27 59 0 3 3 
3 0 39 43 48 0 8 2 
9 2 24 61 72 3 7 0 
5 4 44 43 49 5 3 8 
4 8 2 19 45 0 3 5 
5 8 41 74 57 3 1 4 
9 8 7 60 24 9 7 4 
7 3 28 41 39 8 3 3 
8 4 53 34 18 5 7 4 
4 8 52 40 47 9 4 8 
7 4 15 59 35 6 9 7 
6 0 0 27 76 0 5 8 
5 2 22 37 91 2 2 8 
1 4 38 50 70 2 0 0 
6 0 40 53 39 6 0 2 
6 4 3 30 54 4 0 4 
1 8 49 26 53 7 5 5 
4 8 44 34 36 5 4 1 
6 9 38 56 83 9 1 7 
4 3 16 24 60 5 7 1 
6 8 23 81 23 2 2 3 
8 0 56 61 73 6 0 1 
0 9 38 82 44 4 2 1 
4 7 36 31 49 0 5 1 
4 5 68 42 59 1 2 1 
4 1 18 22 63 0 1 4 
3 8 33 39 64 4 4 1 
8 1 37 47 63 5 2 8 
7 9 25 64 37 6 9 5 
2 2 31 22 30 2 7 2 
8 5 53 15 52 3 8 7 
1 3 13 34 63 6 7 1 
2 9 31 84 47 0 2 9 
6 4 17 1 40 1 1 9 
9 1 38 27 89 1 1 4 
8 7 29 71 62 7 6 0 
7 0 39 30 37 2 7 7 
0 8 41 33 45 3 0 0 
3 1 21 85 23 6 5 8 
3 5 16 46 75 5 6 5 
3 5 24 24 19 4 2 9 
2 6 15 34 31 6 9 7 
2 3 9 65 48 2 3 1 
1 5 33 36 52 0 6 0 
3 2 16 41 83 5 2 8 
3 2 21 31 88 0 5 1 
2 6 12 44 55 7 0 8 
8 7 54 39 55 1 8 3 
4 0 19 99 48 8 8 5 
4 9 52 52 48 3 6 7 
2 7 62 49 64 8 0 0 
4 3 35 35 16 3 0 9 
5 0 27 78 80 8 7 6 
2 3 30 5 80 9 5 6 
9 0 25 52 39 8 4 5 
5 7 61 54 4 9 5 4 
1 7 0 68 53 6 5 9 
9 9 29 57 28 4 8 0 
4 1 6 53 16 6 8 6 
7 8 0 44 47 9 9 1 
5 0 48 84 38 3 4 4 
6 9 58 40 48 2 8 8 
5 4 12 75 39 8 7 7 
0 5 21 30 80 4 9 0 
6 1 66 58 58 0 6 6 
5 9 35 43 53 7 3 7 
7 9 16 63 35 1 4 3 
4 9 0 31 38 5 2 2 
2 6 11 45 53 3 4 7 
4 1 37 37 60 4 7 0 
6 4 2 54 53 0 0 2 
3 4 37 60 49 4 6 4 
3 6 26 64 48 9 5 2 
9 2 48 55 28 3 6 4 
5 1 27 37 54 6 8 1 
9 1 61 13 50 3 9 2 
6 4 70 49 30 5 1 8 
2 4 14 56 59 1 1 7 
0 9 17 43 71 6 5 9 
8 4 7 74 24 9 3 6 
9 8 9 33 57 7 4 8 
2 9 30 24 68 5 0 5 
4 9 36 45 65 7 0 5 
5 4 30 44 26 8 5 4 
5 3 14 50 54 0 0 0 
3 8 32 35 65 6 4 6 
7 4 0 30 24 4 8 0 
1 8 12 28 32 0 5 1 
0 4 39 68 39 2 1 8 
3 4 0 58 29 4 3 1 
1 6 35 56 63 9 5 7 
6 4 55 41 39 8 4 9 
2 3 81 23 67 2 0 8 
7 5 32 48 39 5 2 9 
0 1 16 53 56 8 3 4 
7 6 23 34 0 1 1 0 
3 7 17 53 54 1 6 4 
1 7 13 40 14 6 1 9 
0 1 18 63 49 6 2 0 
3 9 23 51 33 1 0 0 
5 6 14 34 57 8 6 8 
8 5 10 43 97 4 0 2 
7 3 17 23 38 7 4 8 
0 5 0 96 61 9 8 9 
5 1 25 65 62 0 2 4 
2 7 16 38 70 0 2 2 
7 5 47 40 64 2 8 4 
1 3 35 62 63 5 5 3 
5 7 64 53 26 9 5 2 
8 7 70 51 30 0 2 0 
3 0 13 70 11 4 7 8 
4 2 16 58 12 3 5 0 
6 6 5 75 63 3 8 9 
2 1 33 62 40 2 5 4 
5 6 0 30 85 8 9 8 
9 5 19 76 44 5 7 9 
3 4 25 50 67 0 6 0 
1 7 43 58 41 5 9 6 
9 4 61 85 73 6 0 9 
7 5 29 57 36 7 0 1 
2 8 57 25 25 1 3 6 
9 2 15 81 24 5 3 1 
4 7 16 33 63 6 3 0 
0 8 33 32 61 1 5 4 
0 2 11 57 64 6 6 5 
7 2 41 53 13 5 2 7 
8 9 31 47 76 4 7 0 
4 6 42 50 52 2 4 8 
3 3 23 0 57 3 1 2 
5 1 1 61 68 4 0 7 
3 4 11 58 65 9 3 4 
8 1 28 48 44 7 3 6 
2 5 73 30 35 3 1 1 
6 0 11 27 37 5 2 6 
6 4 2 50 69 0 8 2 
7 2 37 34 42 5 7 9 
1 4 38 30 92 4 5 7 
5 1 32 74 70 0 9 5 
6 6 0 51 48 2 8 2 
8 6 53 56 51 5 6 0 
3 4 43 63 90 7 1 5 
4 3 25 33 67 4 5 7 
9 5 21 56 21 2 2 1 
3 7 1 58 95 5 6 4 
8 7 15 32 19 9 9 8 
7 4 57 43 67 4 4 6 
4 5 36 61 74 9 1 2 
9 0 23 51 48 7 9 9 
4 1 27 30 67 0 8 5 
1 6 42 76 37 5 0 2 
8 7 38 31 55 9 4 0 
0 7 13 71 35 1 8 9 
7 6 30 35 42 6 1 4 
7 8 65 71 42 1 0 7 
0 5 2 76 44 6 3 2 
7 6 0 45 45 0 9 2 
3 4 31 41 60 1 9 2 
8 8 35 32 22 3 8 6 
8 8 0 49 28 6 5 7 
3 9 17 65 37 6 8 4 
3 0 45 77 68 7 0 5 
2 0 24 45 47 4 2 1 
7 0 33 27 70 4 5 9 
1 1 46 74 32 7 6 0 
6 3 60 57 36 0 9 9 
8 1 14 64 60 9 5 3 
8 1 31 31 53 4 6 3 
5 6 22 58 59 2 0 8 
1 0 69 72 33 8 2 3 
0 2 56 62 54 7 2 2 
4 9 48 73 11 7 2 2 
1 7 42 71 27 6 7 1 
0 4 40 102 43 6 8 3 
0 8 46 6 26 5 7 9 
2 0 43 83 40 5 9 3 
9 6 17 14 39 8 6 4 
4 2 33 56 58 2 4 9 
8 3 45 47 78 2 1 3 
5 3 12 59 64 3 4 3 
7 8 13 37 76 4 5 0 
9 9 44 87 73 2 0 6 
7 4 18 52 68 0 7 7 
7 3 37 51 29 9 8 9 
7 6 45 18 46 6 9 8 
9 5 0 43 80 2 9 9 
8 2 63 72 45 2 7 6 
8 7 64 55 44 0 1 6 
9 3 25 55 49 8 3 1 
0 9 0 15 36 3 9 1 
0 7 25 55 16 7 3 9 
5 3 24 79 42 6 2 3 
3 1 8 45 2 5 3 3 
2 5 3 83 47 1 8 8 
6 0 41 66 67 8 5 1 
9 9 46 33 62 5 4 5 
9 5 58 61 26 1 5 8 
1 9 22 69 68 8 8 6 
9 7 19 61 48 8 7 7 
3 7 74 40 48 9 0 5 
3 8 47 21 46 3 9 0 
9 4 64 45 81 2 6 8 
8 6 17 55 24 9 6 7 
9 7 4 76 66 0 3 7 
7 2 24 82 72 7 8 8 
1 5 40 40 34 4 9 7 
6 0 40 31 57 1 4 6 
9 9 0 49 9 4 2 8 
9 4 37 70 30 7 8 2 
9 5 59 32 45 6 5 3 
9 2 36 69 64 6 9 8 
2 7 29 43 53 9 3 9 
6 5 12 60 37 1 4 3 
5 0 31 45 55 2 7 4 
6 5 10 42 41 8 9 7 
0 3 71 63 36 1 4 3 
2 4 13 84 24 3 0 2 
7 4 40 40 48 1 0 7 
5 5 29 69 64 8 1 6 
4 1 17 62 30 4 1 0 
8 6 64 42 42 3 7 2 
0 2 9 31 49 8 2 2 
5 8 23 48 33 3 3 7 
3 9 47 26 53 1 6 7 
9 7 39 21 52 2 6 3 
5 4 40 52 31 8 6 4 
8 9 45 81 9 6 1 6 
3 6 62 104 33 7 8 7 
5 9 25 72 56 1 6 6 
1 6 22 58 49 4 2 2 
0 1 67 36 44 2 0 4 
0 9 40 91 56 6 2 7 
5 1 18 82 69 0 4 9 
7 8 23 49 47 2 9 1 
2 5 47 64 68 2 1 4 
5 8 15 14 37 8 5 5 
3 5 32 16 9 0 8 0 
4 5 44 18 20 3 1 1 
8 5 11 70 78 5 7 7 
7 4 13 57 103 3 9 6 
6 6 43 76 29 9 1 7 
6 2 27 41 4 0 4 1 
2 0 59 54 20 5 9 7 
3 2 23 11 35 7 7 5 
1 4 56 79 64 1 0 7 
9 0 4 20 36 9 3 5 
4 5 30 37 23 3 9 0 
4 3 55 68 57 1 7 4 
7 9 54 59 47 8 4 7 
9 7 26 6 60 9 9 3 
1 7 19 42 40 2 5 6 
3 8 56 63 48 2 1 1 
3 2 12 35 78 8 4 6 
1 1 0 44 35 2 1 6 
3 7 82 37 61 5 5 8 
5 2 24 26 53 7 8 3 
1 5 23 48 61 5 5 5 
4 0 21 64 79 9 7 3 
3 5 47 55 62 6 4 6 
0 6 30 24 74 0 4 7 
6 0 24 5 6 1 3 2 
8 2 30 28 79 3 0 1 
8 2 24 40 40 4 8 2 
8 0 0 39 73 1 2 7 
7 3 22 26 40 9 5 6 
3 9 52 46 42 2 5 9 
1 2 26 45 53 7 4 6 
1 7 25 46 51 5 2 5 
0 1 37 61 43 1 8 5 
4 3 40 65 69 7 2 1 
8 7 35 73 37 0 4 4 
6 6 53 29 50 2 7 6 
7 3 46 4 79 5 5 5 
1 7 39 45 67 1 1 8 
9 9 8 49 38 6 2 5 
8 7 48 95 61 2 4 1 
3 1 40 37 42 2 6 5 
5 0 22 30 68 5 4 1 
0 7 23 70 50 9 9 5 
3 4 47 55 62 8 7 5 
8 2 0 54 65 6 9 4 
3 4 9 48 34 9 4 4 
3 5 3 38 87 7 6 4 
5 1 28 74 83 6 3 9 
8 0 16 100 46 4 3 6 
6 7 24 49 50 1 2 9 
8 2 32 52 30 1 1 3 
8 0 0 88 56 6 2 5 
8 7 65 27 57 0 1 3 
6 6 41 36 75 2 1 2 
4 1 56 35 31 3 1 7 
6 1 34 71 43 7 8 7 
4 3 33 52 59 6 9 0 
3 0 35 53 34 7 5 4 
5 3 30 65 69 9 5 5 
7 7 16 35 14 7 9 3 
0 8 13 33 51 2 2 2 
5 5 31 29 60 8 4 5 
9 3 0 48 30 8 9 0 
4 9 58 32 57 1 2 1 
4 0 51 38 73 0 8 6 
4 9 19 84 45 3 8 7 
4 0 37 27 47 7 6 2 
3 9 0 62 54 3 8 2 
1 9 26 42 30 0 9 8 
1 1 85 45 77 5 2 9 
4 8 1 56 38 0 7 9 
2 2 34 58 67 9 3 9 
2 9 31 46 55 1 3 7 
3 1 17 38 36 8 2 2 
2 4 92 47 63 4 6 8 
3 2 44 63 60 7 2 4 
9 7 35 82 38 2 2 4 
9 6 0 62 76 0 9 6 
9 7 65 54 62 8 0 7 
6 7 53 45 58 1 8 3 
4 3 27 19 52 6 2 1 
6 3 65 25 34 6 4 2 
3 1 21 55 14 3 3 6 
3 4 39 42 43 6 0 2 
2 7 24 50 63 3 1 6 
0 5 8 47 48 3 3 0 
7 1 81 60 65 7 2 6 
1 7 19 84 64 3 8 8 
2 9 62 52 63 1 8 3 
4 4 26 38 84 0 1 1 
3 7 10 49 48 9 6 0 
6 1 20 62 75 1 9 2 
4 4 28 60 19 9 7 3 
9 2 24 14 42 9 4 4 
9 5 58 36 88 7 9 4 
2 3 91 73 67 9 0 3 
5 7 32 33 67 0 4 7 
9 3 17 49 62 9 5 8 
4 4 0 17 40 9 4 5 
8 0 16 44 105 5 8 5 
8 3 42 67 42 4 2 9 
8 4 10 38 32 0 2 1 
5 4 18 37 52 7 4 5 
5 4 29 33 57 6 4 3 
5 4 34 43 51 7 5 9 
1 7 27 37 54 6 9 1 
1 7 7 67 13 2 5 2 
1 0 0 47 59 9 2 2 
2 4 44 27 64 0 1 2 
0 1 30 47 70 1 3 4 
1 1 39 39 79 4 9 2 
6 4 39 18 83 5 9 1 
4 9 26 76 45 5 6 4 
7 3 5 49 54 6 5 1 
9 0 31 41 49 5 6 8 
2 3 38 92 53 0 4 3 
3 3 24 32 81 8 9 8 
5 5 22 58 48 7 9 9 
8 1 38 26 41 3 9 9 
0 3 24 101 47 5 3 6 
2 7 72 78 55 1 3 5 
2 9 40 56 30 2 8 5 
5 6 10 69 37 3 5 3 
9 3 18 61 30 3 1 9 
8 2 29 49 54 3 3 3 
8 0 37 51 36 4 9 2 
4 7 28 77 55 0 9 4 
0 5 19 38 82 9 6 5 
5 2 14 47 69 7 4 6 
7 5 0 15 16 9 3 4 
7 1 28 53 34 6 0 7 
9 0 35 84 68 9 6 6 
4 4 23 25 27 8 6 0 
7 3 42 41 72 0 4 8 
4 2 29 53 45 3 0 2 
3 5 34 52 69 4 9 6 
5 2 50 41 32 5 3 6 
1 8 10 67 93 1 7 9 
9 6 8 37 72 0 7 4 
7 5 15 45 75 9 7 0 
2 5 37 91 34 4 6 8 
3 9 67 29 52 2 7 6 
6 4 30 30 56 2 3 9 
8 5 42 105 62 6 4 0 
1 0 35 59 51 9 8 6 
8 5 36 62 34 5 3 8 
6 7 53 45 49 1 8 4 
5 4 29 54 22 5 2 5 
5 1 4 70 19 3 5 5 
3 7 35 32 38 0 5 7 
1 2 27 49 35 0 7 2 
4 5 19 15 53 7 7 3 
3 4 19 49 47 3 3 2 
7 8 43 61 42 7 5 9 
7 2 16 96 60 7 7 3 
3 1 45 33 52 2 9 3 
1 4 38 34 59 6 8 2 
6 1 36 28 90 8 8 9 
2 8 7 41 48 3 9 9 
4 1 63 66 48 1 7 2 
1 6 69 32 42 7 1 2 
1 5 28 40 57 7 3 1 
9 4 21 59 63 5 0 7 
9 8 9 47 28 3 5 5 
8 5 0 56 74 0 3 5 
0 7 42 60 50 4 5 5 
4 4 18 66 38 7 4 6 
6 1 16 19 35 1 7 0 
4 4 56 38 49 7 6 4 
9 7 35 69 50 0 3 1 
3 2 46 69 42 2 4 7 
0 2 12 34 32 2 1 0 
6 0 7 52 22 9 6 5 
6 8 16 68 68 5 0 7 
7 5 27 56 42 9 7 6 
2 8 11 38 62 7 1 6 
3 6 48 78 81 6 1 8 
9 2 26 24 55 2 4 3 
1 0 12 54 62 6 7 8 
3 4 39 87 16 1 0 1 
6 3 36 34 48 7 7 1 
8 7 38 24 41 0 9 8 
5 3 27 49 23 8 6 9 
8 3 59 54 26 7 5 8 
2 3 6 55 46 1 5 4 
3 8 37 27 55 1 4 2 
0 6 45 59 53 3 2 1 
5 0 30 31 59 6 1 4 
9 6 43 41 42 2 7 6 
4 4 33 12 42 8 0 0 
4 6 30 75 44 1 9 9 
9 8 42 53 82 2 2 5 
1 0 0 14 33 6 4 8 
6 6 26 74 68 8 3 0 
7 4 37 75 30 6 9 6 
9 3 54 46 51 4 2 1 
0 6 31 43 50 2 8 4 
8 4 41 62 71 5 5 8 
2 3 7 41 43 4 3 7 
0 0 15 48 27 3 3 8 
2 3 30 61 50 8 6 8 
2 8 23 71 55 0 8 7 
1 2 29 38 61 2 7 9 
4 2 34 27 26 0 6 8 
6 5 20 55 63 3 7 8 
3 5 23 57 5 4 7 7 
7 2 40 88 46 3 2 4 
4 4 13 51 24 6 9 3 
5 8 77 52 32 1 3 3 
4 3 28 44 52 8 0 1 
9 8 0 46 82 2 7 7 
3 3 4 83 48 1 4 8 
4 6 0 53 48 7 2 1 
5 6 14 53 48 7 6 3 
2 2 24 43 73 4 5 5 
4 5 17 50 54 8 9 8 
2 7 26 63 32 9 1 2 
1 8 0 29 38 9 8 1 
5 2 0 30 74 4 6 3 
1 5 40 36 49 4 7 2 
9 6 0 26 27 6 2 3 
2 4 42 53 21 5 8 8 
5 5 27 52 0 5 0 7 
3 1 19 66 43 2 8 8 
5 0 52 45 54 6 8 3 
6 1 9 22 59 7 2 3 
7 3 37 51 34 7 8 5 
6 6 37 68 66 3 3 0 
8 3 53 74 26 5 0 4 
1 2 20 68 15 6 0 2 
9 0 67 66 67 1 4 5 
0 5 53 61 70 2 5 5 
0 7 17 64 63 3 6 0 
5 7 63 73 38 8 9 4 
5 5 38 41 47 0 5 1 
2 9 44 71 14 3 6 7 
9 1 10 59 46 3 8 3 
1 4 17 35 24 1 9 8 
1 8 40 45 28 1 5 7 
0 7 20 50 48 6 1 2 
6 7 19 76 46 5 6 3 
7 8 22 22 59 5 0 1 
5 5 12 50 20 0 0 5 
3 7 10 30 42 4 9 4 
2 6 7 65 75 8 4 9 
5 5 14 91 48 7 4 4 
9 1 46 36 18 8 2 5 
5 7 65 51 90 7 8 1 
6 5 12 62 63 2 4 0 
4 8 5 33 55 7 2 9 
0 1 39 48 65 5 5 6 
6 5 29 59 43 3 7 2 
1 3 2 10 57 8 5 0 
7 6 22 55 53 2 0 7 
3 6 0 58 39 1 8 4 
2 4 0 0 53 4 6 2 
5 6 21 21 34 0 2 1 
8 5 50 75 59 3 1 8 
2 1 21 55 31 7 9 6 
2 0 56 20 47 1 8 5 
8 6 0 36 62 0 1 6 
9 2 32 41 25 2 8 7 
5 0 108 62 24 1 2 1 
3 4 0 45 29 8 7 4 
0 7 40 43 42 7 1 4 
2 4 3 75 64 2 5 3 
7 1 28 26 28 4 1 6 
2 6 38 24 32 8 2 0 
5 7 0 67 52 1 8 0 
1 6 33 34 48 2 7 1 
9 5 46 38 78 1 1 4 
1 0 18 78 77 8 2 6 
6 7 32 53 60 0 2 7 
8 8 28 31 59 7 4 2 
0 0 23 29 28 0 8 5 
3 5 18 64 32 8 9 5 
3 2 28 57 23 7 9 2 
5 7 49 33 84 6 6 8 
0 3 11 52 59 8 3 3 
2 1 34 47 59 3 7 3 
2 2 21 77 76 4 0 1 
4 0 8 23 51 5 4 0 
2 5 11 36 23 2 4 0 
7 7 29 45 54 7 9 2 
8 1 0 88 54 9 0 7 
5 3 17 74 36 8 7 9 
5 0 71 91 66 6 6 3 
7 9 66 52 46 9 6 9 
7 3 29 42 66 7 6 8 
7 2 16 68 24 0 3 8 
5 5 41 20 54 7 8 8 
2 3 10 34 64 9 1 5 
0 1 52 64 95 6 2 3 
1 8 18 65 53 3 1 5 
2 0 10 67 60 7 2 6 
3 2 33 59 51 2 1 8 
2 1 27 59 60 5 2 3 
0 1 20 59 56 2 0 5 
7 0 15 52 102 1 0 1 
7 5 25 31 15 6 9 8 
4 3 52 71 22 9 3 4 
1 5 30 53 39 8 4 1 
3 5 48 34 54 2 5 5 
9 9 3 50 46 6 7 9 
3 1 16 52 62 9 6 7 
4 4 38 38 54 1 7 8 
4 6 8 56 50 8 2 7 
2 3 1 29 30 6 2 5 
6 8 32 38 90 0 4 8 
5 2 61 8 64 9 3 1 
2 7 58 40 53 0 2 1 
9 2 44 70 15 0 1 3 
8 6 15 49 66 7 0 8 
9 2 17 80 47 5 2 6 
6 9 32 46 51 4 2 2 
9 2 54 5 87 3 7 9 
0 4 27 65 39 3 0 9 
8 5 49 33 43 6 7 6 
1 8 22 55 36 8 6 4 
6 3 0 71 2 6 2 0 
3 5 8 36 22 8 7 9 
3 3 54 57 0 9 4 8 
0 1 38 41 40 7 3 2 
2 0 18 49 29 2 1 9 
1 2 33 41 66 4 0 9 
2 1 4 46 34 8 8 0 
7 0 31 57 21 4 0 6 
1 3 21 62 22 0 7 3 
4 9 0 40 54 4 3 9 
1 8 21 54 47 3 3 7 
0 4 32 57 69 6 7 5 
5 2 0 60 56 1 8 8 
1 5 15 42 76 6 8 2 
7 1 16 48 42 0 0 0 
1 6 0 88 42 9 4 8 
2 5 36 35 38 0 1 0 
1 1 39 42 48 9 6 6 
8 8 14 44 39 3 4 3 
3 4 39 54 14 2 2 1 
3 0 6 77 43 5 8 7 
2 6 25 28 36 4 1 3 
0 2 14 71 51 1 3 5 
0 4 54 51 26 1 6 2 
1 8 33 88 85 8 0 5 
8 0 27 42 59 3 6 5 
8 6 31 55 40 0 6 0 
2 7 14 60 76 8 3 3 
1 7 18 28 49 1 5 4 
5 2 6 32 64 1 9 7 
9 1 19 38 43 0 6 5 
8 5 70 33 35 2 8 7 
7 1 30 39 39 7 9 3 
3 3 22 31 65 2 0 2 
8 8 0 80 54 2 9 0 
5 0 44 69 47 3 2 2 
0 4 64 40 84 5 8 1 
8 2 13 21 71 1 3 5 
7 1 11 49 38 7 2 6 
9 9 31 60 36 4 0 1 
7 0 68 22 45 7 6 8 
6 3 16 41 12 4 7 0 
9 1 50 50 20 3 7 6 
2 4 9 51 55 9 1 7 
7 3 46 40 46 9 2 0 
0 5 41 69 40 2 6 6 
6 0 5 78 23 5 2 8 
5 8 6 85 81 4 4 5 
2 1 8 56 59 6 8 4 
7 2 17 38 46 9 7 6 
9 3 26 24 72 9 8 5 
0 9 11 39 52 1 2 0 
9 1 43 64 92 2 5 1 
8 8 32 22 60 7 7 5 
2 2 39 48 42 6 3 3 
1 7 24 41 32 3 6 7 
5 6 3 62 31 2 7 3 
5 6 42 45 72 1 2 3 
6 2 21 16 52 2 5 7 
5 2 15 33 50 3 3 7 
5 7 12 58 50 4 1 8 
9 6 21 50 16 7 7 6 
4 2 27 34 77 0 5 4 
1 3 40 55 35 8 1 1 
1 3 13 63 56 5 7 0 
9 2 7 109 32 3 4 6 
3 5 63 90 47 7 4 1 
5 0 41 35 17 3 2 0 
3 7 11 52 53 4 5 2 
8 1 26 56 53 6 6 1 
9 0 11 69 5 2 7 8 
0 5 20 36 7 9 8 0 
9 8 57 50 23 7 6 3 
9 0 53 55 46 9 0 9 
4 8 17 45 39 7 6 7 
8 6 16 42 84 9 2 9 
6 1 18 74 46 0 1 4 
1 3 45 72 40 3 4 9 
1 2 47 33 57 0 9 3 
6 8 50 50 74 1 6 0 
6 3 16 77 81 3 2 3 
8 8 59 47 42 7 7 4 
5 1 12 23 71 3 8 0 
7 3 7 17 65 6 3 5 
3 9 31 61 44 3 0 8 
4 6 35 39 70 9 4 1 
5 8 11 35 75 7 5 9 
0 8 74 29 67 5 1 0 
1 8 0 46 55 6 6 2 
8 2 25 31 47 2 8 8 
1 2 40 80 22 2 7 2 
0 7 35 70 11 3 0 5 
3 6 19 57 56 4 5 5 
4 6 29 59 57 2 3 2 
6 8 25 39 55 2 0 9 
1 2 22 66 52 1 8 1 
8 9 20 48 64 0 1 2 
1 5 0 60 68 9 4 8 
9 4 1 45 68 8 7 9 
9 8 41 25 70 4 1 7 
9 3 40 10 51 4 6 8 
8 4 37 58 74 2 6 2 
4 0 42 26 45 7 5 9 
1 6 39 64 38 1 6 9 
4 0 26 39 83 8 3 7 
5 4 0 35 46 0 4 9 
6 1 42 46 57 8 5 9 
0 2 53 65 60 0 2 8 
1 0 33 53 87 9 7 6 
7 0 36 8 50 6 1 1 
4 9 41 69 4 0 5 5 
9 2 53 70 13 0 4 1 
3 4 51 53 67 6 0 9 
0 6 0 49 82 2 7 5 
2 5 3 87 39 9 2 4 
0 6 19 12 59 0 3 5 
4 5 16 55 51 1 7 3 
6 9 6 53 75 7 4 4 
2 9 35 48 35 5 6 5 
5 5 24 52 19 4 7 9 
4 0 18 31 38 1 2 4 
8 8 50 88 39 3 1 4 
2 9 43 48 61 3 0 0 
8 7 14 75 79 1 3 0 
3 3 57 34 20 8 3 6 
4 8 10 41 45 3 3 3 
0 6 11 63 26 6 8 6 
5 5 47 57 29 4 0 2 
5 8 13 63 28 6 0 2 
4 2 10 48 38 2 3 8 
5 1 38 49 49 2 0 5 
7 1 59 78 76 1 6 9 
2 6 0 26 72 2 3 8 
9 9 13 43 51 4 0 8 
0 0 2 56 75 3 6 9 
2 5 15 28 50 0 9 6 
8 1 31 47 41 8 3 2 
9 4 23 58 37 2 7 5 
3 4 59 39 40 4 4 2 
2 3 36 77 29 1 3 2 
2 9 61 26 35 9 2 6 
8 9 9 36 63 9 5 5 
1 1 16 37 28 6 2 0 
9 0 13 43 57 8 9 1 
8 5 40 36 43 4 0 9 
4 3 35 79 52 7 0 3 
9 4 27 69 69 5 6 3 
9 1 60 39 18 9 4 9 
9 4 37 41 33 0 2 8 
1 5 0 37 44 2 0 5 
4 5 26 20 44 3 4 6 
6 2 38 58 76 6 8 3 
6 1 38 34 53 6 6 5 
7 7 30 68 52 1 2 5 
7 9 37 61 56 2 7 8 
9 6 49 29 61 2 1 9 
4 1 2 47 104 5 1 2 
6 8 18 34 50 8 3 3 
7 2 43 26 13 7 4 4 
8 7 15 33 67 6 4 4 
1 0 24 33 39 5 2 8 
7 4 42 39 50 6 3 1 
6 2 42 38 44 3 8 7 
9 1 47 81 31 1 6 2 
1 4 4 30 66 1 7 3 
6 6 20 43 42 2 3 3 
3 8 33 33 51 9 7 5 
8 4 41 30 74 4 8 5 
7 3 49 27 44 1 6 9 
9 2 37 42 64 2 8 8 
5 9 30 73 58 7 3 1 
3 2 12 37 51 6 0 4 
8 1 13 46 29 7 0 9 
9 8 23 56 56 5 3 2 
8 5 0 33 60 1 8 1 
8 6 0 39 59 5 4 4 
8 9 42 39 72 6 8 1 
8 0 47 50 34 5 1 5 
1 3 1 70 21 2 2 2 
3 1 29 87 29 2 3 6 
1 1 32 64 20 4 2 7 
1 7 37 71 35 1 5 0 
9 8 32 62 33 4 2 8 
0 9 65 85 21 6 7 1 
2 1 28 70 62 7 8 6 
5 4 26 44 56 8 2 7 
2 0 1 70 35 6 8 6 
2 1 22 84 86 6 1 4 
3 7 27 56 71 0 0 7 
8 7 37 70 30 2 2 3 
0 3 44 52 19 0 0 1 
4 2 11 43 57 3 9 2 
1 3 49 57 63 7 0 1 
6 6 60 62 74 7 1 1 
8 9 0 74 37 7 1 0 
7 0 0 54 29 2 4 3 
6 2 35 82 47 2 0 3 
1 1 44 47 70 0 9 7 
2 6 43 76 50 2 1 3 
2 2 38 46 61 2 4 7 
0 0 0 89 28 6 4 4 
7 3 12 43 49 6 5 6 
5 1 36 52 62 2 9 1 
0 8 64 33 39 2 2 7 
7 6 23 75 50 6 1 6 
7 9 27 17 87 7 8 9 
4 4 26 90 29 5 7 4 
0 5 18 17 20 2 5 0 
0 2 0 28 52 7 2 4 
1 2 48 8 29 1 2 9 
0 3 34 44 82 5 1 3 
8 1 2 48 69 2 3 6 
8 6 20 18 16 6 1 0 
2 5 31 21 41 1 2 4 
1 3 47 63 66 0 2 4 
1 2 13 47 20 1 4 6 
0 9 19 90 62 4 6 0 
8 2 4 39 39 6 3 5 
4 2 24 49 41 5 9 6 
4 3 42 87 36 9 9 2 
9 0 58 25 46 2 6 6 
0 7 61 74 52 2 3 1 
4 0 6 57 58 0 7 7 
7 9 6 69 42 6 2 9 
2 3 60 19 47 8 8 7 
6 2 52 44 89 1 0 0 
0 5 35 11 37 7 2 5 
0 6 15 61 61 1 1 5 
4 5 33 59 36 5 8 5 
3 7 39 55 81 9 7 3 
5 3 0 65 33 6 2 4 
2 3 12 34 78 2 3 5 
4 8 49 46 49 8 1 7 
3 3 41 41 44 1 5 7 
9 1 0 55 14 3 3 4 
9 1 52 23 64 1 8 1 
3 4 56 27 81 1 0 7 
1 3 1 32 33 8 7 8 
0 8 38 28 47 1 8 8 
0 4 23 4 46 5 6 9 
4 8 5 47 43 4 2 5 
6 6 30 47 93 7 1 5 
5 7 56 41 36 7 0 7 
5 7 30 53 24 1 2 3 
2 8 0 27 27 0 1 3 
7 8 2 15 131 5 1 0 
4 9 45 71 109 1 8 7 
7 9 40 62 87 0 1 4 
0 2 40 71 63 7 6 6 
3 4 40 40 57 5 0 5 
1 7 52 55 84 2 9 4 
3 0 24 65 36 4 2 8 
1 9 0 48 45 8 8 3 
1 6 42 60 38 5 4 8 
5 3 30 44 28 4 2 0 
5 5 44 65 94 5 6 6 
4 6 65 67 28 7 4 3 
5 3 18 52 48 9 2 1 
1 6 14 58 55 6 1 5 
1 0 27 24 33 3 3 8 
2 1 46 77 53 0 3 5 
1 8 57 68 69 1 0 6 
1 6 31 35 14 1 7 8 
7 6 33 31 55 8 1 3 
7 6 43 70 36 9 3 3 
9 3 37 88 51 7 6 3 
5 9 15 30 46 0 2 5 
1 6 40 80 63 8 6 8 
0 4 0 36 25 5 9 9 
4 7 23 32 69 2 5 4 
8 2 40 110 44 6 3 4 
9 3 20 38 71 5 3 0 
7 2 86 56 57 1 3 5 
8 4 25 55 51 8 6 5 
0 3 10 86 29 8 5 3 
4 3 27 40 70 6 1 2 
7 9 5 76 39 8 2 9 
7 3 12 32 53 3 4 5 
6 1 53 51 74 4 9 9 
8 8 38 48 26 5 6 0 
9 8 26 28 55 0 2 8 
2 4 28 54 81 2 2 4 
8 1 28 45 42 2 0 0 
4 5 0 36 40 3 8 4 
1 6 10 40 64 5 9 9 
4 9 67 23 23 9 0 8 
9 1 56 46 30 3 2 1 
4 8 0 26 29 7 9 3 
4 1 13 43 79 4 0 2 
6 6 27 0 35 0 2 0 
3 8 27 57 53 4 1 0 
3 6 19 61 31 3 1 0 
8 6 72 102 66 3 9 8 
2 8 0 30 77 1 1 6 
0 4 8 69 29 1 8 4 
7 4 10 35 50 1 8 5 
2 2 0 38 59 0 7 3 
5 9 51 32 11 0 6 9 
2 8 43 16 36 7 1 0 
8 4 30 78 53 0 2 9 
2 2 2 82 27 6 2 3 
1 7 53 56 46 8 6 9 
4 6 16 39 43 9 7 1 
7 8 31 44 53 0 7 4 
5 3 33 44 42 1 3 0 
6 4 81 77 54 5 5 0 
4 6 9 37 42 7 6 2 
6 5 0 87 41 1 4 7 
3 3 26 67 71 4 7 7 
2 4 58 49 49 1 4 3 
5 1 48 51 50 4 0 9 
5 3 11 13 67 5 5 7 
5 5 45 25 40 6 4 0 
5 0 57 55 71 2 1 1 
0 2 0 79 50 9 6 1 
6 1 23 61 66 2 1 5 
8 3 36 52 64 9 1 8 
0 0 16 40 66 5 0 9 
8 7 0 53 50 7 8 6 
0 0 48 45 55 3 0 3 
5 1 46 61 36 7 4 9 
1 9 48 57 48 1 4 9 
8 4 34 36 39 2 6 7 
6 2 9 64 94 2 2 5 
8 2 29 64 63 7 5 0 
5 4 0 63 52 5 7 0 
4 0 0 25 45 1 5 8 
2 7 17 24 51 6 8 8 
2 5 0 49 24 1 8 4 
3 0 28 63 78 8 2 9 
6 8 29 84 46 9 2 1 
1 2 41 48 81 3 8 7 
6 6 27 23 50 3 6 4 
7 0 53 80 59 0 9 2 
6 4 0 47 65 5 1 9 
9 2 37 74 64 6 2 5 
0 7 56 47 57 9 0 0 
8 0 21 26 46 6 1 8 
8 9 0 24 78 7 4 1 
0 1 28 82 35 8 5 8 
9 2 52 45 53 3 3 5 
6 0 1 22 56 9 9 3 
5 7 35 19 42 8 6 0 
0 8 21 43 39 8 3 2 
3 9 21 61 85 0 3 7 
0 5 48 39 55 0 3 9 
5 8 65 44 28 3 6 4 
8 7 48 40 77 8 9 2 
8 6 41 26 42 2 8 2 
1 8 25 91 15 6 9 1 
4 9 19 59 19 9 8 3 
4 1 19 50 99 4 8 0 
2 9 44 37 55 0 5 2 
8 4 0 57 48 2 0 2 
2 2 16 55 5 2 6 3 
5 7 6 71 51 7 5 4 
9 0 27 42 38 2 9 1 
8 7 37 24 38 2 8 4 
9 4 20 48 43 5 5 9 
0 5 31 71 24 1 1 3 
1 7 35 63 60 6 5 7 
0 9 78 90 52 7 2 3 
2 6 38 54 55 8 9 0 
5 1 19 59 66 5 7 8 
6 8 54 78 86 4 8 6 
7 2 21 59 51 3 3 7 
4 8 68 46 49 1 9 4 
8 7 22 41 80 3 4 1 
1 4 15 33 62 2 0 0 
4 2 35 22 69 8 3 0 
6 7 0 48 46 7 4 8 
2 7 0 80 64 5 4 3 
6 1 0 35 78 1 2 9 
4 9 45 60 23 6 0 9 
1 1 9 39 29 7 0 7 
0 1 21 83 59 2 8 5 
3 8 40 24 20 1 6 9 
3 4 21 36 84 6 5 3 
6 6 8 0 65 6 4 7 
4 8 15 60 14 0 2 5 
0 6 49 27 55 8 7 1 
5 4 10 27 46 6 7 8 
2 2 29 45 28 3 4 0 
3 8 0 51 54 4 9 4 
1 6 17 35 30 0 6 2 
2 4 0 65 72 8 0 6 
8 3 45 82 27 6 1 7 
9 2 46 29 37 1 2 8 
0 5 51 51 52 5 0 4 
4 0 18 23 52 7 0 1 
3 4 36 82 44 8 7 7 
8 4 0 65 44 5 9 9 
2 8 71 34 43 2 0 6 
8 3 45 16 34 3 6 6 
4 7 17 76 12 9 6 3 
2 7 21 39 41 3 2 9 
0 8 30 72 44 8 3 1 
9 5 20 59 41 4 0 6 
9 0 0 29 78 2 3 4 
1 8 12 22 45 2 1 2 
0 5 26 24 96 7 1 8 
7 0 35 42 30 5 8 5 
0 0 41 54 73 8 6 6 
3 4 61 30 57 1 8 1 
7 2 22 55 43 6 3 3 
8 2 17 35 35 6 3 2 
6 3 39 48 65 0 0 6 
3 8 29 15 67 5 3 4 
6 6 0 51 27 7 3 9 
3 1 6 58 64 0 3 5 
1 1 43 10 100 0 4 1 
0 9 40 30 76 8 8 4 
3 1 49 76 42 1 3 4 
1 7 18 30 82 8 7 2 
2 3 61 50 34 6 1 8 
6 9 24 43 43 0 9 6 
7 5 44 37 78 3 9 7 
4 9 45 59 3 5 4 1 
1 1 41 92 48 0 9 7 
4 0 13 52 58 0 9 7 
8 1 0 71 44 3 5 1 
6 0 35 60 82 6 5 1 
1 6 0 56 84 0 6 8 
2 4 20 40 85 5 0 7 
4 3 42 22 62 7 9 2 
7 4 43 23 0 5 0 6 
5 1 31 62 51 2 9 5 
0 6 62 36 49 0 2 1 
7 2 27 47 52 4 8 1 
2 2 0 49 0 7 8 1 
5 2 28 41 7 3 8 5 
6 5 58 26 48 5 1 4 
8 6 34 60 45 3 5 4 
5 7 54 51 42 0 3 9 
7 4 42 33 64 1 5 9 
4 7 48 62 23 0 9 4 
9 4 0 19 41 5 9 0 
7 5 21 50 33 5 0 8 
0 8 13 21 56 6 8 0 
9 6 30 41 36 1 7 7 
2 9 29 74 93 1 6 2 
3 0 56 27 47 3 1 4 
1 4 19 27 61 9 7 4 
6 8 32 48 51 3 0 7 
1 9 21 11 32 8 1 3 
0 8 33 48 55 5 2 0 
6 7 7 46 40 0 3 6 
0 8 20 75 73 5 9 7 
6 5 37 58 45 8 9 2 
4 2 53 53 54 4 4 7 
4 2 0 41 44 2 0 8 
9 5 44 59 38 9 8 2 
3 5 32 39 71 5 1 7 
9 5 6 36 51 5 2 6 
9 7 0 63 54 6 1 3 
8 1 0 58 43 9 5 1 
6 8 20 60 48 7 6 1 
3 6 17 38 27 2 2 9 
3 0 24 43 38 4 1 6 
3 1 58 47 60 0 8 0 
3 6 23 53 54 4 6 1 
7 6 18 55 49 0 9 0 
9 7 48 80 23 3 6 3 
9 6 6 52 63 1 7 8 
3 9 15 51 77 6 5 0 
7 4 34 38 73 5 8 2 
6 5 46 54 42 9 2 0 
6 8 2 48 21 3 1 2 
4 8 29 45 44 5 4 9 
8 1 21 29 19 4 3 6 
6 5 43 49 58 3 9 9 
8 6 10 50 81 5 1 0 
2 5 0 74 63 0 7 0 
1 7 12 71 33 9 8 7 
1 5 42 49 6 3 1 8 
6 6 6 57 11 0 0 3 
4 5 43 43 55 8 0 0 
7 1 27 18 39 3 0 6 
2 2 36 54 22 1 9 3 
5 4 14 40 32 9 2 1 
6 2 23 63 76 3 3 2 
3 8 14 21 49 0 1 5 
9 2 52 31 50 6 7 8 
8 1 53 26 73 9 5 3 
8 6 12 50 33 2 7 5 
5 8 82 80 49 2 8 3 
6 6 3 28 63 4 0 1 
1 2 23 83 54 9 0 3 
0 3 20 41 42 5 6 5 
7 9 8 65 25 4 3 9 
9 6 0 54 87 1 6 8 
0 9 44 25 39 4 6 7 
7 3 33 99 39 8 1 6 
9 8 35 54 31 3 1 0 
1 0 67 66 47 4 2 9 
3 0 34 53 67 9 6 9 
7 1 0 37 23 1 7 4 
2 5 0 16 62 8 5 9 
5 7 11 72 42 5 1 4 
9 0 70 56 75 6 8 3 
8 5 37 56 60 7 0 6 
8 6 3 27 47 5 7 9 
1 6 13 50 47 5 3 5 
2 2 21 2 13 0 1 4 
8 4 14 105 23 8 7 7 
9 5 29 34 61 5 0 3 
0 9 26 61 89 2 3 7 
4 6 57 48 27 3 1 5 
7 5 28 62 53 2 9 6 
3 0 26 38 17 9 5 6 
2 4 25 41 18 9 6 6 
9 2 38 27 51 0 1 2 
0 8 19 48 67 0 7 8 
7 4 44 46 41 1 8 2 
5 6 82 62 43 9 7 6 
5 0 39 27 56 5 8 8 
8 0 55 55 58 5 3 2 
5 3 51 76 36 6 5 0 
5 6 41 52 37 2 8 4 
4 5 41 45 27 4 0 4 
7 4 18 37 48 8 9 1 
2 0 16 43 52 6 7 5 
4 4 41 34 78 5 9 8 
9 4 51 41 30 8 7 2 
1 4 16 43 5 4 4 8 
2 6 29 55 31 4 0 4 
5 8 2 20 39 1 9 7 
7 2 43 45 88 7 7 4 
8 0 49 44 82 0 9 7 
6 3 20 44 60 2 3 0 
7 2 14 76 49 2 4 1 
0 0 26 29 50 0 8 2 
5 4 39 50 42 2 2 4 
7 1 26 11 82 3 3 1 
0 9 52 67 51 5 9 2 
3 8 17 47 63 5 1 6 
4 6 50 47 55 8 9 8 
2 2 31 64 60 2 1 8 
9 2 0 3 47 5 4 3 
1 3 16 42 70 5 4 9 
9 7 58 58 70 1 3 1 
1 0 34 44 74 4 9 8 
3 8 14 7 55 7 2 6 
5 2 57 46 35 5 3 2 
0 6 33 79 61 6 3 6 
1 1 0 43 51 0 3 2 
5 6 0 29 48 9 0 1 
8 1 3 51 52 8 4 4 
7 2 42 64 29 0 6 0 
7 5 51 82 33 1 8 2 
0 1 39 56 42 6 9 5 
9 2 35 50 60 3 5 3 
8 9 11 46 18 6 5 5 
0 6 48 53 64 8 4 1 
4 1 38 34 46 7 0 5 
8 6 31 48 78 8 9 6 
1 9 50 55 31 2 8 2 
5 1 57 43 32 8 8 1 
4 1 13 71 39 7 9 5 
1 6 28 75 36 3 1 3 
8 0 17 77 69 1 8 8 
7 0 40 37 39 8 9 8 
1 6 16 52 42 5 1 6 
4 8 16 60 63 6 9 6 
1 5 82 66 67 2 2 7 
9 1 59 38 7 0 1 3 
6 9 12 55 77 4 5 3 
4 8 40 41 68 7 4 0 
1 9 44 58 84 8 0 0 
2 6 15 58 69 8 3 3 
0 8 66 68 34 8 3 9 
9 6 59 56 0 8 2 3 
4 7 45 60 59 6 0 4 
3 6 21 57 34 6 1 5 
7 5 39 17 49 2 9 0 
9 1 21 34 0 8 9 5 
2 9 15 45 55 7 9 8 
0 8 41 34 59 2 2 6 
7 3 29 46 71 5 3 4 
4 9 35 44 53 6 3 5 
9 6 38 57 52 2 5 5 
1 7 59 40 63 6 0 3 
7 7 54 38 30 9 1 8 
8 6 28 60 48 6 0 3 
1 7 34 21 69 5 8 3 
1 6 12 24 42 6 1 3 
8 1 79 50 33 8 7 6 
2 1 40 2 41 0 3 5 
8 4 20 42 57 1 1 7 
1 1 47 59 36 5 5 6 
0 7 27 65 58 0 3 2 
4 4 0 27 29 0 3 2 
3 5 45 63 45 2 3 7 
8 9 35 53 85 0 8 4 
8 9 0 50 90 3 9 1 
4 3 36 40 39 1 9 9 
1 1 20 50 48 7 9 5 
7 5 22 41 39 6 4 7 
6 6 15 54 37 6 1 5 
6 9 51 53 30 0 1 9 
6 4 15 27 61 8 5 0 
9 3 25 57 45 0 6 5 
3 3 60 28 34 5 4 3 
8 7 48 41 54 5 8 5 
4 9 50 32 81 9 6 0 
7 8 6 17 57 2 4 2 
5 2 44 61 60 5 6 5 
2 1 35 57 99 7 8 1 
7 8 20 25 66 1 3 4 
6 9 67 26 86 1 9 0 
6 2 46 22 60 6 3 1 
4 5 36 22 55 6 0 7 
1 0 18 64 31 8 0 1 
1 0 18 52 36 6 6 7 
9 4 32 55 28 0 2 6 
1 1 75 58 71 8 3 1 
9 7 0 49 28 6 5 1 
4 7 49 72 62 7 9 5 
3 4 24 24 42 7 6 6 
5 6 31 46 47 0 3 9 
2 3 9 102 60 7 3 9 
8 5 16 38 77 1 2 3 
3 5 21 2 16 4 7 2 
0 6 21 17 45 4 6 0 
8 8 52 40 21 5 1 4 
1 8 0 44 40 9 9 6 
6 3 39 27 75 8 7 8 
6 1 43 69 54 3 3 7 
8 3 49 79 45 4 3 0 
1 0 24 64 62 1 6 1 
3 4 58 35 42 6 6 5 
0 7 39 32 69 9 4 3 
9 4 7 55 23 4 7 2 
5 2 28 45 51 5 7 3 
8 7 23 49 45 2 6 7 
6 2 33 55 21 1 2 7 
9 4 33 42 42 8 8 1 
7 1 27 40 25 8 8 7 
5 2 17 37 27 3 4 2 
5 4 56 60 40 6 3 6 
6 0 73 74 69 2 7 1 
1 3 55 57 68 9 6 7 
5 1 34 38 49 0 9 1 
8 8 5 37 64 2 1 0 
4 4 23 67 52 0 4 6 
3 6 50 6 3 5 9 2 
2 6 30 81 93 9 5 5 
1 2 0 61 39 1 1 7 
9 2 29 15 31 5 0 8 
8 5 62 50 71 5 8 8 
4 6 66 47 68 0 7 1 
1 4 48 41 72 2 0 7 
2 6 22 63 31 0 3 2 
7 6 0 51 35 2 8 3 
1 6 33 54 60 4 1 9 
0 6 39 58 40 7 9 9 
7 7 24 33 51 6 6 2 
9 6 43 88 28 6 1 3 
3 2 33 61 22 2 9 1 
1 1 36 68 41 0 0 8 
0 6 0 87 83 4 3 5 
4 3 15 82 61 3 9 5 
8 5 13 47 39 2 1 2 
5 9 0 38 71 9 7 7 
5 1 0 46 59 7 5 5 
6 4 20 16 72 5 9 3 
4 1 22 66 42 9 8 7 
4 6 7 45 40 6 7 2 
3 0 63 42 51 0 9 3 
0 6 44 75 27 6 2 7 
4 0 56 57 46 4 7 7 
8 7 9 48 34 6 6 9 
1 2 42 45 59 3 7 3 
5 7 55 35 42 6 3 9 
6 0 41 40 86 9 1 3 
5 6 38 78 31 9 6 0 
9 9 0 75 64 7 7 0 
4 0 30 88 81 1 5 8 
8 3 72 50 47 6 2 2 
0 9 0 40 61 8 6 9 
2 3 4 37 24 7 0 1 
8 2 31 62 51 4 0 1 
8 4 62 35 83 6 4 7 
2 6 23 39 43 6 1 1 
1 7 34 42 83 0 6 0 
2 1 61 27 58 5 0 7 
5 1 37 8 90 2 1 6 
8 0 6 19 49 0 4 3 
2 6 32 23 77 8 3 6 
8 8 34 52 58 6 7 3 
9 9 4 52 47 2 9 4 
1 7 66 40 14 5 1 1 
1 5 30 54 55 5 8 8 
9 8 46 47 76 2 6 2 
1 8 27 37 29 7 6 7 
4 4 39 39 80 9 6 9 
3 5 27 54 67 9 4 3 
9 0 17 39 32 0 9 6 
4 6 0 60 30 6 4 6 
3 4 38 63 38 8 3 2 
6 9 12 69 59 3 3 3 
7 6 13 63 72 1 7 7 
7 9 32 23 54 1 3 0 
7 1 23 21 28 2 1 6 
8 0 18 66 72 9 9 5 
7 8 54 21 56 8 2 8 
6 0 16 79 55 0 9 7 
0 9 9 38 49 9 5 8 
1 2 0 55 57 9 6 3 
5 7 18 64 59 4 6 8 
3 9 12 52 41 7 3 8 
1 5 53 35 15 6 0 6 
3 8 23 49 33 3 2 9 
8 5 35 65 46 0 3 8 
7 3 4 73 10 1 5 5 
1 4 17 44 42 5 8 8 
5 1 30 66 59 5 0 1 
0 2 38 46 50 7 8 1 
3 3 35 71 44 4 6 0 
4 2 44 56 18 5 1 5 
7 0 0 26 61 6 5 1 
6 6 47 71 59 0 3 7 
1 8 22 48 31 0 0 6 
4 9 51 42 32 9 2 5 
2 9 31 65 58 2 7 0 
8 9 29 45 41 5 8 8 
0 8 29 51 27 9 7 0 
8 7 0 59 53 2 5 3 
2 1 18 44 34 1 1 6 
6 3 58 58 30 7 7 8 
1 2 0 44 53 8 8 2 
9 4 0 4 54 6 4 4 
4 0 63 42 28 2 6 5 
0 7 23 89 78 3 7 3 
5 3 42 67 40 1 7 6 
7 5 63 49 31 1 9 0 
8 6 35 85 26 0 0 7 
7 3 25 31 67 9 2 7 
6 7 53 82 61 5 9 1 
4 0 51 39 32 3 8 6 
4 6 61 45 78 1 5 7 
4 2 43 17 52 7 9 1 
7 7 48 51 30 0 0 1 
8 1 0 21 70 0 6 9 
7 7 7 43 54 0 7 7 
1 5 37 44 71 3 5 0 
5 8 57 62 75 2 7 5 
5 1 36 58 60 8 7 9 
2 9 17 27 48 5 2 4 
1 2 64 60 69 5 0 1 
6 8 3 41 78 6 8 7 
3 8 21 68 53 3 2 3 
8 1 0 57 50 4 0 0 
2 9 18 46 18 3 8 1 
2 5 57 70 60 0 7 9 
0 2 21 72 51 3 6 6 
8 8 47 33 52 4 4 1 
7 8 35 70 50 8 1 2 
6 3 37 20 90 4 8 9 
1 9 27 93 45 1 4 1 
9 4 32 56 59 7 5 7 
3 6 37 61 48 5 8 6 
9 0 0 60 39 7 3 7 
3 4 31 50 32 7 8 1 
9 9 31 20 45 0 1 6 
4 3 14 53 63 5 3 5 
9 6 50 59 60 6 0 6 
1 6 23 38 39 5 4 6 
2 5 20 74 67 9 7 9 
3 0 35 68 39 5 2 0 
6 1 39 74 65 1 2 3 
2 8 39 52 40 8 4 2 
2 1 35 77 19 8 1 1 
1 8 25 90 33 2 2 5 
1 0 60 29 45 1 6 1 
3 1 6 43 52 0 9 3 
2 9 28 34 51 7 9 9 
6 9 17 55 34 3 6 2 
8 9 12 54 31 7 6 0 
0 9 27 80 40 3 8 0 
2 6 62 37 34 4 7 3 
6 8 14 23 34 3 0 9 
7 0 25 56 50 5 9 1 
9 7 11 35 85 3 0 3 
7 5 19 40 30 2 3 4 
4 5 49 38 60 6 1 5 
5 3 31 48 46 4 0 3 
9 6 58 36 62 1 8 2 
3 2 39 76 69 2 1 4 
4 0 16 41 71 8 7 6 
7 9 36 37 61 6 5 9 
5 2 25 23 69 7 7 4 
9 3 39 45 59 6 1 4 
2 3 13 14 19 0 6 7 
7 4 58 23 93 9 6 0 
0 2 12 59 88 4 4 9 
6 6 37 38 51 8 2 2 
2 0 44 40 52 8 6 4 
0 1 52 59 56 8 0 6 
7 5 38 9 48 8 9 7 
5 3 21 55 69 4 9 4 
6 1 56 57 53 1 4 1 
8 8 28 51 59 3 1 8 
1 6 14 45 48 5 1 9 
1 0 46 75 40 7 6 1 
0 4 21 29 42 3 0 7 
7 2 6 35 59 4 6 6 
2 5 43 72 35 6 5 3 
2 8 24 57 82 5 4 8 
3 9 37 48 41 7 2 9 
5 0 24 38 59 4 2 6 
8 8 22 51 29 5 0 3 
2 6 69 51 72 7 2 6 
4 8 72 50 51 6 2 8 
9 1 32 71 65 7 3 5 
6 7 37 45 57 8 8 1 
6 9 42 54 30 6 2 3 
4 9 15 38 39 0 3 3 
2 9 22 42 55 6 6 3 
5 0 11 36 83 2 2 9 
7 8 0 55 55 2 2 6 
6 8 40 86 42 3 1 5 
0 8 27 60 92 1 9 3 
9 1 23 56 91 2 1 0 
6 7 70 26 50 7 2 8 
4 7 21 77 63 1 2 8 
3 8 39 61 34 3 3 8 
3 1 50 59 94 9 1 1 
3 3 69 68 56 8 3 9 
2 7 30 34 77 7 7 2 
1 9 65 50 46 9 0 7 
2 7 2 54 77 7 9 3 
9 7 49 75 45 9 0 8 
5 6 36 47 73 1 3 3 
2 2 65 45 40 6 3 1 
9 0 30 23 58 2 0 4 
9 0 6 50 61 6 2 9 
2 1 16 75 52 8 9 2 
3 5 34 32 22 9 4 2 
3 3 56 43 74 4 5 9 
0 5 42 34 44 7 8 6 
7 0 12 55 73 9 5 7 
8 6 39 13 82 2 5 1 
1 5 45 25 51 7 6 8 
6 0 11 80 28 0 5 7 
8 6 24 19 5 8 1 8 
2 9 60 38 44 1 9 4 
4 9 60 53 52 7 3 7 
7 6 61 35 67 4 5 2 
4 4 4 72 71 3 9 1 
1 1 40 26 49 8 3 3 
4 2 41 37 53 9 2 0 
1 9 36 2 63 6 2 4 
9 6 37 47 46 0 5 1 
2 3 36 63 55 2 5 6 
7 1 0 45 17 3 4 7 
6 2 27 73 64 9 3 8 
6 4 17 50 29 0 5 8 
6 6 65 9 40 8 7 6 
3 6 29 33 30 8 4 2 
8 0 3 51 30 7 1 0 
0 2 9 65 51 7 0 8 
8 9 17 5 22 0 0 3 
1 1 54 28 44 2 5 1 
2 5 31 34 27 7 3 0 
8 1 44 45 30 9 0 3 
4 1 10 12 38 8 9 7 
1 3 31 60 28 8 3 9 
7 3 41 69 21 9 3 4 
0 1 25 46 36 2 7 8 
7 9 15 60 56 8 9 8 
1 2 34 22 46 4 5 6 
3 6 20 52 39 3 6 5 
3 3 28 42 40 2 6 7 
0 1 39 51 12 1 6 8 
9 0 0 46 19 1 4 9 
6 6 0 36 53 0 2 0 
2 0 65 78 61 5 2 3 
7 4 21 57 45 8 2 8 
9 9 38 55 37 9 7 9 
1 0 17 69 55 7 9 0 
8 2 51 63 72 2 6 7 
5 9 3 22 10 9 0 9 
3 3 16 20 58 3 9 6 
2 6 41 14 46 2 5 8 
9 8 25 60 65 0 0 7 
1 2 27 61 7 1 2 3 
0 7 42 44 54 0 6 0 
3 3 19 58 5 9 8 4 
7 9 59 61 72 1 8 3 
7 7 50 61 44 8 2 2 
7 7 41 73 70 0 5 9 
1 4 59 56 82 3 8 2 
2 4 52 77 79 8 7 1 
0 8 46 50 57 8 1 9 
6 1 22 92 38 7 5 5 
5 0 26 79 14 5 4 5 
7 0 49 48 38 4 7 5 
8 2 30 51 33 8 6 6 
1 7 41 37 70 9 5 7 
8 4 33 34 37 1 2 4 
9 9 45 53 38 0 1 1 
4 0 52 33 78 9 2 9 
0 2 25 56 71 5 4 8 
7 6 76 47 83 4 2 1 
3 6 45 75 38 3 4 7 
3 0 40 54 68 4 1 4 
5 8 23 56 32 2 5 3 
0 3 38 65 100 5 5 4 
7 8 19 53 82 0 7 0 
6 7 7 62 33 8 1 4 
7 2 23 80 79 3 3 8 
4 8 50 116 64 1 2 3 
6 7 23 27 37 9 5 8 
9 5 0 0 75 2 7 5 
8 1 36 39 41 4 0 4 
5 5 36 31 62 2 8 4 
2 6 54 52 57 8 4 9 
8 1 40 39 42 0 5 9 
2 6 23 32 26 6 3 9 
5 5 19 39 49 9 6 9 
6 1 8 47 66 8 8 2 
9 2 36 100 55 4 3 1 
3 3 0 60 84 0 5 2 
7 0 16 33 14 7 8 6 
1 7 59 60 57 3 8 7 
6 4 31 35 61 0 1 3 
0 9 63 10 59 1 3 7 
3 4 15 68 48 5 1 5 
9 6 32 66 60 0 8 0 
6 6 30 18 52 3 6 8 
8 7 40 33 44 3 0 4 
1 3 19 39 74 6 4 3 
2 0 34 72 50 5 8 3 
0 6 38 27 57 4 2 6 
8 6 15 55 42 7 4 7 
1 1 55 35 22 0 8 4 
5 2 32 32 38 4 3 2 
2 6 39 44 54 3 9 9 
6 7 36 46 52 0 5 2 
8 2 0 51 63 3 6 8 
0 1 40 25 16 5 5 4 
5 7 55 63 24 2 5 7 
7 4 49 46 38 1 2 1 
0 2 50 54 83 9 7 9 
6 7 52 38 63 3 8 8 
1 0 12 12 80 9 3 5 
7 5 10 33 13 8 1 1 
4 3 41 21 37 1 2 6 
3 9 28 46 85 3 4 6 
8 9 62 32 50 6 9 6 
6 2 20 48 19 9 7 0 
1 9 26 60 66 6 6 7 
3 4 62 40 58 4 3 5 
0 2 34 55 64 4 6 3 
2 5 27 62 74 0 5 2 
5 0 58 53 32 4 6 8 
1 6 35 42 68 7 9 9 
3 7 80 0 39 8 0 7 
6 1 33 77 60 1 6 7 
8 4 26 60 55 9 8 3 
1 4 0 21 37 7 8 7 
5 2 56 14 82 5 0 8 
8 0 23 22 80 6 3 9 
4 8 48 76 22 9 3 8 
3 7 32 71 60 5 6 7 
2 8 70 33 33 5 5 8 
2 2 60 10 56 3 4 1 
2 6 4 30 58 7 6 9 
9 9 35 94 0 3 0 0 
3 8 28 14 54 8 4 2 
1 9 29 83 42 1 7 7 
8 3 55 52 28 2 9 5 
2 1 17 49 53 2 5 8 
7 5 16 61 44 9 5 7 
8 1 62 38 61 7 1 3 
7 2 39 52 61 0 0 5 
4 9 40 50 37 7 0 9 
1 9 26 44 70 4 3 1 
1 8 24 47 75 5 0 7 
1 3 16 51 42 2 3 5 
0 6 13 88 14 5 1 5 
7 2 43 0 38 1 5 8 
3 3 25 36 101 2 2 2 
7 7 52 76 89 5 3 0 
0 7 49 62 37 0 8 1 
3 6 52 67 54 9 7 4 
0 9 0 51 82 7 2 9 
0 9 21 10 31 1 4 3 
3 8 47 44 28 9 4 4 
8 0 11 98 36 9 5 0 
5 0 16 52 47 6 9 3 
7 5 20 71 61 0 2 7 
8 2 34 21 42 9 2 6 
5 1 40 64 65 6 1 7 
9 7 39 75 35 8 9 6 
9 4 78 51 53 5 3 9 
9 9 48 43 12 9 6 9 
5 6 57 22 38 8 2 4 
0 1 32 69 76 8 6 0 
7 8 23 63 57 4 9 9 
7 8 38 56 57 8 0 8 
4 8 32 22 88 8 2 7 
6 9 19 75 33 0 7 2 
6 7 0 20 76 9 4 5 
4 0 39 43 47 5 4 7 
2 2 43 66 31 0 9 3 
0 8 9 52 14 0 7 7 
2 6 16 65 50 1 5 9 
2 6 40 31 76 5 9 9 
4 8 23 43 61 5 4 5 
8 5 2 66 74 1 9 9 
5 4 38 27 43 5 4 2 
0 5 26 55 68 1 8 6 
2 5 56 73 50 3 6 7 
6 2 17 27 45 6 8 8 
1 3 51 45 69 0 3 0 
8 9 52 67 47 5 8 7 
5 3 6 50 74 7 1 9 
8 3 47 46 29 5 6 0 
2 2 0 75 54 7 3 0 
4 1 4 47 58 6 2 4 
5 9 51 43 48 5 4 7 
1 8 10 41 42 7 8 1 
3 4 11 57 80 6 7 7 
9 8 0 99 58 1 1 0 
4 6 53 94 88 6 3 8 
7 1 3 63 45 3 5 4 
4 0 15 87 57 8 2 1 
7 1 62 26 52 4 9 1 
0 0 1 81 56 1 1 2 
4 8 9 42 65 4 7 2 
6 5 50 48 55 9 2 5 
6 7 0 46 51 2 0 7 
0 0 41 47 65 9 6 1 
0 5 0 61 76 2 4 6 
1 9 4 49 43 1 5 8 
2 8 32 21 42 5 5 9 
1 6 29 55 50 1 7 8 
3 0 37 46 47 7 5 3 
4 8 6 51 44 4 0 5 
7 7 36 58 74 5 7 4 
3 3 21 73 66 6 2 2 
1 4 44 63 30 6 1 1 
2 4 46 47 93 8 2 9 
8 7 43 37 72 0 2 0 
9 3 25 52 47 7 0 3 
8 2 17 47 79 1 8 5 
5 8 52 15 54 9 1 9 
1 3 0 96 35 2 1 0 
1 0 62 79 26 7 3 6 
4 3 30 38 64 4 8 6 
9 1 26 39 57 3 2 8 
1 1 13 49 33 9 9 5 
5 8 12 15 27 4 4 6 
3 8 36 42 30 2 2 3 
3 1 23 74 67 4 2 9 
6 0 0 76 85 7 6 0 
7 5 45 34 34 5 7 1 
3 4 58 52 88 4 1 6 
6 9 33 36 52 1 1 7 
5 4 33 87 29 0 0 0 
3 3 27 0 51 1 8 1 
7 0 26 56 67 1 4 3 
7 5 12 31 44 3 3 3 
2 7 26 60 56 0 7 6 
9 3 79 49 59 8 1 9 
0 3 7 48 44 4 9 3 
0 5 15 51 42 0 8 4 
4 3 40 49 40 3 8 1 
2 5 55 7 24 8 1 1 
6 7 43 54 28 5 3 1 
5 3 13 42 81 8 2 2 
9 6 0 17 52 4 3 2 
1 3 40 23 59 9 3 4 
4 2 34 44 47 6 2 7 
5 1 11 30 29 2 1 4 
2 2 12 49 61 4 5 0 
2 3 49 30 29 5 7 5 
2 3 33 16 41 1 3 1 
3 6 47 35 51 0 9 1 
5 0 41 90 110 6 9 0 
6 8 2 47 30 9 0 4 
9 1 11 37 53 6 0 3 
3 4 18 19 21 0 5 9 
8 9 30 36 43 7 1 8 
5 4 48 40 74 8 1 3 
8 3 34 55 22 5 2 5 
1 9 6 76 48 4 0 4 
3 4 60 43 24 1 6 1 
9 5 23 42 73 4 7 4 
0 7 52 37 49 1 7 6 
7 4 20 56 43 0 2 5 
9 3 38 17 62 9 8 4 
0 3 37 60 38 0 8 8 
8 9 38 73 45 4 4 9 
0 4 9 32 69 7 2 6 
7 8 25 64 3 3 1 6 
3 6 28 64 32 3 4 6 
4 1 32 49 43 3 9 1 
0 7 26 61 29 9 4 5 
0 1 19 41 53 0 6 3 
0 8 5 60 27 7 8 1 
8 0 12 31 7 8 5 8 
6 7 35 63 38 3 7 0 
5 8 50 57 40 0 0 0 
9 9 27 37 61 7 1 0 
7 7 35 61 47 3 5 3 
2 5 44 27 63 2 8 6 
2 0 50 53 57 7 5 2 
3 5 67 76 36 4 8 5 
6 7 44 54 49 0 9 1 
0 3 32 64 41 5 7 5 
8 3 19 8 69 5 1 9 
7 6 24 23 15 5 4 9 
4 7 49 36 13 2 7 7 
4 8 26 52 49 8 7 4 
7 9 63 29 49 5 9 3 
3 6 31 47 76 8 8 4 
7 1 16 41 92 7 3 5 
4 0 14 61 44 9 4 6 
5 1 27 68 45 9 2 7 
0 3 16 58 20 4 6 0 
8 3 21 34 54 9 6 4 
0 9 0 78 22 6 3 7 
5 5 49 44 26 4 4 5 
7 4 54 26 37 8 7 3 
4 0 0 96 37 9 1 2 
1 0 41 54 53 9 5 2 
7 4 39 21 73 9 5 0 
3 0 6 32 43 2 1 8 
0 6 35 57 63 0 1 7 
9 7 44 22 46 2 2 4 
5 9 12 50 89 1 3 9 
6 7 19 53 51 0 7 3 
2 8 31 35 46 6 3 1 
7 0 65 65 40 2 2 6 
9 5 37 72 53 3 4 0 
0 3 7 48 29 7 6 3 
7 6 57 46 70 0 8 8 
5 9 27 27 18 8 6 6 
6 5 47 66 52 0 1 4 
7 9 46 51 41 3 8 8 
7 0 58 68 26 8 3 7 
5 6 47 64 48 9 3 6 
6 9 38 36 42 4 4 0 
4 8 43 36 46 2 9 2 
2 2 0 18 69 2 7 1 
9 4 10 38 33 3 1 4 
3 0 34 12 60 8 6 3 
0 9 52 92 34 1 2 4 
1 1 46 51 44 5 6 8 
3 7 42 21 60 7 3 8 
7 1 10 32 48 4 8 4 
1 7 28 79 50 0 8 3 
6 7 24 0 46 4 6 1 
4 0 34 62 34 9 0 7 
1 7 39 66 50 1 9 2 
5 8 0 64 53 0 7 6 
5 4 27 49 30 7 3 1 
4 0 29 49 38 2 8 6 
7 1 40 67 60 3 1 5 
0 0 0 38 59 4 9 0 
9 5 24 60 63 6 8 3 
7 4 32 68 67 0 4 2 
7 0 13 92 33 8 2 1 
2 4 44 60 14 6 9 0 
6 2 28 53 26 7 8 6 
0 6 40 14 51 4 8 2 
4 5 51 86 66 3 0 0 
1 3 29 79 35 6 4 8 
6 9 0 67 41 0 9 9 
6 9 23 41 50 4 9 9 
5 8 11 38 37 4 0 6 
4 7 59 58 42 5 2 8 
0 6 46 57 52 7 1 4 
2 8 10 51 70 9 3 5 
1 0 30 35 58 3 7 6 
1 3 36 28 77 6 6 3 
7 3 31 59 47 2 8 8 
3 6 39 56 78 9 5 8 
3 1 56 20 42 0 4 9 
8 7 41 41 55 0 6 9 
3 5 0 71 68 4 6 2 
7 1 28 60 56 0 1 7 
7 1 20 25 97 2 7 4 
7 9 36 18 64 5 5 6 
0 7 40 50 13 4 2 9 
2 8 23 22 69 3 1 3 
3 9 72 92 45 8 0 3 
4 4 26 47 45 2 8 4 
0 6 29 64 33 0 7 5 
0 0 15 56 37 4 8 9 
3 9 58 30 40 3 2 4 
0 5 14 64 65 2 8 7 
7 9 34 72 47 0 0 2 
4 4 37 22 45 9 3 3 
3 3 13 34 45 2 5 0 
9 7 2 49 50 6 5 9 
6 6 0 84 45 5 6 5 
9 3 17 108 10 5 7 4 
8 9 43 49 35 7 5 2 
4 4 24 74 69 7 4 1 
7 2 60 51 45 9 3 1 
9 4 4 98 49 1 5 9 
5 5 66 51 49 8 1 1 
0 8 20 6 40 6 3 6 
5 9 60 63 48 5 6 1 
5 3 69 27 74 9 9 7 
0 0 23 48 70 5 9 7 
5 2 13 60 32 8 1 3 
0 5 20 32 93 1 3 1 
8 7 9 51 53 9 9 0 
0 7 32 66 46 9 4 6 
4 8 33 66 50 4 6 5 
4 3 18 91 13 2 7 9 
0 2 22 47 75 5 6 0 
6 6 14 77 67 4 5 9 
4 6 40 31 58 9 7 2 
4 0 27 29 21 8 5 7 
6 0 15 47 31 9 1 3 
2 0 34 38 48 5 5 4 
6 3 26 57 64 0 7 9 
3 8 37 68 47 7 7 2 
7 6 0 71 9 8 2 8 
2 3 69 64 53 4 7 6 
1 1 33 63 21 3 0 1 
2 6 32 37 60 5 5 7 
2 5 37 79 12 7 4 0 
4 3 26 59 28 4 3 1 
1 4 55 41 42 9 5 4 
0 8 11 61 96 2 5 6 
9 4 5 57 62 4 3 9 
8 8 36 63 13 1 0 1 
6 7 12 47 37 7 2 3 
2 7 19 26 69 6 9 3 
9 7 44 47 50 0 6 1 
4 5 20 66 36 9 8 6 
4 5 25 36 97 8 2 1 
8 9 74 40 40 8 7 8 
5 0 10 29 54 7 4 4 
1 9 38 45 52 9 9 9 
7 3 26 71 57 6 1 4 
6 4 21 46 49 8 0 4 
7 2 3 28 60 3 9 6 
2 1 37 44 84 3 6 5 
2 4 51 55 93 3 5 3 
3 0 0 34 37 1 2 5 
1 7 66 75 53 9 1 9 
2 4 21 82 79 8 4 8 
6 1 54 82 47 6 8 2 
3 2 28 41 36 2 3 9 
1 7 70 62 61 2 3 4 
1 6 49 21 44 8 7 1 
6 3 15 65 33 8 2 5 
4 0 22 55 46 3 6 1 
8 3 21 19 36 4 7 4 
9 1 39 56 39 0 0 9 
9 4 26 29 45 5 2 2 
4 5 4 66 16 9 1 8 
3 6 41 29 2 3 2 0 
6 4 28 69 42 3 8 5 
2 3 24 70 39 7 8 0 
5 8 17 34 32 4 4 6 
4 9 23 48 63 1 7 5 
5 7 50 38 37 2 9 4 
4 3 36 0 43 0 5 4 
3 1 4 53 43 8 1 5 
1 8 25 94 52 8 6 5 
6 5 32 4 56 3 9 4 
0 8 37 76 46 4 5 2 
0 9 56 66 39 0 1 3 
6 1 54 79 57 4 8 2 
1 2 32 74 92 8 0 0 
5 0 27 43 40 6 6 1 
4 0 47 54 51 5 8 6 
3 7 49 32 51 0 6 7 
4 6 14 64 11 5 6 8 
1 1 25 13 31 3 5 0 
8 7 26 91 63 9 5 1 
9 9 0 44 53 1 6 9 
3 3 60 36 98 1 2 4 
5 2 22 43 40 8 5 4 
1 1 36 87 38 6 8 9 
2 4 33 48 63 6 0 7 
5 7 22 0 65 9 8 4 
9 5 17 64 57 4 2 5 
2 9 23 85 47 1 7 7 
4 5 50 51 45 9 7 1 
9 3 37 41 53 0 9 8 
5 4 22 44 66 8 9 0 
7 0 49 45 58 5 4 1 
0 9 20 57 45 1 0 0 
2 7 0 29 82 1 2 6 
3 0 47 19 51 2 4 0 
3 3 37 47 50 0 0 2 
3 0 47 41 58 0 5 5 
6 5 37 50 20 9 2 5 
4 8 0 52 28 9 2 8 
6 9 10 23 75 9 1 0 
2 4 3 89 32 0 1 3 
1 6 21 46 80 7 1 3 
4 5 28 10 54 1 8 8 
1 7 14 40 63 3 6 3 
9 6 77 38 56 2 1 9 
8 9 40 40 47 2 9 2 
7 0 36 49 51 7 7 5 
9 3 31 85 61 2 0 8 
9 8 43 52 15 3 3 3 
6 3 58 80 73 6 0 8 
9 5 0 49 50 0 3 7 
7 7 19 33 22 1 9 2 
8 5 27 77 51 6 4 0 
1 6 49 41 66 2 9 4 
6 3 82 75 34 6 6 0 
7 6 0 29 17 7 5 8 
7 8 20 65 71 8 6 7 
0 0 29 7 80 8 1 6 
4 6 48 42 76 3 8 0 
9 1 48 87 48 5 0 1 
7 1 26 53 105 8 7 2 
6 4 25 60 52 2 0 0 
2 2 46 40 65 3 7 7 
5 1 50 71 63 7 2 9 
5 7 46 66 64 1 5 7 
5 5 47 46 60 3 7 8 
6 5 7 51 37 0 1 4 
7 4 22 52 53 4 2 9 
3 6 31 72 63 0 2 5 
6 9 64 5 34 2 1 1 
7 7 59 48 70 5 5 1 
9 0 49 70 20 7 4 2 
3 3 54 40 10 3 4 6 
5 0 45 76 50 5 3 7 
7 2 52 44 26 5 4 0 
3 6 45 27 68 8 2 8 
3 0 18 39 68 6 8 5 
1 5 43 39 72 0 0 3 
7 4 22 24 57 3 9 6 
2 4 37 20 33 9 7 5 
8 2 72 22 44 5 4 7 
1 8 16 71 35 4 5 8 
6 8 32 46 66 4 2 9 
3 6 62 82 43 3 2 8 
1 6 19 58 40 0 9 3 
3 3 35 55 42 0 4 0 
2 3 27 45 54 4 6 7 
6 6 27 66 28 7 9 3 
3 0 72 55 40 9 3 4 
6 0 17 49 77 2 8 0 
0 0 61 72 77 6 3 8 
1 2 29 60 70 8 8 2 
5 6 37 7 52 8 6 5 
0 3 49 80 38 2 8 7 
7 6 11 57 70 9 4 3 
0 9 30 44 64 2 8 4 
4 1 32 23 43 7 6 9 
5 1 10 55 41 6 5 6 
9 2 43 58 63 3 3 1 
8 7 32 16 71 8 1 9 
1 3 29 49 33 9 4 1 
6 1 44 45 58 7 3 1 
1 3 39 45 92 3 2 5 
9 0 45 45 67 9 5 4 
6 8 33 31 45 2 7 0 
0 2 39 38 67 3 6 2 
1 1 56 69 70 0 9 4 
4 3 31 62 53 2 7 2 
9 5 45 16 58 4 1 8 
0 2 0 30 60 1 8 0 
3 1 13 47 1 9 4 8 
8 1 20 33 47 5 1 1 
2 6 46 63 43 7 1 7 
5 3 8 31 60 3 5 1 
7 9 19 54 64 0 9 5 
7 0 46 34 64 9 0 2 
5 0 62 45 27 0 9 2 
9 6 49 47 58 5 9 4 
0 8 7 55 62 2 2 1 
8 9 17 28 29 1 4 7 
3 8 73 47 47 5 2 2 
4 1 52 59 29 2 9 5 
8 7 17 93 48 8 5 6 
1 0 58 5 79 7 4 3 
9 9 8 43 48 9 6 8 
6 3 54 71 52 5 9 8 
8 7 54 71 53 0 7 0 
2 7 47 48 46 8 5 9 
1 1 53 51 44 4 1 9 
4 9 53 0 45 9 1 3 
6 7 26 8 34 8 4 2 
2 5 62 49 25 6 1 4 
9 3 9 19 26 0 2 8 
0 6 6 66 49 2 6 3 
7 2 89 37 61 1 2 0 
6 7 38 49 100 6 2 8 
8 0 33 70 70 6 6 6 
4 1 26 46 42 3 4 5 
0 6 1 94 55 5 7 6 
5 7 17 64 39 2 1 0 
0 2 20 26 54 6 6 8 
0 8 16 50 22 9 4 9 
9 5 25 51 62 8 8 7 
6 3 19 31 15 2 0 8 
0 9 35 39 49 0 6 4 
1 6 57 51 69 2 1 7 
5 8 40 29 41 8 7 4 
8 2 15 49 65 1 5 5 
1 7 18 20 69 0 4 3 
5 9 44 58 12 9 0 7 
7 4 54 22 44 4 3 4 
0 5 13 51 61 8 6 4 
9 5 17 50 70 0 1 5 
2 8 50 44 35 4 3 4 
7 5 20 64 71 1 3 9 
4 6 57 25 51 7 6 3 
6 0 9 30 52 4 7 0 
6 2 44 20 0 4 2 9 
5 2 14 35 52 1 2 0 
2 6 17 47 38 3 5 2 
3 6 29 24 50 5 2 3 
5 7 2 54 44 0 0 2 
8 7 6 46 90 1 5 9 
6 1 25 15 61 4 8 5 
6 0 25 51 7 0 4 8 
1 5 33 26 37 1 8 0 
1 8 26 58 24 5 4 8 
0 3 32 52 68 7 8 4 
4 2 16 10 39 6 8 7 
0 7 57 11 63 5 3 7 
9 9 37 75 29 9 0 5 
4 0 50 75 50 5 9 1 
6 9 48 28 27 4 0 8 
9 0 46 51 59 1 9 1 
6 4 61 51 27 9 4 1 
3 9 13 32 16 8 2 1 
6 0 35 17 30 6 3 5 
1 0 21 59 60 3 4 2 
0 4 30 31 65 8 7 1 
4 1 11 66 38 0 1 6 
8 9 11 37 75 1 4 7 
9 9 28 65 26 5 4 5 
5 2 39 48 63 4 8 5 
9 9 43 36 37 2 2 0 
2 6 56 32 40 2 7 8 
9 7 14 74 27 7 3 4 
2 5 39 49 25 2 5 9 
1 3 39 60 27 7 5 4 
3 5 37 64 35 1 5 0 
7 3 17 76 47 4 9 1 
2 1 24 63 71 6 8 3 
3 3 21 53 30 8 8 3 
1 9 25 51 17 1 6 7 
2 2 12 39 32 5 7 3 
7 6 33 46 78 9 8 9 
5 1 18 43 56 0 4 1 
8 2 42 31 37 2 7 5 
2 6 38 37 91 5 6 5 
9 2 31 82 64 4 1 3 
2 8 32 64 83 3 5 2 
4 4 0 60 35 4 8 8 
4 0 44 64 8 9 1 6 
9 7 32 59 22 8 7 5 
6 3 0 42 30 2 6 8 
0 6 57 22 70 0 6 4 
3 2 22 63 15 5 0 4 
5 2 44 22 30 9 6 2 
4 6 34 92 33 5 2 6 
4 1 11 53 40 0 0 2 
5 1 56 89 56 6 7 5 
5 8 17 58 41 6 5 0 
8 7 44 55 28 3 1 0 
9 1 35 74 62 5 2 3 
5 3 7 39 53 8 1 8 
6 2 59 11 53 7 6 8 
0 2 49 59 62 7 9 9 
6 3 0 63 21 7 7 5 
3 8 52 32 50 6 6 4 
5 0 13 30 42 0 4 7 
2 8 37 79 36 1 3 4 
3 8 33 88 54 8 8 2 
8 3 60 78 26 5 1 5 
5 1 31 66 48 3 8 5 
4 8 64 64 49 8 4 6 
7 0 3 52 67 4 8 6 
4 3 12 70 45 0 1 1 
2 1 34 37 76 0 6 5 
3 6 35 72 64 0 4 3 
5 7 43 82 0 5 8 0 
2 5 17 91 90 0 6 4 
6 4 9 33 63 8 0 6 
6 6 30 63 69 4 4 0 
1 2 46 78 24 1 6 1 
4 0 41 60 42 4 0 6 
0 7 11 42 45 3 7 4 
4 0 23 38 47 7 2 4 
5 8 42 43 55 8 8 0 
0 1 58 22 42 1 6 8 
8 3 24 39 36 9 4 9 
4 9 42 52 42 4 8 3 
8 7 21 86 35 0 1 2 
2 5 5 33 44 9 3 5 
5 3 52 33 53 2 6 8 
4 9 0 15 85 4 1 8 
7 6 38 19 59 5 8 2 
0 4 48 58 59 7 8 0 
5 1 25 62 55 3 8 6 
3 7 22 43 67 4 9 5 
4 6 26 68 50 0 8 0 
5 2 43 62 26 8 3 1 
7 6 42 46 55 8 5 8 
7 1 62 59 69 5 7 1 
7 0 22 61 71 9 3 1 
6 8 47 19 76 9 9 5 
1 9 37 52 74 6 8 4 
4 0 53 74 43 2 5 3 
3 5 28 34 34 9 9 7 
5 4 9 88 69 2 6 0 
8 3 35 47 14 3 0 0 
0 7 44 34 31 7 1 6 
2 7 20 61 32 0 3 4 
5 8 5 69 52 7 9 0 
9 6 25 71 54 8 9 3 
6 1 64 72 55 9 6 6 
0 6 11 85 88 7 9 0 
4 4 49 67 37 8 8 2 
5 6 33 56 49 1 4 6 
0 7 30 85 45 2 1 1 
1 1 36 51 52 6 9 4 
6 0 56 51 68 9 7 4 
0 0 47 73 72 2 6 8 
2 1 59 44 34 8 3 6 
5 2 14 80 52 8 5 4 
6 2 10 50 21 1 6 6 
9 3 20 65 27 5 9 0 
6 9 32 37 58 2 0 4 
6 7 13 53 30 9 6 5 
1 0 0 47 48 4 9 0 
0 2 31 40 49 3 0 5 
4 7 72 77 53 9 2 0 
4 2 37 50 39 1 2 1 
7 4 18 63 50 8 3 2 
3 3 26 77 12 2 7 2 
7 1 0 93 48 8 0 0 
9 6 35 64 77 7 5 2 
0 7 49 38 27 6 4 8 
3 9 46 69 37 7 1 1 
5 6 28 45 53 7 5 4 
0 6 0 71 69 5 7 2 
2 1 50 56 42 9 3 3 
2 1 41 66 44 0 5 0 
8 1 32 66 63 5 0 5 
5 4 19 26 21 1 1 5 
2 5 28 74 86 2 5 9 
7 1 34 79 67 4 1 2 
8 5 69 43 57 6 9 2 
1 0 59 86 36 9 5 4 
0 9 53 53 48 6 0 0 
9 6 48 19 79 2 9 4 
9 1 34 30 57 5 5 8 
6 2 0 28 61 4 2 0 
3 4 18 63 66 3 1 1 
2 5 49 43 54 3 0 9 
2 5 36 51 55 6 8 3 
6 5 9 45 58 0 1 0 
5 4 29 58 28 3 1 3 
7 3 25 48 74 3 6 5 
2 6 21 74 90 1 1 0 
3 4 22 53 37 1 0 3 
2 5 37 67 53 6 3 5 
5 9 22 98 17 7 5 1 
7 9 10 53 83 2 9 5 
5 6 3 64 15 2 6 3 
5 4 31 51 38 3 6 0 
4 2 10 53 89 3 4 1 
3 5 70 67 32 0 2 5 
0 2 0 29 84 5 1 5 
7 9 44 75 79 5 6 5 
2 4 18 54 42 2 5 5 
7 2 36 11 44 8 2 2 
0 5 8 78 73 3 9 8 
3 3 49 41 54 2 1 5 
5 9 21 34 44 5 8 0 
4 3 10 76 34 4 1 5 
4 5 41 45 79 5 8 5 
6 4 29 56 41 6 7 5 
6 0 42 55 55 8 9 5 
1 3 2 35 21 2 8 2 
9 8 56 68 39 0 9 2 
9 9 0 88 54 6 8 0 
5 2 13 24 66 4 4 4 
7 4 24 29 70 0 3 0 
3 4 58 34 7 7 3 2 
8 4 21 34 49 8 9 3 
8 0 27 67 50 7 7 6 
1 0 5 65 65 8 8 5 
9 3 14 39 65 2 4 0 
7 1 24 53 68 7 5 6 
7 7 19 34 41 6 4 2 
8 4 0 32 46 4 7 7 
4 5 26 64 75 9 8 3 
5 2 3 40 57 3 4 0 
1 4 49 28 78 4 0 0 
1 3 3 37 66 7 6 0 
0 8 37 53 82 8 4 8 
6 9 36 44 63 1 7 9 
6 1 22 69 42 3 6 6 
6 5 33 77 61 6 9 1 
5 5 19 61 86 1 1 8 
1 1 32 55 27 1 0 8 
3 5 0 64 33 5 4 8 
9 2 17 52 57 5 1 0 
6 2 33 53 51 3 5 5 
4 0 6 79 38 8 8 7 
0 8 57 54 66 1 8 0 
6 4 14 77 18 7 4 2 
9 1 24 26 56 6 1 7 
7 6 7 37 43 6 3 0 
9 2 51 38 28 1 3 2 
1 7 32 41 90 9 7 3 
0 1 12 67 51 0 5 4 
1 6 7 23 61 1 6 0 
8 1 50 40 25 6 0 1 
6 7 36 45 35 9 1 8 
7 4 30 43 96 1 6 6 
3 8 39 40 35 2 4 7 
2 7 50 44 21 9 2 6 
3 8 24 42 70 0 2 4 
9 3 3 27 24 4 2 4 
7 1 18 54 48 1 0 7 
5 7 55 68 21 0 5 0 
3 2 46 53 3 9 7 8 
3 8 31 30 82 8 3 8 
4 9 21 70 76 2 2 6 
9 0 22 19 51 3 5 5 
8 1 29 46 26 0 2 6 
8 1 30 34 44 6 3 3 
2 1 43 52 39 4 4 5 
7 3 12 37 72 3 9 9 
5 0 25 59 86 8 8 6 
1 9 19 32 90 2 3 6 
6 3 51 19 42 1 5 4 
9 2 47 61 32 5 9 0 
5 2 51 59 32 6 7 3 
4 0 50 62 106 9 0 2 
3 7 33 38 48 5 3 7 
8 1 21 21 53 7 0 1 
4 3 54 46 34 0 6 3 
7 8 41 48 61 7 6 3 
7 6 17 42 62 0 7 5 
6 3 14 50 66 7 1 5 
3 4 45 35 31 8 1 3 
3 6 20 31 33 2 4 4 
3 7 50 71 54 5 8 1 
9 1 26 40 34 3 2 3 
4 3 57 20 15 5 2 3 
0 3 11 104 32 5 1 8 
0 1 57 71 54 6 1 7 
7 8 17 32 68 9 5 0 
2 8 28 70 79 5 9 4 
7 5 10 73 24 4 0 9 
0 9 1 57 41 3 9 1 
6 7 25 32 40 8 1 4 
5 0 36 59 74 1 1 1 
7 6 30 34 23 7 0 8 
7 1 19 14 59 9 5 8 
6 5 33 2 19 7 5 8 
2 3 40 18 64 3 7 0 
5 8 5 43 36 0 1 0 
5 3 40 37 50 4 9 4 
2 3 41 46 58 0 0 6 
7 9 23 45 81 3 7 2 
7 9 5 24 39 7 5 4 
1 8 15 63 53 6 8 9 
2 1 19 59 75 1 3 9 
5 3 53 66 53 4 5 7 
2 4 49 40 40 8 4 5 
9 9 17 86 40 9 1 6 
5 5 42 43 22 1 3 9 
3 1 32 30 26 7 3 2 
3 8 56 37 37 7 2 1 
6 7 12 30 11 6 6 6 
6 7 0 0 66 1 5 5 
3 0 31 67 39 3 3 4 
0 2 15 55 78 7 4 0 
3 4 48 50 72 9 6 1 
5 4 34 19 41 6 4 1 
1 1 29 58 72 9 1 1 
9 3 35 41 34 0 7 1 
9 4 22 60 15 5 8 1 
2 3 21 43 20 6 4 5 
0 8 21 19 75 8 3 5 
1 1 22 45 3 2 5 8 
8 1 15 26 36 1 0 9 
5 3 20 36 49 8 0 7 
0 9 18 40 4 6 9 0 
2 0 0 41 31 5 9 7 
5 2 39 49 59 5 6 2 
7 7 50 52 72 3 0 2 
4 9 49 48 53 5 6 5 
0 4 23 51 15 3 1 0 
6 4 46 28 34 4 4 1 
6 5 33 46 48 3 9 4 
3 7 20 49 61 9 8 1 
0 0 53 65 79 8 7 6 
0 0 31 55 82 0 8 1 
3 7 25 61 49 9 3 8 
6 1 33 65 33 7 9 1 
3 7 27 38 65 2 3 7 
5 5 19 39 25 8 1 5 
8 5 28 64 64 2 4 1 
6 0 43 76 62 7 8 2 
3 9 1 58 53 6 2 0 
5 4 33 25 56 9 6 4 
5 3 0 28 73 5 6 9 
2 0 36 39 33 4 3 0 
5 9 62 40 63 4 7 4 
7 7 36 42 59 9 9 6 
2 7 37 56 57 2 7 5 
7 6 6 59 45 4 4 5 
5 1 2 31 9 1 4 2 
8 8 0 34 46 0 9 2 
6 4 17 64 111 3 8 2 
9 5 39 90 35 6 3 1 
1 2 31 39 33 1 0 1 
1 8 23 57 37 7 7 6 
7 9 25 0 0 2 5 8 
5 9 11 69 41 1 9 1 
3 4 62 43 22 9 7 3 
7 1 48 32 77 7 3 7 
9 9 84 41 75 4 1 3 
6 4 18 66 54 2 6 8 
5 8 27 71 76 9 3 5 
9 5 78 16 40 8 6 7 
5 7 66 58 53 6 8 9 
3 9 49 128 67 2 0 4 
1 9 40 75 19 0 1 6 
3 5 28 78 74 7 6 5 
8 1 42 78 29 8 6 8 
1 7 0 13 48 8 5 3 
5 2 9 74 60 2 4 4 
1 7 31 56 68 8 1 1 
8 1 2 21 71 7 4 1 
0 1 25 20 73 7 0 4 
4 5 0 52 65 0 6 1 
6 5 37 67 64 1 2 7 
9 9 43 54 69 5 0 2 
4 3 31 65 36 9 4 3 
2 4 22 47 80 5 2 1 
4 0 2 17 42 5 6 5 
9 9 0 64 44 5 9 1 
6 3 12 36 34 0 7 3 
7 5 32 40 72 6 2 7 
1 8 38 49 46 5 4 2 
0 7 29 52 33 1 4 6 
0 6 17 8 100 2 4 7 
2 6 30 21 59 7 9 0 
2 0 35 78 52 0 9 9 
8 2 26 58 46 3 0 5 
6 3 0 58 62 7 9 9 
1 3 16 43 70 1 9 8 
4 6 45 9 53 4 9 5 
2 9 41 67 21 5 7 5 
5 5 69 17 66 7 4 5 
1 3 35 47 54 5 7 7 
7 5 45 33 76 1 1 8 
6 4 52 71 47 0 0 3 
6 5 41 54 64 8 9 2 
6 7 16 73 17 5 3 3 
5 9 22 58 65 1 0 8 
2 5 22 54 43 5 9 0 
3 1 25 53 52 5 8 1 
8 1 23 15 25 3 4 7 
4 8 36 71 0 5 4 6 
2 7 17 93 39 1 6 8 
5 3 7 21 48 6 6 3 
0 2 39 70 48 8 8 2 
0 4 13 40 24 2 5 8 
9 7 15 18 24 9 3 9 
9 0 19 67 65 2 3 3 
6 6 24 59 65 5 1 5 
1 4 24 60 55 0 2 9 
9 7 37 59 87 6 9 1 
4 1 38 2 59 1 3 3 
1 3 8 36 38 8 7 1 
6 2 24 74 30 8 0 0 
3 7 29 47 49 8 0 1 
9 4 34 61 6 8 6 1 
7 3 39 37 69 4 3 6 
0 1 52 43 52 7 2 8 
4 4 51 70 19 9 5 4 
3 7 22 56 29 5 3 4 
6 8 58 39 26 5 8 3 
4 5 17 60 60 5 8 5 
2 7 49 38 60 2 1 6 
7 0 55 35 36 7 1 3 
3 4 44 47 53 7 9 0 
2 3 29 26 30 5 4 5 
2 4 28 43 32 5 3 1 
0 8 52 52 75 5 3 1 
6 3 25 40 31 2 0 5 
2 8 42 59 60 8 4 3 
8 1 34 42 65 4 0 2 
4 1 33 34 59 8 0 4 
7 2 3 86 46 7 5 6 
4 8 35 83 54 6 1 8 
1 2 57 61 69 0 4 6 
1 1 19 46 63 7 3 3 
8 9 48 46 40 9 6 7 
4 3 3 14 47 1 7 6 
7 5 30 87 41 9 3 6 
4 8 0 98 36 1 8 3 
6 7 22 65 58 5 7 0 
1 9 25 32 31 7 1 1 
8 3 7 54 42 9 1 4 
5 8 5 3 35 2 8 0 
5 0 44 83 74 7 2 6 
0 0 38 70 63 3 0 4 
2 2 19 33 31 7 9 5 
9 1 13 40 37 3 3 1 
1 8 39 41 43 7 9 4 
3 5 36 0 52 7 5 1 
9 6 41 65 64 6 0 1 
4 4 23 65 77 8 2 7 
5 0 1 8 20 6 3 2 
9 5 45 77 45 8 7 7 
0 9 5 49 33 2 5 3 
4 5 42 65 42 1 6 6 
1 6 47 81 65 0 5 2 
1 8 54 34 31 2 6 6 
2 3 58 64 64 4 5 2 
7 4 45 61 54 9 9 1 
2 4 20 81 31 8 3 8 
7 8 39 32 46 2 7 1 
4 9 27 55 68 9 5 0 
8 5 0 66 92 6 6 0 
8 6 26 60 53 6 0 7 
3 8 26 34 64 1 7 5 
8 9 7 47 59 6 3 4 
7 5 13 50 42 6 8 7 
5 6 45 55 60 6 6 6 
1 3 37 49 48 1 8 3 
1 9 19 55 51 8 8 7 
7 4 45 54 79 3 5 2 
1 3 42 51 41 0 2 2 
0 5 53 63 46 0 3 3 
6 7 19 44 72 7 8 0 
5 7 72 47 31 4 7 2 
2 3 20 60 61 1 7 4 
2 8 14 69 19 6 2 6 
7 7 39 65 68 9 6 1 
6 4 21 60 59 9 0 5 
3 1 4 43 62 6 3 2 
4 3 53 17 35 9 1 2 
1 5 48 53 34 2 1 8 
9 1 62 67 50 4 7 5 
3 6 25 13 46 2 4 3 
1 6 45 38 71 9 4 4 
6 3 39 32 25 3 3 6 
8 5 17 38 30 0 1 1 
3 4 34 48 43 1 9 0 
3 5 17 76 78 3 1 5 
5 1 12 68 25 2 7 2 
0 6 10 24 43 7 6 7 
2 2 6 59 51 9 8 0 
0 4 33 76 77 5 2 4 
6 0 21 75 33 7 8 4 
6 9 46 87 46 4 3 2 
1 6 50 22 20 1 2 7 
4 1 27 100 65 5 1 1 
7 4 3 51 76 3 4 8 
0 3 18 75 46 2 8 8 
1 0 41 25 84 1 9 3 
5 3 20 82 65 8 7 8 
1 9 34 48 61 4 7 7 
7 4 30 25 41 2 1 6 
7 8 22 50 17 2 2 7 
8 1 45 55 44 0 2 3 
5 3 13 64 62 5 9 5 
7 8 22 49 73 8 4 9 
3 1 27 32 46 4 1 1 
9 8 33 41 51 2 9 4 
4 0 0 31 38 4 8 0 
1 0 10 29 72 1 7 3 
1 6 26 36 75 3 6 2 
1 7 30 48 86 7 5 4 
2 5 53 65 42 0 0 1 
8 4 55 29 38 7 1 8 
4 0 18 57 24 7 0 0 
8 9 36 79 37 5 6 1 
6 6 29 64 12 6 6 3 
6 2 15 75 14 9 7 1 
6 1 32 64 7 9 9 0 
1 0 20 39 62 1 3 5 
0 3 12 69 45 7 8 6 
6 9 12 47 67 9 3 7 
3 6 25 49 45 5 0 2 
9 8 0 50 73 3 9 7 
6 6 39 33 67 2 1 5 
9 9 36 43 0 9 5 4 
1 0 0 47 63 8 5 9 
6 0 28 55 36 1 7 6 
6 4 31 45 49 3 8 9 
7 2 30 69 21 5 7 0 
1 6 36 53 54 8 8 6 
7 1 51 68 28 4 2 2 
7 5 35 32 69 2 4 3 
9 9 32 26 57 2 8 7 
6 8 0 27 59 3 8 5 
9 6 20 24 85 5 9 1 
0 1 15 44 61 0 6 3 
8 5 34 29 66 2 7 2 
3 2 46 44 51 8 1 1 
5 1 76 107 54 9 6 7 
2 1 18 29 30 7 8 7 
6 9 6 39 76 0 1 1 
0 6 1 32 38 5 4 4 
6 2 31 46 75 4 0 9 
6 6 13 23 59 3 6 3 
8 1 38 61 94 3 2 7 
0 5 16 40 31 9 3 5 
3 6 40 87 10 6 2 3 
2 4 25 69 58 3 5 1 
0 9 18 52 43 1 3 5 
7 8 3 60 27 8 1 2 
8 6 17 75 87 1 3 9 
3 5 43 67 53 4 7 0 
3 7 30 70 48 9 2 1 
4 5 17 56 45 0 3 0 
7 4 37 50 47 2 9 1 
8 5 21 45 33 9 3 7 
2 9 12 49 67 4 0 2 
7 6 31 67 64 8 7 6 
5 1 12 46 53 9 1 3 
2 0 33 57 32 3 4 4 
1 3 15 53 31 9 6 1 
0 2 35 36 28 6 0 8 
2 3 0 68 40 4 9 9 
4 7 26 95 65 0 1 4 
2 1 41 52 40 4 3 5 
9 8 0 25 56 0 1 5 
3 5 40 115 33 4 4 8 
2 4 36 44 55 3 6 1 
1 8 14 32 14 5 4 7 
5 3 34 47 51 3 6 3 
0 4 27 32 15 8 1 1 
9 1 23 29 35 3 3 6 
0 8 27 44 65 7 7 1 
2 8 4 79 68 6 9 9 
0 8 6 75 52 1 0 8 
4 6 40 22 41 9 2 0 
7 2 0 43 51 2 8 8 
6 9 52 51 72 3 4 5 
1 2 35 73 36 7 6 4 
2 4 32 44 46 6 9 0 
7 9 48 0 70 9 2 0 
7 6 45 35 22 2 8 9 
0 1 30 81 55 0 9 6 
1 8 38 26 66 7 2 3 
9 8 55 54 32 2 4 2 
5 9 26 54 49 5 0 5 
3 0 25 40 54 4 9 6 
6 4 2 25 46 6 2 2 
3 0 28 68 47 2 3 8 
3 5 11 72 89 3 6 2 
5 0 61 18 54 3 1 2 
2 9 49 65 68 1 7 6 
9 4 8 53 29 6 3 5 
6 9 29 29 60 6 7 2 
0 2 70 42 46 4 9 6 
7 8 41 72 45 7 2 6 
2 5 11 49 75 3 7 7 
8 2 62 45 59 4 6 0 
2 6 26 34 71 5 5 2 
3 5 2 80 86 4 2 7 
1 0 6 47 25 9 4 7 
8 3 44 40 22 2 9 4 
1 5 23 58 64 4 9 6 
9 6 46 50 78 4 1 2 
3 3 29 52 52 2 6 1 
9 9 35 61 31 4 5 7 
9 8 2 35 21 9 5 5 
0 3 20 55 31 5 4 3 
2 0 30 46 28 6 9 2 
7 1 14 37 64 8 4 6 
6 6 42 63 53 9 2 1 
7 5 0 47 31 5 5 6 
9 7 18 10 17 1 5 5 
5 3 41 67 39 5 7 0 
4 7 34 54 69 7 4 2 
9 2 37 46 77 7 7 4 
9 1 61 45 33 9 6 5 
4 0 52 54 43 4 2 8 
3 9 0 73 46 1 6 2 
9 0 33 16 63 3 0 2 
9 7 29 26 40 9 2 6 
3 3 45 78 38 9 1 8 
6 9 43 74 56 2 8 4 
0 7 51 50 52 9 3 7 
8 0 36 78 21 6 8 4 
9 6 37 43 32 5 9 4 
5 9 19 38 52 9 0 3 
9 1 15 52 32 7 7 6 
7 1 48 86 42 0 7 7 
8 4 29 12 45 1 8 8 
7 5 29 6 54 6 9 4 
3 0 15 58 57 4 0 7 
4 9 0 69 39 2 4 7 
8 2 21 39 57 9 3 3 
6 3 0 63 51 9 9 2 
2 3 14 59 50 9 8 9 
9 2 25 84 39 4 0 9 
2 7 72 25 45 1 3 5 
1 6 22 47 31 0 4 3 
9 1 47 74 84 7 3 4 
4 3 0 48 33 7 0 9 
5 4 45 39 50 4 6 8 
5 7 38 43 41 8 7 0 
7 0 45 43 50 6 5 1 
9 3 6 69 45 0 3 8 
4 8 33 62 84 0 5 7 
1 1 12 28 24 2 0 4 
5 0 55 23 27 9 3 0 
4 8 7 51 43 7 7 7 
4 6 0 45 40 5 7 1 
7 9 0 19 103 9 0 6 
0 7 54 65 13 5 0 0 
0 9 37 36 95 1 6 8 
3 1 28 6 80 6 1 4 
6 4 44 62 34 4 3 6 
3 8 27 34 47 8 0 8 
8 8 34 60 33 5 1 0 
1 2 33 10 50 9 9 2 
2 8 55 66 63 6 2 4 
9 3 39 74 31 1 3 8 
7 6 27 59 71 1 1 8 
6 7 49 72 31 6 9 5 
1 1 18 26 16 6 0 3 
9 1 53 29 42 5 7 8 
8 2 23 34 70 1 4 3 
5 7 23 78 61 2 7 1 
2 0 9 85 73 0 6 7 
0 2 79 54 57 9 3 7 
9 5 31 63 91 2 2 2 
6 9 33 7 31 0 4 0 
8 0 44 26 30 8 0 7 
2 2 71 45 53 5 2 1 
8 1 59 65 35 6 1 1 
6 7 54 50 42 1 2 6 
1 0 0 60 8 4 4 1 
7 9 43 44 43 5 1 7 
6 7 46 47 45 4 4 6 
8 5 14 88 74 9 0 5 
3 4 20 70 9 1 0 7 
5 6 43 27 41 5 1 3 
8 6 44 55 55 8 8 4 
3 1 55 73 16 7 0 8 
2 4 59 59 52 0 1 3 
1 4 9 39 78 8 9 3 
4 3 0 34 9 5 9 3 
0 0 35 71 62 3 0 0 
5 0 37 58 61 9 1 7 
9 5 36 33 77 5 2 9 
7 8 40 61 43 6 0 0 
8 3 0 48 36 0 0 4 
1 9 45 24 12 0 1 6 
2 0 43 69 54 3 1 6 
5 3 49 87 11 4 3 1 
8 1 59 42 69 1 3 7 
8 4 49 0 45 6 8 3 
8 6 14 74 34 2 3 0 
2 4 28 49 40 7 7 1 
5 4 20 32 0 8 3 9 
9 2 47 36 67 8 3 1 
5 0 21 51 75 7 8 4 
1 3 21 56 43 3 8 4 
1 7 44 1 39 4 5 2 
7 5 68 40 71 4 8 4 
3 4 62 0 42 1 7 5 
8 0 25 25 113 4 7 8 
9 5 7 66 70 7 5 1 
2 5 21 63 40 0 4 9 
0 4 32 63 23 9 5 9 
0 0 21 25 38 4 9 9 
4 3 23 52 52 4 4 0 
0 0 2 37 34 0 8 2 
4 1 24 83 91 5 2 8 
0 7 0 62 27 1 4 8 
3 6 49 48 59 0 0 8 
4 1 18 74 80 5 0 0 
6 3 7 43 63 0 4 8 
2 4 32 68 51 1 4 6 
0 5 18 62 31 3 1 2 
0 5 14 61 19 8 7 4 
7 2 39 51 55 3 7 4 
3 5 16 75 72 0 1 7 
4 4 47 25 57 1 7 9 
8 3 32 46 42 6 7 0 
9 8 81 47 17 8 4 8 
6 9 42 76 45 1 6 1 
2 4 28 58 46 0 1 9 
0 3 35 21 55 7 1 2 
3 6 49 41 60 6 4 2 
1 2 75 98 49 0 3 0 
6 5 10 16 81 1 2 9 
6 0 13 31 74 6 4 2 
7 2 65 26 45 3 8 9 
6 3 8 52 35 2 8 9 
5 9 30 25 33 3 5 6 
1 2 38 62 54 9 1 6 
2 2 57 28 30 3 2 4 
9 6 0 80 73 5 2 9 
1 9 11 15 70 5 2 1 
6 7 21 56 31 9 8 7 
4 4 78 93 26 1 7 5 
1 8 46 24 12 6 6 6 
5 7 25 31 69 3 3 7 
1 1 43 46 38 4 1 8 
9 0 25 6 47 0 5 9 
1 8 33 38 24 1 5 5 
3 6 30 32 34 1 8 4 
2 1 25 48 76 6 7 9 
3 7 29 79 16 6 1 0 
4 2 33 67 56 2 0 8 
6 5 22 34 60 1 2 4 
8 7 38 15 41 5 0 3 
6 2 14 46 47 9 8 1 
4 0 50 9 37 8 9 1 
5 7 27 53 64 1 1 0 
4 4 38 43 30 9 2 6 
3 2 51 28 40 7 9 8 
7 6 58 52 64 3 1 3 
9 8 44 62 24 9 0 3 
0 5 53 60 64 7 7 7 
8 7 14 53 27 1 0 8 
8 4 40 54 29 3 8 3 
3 4 10 56 38 9 4 2 
3 5 29 45 51 1 3 2 
5 4 19 67 27 3 9 0 
0 6 54 34 32 4 9 0 
0 1 12 29 54 6 0 0 
5 0 26 55 47 9 3 2 
7 2 57 47 43 4 8 2 
1 8 19 27 73 8 6 5 
1 1 20 30 74 1 7 6 
0 5 29 7 69 8 1 1 
1 4 37 55 57 6 4 6 
6 8 47 29 38 8 8 3 
3 7 0 46 31 5 2 2 
6 0 33 41 79 9 1 7 
5 7 31 15 71 3 2 1 
8 7 41 25 50 3 3 5 
8 9 45 39 0 3 9 2 
4 0 32 46 80 6 4 7 
0 0 11 55 87 2 9 3 
5 7 68 62 77 0 0 0 
0 0 36 54 33 2 4 8 
7 5 45 34 66 6 0 6 
4 7 45 33 41 7 3 0 
9 4 22 36 63 8 7 5 
1 7 11 48 57 5 5 6 
9 4 55 16 76 3 3 3 
7 3 44 6 17 2 1 4 
6 6 72 1 46 8 4 1 
2 3 0 32 40 0 3 1 
8 4 15 28 70 1 1 6 
1 5 32 36 49 7 9 2 
5 9 15 93 22 9 6 2 
6 8 27 38 46 8 8 6 
6 0 38 49 60 9 6 2 
5 9 32 22 20 8 9 3 
2 5 11 18 52 3 3 2 
5 2 41 45 102 9 6 1 
0 4 58 17 47 9 9 2 
2 0 0 48 43 2 5 4 
4 5 46 71 54 0 6 9 
3 9 29 53 21 3 5 8 
8 2 62 57 52 7 3 5 
9 6 61 87 68 6 4 0 
5 8 51 25 95 2 0 8 
9 0 3 13 35 4 2 4 
5 8 17 46 31 6 5 7 
1 2 33 39 58 7 0 8 
8 7 59 34 50 8 0 5 
3 0 47 54 73 3 6 4 
9 7 3 35 66 0 7 5 
7 2 29 86 79 6 3 1 
1 7 80 65 34 7 4 5 
3 4 54 74 71 4 6 5 
1 5 24 40 44 8 8 4 
2 2 43 30 47 7 2 2 
2 9 30 32 44 2 4 7 
0 2 32 59 50 2 7 1 
5 8 21 54 28 7 0 0 
1 8 16 37 67 3 6 1 
8 4 36 65 60 7 3 1 
2 2 39 31 67 8 3 1 
6 8 34 33 25 9 4 0 
0 4 5 54 55 4 5 8 
5 8 90 33 82 7 6 9 
2 7 70 68 54 8 1 6 
3 2 61 51 70 8 5 3 
1 5 24 67 50 5 8 0 
0 5 84 56 38 7 1 4 
5 7 3 65 73 9 3 2 
5 3 22 24 46 1 5 1 
9 8 60 59 75 2 4 9 
1 7 5 73 49 7 1 4 
4 8 25 94 85 6 9 0 
0 0 44 30 42 5 0 1 
3 3 9 70 50 6 1 8 
5 4 23 5 22 9 0 2 
7 1 2 54 44 5 7 7 
4 4 20 44 46 5 8 3 
1 7 38 79 20 7 0 8 
3 9 24 78 65 4 0 8 
4 6 0 41 65 8 8 8 
9 1 72 54 43 0 4 5 
4 2 35 57 64 4 0 3 
4 6 14 65 50 7 2 8 
8 6 28 11 11 1 0 5 
8 1 43 72 37 4 7 0 
7 1 77 35 59 4 5 2 
9 6 2 54 54 5 2 1 
4 7 19 79 83 7 4 3 
5 0 66 62 50 2 9 7 
1 6 92 66 15 0 0 1 
5 0 23 10 68 9 6 6 
3 6 2 58 49 0 6 8 
5 2 22 47 72 1 9 1 
6 3 43 81 46 6 9 3 
7 8 50 47 41 7 9 9 
3 4 0 52 51 7 9 4 
8 0 36 41 60 0 6 3 
6 5 17 13 38 1 8 3 
2 9 43 13 33 9 0 4 
7 9 21 62 64 9 9 2 
2 0 36 57 39 7 8 5 
8 8 24 45 53 8 7 3 
4 6 37 21 61 0 9 9 
3 5 21 34 42 8 6 5 
9 2 17 43 56 9 9 9 
2 4 35 68 50 4 1 0 
1 0 11 29 66 5 8 5 
3 4 11 56 75 7 8 5 
4 7 37 50 0 8 4 6 
4 5 15 52 46 6 6 9 
5 8 35 42 11 1 5 9 
6 5 42 70 37 4 8 6 
0 9 50 57 64 4 9 0 
3 4 35 56 59 8 3 7 
2 9 6 36 66 4 8 3 
2 8 13 76 67 7 8 3 
0 2 35 28 64 3 5 6 
5 7 9 0 80 0 4 7 
4 8 15 50 36 8 3 9 
8 9 29 74 39 1 6 6 
1 8 2 51 86 7 6 8 
2 8 35 86 51 3 3 0 
3 6 9 42 65 5 4 5 
7 2 21 39 27 6 1 2 
7 8 59 37 54 1 3 7 
5 6 35 56 43 9 0 7 
4 3 7 44 46 6 2 9 
1 8 44 67 69 6 8 0 
1 5 26 55 58 9 1 1 
5 1 26 65 58 4 5 6 
1 9 32 57 91 9 6 0 
7 9 32 64 69 9 5 5 
6 6 24 47 71 6 4 0 
1 5 21 47 15 6 9 5 
3 6 12 43 48 8 8 7 
5 7 38 55 69 4 7 9 
8 4 0 55 59 9 6 0 
6 8 9 35 50 9 0 8 
5 8 38 43 55 3 1 5 
5 3 29 53 75 5 3 3 
2 4 27 74 68 1 3 5 
0 0 28 32 50 6 4 6 
0 4 0 45 63 0 5 5 
2 5 13 51 27 1 3 5 
7 6 48 56 15 5 9 2 
6 9 28 50 34 5 1 7 
2 3 60 44 40 3 2 8 
7 8 13 34 13 1 2 8 
3 1 1 99 70 9 8 1 
6 3 45 39 52 7 3 6 
8 1 45 41 41 1 8 5 
6 4 15 70 36 2 8 5 
8 5 16 85 38 2 2 9 
4 4 73 88 43 0 3 3 
6 8 28 47 70 3 6 0 
1 8 31 33 28 5 6 8 
7 9 33 61 54 7 4 7 
9 2 26 46 50 0 9 2 
0 6 12 45 42 3 6 0 
3 6 0 59 27 5 8 1 
8 0 41 62 33 4 0 6 
3 3 35 32 67 1 9 9 
2 3 20 35 68 7 2 7 
2 1 54 36 15 3 1 3 
5 3 0 17 77 1 1 2 
0 7 1 24 33 4 1 7 
7 0 0 55 47 4 2 3 
1 0 63 42 60 2 6 5 
8 1 17 51 12 4 5 4 
4 2 0 50 80 7 0 0 
8 8 0 107 54 9 4 1 
7 4 24 55 28 2 1 1 
1 0 0 43 38 3 8 1 
4 2 34 55 42 5 4 3 
4 7 43 44 70 2 4 5 
2 5 71 61 74 4 2 5 
1 2 48 49 39 6 5 3 
8 6 2 58 56 8 6 2 
3 7 41 11 49 6 6 0 
3 1 71 24 62 5 1 3 
9 1 78 50 46 4 8 4 
2 7 35 13 91 9 2 7 
1 7 27 45 48 6 2 5 
5 4 27 26 67 0 3 7 
9 1 10 16 34 0 5 9 
3 5 59 46 32 4 0 7 
9 5 8 21 64 9 1 5 
8 2 2 44 59 0 8 8 
1 6 34 71 68 8 3 8 
4 5 55 71 70 4 4 2 
9 5 66 45 46 1 9 1 
3 6 53 48 71 8 1 5 
2 5 29 62 71 4 6 0 
5 3 59 74 45 9 7 6 
2 3 31 52 58 1 0 3 
1 8 30 52 42 5 7 0 
9 4 18 55 26 3 6 3 
1 7 14 66 62 0 9 7 
7 4 39 32 32 1 7 8 
5 4 31 42 28 5 0 5 
7 6 18 50 36 5 6 2 
0 6 23 50 45 5 3 5 
8 4 25 39 43 7 8 3 
5 6 27 60 14 2 4 0 
9 5 47 91 77 1 3 4 
2 1 33 33 75 0 4 9 
9 2 63 40 43 9 4 9 
7 5 10 64 29 8 6 6 
4 4 19 29 61 2 2 7 
8 5 23 56 37 8 6 3 
0 5 63 60 56 1 0 5 
4 7 0 43 52 1 6 4 
6 0 47 76 46 2 6 7 
4 3 11 43 22 8 1 9 
1 6 29 57 34 0 5 7 
2 6 35 83 48 4 3 3 
8 4 20 48 87 9 5 9 
1 3 2 67 39 0 2 9 
7 0 59 42 56 3 0 8 
3 2 16 52 66 3 5 6 
4 1 20 40 51 3 1 7 
1 7 0 29 56 6 4 6 
1 5 20 29 47 8 0 6 
1 4 0 80 48 4 0 9 
5 8 23 52 39 9 3 6 
2 7 17 18 29 9 7 5 
8 3 29 54 55 8 6 5 
9 5 70 79 34 0 1 8 
3 8 0 19 39 7 9 4 
5 6 23 57 47 5 5 3 
5 3 18 39 46 8 5 6 
8 1 8 46 67 3 0 7 
2 5 0 50 29 9 9 0 
2 5 20 47 64 5 4 9 
2 0 23 82 53 7 4 7 
6 0 38 61 60 0 1 3 
9 7 12 51 28 5 0 9 
0 4 27 60 35 3 2 0 
4 6 53 73 17 6 3 7 
9 5 5 62 55 4 9 4 
0 9 48 35 19 9 6 6 
2 7 3 41 32 3 3 6 
1 1 17 34 56 7 5 9 
9 6 6 25 65 8 2 1 
3 7 40 53 40 9 3 8 
0 9 18 51 27 1 0 6 
8 1 9 37 72 0 7 7 
8 3 32 45 24 2 7 5 
2 4 38 30 73 9 6 0 
3 3 23 66 49 6 5 6 
8 5 40 41 42 6 2 8 
3 4 28 50 54 7 7 8 
5 0 32 83 81 4 8 6 
1 3 32 67 73 3 4 5 
9 7 23 29 31 1 3 3 
1 1 15 38 25 6 3 9 
6 7 26 61 39 8 2 9 
8 5 7 62 61 9 2 4 
9 1 38 58 63 9 1 9 
7 1 34 18 26 9 6 6 
7 7 53 39 32 0 3 1 
0 6 0 52 69 8 7 7 
9 5 43 38 42 0 2 1 
3 9 110 41 67 8 5 7 
9 8 27 59 27 7 4 9 
1 3 0 40 61 2 8 1 
8 7 35 74 4 1 4 1 
8 3 30 28 56 8 2 9 
5 7 6 61 31 6 2 8 
4 0 20 53 45 8 6 3 
5 0 59 73 106 3 9 6 
1 9 21 40 65 9 3 1 
2 8 12 44 29 4 3 7 
7 7 9 68 15 3 4 1 
0 5 0 23 15 8 9 3 
9 8 25 80 18 0 9 7 
7 5 5 21 67 0 8 8 
5 6 20 56 36 8 0 8 
8 3 45 7 60 6 9 9 
8 8 41 47 58 8 3 6 
5 3 54 29 52 5 2 6 
4 4 26 59 32 1 2 7 
7 0 29 40 93 1 6 2 
1 2 39 73 43 3 4 7 
4 9 12 69 60 5 5 1 
0 6 42 56 56 5 9 9 
6 8 65 58 44 5 9 2 
6 6 26 54 31 2 4 6 
5 1 11 68 32 3 7 7 
9 2 29 64 58 6 0 8 
7 6 31 29 17 7 1 0 
3 5 36 20 72 5 2 0 
6 4 38 51 79 4 9 2 
7 5 0 16 31 8 1 0 
1 3 45 84 38 9 0 9 
9 5 32 42 74 7 0 1 
1 0 14 46 46 5 9 8 
9 1 28 52 60 4 8 0 
3 3 42 69 47 5 7 0 
1 8 48 53 52 5 7 3 
5 8 7 90 37 9 4 1 
8 0 29 43 24 1 4 0 
1 7 28 54 27 6 2 9 
2 2 15 80 58 1 1 8 
2 2 6 72 71 1 8 2 
0 2 36 29 40 8 6 8 
1 2 0 31 65 9 3 4 
6 0 60 39 40 7 3 9 
8 2 64 40 36 4 3 7 
8 7 45 59 71 9 1 4 
5 7 24 19 41 1 8 7 
4 3 25 34 76 1 3 8 
4 8 32 12 51 5 0 7 
4 8 30 72 27 2 8 1 
2 4 4 44 67 6 2 1 
8 6 29 50 57 1 3 0 
5 3 0 71 12 4 4 6 
2 7 78 28 41 3 4 6 
2 9 21 30 46 0 3 4 
0 8 44 58 58 2 6 0 
7 4 25 50 56 2 8 9 
0 7 60 45 57 8 3 6 
9 0 43 73 22 2 4 1 
7 4 0 67 52 9 8 0 
5 6 46 26 31 9 0 5 
9 7 78 68 39 3 3 3 
1 6 46 33 67 6 0 5 
3 5 0 66 52 9 7 2 
7 8 20 35 46 6 3 8 
5 8 57 33 50 9 2 2 
1 5 17 53 76 1 4 2 
9 2 32 45 59 4 6 3 
8 9 24 45 0 5 3 7 
7 8 28 35 46 7 7 0 
3 4 48 2 25 4 1 7 
2 7 21 51 49 7 5 9 
8 6 54 22 62 0 0 1 
6 0 12 47 53 8 6 5 
3 7 26 59 47 4 7 7 
7 2 74 18 72 7 3 1 
2 8 59 55 61 1 6 1 
5 7 32 42 18 0 2 9 
2 1 18 75 60 2 9 9 
9 1 74 35 40 5 6 7 
8 1 6 82 17 4 3 2 
6 2 53 39 53 4 0 2 
4 2 8 43 23 3 1 4 
7 9 6 26 85 9 9 6 
9 8 29 50 41 1 2 2 
5 2 49 62 72 0 5 9 
2 6 51 62 45 6 1 2 
3 8 38 46 28 6 7 1 
5 1 20 40 29 9 1 8 
2 0 25 51 62 6 1 6 
4 1 4 70 65 1 6 7 
1 8 51 25 17 1 7 0 
4 8 51 42 41 7 1 4 
8 6 15 59 64 5 8 0 
3 4 14 23 27 9 7 0 
4 7 35 6 66 5 1 9 
2 4 22 28 50 1 4 9 
4 3 72 64 82 8 7 6 
1 7 57 53 57 8 5 1 
6 0 32 8 52 5 2 9 
5 1 39 32 29 0 8 0 
0 2 62 58 32 9 0 6 
3 8 42 71 16 6 3 8 
6 0 22 43 40 5 3 5 
6 5 27 41 62 4 8 5 
4 4 54 72 52 5 6 5 
8 4 19 33 14 6 0 3 
0 5 56 31 39 9 3 8 
9 8 10 75 39 6 2 1 
4 8 29 48 61 7 9 9 
1 2 15 20 21 8 4 7 
6 1 24 67 27 5 0 0 
4 8 72 47 74 3 0 4 
6 8 8 3 54 3 8 3 
1 6 28 61 65 6 0 1 
8 8 44 30 42 7 5 3 
4 7 0 78 81 1 2 1 
9 8 78 42 60 6 8 6 
5 1 37 67 34 3 2 7 
9 8 32 87 47 7 2 9 
3 6 38 80 53 2 7 3 
2 1 43 53 55 6 3 7 
0 0 59 54 42 9 8 8 
7 4 68 40 26 9 5 6 
6 2 18 56 43 3 2 1 
6 5 18 17 44 1 8 1 
5 6 51 12 23 4 7 9 
4 9 13 23 44 4 6 9 
2 4 54 48 63 8 2 6 
8 3 64 50 56 1 3 4 
6 2 38 55 51 4 8 9 
1 4 0 33 46 2 2 8 
8 2 0 38 66 6 4 2 
1 7 38 58 24 3 8 7 
4 9 50 42 56 6 9 9 
3 4 21 55 40 3 2 9 
0 7 27 74 67 3 2 9 
9 4 26 45 37 7 1 6 
0 6 58 52 42 8 4 1 
9 1 3 62 70 9 1 1 
3 2 21 78 34 1 3 5 
0 6 45 42 48 7 3 9 
2 3 14 57 65 0 5 6 
1 2 28 65 11 6 5 0 
8 4 5 38 18 9 0 4 
8 5 54 32 32 4 0 3 
8 0 34 37 70 0 1 4 
3 4 31 65 49 5 7 7 
9 8 41 62 65 7 5 2 
7 9 17 13 37 7 6 7 
2 7 0 52 94 1 2 6 
1 4 45 58 17 1 1 1 
3 4 21 60 33 3 3 7 
9 4 27 32 39 7 3 8 
7 2 0 72 30 1 1 4 
3 9 20 32 38 4 0 6 
2 9 44 47 34 5 8 3 
8 3 48 50 49 2 0 6 
2 0 56 38 47 0 0 2 
1 1 36 25 57 6 6 3 
4 1 34 58 18 7 2 2 
6 6 14 36 36 8 4 8 
6 7 54 56 67 5 5 2 
4 0 31 82 56 8 7 7 
6 0 26 74 75 5 3 1 
4 8 28 20 31 1 4 0 
4 0 39 75 44 5 5 1 
3 8 36 51 76 3 4 8 
4 1 32 51 78 2 4 3 
6 1 12 40 48 4 4 6 
6 9 55 35 77 9 0 0 
0 3 50 48 64 7 6 2 
6 3 61 31 35 0 2 9 
7 8 31 19 40 0 3 3 
3 7 33 31 77 9 5 8 
4 7 0 94 40 3 9 9 
1 3 38 9 48 7 9 9 
6 9 74 53 67 0 2 8 
9 9 51 65 53 6 7 7 
0 9 51 4 58 3 6 8 
0 0 0 22 52 1 4 9 
0 0 63 48 13 4 6 0 
2 1 15 34 18 6 3 4 
7 6 5 46 57 6 0 1 
1 4 0 51 46 3 2 7 
5 4 60 44 43 8 7 6 
2 1 26 96 40 1 2 8 
0 9 55 72 53 5 4 4 
7 0 8 19 39 4 9 4 
3 4 40 57 73 2 8 1 
2 3 29 23 14 0 8 7 
4 1 50 49 50 2 4 2 
9 9 59 45 34 7 0 8 
5 9 34 53 29 7 1 2 
9 7 21 34 48 7 6 7 
7 1 51 63 17 0 3 3 
2 6 51 43 22 2 4 6 
2 0 68 73 58 4 3 4 
4 4 43 51 35 3 3 4 
7 5 44 48 50 4 6 1 
9 4 44 80 22 3 9 4 
0 4 27 22 39 0 2 9 
5 7 40 31 27 3 1 1 
7 6 19 64 8 2 2 1 
3 8 26 61 20 3 8 5 
0 6 30 56 67 0 1 3 
3 4 42 50 50 4 1 2 
1 2 45 19 3 3 6 7 
2 8 24 56 54 4 2 4 
4 5 16 68 67 5 2 8 
7 8 49 29 54 7 9 6 
7 8 33 63 39 4 6 1 
7 9 23 54 34 0 1 9 
2 8 26 39 78 2 4 2 
5 2 39 62 13 8 3 5 
6 8 18 54 48 5 2 0 
9 3 51 59 65 8 5 7 
9 0 13 71 43 0 2 7 
8 8 8 66 32 5 2 2 
6 6 35 64 39 5 5 7 
0 0 6 52 22 4 2 4 
9 7 47 88 66 0 7 3 
2 1 46 42 57 2 9 5 
0 1 34 75 66 2 2 4 
8 5 32 58 45 1 2 0 
2 5 37 50 25 3 5 8 
5 4 0 89 39 5 7 8 
7 8 29 41 31 8 5 0 
8 1 33 59 59 6 0 5 
6 5 14 46 57 0 4 5 
0 2 67 57 56 4 7 1 
6 2 13 33 26 0 2 8 
0 7 34 43 53 2 7 1 
4 9 35 40 80 4 1 3 
1 9 69 38 103 4 7 7 
5 8 18 26 42 6 4 4 
4 5 23 70 58 0 1 6 
7 0 53 56 46 6 9 5 
9 0 30 47 27 0 3 6 
4 5 19 102 26 7 8 2 
2 1 44 27 17 9 7 7 
4 1 27 58 58 2 8 5 
0 0 42 18 61 2 2 5 
0 8 71 52 87 8 8 8 
9 5 42 45 51 6 8 3 
2 8 60 59 86 6 1 2 
0 8 48 45 53 3 4 5 
3 8 27 63 12 4 2 7 
2 1 9 48 0 0 5 0 
9 0 30 55 41 4 6 7 
5 6 25 40 59 9 5 2 
7 5 16 52 22 9 8 3 
7 3 11 68 61 5 3 2 
1 9 21 12 62 3 0 3 
7 8 0 62 64 2 7 7 
2 3 29 35 66 9 4 8 
4 9 55 73 58 3 8 0 
3 9 18 87 39 2 2 9 
6 8 0 41 23 3 9 0 
7 0 16 74 85 0 4 6 
0 8 56 28 43 6 0 7 
3 2 59 15 37 0 4 8 
3 4 1 51 46 7 4 1 
4 9 27 53 53 7 2 2 
0 5 42 86 31 1 0 7 
3 7 21 56 27 0 1 9 
4 8 30 48 19 8 0 3 
6 9 22 70 19 1 7 1 
0 4 27 67 66 3 2 4 
2 4 29 31 73 9 7 8 
1 8 6 43 70 4 4 3 
1 8 41 39 55 3 5 6 
0 0 55 54 75 7 6 2 
2 5 27 48 39 5 0 0 
9 7 50 89 37 7 2 0 
9 1 14 25 53 5 0 1 
5 1 39 69 29 6 6 6 
3 9 0 91 45 1 6 4 
7 3 22 78 50 9 1 0 
9 7 20 5 46 8 9 7 
4 8 37 38 33 5 8 6 
3 2 35 44 33 9 3 8 
0 4 62 71 62 6 4 0 
5 1 23 52 56 6 6 5 
0 0 19 36 26 0 6 1 
9 2 58 48 7 5 2 9 
7 7 13 17 44 3 3 2 
5 0 25 52 52 2 4 4 
1 1 9 42 34 4 0 0 
3 4 38 28 69 3 7 7 
5 2 22 34 59 9 7 1 
7 2 47 36 54 1 6 3 
9 8 59 29 73 2 9 8 
3 0 37 56 48 3 6 1 
1 7 46 73 51 1 9 3 
0 9 6 43 82 8 0 0 
1 1 29 28 69 1 0 7 
3 1 37 75 46 4 0 5 
1 3 21 25 54 0 1 8 
9 3 23 67 36 2 3 1 
5 1 3 87 36 9 3 3 
8 6 52 92 15 4 5 1 
3 3 12 25 57 4 2 2 
4 5 58 36 74 2 3 8 
8 6 33 53 33 1 9 9 
0 5 0 69 74 8 1 0 
5 8 0 46 64 0 9 5 
6 4 38 64 29 4 1 2 
2 8 20 52 28 9 2 2 
2 5 61 48 47 4 7 1 
6 0 35 60 61 6 5 8 
1 1 39 47 0 3 5 8 
8 1 37 75 64 6 2 9 
5 6 19 50 8 5 6 5 
8 4 52 14 61 9 8 1 
6 3 40 38 10 4 8 2 
5 5 11 45 61 7 0 7 
0 6 24 87 75 5 1 6 
8 5 23 12 48 8 7 5 
3 5 23 65 44 0 0 7 
0 3 0 67 42 4 4 5 
0 1 23 6 76 6 0 2 
6 1 33 44 67 2 0 1 
0 0 53 83 46 8 7 2 
8 6 16 47 23 7 0 5 
5 5 27 69 44 7 6 2 
1 0 62 60 41 3 2 4 
3 7 47 67 55 3 2 9 
2 7 47 65 41 5 0 0 
7 3 23 40 61 8 0 6 
0 4 9 25 41 6 9 3 
7 4 55 9 44 5 0 2 
9 6 45 53 62 5 1 8 
6 1 23 43 39 4 2 7 
4 4 64 13 33 8 6 0 
2 9 42 50 53 0 9 4 
0 6 35 34 59 6 3 6 
7 5 40 62 41 4 0 9 
9 9 62 6 74 7 3 9 
2 7 38 41 28 0 1 5 
8 9 0 44 78 7 2 5 
6 2 24 43 54 9 8 7 
3 5 23 51 38 5 3 4 
7 6 23 87 69 3 9 3 
6 5 63 26 52 7 7 0 
2 9 0 67 76 7 5 7 
7 4 29 44 73 2 5 9 
3 5 22 24 53 8 2 5 
8 6 24 26 36 6 6 7 
4 6 24 77 62 7 2 4 
4 1 39 61 62 2 5 4 
1 7 25 49 59 8 3 9 
6 2 45 13 22 3 0 9 
3 9 24 70 57 1 4 6 
1 0 3 64 43 2 1 9 
0 9 9 33 46 5 9 5 
3 6 28 59 28 3 4 4 
8 9 40 39 85 4 0 6 
9 6 32 28 29 6 8 5 
5 0 43 69 10 3 1 3 
4 9 5 66 45 8 0 4 
2 9 28 76 60 1 9 3 
5 0 51 45 39 2 4 9 
4 1 18 44 47 3 9 0 
4 5 18 24 37 5 3 1 
1 3 58 31 42 3 1 3 
0 0 5 53 70 3 1 7 
0 9 7 25 61 3 5 3 
9 2 35 14 30 6 6 6 
0 6 49 33 66 7 5 0 
0 6 24 50 36 8 7 0 
2 6 18 73 87 4 8 6 
5 2 36 59 36 5 9 9 
4 6 31 60 55 3 1 7 
1 3 13 18 18 8 5 9 
5 7 13 34 1 1 0 0 
5 3 0 27 49 4 0 3 
2 3 15 71 43 9 1 3 
9 8 25 66 22 1 8 8 
2 1 0 84 33 6 1 8 
3 6 46 26 104 1 4 1 
8 1 46 53 54 3 0 7 
8 6 60 3 44 2 6 2 
1 5 33 55 54 9 5 4 
6 5 25 61 56 9 0 4 
2 5 26 29 46 3 1 2 
2 8 39 62 55 0 5 3 
0 2 36 44 56 2 7 8 
9 9 55 74 49 6 1 8 
6 4 47 54 27 2 0 4 
4 3 37 28 22 3 6 8 
8 7 33 42 19 2 9 8 
7 5 34 57 52 1 9 0 
9 5 19 47 52 6 2 4 
2 1 34 63 73 8 1 1 
6 8 12 43 51 7 2 6 
1 2 0 76 26 6 9 7 
9 5 7 35 5 8 2 2 
0 0 22 40 30 3 9 5 
3 7 4 46 73 7 1 3 
1 2 45 19 50 1 0 1 
6 7 34 75 15 2 2 5 
8 5 55 30 43 6 8 1 
9 2 37 32 56 4 1 9 
0 2 27 40 54 4 6 4 
1 0 33 29 44 0 0 8 
8 9 27 77 59 0 8 1 
5 2 0 40 52 2 3 9 
8 7 16 30 50 9 9 5 
6 4 16 43 32 7 0 1 
9 2 38 35 67 3 4 4 
0 4 37 85 62 3 2 9 
5 4 11 100 41 4 8 0 
5 0 38 66 94 7 0 1 
7 6 33 55 55 6 5 6 
9 8 45 38 24 0 3 6 
6 7 52 37 19 0 6 3 
9 2 18 55 7 6 3 1 
0 5 26 27 38 2 9 7 
4 1 56 66 85 7 8 1 
0 9 22 28 47 9 4 6 
9 3 5 66 32 8 7 1 
3 3 9 37 69 9 1 7 
4 8 61 37 59 1 8 6 
5 8 44 36 23 4 8 2 
7 0 26 24 26 7 9 1 
7 2 27 61 47 3 4 4 
7 6 12 51 49 0 3 3 
9 0 33 31 40 9 5 2 
4 5 86 40 37 6 5 1 
3 1 28 34 61 1 9 2 
8 1 0 65 26 1 1 3 
7 1 66 84 41 8 3 3 
1 7 37 42 81 2 8 1 
2 0 0 24 45 4 4 8 
5 2 9 68 59 9 7 8 
2 5 50 59 60 4 0 7 
9 7 47 32 50 8 1 6 
1 1 38 56 47 9 8 2 
3 1 8 57 60 4 9 1 
0 1 28 61 66 6 9 3 
5 8 40 36 48 3 1 6 
3 5 0 44 53 4 7 0 
1 3 22 65 51 8 7 2 
1 8 42 58 68 6 1 1 
3 0 58 29 83 5 4 9 
7 7 24 37 35 1 6 5 
6 6 50 12 59 2 3 0 
0 6 49 30 65 2 6 9 
7 5 7 65 40 4 3 8 
3 0 27 29 32 1 8 8 
4 8 34 33 51 6 1 0 
8 9 57 35 25 8 4 8 
0 8 24 73 58 7 3 6 
3 7 22 78 53 9 5 1 
8 2 49 17 45 5 9 6 
4 8 47 25 52 2 0 7 
6 9 39 34 73 2 3 4 
5 2 0 58 8 9 7 6 
5 2 71 33 63 4 8 6 
6 5 21 46 21 7 3 6 
3 3 41 25 1 4 3 4 
6 8 8 77 70 1 4 8 
0 7 17 54 20 7 1 5 
1 9 6 18 29 4 8 4 
6 7 40 47 93 8 4 3 
8 3 50 24 41 8 1 9 
3 1 22 41 42 1 6 6 
7 1 56 27 60 5 0 8 
7 4 47 17 74 7 5 4 
7 0 12 30 64 6 2 0 
2 0 0 47 44 8 9 8 
5 3 42 23 3 2 2 7 
8 9 26 42 46 8 9 5 
3 6 6 88 65 4 1 8 
2 8 0 62 57 8 8 4 
5 1 36 27 46 7 8 8 
2 0 18 67 59 1 1 9 
0 8 18 38 60 2 8 9 
4 8 36 76 60 4 1 0 
5 2 28 74 37 0 3 0 
3 7 32 20 75 2 6 9 
0 4 56 47 79 0 2 1 
6 9 7 42 40 0 5 6 
3 6 35 67 99 2 1 0 
2 9 53 49 17 1 9 8 
1 3 54 25 64 6 4 0 
7 3 11 58 37 9 8 4 
5 0 2 43 65 9 2 3 
5 1 18 70 61 0 1 6 
6 9 23 45 24 2 3 8 
5 5 33 39 43 1 9 5 
4 6 1 63 55 5 6 5 
3 1 35 49 69 3 0 4 
5 1 38 43 39 7 6 2 
5 9 34 59 19 7 2 9 
1 4 8 51 72 8 5 7 
8 1 11 39 67 2 2 3 
4 6 16 38 74 5 9 1 
3 6 61 49 69 5 1 4 
1 1 30 74 19 5 9 8 
9 9 24 39 79 0 8 7 
1 5 0 25 52 5 2 6 
6 4 24 56 60 6 7 0 
7 3 6 42 10 2 9 7 
2 8 37 34 27 0 2 8 
5 9 57 49 63 3 7 5 
3 5 21 39 57 3 2 5 
9 7 0 45 57 2 6 1 
6 5 25 32 58 5 5 5 
0 3 50 99 28 8 3 9 
8 1 12 25 72 8 2 7 
6 6 22 86 46 4 4 3 
6 9 62 55 27 1 7 5 
7 1 6 9 18 6 6 8 
5 1 24 79 7 1 7 5 
0 8 35 21 55 1 9 3 
6 4 11 65 69 1 5 9 
8 9 43 70 33 4 4 0 
9 4 34 71 18 7 7 2 
5 2 34 64 39 3 8 6 
2 2 4 44 37 4 1 3 
2 7 0 37 68 4 6 1 
0 5 11 34 42 3 9 8 
1 8 50 35 62 5 1 2 
5 3 22 62 41 5 5 9 
5 2 59 39 59 8 8 5 
1 4 41 26 71 0 4 6 
6 0 22 36 2 0 4 4 
6 2 6 50 75 1 6 3 
1 4 44 101 90 3 3 0 
4 1 63 102 38 7 5 2 
5 7 61 62 105 3 1 0 
6 3 23 72 28 5 9 2 
6 2 17 73 69 3 4 3 
8 2 37 68 63 3 8 7 
7 8 37 50 52 3 2 4 
7 4 45 88 68 6 4 8 
6 7 28 52 27 1 8 7 
3 3 42 59 31 1 6 3 
4 8 38 59 25 0 1 5 
0 0 39 21 65 3 0 1 
8 7 18 67 26 8 6 0 
9 2 5 44 23 1 4 7 
9 9 27 87 69 4 7 7 
5 3 34 27 45 2 0 4 
9 3 40 33 43 8 7 1 
1 9 36 71 57 6 0 8 
8 0 20 52 57 7 0 0 
2 7 45 36 23 1 6 0 
8 0 4 95 37 8 7 0 
3 1 86 52 57 5 2 6 
2 9 9 57 77 5 7 0 
0 0 3 54 35 3 1 9 
8 3 20 84 72 1 8 5 
1 7 50 56 84 8 2 0 
5 7 43 32 53 1 6 2 
