8 4800
1 3 26 40 79 1 8 1 
5 0 27 52 62 0 7 4 
7 4 18 31 38 9 0 5 
1 1 56 35 89 7 5 3 
8 8 38 45 40 4 8 2 
9 5 9 22 80 0 2 3 
8 5 18 76 99 6 0 8 
1 9 28 55 24 9 1 1 
8 0 34 50 55 0 1 5 
1 0 5 75 59 1 3 9 
5 8 5 63 95 6 4 0 
7 9 37 68 44 0 5 8 
8 2 0 54 59 1 6 2 
4 3 25 93 18 2 0 4 
5 3 52 43 47 9 8 9 
6 6 39 18 46 9 0 5 
9 6 46 77 39 5 6 0 
7 5 19 91 50 7 2 6 
2 1 0 58 42 8 3 7 
4 8 26 60 28 2 8 6 
9 5 32 34 53 7 6 7 
4 5 50 15 46 9 9 9 
8 8 40 27 58 7 1 2 
9 6 12 38 55 2 3 1 
8 6 52 63 49 2 2 3 
5 6 20 44 24 4 4 4 
8 8 28 80 27 1 0 1 
6 2 12 26 56 2 1 3 
3 3 10 8 14 3 5 8 
1 9 40 56 15 2 1 7 
7 7 48 42 86 6 4 4 
4 9 20 46 13 9 2 4 
1 2 17 35 46 2 4 4 
5 5 44 35 44 4 1 8 
0 0 27 50 69 1 6 8 
0 7 36 40 66 5 8 0 
9 7 57 70 43 6 3 9 
2 5 8 37 63 9 0 1 
7 3 87 85 32 7 6 8 
8 6 50 85 39 0 5 3 
5 3 2 20 64 9 7 0 
9 2 49 51 53 1 3 7 
8 0 17 0 26 7 2 9 
5 4 25 71 74 4 3 4 
4 6 45 47 45 0 5 2 
9 9 9 54 51 3 1 9 
3 0 22 61 57 4 4 3 
5 7 67 49 52 5 9 9 
2 6 28 76 28 0 5 4 
1 2 0 60 20 6 2 2 
9 1 0 19 58 6 2 7 
5 9 34 54 69 4 2 3 
5 1 0 95 38 1 4 6 
2 6 41 29 46 0 6 0 
8 9 39 49 40 1 5 6 
2 1 48 20 20 0 1 0 
3 6 0 53 56 4 3 7 
4 2 27 11 57 5 1 8 
8 1 24 75 40 5 3 3 
3 9 36 38 37 6 2 6 
4 6 66 41 53 2 7 4 
8 8 33 51 71 3 8 1 
8 4 14 24 47 0 5 1 
3 0 73 51 51 8 8 2 
7 1 43 34 45 4 3 5 
3 0 38 88 69 0 0 7 
5 9 14 55 67 8 8 6 
6 3 41 42 57 6 9 8 
8 4 35 58 29 0 1 7 
9 9 24 83 51 9 8 9 
6 3 69 31 49 7 9 1 
0 4 54 45 58 2 7 6 
7 6 0 72 59 6 3 4 
8 0 31 40 78 4 0 6 
0 1 22 48 58 3 3 2 
3 8 46 51 66 4 7 6 
6 4 42 69 51 7 5 5 
5 8 0 62 51 0 8 3 
0 1 4 20 25 6 3 6 
3 6 59 34 63 7 7 0 
9 0 46 57 65 2 0 4 
2 2 53 60 78 4 7 4 
1 5 27 9 28 8 5 3 
2 5 26 45 32 7 9 0 
2 0 45 72 82 9 8 3 
5 8 63 74 59 9 6 2 
2 2 45 53 29 6 6 0 
8 2 20 38 36 2 6 3 
0 8 0 49 18 5 3 0 
0 1 36 56 74 2 2 9 
4 7 15 27 88 3 0 6 
0 7 15 86 33 0 7 5 
5 6 36 69 74 6 0 1 
5 2 19 73 73 8 3 8 
4 3 59 47 42 8 5 2 
9 9 22 49 38 8 4 5 
1 4 15 67 79 1 1 4 
8 3 34 60 81 2 3 8 
4 7 47 44 57 2 1 7 
7 4 8 80 53 7 7 6 
4 1 34 73 5 3 1 6 
9 7 39 48 1 5 3 5 
3 3 25 43 58 0 5 9 
1 4 14 62 51 1 9 3 
4 3 20 38 62 9 1 2 
0 3 33 72 53 0 2 6 
2 8 46 35 60 3 1 6 
3 6 13 52 57 8 6 8 
6 7 67 71 50 8 7 0 
7 6 22 50 46 6 1 6 
0 4 55 38 39 8 2 0 
5 7 18 82 57 4 3 7 
8 2 25 51 17 7 6 0 
6 6 43 62 23 9 7 9 
6 9 20 45 46 7 3 6 
9 9 35 54 89 6 0 9 
0 3 58 59 60 2 6 5 
2 2 0 17 69 4 5 9 
9 1 36 29 12 4 4 1 
4 7 0 57 23 7 1 1 
8 1 33 24 30 3 1 0 
6 4 8 60 66 5 1 1 
6 1 16 23 66 1 0 8 
5 5 46 29 59 6 5 7 
4 9 74 49 36 1 0 7 
2 0 40 31 39 0 0 5 
2 1 17 10 40 1 1 3 
7 7 56 56 62 1 7 0 
2 4 20 47 44 5 0 8 
7 6 7 79 48 8 1 0 
1 6 45 0 33 3 8 5 
6 7 0 49 54 0 9 4 
4 5 57 31 82 8 0 5 
0 3 66 69 59 4 4 9 
7 6 54 31 15 9 1 5 
0 4 7 87 41 7 8 7 
1 0 1 24 67 5 6 9 
8 6 19 60 60 4 1 8 
9 6 48 66 82 5 0 7 
6 8 0 28 50 8 6 9 
7 3 51 60 74 5 8 8 
5 4 40 66 27 9 8 2 
1 4 33 85 46 9 5 1 
8 4 40 36 21 9 2 6 
1 2 17 59 62 6 0 4 
9 5 20 45 2 0 8 9 
9 7 31 42 37 3 1 7 
2 3 0 30 60 1 9 7 
0 7 0 61 50 1 3 8 
7 4 52 35 106 3 3 2 
5 1 28 85 101 1 6 6 
5 7 31 76 53 7 6 0 
3 8 41 60 50 0 2 9 
3 7 66 43 26 0 4 4 
4 0 0 57 35 5 5 0 
1 4 21 66 36 3 4 9 
1 7 6 50 46 0 9 2 
9 0 28 54 55 1 5 7 
7 6 62 45 28 4 7 9 
2 1 0 47 15 2 5 1 
9 8 51 63 64 0 1 0 
0 5 0 59 46 4 5 1 
0 1 3 54 54 0 5 7 
3 9 42 24 49 8 0 2 
2 7 64 42 57 0 4 4 
3 3 30 29 43 8 3 1 
2 5 14 58 70 8 7 7 
2 6 68 43 32 0 7 3 
9 8 31 51 70 7 9 7 
7 0 38 57 38 9 8 3 
3 9 58 68 64 0 2 7 
6 1 26 7 70 7 2 6 
3 4 29 81 40 0 9 7 
3 3 0 30 64 3 1 8 
8 1 40 35 71 2 7 8 
4 8 32 33 45 3 6 4 
6 6 16 55 19 5 6 9 
7 2 35 47 96 6 2 4 
6 8 16 32 64 1 3 4 
6 5 27 54 60 0 4 8 
9 4 36 63 46 5 6 9 
7 7 15 49 27 0 3 8 
5 4 20 27 76 9 2 1 
8 7 56 22 37 6 9 4 
7 4 31 72 86 2 0 6 
9 2 41 54 30 5 8 1 
2 4 68 69 31 2 2 7 
5 7 58 70 63 4 6 4 
3 5 58 50 28 3 9 1 
4 1 32 49 46 1 9 2 
5 1 58 39 63 2 2 8 
9 7 49 48 58 2 5 8 
8 7 11 61 57 6 1 7 
4 9 59 51 38 1 7 4 
6 6 34 82 73 6 0 2 
2 6 43 62 35 7 7 6 
4 1 45 38 40 0 5 1 
4 3 42 52 58 8 6 2 
1 4 11 45 25 3 2 4 
6 6 59 21 51 9 3 3 
2 5 35 43 20 0 1 8 
2 0 0 61 62 9 0 2 
2 2 56 40 60 5 4 3 
9 4 28 24 33 9 6 5 
4 3 59 53 26 5 4 0 
7 7 33 49 50 3 6 7 
1 3 13 23 47 0 9 8 
6 2 25 37 13 6 7 6 
2 5 38 87 41 0 9 0 
0 5 48 45 38 6 0 1 
4 1 40 80 50 1 2 3 
9 8 44 37 80 7 3 2 
6 5 51 56 44 1 3 8 
2 7 20 24 67 4 4 9 
0 9 31 37 4 5 3 0 
4 4 50 0 57 5 9 7 
8 6 33 57 23 7 2 0 
4 2 39 0 20 5 7 6 
2 1 32 81 70 0 7 4 
2 9 8 7 37 5 7 5 
4 0 46 37 36 3 9 4 
9 5 44 53 50 6 5 4 
0 7 14 45 72 1 5 3 
6 3 35 88 50 9 3 3 
3 8 100 93 58 3 2 4 
7 9 25 33 87 6 8 8 
3 4 12 63 61 2 2 3 
0 8 11 47 58 7 7 2 
6 5 77 68 42 3 5 3 
8 1 38 0 47 6 7 9 
4 2 56 62 73 7 9 8 
8 0 65 43 62 7 6 3 
6 5 44 48 62 4 3 5 
7 0 30 56 25 5 1 7 
4 1 16 67 39 8 6 8 
5 7 17 36 47 9 4 5 
9 0 29 54 15 2 4 9 
2 4 17 81 41 0 2 0 
4 9 60 51 60 6 5 5 
6 9 2 27 65 7 0 3 
9 7 56 46 49 1 4 2 
7 3 48 56 0 5 6 7 
4 3 46 61 35 3 3 6 
0 7 0 22 18 8 2 8 
8 7 29 42 0 4 6 9 
8 6 20 42 39 8 2 9 
1 5 24 40 53 7 3 0 
1 1 46 77 24 7 7 2 
2 4 0 49 36 4 8 0 
0 8 14 30 46 8 9 1 
5 0 35 65 56 5 5 3 
6 9 22 60 45 2 3 4 
6 2 87 44 49 5 8 8 
1 5 25 33 32 5 3 4 
1 2 37 57 38 9 2 8 
0 0 37 38 36 1 2 5 
0 4 0 17 46 3 3 9 
9 3 37 27 69 7 2 3 
2 6 49 29 58 4 5 7 
5 3 18 45 20 8 1 4 
5 4 36 44 108 9 5 2 
8 0 0 1 36 8 6 4 
6 9 60 70 32 8 2 5 
2 7 39 64 51 6 4 8 
2 8 32 77 19 9 9 9 
3 1 41 56 45 4 2 5 
6 2 11 49 88 5 7 5 
5 9 26 70 69 9 2 5 
6 5 36 35 55 6 3 6 
1 8 9 43 44 7 9 7 
4 8 50 76 66 0 2 6 
7 7 19 46 40 6 1 4 
9 8 37 66 67 3 6 9 
3 8 0 72 32 5 8 7 
5 7 15 25 40 3 7 8 
8 3 27 48 18 0 2 6 
8 3 36 45 64 3 9 3 
4 5 40 40 69 1 6 8 
1 0 26 27 36 0 1 2 
7 8 75 56 57 4 8 5 
5 5 0 21 73 3 6 0 
8 9 20 34 42 8 0 1 
1 5 39 59 27 8 3 8 
2 5 16 25 46 5 4 3 
5 3 30 46 48 7 7 1 
3 5 24 70 54 1 9 0 
8 0 33 46 73 8 7 0 
6 8 63 63 53 3 8 6 
3 2 57 28 74 1 5 6 
2 5 5 32 23 7 7 2 
1 7 49 66 33 1 9 2 
3 9 7 48 20 7 5 0 
0 7 49 39 32 9 0 3 
5 8 28 48 33 2 8 7 
9 0 27 63 68 5 9 6 
5 1 10 44 43 7 7 1 
6 6 31 54 70 5 5 7 
6 9 42 50 31 6 7 1 
4 9 21 60 35 3 3 3 
4 4 34 16 56 1 1 1 
4 9 0 87 46 8 2 2 
4 2 30 59 67 9 1 2 
7 8 39 48 49 2 9 9 
1 6 14 53 50 0 3 9 
5 0 0 58 45 7 0 3 
2 9 18 69 52 5 6 1 
9 3 28 20 14 7 9 4 
7 2 7 97 83 6 9 4 
5 8 64 32 21 8 2 8 
0 2 23 92 49 8 1 2 
9 1 30 52 36 9 2 5 
4 8 46 40 67 3 5 5 
2 3 49 90 27 4 2 8 
7 7 13 19 34 7 2 5 
6 3 44 54 26 5 2 8 
1 8 5 80 93 5 6 5 
9 6 57 40 59 7 1 3 
6 6 56 53 39 3 1 9 
7 1 50 49 79 3 8 6 
7 4 20 63 34 1 8 6 
9 6 42 53 61 0 8 5 
8 5 0 42 20 9 0 0 
6 7 60 40 65 8 6 2 
9 6 39 79 66 6 2 7 
7 9 9 25 44 0 5 1 
2 4 0 56 66 6 3 7 
3 8 54 51 54 4 7 9 
2 7 2 87 54 2 0 4 
2 3 5 85 25 8 2 0 
7 2 51 34 49 8 7 3 
1 6 38 39 0 0 3 2 
1 9 43 47 12 4 0 2 
8 2 30 37 42 5 7 8 
9 2 29 52 88 5 6 3 
7 1 58 34 26 6 1 2 
4 8 15 27 34 4 7 3 
5 8 3 56 48 7 6 0 
0 0 18 40 65 5 5 5 
8 2 52 48 63 0 1 8 
5 3 38 79 0 4 9 8 
4 7 35 53 66 8 9 8 
2 0 0 59 81 4 0 3 
0 5 30 89 16 8 6 6 
0 6 0 73 71 2 3 0 
1 6 36 64 51 7 8 4 
4 3 23 16 38 8 9 9 
3 2 0 31 40 2 3 4 
8 2 48 44 7 3 0 2 
6 5 21 34 56 7 5 8 
4 3 0 25 38 9 2 5 
6 5 9 15 76 6 6 6 
9 4 36 36 34 6 3 1 
6 6 53 68 70 0 1 7 
5 0 0 33 51 5 2 0 
1 1 15 62 56 5 7 6 
6 7 20 14 75 7 1 8 
8 1 61 16 110 2 4 0 
3 2 27 55 61 6 7 2 
5 7 24 58 40 8 3 4 
5 1 43 45 63 3 3 4 
7 0 12 68 77 8 8 5 
8 0 18 46 41 7 3 1 
4 3 48 16 26 3 3 4 
8 8 25 45 40 7 8 6 
9 1 21 72 26 0 7 9 
9 1 27 79 111 2 8 1 
1 4 27 51 68 3 1 4 
7 3 33 18 56 7 0 9 
1 0 50 18 68 2 3 6 
6 9 0 58 27 4 8 0 
2 2 64 45 51 3 1 4 
8 0 7 76 51 9 8 7 
3 5 31 43 56 1 1 3 
0 6 31 42 43 4 1 7 
4 5 40 40 59 0 0 3 
2 0 14 43 59 2 2 4 
1 2 44 55 46 9 8 0 
7 4 15 59 56 6 3 1 
7 4 15 61 51 3 6 5 
6 2 68 75 24 0 4 0 
7 0 15 47 71 4 0 2 
0 1 14 22 38 3 2 4 
3 7 17 71 54 0 5 7 
8 1 12 14 59 6 7 2 
7 4 37 68 51 4 5 2 
1 3 51 55 47 0 7 7 
9 4 20 81 34 3 6 3 
8 5 44 30 64 8 2 4 
9 4 13 69 20 0 0 3 
2 3 0 43 53 5 5 1 
2 1 16 84 66 8 2 7 
9 7 56 54 54 5 4 6 
5 6 54 38 86 1 4 2 
3 7 39 32 45 6 0 3 
7 9 5 43 18 4 2 4 
1 8 23 55 54 7 1 8 
9 4 3 57 45 8 1 2 
7 9 32 53 48 6 8 2 
8 8 33 58 60 0 9 6 
3 7 14 44 57 2 4 0 
1 4 23 11 30 5 2 9 
8 0 46 20 74 3 9 1 
4 5 0 37 51 8 8 6 
8 6 45 72 58 8 6 4 
1 2 29 17 62 0 5 1 
2 3 32 32 70 5 7 7 
3 2 24 44 23 8 0 7 
8 4 97 50 26 5 3 9 
9 8 15 79 59 8 0 9 
2 8 21 74 76 0 4 9 
0 0 39 73 0 0 1 2 
1 5 25 69 52 4 2 7 
8 0 47 58 39 4 6 7 
7 1 30 43 52 5 4 1 
3 3 4 27 29 3 3 5 
5 9 63 35 38 9 6 9 
6 5 43 39 47 4 6 3 
0 5 67 38 16 9 0 1 
2 3 24 16 43 6 8 3 
1 8 39 30 60 3 0 6 
3 9 33 34 61 0 4 1 
2 1 23 29 99 1 5 1 
4 4 42 40 51 4 9 7 
0 5 90 75 70 0 5 0 
6 3 25 44 41 7 3 9 
1 9 33 62 5 4 4 0 
2 1 30 52 77 8 1 6 
2 4 41 58 78 7 7 8 
2 7 44 46 51 8 6 8 
9 2 22 46 56 5 7 7 
2 6 27 18 45 8 6 1 
9 1 52 59 36 1 1 2 
2 8 26 59 58 8 3 7 
9 7 20 65 36 9 4 8 
8 3 3 56 72 3 0 2 
1 5 7 66 47 9 8 7 
7 7 1 24 65 7 1 9 
7 4 62 42 47 3 6 3 
3 8 4 63 62 8 4 5 
3 5 69 40 21 5 0 1 
0 9 40 56 50 1 9 5 
4 6 0 50 42 1 3 6 
2 5 49 54 82 3 1 6 
9 3 10 43 60 4 7 8 
9 8 56 46 41 2 9 4 
1 2 4 37 25 5 2 0 
5 5 24 68 26 0 4 6 
4 9 34 70 49 8 1 6 
3 7 47 62 64 3 0 6 
5 8 40 58 45 3 7 7 
2 6 36 35 28 8 5 2 
8 8 4 43 51 9 2 3 
9 3 57 29 39 4 0 3 
4 0 48 92 13 8 8 9 
0 7 50 27 64 9 7 5 
4 6 29 56 83 3 0 4 
5 3 16 80 26 3 3 3 
2 4 64 60 26 0 6 7 
8 0 45 38 48 6 9 8 
2 4 14 56 43 6 9 4 
8 6 18 21 41 3 3 2 
9 7 26 72 67 7 8 3 
3 9 46 51 59 8 5 3 
7 5 22 30 55 1 1 6 
6 1 38 10 54 7 1 5 
6 3 0 0 48 6 7 5 
4 2 48 65 32 1 6 1 
8 7 0 34 32 2 1 6 
6 8 53 75 88 9 8 3 
5 2 58 45 15 5 1 0 
8 6 41 59 43 8 4 9 
6 5 29 12 77 0 5 1 
3 8 19 45 55 3 6 2 
9 6 33 39 43 6 1 2 
7 2 44 85 89 4 5 5 
0 7 31 23 63 9 4 2 
3 5 44 99 45 9 5 9 
4 2 35 78 67 9 0 9 
0 5 49 49 98 0 7 5 
2 6 48 29 78 2 7 3 
3 1 19 65 50 8 2 0 
3 5 19 58 58 3 6 2 
7 9 65 97 65 5 3 5 
9 9 3 67 61 2 9 3 
9 4 20 32 38 9 1 0 
8 8 13 85 38 3 0 9 
6 4 31 70 42 9 0 2 
6 7 0 35 60 8 1 8 
9 1 34 47 57 1 8 3 
9 6 18 43 75 9 8 5 
7 4 15 26 51 0 7 6 
3 8 40 59 24 4 3 2 
3 6 32 39 11 0 7 8 
5 9 5 29 25 6 7 8 
7 6 46 44 69 6 2 7 
8 1 27 30 53 7 1 1 
6 7 58 68 13 7 1 5 
1 5 12 75 83 3 4 6 
7 6 60 39 57 0 5 5 
3 2 7 59 45 1 9 4 
3 2 32 59 41 0 1 9 
7 4 43 52 29 4 6 2 
0 6 22 23 47 0 6 5 
6 5 1 55 35 1 5 4 
2 7 73 60 41 0 4 0 
9 9 0 48 44 0 8 0 
1 1 39 22 44 9 1 4 
1 6 16 0 78 1 2 7 
9 6 28 45 36 3 8 8 
5 4 4 57 97 1 4 8 
4 0 69 33 36 4 8 7 
7 3 33 33 71 8 1 0 
7 4 21 37 37 3 4 3 
1 3 41 37 55 5 7 0 
7 0 63 62 34 0 2 3 
8 9 76 70 76 1 2 1 
9 2 29 44 9 7 7 0 
7 6 33 43 45 7 3 9 
9 7 42 61 38 9 9 4 
2 9 13 30 48 9 6 5 
0 7 24 56 35 2 9 3 
8 8 22 73 66 7 9 6 
0 7 13 25 38 7 3 4 
0 4 23 72 66 1 7 2 
9 2 16 54 69 7 5 8 
9 5 50 28 81 6 3 5 
8 9 39 46 41 8 8 9 
9 4 50 98 61 7 1 6 
6 8 11 71 43 3 2 9 
9 2 41 55 38 0 1 1 
2 4 41 44 57 7 4 8 
4 6 21 52 79 0 4 3 
6 0 35 71 72 4 8 8 
1 6 26 0 46 0 0 2 
6 6 28 47 55 9 0 9 
9 1 33 48 66 4 6 5 
2 5 20 64 66 3 3 6 
2 5 61 71 46 8 4 3 
3 8 29 24 49 6 6 1 
1 4 47 25 25 8 2 7 
1 9 5 37 25 3 7 2 
2 6 26 52 41 0 3 3 
5 4 36 65 37 4 4 4 
7 3 31 25 88 7 0 3 
8 2 32 57 36 0 0 6 
7 0 31 61 68 5 0 8 
7 9 64 61 33 0 5 9 
7 7 39 43 49 5 0 2 
1 8 31 44 57 0 3 2 
7 9 48 75 41 5 3 6 
1 5 21 42 38 1 1 2 
2 8 0 56 27 6 3 0 
6 4 31 38 21 0 3 4 
9 8 37 88 100 1 1 6 
1 1 9 51 46 8 2 3 
8 7 12 33 60 4 4 6 
1 4 24 47 79 6 4 7 
4 4 57 19 12 5 8 7 
5 9 25 62 33 8 4 8 
3 5 17 23 45 7 5 6 
0 8 21 38 36 1 2 6 
3 2 60 56 49 1 2 5 
4 8 41 39 33 6 4 7 
3 2 18 75 68 4 7 8 
4 9 23 55 43 8 2 8 
8 1 53 37 37 1 9 6 
8 7 7 70 27 7 4 4 
4 6 17 66 23 9 4 3 
3 7 32 34 62 2 1 2 
1 5 59 63 37 0 0 8 
4 2 55 20 30 7 7 5 
9 6 32 47 53 9 4 6 
9 2 3 40 59 5 3 1 
0 4 52 64 37 7 8 2 
0 4 40 83 57 9 4 8 
7 3 11 51 47 8 5 6 
0 4 28 30 96 6 7 7 
2 5 27 40 54 3 7 2 
2 5 31 19 52 3 8 3 
0 4 5 51 31 1 9 1 
5 0 25 61 30 0 8 4 
1 2 38 31 72 4 6 7 
3 5 59 61 28 0 1 1 
3 0 10 70 34 5 7 5 
1 6 43 27 61 0 6 8 
5 5 6 70 71 4 2 6 
0 1 95 40 33 9 4 4 
6 4 0 67 50 6 6 6 
3 4 7 76 35 1 6 0 
4 1 43 17 51 2 9 3 
9 3 14 36 47 7 9 3 
4 3 0 3 34 8 6 1 
4 4 45 76 45 4 1 5 
5 0 16 35 71 0 5 5 
3 6 37 56 41 7 5 3 
1 6 14 26 61 2 9 7 
8 9 21 76 59 8 0 7 
9 4 20 68 37 2 9 9 
7 4 54 64 52 3 5 8 
8 5 15 55 43 7 7 5 
7 6 76 83 41 1 9 4 
6 9 32 80 44 6 9 7 
5 3 21 48 41 7 0 7 
3 0 20 75 56 0 4 8 
8 9 8 32 30 6 9 4 
2 5 29 18 15 8 4 2 
9 2 4 18 56 5 7 7 
8 8 32 42 97 5 4 9 
5 1 45 34 35 7 9 5 
2 3 43 37 81 8 4 3 
8 0 70 135 24 9 0 1 
4 9 35 96 48 2 8 2 
7 2 16 67 41 3 2 9 
5 0 4 57 28 3 2 8 
6 3 0 80 40 6 5 1 
7 7 55 85 10 9 6 2 
3 5 19 27 22 8 3 1 
6 2 15 0 33 9 1 6 
8 8 37 68 39 5 4 2 
4 5 27 28 9 3 9 2 
3 3 34 16 64 2 3 6 
7 5 46 74 99 6 8 6 
3 9 20 70 57 2 7 6 
5 9 33 45 71 6 2 2 
6 4 0 41 45 8 8 9 
5 3 27 29 22 7 5 9 
8 8 42 30 55 5 9 0 
8 8 0 56 12 6 0 3 
6 0 33 40 19 5 0 2 
8 8 69 39 57 2 3 0 
1 3 13 48 57 1 8 6 
4 1 27 73 62 8 9 7 
6 3 28 72 18 8 5 5 
0 1 55 20 40 4 9 5 
2 4 52 32 92 2 5 5 
2 5 5 21 38 5 6 1 
2 9 15 14 41 8 4 3 
5 6 41 56 81 8 4 5 
1 7 12 42 51 6 7 3 
8 7 58 33 63 4 9 7 
3 4 43 69 45 4 3 0 
7 4 49 84 48 5 9 1 
1 8 29 44 69 1 3 7 
5 3 17 66 37 6 1 9 
8 1 0 55 77 6 3 9 
8 1 14 61 54 8 1 8 
4 1 15 61 36 7 9 6 
7 3 15 23 55 5 8 1 
0 7 37 49 57 2 1 8 
5 6 46 56 61 1 5 2 
5 9 6 19 45 2 1 3 
3 6 28 37 63 1 5 6 
3 4 0 81 40 7 5 6 
3 4 33 92 81 7 8 4 
3 0 21 58 59 5 6 1 
1 9 12 63 75 4 9 2 
6 7 18 36 34 8 1 7 
0 8 36 13 40 7 5 3 
7 7 0 70 68 7 1 2 
8 5 54 52 47 9 5 8 
1 7 50 60 45 4 7 1 
7 2 44 65 32 6 3 4 
4 1 54 47 54 4 1 9 
1 8 16 20 55 9 5 0 
5 9 27 64 82 7 0 5 
5 7 10 13 38 6 6 5 
0 6 13 68 15 5 4 0 
5 2 61 44 32 0 2 0 
5 5 10 52 5 0 0 1 
1 6 7 46 49 8 8 9 
9 1 37 65 21 3 3 6 
2 9 54 44 60 5 4 7 
4 4 10 33 54 0 6 0 
9 5 8 49 42 4 8 4 
5 4 45 34 54 7 4 2 
7 9 27 45 59 9 2 5 
3 0 42 37 43 8 7 8 
4 9 66 53 68 6 2 7 
5 9 22 54 64 1 8 8 
3 7 0 58 65 0 6 9 
1 9 5 67 36 2 3 4 
7 7 33 47 33 6 2 6 
3 1 30 35 53 8 8 5 
1 6 10 55 6 7 6 8 
9 5 63 14 83 1 9 2 
4 8 17 71 69 9 7 8 
1 8 42 35 23 7 9 1 
0 8 1 29 21 4 9 7 
3 0 51 55 38 5 3 6 
8 8 13 45 72 6 5 8 
6 5 50 23 47 9 2 3 
3 4 42 65 54 5 3 0 
6 3 35 79 0 9 0 0 
7 1 33 38 85 4 8 4 
3 6 31 50 52 9 9 8 
6 2 20 53 53 3 2 7 
9 1 34 29 31 0 4 1 
0 1 0 53 27 7 0 2 
9 5 28 20 31 5 5 8 
9 1 44 62 59 9 1 0 
7 3 55 39 27 8 8 4 
6 8 16 54 42 8 3 5 
1 3 21 66 49 7 9 9 
0 9 5 118 55 2 1 6 
1 6 29 42 13 8 8 1 
8 9 35 60 44 3 0 1 
4 9 42 38 50 9 9 2 
3 9 22 39 56 2 8 1 
3 3 3 26 47 1 9 6 
8 5 15 40 23 9 3 0 
9 4 19 34 75 6 2 1 
0 5 48 85 51 0 8 5 
4 5 33 38 47 8 8 9 
2 4 18 50 81 9 8 2 
0 2 33 17 77 3 0 0 
2 9 20 42 56 7 8 5 
2 7 28 63 53 6 3 6 
1 5 63 40 78 3 8 1 
7 8 48 52 62 4 7 0 
1 4 70 51 53 0 8 9 
9 2 43 56 55 7 6 3 
8 3 37 53 6 8 0 4 
0 1 12 61 30 4 6 4 
1 3 52 30 66 0 5 6 
6 0 12 56 69 9 8 6 
6 3 16 56 17 1 6 2 
5 4 15 46 46 6 0 2 
5 7 65 51 59 5 6 1 
8 6 17 35 68 7 4 2 
3 1 8 50 24 5 9 2 
1 7 51 59 82 5 0 8 
1 0 43 43 101 1 6 7 
1 9 27 42 33 7 5 5 
1 4 37 49 32 5 8 2 
4 5 35 30 31 5 2 1 
8 2 46 0 33 7 2 8 
5 8 20 58 63 5 3 4 
3 2 9 59 50 8 2 1 
4 1 48 38 59 1 7 8 
5 0 32 50 39 9 8 3 
1 3 67 65 53 3 7 5 
3 8 39 43 54 2 6 5 
6 4 8 66 52 1 2 5 
9 8 4 48 17 1 7 6 
2 0 51 82 35 5 4 9 
7 5 26 48 15 9 6 4 
1 7 50 32 51 2 6 2 
3 6 50 43 42 7 1 0 
9 8 31 60 10 2 2 6 
3 7 8 9 48 0 9 0 
1 4 25 50 61 3 8 5 
6 0 39 45 71 1 4 5 
2 4 21 38 65 1 8 0 
4 0 15 60 63 7 5 3 
7 4 0 81 7 9 6 4 
4 7 23 25 41 0 6 6 
2 0 32 12 89 4 3 8 
8 4 30 36 49 5 5 3 
0 8 43 73 50 3 8 9 
4 9 15 94 58 3 0 7 
2 9 22 17 55 3 4 8 
9 8 43 57 65 6 7 8 
5 3 13 64 23 9 9 8 
4 5 34 33 36 7 7 9 
3 9 22 47 35 7 7 9 
7 1 38 51 29 9 3 5 
8 7 37 23 89 2 3 3 
4 6 19 40 52 8 4 2 
4 3 27 71 44 8 3 0 
2 7 0 64 26 2 0 0 
2 3 29 58 26 5 7 9 
9 8 43 85 42 7 6 5 
9 6 21 61 30 1 3 0 
6 7 61 80 24 9 9 0 
2 7 31 40 39 4 2 0 
0 4 81 40 84 3 3 8 
5 7 52 47 10 4 0 7 
6 0 26 67 52 9 8 0 
9 4 0 22 18 0 4 4 
7 8 13 21 17 3 0 8 
2 6 8 34 68 3 7 3 
2 0 0 46 40 6 7 8 
3 3 45 59 40 5 1 8 
7 2 41 69 19 7 7 3 
9 8 32 33 48 0 7 0 
0 5 5 40 38 9 5 9 
8 4 24 30 53 0 6 8 
1 9 42 82 81 9 6 2 
2 0 50 49 45 8 8 9 
7 6 0 70 91 8 3 7 
4 2 18 16 29 4 7 9 
6 0 54 53 41 1 6 0 
2 5 31 75 117 3 7 5 
8 1 0 53 55 8 7 9 
7 5 29 62 29 4 4 1 
7 0 38 40 32 1 6 1 
3 4 18 92 17 6 2 6 
8 9 30 46 77 6 3 0 
6 8 11 53 83 5 7 1 
4 0 50 58 91 9 6 3 
9 3 31 20 62 1 4 5 
2 5 41 79 35 9 4 1 
8 0 19 24 40 5 7 7 
9 5 52 71 10 2 8 5 
5 4 3 19 53 1 5 0 
2 0 11 50 27 7 0 3 
2 8 57 54 48 5 6 8 
0 6 5 76 60 5 6 1 
2 3 9 70 56 5 0 5 
1 4 60 50 42 5 2 8 
0 8 20 36 54 1 4 8 
8 3 42 36 33 5 4 3 
2 2 0 49 59 7 6 9 
9 7 0 14 30 8 0 1 
1 0 58 50 72 5 2 9 
4 0 9 79 40 8 9 2 
0 9 16 70 29 9 7 9 
0 9 17 46 8 1 3 2 
9 2 40 30 53 9 6 0 
7 6 0 51 79 7 7 7 
3 5 0 30 48 1 7 6 
5 5 37 45 81 7 6 3 
0 0 28 113 78 2 2 2 
7 5 41 55 56 7 1 2 
3 0 51 37 48 7 8 2 
5 9 34 54 43 2 3 1 
2 1 33 53 46 4 1 9 
5 1 51 72 14 6 9 9 
1 0 47 59 13 0 9 9 
0 6 12 42 69 6 5 3 
2 3 57 57 30 7 3 4 
2 2 32 33 66 2 1 6 
7 3 15 20 43 2 6 9 
0 9 29 2 54 2 1 2 
5 1 40 67 41 6 8 9 
2 2 32 50 22 6 4 8 
3 2 27 72 52 8 3 8 
2 6 42 67 30 1 8 1 
9 5 54 41 71 2 0 9 
2 8 7 12 33 9 0 9 
0 1 26 55 53 8 7 5 
4 9 30 59 114 8 5 5 
3 3 30 21 79 8 4 7 
0 0 36 60 41 3 8 6 
8 7 41 18 66 4 4 0 
8 9 12 42 58 3 8 5 
6 1 26 51 51 7 9 6 
0 4 10 38 63 9 0 5 
9 2 9 14 56 5 8 0 
6 7 24 69 50 7 6 6 
3 3 37 63 21 7 4 3 
5 8 31 0 65 3 3 8 
3 2 33 66 66 2 4 9 
0 4 1 47 78 3 3 0 
0 6 49 42 64 2 5 7 
9 7 13 42 48 3 4 3 
0 2 26 26 79 6 3 0 
4 8 37 51 62 0 3 7 
4 2 25 77 15 8 8 9 
7 3 37 68 61 7 8 0 
5 3 14 34 71 7 9 7 
1 5 22 51 63 0 8 6 
0 8 23 69 86 6 8 4 
3 7 6 50 94 2 2 6 
6 7 6 67 55 8 5 6 
4 0 50 60 38 7 6 6 
6 2 31 25 59 8 3 5 
0 1 34 78 30 0 9 3 
6 0 43 53 59 4 5 7 
0 4 9 41 22 1 0 4 
6 9 32 22 26 9 3 2 
0 8 9 28 39 3 3 8 
7 7 55 39 35 8 8 5 
0 9 40 18 52 7 3 0 
0 9 57 72 46 3 2 4 
1 8 41 40 62 7 7 9 
2 0 39 113 37 2 4 8 
4 9 23 63 66 4 7 8 
3 7 55 39 99 1 2 9 
0 4 12 64 49 4 1 4 
1 6 10 44 51 2 1 3 
2 7 71 103 61 4 1 5 
6 0 24 33 50 8 4 5 
7 8 38 65 61 8 2 1 
0 7 21 65 37 7 6 6 
9 5 22 33 40 3 9 9 
7 5 0 63 17 9 0 9 
3 8 76 28 50 6 9 6 
5 8 26 47 57 7 7 9 
8 6 50 84 0 6 4 1 
1 8 69 64 41 1 2 3 
8 5 29 84 37 0 8 4 
9 9 27 13 51 0 1 9 
7 9 33 62 41 6 6 4 
0 1 25 48 30 7 3 8 
8 3 58 64 63 0 8 6 
3 6 43 8 56 6 6 9 
6 4 27 46 53 4 0 0 
3 2 27 57 66 4 7 9 
0 4 37 70 43 6 3 2 
4 1 34 25 69 7 1 4 
6 3 25 54 31 6 1 5 
3 0 46 15 26 7 0 5 
6 4 33 15 67 5 5 9 
6 5 11 52 59 3 0 6 
7 8 61 59 42 3 8 7 
0 9 41 47 63 4 8 4 
1 9 24 35 42 5 2 3 
4 8 6 39 62 4 7 7 
9 7 18 21 52 8 9 7 
2 7 35 65 22 8 0 7 
2 2 23 58 85 6 7 8 
2 9 0 66 28 9 8 8 
9 9 18 55 59 5 6 2 
0 9 77 64 33 9 5 8 
4 5 74 3 90 4 4 7 
9 4 46 58 60 1 5 8 
7 7 57 19 54 8 9 0 
1 2 37 64 35 9 4 7 
0 1 20 41 48 6 1 7 
9 3 34 64 14 2 5 7 
7 6 41 47 55 4 0 4 
3 5 0 23 54 7 5 7 
6 3 29 41 35 5 4 8 
1 9 50 52 69 4 1 1 
5 7 44 67 36 6 9 0 
5 1 49 37 16 7 3 6 
2 1 26 63 57 3 6 0 
5 8 21 49 45 3 0 4 
0 3 28 21 13 4 3 3 
1 8 7 36 27 6 6 5 
4 7 25 36 43 9 6 9 
0 8 0 61 71 6 7 6 
3 4 49 65 76 6 3 4 
1 1 59 78 62 3 5 0 
9 8 34 38 50 9 8 4 
8 2 21 35 28 2 1 4 
6 8 23 20 55 0 8 7 
1 9 45 70 70 5 6 5 
5 9 24 32 70 1 5 8 
9 7 60 57 61 3 6 3 
1 3 61 58 59 2 3 1 
3 0 12 76 31 1 8 0 
3 7 37 53 22 7 6 8 
5 5 63 53 63 7 7 2 
3 3 29 30 80 8 9 6 
8 6 47 74 57 5 2 1 
4 1 34 69 30 2 6 6 
3 6 22 53 67 3 2 2 
5 8 93 78 35 3 9 1 
8 5 0 39 39 4 5 8 
8 6 25 29 44 8 7 7 
0 5 34 102 29 1 5 0 
5 3 52 49 48 2 6 6 
2 4 26 54 77 5 0 5 
1 7 11 31 49 4 2 1 
8 5 28 53 47 1 8 2 
1 2 5 32 88 6 1 7 
4 7 40 28 44 9 4 0 
8 3 0 59 55 9 6 6 
3 8 4 68 25 4 0 0 
8 3 59 68 71 8 7 8 
8 7 29 35 61 1 0 6 
0 4 39 65 30 4 6 6 
6 3 29 64 36 2 2 8 
5 4 42 54 78 1 9 4 
0 2 22 59 58 4 8 3 
0 2 0 43 36 9 6 4 
2 1 30 74 33 1 4 3 
9 8 39 68 72 5 9 8 
0 7 19 5 80 7 7 2 
3 0 31 19 52 5 8 1 
9 3 17 49 72 5 2 2 
0 1 54 44 71 9 7 1 
0 1 0 52 79 2 9 8 
6 2 54 43 53 1 6 1 
8 6 31 40 47 3 1 8 
4 1 23 61 57 7 2 6 
8 3 4 67 51 5 1 2 
7 0 14 65 50 3 6 5 
8 8 20 42 15 4 1 8 
9 9 26 43 51 7 2 4 
0 5 49 21 22 3 4 7 
6 9 62 38 35 7 5 4 
4 4 54 46 45 3 9 0 
5 6 31 82 56 7 7 1 
7 9 16 35 58 2 3 8 
7 6 32 93 46 3 1 0 
7 1 23 89 16 5 8 7 
6 7 15 37 32 1 7 3 
9 1 33 59 24 0 8 4 
8 1 0 72 52 7 4 9 
9 4 28 34 24 2 4 3 
8 6 27 36 49 0 1 4 
3 5 37 40 67 7 4 3 
2 4 27 95 50 1 7 5 
1 3 14 19 50 5 7 0 
3 3 20 53 77 1 2 2 
1 9 30 103 19 5 9 8 
7 7 11 50 45 2 7 2 
0 2 36 47 54 0 5 2 
8 5 33 57 16 2 0 6 
0 6 7 33 32 4 6 3 
2 9 22 47 5 9 8 9 
7 5 0 19 36 4 5 7 
1 5 23 45 71 4 9 0 
2 2 46 30 61 3 7 4 
8 4 25 15 34 8 2 4 
7 9 16 42 60 9 2 8 
1 4 36 25 39 3 2 6 
7 7 34 72 28 9 4 6 
8 4 53 32 24 4 1 8 
4 8 15 19 55 5 6 2 
8 5 2 54 68 6 1 0 
4 0 53 48 73 1 7 2 
4 3 14 18 52 8 7 8 
2 1 38 68 38 0 0 4 
3 6 3 35 37 4 2 1 
6 5 16 49 31 1 8 7 
9 7 35 7 64 7 9 7 
2 0 38 60 36 8 0 8 
4 2 10 56 68 0 2 7 
2 5 38 64 58 9 1 8 
6 9 17 69 98 2 2 8 
9 8 21 51 18 3 2 2 
0 4 0 57 48 5 1 9 
0 7 23 34 34 1 1 6 
4 8 1 75 56 5 5 5 
4 4 26 88 13 5 1 3 
5 1 11 50 35 6 2 6 
1 8 38 65 41 1 0 3 
4 6 0 32 29 0 8 8 
8 0 26 58 17 5 1 0 
8 6 51 75 57 3 0 3 
4 4 3 51 54 2 3 0 
5 9 35 39 24 9 5 4 
7 7 0 28 47 3 3 7 
4 1 49 65 80 0 6 0 
2 6 57 25 77 5 4 3 
5 8 6 85 69 6 6 1 
0 4 21 48 50 1 4 3 
1 6 10 69 56 8 9 6 
3 7 29 44 63 7 3 3 
5 8 46 8 41 5 6 9 
0 8 44 59 101 6 1 7 
9 2 54 47 49 1 8 7 
7 1 43 6 48 3 1 6 
5 9 61 0 54 0 6 2 
3 0 14 52 75 3 7 9 
3 2 4 24 25 6 3 7 
5 8 43 55 58 5 6 0 
3 7 56 45 35 3 2 7 
9 8 0 69 76 6 9 4 
3 9 28 62 35 6 1 4 
8 3 21 36 17 0 8 7 
1 2 36 26 65 8 5 9 
4 3 12 74 75 4 1 4 
4 2 49 68 27 1 6 6 
4 4 20 12 73 7 3 7 
4 1 35 55 24 1 2 4 
0 6 56 32 32 4 6 7 
9 4 14 61 0 1 2 1 
5 8 50 92 22 8 7 6 
6 7 27 27 56 7 5 9 
2 9 9 49 47 9 9 4 
7 7 50 14 40 1 6 6 
1 7 73 60 41 4 5 5 
8 4 24 66 27 2 7 5 
0 4 9 47 68 3 1 4 
4 9 33 73 43 9 3 1 
9 6 17 57 61 6 1 9 
0 3 44 45 48 8 8 0 
5 4 19 31 2 3 4 5 
4 8 18 48 52 9 0 0 
5 5 15 59 8 5 9 2 
9 2 27 33 83 1 5 0 
0 9 59 34 31 3 1 8 
1 0 58 24 72 5 8 2 
0 1 30 13 34 8 7 2 
9 2 30 85 39 6 2 5 
3 6 47 52 44 8 7 8 
8 9 14 80 85 8 4 6 
0 3 76 57 67 5 1 6 
1 7 25 104 48 0 4 7 
0 5 14 48 27 4 1 6 
9 6 21 54 61 5 8 7 
1 4 18 64 75 9 9 0 
0 2 58 45 55 4 0 2 
8 8 25 77 63 0 2 0 
9 4 20 39 34 6 3 6 
6 7 0 36 46 8 0 0 
4 3 41 34 44 7 9 8 
4 2 36 64 74 0 1 0 
0 9 21 35 25 3 7 9 
5 1 42 49 63 3 3 0 
5 9 37 56 45 5 6 3 
9 3 23 44 63 1 5 4 
2 9 21 23 60 4 1 0 
8 3 46 62 56 2 9 3 
7 3 18 44 8 2 0 7 
6 4 27 51 35 4 1 4 
8 9 27 80 54 6 6 8 
9 5 31 69 43 2 1 2 
0 4 0 42 89 8 9 4 
2 0 16 39 66 4 2 6 
4 3 38 55 39 5 8 8 
3 3 58 37 63 8 0 2 
7 7 44 55 45 0 8 7 
2 4 21 40 28 6 4 5 
8 9 0 49 83 5 1 5 
8 3 0 47 76 1 5 9 
2 9 52 64 48 1 6 5 
9 6 14 108 38 6 5 9 
4 4 15 59 33 6 9 9 
4 2 39 59 69 1 6 3 
2 0 5 24 59 3 3 6 
8 0 0 44 74 4 9 8 
2 2 42 6 68 4 2 9 
2 9 64 68 40 3 4 9 
6 7 38 57 47 1 2 8 
0 6 0 89 75 0 1 0 
9 2 37 75 57 1 2 1 
8 3 28 58 40 9 2 1 
8 4 14 34 51 2 3 7 
8 4 38 78 60 0 3 3 
7 3 57 79 85 2 4 4 
3 5 23 59 72 3 5 9 
2 9 32 80 47 9 1 5 
2 9 18 39 58 2 5 1 
4 9 23 21 61 0 2 9 
4 8 38 75 72 4 8 2 
7 4 31 31 72 6 6 6 
9 7 38 24 18 6 5 8 
1 9 31 37 37 4 7 0 
0 1 20 29 28 9 8 5 
6 6 40 78 50 7 2 6 
3 6 12 43 37 1 7 9 
0 9 18 71 45 7 1 2 
0 6 36 73 41 8 7 9 
4 0 12 77 23 7 9 0 
8 7 49 67 20 7 1 2 
8 3 31 44 67 2 4 3 
3 0 0 71 64 4 3 4 
0 9 37 37 53 1 1 1 
8 9 15 33 72 2 4 7 
0 3 52 63 78 1 3 3 
7 0 48 39 14 3 0 2 
1 0 23 38 60 5 1 5 
3 3 39 41 36 1 5 0 
3 3 51 65 63 9 2 4 
2 9 11 43 49 3 5 2 
2 6 21 97 59 9 2 3 
3 9 39 46 92 1 8 6 
2 0 37 17 52 2 3 3 
7 5 32 65 42 1 1 3 
9 1 62 61 63 2 4 0 
5 5 35 51 23 6 5 7 
2 9 21 54 79 2 2 3 
7 9 25 44 55 3 8 9 
7 3 18 23 70 1 5 2 
9 3 1 42 11 1 4 8 
4 9 30 50 91 3 3 9 
1 1 56 33 43 6 1 2 
3 8 0 36 80 0 9 5 
1 3 36 79 43 0 6 3 
5 6 61 54 54 8 7 0 
1 2 49 33 60 6 6 3 
1 1 21 63 84 4 8 3 
4 3 20 65 56 8 7 5 
4 5 28 52 55 4 5 3 
7 2 45 47 42 7 0 9 
5 1 19 33 5 7 3 7 
2 4 30 66 46 9 1 9 
9 3 20 37 37 3 6 6 
0 1 25 14 43 6 0 5 
6 6 5 50 32 4 1 1 
4 8 60 33 34 0 9 0 
0 4 0 25 52 2 4 3 
1 8 0 60 64 6 2 4 
3 6 65 39 67 5 4 8 
0 5 44 66 46 9 5 4 
3 7 34 32 51 9 2 4 
0 6 31 52 62 8 1 2 
1 8 56 46 46 8 9 0 
6 1 21 44 30 9 3 0 
5 3 11 76 77 8 7 7 
7 6 35 93 45 1 6 7 
4 9 46 85 62 3 3 6 
9 7 3 78 54 2 2 5 
4 9 62 68 87 9 6 5 
2 0 4 59 29 5 1 1 
9 8 42 48 39 6 7 9 
6 1 16 53 53 4 8 0 
3 3 19 69 42 5 6 2 
9 3 3 55 36 0 6 8 
3 2 21 43 21 6 9 6 
6 4 19 25 41 4 2 4 
2 5 74 43 40 9 0 0 
4 6 0 51 32 5 1 1 
2 9 0 16 45 9 9 9 
4 9 9 24 53 6 6 5 
7 8 45 19 16 3 9 0 
4 2 81 35 46 8 2 1 
9 9 24 0 17 4 6 6 
6 3 22 31 62 4 8 8 
9 0 20 93 46 5 4 6 
9 5 48 53 59 8 5 7 
9 9 12 69 53 3 5 4 
4 9 10 27 25 6 4 9 
5 7 0 19 27 8 2 9 
5 8 2 37 19 3 0 2 
4 2 19 32 24 4 7 2 
5 5 51 58 24 6 3 1 
5 2 2 36 95 6 1 1 
9 9 6 88 58 4 5 8 
1 6 26 73 6 7 6 0 
2 5 32 49 7 2 3 1 
9 9 79 59 35 5 7 6 
0 1 41 73 54 8 7 0 
3 4 55 50 45 2 0 3 
2 7 5 7 89 2 2 5 
9 5 48 66 15 0 0 2 
5 7 52 47 56 3 1 8 
4 3 32 37 64 4 3 7 
1 4 11 27 40 0 0 2 
9 5 33 43 61 2 9 2 
2 4 25 38 38 8 8 0 
3 7 63 59 6 0 0 5 
1 9 24 42 55 2 5 8 
4 9 37 50 44 8 5 1 
7 0 13 50 73 9 3 9 
0 6 48 56 75 2 8 2 
9 5 79 41 38 4 8 4 
5 7 12 56 59 1 6 3 
0 2 14 33 53 3 0 1 
2 4 38 52 50 0 3 8 
3 1 0 50 43 8 8 3 
9 7 26 48 50 5 9 7 
0 0 65 52 37 7 8 9 
3 7 0 61 47 7 8 9 
1 9 28 0 26 5 8 5 
5 6 11 29 61 4 3 2 
7 3 43 63 17 9 7 9 
5 0 9 47 4 2 0 5 
9 2 47 22 95 9 2 4 
3 0 56 0 66 6 0 9 
6 4 2 32 64 2 2 3 
2 5 22 50 96 1 7 1 
2 8 43 57 47 2 8 8 
8 4 25 56 62 1 7 9 
8 1 0 23 22 4 4 5 
4 4 20 53 34 6 6 7 
3 1 28 50 89 2 9 0 
9 7 22 50 49 4 4 4 
8 1 0 50 69 0 8 6 
1 1 18 43 48 8 5 4 
8 4 52 44 19 0 1 2 
3 8 13 45 32 8 9 6 
3 7 18 52 54 7 5 2 
7 8 49 35 44 9 9 9 
0 3 55 65 74 5 0 4 
6 9 50 22 61 7 7 6 
5 9 35 63 54 0 2 3 
7 3 35 32 71 1 7 6 
2 9 32 50 67 1 4 2 
8 5 10 21 29 8 0 5 
1 0 22 59 63 3 0 7 
9 7 55 22 50 5 7 2 
5 3 69 62 41 0 5 9 
0 2 13 63 23 6 2 7 
4 1 9 25 35 1 8 0 
6 9 14 66 63 5 5 8 
4 6 65 54 28 5 9 4 
0 3 0 79 58 7 5 5 
5 0 73 61 55 6 1 2 
8 8 32 68 46 9 8 1 
6 9 22 66 12 4 7 6 
4 1 32 43 85 5 9 0 
4 7 28 79 71 4 5 9 
9 3 27 41 73 7 6 5 
5 1 71 55 19 2 7 7 
0 8 68 19 50 3 1 5 
1 4 32 41 60 9 8 7 
2 0 10 39 24 8 5 5 
3 7 4 47 32 4 9 8 
3 8 44 22 52 7 0 1 
9 8 49 48 50 7 8 1 
9 7 28 63 69 7 3 6 
4 1 25 26 80 1 9 3 
0 5 23 42 45 7 6 0 
9 0 32 34 51 9 7 4 
9 1 0 53 62 7 5 4 
8 4 37 19 22 6 8 4 
1 7 34 71 60 4 3 3 
1 4 59 84 47 1 4 6 
6 3 47 41 66 0 4 4 
6 6 51 52 76 0 0 3 
2 3 32 37 73 1 5 2 
7 5 18 74 48 1 9 6 
7 8 44 42 53 5 4 2 
8 2 0 66 47 2 3 3 
7 8 36 73 39 4 9 9 
8 0 43 61 64 8 1 8 
1 0 41 54 97 4 5 3 
8 9 31 68 18 7 6 8 
5 2 43 63 71 6 4 6 
8 1 35 61 4 0 1 6 
7 2 26 45 30 9 9 0 
2 4 25 47 27 3 0 8 
9 0 55 73 43 5 0 4 
5 0 34 59 35 0 5 9 
8 1 47 52 82 0 3 3 
7 3 58 44 39 0 2 4 
1 3 24 66 37 9 6 1 
3 2 41 49 57 0 9 4 
5 5 0 21 54 1 7 8 
5 3 40 56 37 6 0 4 
5 4 18 73 41 1 2 2 
6 7 3 63 54 3 1 9 
0 2 21 63 71 2 0 8 
4 2 32 39 35 9 7 5 
5 3 50 59 55 9 8 8 
3 9 56 28 59 7 2 8 
0 6 36 8 27 8 9 8 
3 4 53 57 55 0 8 2 
2 2 72 54 64 0 9 1 
3 3 41 3 5 7 5 6 
3 1 10 45 15 9 4 0 
3 6 9 27 59 5 3 7 
0 1 12 59 42 5 5 1 
9 6 36 56 95 5 8 7 
3 8 58 85 26 7 0 6 
1 9 20 17 57 9 4 6 
1 9 22 29 65 5 6 2 
7 0 8 44 37 6 7 0 
4 9 63 6 26 4 9 0 
6 3 15 33 56 1 6 5 
8 6 32 48 36 3 7 4 
4 9 2 63 20 6 8 2 
9 8 0 60 44 4 2 1 
9 8 41 73 13 6 0 4 
1 5 57 35 65 4 8 6 
8 2 43 50 24 8 3 5 
2 0 0 66 58 5 0 9 
5 1 41 63 80 3 2 2 
2 0 35 41 31 5 3 1 
0 6 49 30 46 6 2 5 
8 6 46 13 49 1 3 9 
8 3 21 81 66 6 1 5 
2 7 22 46 43 1 1 9 
1 1 54 41 44 5 0 2 
8 2 23 60 25 3 0 0 
4 6 31 45 37 0 0 4 
4 0 10 52 38 8 9 2 
5 6 36 47 55 3 0 0 
3 9 31 63 50 5 4 6 
8 0 27 34 58 1 0 0 
8 7 14 78 33 4 9 0 
4 2 42 34 43 9 7 5 
0 1 19 60 37 5 0 1 
5 1 15 88 38 7 3 7 
3 7 56 53 56 2 3 9 
2 8 0 22 78 2 8 8 
9 2 43 14 64 9 6 3 
2 1 37 55 38 4 7 3 
9 0 56 52 61 0 2 5 
2 2 24 59 93 8 2 3 
1 3 23 61 38 5 3 2 
7 9 46 63 65 7 4 0 
5 4 33 65 53 7 4 5 
0 4 22 54 44 6 5 1 
2 0 26 71 41 9 8 4 
9 0 4 24 62 7 4 6 
5 9 38 77 14 4 0 6 
0 0 46 55 34 6 8 5 
9 9 37 0 31 0 1 3 
3 6 26 96 61 3 1 7 
4 0 31 30 64 7 9 4 
6 6 41 59 20 9 7 6 
9 7 16 8 64 0 5 1 
7 2 0 61 31 2 6 8 
5 2 28 56 38 1 0 3 
8 8 60 38 60 1 4 6 
3 2 16 61 42 7 0 0 
3 5 73 31 21 6 4 0 
8 2 25 26 44 7 9 0 
6 9 2 54 32 5 1 6 
2 4 49 93 29 9 6 9 
7 6 12 30 29 3 9 0 
5 1 65 12 71 5 4 3 
6 3 20 74 51 0 4 1 
0 0 0 65 55 9 6 2 
4 6 19 66 32 4 2 5 
6 0 28 59 31 3 0 4 
1 9 26 72 50 2 3 0 
6 7 44 67 34 4 9 9 
4 6 53 44 56 9 0 9 
1 4 44 70 26 3 7 0 
6 0 0 66 20 0 5 9 
7 6 28 62 25 2 7 6 
5 7 25 53 72 4 2 2 
1 3 22 39 28 0 5 8 
4 1 31 51 79 7 0 8 
7 5 41 67 11 9 0 3 
9 0 4 56 19 5 6 6 
5 8 17 31 59 2 1 6 
4 8 21 34 56 6 9 6 
4 3 31 46 16 7 0 6 
9 5 0 55 71 5 8 2 
7 5 61 39 46 7 1 5 
5 0 69 51 17 3 9 0 
7 2 25 78 17 4 1 1 
5 0 65 64 63 1 5 8 
9 1 35 33 39 1 4 2 
4 5 23 81 57 7 7 3 
4 1 6 38 69 5 2 7 
4 1 6 48 23 3 8 1 
2 8 30 73 52 3 5 5 
6 2 17 39 53 8 2 4 
0 1 25 26 68 1 9 1 
0 0 14 36 0 5 8 3 
0 1 30 71 63 4 2 4 
8 9 7 66 40 6 6 2 
2 9 27 27 81 9 9 2 
1 4 7 72 29 9 7 0 
6 9 25 43 46 0 5 1 
1 2 57 69 35 6 8 2 
2 4 51 56 64 3 1 2 
7 3 66 67 90 0 8 7 
0 8 37 54 56 1 1 8 
1 9 9 71 24 4 4 3 
3 3 19 29 70 0 7 9 
7 0 42 11 33 0 9 5 
7 1 21 37 71 6 5 7 
7 0 2 54 36 9 5 3 
8 9 34 55 78 7 0 2 
1 6 56 51 36 1 8 7 
3 3 34 69 34 0 9 4 
3 6 19 70 57 2 2 0 
5 3 30 78 32 0 5 2 
3 5 0 55 36 0 4 2 
2 9 27 52 54 0 7 8 
8 0 4 50 57 1 7 2 
2 7 23 50 72 5 8 8 
9 9 38 19 42 6 6 7 
1 5 15 59 31 3 4 6 
6 5 28 85 52 2 4 7 
3 0 1 41 29 7 8 1 
7 3 30 82 34 1 7 5 
4 5 44 48 32 5 8 0 
7 0 12 56 35 7 3 8 
7 0 57 48 30 4 1 5 
6 7 33 40 46 4 8 6 
4 4 36 79 29 8 7 8 
7 6 21 9 47 2 6 4 
3 2 57 72 79 8 9 1 
9 4 49 62 67 3 8 6 
8 1 43 39 44 8 5 6 
1 5 46 46 45 2 1 0 
2 2 45 62 54 1 2 7 
4 6 24 55 49 3 6 7 
6 4 48 48 68 1 3 7 
0 5 31 62 64 8 5 7 
6 5 49 35 33 3 4 4 
9 6 19 25 57 5 2 8 
5 3 26 88 58 4 4 9 
9 4 67 48 49 9 8 5 
3 8 71 64 42 4 0 2 
8 9 29 52 14 0 4 9 
2 5 14 24 85 2 4 7 
1 0 58 60 56 7 1 2 
8 0 29 48 82 6 6 8 
8 0 42 84 36 1 3 1 
7 0 12 57 24 3 1 6 
5 9 0 49 51 5 0 3 
6 2 52 45 62 3 1 8 
5 4 31 53 45 9 9 8 
5 3 19 60 18 4 5 7 
6 6 44 36 23 9 0 7 
3 4 7 70 46 8 5 7 
8 1 0 66 27 9 8 4 
5 7 27 41 79 1 8 3 
3 5 19 37 72 1 5 3 
8 1 3 66 43 3 7 7 
6 8 33 50 76 8 8 0 
0 0 25 22 62 1 4 5 
2 4 12 42 54 9 1 4 
9 0 28 71 81 2 3 0 
7 8 46 42 47 9 5 7 
0 9 36 24 39 2 0 2 
7 5 68 67 38 7 1 1 
3 2 10 78 91 6 3 4 
6 3 45 50 30 1 2 8 
9 1 54 50 27 0 5 3 
9 5 26 81 46 7 9 1 
9 0 40 34 30 0 4 5 
3 0 40 55 28 8 1 5 
9 4 36 57 48 1 2 8 
7 5 3 62 59 8 6 5 
6 5 26 44 85 6 5 3 
3 2 64 30 13 3 8 5 
7 5 17 39 58 0 2 6 
5 3 36 38 60 0 3 7 
6 1 40 43 47 6 1 9 
8 8 25 45 28 9 6 6 
2 5 39 48 33 9 1 3 
0 2 29 62 56 0 0 6 
1 4 12 36 63 4 1 0 
9 9 15 31 60 7 5 4 
4 8 16 56 54 8 8 0 
2 6 21 57 54 2 1 2 
5 2 11 70 57 6 4 4 
8 4 39 47 30 3 3 0 
7 6 24 59 38 6 2 6 
9 2 12 35 50 1 6 4 
5 0 30 47 33 6 1 9 
3 3 42 34 75 4 4 6 
4 7 0 53 76 1 1 4 
2 0 2 63 61 9 4 7 
6 4 57 83 59 6 2 4 
4 9 73 45 29 4 1 5 
2 9 55 47 48 0 0 3 
1 9 13 63 44 4 5 5 
4 3 1 32 31 1 6 9 
6 9 0 63 79 1 4 7 
9 8 57 43 26 5 3 4 
0 1 22 49 16 2 1 3 
2 9 14 57 15 0 7 4 
1 6 49 66 77 4 7 8 
2 0 52 62 43 6 2 2 
9 4 60 85 68 7 2 9 
2 3 31 34 82 2 0 0 
0 5 30 60 40 4 0 7 
0 0 0 14 68 9 3 1 
6 5 23 49 56 8 3 7 
2 7 53 80 81 5 4 0 
3 5 11 60 67 8 2 3 
4 1 44 40 33 3 7 7 
7 8 23 55 60 7 6 2 
3 0 14 85 68 2 4 0 
9 4 0 26 47 9 4 3 
7 4 51 31 6 9 6 9 
3 7 32 46 44 2 5 3 
3 6 48 39 63 0 3 0 
2 6 15 23 36 3 5 1 
3 2 26 82 30 8 0 0 
4 9 35 25 50 3 7 3 
6 7 63 45 47 4 1 9 
3 0 7 29 45 4 8 4 
2 9 24 35 46 6 3 2 
9 4 6 55 63 4 0 7 
4 7 8 55 50 8 9 5 
3 0 15 42 30 4 2 6 
7 4 4 62 38 0 2 0 
3 2 50 51 67 5 4 8 
8 8 7 61 29 0 9 2 
3 0 33 42 28 5 5 3 
1 2 39 40 56 2 0 8 
8 4 33 74 57 6 4 4 
9 2 0 53 28 3 0 5 
3 1 31 26 52 3 8 8 
3 6 35 72 36 4 2 0 
1 0 40 48 66 8 0 8 
0 0 42 16 25 3 1 3 
8 5 23 49 58 5 0 9 
3 2 23 57 113 7 1 5 
4 3 0 28 62 6 3 0 
6 4 13 58 39 8 1 9 
7 7 9 31 56 1 6 7 
6 6 0 35 65 2 9 1 
2 7 49 63 56 2 4 4 
6 2 0 63 33 9 6 1 
5 2 0 69 73 6 5 5 
6 3 5 33 37 4 8 6 
4 7 44 59 10 9 7 3 
5 1 0 15 58 2 9 4 
2 1 12 47 2 7 9 2 
6 9 54 79 45 5 4 2 
5 4 14 36 54 7 7 8 
4 5 37 54 34 9 2 5 
3 2 10 74 49 7 8 9 
8 0 7 90 34 7 1 7 
6 6 72 56 52 0 2 8 
9 9 8 56 33 2 8 4 
8 4 37 59 74 9 4 3 
6 1 0 80 71 6 7 5 
7 1 8 51 56 3 6 8 
8 3 2 31 59 3 4 4 
8 1 13 51 51 1 0 9 
9 8 61 15 33 9 3 8 
8 0 32 37 55 2 1 7 
2 8 41 45 57 4 1 9 
2 8 0 54 66 2 4 7 
1 5 0 60 22 3 3 9 
8 6 20 33 57 0 1 9 
0 4 33 25 37 3 6 9 
0 9 16 53 54 3 8 0 
8 0 32 90 45 9 6 1 
1 2 3 39 31 5 7 5 
5 3 16 23 38 4 2 4 
8 8 27 60 49 7 7 7 
3 9 36 25 81 4 4 3 
2 3 4 70 66 3 7 6 
8 8 48 25 54 7 0 4 
8 9 49 76 24 0 1 2 
0 1 33 67 57 0 2 3 
5 1 10 13 20 3 0 6 
2 8 25 57 63 8 0 9 
3 4 51 38 24 6 8 0 
4 3 0 57 57 3 3 9 
3 6 48 41 23 7 1 6 
3 7 22 48 61 0 0 8 
8 4 13 32 13 1 6 9 
6 7 0 48 72 5 4 6 
9 4 59 55 84 5 7 2 
4 2 12 57 48 6 9 1 
7 3 26 45 60 2 5 5 
8 6 45 57 26 2 5 2 
9 3 58 64 43 9 2 4 
1 4 49 73 72 5 2 6 
4 7 27 74 60 1 0 5 
5 1 29 19 74 4 8 5 
5 8 20 22 41 6 2 6 
8 5 18 46 54 7 4 6 
2 3 36 32 73 7 1 9 
3 2 44 13 22 7 1 6 
9 5 35 29 49 6 0 2 
1 8 11 51 38 9 5 4 
8 0 35 81 46 7 6 8 
1 0 43 58 37 7 9 3 
6 5 7 75 27 8 5 0 
0 2 34 53 46 5 9 4 
9 7 61 59 25 6 0 0 
7 3 23 63 55 9 5 6 
9 2 63 89 56 0 6 6 
2 0 27 54 63 5 6 6 
4 6 39 72 78 5 8 7 
2 6 34 23 84 6 9 9 
4 4 70 46 67 5 9 6 
3 8 62 80 115 6 4 9 
4 0 58 14 103 2 2 2 
6 7 54 26 31 9 4 8 
2 8 19 22 65 3 6 6 
8 8 37 59 88 5 4 8 
1 3 44 44 28 1 1 1 
9 9 23 43 42 7 2 0 
1 7 2 37 38 7 9 6 
9 2 57 61 61 6 9 1 
3 0 23 64 39 2 8 0 
3 3 11 71 79 3 7 0 
4 3 51 58 50 8 3 0 
9 9 47 47 51 0 3 4 
7 0 47 84 92 7 5 0 
9 8 31 46 51 3 7 1 
9 1 17 23 102 3 9 2 
3 9 35 37 47 8 7 8 
6 7 12 66 65 5 4 8 
4 6 0 76 35 9 9 4 
8 2 0 30 30 7 2 6 
3 8 37 58 22 0 8 3 
9 1 40 73 27 5 9 7 
6 5 47 62 66 2 8 9 
9 5 33 54 42 7 1 5 
9 9 24 44 69 7 9 9 
8 9 46 63 79 1 5 3 
7 3 21 7 54 2 9 9 
0 5 13 81 37 9 1 2 
9 3 19 48 88 9 4 5 
5 8 21 60 45 0 9 4 
4 6 25 32 52 5 4 5 
0 1 56 23 4 3 5 8 
6 0 28 40 73 4 2 1 
5 6 37 34 30 2 3 9 
1 8 12 17 35 4 3 0 
7 8 0 65 54 1 6 2 
4 4 61 50 66 6 8 8 
0 6 64 32 81 7 0 2 
7 7 48 52 48 4 0 5 
5 4 53 51 35 9 7 9 
7 7 44 43 63 0 8 7 
1 8 12 45 53 3 7 6 
6 4 18 31 77 2 0 0 
8 4 13 18 44 9 6 3 
2 5 41 77 45 3 4 5 
9 3 4 36 48 5 7 4 
2 9 58 53 45 5 0 4 
3 8 71 30 17 1 3 0 
4 9 4 36 60 3 6 5 
0 3 54 60 50 3 1 7 
5 2 0 67 73 1 5 5 
0 2 27 41 32 9 9 0 
2 3 19 34 28 0 5 4 
1 7 15 32 17 0 8 7 
9 6 6 47 52 0 1 5 
0 0 26 37 73 7 6 1 
4 9 52 54 73 4 6 8 
8 3 55 61 14 7 7 0 
7 7 25 89 54 8 9 7 
7 3 26 40 34 3 4 1 
2 2 18 74 26 8 6 6 
9 5 43 39 71 5 2 3 
6 0 33 103 40 7 3 2 
0 5 37 32 66 0 7 6 
2 8 14 54 57 6 0 5 
3 1 40 70 52 9 3 0 
1 6 24 50 31 5 8 8 
1 4 5 48 73 0 9 1 
8 8 44 58 19 3 5 8 
9 7 20 54 41 5 2 9 
4 4 45 58 18 0 1 2 
6 3 0 36 25 3 0 0 
5 3 0 35 24 4 5 8 
5 8 58 26 50 3 5 6 
7 6 0 43 28 3 9 7 
4 4 38 59 66 2 5 1 
5 2 60 74 38 9 1 5 
8 7 33 80 85 2 6 5 
8 3 16 53 76 1 7 7 
2 0 40 48 38 3 2 8 
8 4 13 53 53 6 3 3 
6 4 34 32 67 7 5 9 
4 3 12 58 48 8 7 6 
3 5 42 38 52 2 2 1 
7 2 13 2 62 1 2 5 
1 9 47 47 55 3 6 8 
5 4 43 36 45 8 1 4 
9 3 48 46 45 2 0 1 
3 4 16 64 52 6 7 0 
6 4 14 87 50 2 3 0 
3 0 30 52 64 5 7 3 
1 5 15 68 73 6 8 5 
1 9 20 26 9 0 0 9 
7 4 9 66 59 6 1 8 
2 7 16 34 32 1 4 2 
4 9 11 32 6 1 6 7 
7 1 54 68 26 8 1 6 
1 5 9 36 64 3 0 8 
9 3 54 63 59 7 8 8 
6 3 30 82 68 6 4 6 
6 6 20 55 45 4 3 9 
9 3 40 45 86 6 1 1 
2 8 28 49 44 3 4 7 
5 7 36 29 14 6 6 3 
8 9 22 33 46 3 1 3 
1 5 34 64 23 5 9 9 
6 1 28 30 65 5 1 0 
5 9 42 50 6 7 2 8 
2 7 31 37 19 6 1 2 
5 0 30 55 20 9 2 2 
5 3 26 48 43 6 9 4 
1 7 41 62 71 7 4 5 
7 7 41 77 35 6 8 4 
8 5 51 69 71 7 2 1 
6 7 62 45 23 1 8 8 
0 1 10 66 75 4 4 3 
0 7 35 55 77 2 0 6 
5 3 17 51 59 0 3 9 
3 7 18 29 62 7 9 5 
5 3 23 28 66 0 8 1 
2 2 58 76 51 3 3 0 
1 5 31 26 67 4 6 6 
9 9 55 52 81 5 4 0 
7 1 0 47 65 6 9 9 
4 5 50 47 58 3 0 3 
7 8 8 88 56 7 8 5 
4 2 47 18 55 9 0 5 
2 2 68 51 50 5 9 4 
5 8 29 22 85 3 3 8 
5 2 35 36 28 5 1 9 
2 7 0 45 52 2 4 8 
2 8 69 54 45 5 8 4 
9 2 95 40 15 2 2 3 
6 6 42 61 50 4 2 7 
6 7 9 57 52 4 6 8 
5 5 46 39 54 2 7 3 
9 9 0 33 43 7 3 6 
1 4 38 57 61 0 0 7 
1 9 29 46 70 6 0 8 
0 6 24 36 75 8 5 0 
5 3 25 23 61 4 8 3 
6 3 8 58 33 8 2 7 
1 0 9 86 97 9 5 8 
4 0 26 27 88 0 4 4 
1 7 39 73 50 2 9 1 
5 3 10 36 59 4 5 7 
5 4 13 35 66 2 9 9 
9 5 31 49 44 0 1 5 
7 9 40 56 61 1 8 9 
8 8 41 30 35 3 2 2 
1 7 62 53 18 1 2 1 
5 5 55 60 73 6 6 9 
5 4 36 28 10 3 9 0 
2 4 7 72 53 0 6 5 
3 2 50 46 57 5 0 5 
8 7 68 41 25 2 6 3 
7 8 33 23 81 0 2 2 
1 0 13 47 14 1 7 3 
6 1 20 51 45 7 8 9 
0 1 48 70 91 9 8 4 
9 5 24 58 40 3 2 1 
0 7 10 24 15 3 7 2 
3 5 24 47 81 7 2 4 
9 9 34 34 23 1 6 8 
3 0 31 23 70 2 8 2 
6 6 35 66 80 8 0 2 
3 3 21 33 21 0 3 2 
4 8 31 82 44 8 1 2 
7 5 42 74 60 6 8 7 
7 3 57 69 35 8 4 1 
9 5 8 68 58 9 0 5 
9 9 29 80 46 9 8 9 
8 9 52 107 51 8 8 1 
6 2 0 70 54 5 1 1 
8 0 28 54 61 0 8 8 
5 9 40 19 97 3 2 9 
9 6 30 48 31 8 3 2 
7 9 31 84 36 2 5 6 
3 5 33 59 63 6 3 8 
4 9 35 65 63 9 1 7 
8 5 13 16 47 0 1 1 
2 4 54 61 47 1 3 4 
7 4 14 36 39 3 8 2 
2 1 7 29 50 0 9 5 
7 7 54 40 47 8 9 0 
0 5 25 47 68 5 6 5 
0 8 33 51 2 1 8 6 
4 5 36 41 29 6 5 2 
6 7 38 28 6 6 2 1 
1 4 8 53 80 8 5 5 
8 3 37 74 92 8 5 9 
7 0 54 59 22 8 8 0 
8 5 30 0 48 1 3 0 
0 5 43 66 19 8 7 5 
7 2 24 88 23 8 6 5 
0 8 44 73 41 8 1 3 
5 3 33 36 65 7 0 8 
2 8 24 42 59 7 6 7 
8 0 5 113 54 2 7 8 
8 8 22 12 67 6 9 9 
1 5 39 53 65 4 9 0 
0 6 28 57 26 1 8 5 
5 7 44 56 58 2 6 7 
8 8 19 53 40 5 1 3 
2 0 14 25 57 0 8 2 
1 0 12 31 16 5 1 9 
8 2 63 34 42 4 4 4 
7 7 40 43 18 1 4 2 
0 8 0 33 13 2 4 5 
5 8 17 77 17 6 3 2 
2 7 32 38 65 1 7 1 
0 9 25 57 33 7 7 5 
4 2 25 15 44 4 4 4 
5 5 33 39 65 4 3 5 
0 2 59 95 33 7 4 2 
3 2 11 18 50 9 1 9 
6 1 22 46 42 6 1 9 
9 6 14 56 58 4 9 4 
2 4 13 67 28 0 9 0 
1 4 33 17 34 8 7 2 
7 6 34 83 23 4 4 0 
3 1 62 54 30 1 5 2 
9 6 43 59 49 2 0 3 
5 0 31 41 46 7 5 5 
0 2 3 71 29 4 6 9 
9 5 20 60 47 6 1 0 
7 8 25 56 61 6 5 5 
4 7 35 55 80 5 5 2 
2 1 32 15 37 6 0 6 
8 4 48 49 51 9 7 8 
0 1 36 7 89 5 9 7 
0 3 43 13 74 1 4 3 
2 3 50 54 60 9 6 7 
9 7 4 70 82 0 6 0 
3 4 44 66 87 9 4 6 
8 4 23 93 45 1 9 4 
9 8 24 61 59 8 0 0 
4 2 2 56 56 7 1 6 
4 2 46 55 76 9 5 5 
3 2 11 78 38 1 5 9 
6 7 0 73 72 8 8 3 
7 6 23 42 53 1 5 0 
5 6 53 71 30 1 8 5 
1 2 45 42 12 0 4 7 
8 8 25 65 33 3 7 2 
9 8 8 39 49 1 1 8 
9 2 27 57 52 5 9 4 
9 1 31 30 67 9 3 0 
6 2 13 46 37 6 4 1 
5 3 29 28 34 3 3 3 
0 3 56 30 52 0 0 3 
2 1 36 45 54 6 7 4 
5 3 17 0 2 1 1 1 
3 7 0 55 27 3 6 9 
6 4 48 48 42 5 4 3 
2 8 47 46 61 6 7 8 
6 1 70 61 94 7 1 8 
8 7 13 41 0 8 5 7 
2 1 45 32 63 3 8 7 
3 7 20 42 40 4 8 3 
7 5 0 49 61 2 5 7 
1 3 30 29 67 0 4 7 
5 2 0 90 62 7 1 3 
2 7 25 32 33 6 4 0 
8 4 73 23 59 0 5 3 
0 1 27 36 66 0 5 9 
3 9 4 17 32 2 1 6 
4 0 42 18 70 4 0 4 
8 0 25 53 18 8 3 9 
9 6 55 48 59 5 3 7 
0 7 50 57 72 2 8 3 
6 7 15 21 11 0 1 4 
1 3 17 72 52 6 3 2 
6 5 34 76 49 4 9 1 
6 0 12 51 60 4 5 8 
9 0 27 36 54 2 4 5 
7 3 32 66 49 2 6 3 
3 0 26 51 70 4 0 2 
8 2 25 53 79 9 0 5 
1 6 31 36 48 3 3 9 
9 5 54 26 41 8 4 9 
2 7 41 61 75 0 8 2 
0 3 13 36 74 9 8 6 
8 3 40 74 24 5 7 1 
4 3 20 88 67 1 6 5 
5 0 22 5 52 9 3 5 
8 9 1 66 72 9 2 7 
0 0 43 69 62 3 4 4 
1 5 29 46 44 5 0 2 
6 2 55 38 1 5 8 6 
6 7 44 47 56 4 5 1 
2 6 16 77 35 7 8 0 
7 5 29 37 55 1 7 2 
2 3 40 56 68 9 7 7 
9 6 9 79 28 3 9 2 
6 6 28 33 46 8 7 0 
7 4 62 50 23 5 9 2 
8 4 32 27 18 0 9 3 
9 9 33 46 43 6 1 2 
6 7 43 28 61 4 9 8 
0 7 34 50 14 6 9 1 
0 6 26 72 44 2 2 3 
5 4 61 71 44 0 3 9 
3 7 11 67 16 4 4 3 
0 5 66 31 52 0 0 6 
9 3 51 0 53 0 9 6 
1 2 26 43 16 4 3 0 
2 6 43 66 42 7 2 1 
2 0 32 69 77 6 8 7 
9 6 0 7 37 1 4 7 
6 7 47 58 65 3 7 9 
4 3 16 45 41 0 5 0 
5 5 19 43 98 5 9 2 
1 5 35 42 48 5 5 3 
9 8 64 37 62 3 7 1 
2 7 47 4 24 8 7 3 
3 2 0 55 47 8 8 0 
1 0 27 0 66 0 8 9 
9 0 41 41 38 7 3 3 
8 6 32 18 74 1 3 7 
5 5 0 36 46 2 7 3 
9 2 20 48 48 0 7 7 
2 0 25 63 12 2 4 1 
4 7 76 44 71 7 9 7 
4 7 73 66 63 3 6 0 
2 2 25 71 60 9 2 4 
7 3 70 41 56 9 7 0 
2 6 39 10 58 5 2 3 
1 6 33 7 52 5 0 5 
5 7 48 0 36 8 5 3 
9 5 34 19 61 4 6 9 
6 8 17 61 27 5 3 9 
5 3 26 54 35 2 0 8 
4 8 34 43 78 9 3 1 
0 3 31 17 3 0 5 6 
4 3 45 49 16 5 7 5 
5 7 20 9 36 7 8 8 
9 6 38 64 45 2 3 5 
8 9 14 80 64 6 2 0 
8 0 53 41 80 8 0 4 
9 6 34 52 46 7 3 1 
9 1 37 47 71 8 6 9 
3 8 43 82 24 6 8 2 
2 8 10 48 43 0 9 0 
4 6 51 69 52 0 6 5 
1 3 40 60 59 0 4 4 
1 7 50 38 47 7 7 7 
8 1 21 49 60 1 2 1 
4 1 28 63 61 0 2 8 
5 7 79 55 54 0 1 2 
7 4 26 59 31 2 1 3 
1 6 7 25 46 7 5 9 
6 6 22 31 40 7 7 0 
4 6 42 39 48 2 7 8 
3 2 17 55 76 5 4 6 
5 8 60 28 30 1 0 2 
9 4 43 54 68 9 5 2 
2 6 6 43 53 0 0 5 
1 1 12 53 44 6 9 2 
6 5 28 41 92 1 7 1 
5 3 22 48 33 5 6 3 
6 0 25 34 90 0 1 8 
7 4 17 48 38 3 7 7 
7 3 0 42 77 5 5 4 
7 3 14 40 56 3 8 4 
7 4 58 56 20 3 2 7 
7 9 50 67 29 6 9 4 
0 2 47 70 64 6 3 9 
1 0 28 48 28 6 8 6 
3 0 57 54 25 4 6 7 
9 3 34 47 48 3 8 9 
0 4 50 50 57 0 9 5 
6 2 32 42 49 3 5 7 
0 2 56 57 93 6 9 0 
3 8 41 97 46 4 0 4 
7 6 28 37 34 8 4 1 
3 5 50 38 20 8 8 4 
3 1 14 35 36 8 8 6 
3 0 41 61 51 9 8 9 
5 5 55 41 64 6 6 3 
2 0 24 34 39 7 1 2 
6 3 15 72 62 4 8 6 
5 3 18 60 74 5 6 3 
6 5 21 29 58 4 6 0 
0 5 43 84 54 2 0 3 
3 5 58 48 59 6 1 6 
4 8 48 35 52 8 6 2 
1 4 0 45 27 5 4 8 
8 1 45 41 81 5 9 9 
1 4 8 48 62 2 9 9 
1 3 10 62 48 4 6 4 
4 5 15 58 24 4 7 9 
4 2 39 46 57 4 4 7 
0 8 0 49 84 3 1 6 
8 7 59 30 62 5 7 3 
8 1 2 33 70 7 8 6 
0 0 51 86 15 6 5 5 
8 3 18 65 27 8 4 9 
9 5 16 41 53 5 0 4 
6 1 0 28 59 1 5 4 
4 2 7 43 54 4 4 3 
1 9 0 46 46 6 5 8 
3 4 4 38 16 6 1 1 
8 4 12 61 59 5 2 8 
0 4 31 53 30 1 6 7 
4 6 51 70 33 0 3 8 
8 0 22 52 51 9 6 3 
0 1 51 40 62 5 5 1 
5 2 53 71 82 7 1 7 
0 0 36 49 54 5 7 1 
5 2 32 54 38 9 0 1 
8 0 39 30 40 7 4 0 
1 0 48 89 60 1 8 8 
7 5 41 61 19 3 9 0 
9 6 30 32 27 6 5 5 
9 0 17 53 58 5 1 1 
1 1 60 45 65 5 2 4 
8 7 54 20 50 1 1 0 
1 0 56 113 53 4 6 4 
4 9 38 56 15 7 5 9 
2 9 22 39 23 9 4 1 
0 7 35 51 51 6 7 5 
6 0 2 74 57 4 8 1 
1 5 39 9 52 7 9 7 
4 6 20 56 71 5 9 3 
7 4 34 32 56 1 6 6 
8 9 43 20 52 5 6 7 
5 1 5 50 31 1 2 7 
5 1 16 44 22 8 7 4 
0 9 41 53 55 4 1 5 
6 7 10 34 24 3 6 7 
9 9 28 34 57 6 9 5 
2 0 53 53 19 0 8 9 
9 3 24 65 24 0 4 3 
2 5 4 58 95 8 2 8 
9 2 56 38 42 8 7 0 
5 6 77 43 40 7 5 8 
3 1 23 52 29 1 4 3 
7 3 40 39 72 9 9 2 
6 5 70 53 51 6 9 4 
4 7 9 57 10 8 5 4 
7 4 16 30 78 2 4 7 
9 9 24 50 59 2 8 2 
2 9 3 49 29 5 1 1 
0 4 7 82 1 4 5 2 
6 9 14 43 21 2 5 5 
2 3 35 51 37 3 3 5 
4 3 20 43 73 6 7 1 
9 9 24 76 85 2 4 8 
5 4 25 7 86 2 5 6 
3 1 52 73 37 8 0 3 
2 5 66 39 48 1 3 3 
7 8 24 43 53 9 5 1 
0 7 15 69 34 8 3 4 
7 5 8 60 70 6 9 1 
7 3 33 75 57 9 3 8 
3 1 4 99 44 9 2 0 
3 6 59 42 55 9 6 5 
5 5 48 48 43 0 1 6 
5 8 63 59 79 7 7 8 
8 1 24 47 31 0 5 5 
0 4 16 61 59 9 0 4 
2 2 30 92 44 9 7 4 
0 4 8 37 40 9 1 3 
0 8 0 89 59 5 2 0 
2 1 19 39 87 6 7 6 
3 8 2 61 36 5 9 9 
8 0 25 62 40 3 3 0 
9 1 41 51 45 3 4 6 
9 7 40 12 0 0 3 0 
4 6 22 87 22 7 0 7 
0 8 0 22 73 0 0 2 
3 9 39 42 60 4 1 5 
6 2 54 30 77 5 2 6 
4 4 45 50 57 0 9 2 
0 0 16 77 43 6 4 8 
0 2 47 46 59 7 2 8 
4 1 10 22 25 2 5 1 
6 6 40 49 75 5 0 7 
5 6 48 29 69 1 8 0 
2 9 40 109 14 0 4 2 
5 8 8 73 57 7 2 4 
4 0 17 26 60 3 9 5 
9 5 23 59 71 9 7 9 
2 4 55 60 79 4 2 5 
4 1 17 72 80 2 3 6 
7 6 39 44 60 3 4 7 
8 8 47 33 55 1 9 1 
6 7 49 28 68 0 1 9 
4 3 56 51 8 2 8 3 
2 4 28 51 66 7 9 8 
4 1 22 47 59 1 7 2 
0 6 27 39 36 5 6 5 
4 2 60 65 35 4 2 0 
1 0 0 34 37 1 4 4 
6 2 55 35 62 2 6 8 
1 4 70 61 64 6 0 7 
4 9 60 41 26 0 0 6 
5 0 12 62 49 9 8 6 
2 1 36 8 40 0 7 2 
5 5 38 40 59 1 8 1 
0 8 52 49 61 2 3 6 
6 0 51 70 17 6 2 6 
8 0 53 51 29 8 9 7 
1 4 34 60 80 3 3 2 
8 5 50 60 45 2 5 7 
7 4 31 34 27 5 9 2 
5 9 44 40 35 1 3 3 
8 4 28 96 65 5 4 9 
6 2 9 67 17 7 5 0 
9 7 58 30 48 1 8 5 
5 3 7 76 39 5 2 4 
9 9 45 54 96 0 9 1 
0 8 21 58 40 2 8 2 
5 3 0 88 47 4 3 7 
6 5 42 64 40 6 5 7 
9 4 46 68 23 4 1 8 
9 8 81 87 39 1 0 5 
0 2 32 59 83 6 3 6 
2 5 49 73 46 7 7 0 
0 8 37 110 119 0 9 4 
0 8 57 73 53 6 5 8 
6 5 45 22 59 0 4 4 
5 4 16 88 33 5 4 3 
5 4 39 15 46 3 3 1 
9 3 23 46 70 7 5 6 
3 3 17 27 74 0 8 2 
2 8 14 55 53 4 6 0 
4 6 31 79 81 4 5 0 
1 6 7 38 58 5 3 8 
7 1 12 69 10 9 1 7 
4 6 17 54 61 0 8 7 
7 7 37 39 53 3 5 6 
3 6 6 13 45 0 1 5 
0 4 41 46 44 7 3 0 
5 2 22 94 57 6 0 5 
1 9 41 44 61 4 6 5 
3 1 49 43 57 1 5 3 
8 8 37 72 52 9 1 1 
3 2 41 59 52 9 1 4 
6 7 42 69 99 9 1 9 
0 9 28 46 19 8 3 9 
4 7 53 81 68 8 1 0 
5 0 31 40 55 6 7 9 
0 6 49 48 36 4 3 7 
3 8 0 45 29 1 3 8 
1 4 50 52 56 7 5 5 
9 8 65 13 84 9 7 0 
9 8 16 60 53 3 2 9 
5 8 28 51 30 7 1 3 
4 8 47 32 35 3 6 1 
1 6 14 44 111 5 4 6 
3 0 40 13 56 6 5 4 
3 7 53 74 77 6 5 9 
1 8 19 40 37 3 2 5 
1 9 33 59 36 7 7 8 
3 9 40 25 34 4 1 4 
1 2 46 97 66 4 9 9 
1 6 36 22 70 7 3 5 
9 2 36 54 57 2 6 6 
6 5 12 55 47 8 5 4 
4 7 39 54 85 3 2 2 
0 7 40 55 71 0 6 1 
1 2 15 50 39 5 3 6 
4 3 19 78 59 3 7 5 
0 0 62 49 44 0 6 4 
1 8 59 50 33 5 3 2 
8 3 53 72 70 4 5 1 
3 8 28 57 45 7 8 5 
2 0 0 72 46 1 4 3 
8 2 29 70 25 3 9 0 
7 1 47 60 58 2 7 1 
3 5 16 90 20 5 3 0 
7 9 18 66 56 9 8 4 
7 5 46 51 8 5 7 1 
5 0 37 60 43 2 8 4 
2 8 29 63 56 2 6 4 
7 7 39 43 27 8 9 2 
8 4 48 34 45 8 7 4 
7 3 19 51 47 2 5 2 
5 8 16 14 31 4 1 9 
1 4 18 48 55 0 4 9 
2 0 14 39 41 7 2 0 
7 3 8 69 71 8 4 5 
8 7 15 33 24 5 0 0 
2 6 9 42 60 5 6 6 
7 6 0 59 12 2 9 0 
1 0 41 65 66 4 7 4 
5 9 28 53 51 5 3 7 
0 9 18 46 26 6 2 3 
8 3 54 44 47 8 2 4 
5 1 36 65 51 5 3 6 
2 1 27 25 20 2 3 5 
7 6 36 81 59 3 9 2 
8 4 47 63 70 7 8 6 
0 3 38 44 63 7 5 0 
1 1 40 43 65 4 9 6 
7 8 18 61 41 7 9 3 
7 2 52 77 42 7 8 4 
1 2 51 58 20 2 1 8 
3 1 41 83 64 8 4 0 
3 6 0 85 50 7 5 2 
1 1 13 84 71 5 6 9 
0 1 5 47 26 8 8 7 
2 6 0 72 54 1 4 5 
4 3 55 50 52 9 5 9 
9 7 36 51 36 6 8 1 
1 3 4 47 49 4 1 1 
0 5 59 64 75 6 5 0 
2 5 0 58 47 9 2 4 
8 0 35 46 56 9 9 1 
3 6 21 51 67 8 1 2 
2 7 11 75 40 8 5 3 
2 4 28 54 37 8 6 5 
2 8 39 68 42 0 2 8 
0 4 42 64 68 4 3 4 
3 0 49 27 8 0 1 4 
3 3 7 52 39 3 1 3 
3 9 49 40 70 9 2 6 
0 4 17 59 12 1 9 8 
6 4 71 67 76 4 3 1 
5 8 16 25 52 8 4 4 
5 8 39 67 67 5 3 8 
0 6 29 46 71 9 3 0 
4 0 23 33 41 6 1 5 
6 5 0 49 47 7 0 6 
0 3 45 44 63 6 5 0 
6 9 31 55 77 2 4 8 
6 6 46 58 76 6 5 3 
5 6 35 52 20 8 3 1 
2 9 20 27 48 8 7 5 
3 4 0 62 11 2 4 1 
9 1 6 36 75 0 9 5 
9 7 12 39 46 4 7 3 
5 7 43 34 32 8 6 3 
1 7 36 76 18 4 0 2 
5 7 33 45 45 9 0 8 
8 5 52 79 45 1 0 7 
4 4 39 23 85 7 4 3 
1 1 13 51 28 8 9 6 
8 6 32 69 76 9 2 6 
1 4 16 87 54 5 2 1 
4 0 31 63 30 6 1 9 
6 6 28 47 41 4 0 2 
1 8 44 69 59 4 4 9 
4 4 15 63 87 4 0 5 
3 1 30 62 43 2 9 1 
5 1 22 47 91 2 8 2 
1 6 48 60 65 0 5 8 
3 8 6 62 69 9 1 8 
2 6 25 10 56 6 1 5 
5 3 29 36 35 4 5 0 
2 6 7 39 63 9 6 9 
4 4 65 76 71 3 5 5 
3 7 29 71 24 8 8 3 
4 1 38 29 0 7 1 8 
4 4 24 41 42 0 8 2 
0 0 61 61 41 6 9 5 
8 9 37 54 69 2 5 0 
3 2 45 69 21 2 1 3 
4 0 40 43 47 3 0 6 
5 7 12 59 33 4 2 7 
8 5 43 23 39 3 5 3 
8 0 62 41 62 1 4 2 
0 8 28 58 52 2 2 7 
3 7 50 40 56 1 4 8 
4 9 58 37 68 5 4 4 
6 7 31 51 92 8 6 9 
4 7 23 39 36 7 4 0 
2 0 0 48 46 1 9 1 
9 8 27 0 72 9 5 3 
5 6 23 13 48 4 0 4 
9 8 73 44 50 4 2 9 
7 1 21 18 43 5 8 7 
3 1 60 16 46 6 1 4 
5 4 5 51 101 0 5 8 
5 4 24 52 71 9 8 7 
2 4 54 13 76 2 9 9 
1 0 61 26 51 2 9 3 
7 3 54 65 74 9 4 8 
9 4 41 22 53 2 0 6 
5 6 47 42 63 8 6 9 
6 3 42 74 25 0 4 1 
1 0 65 41 52 1 1 1 
8 1 31 6 52 2 6 6 
2 2 48 32 37 8 6 9 
2 2 43 50 50 3 9 4 
0 4 30 59 38 0 4 8 
9 5 30 0 48 3 4 4 
5 8 38 31 57 5 4 6 
1 2 44 57 66 1 2 3 
9 8 27 47 54 8 9 7 
3 5 9 95 19 2 6 1 
1 5 0 32 61 5 0 0 
4 5 41 33 83 6 7 6 
3 0 25 36 75 4 6 4 
2 4 40 50 41 7 3 4 
4 0 1 81 64 2 2 0 
0 0 35 52 29 4 8 9 
4 0 38 40 60 5 7 7 
1 8 0 22 42 7 9 3 
8 6 3 68 61 9 8 8 
6 5 50 23 55 6 8 7 
0 0 44 106 21 3 2 5 
9 9 6 33 49 6 4 6 
0 3 76 11 59 1 6 3 
1 5 34 44 66 1 5 8 
0 0 14 26 83 3 1 2 
1 9 8 57 79 3 0 4 
8 6 21 57 73 0 8 5 
4 4 12 52 58 3 2 2 
9 8 19 32 44 6 7 8 
9 7 24 21 49 5 8 7 
7 2 12 35 68 5 4 9 
3 5 20 57 17 3 6 5 
1 9 49 53 41 7 8 3 
6 4 12 73 40 8 7 3 
4 1 0 42 55 0 5 1 
3 0 8 53 44 3 5 7 
6 4 44 36 65 8 2 3 
9 7 11 76 67 3 6 5 
1 1 20 83 53 5 6 0 
0 7 23 50 63 6 6 3 
1 4 0 41 66 6 5 2 
2 9 0 72 43 0 8 9 
1 0 15 68 48 1 6 2 
5 0 27 91 76 7 9 7 
9 6 23 30 19 0 0 9 
7 2 4 63 53 1 8 9 
1 4 6 59 41 3 0 9 
4 6 28 55 97 1 4 6 
8 8 35 87 39 8 9 0 
5 2 0 80 47 5 9 4 
3 6 7 99 93 6 4 2 
3 4 52 48 44 2 6 3 
6 4 23 28 75 1 1 4 
5 2 29 51 44 5 1 3 
2 3 30 95 46 9 1 0 
8 9 83 48 35 3 9 2 
5 7 53 34 77 3 2 3 
0 8 43 32 26 0 5 6 
0 7 28 93 50 4 6 4 
2 1 28 54 72 7 7 6 
7 4 38 28 65 5 8 8 
0 3 46 36 47 7 0 6 
3 7 6 66 90 9 2 5 
1 4 37 32 68 5 6 5 
5 2 0 35 62 6 7 0 
8 9 34 56 42 5 9 4 
1 2 13 39 53 8 2 0 
4 1 35 37 60 2 4 0 
6 9 44 48 60 3 7 0 
8 2 68 28 76 2 0 7 
1 2 33 48 53 7 8 5 
0 7 21 17 70 4 9 4 
2 2 40 46 12 8 8 9 
6 9 31 44 43 0 6 1 
7 6 37 42 47 1 8 5 
7 7 62 54 29 9 8 1 
8 3 20 38 54 4 2 2 
1 1 12 60 86 9 8 5 
1 9 29 67 56 7 4 6 
2 8 18 53 38 1 1 1 
3 7 41 30 78 1 4 6 
3 7 15 19 38 2 1 0 
5 3 24 58 20 8 6 1 
7 0 26 30 48 6 8 4 
2 8 41 80 46 7 4 6 
9 0 47 85 13 6 6 8 
9 3 27 40 51 2 8 3 
2 4 75 45 83 5 4 6 
3 0 53 53 33 2 3 5 
6 6 44 43 33 9 6 1 
3 2 51 22 60 7 5 5 
8 0 16 34 67 4 0 1 
4 4 38 76 36 6 1 4 
5 3 15 56 76 0 5 5 
2 2 45 40 39 1 6 4 
9 4 56 16 34 7 6 4 
5 0 84 57 34 0 8 4 
3 6 34 52 51 9 7 3 
5 3 7 45 75 0 9 0 
8 1 6 44 61 0 9 2 
3 2 52 74 25 3 1 4 
8 0 1 36 33 5 7 2 
0 0 2 54 12 2 7 6 
5 1 60 58 79 1 1 0 
2 0 0 41 39 5 4 1 
1 2 11 83 51 0 5 7 
6 1 26 60 47 7 2 8 
5 0 43 56 50 1 6 7 
1 3 21 39 103 5 3 4 
1 2 46 41 87 3 5 0 
4 4 5 10 27 5 7 8 
9 8 38 38 49 3 3 7 
3 7 42 42 15 5 9 9 
0 9 55 46 63 6 9 9 
0 3 26 81 33 4 0 9 
1 5 74 35 19 4 5 9 
2 0 43 45 45 2 5 7 
1 4 11 61 36 5 3 1 
0 2 29 60 58 5 8 3 
9 4 38 48 48 7 1 9 
1 4 32 54 43 5 1 6 
7 0 16 93 49 1 1 4 
0 2 31 54 34 0 8 6 
8 9 15 77 34 0 3 4 
9 3 31 51 31 6 8 9 
5 8 16 48 50 9 7 4 
9 0 33 69 14 8 1 1 
2 4 54 26 48 0 0 8 
8 0 12 48 46 4 4 3 
9 1 15 26 88 1 6 2 
7 3 26 52 35 9 0 4 
5 5 15 58 40 6 2 7 
2 1 64 73 45 8 4 8 
8 6 62 66 34 0 0 3 
1 9 0 28 57 2 9 7 
3 2 1 56 33 2 9 3 
0 3 16 57 56 1 0 0 
0 6 55 44 56 5 1 0 
8 2 30 43 71 7 0 4 
4 4 24 58 35 2 0 2 
3 9 18 20 26 2 1 2 
3 3 17 35 68 0 8 8 
0 2 31 37 27 6 2 1 
3 0 28 62 24 2 7 4 
8 0 7 49 62 4 5 7 
4 6 25 0 40 3 0 3 
8 5 40 41 42 6 5 9 
2 3 33 62 42 5 7 6 
3 0 39 47 33 3 4 1 
9 3 37 45 24 5 3 5 
6 0 32 24 55 9 3 9 
6 8 8 41 10 9 2 8 
3 7 26 52 71 4 7 1 
4 0 37 38 47 2 0 5 
6 1 6 51 57 6 6 8 
6 6 50 48 52 6 0 2 
5 7 0 32 27 1 4 0 
1 5 23 22 31 6 7 2 
2 3 56 41 87 5 0 3 
4 2 21 62 72 9 6 3 
9 1 47 48 29 1 1 4 
2 1 40 37 38 0 0 1 
3 3 9 73 87 2 9 3 
5 8 51 59 55 1 9 8 
7 9 27 82 41 3 8 2 
9 6 13 31 54 6 7 8 
5 3 24 12 46 9 3 5 
9 9 36 65 79 2 2 2 
0 7 44 17 25 3 5 9 
6 5 57 52 57 4 0 2 
6 0 34 44 57 3 5 1 
9 5 24 36 75 7 0 8 
5 1 54 43 70 3 3 2 
7 7 41 43 52 9 8 4 
2 5 86 47 52 9 5 1 
1 6 40 71 38 3 1 7 
7 5 36 24 73 8 9 3 
0 0 21 63 28 9 0 0 
9 7 32 38 85 0 8 7 
9 8 67 63 70 9 2 6 
7 4 23 31 75 8 1 1 
3 1 46 65 27 9 8 4 
6 1 34 81 30 8 8 5 
3 2 32 41 57 1 2 6 
8 0 22 67 77 3 5 3 
9 3 46 43 55 8 9 5 
7 1 55 63 10 3 3 8 
9 2 38 73 68 3 8 2 
1 2 15 95 54 1 0 2 
1 1 20 46 46 4 1 3 
0 7 16 51 27 4 8 6 
5 0 17 24 37 7 7 2 
9 4 32 37 43 6 5 1 
1 0 48 54 61 8 5 3 
4 6 19 37 73 1 4 2 
2 9 14 59 43 7 7 5 
8 7 15 9 61 0 2 9 
6 1 39 36 67 0 0 8 
0 9 38 36 68 4 5 2 
0 0 59 41 50 4 3 1 
3 9 29 61 41 7 0 2 
2 9 67 51 39 8 3 0 
9 2 25 15 32 6 4 8 
1 6 63 42 47 1 0 3 
0 6 27 60 74 4 4 2 
2 6 64 54 39 9 1 3 
0 2 1 81 28 9 9 7 
5 6 17 50 55 5 7 5 
9 7 0 62 57 6 6 6 
9 4 29 56 35 3 0 5 
3 9 78 63 78 0 6 8 
5 1 29 0 17 6 1 5 
2 3 20 33 60 4 1 4 
0 7 53 42 52 8 7 8 
6 3 49 20 9 2 8 3 
8 7 58 75 62 7 3 1 
9 2 19 39 52 1 0 8 
2 3 0 63 47 2 7 7 
1 0 0 69 22 2 2 0 
7 7 31 45 39 6 1 4 
1 1 7 43 25 2 1 1 
8 0 33 56 47 1 2 7 
3 7 44 46 38 8 8 2 
1 5 27 37 35 9 6 3 
4 8 24 64 67 9 3 8 
5 5 0 52 0 1 0 9 
6 4 16 3 78 2 6 8 
6 4 7 41 14 1 8 7 
4 2 47 74 60 5 5 9 
6 5 40 56 97 4 0 4 
0 4 17 41 40 6 0 5 
7 4 8 56 38 0 8 7 
7 8 23 23 25 2 4 5 
9 4 35 43 30 8 1 9 
2 5 42 11 84 7 2 9 
2 8 37 83 60 8 3 0 
6 3 12 48 41 7 5 3 
5 6 42 21 71 2 5 7 
1 5 31 86 72 7 6 7 
4 2 29 65 39 4 4 3 
8 4 52 53 47 3 4 5 
4 2 20 50 44 2 7 6 
8 0 39 72 42 7 6 6 
6 3 0 69 58 6 6 3 
3 5 53 67 17 6 3 7 
0 2 0 60 71 5 1 0 
2 3 37 14 84 2 2 7 
5 6 11 46 75 3 5 3 
4 8 19 68 71 2 4 7 
2 7 61 58 30 5 6 4 
2 4 48 27 60 1 6 4 
6 2 29 72 63 4 2 9 
1 6 25 63 44 2 5 9 
9 7 25 40 31 2 7 6 
8 5 13 48 32 0 7 5 
1 8 41 76 57 9 1 9 
9 9 30 66 24 9 8 3 
2 4 26 55 89 7 3 3 
6 5 77 52 49 6 6 8 
1 5 22 33 67 1 4 9 
6 9 21 61 78 2 6 0 
9 3 4 76 52 7 2 2 
5 6 66 76 54 4 6 1 
6 7 57 30 68 0 8 6 
5 5 24 40 42 8 4 5 
2 9 19 55 90 3 4 3 
2 5 16 49 51 5 7 6 
5 6 30 57 86 7 7 8 
4 3 50 31 38 7 4 6 
9 2 51 87 50 7 4 0 
1 4 34 54 70 0 4 8 
8 7 30 67 66 9 0 2 
4 0 2 16 20 7 9 0 
9 2 49 15 40 1 1 6 
4 7 34 51 105 6 3 2 
1 6 26 42 69 8 6 6 
2 5 62 49 40 4 2 5 
4 7 36 61 56 4 3 8 
6 6 51 38 49 2 1 7 
8 6 7 41 53 0 1 3 
3 6 39 64 67 7 0 8 
6 8 0 103 50 6 0 0 
3 6 41 51 27 0 8 7 
0 9 32 77 16 1 7 6 
5 4 34 62 69 3 4 4 
8 8 21 39 36 6 7 6 
5 1 37 103 51 9 6 8 
3 5 14 59 61 3 2 5 
3 9 60 80 27 1 8 4 
0 3 20 6 59 5 1 3 
3 0 64 63 58 8 7 7 
9 3 4 55 46 6 1 2 
8 5 20 73 71 4 0 5 
1 7 0 80 20 4 5 7 
4 6 64 35 50 9 0 2 
9 9 34 56 37 2 7 0 
7 0 16 71 0 9 4 4 
4 6 6 44 40 4 9 7 
3 7 21 68 64 8 1 7 
3 6 53 41 40 3 0 6 
0 4 14 68 68 7 2 8 
9 1 0 67 83 4 3 6 
6 3 21 45 49 0 4 1 
6 6 41 80 36 6 1 9 
8 9 21 46 12 3 0 0 
9 3 31 54 92 6 5 3 
1 3 19 16 50 1 6 0 
4 7 50 43 74 9 8 6 
1 5 43 74 78 0 0 7 
7 3 60 40 84 4 7 3 
0 5 56 50 70 5 5 1 
6 8 76 59 57 9 4 4 
2 9 64 83 14 2 2 4 
3 2 40 56 62 0 0 8 
3 0 3 68 67 0 7 4 
7 7 45 57 14 7 3 8 
8 8 7 75 40 7 8 3 
5 5 11 62 54 1 4 8 
8 5 28 41 74 8 7 5 
4 9 21 31 38 4 8 0 
4 8 40 99 49 9 3 0 
5 9 1 46 47 6 9 4 
2 6 31 33 50 7 9 5 
5 5 37 53 34 4 3 9 
3 4 43 77 73 1 3 8 
1 6 0 42 64 8 0 8 
8 2 9 36 71 7 3 8 
4 7 18 60 18 7 6 2 
8 8 25 67 23 9 4 3 
6 6 0 88 41 6 5 5 
5 6 39 28 52 1 9 1 
0 4 0 26 66 2 8 6 
1 7 29 24 30 4 6 4 
4 2 3 76 73 2 3 9 
0 2 56 33 63 8 5 3 
9 2 0 41 24 8 8 1 
8 5 30 60 63 4 9 5 
5 1 26 32 45 5 5 4 
4 7 47 56 61 3 0 3 
2 3 13 24 58 2 3 4 
4 3 53 47 82 5 0 8 
1 8 5 38 64 1 7 0 
5 1 14 66 41 0 3 8 
8 7 33 98 25 2 6 7 
5 0 54 31 74 5 3 2 
3 1 50 65 46 6 8 4 
3 6 50 25 63 0 3 8 
1 5 20 43 22 7 1 0 
0 1 53 68 85 5 2 6 
5 7 9 41 14 9 6 0 
3 2 12 67 25 9 5 2 
8 1 44 33 65 2 0 1 
0 1 29 80 84 1 9 9 
4 3 42 56 37 3 1 4 
3 4 37 49 26 2 8 7 
6 7 21 68 51 7 0 1 
2 0 46 45 31 7 3 5 
8 7 46 26 98 7 9 8 
2 2 21 32 67 9 0 2 
4 3 54 53 45 5 5 9 
1 4 19 45 33 0 7 2 
9 3 51 55 30 8 9 2 
3 2 40 66 37 6 5 5 
7 6 14 52 22 9 3 6 
1 7 28 86 77 0 1 8 
0 3 49 59 32 5 0 5 
0 5 15 47 39 6 9 6 
9 4 23 0 68 7 9 7 
2 2 25 56 34 4 8 7 
8 6 26 54 68 6 6 4 
0 8 27 44 60 7 1 7 
4 4 10 59 57 9 3 8 
2 5 54 54 40 3 4 9 
6 9 3 36 84 9 5 7 
4 2 47 51 66 9 2 6 
4 9 27 47 25 2 1 9 
7 6 1 50 54 9 5 6 
0 8 55 67 30 6 9 5 
2 4 12 39 15 5 2 7 
4 9 7 40 48 8 4 9 
1 2 17 58 66 6 8 5 
9 5 36 55 54 5 9 2 
0 3 24 53 4 7 8 3 
8 2 0 65 71 3 3 3 
1 4 24 42 72 0 4 5 
8 4 41 45 89 7 7 2 
0 3 29 47 55 3 9 1 
1 3 56 48 34 2 3 6 
4 3 28 47 59 0 9 2 
7 4 2 20 79 2 4 5 
3 3 12 72 74 5 6 4 
8 0 10 31 31 7 9 2 
7 8 19 16 72 2 6 4 
3 9 25 42 23 6 1 7 
5 4 55 50 33 1 8 4 
6 8 49 52 65 9 6 0 
8 8 25 63 71 3 2 3 
4 2 14 23 3 9 9 1 
6 2 19 52 46 0 9 2 
1 2 72 44 66 6 7 5 
9 7 93 24 77 7 2 7 
7 7 3 8 55 8 9 7 
0 2 3 54 59 8 3 0 
1 5 17 52 69 7 8 4 
7 2 3 24 71 9 6 0 
7 3 0 65 37 6 5 0 
6 0 16 83 71 2 5 0 
9 7 18 31 26 6 9 3 
0 7 33 60 73 2 9 5 
7 7 28 36 52 6 0 5 
8 1 44 18 17 3 4 9 
1 2 49 77 84 2 1 8 
1 1 19 30 76 9 7 9 
8 4 56 31 19 5 3 8 
0 9 39 91 69 5 0 4 
3 0 41 79 44 3 2 9 
3 3 37 50 51 1 2 1 
5 4 30 50 67 2 1 4 
0 2 0 26 7 4 4 6 
7 8 9 28 57 3 0 6 
9 3 52 21 44 5 7 1 
0 4 45 70 51 8 0 1 
3 9 35 32 58 5 8 2 
4 3 60 53 60 8 9 2 
0 6 0 87 67 3 6 7 
4 8 13 50 1 2 4 3 
5 9 31 21 39 2 5 1 
9 9 64 48 25 9 1 5 
8 9 54 75 59 8 5 7 
4 1 23 18 25 7 4 9 
2 5 8 31 53 1 6 1 
8 6 11 51 72 0 3 8 
8 7 0 62 36 3 8 8 
9 6 20 19 33 0 4 2 
7 4 26 41 47 9 4 1 
7 5 64 34 78 1 5 8 
2 5 17 63 53 7 6 8 
1 0 49 64 42 2 9 1 
3 6 53 59 61 3 3 3 
2 2 9 53 61 2 0 9 
4 6 26 35 73 5 8 0 
8 1 41 58 44 9 6 9 
0 9 26 52 52 2 8 2 
1 7 0 41 81 3 5 9 
5 6 38 44 34 3 7 0 
2 4 24 38 55 5 0 9 
6 7 51 79 40 2 8 1 
7 3 44 49 67 3 1 5 
3 9 33 81 88 2 6 5 
0 6 51 78 63 5 2 1 
1 5 14 87 58 5 4 2 
3 5 37 69 68 1 9 5 
5 3 0 55 51 0 7 3 
7 5 25 49 12 3 7 5 
9 7 3 72 18 4 1 4 
7 0 61 89 29 2 7 1 
2 6 26 47 49 2 6 3 
3 4 40 17 48 8 3 7 
5 6 42 42 34 4 7 0 
9 5 0 44 48 1 7 3 
9 0 60 46 57 3 8 6 
5 4 68 14 59 0 5 8 
8 7 49 75 31 6 6 6 
7 4 0 52 43 1 3 8 
0 5 5 23 38 3 9 1 
6 2 36 64 34 4 2 3 
6 4 1 47 44 4 7 8 
4 7 58 55 43 4 4 4 
3 4 59 25 61 2 8 2 
3 2 57 60 101 2 6 5 
4 7 30 12 80 5 4 8 
3 7 51 48 62 5 1 2 
7 3 35 57 82 6 6 9 
3 5 51 30 71 4 5 0 
7 9 7 47 39 4 6 3 
9 0 5 71 38 2 5 8 
7 8 14 68 75 3 0 2 
6 6 49 64 2 1 3 0 
0 1 35 0 81 7 5 6 
7 9 23 29 33 1 1 1 
4 3 0 29 85 2 3 7 
3 0 25 63 15 6 9 7 
6 3 41 55 52 6 0 0 
0 3 41 32 56 0 0 5 
7 8 30 39 39 8 2 0 
1 1 49 64 51 7 9 8 
9 9 12 15 38 2 2 0 
9 5 72 37 38 2 9 4 
1 1 34 25 29 4 7 5 
9 7 46 30 29 1 8 2 
0 4 37 15 53 3 7 1 
1 5 47 14 63 6 6 5 
8 6 3 61 31 1 1 1 
0 7 20 58 62 7 0 0 
1 6 27 78 20 6 1 0 
0 5 23 29 48 0 8 4 
5 7 30 54 65 2 7 2 
6 3 47 75 42 8 3 5 
7 6 20 29 24 1 6 1 
2 7 14 45 49 9 6 9 
2 2 46 68 99 6 6 6 
6 4 31 30 19 3 6 7 
1 9 14 49 19 0 3 8 
3 3 11 48 44 4 7 8 
5 5 0 33 35 7 9 9 
7 3 35 59 45 6 9 1 
9 2 35 59 18 4 9 1 
7 2 24 18 46 9 1 7 
0 3 30 83 58 2 1 0 
9 6 5 79 0 8 9 1 
7 2 32 51 35 8 5 9 
9 8 16 97 47 2 1 1 
4 0 4 30 66 5 0 9 
3 4 39 57 31 3 0 0 
9 0 50 64 43 4 3 9 
3 6 0 28 53 9 3 6 
6 5 37 48 57 8 1 5 
0 9 0 60 49 0 3 6 
6 8 29 37 66 5 5 5 
5 7 55 31 59 6 3 2 
6 3 35 55 78 6 0 2 
7 5 51 49 42 0 8 1 
0 9 25 33 50 9 5 8 
6 6 55 54 24 0 6 0 
5 6 83 66 33 0 1 8 
0 7 25 79 63 4 2 5 
3 5 15 63 37 4 1 5 
9 4 11 56 26 5 1 2 
3 9 43 50 26 7 7 2 
0 6 34 37 44 2 3 5 
7 2 0 36 20 6 3 3 
7 9 21 69 39 1 4 8 
2 8 0 22 41 9 4 1 
6 6 72 40 78 0 5 3 
0 1 50 43 67 4 3 0 
6 0 60 55 46 6 0 8 
8 2 10 57 25 8 7 7 
1 7 15 47 47 5 4 8 
4 5 56 67 56 0 3 7 
0 9 60 66 108 5 1 6 
6 9 39 83 37 5 4 1 
2 4 24 42 53 8 2 0 
3 7 67 82 53 2 9 3 
7 0 19 69 37 9 9 4 
6 5 44 100 72 0 1 4 
7 5 0 63 58 1 4 6 
9 8 32 73 40 0 0 7 
1 2 0 51 46 1 8 7 
3 0 18 4 63 6 0 0 
6 8 22 21 48 0 5 9 
6 8 34 36 68 2 8 6 
1 1 72 35 69 4 7 4 
1 8 0 48 56 1 9 9 
1 0 25 45 74 4 4 4 
6 0 0 42 64 1 7 1 
6 5 11 74 52 2 6 2 
3 0 7 53 0 2 5 5 
3 8 34 53 52 5 0 4 
8 8 36 64 38 2 1 0 
4 5 38 45 30 1 6 8 
7 2 52 58 77 7 7 0 
1 6 61 47 100 5 4 0 
0 4 35 30 38 4 6 3 
2 8 0 41 34 2 9 2 
0 5 11 71 86 8 5 2 
5 5 51 7 65 4 5 2 
0 1 59 59 20 0 4 6 
0 2 15 78 93 3 1 3 
7 7 14 66 38 8 2 8 
2 1 76 53 42 8 5 5 
7 9 29 58 64 5 9 6 
4 7 6 26 37 0 3 7 
5 0 55 69 90 9 1 6 
5 7 0 48 39 0 4 1 
9 5 25 16 51 3 4 8 
8 3 35 75 14 3 5 0 
9 2 26 37 16 7 1 1 
2 5 59 38 50 3 1 8 
5 7 0 69 24 4 0 8 
8 8 40 44 37 5 6 4 
3 0 22 58 54 5 6 3 
4 7 14 28 62 5 5 0 
4 7 22 48 28 1 8 7 
6 8 39 37 50 8 8 0 
0 5 28 42 46 8 4 0 
7 9 29 31 52 3 7 8 
3 2 35 104 33 4 4 4 
2 3 39 59 49 9 8 1 
9 4 28 41 47 6 8 5 
7 0 32 38 65 1 3 7 
5 1 44 70 52 7 4 9 
0 7 12 89 27 6 0 0 
8 2 0 54 57 2 5 2 
0 7 6 32 104 4 0 2 
9 3 28 24 41 6 6 6 
8 8 27 35 61 5 3 1 
8 8 0 15 36 1 4 5 
4 1 27 51 69 5 4 3 
0 7 3 83 70 9 0 7 
8 9 27 93 53 0 7 9 
2 8 39 29 35 7 5 3 
6 5 53 26 39 6 8 1 
2 4 37 37 76 0 6 8 
0 8 13 86 54 5 6 2 
5 5 29 45 71 7 0 8 
3 3 20 33 52 1 8 4 
5 8 25 35 38 5 3 4 
6 6 31 31 56 2 5 0 
2 3 22 49 46 2 1 4 
8 7 28 44 72 5 8 6 
1 3 0 54 49 7 9 6 
1 0 66 47 31 9 9 6 
8 0 80 18 75 4 1 7 
9 4 11 35 57 6 9 3 
7 2 2 82 48 6 6 9 
4 2 31 45 58 6 6 2 
9 8 31 33 57 7 0 1 
1 9 25 65 73 3 7 6 
2 3 7 59 27 1 3 3 
6 0 62 67 61 8 1 2 
1 6 0 32 74 7 3 8 
5 1 0 38 43 1 0 2 
7 0 23 30 20 1 0 5 
1 4 14 47 27 9 3 1 
8 8 36 50 44 5 9 0 
2 1 34 34 60 5 7 1 
7 2 33 34 36 9 5 9 
0 0 31 65 59 9 4 7 
6 9 31 35 69 7 2 9 
6 1 0 75 38 5 9 7 
5 3 35 47 80 2 9 7 
0 6 20 18 16 4 1 4 
6 4 27 27 74 0 9 4 
6 9 1 76 80 7 6 0 
9 3 12 45 62 2 4 3 
8 6 50 47 79 5 9 9 
2 9 45 36 58 5 4 9 
4 7 25 41 46 5 1 2 
2 6 16 47 64 7 7 0 
2 1 29 68 81 0 7 7 
5 6 45 64 54 1 3 7 
4 9 35 36 68 8 8 2 
3 7 51 31 18 1 9 2 
6 0 40 39 51 9 1 3 
9 7 0 55 64 4 7 4 
6 0 47 49 39 9 9 4 
2 8 0 42 48 2 0 0 
5 1 8 47 55 9 0 5 
9 9 55 38 43 6 1 6 
4 0 33 70 42 5 2 4 
4 3 12 28 76 9 2 5 
3 0 37 31 56 1 4 0 
1 6 0 23 0 0 8 9 
7 8 0 69 20 1 9 4 
9 0 51 55 64 8 8 5 
8 8 37 16 51 6 0 8 
0 1 20 34 63 1 3 3 
4 9 18 34 43 7 7 1 
4 3 1 20 72 1 4 2 
1 3 60 17 48 9 2 6 
0 8 21 55 46 8 7 5 
4 5 13 50 44 2 2 3 
2 8 34 80 42 1 9 7 
2 9 15 50 81 5 0 7 
8 1 15 44 64 4 6 4 
8 7 29 40 55 6 9 1 
0 7 18 88 62 5 4 0 
5 1 63 47 0 6 6 6 
7 0 3 54 13 3 2 6 
3 7 49 30 87 4 1 4 
5 4 33 65 45 8 7 3 
8 2 73 34 53 0 7 3 
5 5 16 29 29 6 8 2 
2 0 76 67 35 4 2 6 
8 6 39 25 28 8 9 5 
5 5 48 63 64 0 9 1 
2 0 0 37 90 1 8 1 
2 1 14 72 49 3 9 5 
9 2 4 34 37 7 1 8 
6 7 32 81 58 1 1 8 
3 9 41 38 38 1 1 7 
5 7 20 14 34 0 5 0 
0 4 67 67 41 4 3 3 
0 6 13 39 62 1 7 1 
9 6 32 65 42 9 4 3 
8 9 9 23 86 5 7 9 
7 6 9 44 67 7 5 9 
3 1 32 55 41 1 3 0 
3 1 31 44 0 5 5 2 
5 4 24 34 54 9 4 0 
5 4 64 70 49 5 0 2 
2 9 7 53 68 9 5 9 
7 9 48 49 57 5 9 6 
4 4 34 42 68 5 9 7 
1 8 41 60 62 4 1 1 
6 7 55 52 26 8 9 8 
3 6 51 58 40 3 1 4 
0 8 58 40 90 2 6 9 
1 6 2 63 58 8 1 3 
1 9 20 49 4 1 4 8 
3 8 30 61 83 7 4 3 
9 6 45 78 45 1 4 2 
6 4 37 16 59 7 1 6 
6 5 59 31 25 5 0 4 
1 9 46 57 19 4 6 0 
2 5 42 59 45 0 2 4 
5 2 52 18 33 4 2 4 
3 2 9 42 37 6 8 7 
6 3 48 52 63 4 4 3 
5 7 41 65 66 9 1 5 
1 0 0 47 53 1 6 9 
7 7 29 83 42 4 1 1 
4 1 23 34 51 9 4 4 
6 4 22 40 38 6 2 0 
4 3 52 63 47 4 9 3 
4 9 0 58 53 8 3 8 
8 1 34 45 22 6 7 4 
6 6 0 24 34 1 4 1 
7 1 8 38 51 0 2 1 
8 6 43 44 40 2 4 1 
1 3 42 63 47 9 2 4 
1 0 68 48 84 8 0 7 
6 9 7 40 84 9 3 9 
6 3 66 29 41 6 4 9 
4 4 0 34 42 3 1 5 
9 6 15 27 44 0 0 1 
9 5 46 38 49 4 7 3 
0 5 57 48 50 3 7 8 
4 7 51 45 48 2 0 7 
2 8 27 39 61 7 3 5 
3 6 43 43 49 7 8 1 
0 7 52 78 20 2 6 6 
2 4 60 49 42 1 1 9 
7 2 13 10 30 3 6 3 
1 6 19 9 52 7 5 0 
9 1 23 51 44 3 6 8 
0 8 0 63 34 1 6 6 
1 1 26 53 30 5 9 4 
2 0 12 35 66 5 9 2 
6 9 34 88 53 9 0 2 
6 7 34 69 58 1 1 1 
4 3 14 48 66 0 2 0 
4 7 0 39 33 0 2 6 
3 2 37 31 48 8 5 3 
7 5 26 70 43 4 4 3 
7 7 31 65 42 2 9 6 
7 6 44 55 40 9 5 5 
3 4 17 36 52 9 2 6 
2 6 24 15 54 9 1 5 
6 0 3 48 74 8 8 6 
7 7 62 39 97 2 1 8 
1 3 39 47 48 5 3 2 
9 9 30 53 71 2 3 8 
1 3 10 70 28 9 7 6 
2 7 0 59 33 4 8 3 
3 9 38 20 33 4 0 5 
5 2 17 48 22 0 9 1 
5 6 7 68 19 6 2 7 
7 5 0 50 60 2 0 3 
4 3 35 11 40 8 6 3 
5 8 28 17 98 0 6 0 
1 8 25 62 46 4 7 3 
5 2 29 47 50 3 3 7 
8 1 16 31 21 5 5 7 
4 6 14 45 38 9 3 1 
0 5 39 61 65 9 1 8 
9 1 53 33 54 0 4 6 
4 4 40 72 38 5 0 5 
7 4 44 54 73 9 8 5 
3 4 39 67 43 9 0 7 
5 4 38 33 62 3 7 0 
8 2 14 72 48 8 3 2 
6 5 28 29 47 9 9 0 
7 1 30 73 80 3 3 1 
3 9 26 67 54 6 2 9 
4 8 10 65 51 8 8 1 
0 8 48 54 68 6 6 1 
4 6 3 56 75 2 2 1 
0 5 47 82 76 7 8 3 
1 5 60 45 36 9 4 0 
3 6 26 34 66 2 6 1 
9 1 11 55 30 7 8 6 
2 1 17 60 39 3 1 3 
8 0 32 55 34 9 6 3 
4 6 15 81 34 1 4 2 
7 7 8 40 52 8 4 1 
8 7 61 75 50 5 0 7 
8 0 26 63 76 3 0 1 
0 3 13 55 46 9 9 0 
4 9 60 54 77 9 9 5 
9 6 0 56 55 7 8 0 
2 2 8 54 57 2 5 9 
1 1 27 41 54 9 3 5 
4 6 7 22 87 1 6 9 
3 8 29 19 45 0 6 3 
3 8 13 75 53 2 0 9 
5 0 21 45 58 3 6 2 
0 2 32 58 81 2 4 4 
9 3 44 61 20 7 4 5 
8 9 38 26 42 6 1 5 
8 8 3 12 51 7 9 8 
2 1 43 5 55 2 5 5 
7 9 24 37 37 3 1 9 
3 9 46 69 55 5 7 7 
6 5 11 55 62 2 8 2 
1 5 61 50 64 1 5 8 
3 6 45 72 22 7 4 7 
7 7 11 90 36 5 0 7 
8 8 1 61 45 1 5 8 
2 3 46 58 60 7 4 5 
9 9 25 65 94 9 0 1 
3 5 49 55 62 2 0 9 
0 8 0 29 28 5 3 9 
2 9 31 85 67 7 3 2 
2 5 31 37 42 5 5 7 
0 9 4 14 65 1 9 2 
7 8 30 37 38 2 6 1 
5 6 28 59 66 7 0 5 
0 1 40 43 41 8 5 4 
0 6 19 79 42 6 2 4 
6 1 48 34 29 0 5 4 
4 6 46 44 69 4 8 9 
3 9 51 66 91 8 6 5 
3 7 0 69 49 2 2 9 
4 1 36 72 46 7 6 4 
5 5 28 80 37 8 3 9 
3 2 14 46 22 3 4 2 
9 4 0 65 58 8 3 6 
0 3 72 75 74 8 7 3 
4 4 29 31 45 5 9 6 
1 8 23 86 45 9 1 0 
0 2 33 36 36 4 8 9 
2 6 28 44 32 9 8 8 
0 3 11 52 56 8 1 2 
9 6 16 54 70 0 1 7 
7 8 60 48 73 9 4 9 
1 9 21 39 39 2 4 2 
4 9 15 39 75 6 1 1 
0 1 11 32 59 5 6 2 
5 1 14 26 41 8 8 6 
7 7 48 77 59 6 8 7 
8 4 1 32 37 5 4 0 
6 0 23 78 37 0 7 5 
2 4 1 60 41 0 5 4 
6 7 31 68 0 0 1 2 
4 8 3 62 43 0 5 3 
4 7 48 40 72 2 2 4 
0 3 37 63 71 4 9 2 
2 8 70 23 17 7 8 9 
2 3 25 34 14 0 5 0 
1 9 15 55 27 8 9 6 
1 3 39 51 64 4 0 4 
9 9 70 48 42 3 0 3 
2 3 25 30 57 9 6 6 
7 9 17 71 66 3 7 0 
5 5 0 75 18 4 5 1 
4 1 74 37 32 9 8 7 
7 4 41 30 41 6 1 7 
1 8 39 71 36 3 2 4 
8 1 57 45 52 0 2 4 
1 8 24 11 52 1 9 3 
9 2 63 40 25 2 9 1 
5 1 44 29 58 5 6 7 
8 9 62 53 54 3 2 1 
9 3 51 68 42 7 6 0 
5 4 6 64 47 1 6 3 
8 0 30 26 24 9 5 0 
8 2 63 51 50 8 8 7 
2 3 51 84 28 5 8 0 
9 9 38 38 71 7 1 1 
0 5 20 60 56 3 7 9 
7 7 65 51 69 0 9 0 
7 8 55 46 61 4 3 3 
8 0 41 77 62 2 2 1 
3 8 19 34 59 1 9 5 
3 8 38 64 60 9 6 6 
6 9 63 23 29 6 8 2 
9 7 7 48 63 6 8 7 
0 9 56 32 51 0 0 8 
4 1 10 61 56 7 7 9 
8 9 51 7 65 5 7 8 
4 7 0 63 47 5 0 2 
1 9 0 28 32 6 8 1 
6 7 16 71 59 8 5 0 
7 9 29 32 71 2 5 6 
9 3 36 69 37 3 2 8 
1 2 20 49 39 7 9 5 
4 4 4 95 16 0 8 5 
4 6 10 48 45 0 9 2 
8 3 26 56 60 6 0 5 
9 6 64 52 61 8 0 8 
7 4 17 42 54 6 3 4 
8 8 18 55 12 4 6 8 
7 1 33 35 52 0 3 0 
0 1 43 78 27 9 7 7 
3 7 47 34 55 6 2 4 
1 1 50 70 44 5 6 9 
3 5 38 37 61 8 0 6 
7 0 51 56 81 2 2 2 
9 0 59 60 35 4 7 2 
1 2 46 39 57 6 2 7 
8 7 33 61 50 8 5 6 
7 5 9 15 21 2 7 9 
9 8 28 25 57 6 8 7 
2 5 0 61 32 6 4 5 
2 2 16 39 62 0 5 2 
6 2 27 49 58 1 4 4 
3 0 73 81 34 9 2 6 
8 5 26 40 34 6 7 2 
9 6 28 70 85 3 2 5 
7 2 42 24 47 9 0 2 
5 6 40 33 37 3 2 2 
1 2 9 37 48 2 9 9 
2 8 6 68 53 6 7 9 
0 9 36 44 45 9 7 4 
8 9 45 40 41 3 1 3 
2 1 67 34 71 0 2 3 
6 3 15 50 30 1 0 8 
9 2 0 26 50 1 7 6 
4 0 18 50 57 9 5 8 
4 3 23 48 72 6 7 1 
8 2 0 68 61 0 6 8 
5 4 61 41 60 2 3 5 
1 5 29 29 38 6 7 5 
3 6 32 57 39 9 7 5 
5 0 44 52 52 8 0 3 
7 4 0 74 32 1 6 7 
1 4 46 39 57 3 8 4 
2 7 71 18 18 2 4 1 
3 6 43 48 53 6 3 3 
8 8 45 86 39 2 6 7 
1 4 25 46 40 7 2 4 
1 0 37 18 35 9 6 4 
1 6 31 35 51 0 4 6 
9 4 26 21 47 7 4 5 
9 2 53 44 81 5 9 3 
8 2 17 44 49 3 3 2 
3 3 21 75 81 5 3 2 
1 7 29 80 55 9 1 3 
0 6 69 34 38 0 3 6 
2 0 5 51 80 4 1 2 
8 1 10 39 64 6 3 3 
1 6 2 8 52 9 7 2 
7 2 58 35 37 7 8 5 
9 8 22 84 40 2 3 4 
7 7 20 28 60 3 9 3 
3 3 26 58 20 6 0 9 
1 2 27 17 56 2 5 2 
7 6 6 22 13 7 0 4 
5 8 4 69 62 1 3 8 
1 2 58 43 38 5 5 7 
6 0 0 41 42 8 9 4 
7 6 23 32 86 3 9 7 
3 7 50 32 57 3 9 8 
1 7 32 68 69 5 2 0 
0 1 29 30 118 8 0 8 
9 9 29 44 43 3 5 5 
4 4 10 33 88 9 8 4 
5 5 43 66 60 8 4 3 
8 2 41 44 56 1 5 7 
4 2 38 70 26 9 1 4 
2 9 0 77 48 6 3 8 
0 9 75 57 75 3 5 8 
7 5 26 58 55 2 3 3 
3 4 0 68 35 8 6 1 
2 8 31 39 58 1 3 7 
3 0 31 90 70 8 0 7 
2 8 13 43 43 6 0 4 
1 8 14 52 51 9 9 9 
2 6 25 75 55 3 0 5 
5 9 31 53 61 3 5 4 
7 0 5 65 62 7 4 0 
8 9 31 43 53 4 6 6 
7 8 38 83 56 7 7 0 
3 8 50 76 67 1 7 2 
0 7 16 63 41 1 2 7 
8 5 61 42 76 6 0 0 
5 0 5 54 57 5 0 4 
1 2 30 61 46 1 4 7 
3 5 48 17 0 3 6 0 
8 1 15 11 54 4 7 4 
0 2 31 49 61 9 9 5 
0 3 47 40 42 0 5 8 
8 9 0 51 72 4 8 4 
9 2 61 35 47 0 1 8 
4 4 55 19 32 5 4 0 
8 3 9 72 42 2 8 3 
5 2 22 62 42 0 7 5 
1 5 22 19 16 7 8 3 
0 5 84 41 38 5 1 5 
4 9 19 69 48 7 5 0 
2 2 4 19 52 4 7 3 
4 7 42 53 60 4 9 0 
4 9 68 75 24 7 3 0 
1 6 36 25 45 7 2 0 
3 9 17 41 60 0 4 0 
2 0 30 58 28 8 8 0 
1 5 3 43 48 1 6 5 
0 5 28 54 36 6 5 7 
9 0 0 32 76 9 5 4 
6 3 46 83 55 4 0 2 
9 8 62 43 64 5 4 2 
6 2 0 35 30 6 2 6 
7 4 24 52 52 0 7 3 
0 9 0 64 57 5 8 2 
4 4 27 48 84 5 4 4 
2 7 31 91 70 9 1 7 
4 3 13 70 64 8 3 8 
6 3 25 48 61 1 9 4 
8 4 37 54 54 4 3 4 
0 6 30 54 45 7 2 8 
0 9 60 14 65 7 3 1 
6 2 39 36 68 7 5 2 
4 5 34 74 57 2 9 1 
0 1 8 55 12 0 1 7 
4 0 26 62 48 3 9 3 
7 5 35 82 52 6 3 7 
4 5 52 26 40 9 4 0 
7 3 1 41 32 7 8 7 
7 9 25 40 58 7 7 9 
4 1 12 53 76 0 8 0 
5 1 30 48 75 1 3 2 
4 5 12 73 49 3 8 7 
0 5 19 40 30 6 9 6 
5 8 19 7 85 6 5 5 
0 7 45 42 33 8 3 9 
8 4 6 45 39 0 9 1 
9 4 33 46 56 5 6 0 
0 8 49 45 32 6 6 8 
3 5 20 47 65 4 9 7 
5 0 38 46 33 8 4 6 
0 8 16 37 72 5 1 1 
7 8 40 32 46 4 3 9 
0 9 34 99 32 9 6 5 
4 4 14 39 48 3 0 8 
7 8 33 17 51 7 1 7 
2 4 16 57 86 5 2 0 
7 0 64 28 60 4 4 4 
1 2 8 52 41 4 5 7 
0 1 30 58 70 9 6 8 
1 5 16 62 11 6 6 0 
6 6 47 53 50 3 9 5 
5 8 22 35 75 7 1 1 
6 7 0 18 76 7 1 5 
6 4 33 51 61 4 2 9 
6 8 1 55 51 5 5 3 
6 0 0 19 76 1 5 7 
9 4 28 75 48 9 8 9 
7 0 25 44 50 2 0 9 
6 5 12 18 31 8 7 3 
6 5 41 31 52 9 7 0 
0 5 22 20 36 5 1 9 
4 3 0 54 59 8 6 4 
6 2 38 89 37 6 1 3 
7 1 53 56 82 5 1 7 
3 3 47 61 32 3 3 1 
4 8 25 62 31 0 1 2 
8 9 32 53 90 0 1 4 
3 8 3 28 18 4 6 7 
5 2 33 63 51 8 6 2 
4 3 21 71 46 2 0 2 
9 1 71 72 22 5 3 7 
7 9 1 54 57 8 5 0 
0 3 4 39 72 3 7 2 
6 3 37 81 45 8 1 5 
6 2 18 86 37 8 9 4 
2 2 31 34 37 3 0 2 
8 4 28 10 72 0 8 5 
7 5 29 29 46 6 7 7 
2 2 27 49 49 4 0 1 
3 6 4 39 22 9 7 3 
1 5 43 61 56 8 9 7 
8 9 41 35 61 1 0 4 
9 6 22 43 75 0 1 9 
0 4 30 38 78 0 5 3 
7 6 19 45 52 7 8 0 
4 5 35 74 72 0 0 7 
3 0 33 30 51 2 5 7 
3 9 27 86 62 7 7 3 
4 1 1 81 8 6 3 2 
5 3 21 40 58 4 8 9 
7 2 33 50 57 9 7 8 
7 5 22 33 69 7 8 8 
1 0 68 55 17 5 1 4 
3 7 36 39 33 9 7 9 
0 3 49 62 47 9 2 5 
9 0 15 36 84 7 8 8 
0 3 40 34 49 8 7 2 
8 2 20 57 35 7 3 5 
2 5 25 44 54 1 4 1 
5 9 8 57 22 6 6 1 
1 8 56 31 46 4 9 1 
1 3 22 26 52 9 0 0 
3 5 26 27 33 8 2 8 
6 1 4 31 65 3 2 8 
6 4 30 38 78 3 2 9 
8 9 53 25 60 5 2 1 
9 2 43 23 44 6 1 2 
6 8 35 69 83 6 9 9 
5 4 1 64 49 4 0 9 
4 4 13 46 23 3 2 5 
8 2 58 89 45 8 1 6 
9 0 37 58 53 2 4 9 
2 2 42 49 22 6 6 5 
2 8 23 71 48 9 0 9 
7 3 34 66 60 6 9 0 
9 6 40 46 44 9 7 9 
2 0 15 45 51 9 8 2 
9 6 23 70 0 1 4 3 
8 8 73 61 37 5 7 8 
2 1 64 76 37 1 2 9 
8 5 68 87 31 3 1 1 
1 3 54 75 86 2 5 9 
5 5 27 59 18 1 8 5 
7 2 34 52 34 1 9 5 
6 1 41 84 69 6 6 1 
4 9 0 24 65 1 9 0 
9 8 35 37 33 1 1 4 
3 5 43 60 65 4 5 5 
3 2 44 53 90 7 2 1 
9 2 5 52 101 7 5 3 
1 9 12 49 43 3 8 1 
7 5 12 64 31 0 1 6 
1 7 11 45 42 6 4 9 
6 1 24 79 49 4 8 4 
9 6 17 58 26 3 0 2 
1 7 14 61 53 4 1 6 
5 8 42 46 47 5 3 9 
3 0 11 78 50 6 5 2 
1 4 35 25 60 4 0 3 
2 6 36 51 60 6 3 0 
4 1 16 38 89 2 2 4 
3 1 38 29 38 4 4 2 
9 8 55 18 29 3 1 4 
6 2 48 44 69 3 5 0 
3 9 38 54 52 7 5 3 
7 6 36 39 0 2 8 2 
4 3 19 9 61 0 5 5 
3 1 27 76 75 5 4 0 
2 4 18 56 65 3 3 0 
3 3 34 63 14 0 2 9 
5 3 35 73 65 3 8 4 
0 1 63 75 87 2 7 4 
3 7 11 65 36 9 7 4 
2 2 11 25 44 6 8 5 
8 8 24 65 74 9 6 0 
6 6 50 13 29 3 8 1 
4 6 35 39 28 9 8 3 
3 8 52 62 58 2 2 9 
8 7 48 33 80 1 2 1 
2 2 0 35 52 7 3 1 
3 0 70 8 50 7 4 3 
9 2 53 47 87 8 1 7 
4 1 13 53 50 0 8 2 
0 4 27 96 43 9 7 0 
9 4 31 37 47 7 5 1 
8 0 16 53 58 8 1 3 
4 1 42 55 44 6 1 4 
9 3 26 84 82 4 9 4 
6 5 41 58 43 7 4 3 
3 7 18 67 36 1 6 9 
9 5 0 41 13 1 8 3 
7 0 53 53 88 3 5 5 
4 8 6 46 33 9 8 0 
7 2 40 74 81 4 6 7 
8 6 0 89 39 3 5 5 
2 4 18 52 61 3 7 5 
8 0 34 24 57 8 6 6 
6 9 58 51 37 4 8 7 
0 4 69 40 34 6 4 4 
4 5 34 61 69 9 6 5 
9 9 38 56 65 4 6 0 
1 6 19 47 62 3 8 6 
9 1 0 46 43 5 5 8 
9 1 22 59 55 7 4 6 
7 8 24 75 54 0 3 1 
3 5 0 52 47 0 7 1 
4 8 46 37 53 7 2 7 
4 0 32 45 10 4 1 2 
1 7 57 32 29 4 9 1 
5 2 24 59 57 3 8 2 
8 3 4 80 41 0 6 5 
8 1 30 76 16 4 0 9 
5 0 38 55 70 3 3 7 
0 4 19 52 67 3 0 8 
1 7 0 37 22 5 3 9 
9 7 24 34 44 4 4 2 
7 7 7 28 26 2 3 2 
5 5 36 55 34 0 8 9 
9 2 15 26 57 4 6 6 
2 2 32 50 30 4 7 1 
3 8 14 83 59 8 3 8 
1 4 45 70 66 6 8 5 
1 5 48 83 51 5 4 4 
6 2 19 34 60 2 7 9 
7 3 14 60 42 3 6 3 
0 4 24 58 50 3 5 2 
6 0 43 34 48 3 6 4 
8 3 0 83 42 6 4 0 
3 6 0 49 42 5 4 2 
1 4 13 32 69 7 0 5 
9 1 34 28 60 9 5 4 
8 7 7 74 0 7 2 7 
2 4 40 55 6 6 3 9 
7 2 20 77 20 4 3 1 
4 7 32 33 91 0 1 6 
2 7 59 46 68 7 9 9 
1 5 22 81 56 6 9 0 
0 5 10 85 59 4 2 5 
0 6 35 50 59 9 7 0 
9 3 26 0 33 6 3 9 
9 9 39 59 55 1 6 7 
1 7 19 66 21 8 9 4 
6 8 33 53 59 6 8 4 
7 8 7 58 46 3 8 3 
3 0 39 44 47 3 3 7 
3 8 0 83 59 9 3 9 
3 6 28 98 65 7 0 0 
7 4 26 62 35 8 6 7 
9 9 34 49 42 8 9 2 
7 5 44 84 54 9 5 2 
8 0 0 68 56 5 5 1 
7 1 36 74 30 6 6 7 
7 8 33 57 68 6 5 9 
5 6 53 66 67 5 5 3 
4 9 70 64 40 2 6 8 
5 9 32 21 54 3 1 8 
2 0 5 42 45 9 9 3 
7 4 35 65 57 2 8 8 
9 9 57 65 60 9 8 3 
5 6 3 36 48 6 9 5 
6 4 41 60 39 9 5 0 
0 0 30 54 76 5 3 0 
6 2 40 43 92 9 2 0 
7 2 21 79 50 6 8 1 
8 6 23 67 101 9 1 8 
1 4 33 54 17 8 4 3 
6 5 10 63 54 2 1 0 
2 7 34 25 71 9 6 5 
0 2 20 50 37 7 5 8 
6 5 23 36 48 5 1 8 
1 2 40 23 38 2 1 6 
8 0 58 64 111 7 2 3 
9 8 43 50 51 1 8 1 
5 0 9 61 54 4 4 3 
6 0 19 52 61 5 4 2 
6 2 0 61 43 4 0 4 
3 3 43 33 94 0 5 7 
7 7 41 122 50 5 4 2 
9 5 20 23 68 8 5 8 
9 1 20 72 70 0 3 8 
8 7 30 12 64 2 5 8 
5 2 46 64 65 6 5 7 
1 3 37 97 64 6 2 2 
5 6 52 70 44 0 3 9 
2 2 17 45 80 2 4 6 
0 5 32 44 21 0 4 1 
9 6 31 34 85 7 1 5 
3 7 43 125 46 6 4 8 
8 9 49 49 40 9 9 3 
4 0 31 61 34 9 6 7 
5 8 18 5 75 9 6 4 
1 2 29 31 82 0 0 2 
1 8 10 55 48 1 5 7 
3 2 39 75 30 0 8 6 
5 3 44 24 68 4 5 9 
0 2 21 31 47 4 2 5 
6 1 4 34 60 3 2 8 
8 4 17 44 65 6 5 5 
9 6 27 67 54 4 3 1 
2 2 68 97 61 0 7 3 
9 9 51 65 73 7 4 9 
2 2 22 34 92 3 8 6 
8 8 32 62 47 9 0 2 
4 4 40 0 49 9 9 1 
8 4 34 61 96 2 8 7 
1 4 49 50 42 3 0 7 
0 9 38 57 39 4 2 0 
4 3 7 73 70 1 6 8 
6 2 12 35 22 7 1 2 
4 0 13 49 28 5 4 4 
0 5 39 40 23 8 2 1 
8 6 46 37 66 6 3 3 
8 5 50 37 52 4 1 5 
1 8 13 63 71 1 5 7 
0 4 7 110 45 6 8 5 
9 9 45 75 55 4 0 0 
0 4 35 52 52 4 7 1 
1 8 57 14 55 7 5 9 
6 4 49 63 64 6 1 6 
9 1 37 22 64 5 7 5 
3 5 27 0 89 9 8 4 
2 3 6 79 45 1 3 9 
4 6 44 22 45 2 3 8 
4 2 25 21 66 3 7 3 
3 4 36 58 62 8 3 0 
9 8 67 58 59 4 1 4 
4 9 14 35 61 4 9 9 
2 7 43 37 39 6 6 2 
8 5 13 58 34 3 8 2 
1 1 42 46 57 8 8 9 
7 4 45 42 53 7 3 6 
5 0 40 44 44 9 6 3 
5 3 10 32 30 3 3 4 
1 3 44 52 38 2 3 9 
9 9 58 20 48 9 0 3 
4 3 0 34 74 5 2 0 
3 7 12 75 49 4 5 1 
5 5 21 36 47 4 9 4 
9 9 43 63 50 8 2 4 
6 7 16 84 77 6 1 4 
0 5 32 27 50 3 4 7 
9 5 12 22 36 8 6 3 
9 3 30 44 48 7 6 3 
6 3 79 23 42 0 1 2 
2 1 42 45 54 5 4 5 
3 2 23 54 42 7 3 5 
0 3 26 109 50 4 3 7 
5 1 51 45 47 7 1 3 
5 8 12 45 41 6 2 4 
9 3 37 60 61 9 1 3 
1 4 0 78 56 3 2 6 
1 5 27 40 73 1 1 2 
4 1 31 40 66 2 9 1 
2 4 30 40 42 5 2 8 
7 9 12 47 55 5 3 3 
5 4 31 59 60 1 0 5 
5 2 10 89 35 3 6 1 
4 1 49 60 66 8 4 2 
4 6 33 35 56 1 4 3 
4 6 28 71 61 1 3 8 
7 5 0 74 38 7 9 7 
4 6 40 56 65 9 1 5 
4 5 42 53 55 8 4 5 
9 5 27 83 32 5 1 5 
8 2 53 13 43 8 1 2 
5 2 44 56 58 9 4 6 
8 0 29 23 28 8 8 4 
8 6 44 46 61 5 9 7 
2 5 56 58 22 2 8 5 
7 7 30 113 30 1 6 0 
3 0 0 53 45 2 9 3 
5 6 35 41 46 9 6 8 
7 6 35 68 42 7 8 5 
5 5 50 72 25 4 2 8 
9 5 51 84 64 5 5 9 
4 8 35 35 63 8 5 4 
3 6 22 35 32 4 6 8 
3 7 36 40 27 7 5 2 
7 0 53 67 17 9 6 4 
0 7 40 35 45 7 9 4 
1 2 35 41 71 2 4 0 
0 7 28 23 44 2 4 8 
5 9 35 35 68 9 5 0 
2 5 54 37 42 0 7 7 
9 3 48 58 86 3 1 6 
4 6 31 53 81 5 6 9 
2 8 46 11 28 6 3 0 
0 9 45 31 41 1 3 8 
0 4 17 52 45 1 9 1 
2 7 30 20 50 9 2 1 
3 7 29 42 61 0 8 1 
2 8 36 29 56 2 8 1 
7 3 31 53 49 3 6 7 
9 0 47 48 32 6 5 7 
1 3 39 40 65 5 7 2 
0 1 29 59 34 4 9 0 
6 0 34 21 67 8 4 2 
4 0 43 79 54 2 9 9 
8 1 14 26 68 2 8 9 
3 1 46 43 54 5 7 7 
5 7 10 2 83 0 0 8 
6 1 38 54 42 6 0 7 
7 5 36 62 43 2 9 3 
0 4 3 57 71 5 7 9 
6 0 5 86 42 6 7 2 
4 0 31 53 41 4 4 9 
8 9 0 52 22 8 2 4 
2 3 0 25 38 3 5 9 
1 7 2 86 47 0 0 5 
3 0 20 19 15 1 5 8 
2 5 30 71 37 4 4 5 
6 6 44 52 71 1 5 9 
9 3 36 38 59 5 7 5 
3 3 11 59 71 2 9 3 
8 6 12 36 49 2 4 2 
6 8 6 30 23 1 0 0 
6 5 6 73 49 9 3 6 
0 4 65 58 51 8 8 3 
5 5 25 56 69 7 3 1 
3 2 33 43 15 9 9 9 
6 7 25 63 61 2 7 0 
6 5 19 36 58 8 3 3 
9 1 0 59 47 4 4 0 
4 9 37 47 21 5 7 4 
1 8 44 56 26 4 3 9 
5 6 32 48 33 8 6 7 
3 2 23 44 76 8 8 3 
0 4 40 57 46 6 9 3 
9 5 12 55 64 7 3 8 
0 7 14 39 58 7 8 7 
8 1 62 80 68 9 5 5 
1 7 18 61 51 9 2 0 
6 9 16 30 65 1 9 2 
7 5 0 36 50 5 0 9 
0 8 41 72 20 2 6 1 
9 6 18 46 56 7 5 2 
3 2 0 59 62 2 5 8 
6 1 46 81 69 0 4 7 
2 4 26 51 71 1 8 4 
3 5 0 57 79 2 3 1 
3 0 0 28 28 7 9 1 
9 0 69 57 35 0 4 6 
7 5 33 85 56 4 4 9 
5 1 35 54 45 3 1 5 
7 6 33 51 50 7 6 4 
2 0 20 36 41 4 8 8 
7 9 37 0 28 6 5 0 
1 4 25 90 47 5 9 8 
1 0 45 70 81 4 1 0 
6 6 36 59 44 6 0 0 
2 2 43 57 40 4 0 3 
1 9 64 48 41 4 7 6 
7 1 18 33 70 8 5 3 
3 1 21 5 73 2 2 8 
8 7 53 29 30 3 9 2 
2 2 72 51 44 0 9 6 
1 3 0 41 81 4 2 9 
8 3 23 0 40 8 2 6 
9 9 36 28 45 2 9 0 
8 5 47 51 64 5 6 8 
2 5 45 55 63 7 9 4 
3 3 3 40 21 5 5 8 
2 6 31 41 74 5 5 7 
3 4 33 74 42 5 5 5 
8 4 51 32 87 8 2 2 
9 0 0 63 11 9 9 4 
9 7 25 1 41 4 9 6 
1 2 77 36 45 2 4 5 
6 4 12 33 49 1 5 2 
7 7 68 48 55 7 6 3 
5 4 1 62 64 7 1 8 
5 0 0 43 54 3 5 0 
5 1 0 65 67 0 6 4 
6 0 1 46 45 1 6 8 
3 5 50 27 74 4 3 4 
0 4 61 49 15 9 4 7 
2 1 40 27 5 9 0 8 
1 8 67 57 39 6 8 8 
0 1 24 33 52 3 1 4 
5 3 16 64 53 3 2 8 
0 7 44 17 37 8 0 8 
2 1 24 44 78 5 2 9 
2 8 35 60 61 6 2 7 
3 4 31 72 39 5 5 0 
0 7 0 33 60 1 3 3 
7 3 0 5 81 0 2 8 
1 1 47 54 23 1 5 2 
6 0 9 52 43 9 0 3 
1 6 5 73 54 0 6 9 
8 1 24 52 42 7 5 2 
4 3 34 69 50 8 1 6 
1 1 26 25 23 7 4 8 
9 1 4 45 84 3 5 9 
2 7 83 74 73 1 4 1 
3 2 70 40 47 5 4 5 
3 0 33 64 51 8 7 9 
1 7 62 82 81 0 6 2 
3 0 38 39 83 9 9 4 
6 4 14 80 67 3 4 5 
5 8 6 48 68 6 8 6 
7 6 28 43 13 2 8 2 
9 5 20 31 48 2 3 6 
4 7 5 69 57 7 8 0 
8 3 0 47 41 7 3 7 
0 7 5 66 60 7 1 1 
4 5 51 36 42 1 1 3 
3 2 10 69 40 2 3 4 
2 0 41 40 44 0 0 9 
0 8 36 88 56 4 7 3 
8 8 27 43 54 7 1 2 
6 4 29 41 43 7 3 2 
5 0 28 59 39 0 8 7 
2 0 26 49 32 1 5 4 
1 1 6 31 38 7 9 8 
8 9 0 38 62 7 9 9 
4 9 45 78 41 4 3 3 
4 2 23 33 18 8 4 9 
7 5 25 92 61 6 4 8 
2 9 36 34 68 7 5 2 
0 9 3 47 33 9 4 0 
9 5 59 38 90 3 1 4 
4 8 4 67 17 1 2 0 
4 4 45 24 24 2 1 5 
1 1 0 55 55 4 6 3 
4 0 26 73 76 0 2 6 
6 6 39 56 74 9 4 7 
6 8 13 7 63 9 4 2 
4 2 0 37 37 7 1 1 
6 4 35 31 67 7 0 2 
7 4 32 77 46 7 9 8 
9 6 30 35 28 0 6 4 
9 0 18 51 31 7 6 6 
3 6 0 54 38 0 3 3 
8 4 0 72 26 9 2 7 
0 8 70 54 34 3 0 0 
3 9 46 74 77 9 1 0 
2 7 48 91 71 4 3 9 
5 3 38 20 41 0 8 5 
4 8 16 76 46 0 5 3 
4 0 43 76 16 9 0 8 
7 0 27 79 70 6 5 8 
9 4 19 52 50 5 5 9 
1 3 23 32 68 9 4 2 
9 9 50 55 56 4 2 8 
3 8 45 23 65 5 7 1 
5 9 27 63 63 1 0 5 
3 8 47 44 47 9 6 5 
9 7 12 33 27 0 3 1 
5 0 5 62 53 2 8 4 
6 0 0 50 9 1 1 5 
3 9 43 79 61 4 4 2 
2 3 0 65 73 8 7 5 
4 3 54 63 58 6 8 9 
5 2 24 61 55 9 0 8 
7 3 36 77 16 9 3 2 
9 4 40 32 74 0 5 2 
4 1 13 42 61 7 6 5 
9 2 33 68 71 6 5 1 
9 1 37 86 54 4 2 9 
4 1 60 74 72 2 1 0 
0 3 27 40 74 0 9 2 
1 2 29 35 53 0 0 4 
2 6 0 25 38 2 2 7 
6 5 77 49 60 8 5 0 
5 3 12 54 59 4 5 8 
1 0 8 39 68 2 1 2 
5 1 26 63 8 0 5 7 
5 1 17 65 55 3 4 4 
5 0 10 109 13 9 7 8 
5 5 24 50 56 7 6 7 
4 4 0 21 42 1 9 7 
8 7 4 45 62 7 9 3 
4 7 0 58 45 0 1 0 
1 3 57 35 77 4 4 2 
7 5 40 23 67 9 2 6 
7 5 83 55 24 6 1 6 
6 5 39 26 28 2 1 2 
8 5 22 48 43 7 3 2 
9 6 22 68 63 9 9 0 
4 3 61 13 69 1 7 5 
4 3 15 44 50 8 8 3 
5 2 44 51 60 0 7 0 
0 0 65 53 7 3 7 0 
0 8 13 79 29 1 5 6 
8 0 32 12 35 5 5 5 
0 4 12 61 45 1 3 2 
2 9 23 34 60 1 6 4 
2 5 29 34 52 7 9 3 
7 2 0 98 42 1 9 3 
5 2 41 53 41 1 4 1 
8 6 38 0 45 3 2 2 
5 5 20 0 60 5 1 3 
9 0 44 50 36 1 2 1 
8 7 28 25 32 7 4 9 
1 5 0 20 66 2 9 2 
0 6 0 42 58 5 0 9 
7 4 39 69 69 3 8 2 
8 3 27 51 57 0 9 0 
5 7 33 52 50 4 3 7 
0 9 63 58 55 7 9 9 
5 8 23 26 63 2 3 7 
3 4 18 83 28 1 5 8 
3 2 7 42 41 0 4 3 
4 3 37 23 44 0 1 2 
3 8 37 79 40 5 8 4 
6 5 48 30 49 6 6 9 
9 9 36 34 73 0 0 6 
6 0 51 19 32 5 0 5 
3 7 0 28 54 3 9 2 
0 1 0 33 58 8 1 8 
9 9 36 30 50 9 5 9 
7 1 16 52 44 7 8 3 
6 5 12 86 47 6 1 0 
4 9 32 20 58 0 6 1 
9 8 7 88 38 9 4 3 
3 9 33 39 39 0 4 8 
9 3 25 83 76 8 3 7 
3 6 40 44 68 4 3 6 
4 4 16 36 41 6 4 8 
1 2 31 48 30 0 9 2 
5 2 43 20 14 7 5 5 
3 7 30 45 50 3 0 0 
3 9 27 45 57 8 4 2 
7 2 19 38 40 1 7 1 
5 6 12 41 52 3 7 7 
9 9 7 46 26 0 1 4 
6 1 3 53 71 5 0 1 
3 4 27 61 63 3 4 9 
6 4 38 29 40 3 4 1 
9 2 44 56 65 4 7 1 
8 7 0 57 32 7 9 3 
1 1 38 36 51 0 2 9 
5 0 20 1 89 6 6 5 
8 1 39 28 69 4 6 3 
3 9 17 88 74 4 5 3 
0 5 70 57 54 0 4 5 
7 8 0 61 18 6 1 1 
4 6 0 19 59 1 2 2 
5 5 12 68 36 8 6 7 
4 1 35 42 40 4 6 6 
7 0 42 52 69 6 8 3 
4 4 15 61 10 6 1 8 
4 8 24 14 58 2 4 5 
5 0 0 39 61 5 8 5 
5 1 71 46 16 9 9 4 
7 2 17 77 25 9 3 7 
4 2 46 66 22 2 1 3 
8 2 30 37 75 1 2 0 
0 6 16 47 30 2 0 9 
8 7 28 69 22 0 6 1 
8 1 34 55 30 0 4 7 
7 4 2 52 41 8 9 7 
4 1 31 30 68 0 7 6 
9 0 15 37 63 8 6 4 
2 0 30 34 66 3 7 5 
9 2 22 60 45 8 6 1 
2 4 0 30 80 3 9 7 
7 3 19 84 108 8 7 0 
4 3 21 74 41 8 3 8 
4 6 31 79 48 1 0 4 
6 8 72 59 74 0 9 7 
1 6 23 79 82 7 8 3 
1 4 5 16 29 3 0 0 
2 6 17 49 44 1 1 6 
4 8 0 52 53 7 1 9 
5 3 67 41 19 0 0 1 
7 7 35 34 104 3 3 3 
6 3 34 31 69 8 2 2 
3 5 44 63 17 7 9 7 
1 5 37 100 25 5 0 9 
2 1 0 9 63 9 3 9 
0 4 28 26 25 3 7 4 
0 2 19 37 55 9 6 5 
6 4 7 56 48 2 6 7 
8 7 0 77 73 7 2 5 
9 3 0 49 48 4 0 3 
4 9 37 28 38 6 0 0 
2 5 48 32 52 9 9 1 
0 7 24 34 59 0 0 5 
3 3 20 25 52 0 4 7 
1 1 56 42 35 5 6 5 
4 0 47 49 47 1 7 4 
5 1 33 54 48 6 4 6 
5 8 52 43 25 0 6 0 
0 2 31 47 47 9 6 8 
5 2 36 29 54 8 8 2 
8 9 42 49 0 6 3 5 
7 5 32 52 69 6 2 3 
5 3 18 55 43 9 6 3 
5 0 18 69 11 6 4 7 
1 2 56 42 33 8 8 6 
1 0 31 71 39 3 8 6 
9 2 14 64 74 2 2 7 
1 0 5 54 34 2 8 9 
6 9 23 60 54 1 4 0 
7 0 50 37 71 7 7 7 
9 6 19 59 18 5 5 9 
7 7 23 70 38 6 1 2 
9 9 20 63 17 6 4 4 
4 8 26 79 63 9 8 1 
2 4 19 55 33 1 3 9 
1 1 31 49 8 1 1 9 
0 1 92 51 77 8 2 6 
5 0 30 51 53 7 8 8 
3 2 12 34 40 4 0 9 
3 2 24 95 33 0 4 2 
1 3 67 61 15 9 5 1 
6 6 28 47 26 6 4 9 
1 7 20 36 31 7 2 3 
6 1 10 21 73 1 0 0 
3 6 0 58 30 5 7 8 
9 0 20 37 75 4 7 0 
7 4 5 67 42 9 9 8 
7 8 18 41 49 1 0 5 
6 6 58 42 53 5 4 4 
6 6 31 75 27 8 0 2 
1 1 33 59 55 8 3 4 
1 8 24 3 7 9 4 6 
0 9 42 8 27 1 4 0 
5 8 69 54 39 2 1 1 
2 1 32 38 75 8 3 4 
2 4 37 70 26 9 9 4 
6 9 20 43 41 5 1 2 
1 3 11 94 67 1 4 5 
8 0 14 48 47 4 6 9 
5 4 17 54 56 1 3 0 
0 8 24 73 34 6 8 9 
7 4 22 39 84 6 0 8 
2 5 39 48 51 8 5 5 
6 4 51 16 24 3 3 2 
6 9 39 38 42 2 7 3 
2 8 22 45 58 8 6 5 
0 5 58 85 73 8 0 7 
6 9 14 62 19 7 1 1 
9 1 15 57 40 1 7 2 
0 2 23 62 29 0 7 4 
2 5 0 55 54 9 0 5 
0 0 42 48 55 9 3 8 
8 4 15 70 36 7 2 0 
2 2 27 42 63 1 1 8 
7 1 51 49 40 9 4 5 
8 9 34 40 30 2 2 4 
0 2 6 45 58 1 2 5 
5 8 58 39 23 8 0 3 
7 5 61 41 62 9 0 3 
6 3 32 27 59 0 2 9 
3 9 25 39 31 8 3 0 
6 9 13 61 87 0 7 4 
5 0 37 74 37 4 8 3 
1 2 35 45 42 8 1 6 
1 5 34 18 63 7 7 7 
5 8 25 62 78 8 1 1 
7 5 15 55 43 7 0 8 
3 2 28 53 100 7 4 0 
7 1 31 39 63 5 2 3 
8 2 6 97 53 3 8 6 
9 9 56 33 61 5 8 5 
2 3 28 6 38 2 5 4 
2 5 0 34 45 3 9 2 
5 2 34 19 55 3 2 6 
1 2 20 68 42 2 2 6 
0 5 26 40 51 2 8 1 
1 5 40 53 69 3 4 1 
9 0 16 64 55 3 2 1 
2 0 3 40 72 2 5 7 
1 5 45 59 36 2 1 3 
5 3 47 67 77 0 3 5 
1 5 36 36 52 4 7 2 
2 5 1 49 32 9 0 0 
8 3 24 76 60 8 5 9 
6 3 71 84 33 2 3 2 
7 8 22 65 85 1 0 2 
7 5 48 45 43 5 6 8 
4 6 11 25 38 3 9 6 
8 9 46 29 13 1 0 0 
1 8 0 43 57 7 8 2 
6 7 47 30 48 0 8 8 
2 6 24 46 55 3 1 8 
0 8 52 40 40 2 9 7 
7 7 7 49 63 6 2 4 
2 1 42 49 23 8 2 7 
1 4 4 55 19 9 0 0 
5 9 0 33 92 7 6 4 
1 3 49 43 61 0 1 2 
1 5 3 24 100 6 4 8 
7 6 32 54 0 0 6 8 
7 3 11 80 15 9 5 2 
0 4 21 10 55 8 2 6 
4 3 46 90 5 6 3 0 
8 3 4 61 13 1 4 3 
0 0 0 4 77 9 5 0 
4 2 42 51 75 5 8 8 
3 7 3 52 39 6 1 5 
2 4 24 57 31 2 5 0 
4 4 26 86 58 2 9 1 
3 6 51 28 46 6 0 6 
4 9 27 64 59 2 6 8 
6 4 31 44 91 5 4 9 
1 1 66 23 35 7 9 0 
1 0 49 51 18 1 3 5 
8 5 14 39 45 0 8 8 
6 8 32 41 49 6 9 5 
0 7 17 31 78 6 5 0 
0 8 60 61 26 8 4 0 
7 4 17 61 44 1 3 4 
0 7 37 36 63 7 0 9 
0 4 59 78 53 8 3 0 
5 4 20 54 48 5 3 5 
2 8 30 17 59 3 9 1 
7 5 43 28 36 3 8 6 
4 0 0 8 44 8 6 2 
9 9 37 48 78 6 4 8 
4 8 16 79 42 6 6 6 
5 1 54 52 59 9 2 3 
5 0 43 33 43 6 7 2 
6 2 52 73 4 7 6 4 
7 0 53 33 9 2 4 3 
7 1 9 62 59 0 3 1 
1 6 33 60 19 7 2 5 
9 8 55 22 62 1 2 1 
9 9 11 51 57 7 0 2 
3 9 47 70 82 8 8 9 
1 8 15 64 50 3 6 9 
9 1 91 24 35 8 1 8 
9 7 2 70 52 1 9 2 
2 9 16 58 59 2 3 8 
4 8 33 13 53 4 9 5 
0 7 8 69 41 4 3 9 
3 6 65 17 79 0 2 9 
0 3 25 66 56 5 3 1 
1 7 1 66 83 2 6 0 
8 2 26 51 30 7 5 0 
9 6 26 66 58 7 2 7 
4 9 48 70 55 0 8 1 
1 7 31 53 62 7 6 6 
0 4 60 37 59 6 8 2 
7 2 89 48 42 7 9 1 
0 5 55 66 64 4 4 0 
5 8 40 9 34 5 4 4 
3 5 70 29 26 6 1 7 
9 9 25 13 59 8 7 2 
4 8 5 67 17 6 9 6 
3 9 0 43 36 8 8 8 
6 5 27 52 38 1 7 2 
7 8 12 48 37 9 4 3 
7 4 51 5 80 0 2 2 
0 1 5 64 56 6 3 1 
4 5 68 39 28 6 2 8 
4 3 21 39 35 5 5 5 
4 8 38 28 58 6 6 8 
2 6 29 79 40 0 9 8 
0 9 44 35 62 1 5 0 
6 1 26 67 78 5 8 3 
8 4 53 35 90 1 3 4 
6 8 25 61 68 1 0 5 
2 5 68 54 82 4 0 6 
5 1 2 60 44 8 3 0 
0 5 32 42 29 5 5 0 
1 5 5 77 67 4 0 8 
7 6 30 36 35 6 3 8 
2 0 50 63 44 8 3 9 
0 5 13 37 59 0 3 9 
8 9 0 72 38 9 0 3 
3 1 29 27 66 2 4 2 
0 0 19 66 46 1 8 0 
5 1 2 74 35 2 4 2 
3 2 37 60 98 1 5 0 
0 5 41 25 33 4 1 2 
4 9 18 51 64 9 6 1 
8 0 44 49 24 7 3 1 
9 6 0 87 30 3 4 2 
9 1 33 75 51 6 0 0 
6 0 28 36 11 3 9 8 
7 3 6 60 96 0 2 8 
2 0 28 58 64 2 2 9 
1 7 15 18 72 0 6 6 
8 9 50 48 32 3 4 1 
1 4 33 46 70 4 4 6 
1 5 42 47 81 3 5 4 
0 2 35 49 47 4 1 4 
9 5 53 36 38 3 5 2 
0 7 19 75 67 7 9 4 
1 1 53 78 28 7 9 0 
6 2 34 72 67 5 4 6 
7 0 71 18 21 0 2 7 
6 9 7 58 0 7 6 2 
8 1 17 12 65 0 6 2 
8 4 13 35 58 7 2 1 
1 8 39 43 75 1 6 1 
1 2 22 73 97 8 8 4 
6 2 15 73 43 4 1 4 
7 7 36 25 57 1 4 0 
7 6 52 32 29 6 4 4 
4 0 48 51 53 6 2 9 
6 6 76 70 65 1 5 1 
2 5 16 31 42 4 7 3 
4 1 49 63 22 3 9 1 
5 3 6 71 35 5 6 0 
3 9 4 67 24 6 2 7 
6 7 0 56 57 6 2 2 
0 1 42 13 25 0 5 7 
7 6 54 31 45 7 2 6 
5 8 42 28 101 1 6 8 
7 8 54 29 53 5 1 6 
1 9 44 59 56 2 0 8 
3 1 54 86 20 0 0 3 
4 0 22 55 39 0 5 9 
5 9 65 53 42 5 7 0 
8 6 47 59 43 5 6 2 
9 4 36 34 29 8 4 5 
6 6 39 85 59 8 5 4 
9 3 0 64 52 8 3 5 
7 1 26 43 14 2 3 5 
4 6 20 48 83 7 1 0 
9 5 42 69 20 1 7 2 
7 9 18 66 50 3 4 2 
5 5 0 68 63 9 2 5 
7 0 0 41 14 6 9 6 
6 4 42 59 92 7 1 0 
2 8 23 43 17 2 2 0 
3 6 8 39 60 7 1 8 
5 6 36 56 69 5 4 8 
8 2 35 64 25 5 6 5 
5 8 12 55 75 3 6 1 
2 6 8 36 8 4 7 7 
7 8 13 24 76 7 2 1 
7 1 30 42 56 7 4 6 
7 1 62 33 74 1 0 4 
7 3 34 38 92 7 0 6 
5 7 21 84 61 4 7 5 
3 8 35 63 64 7 9 7 
2 6 31 54 40 8 4 6 
8 4 5 71 17 4 0 6 
4 8 36 41 64 3 6 5 
0 2 58 40 2 5 5 6 
2 0 28 58 63 5 1 2 
4 7 1 40 51 1 9 7 
3 9 28 14 72 5 3 8 
4 3 29 36 85 5 8 4 
2 3 56 34 88 7 3 7 
4 8 16 17 28 9 9 5 
2 7 9 80 43 5 5 4 
3 1 43 53 73 9 4 4 
8 2 45 18 35 0 4 2 
6 6 60 61 27 4 2 2 
5 6 46 58 36 1 8 6 
2 5 40 25 69 2 2 1 
2 8 19 73 40 9 0 5 
7 9 0 86 35 3 5 7 
6 7 20 40 60 1 3 3 
3 5 45 103 57 0 2 3 
9 7 22 56 68 3 5 6 
3 6 17 53 26 2 9 9 
6 6 17 81 42 2 7 3 
6 6 41 34 41 2 4 4 
0 3 51 43 20 4 7 1 
4 0 5 62 62 9 5 1 
9 7 47 86 68 4 1 1 
2 6 62 48 40 0 9 7 
2 7 48 31 44 4 0 7 
8 1 6 64 33 4 5 1 
5 8 54 60 26 3 8 8 
0 6 34 79 0 1 9 7 
1 1 14 92 72 2 7 7 
3 2 0 33 51 2 4 4 
5 5 40 46 58 8 8 6 
0 6 40 34 29 9 0 8 
6 2 54 41 67 1 5 1 
4 0 0 55 17 6 0 4 
0 7 24 45 26 3 5 0 
3 9 31 37 60 4 0 6 
4 7 34 34 70 1 8 5 
9 5 31 54 11 9 3 3 
1 7 9 38 55 8 2 4 
2 3 19 34 57 2 0 3 
5 5 34 62 56 5 9 0 
9 9 31 24 48 9 2 2 
3 3 27 75 60 6 0 6 
3 6 44 49 70 4 7 0 
5 5 14 54 29 5 6 1 
3 3 18 58 60 1 4 2 
7 5 45 50 60 0 3 1 
7 0 0 52 14 7 6 5 
4 2 61 41 11 2 4 1 
6 5 36 39 59 9 3 5 
6 2 36 42 73 6 8 4 
7 0 35 49 35 9 6 8 
2 0 14 93 68 8 4 8 
8 9 27 76 72 5 4 6 
6 0 1 25 68 5 9 6 
3 7 46 35 59 6 0 2 
3 4 65 59 60 9 7 8 
6 1 58 27 62 2 1 6 
6 1 27 58 89 5 7 3 
5 8 6 70 77 6 9 5 
5 1 32 30 54 9 3 3 
6 6 19 61 56 0 1 4 
4 4 27 31 54 5 0 8 
6 1 24 54 82 4 1 3 
7 1 13 73 37 6 7 9 
8 9 3 55 41 8 7 5 
7 2 68 28 45 0 2 6 
9 1 33 37 48 7 9 1 
3 4 35 23 15 2 2 0 
8 4 30 71 66 7 6 5 
4 3 41 30 0 6 0 0 
8 7 0 73 28 8 7 9 
6 7 26 69 51 2 3 0 
9 0 49 33 59 7 5 9 
5 7 71 23 42 0 8 5 
5 9 30 60 76 8 4 5 
5 6 36 54 0 7 9 4 
1 1 26 73 67 0 8 3 
0 7 57 65 32 3 1 8 
8 8 37 69 0 9 7 5 
8 8 23 31 23 8 9 3 
9 4 70 53 35 3 4 9 
9 1 44 61 39 4 8 6 
9 6 49 47 27 0 0 0 
0 9 56 87 28 6 0 6 
2 7 54 39 57 0 3 2 
4 2 12 67 66 1 5 1 
3 0 28 77 38 0 0 2 
6 3 38 56 30 1 4 9 
3 5 68 59 71 0 8 1 
7 4 36 53 62 4 6 3 
9 1 19 22 78 9 5 4 
4 7 2 58 38 2 8 6 
0 8 56 44 15 4 7 2 
2 9 20 33 55 4 6 1 
9 2 0 47 73 1 8 7 
3 1 0 54 35 8 3 6 
0 6 53 83 42 8 4 0 
1 2 33 59 48 2 9 9 
1 2 46 61 57 4 1 5 
2 2 0 23 56 7 1 8 
5 8 7 32 98 4 0 9 
2 6 31 37 56 7 5 5 
1 0 43 51 62 4 5 1 
6 0 64 43 42 9 2 3 
6 4 13 40 39 1 3 9 
0 4 34 57 58 5 8 2 
2 4 20 31 37 6 1 3 
7 7 36 49 39 2 7 0 
7 4 11 61 57 2 4 6 
2 0 25 51 34 8 4 8 
0 9 51 56 30 1 7 9 
8 0 7 59 29 4 2 8 
1 7 32 52 42 4 7 1 
6 1 50 59 62 4 4 4 
1 3 33 54 42 9 4 6 
1 5 25 21 10 3 5 0 
4 5 38 88 28 0 9 6 
9 0 44 20 65 2 7 4 
1 4 24 15 57 2 7 5 
3 1 44 57 3 4 8 9 
6 9 3 16 64 1 0 1 
1 6 18 49 42 1 8 6 
8 3 19 62 38 5 7 4 
9 3 11 46 57 9 2 8 
2 6 12 50 45 9 9 7 
6 6 1 74 57 0 7 8 
6 2 30 61 65 3 3 8 
7 1 47 54 36 7 8 8 
8 7 38 53 51 7 9 5 
1 1 41 53 45 6 9 2 
7 2 21 35 47 6 6 1 
3 3 36 23 20 1 7 2 
3 5 15 45 16 9 2 5 
9 7 5 76 27 8 7 2 
9 0 3 29 62 7 2 7 
3 2 45 93 43 1 3 7 
9 1 28 0 48 7 7 6 
0 0 51 50 39 2 0 1 
3 6 5 46 43 0 2 0 
5 0 30 37 52 3 0 3 
1 2 34 48 64 3 2 8 
7 1 61 55 47 9 7 6 
5 2 59 60 18 9 1 3 
9 7 17 80 62 6 7 5 
9 4 70 59 53 6 8 7 
5 3 39 48 39 8 0 5 
0 9 29 49 66 8 0 8 
6 1 16 100 41 3 0 1 
8 4 0 27 68 7 1 5 
5 6 35 53 66 0 6 6 
9 4 22 13 41 1 5 8 
8 6 36 66 20 0 3 1 
6 3 15 49 60 5 9 4 
1 4 57 73 31 2 8 0 
5 9 1 34 72 9 3 2 
2 3 34 75 45 1 4 9 
2 4 21 31 55 6 3 1 
8 7 10 45 3 4 5 0 
8 0 42 91 37 3 1 9 
4 9 49 67 28 2 1 7 
7 2 0 40 41 5 2 3 
2 9 6 43 81 6 4 1 
0 1 49 63 23 3 3 7 
3 4 47 64 59 7 8 6 
9 7 22 24 82 0 3 6 
0 3 20 61 48 9 6 6 
9 5 52 45 67 1 7 2 
5 1 26 39 50 7 6 6 
0 2 35 19 27 4 8 4 
0 6 28 55 32 1 6 7 
8 9 50 38 38 4 8 5 
0 3 31 47 81 5 1 2 
6 1 38 40 51 0 3 1 
1 0 28 37 11 4 6 5 
0 1 36 48 41 8 0 1 
4 8 21 21 34 8 5 2 
9 2 41 32 69 2 8 6 
2 6 35 75 33 9 4 1 
5 9 34 65 27 6 1 6 
7 8 30 46 26 5 4 9 
1 7 17 15 57 6 8 0 
1 7 43 38 68 1 0 2 
1 9 37 40 43 7 6 2 
8 5 57 61 42 8 4 0 
5 7 51 34 18 6 6 7 
2 0 8 62 42 1 0 8 
8 9 18 38 58 7 2 0 
8 1 0 55 50 9 5 9 
6 8 37 89 23 5 3 7 
4 9 4 52 61 3 1 7 
4 2 29 28 54 5 2 7 
5 1 20 53 53 0 9 5 
1 8 42 42 56 3 6 7 
8 8 71 11 69 7 8 3 
4 2 51 26 48 4 1 0 
9 8 38 51 88 4 9 9 
6 1 20 28 37 9 9 3 
7 9 32 22 47 1 5 9 
8 6 7 37 85 1 5 2 
1 0 44 85 44 1 4 8 
6 9 16 47 70 2 0 0 
6 5 43 57 63 7 1 5 
2 4 32 36 49 8 5 1 
4 0 41 5 36 9 1 0 
7 1 17 57 39 7 5 8 
4 3 55 35 31 9 6 1 
4 9 41 64 64 6 0 3 
3 5 0 33 34 1 4 0 
9 3 22 83 75 1 4 2 
8 6 74 31 79 6 4 2 
9 5 0 33 29 6 4 0 
0 8 38 20 42 8 0 0 
0 7 39 52 31 9 4 5 
2 6 28 96 54 2 2 0 
5 3 0 33 51 9 5 7 
1 3 34 44 101 5 5 5 
3 8 0 49 13 3 1 9 
4 2 60 48 62 1 1 7 
0 2 34 71 28 3 6 8 
4 9 21 56 32 3 3 9 
9 3 28 27 75 6 6 5 
7 7 30 39 55 0 6 2 
4 3 48 66 15 0 8 9 
8 0 33 55 30 4 5 5 
5 0 43 47 68 7 0 2 
3 2 40 67 55 3 3 7 
9 2 28 40 132 3 1 5 
5 3 17 48 23 1 3 7 
2 8 34 67 71 1 5 9 
3 6 28 46 81 0 5 0 
7 4 31 26 49 1 6 0 
1 9 24 54 57 8 8 9 
3 1 8 39 45 1 6 3 
5 0 7 57 45 6 8 3 
6 8 65 35 61 6 9 1 
0 3 51 37 44 1 9 4 
6 9 1 62 62 7 7 2 
1 1 58 49 49 5 5 2 
4 3 15 45 47 0 4 4 
4 1 61 15 50 4 7 8 
2 0 42 46 36 5 3 3 
8 5 12 73 38 9 6 6 
4 5 20 49 56 1 5 1 
9 1 47 53 37 3 2 4 
3 4 45 55 44 6 4 5 
2 6 51 43 37 3 0 8 
8 9 9 34 60 6 1 4 
4 3 21 62 58 8 2 2 
7 4 23 34 64 8 9 9 
2 6 22 50 54 9 6 2 
2 0 19 0 47 7 1 3 
0 8 33 113 40 1 4 4 
5 2 54 38 56 3 3 9 
9 2 58 51 65 4 5 8 
2 5 12 24 60 0 9 6 
6 4 38 0 65 0 0 7 
2 2 55 47 44 7 2 5 
2 3 0 20 52 7 6 4 
8 1 23 81 82 8 7 7 
4 0 13 11 52 1 8 8 
2 1 6 49 74 7 5 3 
1 3 16 30 73 9 3 6 
4 8 22 34 52 1 7 0 
2 2 12 75 47 6 9 8 
5 6 11 73 46 2 7 0 
2 7 56 4 60 3 4 6 
5 9 33 68 50 1 5 2 
7 3 24 55 33 2 5 5 
9 3 28 19 38 2 6 5 
8 1 52 75 46 2 6 2 
9 7 58 34 54 1 7 7 
2 0 23 55 70 5 2 5 
0 3 41 93 41 7 1 6 
4 5 1 52 83 5 1 4 
2 9 32 64 61 2 0 7 
2 5 29 70 38 0 0 6 
2 9 23 54 40 5 1 6 
3 3 18 54 37 0 5 8 
7 8 19 36 67 9 7 0 
1 8 52 62 42 3 1 4 
2 2 0 32 29 3 4 4 
6 0 26 22 57 9 8 6 
0 8 23 67 21 7 7 9 
9 9 19 61 52 4 5 2 
6 8 56 70 16 5 3 3 
9 8 17 44 80 0 7 7 
4 1 43 62 61 7 2 6 
9 7 47 48 41 4 6 4 
1 2 6 36 50 3 2 9 
1 5 7 29 16 9 0 2 
4 2 37 27 29 2 8 7 
7 0 48 71 42 3 7 1 
1 9 0 36 64 1 4 2 
9 1 0 0 57 4 8 9 
8 2 10 49 24 7 1 8 
8 9 22 37 52 0 1 5 
0 9 53 61 37 4 1 5 
4 9 51 46 31 5 1 6 
8 5 15 39 27 9 5 1 
3 3 2 72 54 2 2 2 
0 7 6 43 32 5 2 5 
6 1 25 50 98 6 7 4 
8 4 43 51 70 4 0 6 
2 6 0 83 51 5 9 6 
3 6 64 60 36 0 2 9 
4 5 35 51 83 9 2 6 
8 3 10 50 38 2 7 7 
5 2 14 45 59 9 3 0 
7 4 9 70 57 6 8 4 
2 2 5 47 59 7 4 9 
9 9 0 30 45 5 0 9 
3 8 1 28 44 3 3 2 
3 6 47 49 27 9 6 3 
0 7 52 39 48 2 0 2 
8 6 27 67 36 5 7 4 
7 5 37 14 92 1 4 1 
0 2 45 41 55 7 5 8 
5 7 49 28 25 5 8 3 
3 3 66 60 58 6 8 9 
6 4 14 79 9 7 8 1 
2 8 81 53 54 1 9 5 
7 8 11 72 48 8 3 3 
4 9 22 52 78 8 7 0 
8 7 32 66 14 8 5 5 
1 7 24 79 22 8 5 5 
3 4 0 34 13 5 8 5 
6 6 6 50 32 6 4 0 
9 2 49 37 64 2 1 0 
7 0 27 40 39 7 7 8 
8 4 55 42 68 0 0 4 
5 6 14 39 57 0 4 4 
9 7 47 42 35 8 7 9 
9 3 18 80 55 6 5 0 
3 0 10 28 72 6 9 4 
4 1 33 36 23 2 2 0 
1 5 38 61 36 1 6 2 
4 7 37 58 49 7 4 6 
3 8 26 57 66 6 6 3 
0 7 41 66 34 4 2 4 
3 1 43 34 45 7 8 3 
5 8 32 75 28 0 7 0 
2 8 52 53 38 1 1 5 
4 7 21 37 73 7 4 8 
7 5 46 30 33 0 9 3 
7 8 28 59 69 7 2 3 
3 9 58 41 50 7 9 4 
8 1 18 62 59 7 9 3 
3 1 19 58 24 7 6 5 
1 3 63 87 51 8 6 1 
6 4 10 50 25 9 4 8 
0 6 38 50 37 8 3 0 
6 1 51 53 74 2 6 2 
2 8 25 45 66 9 2 0 
9 3 22 53 29 5 3 8 
2 3 20 15 41 8 7 6 
2 4 59 70 68 9 2 3 
3 4 3 44 85 1 2 0 
6 9 33 67 46 3 5 7 
8 0 26 29 54 4 4 6 
8 2 43 47 17 1 2 1 
4 2 31 21 47 1 8 9 
9 3 64 36 75 5 4 8 
9 7 11 58 58 9 5 7 
4 6 23 75 20 1 8 3 
4 0 25 84 56 2 0 3 
5 1 61 22 54 5 8 6 
8 7 25 66 50 5 5 8 
5 3 23 48 43 9 3 9 
6 1 45 26 61 8 7 6 
8 5 68 86 56 4 9 9 
4 5 29 57 56 4 6 7 
8 4 50 29 87 5 4 8 
5 7 33 49 51 6 0 5 
1 4 12 72 7 1 2 8 
1 3 29 5 68 9 9 5 
6 7 0 33 21 9 7 7 
3 6 43 35 42 9 3 4 
1 8 9 32 66 8 6 7 
8 8 29 65 55 7 7 1 
2 6 15 64 74 1 8 4 
0 1 33 50 60 2 8 4 
3 4 40 36 29 4 4 1 
3 0 16 58 43 9 2 3 
3 9 44 67 67 4 3 3 
6 1 39 29 81 1 4 3 
9 7 9 37 48 5 0 2 
5 2 0 92 84 2 6 6 
1 1 27 56 63 9 5 0 
4 0 40 33 20 5 9 9 
4 4 37 72 0 4 9 5 
4 3 36 43 62 7 4 9 
7 7 28 31 91 1 3 4 
4 3 26 87 9 1 4 2 
8 4 38 70 111 6 6 9 
3 8 37 34 68 3 0 5 
1 0 62 62 56 7 6 3 
2 3 26 30 30 4 1 8 
0 0 33 35 41 5 6 9 
4 1 52 77 70 9 9 5 
9 9 56 34 9 3 9 8 
2 9 0 77 56 5 6 1 
8 4 58 50 58 8 9 5 
3 1 10 53 71 9 0 4 
4 4 45 78 44 4 4 3 
1 6 10 38 51 3 7 6 
1 6 2 63 40 3 8 9 
8 8 43 63 43 8 4 9 
9 0 21 30 52 5 5 5 
7 1 5 77 71 3 5 1 
1 8 85 65 87 5 0 1 
0 7 24 56 12 6 7 7 
2 9 11 33 37 3 0 9 
4 7 21 28 37 4 0 3 
3 9 17 45 42 2 9 5 
2 7 36 58 42 5 3 5 
0 8 12 28 34 0 6 4 
8 2 34 39 38 0 4 5 
5 0 25 57 69 6 9 9 
4 6 49 34 61 7 0 7 
3 4 38 75 90 7 2 6 
6 0 21 47 52 3 6 2 
5 2 52 82 86 1 9 0 
7 6 63 49 52 8 5 7 
9 8 10 38 19 5 9 2 
3 0 34 8 43 1 5 0 
4 8 31 22 6 4 0 9 
3 8 25 86 43 0 1 6 
0 0 10 59 44 6 5 1 
2 1 39 70 46 6 7 7 
1 9 28 45 71 2 3 8 
9 1 34 27 94 4 9 8 
0 2 12 71 34 0 7 7 
7 1 14 4 59 1 4 5 
7 2 52 70 61 3 8 7 
0 6 3 60 33 0 7 4 
0 4 42 52 50 1 7 1 
1 7 37 65 39 0 6 8 
7 6 29 81 80 2 4 5 
8 4 42 24 36 0 4 3 
1 5 22 38 68 0 4 9 
5 7 23 97 55 8 6 7 
7 3 13 65 29 5 7 9 
8 1 7 69 57 3 0 1 
4 8 13 56 67 0 9 6 
6 3 50 25 94 7 7 9 
0 7 49 35 44 3 0 8 
1 9 9 39 58 4 6 0 
7 3 22 13 21 7 8 0 
6 2 2 68 71 2 3 5 
8 9 29 71 76 9 8 9 
2 4 26 77 21 6 3 6 
0 1 9 12 22 1 2 0 
9 1 35 12 47 5 8 2 
6 8 52 19 25 1 7 4 
0 0 4 49 26 3 4 3 
6 3 19 62 15 5 7 1 
4 7 0 29 77 3 5 8 
3 1 57 40 75 2 2 6 
3 3 4 74 47 0 5 6 
3 4 20 48 29 8 6 6 
1 7 10 49 86 0 0 5 
6 1 62 48 62 4 0 5 
9 4 40 47 16 2 8 3 
6 1 57 63 49 4 3 1 
8 7 29 34 73 7 8 9 
3 5 11 54 50 3 6 8 
2 2 32 30 30 7 4 3 
2 3 0 40 88 0 6 0 
5 3 0 54 53 8 8 3 
3 7 22 3 67 6 4 8 
1 0 27 0 54 9 6 9 
9 3 45 62 57 0 1 1 
9 1 0 61 43 2 6 5 
5 0 45 78 83 6 5 5 
1 1 18 56 68 8 0 9 
0 5 71 43 70 6 7 8 
8 8 21 33 32 3 0 3 
1 3 41 34 0 0 6 1 
3 6 21 33 49 9 9 3 
3 0 37 67 35 8 5 2 
6 0 31 2 40 8 4 9 
3 3 35 50 52 9 0 5 
7 5 57 45 17 6 5 7 
2 5 14 54 73 0 7 7 
7 6 49 30 53 8 2 6 
8 6 45 68 34 8 1 7 
9 1 52 74 54 4 5 1 
5 2 66 13 62 2 6 5 
7 4 26 26 57 3 3 6 
9 0 20 35 33 6 6 8 
8 4 56 62 59 7 3 8 
6 5 60 45 45 0 0 2 
6 2 24 41 70 4 0 1 
9 4 15 52 50 1 6 8 
1 9 2 94 67 4 0 7 
0 3 16 63 35 8 9 0 
6 5 78 76 52 1 0 1 
2 9 37 54 61 7 5 8 
4 8 40 69 67 8 7 9 
0 5 50 41 39 4 1 4 
4 7 46 11 46 1 4 8 
4 8 46 82 74 8 6 0 
7 0 0 13 45 5 8 0 
2 5 43 51 24 2 5 0 
5 4 63 74 85 1 3 7 
8 8 32 50 68 7 4 5 
5 5 5 75 35 6 2 9 
8 4 41 63 41 3 9 1 
6 7 17 46 39 5 9 7 
2 0 48 74 24 4 7 2 
7 5 0 62 43 2 2 3 
4 2 36 35 59 0 6 2 
7 2 35 62 48 4 2 7 
6 5 36 32 74 3 9 2 
8 7 36 82 46 2 8 7 
6 1 45 72 61 5 9 7 
3 9 65 23 52 1 0 1 
3 5 25 46 53 0 5 4 
1 3 54 46 39 8 4 0 
0 9 53 42 46 4 2 6 
0 6 44 73 48 0 6 4 
1 9 27 56 34 2 4 4 
1 7 24 72 40 8 4 1 
0 0 51 26 67 1 6 1 
4 4 11 36 82 1 7 6 
8 3 27 19 89 8 9 3 
7 5 51 59 36 4 3 9 
1 1 29 72 64 2 5 6 
0 8 2 36 50 3 6 9 
4 0 46 62 61 9 0 3 
0 8 0 13 80 4 6 7 
3 7 41 39 0 0 9 6 
9 9 46 79 69 3 4 1 
4 4 47 65 71 6 9 1 
8 0 35 47 82 4 3 8 
5 5 35 43 43 1 4 8 
7 9 37 48 41 2 5 4 
1 4 12 42 49 4 8 3 
1 3 36 42 61 2 0 0 
6 9 36 69 42 5 5 2 
4 4 22 15 42 2 0 8 
2 8 54 82 17 1 8 9 
2 9 51 51 59 4 0 9 
3 1 23 47 69 6 3 7 
5 5 16 86 76 6 7 7 
6 5 28 71 29 2 7 9 
7 7 65 73 43 3 0 1 
3 7 0 81 14 9 5 1 
6 6 16 31 64 2 6 9 
4 9 10 64 39 3 7 3 
0 0 28 58 68 7 3 7 
5 1 55 53 63 1 0 1 
9 5 3 37 71 7 1 8 
4 6 8 41 48 5 1 9 
3 4 4 6 22 2 6 7 
6 7 16 25 64 2 6 9 
3 1 57 21 29 7 0 1 
6 3 9 33 51 5 2 8 
1 0 44 47 31 8 7 9 
2 6 11 44 73 1 0 6 
5 4 29 44 40 4 5 2 
7 2 51 70 16 5 9 4 
2 0 15 64 42 9 8 1 
1 2 17 21 44 6 9 9 
0 6 0 44 39 4 1 2 
0 6 23 71 88 7 9 3 
2 8 16 39 37 8 8 5 
3 0 40 54 56 1 6 3 
7 7 46 42 63 1 5 2 
4 0 26 70 36 4 9 6 
6 2 42 49 62 8 8 4 
