8 4900
1 5 31 72 51 8 1 5 
8 9 4 60 61 3 4 8 
2 2 48 40 38 8 1 0 
2 6 23 40 57 0 6 3 
1 4 1 36 40 7 5 5 
7 1 0 62 50 4 7 8 
8 2 16 50 61 7 5 9 
4 7 19 46 55 5 2 8 
8 5 41 32 82 1 4 1 
9 6 0 86 36 1 8 0 
0 5 36 50 44 7 3 1 
6 1 3 67 57 2 4 6 
2 4 59 38 45 3 4 1 
7 0 69 35 39 6 1 2 
1 2 35 50 52 5 8 7 
4 9 14 25 27 1 3 1 
8 0 31 70 68 1 5 3 
4 0 0 39 26 3 2 2 
3 4 22 36 36 1 1 7 
1 4 18 70 29 1 2 2 
3 9 48 51 61 1 8 2 
7 5 34 81 62 7 8 5 
0 4 36 20 61 7 7 1 
4 5 1 10 54 6 4 2 
7 4 29 69 64 6 4 0 
1 0 3 24 43 0 9 4 
8 1 37 35 65 6 3 9 
5 4 30 29 43 4 8 7 
5 3 67 55 27 1 3 0 
0 9 0 56 33 2 9 0 
3 1 45 55 78 5 5 8 
2 4 23 54 43 5 7 4 
2 3 35 71 69 0 3 6 
7 3 16 66 69 1 1 3 
8 3 74 59 25 8 8 5 
7 1 41 30 61 8 9 1 
4 9 42 39 26 3 3 7 
1 7 34 0 65 3 3 5 
5 8 53 64 36 5 3 1 
2 5 49 61 49 4 0 0 
9 1 11 53 60 2 7 0 
6 9 38 39 58 3 9 2 
8 3 25 33 69 4 0 2 
9 4 14 46 46 0 5 9 
3 0 52 83 81 0 8 5 
1 8 13 39 68 8 4 8 
9 8 21 39 62 5 9 3 
3 3 28 44 57 4 8 2 
9 9 3 65 60 8 3 9 
2 7 45 42 69 5 7 9 
7 7 23 56 70 4 4 7 
9 2 39 32 34 4 7 4 
4 0 45 47 30 5 6 6 
6 3 27 58 78 9 3 1 
5 4 43 38 45 0 4 8 
0 0 50 57 64 6 3 2 
8 7 19 35 24 1 7 3 
8 2 24 37 56 5 1 3 
9 6 35 17 72 7 8 0 
6 3 50 61 43 2 0 6 
4 4 45 49 51 0 5 7 
7 1 18 76 43 9 9 2 
3 1 13 46 61 9 6 9 
3 4 38 77 75 8 5 1 
0 3 27 52 22 7 1 4 
5 7 43 44 33 1 6 7 
9 4 17 72 0 3 7 0 
9 1 32 28 81 4 5 9 
8 5 1 37 21 1 5 4 
2 0 0 38 37 2 8 3 
4 6 20 65 41 3 8 0 
0 5 0 23 43 8 1 5 
3 5 56 8 35 8 3 4 
7 9 38 47 88 8 7 1 
8 8 21 41 78 6 9 7 
5 1 31 40 48 0 0 2 
7 8 37 51 84 1 8 3 
2 4 18 45 60 8 5 9 
5 7 48 6 77 5 1 4 
8 8 41 59 46 4 8 1 
4 5 31 31 72 8 2 2 
4 0 23 44 100 8 6 4 
8 2 39 58 45 5 0 8 
7 0 77 25 31 9 6 8 
6 5 34 45 28 8 3 1 
7 1 3 33 68 3 3 9 
6 1 13 61 54 6 8 4 
0 6 34 50 77 3 7 9 
3 8 41 49 52 2 2 7 
1 1 22 81 46 3 5 3 
4 3 38 95 55 8 3 9 
1 2 27 84 28 5 3 6 
0 0 31 40 35 4 0 0 
1 9 31 38 37 6 2 9 
2 6 21 49 32 5 1 0 
0 9 53 75 49 6 9 7 
4 7 44 23 57 4 7 6 
9 0 43 32 39 9 6 3 
3 1 33 40 75 4 5 8 
3 6 33 59 48 7 2 7 
3 6 32 60 68 5 5 9 
2 3 30 50 35 3 5 3 
2 3 61 28 92 6 3 1 
6 4 45 54 62 8 9 9 
6 8 46 47 39 4 8 6 
5 0 52 51 25 4 5 1 
8 2 30 46 26 7 0 1 
0 8 17 56 40 2 9 0 
6 2 10 56 57 4 1 0 
6 8 42 44 8 8 9 9 
6 7 32 49 25 6 6 0 
8 6 40 20 53 1 6 4 
6 2 48 58 32 1 6 3 
9 0 0 45 63 3 0 9 
2 8 30 29 28 7 6 5 
7 5 11 53 31 9 3 5 
0 6 0 33 73 5 3 8 
1 0 43 61 69 9 8 5 
1 0 32 63 64 9 9 1 
5 0 28 42 28 3 3 0 
6 1 0 34 31 6 2 9 
7 0 28 63 41 5 1 4 
9 5 56 51 64 1 9 1 
6 8 0 42 32 8 0 1 
8 9 10 25 45 5 6 0 
4 9 30 103 37 3 7 0 
2 8 16 66 76 2 0 4 
6 1 21 75 34 6 4 6 
1 8 46 70 47 2 4 0 
9 8 64 77 50 7 4 7 
4 5 48 46 33 4 9 5 
3 9 24 44 58 6 9 8 
7 8 38 21 72 4 7 4 
0 7 45 44 60 4 3 7 
1 0 71 23 40 4 7 4 
8 6 0 36 25 7 3 5 
9 0 14 49 62 8 0 2 
0 5 25 29 40 0 3 7 
2 9 11 28 43 5 0 2 
9 6 68 66 31 9 7 0 
9 0 44 52 54 3 6 3 
4 4 72 56 63 2 0 3 
4 7 32 78 66 7 2 0 
1 2 6 37 58 3 4 2 
9 2 29 61 40 2 5 1 
6 3 7 33 42 8 2 2 
9 9 53 34 33 2 0 4 
1 2 52 78 65 2 9 0 
7 9 31 81 77 1 0 8 
2 7 41 26 44 1 8 7 
2 8 37 53 7 7 1 1 
5 2 39 33 46 0 2 4 
6 0 35 41 63 8 5 3 
7 1 27 35 74 8 1 4 
8 7 21 26 69 2 1 0 
5 0 18 77 35 8 8 9 
4 2 48 40 46 7 1 5 
4 3 52 56 56 8 9 9 
1 6 71 28 50 2 4 9 
0 0 69 63 40 3 9 4 
9 2 46 40 25 8 3 0 
5 5 41 69 33 9 3 2 
2 0 36 50 71 1 8 3 
2 9 37 22 50 0 3 9 
5 7 38 25 28 9 5 4 
4 4 28 22 53 8 1 2 
9 1 61 38 51 6 7 5 
7 4 53 63 41 9 9 9 
0 8 26 38 24 1 4 5 
8 8 39 98 59 9 0 0 
8 7 35 52 21 5 2 1 
0 7 9 51 56 7 8 7 
7 1 46 70 51 9 7 8 
9 0 39 31 33 6 4 8 
6 4 41 40 58 3 0 8 
8 7 40 46 41 6 3 2 
6 7 0 42 50 8 1 3 
5 2 43 45 44 2 6 5 
6 3 21 2 60 6 4 6 
4 9 0 24 66 4 3 9 
8 2 38 84 34 9 5 4 
5 3 38 72 66 3 4 9 
8 1 39 58 26 9 9 3 
2 8 43 83 18 2 2 2 
6 8 57 39 75 6 1 5 
0 5 29 67 71 0 2 9 
8 4 27 56 60 4 4 5 
0 4 43 46 32 3 4 9 
3 2 12 16 19 6 5 8 
0 8 10 26 55 5 1 2 
0 7 19 43 14 6 8 7 
2 7 22 46 36 9 2 3 
9 9 50 32 64 2 9 7 
7 0 53 34 59 2 7 6 
5 8 29 57 51 9 1 8 
6 4 12 78 20 6 4 4 
4 8 13 44 94 6 3 1 
3 4 52 48 73 7 9 0 
4 1 40 59 70 0 8 5 
0 7 43 25 13 6 4 2 
7 3 32 75 48 1 7 3 
3 1 46 56 54 8 3 2 
7 7 84 45 38 0 1 6 
7 8 48 21 49 6 8 1 
3 0 25 57 63 9 1 5 
1 7 65 70 43 8 2 5 
0 0 39 67 51 1 7 5 
2 3 37 21 57 1 3 3 
9 1 0 66 59 0 8 8 
5 3 20 89 48 3 5 3 
7 0 66 45 31 1 2 7 
5 5 48 54 35 1 8 0 
6 0 64 45 53 5 9 6 
5 0 15 47 75 0 5 9 
7 6 47 48 54 9 2 6 
1 3 40 64 32 0 9 5 
7 0 63 44 29 2 6 8 
1 9 66 64 46 3 6 2 
9 8 31 57 2 4 5 3 
6 1 36 42 44 4 6 2 
9 3 0 41 61 9 6 6 
2 2 0 35 12 1 0 1 
8 5 6 28 65 0 3 8 
2 8 50 38 57 2 7 0 
6 4 32 53 68 7 1 9 
1 1 39 2 39 3 0 5 
8 8 28 41 87 5 6 6 
7 6 23 7 31 5 1 1 
6 9 12 24 41 6 9 2 
4 7 0 45 78 6 5 3 
0 2 55 46 37 7 3 8 
8 2 44 72 51 5 7 1 
8 3 6 50 19 4 1 6 
9 7 23 47 60 1 7 9 
8 5 65 67 50 5 1 0 
9 1 21 38 40 9 9 8 
2 5 19 60 20 6 4 1 
1 7 26 45 53 1 4 5 
3 1 6 55 43 3 4 2 
0 5 35 46 50 0 3 2 
0 6 53 33 49 4 2 1 
5 8 30 70 48 3 1 5 
0 8 27 31 50 8 3 8 
8 9 33 38 47 0 8 6 
8 2 28 56 76 6 4 7 
1 6 65 68 49 1 6 2 
8 7 37 39 36 2 1 6 
5 2 26 81 83 2 4 0 
9 2 35 72 56 8 1 9 
8 1 3 33 32 1 0 2 
9 7 25 90 45 2 9 1 
3 1 41 51 72 4 5 5 
1 3 7 35 34 1 2 5 
2 6 2 0 59 0 1 0 
0 8 88 36 55 9 7 9 
6 4 27 48 42 3 7 6 
8 8 37 51 68 9 9 8 
8 8 30 26 64 7 9 1 
4 6 3 73 59 9 1 6 
2 1 4 36 53 6 8 3 
4 1 7 30 93 3 7 5 
1 3 8 100 57 8 4 6 
1 7 26 55 48 6 9 3 
9 8 76 59 61 4 0 1 
5 1 44 82 53 1 7 5 
0 6 28 60 18 8 1 5 
4 4 32 61 38 3 3 9 
5 3 7 21 45 4 3 7 
1 6 41 45 82 4 0 9 
6 7 58 63 60 3 7 2 
3 0 36 49 5 8 5 3 
0 7 51 60 38 4 2 6 
1 5 68 72 59 4 1 2 
9 1 21 69 27 8 1 6 
7 0 11 55 63 1 8 3 
7 5 17 42 34 1 7 9 
7 5 38 29 63 6 3 4 
8 8 44 14 55 8 9 5 
8 7 33 64 56 1 0 6 
0 0 34 49 54 5 6 8 
4 3 0 66 61 7 2 1 
2 6 3 89 60 7 0 5 
9 1 15 51 34 0 5 1 
5 9 43 42 28 3 9 1 
2 1 37 3 60 5 8 3 
3 0 59 74 15 7 2 6 
5 4 24 44 62 0 4 4 
6 7 12 37 72 4 5 7 
9 2 0 45 16 3 0 7 
3 4 46 47 37 0 3 8 
8 9 20 43 36 9 4 4 
0 0 12 39 71 1 8 7 
1 3 35 35 42 6 3 1 
1 0 16 40 77 6 5 6 
8 3 33 40 63 2 8 2 
4 8 4 43 44 3 0 9 
0 6 47 30 52 4 6 8 
6 1 39 62 50 7 9 0 
6 5 55 50 81 4 2 7 
4 4 26 1 20 1 4 1 
5 5 35 36 80 9 3 7 
2 5 0 59 22 7 9 3 
1 2 47 84 51 6 0 4 
1 1 13 69 40 3 0 1 
5 2 66 52 55 4 2 6 
5 3 12 0 50 0 5 7 
5 3 12 54 25 6 8 8 
1 4 53 46 56 3 1 7 
2 8 3 49 19 5 1 0 
9 6 44 65 64 8 6 1 
0 7 18 71 65 6 0 4 
3 3 55 54 24 8 2 9 
4 6 32 44 47 2 3 1 
7 3 12 40 42 9 2 2 
8 9 55 75 65 9 2 0 
8 4 51 51 47 5 1 9 
4 2 15 34 46 7 6 6 
1 8 54 54 12 3 0 8 
6 1 38 55 73 7 7 8 
4 0 8 66 63 4 7 4 
0 4 38 49 62 8 7 2 
9 1 40 66 31 1 0 9 
6 7 15 70 66 7 8 1 
3 6 43 13 48 0 2 0 
4 8 47 41 54 0 9 7 
6 8 36 31 20 3 9 4 
0 0 24 52 77 0 3 3 
0 3 20 47 34 6 4 6 
2 9 26 32 70 0 7 6 
2 4 17 78 49 6 7 1 
2 6 29 61 44 4 6 1 
1 5 35 43 58 3 1 8 
6 2 42 50 59 4 3 8 
2 4 49 22 36 1 1 8 
6 4 11 63 49 0 4 6 
9 7 39 28 55 4 1 8 
2 9 51 56 28 6 1 3 
7 0 14 37 59 3 2 0 
2 3 40 24 25 8 4 2 
0 8 43 54 47 1 5 6 
6 7 14 55 65 3 9 6 
1 9 53 3 19 0 1 6 
6 5 55 58 73 5 0 9 
6 4 0 8 102 2 0 0 
9 9 22 64 31 3 2 4 
9 2 0 59 62 2 9 2 
7 3 20 51 40 7 7 2 
5 9 9 21 57 7 0 2 
6 1 1 31 54 7 6 2 
9 0 0 78 45 4 5 7 
0 0 65 44 4 5 2 1 
4 3 48 64 98 7 2 0 
5 6 64 48 77 1 3 6 
2 7 41 71 29 1 6 8 
4 0 39 55 39 9 6 4 
0 4 54 42 78 0 9 6 
7 9 0 44 60 3 3 4 
0 4 2 75 37 3 3 4 
1 1 20 53 65 0 8 3 
8 5 11 60 59 8 9 5 
1 3 48 32 71 7 9 9 
9 1 62 39 36 9 4 0 
1 4 44 58 58 7 7 8 
6 1 25 63 68 0 5 6 
2 8 33 58 42 2 4 2 
0 2 37 49 48 4 9 7 
8 2 29 48 21 5 1 2 
7 4 3 68 17 6 5 5 
7 9 23 30 89 6 5 0 
6 1 34 36 36 2 2 7 
5 2 33 38 43 2 2 4 
4 0 8 53 75 3 0 5 
6 9 18 37 33 6 8 6 
8 9 19 62 14 1 4 2 
0 0 36 43 65 9 0 0 
2 9 39 54 27 5 3 1 
5 4 14 28 38 6 0 6 
2 4 32 45 64 6 2 6 
4 6 29 19 81 4 2 8 
7 0 27 53 32 0 7 2 
4 6 32 74 29 6 5 8 
7 8 2 61 42 3 3 8 
6 3 38 58 39 7 0 2 
1 7 17 67 49 4 2 5 
9 3 49 49 30 6 2 7 
8 0 6 51 67 1 4 0 
6 6 54 47 53 1 1 9 
0 7 29 26 53 5 2 9 
3 7 13 45 25 8 6 1 
6 6 23 44 50 3 0 0 
2 1 13 45 94 3 8 8 
2 6 28 80 8 2 7 8 
5 3 25 42 47 5 3 8 
2 1 54 75 23 1 7 5 
4 3 72 27 52 1 5 6 
7 5 57 50 21 4 3 0 
4 8 0 49 58 1 4 9 
9 2 32 57 47 0 4 5 
4 6 49 113 88 7 4 5 
6 7 47 64 69 0 2 7 
3 3 35 51 56 3 7 1 
1 7 28 59 72 3 7 6 
4 3 53 19 49 8 9 3 
0 0 45 36 78 7 5 1 
3 8 40 37 30 7 9 3 
1 7 65 9 44 9 9 5 
7 7 1 77 48 4 7 1 
0 5 19 26 41 8 0 1 
5 5 61 57 49 7 6 3 
8 1 25 57 56 8 3 6 
3 5 31 40 19 3 8 2 
8 5 53 51 37 0 6 5 
9 5 36 37 51 6 8 2 
4 1 51 74 78 2 7 1 
7 4 49 49 56 3 4 4 
6 8 16 71 23 5 8 4 
3 6 5 82 75 7 4 3 
6 0 17 55 23 3 6 5 
0 7 66 19 66 0 3 0 
2 9 0 13 52 7 9 2 
0 2 23 57 55 9 6 1 
5 0 31 63 18 5 3 2 
4 8 50 54 26 9 8 4 
5 1 38 81 56 6 4 3 
3 0 4 51 60 8 5 0 
9 3 40 14 0 8 3 0 
8 7 0 35 31 1 4 9 
0 2 34 62 59 1 0 0 
6 9 49 20 53 6 1 3 
6 9 9 34 23 8 1 2 
7 7 21 23 79 2 1 6 
5 4 49 25 47 1 8 8 
7 7 56 44 36 8 8 8 
5 1 54 52 71 4 4 0 
8 9 27 69 42 5 6 2 
8 4 23 60 68 9 5 8 
9 7 37 51 54 6 5 8 
4 0 34 37 34 5 9 3 
5 1 19 78 42 2 2 6 
0 1 25 48 72 3 4 5 
3 5 31 79 73 8 9 3 
0 1 26 37 29 6 3 2 
6 0 41 102 33 8 6 6 
0 3 14 51 62 1 0 0 
2 3 2 20 66 8 3 0 
6 0 24 58 76 4 8 4 
2 1 5 70 48 2 5 3 
0 8 17 59 75 6 5 6 
2 7 5 36 22 5 4 0 
7 3 4 57 48 3 8 2 
8 0 32 80 48 0 9 6 
8 3 20 65 40 8 8 1 
9 1 8 70 37 6 9 0 
8 2 15 69 50 3 7 1 
5 9 56 64 44 5 8 5 
3 8 0 53 31 2 9 6 
2 6 1 74 49 2 3 9 
5 4 0 74 74 2 9 6 
9 4 57 28 78 9 1 4 
8 1 32 80 80 8 7 8 
3 9 35 54 43 5 6 0 
2 3 43 100 49 8 1 6 
8 1 0 44 60 7 5 2 
5 1 6 32 68 0 3 6 
5 2 28 80 15 6 5 2 
8 1 35 58 42 9 8 5 
3 3 15 69 29 7 3 2 
4 3 29 62 49 2 7 8 
5 0 35 82 18 0 1 1 
8 3 50 51 7 2 9 5 
8 0 23 40 63 0 9 8 
9 9 33 24 61 2 0 4 
7 6 28 46 42 5 7 8 
7 1 32 30 48 2 6 3 
4 7 24 22 44 5 1 7 
9 3 40 13 62 5 8 4 
5 0 35 44 45 1 5 1 
5 1 25 31 67 3 3 0 
1 3 38 21 57 4 2 4 
1 4 58 31 81 3 2 2 
8 6 44 81 24 2 6 8 
1 8 43 42 37 6 5 2 
9 2 52 65 34 6 1 7 
6 1 42 88 54 6 3 8 
4 5 28 56 34 4 1 9 
9 3 7 51 27 3 3 5 
3 6 30 19 49 5 8 8 
3 6 9 59 28 8 1 1 
9 1 2 68 51 7 0 0 
8 4 29 70 30 0 8 1 
4 9 52 65 78 0 7 6 
1 9 21 76 71 9 7 4 
3 3 44 70 50 1 8 4 
1 8 52 55 30 6 8 3 
7 3 15 67 23 4 0 3 
4 3 0 35 71 8 0 3 
4 2 29 66 46 6 8 1 
6 0 14 9 26 4 4 8 
6 0 37 30 27 0 3 5 
7 5 33 36 40 1 7 6 
7 5 51 28 58 6 6 1 
7 2 45 52 16 8 9 2 
0 7 24 77 43 6 7 8 
3 8 44 22 24 1 2 2 
8 5 2 38 55 4 0 8 
6 5 37 82 59 3 2 9 
1 4 0 62 72 2 0 9 
4 9 46 46 85 4 4 5 
3 9 18 72 23 1 1 2 
4 5 27 58 61 7 1 5 
8 9 32 44 30 4 4 4 
5 1 36 70 10 3 2 7 
1 9 77 31 62 4 5 1 
0 5 25 47 39 7 3 6 
2 0 21 57 64 2 5 5 
5 0 63 65 34 6 9 0 
8 8 35 38 78 7 3 7 
0 6 33 75 71 5 8 7 
9 1 28 46 67 2 3 4 
8 4 35 48 49 4 6 8 
1 1 0 57 14 2 9 0 
7 0 37 30 34 4 8 1 
6 8 4 23 33 0 9 2 
7 6 22 45 57 0 7 0 
2 2 0 32 39 0 3 0 
7 6 18 28 18 1 5 5 
8 8 35 36 73 6 2 3 
9 9 66 80 50 2 1 2 
9 5 52 64 55 9 4 1 
6 8 31 75 42 2 0 0 
6 9 46 24 44 2 7 1 
3 8 54 35 34 6 3 8 
8 6 22 14 24 7 6 4 
8 6 21 62 58 7 7 3 
4 3 29 46 32 0 8 2 
1 2 70 55 48 4 1 3 
8 5 67 63 93 9 8 2 
8 1 0 77 71 9 5 5 
4 0 10 74 46 1 8 1 
0 1 12 30 45 6 8 9 
8 4 60 39 40 0 8 5 
6 6 38 57 63 2 6 0 
4 4 39 50 44 2 0 6 
6 6 20 74 56 0 3 0 
2 6 33 59 66 2 6 8 
2 2 39 65 73 3 1 0 
6 5 45 80 54 0 9 2 
0 8 33 18 17 4 6 4 
0 9 32 92 55 1 1 9 
6 9 48 31 24 5 3 1 
1 4 36 36 53 7 8 1 
1 8 3 46 51 3 7 9 
9 1 59 62 84 4 6 8 
7 0 11 75 26 1 0 1 
9 8 51 64 14 6 7 8 
3 3 0 61 47 3 6 8 
0 6 58 62 51 5 7 0 
1 4 11 49 54 0 4 2 
8 6 0 57 61 7 5 2 
6 3 0 44 26 6 5 2 
9 2 35 68 15 3 0 7 
1 2 19 45 93 6 6 7 
1 9 29 31 47 0 8 2 
0 8 52 9 25 0 2 8 
8 2 6 55 27 0 7 1 
6 8 12 45 71 1 3 3 
3 2 51 48 43 7 3 9 
9 8 17 67 85 8 3 5 
6 8 50 82 33 3 6 7 
0 9 32 26 67 6 8 4 
7 5 58 39 55 9 7 6 
3 5 46 34 31 5 8 6 
7 2 26 60 107 5 6 1 
1 9 37 12 35 7 7 8 
4 4 36 59 49 8 9 9 
9 6 3 75 60 0 7 9 
6 4 23 38 61 8 0 9 
1 7 39 14 47 2 7 8 
0 6 66 46 49 8 6 2 
8 4 30 23 7 6 6 4 
6 4 58 52 6 0 3 7 
5 3 27 21 63 4 8 7 
4 6 0 46 42 2 5 2 
9 9 8 50 72 3 5 2 
2 6 29 0 58 7 8 1 
5 5 0 13 70 2 9 6 
8 2 13 76 55 1 6 3 
7 9 28 48 43 1 7 2 
2 7 27 15 46 3 8 1 
3 6 11 63 70 5 5 6 
7 0 57 47 57 3 0 0 
5 7 53 75 12 2 5 5 
0 8 36 77 34 8 8 9 
0 9 10 52 23 4 5 4 
7 8 24 53 42 4 1 0 
0 9 28 5 60 7 5 4 
5 7 43 66 16 7 7 7 
1 7 19 39 70 0 9 3 
7 6 16 46 62 8 0 2 
3 2 29 72 74 5 4 3 
1 9 31 87 58 8 1 2 
3 6 27 86 49 8 4 4 
2 7 72 50 34 2 4 7 
5 3 46 56 42 6 7 0 
7 1 51 43 16 2 2 3 
1 2 32 58 69 2 4 3 
6 0 15 61 48 1 5 7 
1 1 30 45 88 3 8 8 
7 6 57 45 36 1 9 0 
9 9 31 97 28 7 3 4 
9 0 59 16 73 5 0 1 
5 0 37 20 91 2 5 2 
0 1 35 70 36 0 2 5 
7 5 18 82 81 2 4 4 
3 4 16 97 87 2 4 1 
9 5 54 24 45 8 1 4 
4 7 0 27 52 2 2 0 
1 5 2 41 54 4 8 2 
8 4 0 65 68 8 4 8 
9 9 22 32 61 1 6 4 
3 0 23 56 35 2 9 0 
6 2 23 58 8 4 7 7 
6 1 80 74 46 1 4 1 
6 7 39 50 27 0 0 4 
4 5 15 85 40 5 9 2 
3 9 16 41 48 5 7 1 
9 8 20 65 82 0 0 5 
4 0 28 72 51 7 8 6 
2 8 80 31 50 3 3 6 
6 9 38 49 72 9 1 1 
4 8 20 53 0 1 1 2 
1 9 11 21 39 0 1 7 
0 9 24 27 50 0 4 8 
4 7 6 81 47 9 9 7 
1 6 2 0 115 6 5 7 
1 3 20 61 60 0 3 7 
9 8 46 53 40 9 9 7 
0 1 12 48 22 9 0 6 
7 4 26 8 58 4 5 8 
3 7 26 75 69 8 1 7 
7 6 70 16 59 5 9 8 
4 9 0 42 48 3 3 3 
2 3 10 66 42 9 7 7 
1 1 18 60 78 2 7 2 
4 5 6 63 24 4 3 0 
7 1 77 35 35 9 0 3 
2 4 4 30 51 3 5 8 
7 8 0 33 82 3 0 2 
0 3 24 43 52 3 3 6 
5 2 43 23 43 7 0 7 
4 7 13 42 44 0 4 7 
8 7 13 32 6 2 8 4 
4 8 8 29 54 7 8 6 
1 8 47 85 54 2 6 4 
7 9 31 48 19 7 6 9 
5 6 25 76 26 1 4 1 
6 5 52 53 29 9 1 8 
7 5 44 64 29 8 1 4 
6 1 33 30 50 8 4 4 
2 2 37 85 47 7 2 1 
1 0 49 79 47 8 8 1 
8 3 68 75 31 9 9 8 
2 0 23 77 39 5 3 2 
1 9 7 72 26 1 7 4 
0 8 33 61 87 9 5 7 
4 2 46 77 28 0 1 8 
2 1 26 15 52 7 9 7 
5 0 43 72 53 4 6 1 
7 6 7 48 58 0 8 2 
7 6 53 45 31 1 8 9 
9 5 34 84 65 2 6 4 
3 5 24 59 52 1 7 2 
3 1 51 74 52 4 3 7 
0 0 50 53 19 1 9 8 
3 8 57 72 33 8 3 6 
1 1 28 50 44 0 9 5 
5 5 26 45 33 4 5 9 
6 2 13 75 63 5 7 8 
9 4 53 73 37 6 5 8 
8 1 18 70 63 8 3 2 
6 9 25 31 50 5 8 0 
6 6 39 19 29 4 2 4 
5 5 41 42 50 1 4 2 
6 6 38 31 54 9 5 1 
4 4 60 35 57 2 8 1 
7 0 53 24 6 3 1 2 
8 8 0 36 10 5 5 2 
0 1 0 55 23 0 9 5 
3 0 44 47 0 2 6 9 
3 4 0 55 76 6 5 0 
9 9 0 68 31 9 1 7 
9 8 23 69 65 9 2 9 
1 0 23 55 54 7 3 4 
4 5 43 68 54 9 5 0 
4 1 31 5 33 7 6 2 
3 5 27 26 26 7 0 9 
2 6 64 53 71 8 8 3 
4 0 79 17 35 5 3 4 
5 2 27 53 84 9 7 5 
0 2 0 66 63 6 1 5 
3 2 60 74 32 9 0 8 
7 4 85 33 38 5 8 4 
7 5 60 68 56 5 8 7 
5 2 44 57 45 1 9 1 
4 6 70 70 53 1 3 2 
1 0 69 58 49 9 9 8 
6 3 52 55 15 4 1 2 
3 7 40 77 49 5 7 1 
9 0 31 60 36 4 4 5 
1 9 0 21 75 3 2 6 
6 9 11 57 53 2 8 9 
5 2 13 36 29 1 5 7 
5 4 67 34 43 5 1 8 
0 4 21 56 45 7 3 2 
5 4 32 28 16 6 5 9 
7 1 0 56 67 1 5 5 
3 4 0 36 50 6 9 4 
7 8 9 67 17 8 7 5 
2 0 8 62 53 6 6 9 
6 9 73 15 39 7 9 3 
1 6 53 28 39 9 8 1 
9 6 8 65 66 6 5 6 
3 0 47 59 84 6 3 3 
3 0 36 65 60 8 8 1 
0 0 30 49 15 9 1 2 
7 8 22 24 36 0 6 0 
5 1 2 52 38 6 5 9 
2 3 47 51 65 3 9 7 
3 1 39 29 57 4 2 2 
0 9 20 46 45 9 5 0 
1 0 0 25 35 2 7 7 
2 8 20 33 31 1 2 9 
4 9 37 67 65 4 5 5 
6 5 31 45 77 6 9 3 
7 5 1 43 54 9 6 3 
8 4 5 69 79 9 8 7 
2 8 27 48 21 2 9 1 
5 5 22 39 45 8 4 6 
9 6 55 30 40 1 5 5 
7 8 34 49 83 6 7 3 
3 0 49 55 54 8 0 7 
6 6 7 51 63 0 8 9 
2 4 26 36 36 7 2 7 
6 9 46 41 34 4 5 6 
7 0 0 40 77 5 3 1 
0 0 32 76 35 9 0 9 
9 4 45 34 43 1 3 2 
2 6 8 48 51 0 7 1 
0 2 25 32 51 2 6 2 
7 7 51 40 23 1 6 2 
7 4 21 11 54 4 2 3 
4 3 43 32 21 5 1 5 
5 0 31 71 64 9 8 5 
2 5 40 40 69 6 2 8 
8 7 54 15 62 1 7 3 
1 0 23 40 68 3 0 8 
3 7 38 52 57 7 3 1 
8 7 47 37 14 9 8 2 
4 5 58 38 39 4 7 1 
6 0 51 59 75 2 7 1 
0 0 32 69 11 1 6 1 
3 4 41 72 23 2 2 4 
6 6 37 44 33 6 3 9 
8 0 36 40 48 3 6 1 
5 9 43 68 30 7 3 7 
3 2 35 45 88 0 0 0 
3 1 11 62 23 8 6 9 
0 4 16 61 46 8 9 8 
1 4 16 63 54 1 4 1 
1 0 51 54 3 4 9 1 
8 0 0 63 45 8 3 5 
4 2 50 55 10 6 6 0 
9 2 1 15 54 1 9 9 
1 2 37 62 74 8 0 4 
8 9 9 17 45 1 9 0 
9 1 39 60 16 3 4 0 
4 7 32 33 35 9 8 7 
6 9 17 37 73 4 5 4 
5 7 0 59 73 3 0 1 
2 8 43 73 59 9 0 7 
1 6 51 43 96 0 1 0 
9 0 59 38 35 0 4 2 
8 6 49 24 48 1 5 9 
2 4 9 42 22 6 3 9 
8 8 20 54 14 0 4 7 
1 3 53 29 6 7 0 7 
1 5 24 63 63 9 7 8 
3 1 79 58 46 6 5 7 
7 6 32 75 29 0 7 5 
8 8 33 51 39 7 9 5 
0 0 0 51 52 0 4 9 
2 4 45 50 39 2 3 9 
1 2 11 72 84 7 2 5 
0 2 7 56 71 0 2 9 
0 3 40 51 60 8 7 2 
5 7 70 37 51 7 7 8 
2 9 73 66 37 2 0 6 
5 1 48 58 36 7 5 4 
3 2 33 51 85 7 1 8 
0 4 47 38 71 8 2 0 
2 9 17 47 52 7 9 6 
3 0 29 37 42 9 7 4 
2 8 15 25 21 5 5 7 
7 1 32 67 78 8 8 7 
0 2 42 44 54 8 8 5 
6 0 12 70 46 2 2 7 
9 4 42 21 71 7 6 7 
1 5 85 53 102 6 4 0 
6 4 52 56 40 7 2 5 
5 1 11 53 83 5 4 8 
4 2 31 53 22 5 0 7 
3 5 36 57 79 3 0 8 
3 3 29 18 48 0 6 7 
4 7 22 45 73 5 8 5 
4 1 41 59 28 1 2 4 
2 0 0 52 59 7 6 8 
5 8 38 38 14 2 5 9 
2 9 29 85 44 7 4 9 
0 3 43 26 77 1 8 2 
7 4 0 36 73 5 0 0 
4 2 14 41 22 9 0 9 
8 1 61 61 54 8 6 1 
6 3 13 92 94 6 2 7 
3 9 52 31 0 2 7 4 
1 8 10 38 23 1 8 6 
3 9 24 47 63 0 0 1 
8 9 41 84 88 3 2 7 
0 9 26 62 27 7 4 0 
4 3 25 99 54 8 0 5 
8 3 13 57 29 1 0 5 
6 2 5 34 73 8 2 8 
1 5 33 50 57 8 9 9 
4 3 44 10 81 1 7 6 
3 3 0 27 88 1 0 9 
6 2 13 49 49 5 4 1 
4 6 29 77 44 4 2 3 
7 2 39 65 95 5 9 2 
0 5 72 50 63 7 6 9 
2 8 57 46 96 1 6 1 
4 4 25 31 34 2 3 9 
8 6 34 50 71 9 1 1 
1 6 25 17 40 3 8 0 
0 6 46 47 65 4 5 3 
4 7 64 70 53 2 3 8 
2 1 53 84 43 8 9 0 
5 9 44 90 56 0 4 7 
0 6 49 61 56 8 2 8 
7 3 51 41 10 5 4 2 
0 4 20 23 57 6 4 8 
2 6 20 64 54 8 9 8 
9 0 12 29 54 4 1 5 
9 4 13 30 47 6 7 2 
6 6 30 60 25 7 2 3 
7 0 8 41 34 1 4 7 
4 3 39 42 22 2 7 9 
5 2 22 44 63 7 3 6 
2 3 26 70 63 3 7 4 
2 2 39 44 47 9 9 4 
2 5 25 48 75 0 6 0 
9 1 0 39 17 0 2 3 
6 2 62 73 44 8 5 1 
4 3 23 91 57 4 0 8 
0 6 12 43 48 9 1 5 
0 0 16 74 29 7 5 1 
3 2 18 38 72 9 5 4 
9 7 19 7 29 9 3 2 
0 3 0 64 33 2 8 3 
5 3 26 62 31 4 0 5 
8 5 25 65 74 5 3 3 
4 2 18 100 41 6 4 1 
8 2 48 37 48 7 5 9 
5 4 38 33 74 9 9 9 
9 1 0 55 71 5 1 8 
2 9 31 68 51 4 2 0 
6 9 30 32 61 9 3 1 
4 3 34 59 53 3 3 2 
0 8 34 19 50 3 2 4 
7 3 39 79 46 2 9 3 
9 9 53 48 22 3 9 5 
4 0 26 45 76 7 9 5 
0 6 10 75 45 5 7 3 
7 0 69 37 33 5 0 9 
5 1 44 21 43 6 3 2 
7 9 6 61 50 4 2 3 
8 1 28 43 55 7 9 1 
4 5 54 41 59 9 8 0 
4 1 0 68 17 4 6 2 
4 8 47 76 49 8 3 9 
3 1 48 35 38 6 5 5 
0 4 52 41 72 3 8 1 
3 2 32 64 80 7 6 3 
9 4 10 20 59 6 7 5 
8 8 19 53 48 1 5 7 
0 4 8 40 65 1 6 4 
3 7 0 56 42 8 7 2 
6 1 7 43 32 0 6 8 
0 8 35 66 34 8 4 0 
0 8 12 57 55 2 1 7 
9 1 8 71 45 3 5 4 
6 8 0 54 84 6 3 6 
7 8 19 60 53 5 1 6 
9 9 49 66 69 2 1 1 
1 7 18 48 38 5 8 9 
0 5 0 65 23 6 4 2 
6 0 31 28 33 6 1 4 
6 2 23 64 79 1 1 8 
3 9 28 30 42 1 7 6 
9 5 43 57 50 8 8 8 
4 7 56 34 22 8 7 5 
6 8 50 17 74 5 9 9 
5 5 46 6 38 2 8 8 
1 6 44 43 83 4 5 0 
6 9 46 48 16 4 4 9 
4 0 5 76 48 4 8 3 
4 0 54 66 65 6 1 4 
0 6 26 18 85 8 6 8 
8 7 89 49 38 0 4 1 
0 4 55 37 60 5 0 4 
8 7 75 33 19 2 9 2 
1 9 75 85 41 8 8 7 
9 2 21 71 73 2 9 3 
6 1 62 39 20 4 4 8 
4 3 22 55 79 7 6 9 
3 9 26 47 67 1 5 0 
6 7 31 59 57 7 0 6 
6 3 18 27 53 4 3 9 
2 1 22 27 53 1 5 6 
2 0 49 9 82 4 9 6 
9 1 23 84 53 1 4 1 
5 3 14 70 36 5 4 3 
3 8 19 58 46 1 6 4 
8 8 0 39 73 0 9 7 
3 9 39 40 80 6 0 6 
6 4 10 42 67 2 2 4 
1 2 31 58 90 8 2 8 
6 7 44 46 14 6 4 5 
2 2 50 47 52 6 6 2 
5 1 85 110 78 3 5 3 
1 0 39 38 40 0 4 8 
8 3 26 42 28 2 7 7 
4 0 35 29 85 4 8 8 
1 9 11 68 76 9 4 2 
4 7 15 52 39 2 6 5 
3 2 44 54 62 2 1 1 
4 6 31 54 37 9 2 4 
2 6 17 96 27 5 6 8 
1 5 2 42 43 2 6 8 
5 8 0 74 61 7 0 7 
8 6 11 68 34 6 2 5 
5 1 37 49 32 1 6 3 
8 8 34 67 43 9 7 7 
2 0 2 54 8 4 9 6 
5 8 31 39 67 8 8 9 
9 9 30 76 37 0 5 0 
5 9 26 34 18 8 4 2 
4 0 38 56 34 2 0 5 
1 9 48 27 62 6 2 2 
7 3 45 15 56 7 8 0 
5 7 23 67 73 5 3 6 
9 0 18 17 32 2 9 4 
2 4 65 37 46 0 7 9 
8 4 35 23 25 4 6 1 
7 5 47 61 48 9 0 8 
6 4 43 58 61 3 8 8 
9 8 41 54 44 8 8 5 
4 4 57 70 49 4 1 5 
8 6 4 78 26 2 4 6 
0 2 16 55 48 6 3 6 
4 8 50 57 65 6 1 3 
1 3 4 69 83 5 9 5 
9 0 33 41 29 5 2 4 
8 6 1 26 14 6 1 9 
9 6 40 41 7 2 4 1 
2 5 19 77 56 4 8 0 
8 6 40 23 26 1 0 2 
8 8 15 39 69 4 5 4 
1 0 35 5 60 4 0 1 
3 2 29 5 39 1 5 2 
0 9 37 45 38 9 3 9 
3 5 20 47 35 4 7 8 
5 2 22 29 37 5 7 9 
1 0 39 52 42 3 2 6 
3 5 61 56 53 6 5 0 
0 9 38 75 64 7 5 5 
8 6 56 43 47 3 0 8 
4 9 35 15 48 5 9 7 
0 3 7 69 33 4 1 5 
0 2 33 62 62 9 5 8 
6 9 8 49 56 9 7 1 
3 8 44 59 21 7 6 2 
5 8 27 79 68 3 8 9 
0 0 0 76 52 1 1 0 
6 0 9 24 66 7 5 4 
5 8 30 57 55 7 6 4 
3 8 46 44 44 5 7 4 
1 2 13 50 44 9 2 2 
9 7 25 29 33 0 9 7 
9 5 27 81 47 3 1 6 
8 8 3 70 0 9 4 5 
7 0 0 64 50 6 5 5 
5 0 23 96 34 1 0 2 
5 2 10 53 50 3 2 1 
2 3 54 18 38 1 3 2 
1 0 43 25 52 8 0 3 
8 9 2 55 51 1 8 8 
1 7 51 75 13 6 5 8 
0 0 22 61 78 6 7 8 
2 0 18 38 69 1 3 4 
4 1 44 38 12 2 3 6 
0 4 76 33 52 9 0 2 
5 2 10 46 81 3 0 2 
5 3 27 64 26 7 8 0 
9 3 17 17 55 8 3 4 
1 8 43 70 69 7 3 2 
0 9 39 51 31 2 6 5 
8 6 21 68 31 6 1 3 
8 2 0 77 64 1 8 3 
5 9 44 59 34 9 5 9 
3 3 57 58 35 7 7 1 
1 6 17 58 33 4 3 8 
2 9 44 45 73 2 8 7 
8 5 19 72 15 4 8 7 
8 2 15 46 82 0 3 0 
5 9 0 46 56 2 2 4 
1 4 0 87 26 3 3 1 
7 5 30 25 31 2 0 6 
6 6 20 38 64 0 4 1 
2 1 18 60 73 3 1 5 
5 7 0 56 68 1 5 1 
3 1 19 0 67 4 1 1 
7 6 24 37 72 5 5 9 
8 9 20 42 45 0 7 2 
4 8 18 46 73 3 1 5 
2 9 28 74 33 9 4 1 
6 6 12 24 42 5 5 2 
4 6 0 40 48 3 6 8 
3 8 50 47 55 3 3 4 
7 7 41 66 86 0 7 5 
0 3 26 104 80 9 4 2 
0 1 41 57 27 5 0 2 
6 9 45 56 26 0 6 3 
5 2 56 77 69 1 2 4 
8 0 44 50 44 4 9 8 
9 9 31 67 37 8 8 0 
7 5 44 59 25 3 3 7 
7 9 14 41 91 1 7 3 
8 5 23 28 72 3 1 8 
5 7 12 50 49 1 2 5 
4 9 12 88 0 4 9 6 
3 5 46 87 71 0 5 6 
0 2 44 33 29 8 2 7 
3 4 0 60 73 1 4 1 
1 8 27 44 70 1 2 9 
7 5 71 52 72 0 8 0 
0 9 47 62 41 1 8 6 
6 7 26 45 33 8 4 4 
8 4 46 33 40 0 3 3 
1 2 22 30 0 9 2 8 
9 6 20 78 79 9 8 1 
2 8 44 43 52 0 5 9 
0 8 24 45 35 9 1 6 
9 8 3 61 8 6 0 1 
8 1 31 46 51 3 4 9 
8 1 65 39 49 8 4 7 
0 1 14 35 21 0 3 9 
7 5 7 39 28 6 3 2 
8 4 0 29 46 5 8 8 
6 4 22 76 37 6 6 7 
4 0 27 63 69 5 5 1 
5 2 34 55 32 1 1 9 
6 3 32 34 71 8 5 9 
2 0 33 53 69 4 1 7 
6 1 0 53 31 3 9 3 
5 7 35 34 49 6 8 3 
0 3 25 43 57 6 7 7 
6 9 17 25 29 7 3 0 
6 1 17 50 43 2 9 8 
7 4 29 35 40 7 0 8 
4 1 42 40 58 5 6 2 
1 4 0 36 30 7 0 3 
0 3 32 58 84 3 5 3 
8 4 29 18 58 3 5 6 
1 2 20 62 58 0 3 2 
4 4 64 60 53 0 0 1 
1 9 51 67 56 4 3 3 
3 6 35 39 21 3 2 7 
7 1 2 95 0 1 9 8 
4 0 23 81 52 8 6 6 
2 3 40 52 57 0 9 4 
2 3 36 48 43 8 3 9 
8 0 52 42 43 8 0 9 
9 9 21 24 49 5 6 7 
0 5 22 79 65 9 1 1 
3 7 48 82 35 4 9 5 
7 3 24 82 90 2 2 9 
3 0 33 39 58 9 4 9 
5 1 30 45 90 3 7 1 
5 1 32 37 23 6 4 1 
1 7 31 62 59 3 9 5 
9 5 36 65 61 2 8 6 
8 3 57 48 25 0 3 8 
5 0 3 50 60 3 4 1 
1 1 20 79 58 0 8 0 
8 5 21 75 42 4 6 2 
0 7 38 45 58 7 8 1 
2 8 20 68 70 9 3 0 
7 0 24 72 31 0 0 0 
0 6 38 58 46 7 1 7 
1 6 59 66 51 5 1 6 
9 0 41 51 57 7 7 7 
2 1 12 35 53 9 2 1 
2 1 32 58 49 1 8 9 
6 6 5 48 42 1 5 7 
9 8 64 65 49 9 6 5 
7 0 4 34 55 3 7 6 
2 0 15 78 63 5 7 2 
0 3 10 39 80 6 9 6 
6 3 60 74 55 8 0 9 
1 2 11 30 46 5 2 4 
5 6 29 35 78 4 8 4 
9 7 0 48 2 7 2 3 
3 9 37 33 39 9 0 8 
2 1 35 39 49 6 7 8 
9 2 29 47 78 0 8 1 
1 8 32 59 53 8 4 7 
3 5 67 61 69 1 6 6 
6 3 63 37 62 9 7 4 
3 3 1 45 63 0 8 1 
1 9 1 59 60 6 7 2 
2 3 54 73 50 8 6 5 
0 2 23 56 26 3 2 9 
5 4 11 88 54 9 2 9 
0 8 24 55 48 5 5 9 
3 8 30 43 45 2 9 7 
9 7 14 28 74 4 3 6 
5 6 30 36 58 6 2 1 
2 7 7 70 37 4 8 9 
6 9 59 23 73 8 3 4 
2 8 22 54 55 9 3 4 
3 0 36 46 60 0 3 5 
3 8 66 41 58 8 8 4 
9 6 35 14 70 6 6 4 
6 1 47 73 51 1 0 5 
8 1 20 48 66 1 8 6 
3 9 2 51 83 4 8 6 
4 6 71 47 60 9 8 3 
3 6 21 37 63 5 0 0 
7 1 20 12 41 8 5 4 
3 4 32 39 58 1 4 8 
7 3 37 54 36 4 1 5 
5 6 23 72 29 3 4 5 
3 2 53 70 55 9 7 6 
8 0 70 67 42 2 8 6 
0 2 38 59 44 0 0 8 
5 5 17 29 56 8 6 8 
7 9 9 91 9 8 7 7 
0 8 53 61 36 5 4 2 
0 7 0 26 46 5 1 6 
8 8 37 48 49 7 2 8 
1 8 35 34 48 9 1 5 
7 0 20 72 56 4 7 3 
5 3 52 36 62 2 1 5 
8 1 11 28 28 6 8 6 
5 6 9 43 60 8 1 5 
9 6 47 35 60 7 4 0 
2 9 31 51 61 2 6 7 
6 2 0 63 38 0 6 3 
1 5 24 29 35 3 4 0 
5 9 0 34 27 0 9 0 
5 7 51 56 69 6 0 0 
0 5 27 29 56 7 8 7 
6 3 34 49 25 0 5 1 
9 7 29 37 26 0 1 1 
3 6 37 32 44 3 9 0 
3 6 32 36 38 1 4 3 
6 2 15 46 107 0 4 3 
9 1 10 53 24 7 4 6 
2 6 34 52 54 3 4 7 
8 2 10 19 47 8 5 9 
2 1 0 89 42 1 0 7 
4 9 5 62 62 0 3 6 
9 4 66 61 42 9 9 0 
7 8 65 9 60 2 1 8 
8 6 0 68 20 5 9 1 
8 3 31 43 81 4 4 9 
8 2 23 3 54 6 3 6 
4 7 62 42 19 1 9 7 
0 8 28 58 52 2 2 9 
6 8 3 41 14 2 2 2 
2 3 45 55 47 0 0 5 
7 0 20 55 46 9 1 7 
2 3 55 81 65 1 3 7 
9 0 38 55 54 8 2 8 
5 6 37 60 55 6 4 2 
7 1 70 53 76 1 0 4 
2 0 10 54 92 0 5 3 
0 9 18 76 65 9 7 2 
7 6 24 43 62 2 5 2 
1 8 22 82 40 1 0 0 
2 9 28 104 56 4 5 0 
5 1 11 37 49 9 5 1 
9 7 33 40 26 2 4 6 
6 6 23 58 42 8 7 0 
9 6 28 47 0 9 9 4 
1 9 49 53 58 5 1 2 
2 4 49 17 23 6 6 6 
5 5 32 55 67 8 2 8 
4 4 5 57 61 1 3 3 
4 4 0 61 65 2 8 2 
1 3 24 44 79 6 0 5 
7 8 32 68 44 9 5 1 
8 8 41 40 67 4 9 1 
5 2 26 68 30 4 5 1 
4 1 61 46 34 5 9 1 
4 0 37 85 35 3 1 7 
2 2 30 76 79 0 8 1 
6 3 27 62 20 0 6 5 
0 0 0 30 61 2 6 3 
8 9 38 78 56 4 3 2 
5 6 63 41 18 5 7 9 
7 6 0 45 25 3 2 7 
9 5 4 58 89 7 1 8 
8 7 38 24 62 6 6 4 
0 0 41 75 69 4 8 5 
6 4 38 55 37 2 9 0 
6 1 0 46 67 9 6 2 
3 0 22 57 29 3 8 5 
8 1 57 21 67 8 9 9 
1 9 0 10 46 2 5 0 
5 7 61 51 40 0 6 4 
7 3 33 29 56 2 0 1 
7 8 24 43 50 9 9 4 
5 8 25 50 38 5 4 8 
4 7 38 90 56 9 8 2 
2 8 14 49 47 6 5 0 
8 9 48 60 70 9 2 2 
6 6 32 35 80 2 6 8 
9 6 68 39 13 2 0 7 
0 4 26 52 63 6 6 0 
4 3 47 30 42 4 2 8 
7 4 16 30 62 0 4 8 
8 9 39 50 52 6 4 6 
9 1 35 76 17 7 0 7 
3 9 14 0 57 6 9 3 
8 2 52 59 39 4 7 1 
4 5 17 75 85 2 0 8 
8 9 40 45 41 9 0 3 
3 3 57 43 35 6 3 5 
5 7 0 58 30 1 2 1 
9 5 59 63 23 4 3 9 
2 8 24 47 43 1 4 3 
8 5 28 42 40 2 1 1 
7 2 53 64 37 1 7 4 
1 6 64 1 40 9 7 4 
5 8 39 60 39 9 9 2 
0 2 3 70 57 0 3 6 
2 5 1 35 51 0 6 5 
6 4 58 85 49 7 6 6 
5 0 47 47 34 3 0 7 
3 5 34 75 62 7 0 4 
8 4 15 35 54 9 0 4 
9 8 5 44 43 7 4 7 
7 3 23 18 41 7 1 8 
4 7 36 50 82 4 1 7 
7 9 36 45 68 6 6 9 
9 7 16 51 36 4 3 9 
3 8 0 34 52 5 5 6 
2 5 30 22 32 7 0 5 
2 3 62 63 66 7 4 7 
7 6 62 25 23 5 2 1 
7 6 33 40 39 1 8 8 
3 1 0 21 31 1 5 8 
1 5 1 50 45 2 1 9 
3 3 43 11 41 4 9 6 
0 4 24 7 76 6 5 6 
4 5 24 69 18 1 9 2 
0 8 30 68 70 2 7 3 
7 2 44 53 46 4 8 1 
1 0 30 29 75 2 0 4 
4 8 30 81 51 1 7 9 
0 4 32 66 81 8 6 6 
7 0 8 63 60 2 7 8 
2 2 25 11 52 4 6 9 
2 4 28 56 54 9 7 6 
5 8 2 44 41 0 1 7 
0 4 7 37 78 1 5 5 
9 7 36 33 29 1 1 6 
4 0 36 65 54 5 9 7 
7 9 19 47 67 6 8 7 
5 1 0 60 48 0 3 1 
6 1 0 64 63 4 3 3 
9 9 30 15 59 7 0 4 
5 0 19 41 53 1 9 7 
8 4 31 21 58 6 2 3 
3 7 41 43 43 1 2 8 
3 9 81 77 81 2 2 1 
8 9 18 50 65 5 9 6 
8 2 27 58 86 0 2 0 
9 2 30 58 71 3 4 6 
4 2 58 58 28 1 8 6 
1 3 4 79 71 4 6 1 
0 2 48 0 20 9 8 9 
5 3 11 67 79 6 6 4 
7 3 32 26 26 9 6 8 
3 1 18 56 59 1 0 6 
9 6 4 64 64 5 7 9 
5 4 44 56 54 2 9 7 
0 6 27 49 84 8 1 2 
5 9 41 30 29 3 8 7 
6 8 60 29 18 9 4 1 
5 7 48 40 31 7 5 0 
4 9 15 43 59 8 7 8 
4 0 36 42 43 7 1 6 
5 5 25 62 43 3 0 8 
9 2 53 34 76 8 3 9 
4 1 72 52 39 7 5 9 
9 2 9 41 70 5 6 3 
5 3 13 79 50 2 4 9 
3 5 15 10 67 7 5 0 
5 2 56 48 32 9 7 7 
4 2 41 25 30 6 9 7 
2 1 19 48 81 6 7 6 
3 1 29 25 35 8 4 3 
1 5 10 49 37 7 4 0 
0 5 3 65 51 3 5 3 
9 8 0 13 76 8 1 9 
7 7 13 16 74 1 8 8 
3 0 8 33 59 4 5 4 
4 3 5 55 38 7 3 8 
0 2 37 35 87 6 1 2 
8 4 19 60 29 4 6 2 
6 1 25 71 19 3 1 2 
9 1 22 23 46 3 6 4 
7 0 21 131 41 3 8 9 
1 3 61 22 54 4 7 1 
0 2 19 107 40 8 1 9 
0 9 64 33 18 2 7 9 
2 5 35 49 29 6 6 5 
5 8 33 38 19 7 1 9 
3 5 10 51 25 9 0 4 
7 8 28 80 13 9 3 7 
1 4 43 60 56 5 1 9 
7 5 51 37 43 1 0 7 
9 0 6 61 57 2 0 6 
5 0 9 64 58 9 1 5 
2 8 25 76 54 6 2 2 
5 1 21 50 39 7 4 1 
5 9 15 62 68 2 5 8 
0 8 16 9 88 6 1 4 
6 7 29 74 60 2 4 8 
5 4 19 84 32 1 2 8 
9 3 17 49 60 8 8 9 
2 0 18 77 60 0 0 3 
3 8 67 9 56 1 5 2 
8 6 36 33 53 5 3 3 
0 6 27 45 40 7 0 1 
7 5 50 30 53 7 4 9 
3 0 61 50 75 1 8 3 
2 2 48 27 47 7 9 9 
7 5 53 52 12 2 3 4 
3 0 1 16 42 8 5 1 
0 9 61 25 30 9 0 1 
2 2 0 40 51 9 8 8 
0 2 26 30 51 7 6 6 
6 8 63 51 63 1 5 8 
0 1 74 0 54 5 5 4 
4 5 10 55 51 3 7 3 
2 5 30 71 55 9 5 8 
6 8 34 32 38 5 0 3 
9 2 46 65 49 1 6 8 
6 7 0 31 85 0 8 8 
9 0 35 35 58 1 5 4 
0 0 17 60 68 7 9 7 
8 1 26 59 51 0 7 2 
3 5 47 44 44 5 9 3 
8 5 14 12 68 3 7 2 
2 2 34 36 47 1 0 9 
6 7 29 47 47 3 3 8 
0 0 20 78 42 0 4 3 
4 6 38 53 35 2 8 0 
9 9 22 33 48 4 2 2 
8 8 31 14 0 5 9 2 
9 5 6 38 45 5 1 8 
6 8 56 50 73 5 4 7 
1 9 27 58 71 9 4 3 
4 6 36 33 47 4 0 6 
0 4 19 34 65 3 0 3 
6 7 23 40 74 2 8 6 
0 2 26 50 54 6 4 8 
8 7 8 48 41 6 2 8 
0 9 21 38 96 1 2 4 
6 7 33 52 15 2 3 1 
8 2 15 71 38 4 4 8 
9 3 1 53 33 8 4 1 
3 0 23 82 11 2 6 6 
6 2 17 31 75 8 0 3 
4 3 50 31 64 1 8 1 
0 9 28 39 37 1 0 4 
7 4 26 31 53 4 2 0 
8 0 16 38 74 8 5 7 
4 8 3 73 24 8 7 1 
3 7 7 50 39 7 7 3 
8 6 26 65 17 3 7 7 
8 7 0 52 40 1 8 7 
5 5 48 50 66 5 2 1 
8 7 0 57 35 1 3 6 
1 4 51 49 65 2 6 9 
0 2 11 37 71 6 1 2 
8 0 46 30 41 3 7 7 
1 6 32 54 54 5 9 3 
1 9 10 60 4 0 2 5 
4 9 58 55 51 7 4 3 
9 9 49 59 43 2 7 7 
0 8 41 32 55 0 7 0 
6 8 22 35 14 0 6 3 
2 6 4 41 82 3 7 7 
7 5 2 60 44 6 3 8 
8 5 18 56 62 6 3 9 
8 7 52 66 36 2 3 0 
6 0 17 44 50 7 8 1 
1 7 57 22 53 1 0 0 
8 7 45 34 43 8 5 9 
3 3 20 37 48 6 0 7 
2 8 30 59 60 1 5 6 
4 7 5 53 65 7 9 4 
1 0 24 49 48 4 5 7 
1 0 42 22 56 5 9 1 
6 3 6 51 72 6 0 2 
2 6 17 45 36 1 1 5 
6 4 0 65 50 0 7 2 
9 3 56 47 59 4 9 1 
6 3 28 72 45 2 2 9 
5 6 30 69 59 1 7 8 
5 8 44 77 45 0 5 8 
9 8 49 64 64 1 4 9 
9 9 51 66 65 1 3 4 
0 1 13 48 72 3 4 6 
7 8 15 63 110 0 1 3 
8 9 13 59 64 7 3 7 
7 7 23 41 66 6 1 0 
6 4 21 41 32 4 2 8 
7 2 15 41 81 2 2 3 
5 0 17 48 35 8 9 8 
7 2 19 0 20 2 1 6 
5 2 28 85 46 3 2 1 
2 2 56 45 49 1 5 5 
5 3 47 41 44 3 8 0 
4 2 8 65 34 0 2 5 
0 3 17 53 59 0 0 1 
9 7 43 15 34 2 6 1 
5 5 19 40 48 7 4 5 
6 1 33 43 36 9 5 4 
8 0 20 41 1 8 5 0 
2 2 50 65 49 0 9 9 
2 7 29 17 17 9 0 9 
9 5 6 0 35 9 5 4 
9 1 0 34 36 6 9 3 
1 3 26 42 62 8 2 3 
9 5 64 49 53 6 9 7 
1 0 63 46 49 4 9 2 
6 6 23 40 82 5 1 9 
7 9 74 51 56 6 5 0 
2 2 20 52 40 4 2 8 
9 9 15 28 52 5 3 7 
5 8 30 45 26 1 6 7 
8 7 12 87 39 5 8 4 
0 8 0 57 24 0 5 1 
3 1 21 68 37 7 0 6 
7 9 5 44 74 8 5 8 
8 3 48 45 61 7 9 6 
1 9 42 43 50 5 3 0 
7 0 32 89 33 8 1 1 
0 4 9 86 51 2 6 1 
6 4 32 33 63 5 2 7 
1 2 33 42 35 0 7 9 
4 3 41 59 75 3 8 7 
2 2 26 39 33 7 7 2 
2 0 18 57 69 8 4 8 
7 4 41 53 46 2 3 5 
9 3 30 37 35 3 0 6 
6 9 33 37 33 6 1 6 
1 8 28 10 50 3 7 2 
8 1 3 35 57 7 5 7 
1 3 31 93 67 1 6 8 
3 7 65 53 49 4 9 2 
9 3 42 56 8 5 4 2 
2 0 47 43 45 0 1 1 
4 6 31 44 70 3 7 8 
7 3 20 57 31 6 4 7 
9 5 61 30 51 9 3 6 
1 5 23 45 32 3 7 7 
9 6 0 51 38 6 3 5 
7 1 0 28 49 9 8 1 
5 0 14 79 78 5 1 7 
6 0 3 38 64 2 1 2 
3 7 21 18 54 2 6 3 
1 5 44 46 23 6 0 4 
6 2 15 59 77 8 7 1 
7 7 15 38 48 6 5 4 
8 1 37 66 20 9 6 5 
5 4 30 55 27 1 1 5 
6 0 12 71 37 6 4 7 
1 2 63 16 46 3 5 2 
5 9 46 72 29 9 0 9 
9 1 22 46 49 7 0 7 
9 1 23 80 24 7 9 5 
5 7 44 32 90 0 1 9 
2 7 0 69 29 9 2 5 
4 4 0 75 15 6 3 2 
0 1 7 61 31 0 5 2 
1 7 33 72 56 3 6 5 
5 9 47 42 49 7 1 0 
6 1 12 17 57 5 0 2 
9 2 13 65 44 6 9 7 
7 1 8 44 54 8 4 9 
2 4 0 40 48 9 0 1 
9 0 61 39 93 9 1 6 
3 7 21 47 50 6 0 6 
9 3 41 62 54 6 3 3 
7 3 26 77 37 3 5 3 
4 9 25 66 68 7 0 8 
0 3 37 45 33 1 2 4 
8 9 31 20 59 0 3 3 
0 7 0 27 53 5 1 9 
0 8 33 61 37 5 3 9 
5 7 38 40 36 5 6 1 
1 7 22 40 44 9 7 7 
8 4 15 26 50 5 6 5 
9 5 10 53 42 0 7 3 
0 5 50 46 64 7 9 1 
3 1 16 46 57 9 9 3 
0 1 21 59 58 6 5 2 
1 7 25 93 87 0 7 6 
2 9 31 73 31 6 0 5 
0 8 52 97 68 7 0 9 
6 2 36 40 66 8 4 9 
9 8 45 63 14 9 8 7 
7 4 12 50 33 6 1 3 
8 4 48 43 60 1 0 7 
3 5 24 68 70 1 2 7 
6 5 18 43 81 3 6 4 
1 8 58 31 47 7 3 4 
8 0 15 89 57 4 6 9 
6 0 46 44 18 6 7 4 
4 2 25 59 67 9 6 0 
4 3 15 43 34 2 1 6 
2 8 38 76 30 5 9 6 
0 7 32 46 108 1 3 0 
6 5 0 25 64 0 7 2 
3 9 38 46 56 2 1 9 
6 4 56 77 54 7 6 4 
5 9 17 31 60 2 8 3 
2 2 60 43 56 5 5 1 
0 3 39 18 53 1 1 5 
0 2 12 37 62 7 4 1 
2 3 19 47 11 1 4 7 
2 8 21 69 40 2 4 7 
8 9 38 59 17 1 2 3 
4 1 41 27 52 9 2 3 
2 4 61 59 68 2 1 1 
1 5 25 49 53 2 0 9 
5 7 0 66 70 9 2 9 
0 4 19 57 56 6 6 8 
0 2 20 26 36 2 1 0 
4 5 28 55 43 5 3 8 
4 6 51 50 75 9 9 2 
3 5 34 58 22 1 7 5 
3 5 53 27 25 8 4 8 
5 8 29 13 21 9 1 3 
4 7 34 48 34 1 4 5 
9 7 65 35 76 9 6 2 
5 9 68 56 47 8 0 7 
3 5 11 35 45 0 6 3 
3 7 19 20 41 2 8 5 
5 1 64 55 42 9 9 5 
1 8 50 11 44 2 0 6 
9 3 41 45 80 4 5 6 
2 2 8 94 67 2 5 1 
8 9 36 52 77 9 5 7 
5 3 21 38 52 3 3 8 
1 0 23 63 42 2 5 5 
1 8 26 73 48 3 0 0 
8 7 23 44 36 6 7 1 
9 7 24 64 61 2 9 9 
9 5 57 29 34 2 5 6 
4 4 64 51 47 0 2 5 
7 5 18 51 70 0 1 0 
2 5 48 41 33 3 8 5 
5 0 23 28 64 4 8 0 
2 7 49 60 30 6 5 7 
2 8 15 42 23 3 3 9 
2 5 39 53 64 3 1 5 
4 3 38 68 23 1 9 6 
0 1 17 37 86 3 5 2 
5 0 63 88 35 1 9 4 
8 9 39 26 37 9 8 9 
4 4 38 79 38 1 0 3 
2 3 26 57 64 5 9 4 
5 4 65 22 54 6 2 4 
5 0 46 43 98 6 3 1 
3 0 24 46 90 1 1 8 
0 0 25 35 54 4 1 7 
7 1 42 6 35 9 1 1 
3 2 33 37 50 8 8 6 
9 1 45 21 75 8 5 0 
7 5 10 47 29 1 5 2 
2 8 18 41 42 2 8 1 
1 9 38 27 35 5 8 9 
6 0 1 44 27 7 7 4 
7 2 19 52 71 8 2 7 
7 4 29 0 34 3 4 8 
2 6 37 22 34 4 8 3 
6 8 18 52 50 0 9 1 
5 5 26 25 25 2 2 5 
0 3 52 52 62 4 7 4 
5 9 26 69 37 1 5 4 
3 0 28 42 22 7 4 2 
2 4 22 25 44 0 5 8 
3 7 28 66 62 2 6 9 
9 8 29 40 49 8 2 7 
3 3 41 59 49 5 0 0 
1 9 26 52 31 1 0 0 
5 1 4 58 3 2 5 6 
3 9 3 31 82 0 6 8 
2 2 35 70 74 0 7 9 
8 1 42 81 24 6 1 3 
0 8 22 31 63 2 0 7 
7 9 26 70 54 3 3 7 
0 8 24 41 72 2 6 2 
2 4 14 63 29 0 4 9 
2 1 79 53 71 6 5 6 
5 9 38 55 66 5 9 4 
1 3 20 56 73 6 7 2 
8 2 25 40 59 8 5 7 
3 0 4 87 52 0 4 6 
5 2 39 65 24 4 4 6 
1 0 34 34 56 3 8 6 
2 1 43 50 47 1 8 2 
3 7 47 74 26 7 5 7 
8 0 20 26 38 4 1 0 
4 5 54 26 25 4 9 6 
9 2 10 56 78 7 3 9 
6 0 19 84 64 9 1 4 
2 3 57 62 64 2 7 6 
0 1 25 50 64 5 3 3 
9 3 32 18 51 0 1 0 
0 9 33 78 58 2 8 9 
8 5 17 75 24 1 4 0 
9 1 29 31 54 4 2 0 
1 6 7 30 29 6 7 3 
7 5 44 55 30 4 4 1 
6 6 29 34 67 5 5 5 
5 4 44 31 91 5 8 1 
3 9 12 56 44 7 8 1 
9 3 39 34 60 1 7 5 
3 3 52 40 54 7 0 4 
0 6 12 15 21 6 8 1 
0 2 0 49 41 7 5 1 
4 9 46 68 56 4 9 9 
2 1 58 33 65 7 2 3 
8 1 11 36 54 2 7 2 
6 2 21 52 32 9 9 3 
0 3 0 51 44 7 3 0 
7 7 24 52 64 9 2 6 
8 6 62 56 46 2 1 7 
7 3 30 31 58 9 1 5 
1 1 35 52 45 7 6 4 
7 4 29 49 68 4 0 0 
8 0 46 37 67 2 1 5 
1 7 41 68 66 8 9 1 
7 6 0 67 51 1 0 2 
7 0 31 65 41 9 5 7 
1 4 21 61 30 7 7 5 
8 0 24 58 30 4 4 8 
7 7 22 53 92 0 6 2 
9 4 18 64 62 2 2 9 
2 8 57 31 36 8 9 7 
2 2 0 48 72 0 4 5 
9 7 11 34 53 9 2 1 
2 5 30 57 35 5 4 2 
2 0 36 65 68 5 9 2 
7 4 24 63 63 1 0 9 
1 8 39 85 87 8 2 3 
5 5 33 48 41 8 8 3 
2 1 45 20 31 4 8 3 
1 2 55 61 42 0 2 0 
0 4 44 54 53 5 4 3 
9 1 0 60 37 9 0 3 
1 1 0 36 35 5 5 8 
4 3 49 57 12 5 8 5 
9 0 35 66 26 2 9 0 
1 1 41 59 34 9 6 6 
2 8 38 3 44 7 7 7 
2 1 21 35 18 9 0 9 
2 5 13 47 40 3 9 9 
5 3 55 61 51 0 8 4 
3 9 41 5 33 8 2 7 
7 3 75 64 37 4 3 3 
1 8 47 64 11 5 3 7 
8 9 0 33 40 2 4 8 
0 8 29 49 28 7 0 5 
3 8 19 51 25 5 2 5 
1 5 48 70 50 8 4 5 
2 7 35 43 63 3 3 5 
6 5 17 73 30 5 2 8 
8 0 32 78 51 3 0 3 
1 3 11 62 60 8 1 2 
7 4 39 26 28 6 2 0 
9 8 0 79 65 2 6 8 
0 8 14 87 74 2 0 7 
0 6 26 55 57 8 8 7 
8 3 7 65 63 9 4 2 
9 8 11 56 29 6 2 6 
4 9 14 53 74 0 9 3 
4 5 28 97 56 9 8 1 
3 3 37 44 37 8 0 3 
3 6 26 45 68 0 8 5 
6 0 0 67 35 3 7 4 
5 3 28 37 10 6 6 8 
3 8 1 68 22 1 9 2 
7 0 51 30 53 6 1 5 
6 1 27 20 89 9 8 9 
7 4 79 65 31 7 7 7 
2 9 74 74 45 7 2 1 
3 0 28 67 45 5 5 3 
2 4 40 60 37 9 2 1 
3 5 22 27 47 2 6 8 
0 4 13 51 60 7 8 6 
3 3 34 68 18 5 0 4 
9 5 29 70 59 5 3 2 
0 7 59 82 72 8 8 8 
6 6 19 61 57 9 4 5 
0 6 27 71 40 6 2 8 
0 3 45 59 42 9 8 5 
9 8 38 23 66 7 3 6 
2 1 20 61 42 1 7 2 
0 9 47 61 58 8 0 6 
3 3 45 57 43 6 3 1 
7 2 24 16 74 7 9 6 
1 8 48 57 39 6 1 0 
5 7 17 53 60 0 9 8 
8 8 42 53 84 0 8 0 
8 7 90 65 39 6 3 0 
9 9 42 68 49 0 6 4 
7 5 28 62 80 8 9 1 
4 1 30 57 48 4 8 3 
4 4 69 29 59 7 0 9 
1 2 72 46 55 3 5 0 
7 8 57 73 43 6 8 7 
8 4 51 38 55 8 1 9 
6 3 43 82 65 8 8 4 
2 4 35 87 37 6 7 6 
3 7 52 12 42 8 7 2 
5 2 23 32 57 6 3 0 
7 2 50 57 47 3 0 2 
7 8 30 0 38 5 7 6 
8 2 57 71 0 5 0 6 
2 7 56 64 27 0 7 9 
2 0 23 53 96 0 6 5 
6 3 23 48 62 8 3 1 
8 7 5 43 60 5 7 1 
8 1 57 65 58 8 0 7 
1 4 41 90 76 6 2 7 
6 1 17 42 37 3 5 2 
6 8 22 62 60 2 0 9 
3 7 9 71 78 7 2 5 
7 0 27 51 69 8 4 3 
5 5 21 43 76 9 3 5 
0 7 22 43 63 9 9 2 
5 6 37 36 69 6 3 1 
2 3 13 51 59 4 5 0 
5 0 0 54 49 7 7 5 
7 6 37 53 47 7 7 2 
6 9 48 44 59 0 1 9 
9 9 35 68 20 4 8 4 
9 4 27 79 67 7 1 3 
9 8 11 94 57 4 0 7 
1 8 46 41 33 6 2 8 
5 2 7 35 59 4 6 6 
2 1 41 74 69 8 7 4 
3 8 32 45 58 4 2 5 
5 8 25 43 51 9 6 1 
8 6 41 31 65 7 2 0 
6 0 22 32 60 7 3 3 
6 3 4 87 80 5 7 5 
7 1 57 60 71 7 9 8 
4 9 35 67 67 5 8 9 
5 6 32 29 82 8 0 6 
2 3 53 77 18 9 8 9 
4 5 48 72 72 7 5 9 
6 2 48 38 17 3 8 4 
2 2 35 64 77 0 7 9 
5 7 40 35 47 9 1 8 
7 8 51 69 44 0 8 2 
8 5 29 30 47 9 1 2 
7 6 0 33 21 1 0 6 
5 7 7 67 56 6 2 6 
9 2 29 41 23 1 5 0 
4 8 51 36 36 0 2 7 
1 0 9 76 66 9 7 3 
6 8 46 45 18 7 1 3 
2 3 15 27 48 9 1 3 
0 7 79 39 67 5 3 1 
4 7 13 29 64 6 2 4 
6 0 26 61 80 4 7 8 
2 7 38 48 86 5 0 1 
1 7 3 78 69 7 1 2 
3 5 49 51 33 3 1 7 
4 6 58 73 55 7 0 9 
4 2 58 74 48 8 3 3 
1 5 22 33 51 2 9 9 
1 6 58 70 50 9 2 4 
7 1 14 77 98 6 1 9 
7 2 6 108 30 6 9 8 
6 9 25 25 56 1 9 1 
1 1 26 69 42 9 2 2 
3 8 2 58 49 4 2 8 
6 2 38 63 73 4 6 9 
1 6 20 75 70 5 1 0 
6 5 25 26 43 9 9 2 
5 4 0 57 56 5 1 6 
6 7 22 37 85 5 9 5 
3 6 47 42 26 5 9 4 
4 6 39 64 71 1 2 0 
5 2 36 78 42 3 7 3 
7 9 27 33 30 3 0 9 
8 7 54 72 41 8 3 7 
6 2 22 81 58 9 2 6 
6 1 35 60 60 5 1 6 
5 2 48 41 41 1 7 4 
6 5 37 67 54 4 0 3 
6 7 35 75 26 7 2 1 
1 5 76 7 43 2 6 1 
0 4 30 37 80 5 4 0 
0 0 39 27 41 0 5 4 
8 2 47 57 25 7 0 3 
9 6 20 58 42 6 8 3 
1 9 42 79 69 1 3 5 
8 2 51 36 31 7 6 7 
8 5 10 48 34 8 0 6 
3 6 71 37 52 4 1 2 
2 2 0 10 46 6 6 7 
7 0 36 13 31 2 9 3 
9 2 23 56 90 8 5 2 
8 2 25 49 31 9 3 6 
0 5 33 43 53 9 8 4 
3 9 55 46 38 0 9 4 
9 6 21 27 55 0 8 5 
6 6 25 35 58 0 6 6 
3 4 35 51 20 5 7 8 
1 7 57 52 81 1 2 1 
2 9 62 43 44 4 3 5 
6 4 6 27 35 8 2 8 
7 7 65 52 42 6 8 7 
2 6 0 56 46 0 6 2 
2 8 13 39 58 3 8 4 
8 6 10 60 57 5 7 4 
6 9 20 32 51 2 8 3 
0 1 41 59 62 0 8 8 
5 5 10 37 41 6 7 6 
3 9 35 46 31 6 7 6 
5 1 41 36 42 8 0 4 
0 3 18 33 72 6 4 6 
7 6 11 46 0 2 9 5 
1 3 13 30 58 1 6 7 
7 0 39 51 45 7 6 3 
1 1 18 0 27 0 0 4 
1 8 35 71 33 7 2 9 
4 6 33 93 43 1 1 8 
8 6 10 49 54 2 3 4 
3 2 49 40 42 6 6 8 
0 4 26 36 58 3 0 5 
4 5 0 57 11 3 9 8 
6 7 27 76 40 3 4 2 
5 8 0 17 69 9 8 3 
2 9 50 60 72 4 1 5 
4 7 15 49 75 8 9 9 
1 7 6 63 39 8 8 3 
6 1 0 65 33 2 7 0 
3 5 0 30 43 2 0 1 
3 1 24 52 52 6 3 3 
6 7 50 34 30 7 5 9 
7 4 38 52 41 7 8 8 
6 6 74 19 34 8 5 8 
3 3 23 63 51 9 0 6 
8 1 34 57 67 3 4 8 
9 2 55 70 56 6 2 8 
8 8 48 29 64 5 6 0 
4 0 18 76 30 0 5 7 
2 2 22 11 54 7 5 8 
5 7 12 49 50 6 7 2 
8 8 49 48 59 6 9 7 
0 7 17 69 59 2 6 0 
6 1 33 28 19 3 7 1 
0 1 4 97 89 6 8 5 
7 1 51 95 83 2 4 7 
4 3 63 23 37 6 1 9 
5 3 0 40 30 5 6 4 
1 9 27 70 13 6 6 5 
5 4 33 41 60 1 3 8 
3 8 38 32 36 6 5 0 
3 0 39 43 31 0 6 9 
6 5 37 34 65 2 3 7 
1 2 18 67 15 9 6 2 
0 4 58 16 36 9 6 4 
4 9 49 49 42 6 2 1 
5 4 3 46 82 4 2 5 
6 4 0 52 46 0 0 8 
2 4 49 32 48 6 7 2 
6 9 30 49 35 5 4 2 
4 9 17 35 50 0 1 9 
0 2 36 68 56 8 2 8 
2 6 42 64 74 7 7 7 
4 0 15 47 39 7 2 8 
0 2 16 47 42 5 3 3 
7 6 2 36 36 9 9 8 
4 1 11 30 73 9 8 2 
1 5 33 46 76 9 9 4 
7 5 37 36 83 4 2 8 
8 9 50 43 53 8 2 0 
7 7 26 26 44 4 7 6 
1 9 46 30 45 7 4 3 
4 3 44 72 64 4 3 7 
4 9 33 31 76 8 9 4 
0 4 62 99 86 4 1 9 
6 5 6 82 70 9 8 8 
0 1 58 55 47 0 5 1 
6 5 59 36 53 4 5 6 
5 1 34 86 60 4 7 4 
6 9 13 38 53 0 9 2 
9 9 27 60 29 7 9 9 
1 1 56 31 63 1 1 0 
5 6 22 43 64 1 9 1 
6 7 10 62 97 4 5 0 
1 0 13 49 32 4 0 8 
5 9 6 52 49 2 3 7 
3 9 69 74 68 6 9 0 
4 1 10 70 80 0 2 3 
6 3 2 64 21 8 3 8 
1 6 39 63 26 8 5 7 
8 7 61 35 72 2 9 2 
5 9 32 40 14 5 0 4 
1 0 47 81 81 5 1 5 
1 4 0 92 51 0 8 4 
2 2 16 84 50 6 0 0 
2 6 46 68 61 9 1 4 
3 6 48 60 68 0 9 4 
2 5 5 51 61 3 8 6 
2 1 0 53 65 2 3 9 
5 6 15 47 71 0 7 8 
3 1 38 28 53 3 9 2 
7 5 31 78 60 4 1 1 
4 8 8 34 77 8 5 5 
5 9 65 53 57 5 7 6 
2 0 47 51 47 3 7 5 
2 2 9 34 28 2 3 5 
7 5 6 33 80 7 6 5 
3 5 0 23 10 5 5 2 
6 0 4 58 0 3 0 9 
2 1 11 46 43 1 7 0 
7 2 3 49 90 7 4 0 
1 0 33 62 9 0 2 7 
7 5 34 0 66 3 8 2 
9 0 49 35 66 7 5 4 
5 5 26 75 45 9 5 9 
3 8 48 64 0 7 3 9 
0 2 38 51 43 3 4 0 
6 4 10 35 49 0 3 9 
1 7 6 54 63 1 9 8 
9 1 12 56 35 6 0 1 
5 5 42 76 59 7 6 7 
3 1 35 54 64 7 2 9 
7 3 51 51 58 2 0 4 
8 1 24 63 43 1 3 0 
4 9 48 41 31 3 1 9 
5 9 36 49 55 2 5 8 
2 7 42 27 115 4 4 7 
8 6 49 8 45 2 7 8 
2 0 23 34 60 0 8 3 
3 3 15 30 24 6 6 4 
1 8 25 54 65 2 0 9 
8 1 34 77 95 6 9 6 
4 8 12 72 53 9 7 0 
0 6 4 12 44 4 5 4 
9 6 56 57 53 4 9 6 
2 9 1 43 63 6 2 4 
5 2 18 41 45 4 3 2 
4 3 56 60 42 4 4 7 
1 7 41 52 88 7 7 3 
2 0 0 80 49 6 1 4 
5 7 0 71 56 1 2 9 
4 8 50 37 49 3 1 1 
0 9 0 85 38 1 1 6 
6 1 43 62 49 9 3 3 
3 4 23 64 56 6 2 3 
5 9 53 72 23 8 6 7 
6 0 22 81 47 3 0 7 
2 6 5 60 75 4 8 0 
4 6 30 39 22 1 5 9 
2 1 13 41 45 2 7 3 
8 5 27 67 48 4 5 8 
3 7 19 61 42 8 6 2 
5 5 48 57 52 0 8 0 
2 7 52 27 30 6 3 1 
2 8 26 48 77 0 5 3 
7 7 30 74 46 2 7 4 
1 1 63 53 25 0 4 4 
6 6 42 11 42 6 7 7 
3 1 68 48 84 8 8 5 
1 3 13 9 56 9 0 7 
2 8 22 41 47 4 3 9 
1 4 25 49 83 9 6 9 
1 1 28 91 15 4 4 2 
3 4 58 17 17 4 4 7 
6 4 23 61 82 2 7 5 
5 1 25 61 37 1 2 5 
8 0 10 41 69 1 8 1 
5 1 57 46 52 3 7 3 
0 0 60 42 55 2 7 0 
5 0 18 46 65 0 8 1 
2 7 29 16 40 3 9 6 
1 0 58 19 39 6 0 4 
3 4 32 18 75 3 5 6 
6 7 13 48 19 8 7 0 
9 6 0 51 4 7 2 0 
0 1 15 40 26 1 1 3 
7 4 28 61 28 7 5 7 
5 3 34 57 37 6 3 6 
9 6 6 76 65 3 0 2 
9 5 22 15 49 5 3 7 
9 6 57 71 56 6 6 2 
3 6 38 55 79 6 1 5 
5 3 26 68 31 7 7 2 
4 0 42 81 26 7 5 7 
1 9 36 28 92 1 7 9 
3 5 3 25 44 2 9 3 
2 9 4 67 57 4 1 8 
7 7 26 22 74 5 1 6 
6 1 63 32 80 1 0 7 
7 2 31 31 44 3 4 8 
6 5 14 68 80 6 2 6 
2 5 3 52 8 9 5 1 
2 7 58 75 22 8 1 0 
4 7 45 15 30 9 1 4 
0 9 35 22 55 4 9 4 
5 9 43 14 53 6 6 4 
9 6 38 52 64 3 4 3 
0 8 74 56 41 5 7 7 
6 7 49 53 68 0 5 2 
8 1 27 55 82 1 9 3 
8 2 17 19 49 6 7 2 
9 8 20 44 72 1 9 8 
9 5 45 68 70 2 7 7 
0 8 43 76 21 0 4 3 
1 8 68 79 62 9 6 0 
1 5 18 55 12 2 9 7 
8 3 45 71 62 5 3 5 
7 3 20 54 62 6 6 9 
1 9 29 43 69 3 7 9 
7 7 37 48 56 7 9 9 
4 0 55 41 38 1 1 8 
9 2 51 38 51 7 2 6 
7 4 13 56 39 5 4 0 
6 8 32 71 8 1 9 1 
3 3 13 56 43 5 4 0 
6 2 3 15 53 9 7 5 
3 3 38 48 49 4 7 6 
4 4 47 65 79 1 9 5 
9 5 60 84 16 3 9 3 
6 3 50 78 25 8 5 9 
1 8 38 38 62 0 3 0 
0 3 14 49 65 4 1 3 
1 1 0 30 34 5 5 6 
2 2 39 60 49 6 8 8 
2 3 44 58 69 7 4 0 
0 6 33 69 58 5 2 2 
6 2 41 39 63 6 1 2 
6 3 33 44 11 2 7 9 
8 5 0 44 55 9 0 3 
6 7 37 51 49 9 6 1 
4 4 0 31 61 3 9 5 
6 7 21 70 64 8 9 7 
3 5 11 64 49 2 8 0 
2 1 63 46 61 7 2 8 
7 9 55 37 51 8 7 6 
2 6 16 58 30 1 4 5 
6 9 45 66 55 8 0 7 
9 0 31 2 46 4 2 6 
3 6 62 16 48 6 2 6 
2 8 32 41 35 5 9 7 
6 3 25 35 70 9 2 7 
6 8 28 63 56 4 6 1 
2 1 31 55 23 3 3 4 
5 5 21 16 55 5 5 6 
8 6 46 47 52 1 5 4 
3 5 22 53 30 3 0 6 
1 2 43 41 39 3 5 0 
1 2 56 66 50 2 6 7 
1 6 57 56 59 7 7 5 
2 2 47 9 71 7 7 5 
7 6 28 69 85 2 6 8 
5 8 61 90 63 6 6 2 
8 3 44 69 33 8 4 0 
6 8 30 48 20 3 3 2 
1 5 47 38 57 7 5 5 
2 6 35 34 17 3 3 6 
0 1 0 18 40 1 4 9 
3 6 10 42 74 1 3 2 
6 0 32 9 58 1 3 8 
4 8 53 47 39 9 6 8 
1 4 50 59 47 6 6 5 
3 0 48 72 39 8 1 5 
4 0 33 60 63 1 3 4 
8 3 2 54 31 8 5 3 
4 6 44 25 42 3 3 6 
3 4 34 75 13 1 9 4 
9 4 26 60 48 8 8 4 
4 5 70 36 22 1 9 0 
7 5 43 45 78 3 7 5 
7 8 39 46 28 8 4 8 
8 5 43 49 51 3 8 0 
7 1 10 8 40 7 9 2 
3 0 37 60 58 6 4 2 
0 3 0 88 90 2 3 1 
3 8 51 80 44 0 6 2 
2 0 26 54 60 3 3 7 
1 1 20 57 55 8 5 0 
8 4 1 45 45 2 3 7 
4 7 74 52 80 6 6 0 
2 2 41 52 65 9 0 9 
4 2 26 60 41 3 4 4 
5 8 0 12 55 2 5 4 
6 3 45 55 39 8 5 6 
3 5 67 52 84 4 8 2 
7 6 50 45 37 2 4 1 
5 6 19 43 50 5 2 7 
0 7 37 53 33 3 4 7 
9 4 48 77 75 1 9 5 
8 9 46 67 38 1 5 8 
3 3 32 53 62 6 2 5 
9 1 11 61 76 6 9 5 
0 4 27 33 68 2 9 2 
1 5 17 54 32 9 7 9 
9 8 34 29 72 9 8 2 
1 2 23 29 37 8 1 1 
0 1 35 78 70 2 6 9 
6 6 0 38 34 8 2 3 
7 0 18 31 32 9 6 3 
8 7 46 46 51 9 9 7 
0 6 9 60 39 1 9 9 
5 7 13 110 54 9 4 4 
3 7 33 44 40 8 5 3 
4 6 19 25 36 5 5 7 
2 9 3 77 55 7 0 5 
7 2 19 32 55 4 6 7 
9 4 25 0 69 8 8 4 
7 8 29 9 45 6 3 5 
5 8 53 58 34 1 6 5 
1 6 53 30 54 2 9 6 
0 4 45 62 33 8 8 3 
6 1 31 18 4 8 8 0 
4 7 65 45 58 2 0 6 
7 7 58 28 34 0 6 2 
8 4 22 49 39 7 8 9 
1 3 30 56 56 7 4 0 
9 4 16 47 32 7 3 9 
9 4 11 17 44 6 6 2 
1 3 34 70 52 1 3 9 
0 5 5 35 30 4 6 4 
7 6 23 40 39 1 0 7 
3 2 46 71 61 2 0 9 
7 0 31 85 55 9 8 5 
3 4 9 50 11 7 6 2 
0 0 0 92 37 3 3 0 
9 3 68 62 61 9 1 3 
2 7 34 31 29 3 1 2 
8 1 15 76 72 9 2 0 
9 7 65 39 41 8 4 0 
8 8 9 68 52 7 5 2 
3 7 34 69 49 6 1 7 
9 8 61 51 91 9 3 4 
4 2 33 30 70 7 8 5 
1 8 20 37 7 7 3 0 
2 5 0 47 33 6 5 9 
7 1 35 61 81 9 2 4 
2 9 32 27 15 6 2 4 
3 7 46 49 50 8 0 4 
7 9 13 22 53 9 1 2 
9 8 0 48 24 8 5 9 
2 9 39 76 48 9 7 8 
5 0 50 77 30 6 6 5 
3 9 2 44 53 0 2 2 
4 9 20 48 52 3 7 0 
7 5 47 85 88 3 5 7 
9 8 50 36 23 3 3 2 
0 9 61 58 69 8 2 3 
9 1 19 44 62 2 0 3 
2 1 7 75 38 3 0 9 
3 1 11 38 65 0 7 4 
7 7 15 60 77 6 7 3 
0 9 41 50 34 8 1 2 
1 6 41 26 58 9 0 4 
6 8 67 48 39 5 1 2 
3 0 7 67 81 5 8 0 
3 2 43 7 64 4 9 3 
5 9 25 71 33 2 9 4 
9 5 22 41 65 9 5 0 
3 6 47 77 44 1 2 3 
7 9 47 31 69 8 6 1 
7 8 56 66 35 6 9 0 
4 8 38 47 45 5 0 1 
8 3 28 18 51 9 4 1 
0 3 55 28 66 8 5 5 
2 3 15 58 48 7 3 1 
5 6 15 28 49 7 7 4 
8 7 52 40 39 9 1 4 
2 5 43 41 84 1 7 0 
6 0 8 73 34 8 8 6 
8 9 24 40 59 7 1 7 
9 4 29 62 89 2 3 3 
0 8 65 48 55 2 9 5 
6 2 47 61 54 1 9 9 
8 2 8 82 58 7 7 0 
5 3 0 68 37 6 0 2 
2 9 30 36 49 8 5 9 
2 4 36 27 21 6 9 3 
4 6 44 74 71 9 8 5 
0 2 42 51 76 5 8 9 
2 6 78 56 37 7 1 1 
9 0 0 51 52 6 6 1 
5 7 23 49 75 9 7 9 
4 7 25 68 6 4 2 7 
9 6 42 44 39 8 9 4 
1 1 19 25 6 0 4 3 
6 5 42 21 15 6 3 7 
0 9 4 78 68 8 3 8 
5 9 24 55 62 0 0 8 
4 6 13 26 60 1 3 0 
5 9 42 87 61 3 9 6 
2 6 50 24 35 0 9 2 
2 2 22 25 67 8 1 2 
7 0 56 46 48 2 1 5 
5 1 40 46 76 3 5 7 
6 3 33 67 29 6 6 8 
6 5 36 51 28 5 5 2 
4 3 54 62 20 3 5 7 
4 0 21 31 67 9 0 0 
6 7 7 46 48 6 1 2 
4 1 29 50 34 8 2 7 
6 8 25 63 43 6 1 1 
2 2 49 40 43 4 3 6 
0 6 30 35 47 0 5 1 
6 3 0 40 61 4 1 7 
0 9 3 53 45 9 4 2 
2 3 18 79 94 2 9 4 
2 0 29 52 82 2 8 4 
9 2 10 33 41 0 7 5 
4 3 28 18 62 9 7 2 
6 7 26 34 67 1 6 8 
0 5 43 66 55 8 5 9 
9 4 25 74 65 7 2 1 
0 6 35 62 38 7 7 8 
9 4 19 50 36 5 8 8 
3 4 26 60 26 6 0 4 
0 4 26 69 71 0 5 3 
8 5 14 71 75 4 9 6 
7 6 21 45 75 8 4 2 
5 9 33 67 64 2 1 9 
2 8 29 48 62 9 9 7 
5 9 26 33 60 8 0 8 
2 4 21 99 43 6 4 9 
8 7 0 36 24 2 8 4 
4 5 32 34 37 2 7 0 
0 2 34 29 48 9 9 7 
3 7 27 40 46 6 8 5 
5 7 4 43 65 8 5 9 
2 4 26 29 73 2 9 8 
1 7 23 74 48 7 2 8 
7 4 0 66 8 1 9 6 
7 8 35 0 64 6 6 9 
6 1 13 71 60 3 7 9 
2 5 16 37 24 4 3 3 
8 5 15 59 54 9 1 2 
4 0 44 39 22 4 1 9 
4 1 2 63 54 6 5 7 
4 6 47 62 37 8 2 4 
6 8 16 58 46 8 0 3 
4 7 40 55 59 8 9 7 
8 6 0 49 59 2 6 3 
0 8 32 73 64 7 2 6 
6 4 23 74 80 9 9 5 
2 7 38 66 72 5 7 9 
7 9 67 54 82 0 4 4 
6 1 22 50 32 1 5 8 
3 8 38 82 34 6 6 5 
4 5 44 30 31 2 2 0 
4 1 31 59 70 2 5 9 
1 6 0 31 43 9 8 0 
6 0 52 58 27 3 4 7 
8 1 40 19 56 0 0 5 
4 8 34 54 52 1 9 7 
8 4 15 66 11 2 4 9 
4 0 27 18 34 4 7 2 
8 9 8 15 21 7 9 6 
0 1 15 42 30 1 1 2 
6 1 32 73 33 9 1 6 
5 7 29 44 55 3 1 3 
4 9 10 57 17 2 6 2 
5 5 14 82 36 3 2 6 
0 4 59 27 59 6 8 3 
2 1 61 62 55 5 3 3 
0 6 16 72 43 5 1 4 
0 6 8 65 35 0 2 1 
0 0 14 61 52 0 6 7 
0 5 30 28 22 6 5 4 
3 6 0 58 84 8 0 4 
4 5 0 104 75 1 5 7 
8 6 24 61 18 4 0 4 
1 6 14 40 70 0 5 3 
8 2 42 40 62 3 7 5 
3 2 0 63 73 3 9 0 
3 4 51 24 53 6 3 5 
8 9 38 75 66 3 0 8 
5 2 47 45 31 8 1 7 
7 0 30 44 17 6 5 0 
9 5 4 72 56 5 9 5 
0 5 8 23 39 8 8 3 
6 5 51 30 71 2 4 1 
6 9 43 48 67 2 8 8 
3 6 41 50 53 1 7 4 
5 4 20 66 31 0 1 6 
1 9 43 72 8 5 2 9 
6 3 33 69 77 7 0 7 
2 3 3 54 46 2 1 9 
6 6 23 19 67 0 2 1 
9 4 16 54 56 6 8 7 
5 0 74 53 51 7 8 4 
2 8 0 22 53 9 5 1 
0 1 10 43 45 1 9 7 
9 4 48 47 63 5 3 4 
5 6 35 51 49 7 5 1 
7 7 56 46 27 3 1 1 
6 0 11 27 39 3 6 4 
7 2 49 68 38 7 4 6 
1 6 10 50 51 8 4 9 
2 5 37 77 43 5 8 2 
9 5 46 23 54 4 4 3 
6 3 30 68 55 3 3 1 
8 7 34 35 75 7 9 8 
1 7 27 1 50 1 8 8 
5 6 29 18 59 4 5 7 
5 8 45 44 54 5 5 3 
4 8 18 81 72 8 1 8 
5 9 34 54 38 8 8 2 
7 3 11 43 63 9 7 4 
0 1 7 21 73 9 6 4 
5 6 31 70 16 5 0 1 
2 5 0 36 43 1 4 9 
3 3 8 69 74 5 0 7 
7 6 34 49 33 4 1 3 
8 6 39 70 34 2 1 5 
1 4 28 44 69 4 6 7 
1 7 16 34 70 9 2 3 
4 6 32 57 84 8 8 7 
3 6 42 60 44 3 6 0 
9 4 33 53 19 9 6 6 
4 5 33 22 66 0 8 6 
6 8 57 46 32 7 2 4 
7 8 28 57 64 1 3 9 
1 5 51 83 75 6 7 2 
8 7 40 23 40 4 3 9 
9 4 31 41 36 9 5 3 
5 7 30 75 37 5 7 5 
9 9 22 41 74 7 5 1 
9 9 21 24 57 6 3 1 
0 1 33 45 28 1 5 9 
9 3 3 50 47 4 2 6 
2 6 56 52 50 5 0 4 
0 2 29 84 30 5 3 1 
9 9 62 55 82 1 1 2 
6 7 7 40 29 8 0 2 
0 3 42 34 60 7 9 2 
3 5 22 34 34 9 7 6 
0 7 40 79 51 1 1 0 
2 4 38 30 53 6 5 2 
5 8 0 52 57 3 5 7 
7 0 46 48 52 0 5 6 
9 3 53 35 82 0 1 2 
6 3 14 58 32 4 6 3 
2 0 42 51 44 7 6 3 
7 8 40 24 26 4 1 4 
3 9 7 29 41 0 5 1 
0 2 22 77 23 4 6 5 
9 2 23 37 64 8 8 6 
9 9 60 45 51 5 0 3 
2 2 38 26 54 6 1 4 
1 1 0 43 33 3 3 5 
8 4 23 68 12 0 4 7 
7 0 4 30 62 2 9 1 
9 8 44 78 15 0 3 6 
2 7 30 25 56 0 5 9 
6 6 23 81 55 0 7 1 
5 5 38 49 83 7 5 5 
3 7 22 58 44 4 4 7 
7 3 28 43 84 2 3 9 
9 6 0 46 50 3 8 1 
8 1 0 58 62 8 9 7 
6 6 38 49 55 2 4 2 
3 7 72 51 28 5 9 8 
1 9 24 68 19 0 5 1 
4 3 0 20 46 3 8 3 
8 5 21 41 72 9 1 3 
9 3 24 25 0 8 6 3 
4 6 0 55 93 5 7 1 
0 2 26 40 50 5 7 5 
5 7 33 25 49 1 4 2 
2 0 20 41 43 6 5 8 
8 7 34 67 25 7 0 7 
3 1 38 40 83 5 0 1 
8 4 16 54 42 4 0 7 
2 9 20 14 60 4 9 3 
6 3 22 60 30 9 8 6 
3 8 28 56 47 2 9 4 
9 5 15 55 57 2 0 6 
1 1 40 23 72 3 9 7 
5 0 40 75 0 9 0 3 
2 6 29 70 41 8 7 9 
6 5 68 34 6 0 3 8 
6 2 16 49 30 3 4 3 
5 8 19 25 37 2 0 8 
5 9 12 13 65 4 4 2 
0 5 21 70 47 0 6 9 
1 8 18 64 42 5 9 3 
1 4 27 77 49 2 0 5 
2 6 19 69 60 7 2 9 
1 1 74 33 43 0 1 3 
6 1 66 38 70 0 7 2 
5 1 0 63 38 8 7 0 
9 6 7 53 57 6 1 3 
6 8 26 51 53 4 9 4 
1 5 20 35 87 6 3 5 
0 8 31 71 41 1 3 4 
0 0 14 44 67 1 3 7 
7 1 8 63 53 6 8 1 
1 9 42 41 80 6 0 0 
2 9 26 68 87 8 1 6 
3 6 33 41 39 4 8 4 
3 9 7 50 46 9 1 7 
8 6 20 30 46 2 6 8 
2 9 31 44 57 0 1 6 
0 1 18 32 69 4 7 6 
8 9 75 31 48 0 7 7 
5 2 27 31 23 1 6 6 
9 8 3 58 39 1 7 2 
3 5 24 85 71 9 6 2 
8 1 39 44 20 0 1 3 
3 2 38 51 41 7 6 6 
4 6 46 19 35 7 6 8 
7 1 20 30 49 5 1 1 
7 8 15 59 33 2 5 5 
6 4 29 69 33 1 6 5 
6 7 50 37 30 8 4 9 
7 4 21 25 40 2 4 3 
4 6 16 54 77 2 5 7 
5 9 16 31 19 5 8 8 
0 5 22 50 57 5 5 0 
4 8 0 21 48 4 2 1 
6 7 0 53 47 3 0 7 
5 8 31 45 94 3 7 8 
0 6 25 42 48 2 1 5 
6 1 25 23 79 1 1 1 
8 9 27 42 60 2 5 8 
4 4 49 42 16 4 6 8 
7 6 32 47 83 5 5 7 
3 4 32 25 57 8 5 6 
9 4 45 11 44 0 0 9 
0 0 49 24 5 9 3 8 
0 3 49 71 61 7 8 0 
0 7 25 15 73 3 2 2 
0 8 37 57 66 4 0 9 
9 7 16 56 69 3 7 9 
9 7 2 41 42 4 4 2 
5 4 55 48 63 5 7 5 
5 7 42 67 22 3 3 1 
5 8 54 73 43 2 2 8 
0 7 23 37 61 4 6 9 
8 6 56 17 36 9 8 8 
7 9 39 45 42 6 5 5 
6 9 39 63 48 1 0 8 
0 6 32 51 43 1 7 7 
7 7 24 69 48 2 4 0 
7 4 0 38 18 7 3 0 
6 7 77 77 93 6 6 8 
7 7 0 76 39 4 6 2 
3 5 46 24 25 5 5 7 
0 6 48 58 29 7 0 5 
7 0 29 48 37 5 5 9 
4 8 26 59 52 0 9 1 
7 3 50 43 86 2 9 3 
7 1 57 14 50 3 6 2 
9 8 39 42 58 4 3 2 
2 3 38 59 68 5 3 6 
1 5 28 22 61 8 3 5 
7 3 0 23 51 8 0 9 
9 9 31 53 16 1 2 7 
7 0 13 40 58 6 9 6 
1 9 24 39 71 7 2 4 
4 7 44 3 34 1 9 6 
6 0 40 27 32 0 8 3 
4 3 13 35 21 6 0 5 
2 7 50 45 38 7 6 8 
2 8 15 59 88 1 8 1 
1 4 37 51 87 4 5 2 
4 4 13 66 58 3 4 3 
3 3 17 53 56 7 3 8 
9 5 36 18 66 4 8 9 
0 8 0 17 50 6 9 3 
3 8 15 79 13 0 4 0 
0 7 0 64 27 2 0 2 
5 5 10 78 61 0 5 2 
2 6 45 41 26 8 9 1 
7 5 66 72 27 6 8 9 
1 9 28 56 76 4 5 1 
2 0 31 81 0 5 4 5 
0 2 19 34 33 9 2 8 
1 2 0 70 53 7 9 5 
6 4 16 65 61 3 0 5 
1 4 25 78 61 2 0 3 
6 7 42 12 69 2 9 2 
4 3 5 49 50 7 1 6 
2 9 49 75 53 2 3 2 
9 7 23 70 39 2 4 7 
4 7 49 32 36 6 5 5 
5 9 45 51 17 0 6 0 
2 9 48 61 74 6 9 0 
8 2 14 20 53 4 3 8 
0 3 30 41 71 1 0 7 
6 1 43 38 56 9 0 5 
5 7 41 8 73 6 9 4 
6 2 29 31 18 8 0 2 
3 2 77 56 91 2 9 9 
4 3 43 52 54 8 5 6 
4 7 8 45 25 9 0 2 
6 4 2 90 38 5 7 7 
9 6 7 28 48 4 3 1 
0 6 44 47 23 3 6 4 
9 3 51 40 71 7 2 7 
7 7 18 60 71 8 7 7 
3 1 20 35 50 1 9 6 
3 2 34 60 41 5 2 5 
4 3 41 59 34 4 7 7 
7 6 10 82 48 5 9 6 
2 1 12 74 54 1 4 2 
7 3 52 18 63 4 2 3 
7 3 42 45 70 9 8 9 
4 8 39 67 44 5 4 2 
3 9 11 47 56 7 8 1 
3 6 76 28 36 8 7 2 
4 5 45 43 41 2 9 0 
4 5 0 68 76 7 9 2 
7 2 40 33 76 7 6 6 
7 6 58 47 24 0 8 0 
5 0 12 84 41 5 3 6 
6 3 27 37 21 3 8 0 
0 7 43 36 75 8 8 6 
7 6 35 96 16 0 0 5 
9 5 58 115 60 6 1 2 
7 2 0 37 40 6 8 5 
5 2 42 45 38 2 1 2 
7 0 63 45 32 2 9 3 
5 2 9 24 41 4 0 5 
5 0 31 29 58 2 0 4 
0 6 43 61 51 0 0 2 
4 3 43 41 61 6 9 5 
1 7 12 80 11 5 8 7 
4 8 55 42 89 6 7 0 
5 4 49 29 77 6 2 3 
4 6 52 41 52 2 9 3 
4 5 49 61 47 9 3 0 
7 4 20 15 87 6 4 0 
8 0 55 46 73 1 3 1 
2 0 29 9 61 5 0 3 
0 2 51 56 30 2 0 1 
8 9 15 58 61 5 2 4 
8 4 36 79 42 3 8 5 
7 8 21 32 15 9 6 6 
3 5 0 69 34 2 8 8 
9 4 15 14 77 3 1 5 
5 1 41 16 49 1 6 6 
1 5 0 57 66 1 6 9 
0 2 38 96 44 7 8 4 
2 7 39 39 45 7 1 2 
4 2 22 29 72 3 4 6 
9 0 22 72 60 8 4 2 
0 1 12 57 44 5 0 4 
4 3 43 22 22 5 5 0 
3 5 21 45 42 5 2 8 
4 6 10 66 14 4 3 5 
8 5 70 69 37 3 2 3 
5 0 14 71 39 3 8 5 
5 8 24 27 40 9 5 2 
2 9 14 34 40 7 7 1 
3 5 41 51 77 1 7 1 
4 7 34 19 52 1 1 6 
7 5 61 12 38 4 5 9 
5 5 36 66 54 1 5 2 
7 9 14 38 48 0 1 9 
2 5 49 71 72 1 6 0 
2 0 15 65 41 9 3 9 
4 6 0 65 115 5 7 4 
6 5 0 36 78 9 0 0 
5 9 50 53 61 1 3 8 
0 2 39 69 53 3 7 8 
4 4 12 6 9 0 0 0 
2 2 43 48 69 1 7 7 
7 1 19 59 58 5 8 4 
0 2 57 37 47 7 5 3 
5 0 66 26 23 6 6 6 
8 1 0 13 28 3 6 5 
5 9 24 101 45 0 7 5 
6 5 0 74 46 3 3 4 
4 2 39 57 45 7 8 9 
9 8 53 66 30 3 0 2 
5 5 24 51 35 2 3 7 
8 7 41 77 40 8 3 4 
3 1 28 57 63 5 0 3 
1 6 38 23 43 0 5 6 
4 8 28 65 14 0 2 3 
5 0 14 70 34 2 7 7 
4 1 8 65 47 8 7 5 
6 9 41 38 20 2 1 3 
0 6 9 58 15 8 7 7 
7 2 35 68 38 4 3 9 
8 0 44 38 65 6 2 9 
4 7 16 42 9 1 1 0 
2 8 8 74 48 2 0 0 
1 2 24 55 19 2 2 1 
2 4 34 73 23 8 6 6 
3 1 32 31 56 8 3 7 
7 1 49 51 50 4 6 4 
8 2 13 35 20 7 6 3 
9 6 51 58 34 0 6 2 
6 2 56 75 42 4 7 0 
4 5 34 25 66 2 5 2 
4 4 18 43 48 3 0 8 
8 7 31 47 58 0 6 0 
4 4 0 21 44 6 2 4 
4 0 33 58 50 8 3 1 
8 0 0 79 42 3 4 8 
9 7 43 49 60 7 5 9 
1 0 119 54 43 1 7 6 
5 8 18 0 45 9 7 2 
3 1 46 47 60 7 7 5 
4 2 23 51 83 3 5 9 
6 1 41 93 32 8 9 7 
7 0 42 41 62 8 8 6 
7 2 38 57 60 1 3 8 
3 5 57 50 52 8 9 9 
6 7 73 24 38 8 2 9 
8 8 26 6 20 3 8 8 
0 3 34 45 23 4 0 6 
8 7 42 37 26 4 7 7 
5 1 16 34 29 0 9 0 
0 8 0 58 39 5 5 1 
4 7 18 41 53 0 5 8 
0 0 82 60 0 3 4 5 
7 3 31 41 37 4 0 6 
5 8 0 43 60 1 4 9 
8 1 10 59 48 9 9 6 
2 0 41 46 70 1 6 5 
6 3 1 79 59 6 5 5 
8 4 0 44 46 6 0 8 
2 4 29 38 54 3 1 0 
9 4 26 49 56 4 1 5 
1 1 7 2 46 6 4 5 
0 9 48 56 0 0 2 1 
9 9 38 66 64 3 2 9 
9 5 14 38 52 1 6 9 
3 0 25 18 81 3 5 3 
0 6 55 57 50 9 5 3 
6 2 55 36 41 1 8 6 
0 5 15 58 62 9 5 8 
8 1 5 26 51 8 5 6 
8 9 26 41 5 9 4 7 
9 5 11 19 48 1 7 9 
0 7 78 42 31 3 6 3 
5 3 38 41 85 6 0 1 
2 9 28 25 56 3 7 5 
7 9 13 58 64 7 1 2 
0 6 43 48 80 1 0 5 
9 7 10 46 96 6 8 9 
8 4 50 25 22 6 0 4 
8 5 26 56 30 6 5 4 
2 6 31 37 45 4 2 5 
9 9 27 76 52 1 2 5 
6 3 29 61 34 9 3 4 
9 9 36 76 45 3 1 8 
9 8 25 41 61 2 0 0 
4 8 35 28 30 4 0 0 
1 5 18 67 89 2 6 9 
2 4 43 70 36 9 9 2 
4 9 26 52 52 7 5 3 
4 3 29 0 66 4 4 3 
3 7 45 46 36 9 4 4 
5 1 8 38 47 3 6 5 
7 9 0 46 72 7 6 4 
9 2 46 16 55 5 0 3 
8 5 23 10 43 9 4 6 
3 8 19 57 33 6 1 3 
5 4 65 47 86 1 8 3 
6 5 31 19 60 6 0 2 
0 9 35 37 62 8 8 6 
6 7 66 15 44 2 7 5 
7 5 55 77 40 5 2 8 
0 1 15 70 67 3 9 5 
6 4 40 28 73 2 4 3 
7 5 31 34 48 6 8 4 
9 0 30 39 57 5 5 5 
1 9 32 83 42 5 2 1 
6 6 24 32 60 2 1 2 
9 0 35 53 12 8 2 8 
4 1 62 86 22 5 7 0 
0 5 33 69 30 1 6 5 
1 8 48 65 45 9 4 0 
7 0 42 47 62 8 7 0 
7 7 32 81 32 9 7 0 
4 2 26 27 48 5 8 4 
3 2 0 56 53 3 0 9 
3 4 36 48 45 8 5 3 
5 5 0 52 60 8 5 6 
9 8 0 103 41 8 5 0 
9 2 27 34 38 4 9 7 
3 8 62 89 87 2 3 5 
3 4 18 20 51 1 3 4 
2 4 51 68 74 0 3 5 
8 7 37 58 83 9 1 8 
5 8 38 59 52 3 4 1 
3 9 1 18 32 2 5 4 
3 4 30 52 25 2 4 6 
8 5 26 23 40 2 5 2 
7 2 34 53 57 4 8 7 
9 0 32 64 58 4 3 8 
6 8 30 42 58 4 3 9 
8 0 3 78 24 0 8 4 
6 1 10 12 71 3 3 3 
9 2 34 38 76 4 5 2 
2 8 19 26 55 3 4 2 
8 7 35 40 66 2 2 9 
1 3 13 28 43 7 3 2 
4 6 5 78 56 9 8 3 
7 6 28 60 46 6 3 4 
6 9 38 22 71 2 6 1 
5 3 27 79 45 2 6 0 
1 7 21 50 51 0 6 6 
4 1 11 73 19 7 9 8 
2 2 18 31 52 5 3 7 
4 9 0 69 52 8 6 5 
0 9 10 86 58 1 7 1 
1 4 8 16 40 5 1 5 
5 5 15 43 25 2 3 3 
8 5 13 39 62 5 1 2 
0 3 7 61 58 7 7 3 
4 1 17 29 58 7 6 7 
2 4 36 44 25 6 6 7 
6 7 55 43 62 1 5 4 
8 6 39 99 68 9 0 9 
3 6 14 83 8 1 6 9 
9 9 40 62 42 2 4 2 
0 7 0 30 28 4 4 8 
2 4 45 68 30 6 3 9 
0 9 52 61 72 9 4 7 
8 8 0 51 18 8 3 0 
7 7 0 69 73 4 8 0 
4 0 66 34 44 3 7 6 
1 4 41 62 25 1 0 8 
3 5 14 50 56 4 0 6 
1 4 63 33 35 1 1 6 
5 9 2 28 79 8 5 8 
4 0 49 38 19 4 3 2 
4 9 64 33 5 2 8 3 
8 1 51 64 0 8 9 3 
6 2 13 43 104 3 4 7 
8 6 24 57 45 4 5 9 
4 5 38 70 51 3 4 2 
2 0 19 39 60 2 0 5 
0 9 17 67 71 4 5 7 
5 1 30 31 54 8 6 4 
0 2 42 55 69 1 8 2 
7 5 31 42 37 1 0 6 
8 2 46 55 57 4 7 8 
6 7 38 28 69 7 8 6 
1 6 35 45 55 9 0 9 
9 2 64 59 85 8 5 3 
7 5 30 40 85 3 6 6 
6 0 24 69 41 8 4 1 
0 7 7 57 31 8 5 6 
1 4 34 81 45 4 4 4 
2 9 31 35 47 8 0 3 
2 0 44 57 55 3 5 2 
6 4 23 45 63 3 2 6 
2 9 35 51 2 8 8 2 
8 8 0 88 66 6 8 9 
8 9 41 83 59 7 5 0 
8 4 64 51 48 7 4 3 
4 7 45 30 33 2 9 7 
7 4 30 49 41 6 1 2 
9 2 38 75 49 5 6 3 
4 7 35 40 35 3 2 3 
9 8 11 40 31 1 1 3 
6 5 74 75 92 9 5 7 
2 7 80 81 54 8 2 6 
8 0 46 38 4 9 1 8 
3 6 7 41 33 8 6 8 
2 9 48 51 34 1 5 7 
1 1 0 53 24 5 7 4 
5 6 34 53 60 5 0 2 
0 7 33 74 64 5 5 2 
6 0 63 30 32 1 7 4 
7 4 42 67 63 0 6 0 
1 0 34 78 51 6 2 3 
0 2 12 62 78 6 9 9 
7 2 53 65 27 0 4 8 
1 2 56 73 51 9 4 4 
0 4 56 47 47 9 7 1 
2 7 21 58 57 7 8 6 
6 1 11 44 35 3 2 5 
8 8 1 27 31 2 0 5 
3 3 44 57 71 9 5 3 
9 9 7 36 58 6 3 9 
1 3 0 50 38 5 1 1 
5 6 29 77 37 2 1 0 
5 2 28 50 79 9 6 9 
2 2 19 42 85 4 0 8 
9 7 0 32 75 8 8 3 
4 6 60 40 38 7 1 9 
9 6 0 21 80 1 9 7 
3 9 45 47 46 3 3 7 
4 6 0 34 42 5 8 1 
0 4 0 55 32 9 0 4 
0 1 35 69 53 8 2 9 
2 6 61 88 75 9 3 6 
2 4 14 83 37 0 8 7 
5 6 46 47 37 7 3 3 
5 9 37 72 22 2 2 2 
1 5 0 56 61 5 6 6 
7 6 25 71 62 8 3 7 
5 0 23 40 23 9 5 9 
4 6 0 64 45 7 0 4 
0 0 34 68 8 2 0 2 
9 8 19 39 47 5 9 7 
7 6 38 18 29 0 2 0 
5 6 24 22 72 9 4 5 
9 4 26 29 41 0 6 1 
1 9 31 32 74 3 8 9 
5 7 8 78 48 4 1 8 
9 5 37 40 42 6 8 1 
8 2 47 16 39 2 0 4 
4 3 62 22 53 3 6 3 
3 6 34 57 20 0 2 7 
5 4 23 42 63 7 1 9 
0 8 45 16 93 2 5 8 
2 4 0 48 68 4 6 0 
1 3 17 26 73 8 3 2 
8 1 0 37 62 5 8 9 
2 1 55 70 39 7 0 6 
8 2 45 47 61 1 3 0 
2 6 27 20 55 1 6 6 
7 3 42 45 38 1 1 3 
8 3 34 32 52 6 3 9 
9 2 38 58 24 1 1 8 
7 0 15 70 85 2 6 1 
5 1 39 53 57 2 6 3 
3 3 1 70 47 0 9 8 
8 9 34 55 13 1 9 2 
1 3 0 52 38 3 6 3 
6 9 54 28 60 8 8 3 
4 7 23 51 51 2 6 7 
4 3 13 18 56 2 2 2 
4 1 22 36 43 5 9 3 
6 8 24 79 48 4 3 0 
0 2 39 38 49 8 5 5 
6 4 0 58 44 9 5 2 
2 1 53 71 36 9 4 6 
2 3 51 29 78 1 8 7 
2 7 14 45 54 4 3 6 
8 3 9 94 37 5 2 4 
3 6 48 54 36 6 6 3 
2 3 23 85 36 3 5 9 
5 5 25 97 26 2 7 9 
9 7 62 34 53 0 0 3 
9 2 30 60 47 5 8 6 
4 6 37 18 53 9 4 7 
8 8 55 69 14 3 7 6 
4 5 65 21 82 8 4 8 
3 8 59 61 32 7 8 0 
1 4 41 20 56 9 0 6 
7 1 51 43 36 5 3 3 
2 3 5 61 21 8 8 0 
7 7 18 43 34 7 2 1 
1 3 3 37 29 7 2 2 
4 1 15 53 74 6 5 1 
5 7 61 57 20 1 3 4 
0 0 38 46 21 4 0 4 
5 7 52 43 73 9 9 9 
7 6 40 26 31 1 7 7 
6 1 39 66 66 0 6 8 
3 9 36 29 43 2 4 9 
5 2 60 60 76 0 0 8 
8 9 19 76 60 9 4 5 
0 5 13 37 33 4 3 9 
4 4 36 17 34 6 7 6 
4 7 30 81 69 6 1 3 
4 6 9 4 37 8 8 0 
0 1 26 40 79 1 0 3 
8 8 2 73 41 4 7 3 
1 1 42 43 45 0 6 7 
0 9 54 73 89 4 5 5 
6 4 5 60 60 7 9 0 
7 6 48 66 40 1 1 6 
6 6 17 75 63 5 2 6 
6 7 41 30 43 9 9 9 
8 0 59 36 83 5 2 6 
8 2 43 39 47 9 2 4 
7 3 12 60 25 4 8 2 
6 8 88 37 34 5 3 6 
6 5 25 77 45 4 9 0 
0 0 41 73 48 0 0 5 
7 8 22 49 82 7 4 1 
1 3 58 41 42 3 0 1 
2 2 18 68 76 8 6 0 
3 1 13 51 110 8 1 9 
6 2 15 25 26 2 1 0 
0 0 27 54 54 0 4 4 
0 8 35 73 72 0 8 8 
8 8 53 68 29 5 2 0 
7 9 10 41 40 2 7 0 
0 8 46 45 44 3 4 8 
5 7 36 37 16 6 1 1 
1 1 38 47 16 0 0 1 
4 5 29 13 43 4 1 7 
5 5 85 52 15 3 5 9 
5 1 2 42 84 4 4 1 
3 0 59 88 44 7 1 8 
2 1 38 32 59 6 4 3 
1 5 42 6 30 6 7 7 
9 4 43 42 48 7 6 1 
7 6 49 48 56 2 1 6 
9 6 20 6 37 0 5 1 
2 9 38 42 25 6 8 5 
9 1 36 87 21 2 2 8 
6 1 51 77 50 4 9 4 
4 3 45 53 89 9 4 3 
8 7 37 63 57 8 4 0 
0 4 21 49 46 2 7 7 
0 2 39 50 21 3 2 9 
7 2 0 29 47 6 4 7 
4 9 35 28 21 1 4 4 
9 1 2 32 52 2 4 4 
9 3 15 58 47 2 1 1 
5 6 10 29 53 6 8 7 
6 0 12 26 70 3 2 4 
2 7 83 21 23 6 2 2 
3 8 60 63 56 0 0 4 
0 1 29 31 81 5 1 5 
7 7 44 38 40 4 9 8 
3 9 54 49 15 4 7 3 
5 9 0 1 0 2 6 3 
8 2 37 75 34 7 3 2 
9 3 35 48 43 1 8 8 
1 9 5 50 50 5 3 8 
1 3 71 43 73 1 2 9 
6 3 42 57 59 4 6 4 
2 4 33 35 58 2 7 5 
9 2 72 51 22 5 5 7 
8 2 0 85 30 6 7 5 
5 5 24 89 19 3 5 4 
7 5 7 42 49 7 1 9 
1 0 9 43 43 1 1 0 
3 6 43 39 46 6 8 6 
4 9 30 43 48 7 1 8 
6 1 7 54 56 3 8 5 
9 1 29 50 58 7 7 9 
6 5 28 60 57 9 6 5 
7 1 37 55 18 7 1 5 
9 5 29 67 72 6 4 3 
3 3 23 76 39 5 8 4 
2 5 28 49 44 2 2 4 
7 7 2 48 47 7 8 6 
4 7 19 71 58 6 1 3 
8 9 55 16 14 5 3 8 
6 6 19 53 37 1 8 4 
9 6 34 29 91 5 6 0 
7 8 21 33 68 9 1 8 
3 0 39 55 43 5 9 2 
3 3 28 37 46 4 7 6 
7 7 17 50 55 8 1 4 
1 8 0 47 79 5 9 0 
6 8 0 62 4 5 1 9 
0 1 45 26 40 0 9 6 
6 3 45 32 22 6 5 7 
8 2 24 53 38 5 4 5 
7 8 0 65 41 5 0 1 
6 4 34 31 46 1 6 0 
0 8 63 44 66 7 4 6 
3 7 14 47 31 5 3 7 
1 0 6 64 54 3 9 3 
7 0 46 53 46 5 4 1 
7 9 58 56 49 8 4 5 
7 5 39 50 60 8 0 4 
4 7 21 82 66 7 3 9 
7 6 23 66 46 5 9 6 
6 7 16 44 62 7 7 7 
1 6 53 36 65 2 2 1 
5 6 46 67 28 8 8 2 
8 6 10 64 31 7 5 9 
3 9 43 37 47 0 5 9 
7 3 12 41 64 3 4 6 
5 1 42 64 64 7 6 9 
5 5 41 69 91 3 7 3 
7 1 52 65 37 9 8 6 
7 3 34 58 65 5 8 5 
0 5 72 64 53 9 1 7 
1 4 13 78 0 3 4 7 
4 6 60 57 56 2 3 5 
9 4 23 11 28 2 8 8 
5 1 34 89 17 0 7 9 
1 0 25 53 62 4 9 9 
7 9 20 57 52 6 0 2 
5 2 0 34 52 5 9 5 
9 1 32 76 89 3 9 3 
3 2 27 40 78 5 5 5 
9 5 21 54 55 5 6 5 
9 4 0 39 34 4 6 3 
3 9 0 34 53 0 7 5 
4 4 42 19 49 4 0 5 
1 9 22 74 46 5 0 9 
1 0 35 37 39 0 5 6 
7 4 43 41 30 0 7 8 
1 3 28 41 20 3 8 3 
7 4 33 39 63 0 1 8 
9 0 40 70 23 5 7 1 
2 9 0 80 63 7 2 9 
0 1 28 52 45 2 3 9 
5 8 32 56 24 2 4 9 
1 2 2 51 56 4 9 2 
1 3 26 43 38 8 6 9 
4 5 0 31 41 9 7 3 
9 0 35 75 37 2 6 9 
0 8 0 33 81 1 8 1 
4 0 44 79 72 8 9 4 
5 0 37 52 57 5 4 7 
7 3 25 30 68 3 0 7 
9 7 33 50 49 1 6 0 
3 2 40 31 76 1 0 1 
7 2 55 51 37 2 8 9 
7 4 14 25 21 2 5 7 
6 5 10 28 16 9 7 6 
9 8 6 61 89 6 7 1 
3 6 0 39 37 4 9 3 
5 9 35 75 45 7 6 9 
6 6 25 43 48 2 4 4 
6 9 14 56 99 3 6 7 
4 4 29 33 39 1 0 3 
9 8 52 31 44 3 0 2 
9 5 44 37 73 6 9 3 
4 2 20 30 9 9 6 0 
5 2 0 46 54 4 2 9 
3 9 40 88 60 6 5 4 
1 3 28 6 37 2 2 8 
4 9 11 63 68 0 8 3 
9 1 53 31 33 8 3 0 
8 3 0 52 62 8 8 2 
8 1 17 60 54 9 9 5 
1 0 37 44 68 9 0 6 
2 3 34 37 55 3 6 1 
8 1 38 25 41 5 5 0 
4 5 52 46 64 1 5 7 
6 6 36 50 55 4 0 9 
6 6 45 43 58 9 0 7 
6 4 46 86 44 5 2 1 
6 6 13 52 57 1 2 6 
5 8 19 35 57 2 7 9 
2 4 2 35 75 8 8 0 
1 9 13 50 67 4 7 0 
5 5 24 48 45 9 8 2 
8 0 42 60 53 9 6 0 
8 9 29 27 56 8 9 9 
5 6 54 43 70 4 4 2 
0 5 46 56 46 2 6 8 
3 6 83 53 72 1 6 2 
3 0 51 64 68 2 3 1 
5 0 12 37 50 8 1 9 
7 3 35 83 75 0 7 0 
2 4 22 44 45 4 1 0 
4 0 29 47 42 0 4 8 
5 9 51 32 50 7 3 0 
3 4 51 84 30 9 0 6 
2 5 29 35 65 2 7 0 
2 8 52 41 59 2 3 4 
7 1 45 55 42 4 0 7 
4 8 6 24 40 9 7 3 
1 3 76 59 50 7 6 9 
6 6 59 59 64 3 2 9 
5 2 19 66 59 9 7 7 
5 9 33 19 71 9 7 2 
3 3 16 14 71 5 2 5 
4 4 41 56 4 1 8 8 
4 3 33 59 69 4 2 9 
9 2 31 73 45 4 2 2 
1 7 43 60 82 4 5 1 
6 9 36 69 42 6 6 8 
7 9 34 27 58 2 8 5 
2 4 49 69 40 2 4 8 
7 6 34 80 42 8 2 4 
4 9 0 46 59 5 7 8 
8 5 18 57 76 8 8 2 
4 9 49 37 56 3 0 3 
0 1 0 90 59 3 1 0 
7 8 0 68 34 0 8 7 
7 1 41 47 51 1 2 3 
8 2 55 81 75 2 8 4 
4 6 28 34 36 1 9 5 
2 7 35 67 45 5 2 8 
8 0 3 37 34 1 0 3 
2 7 19 36 46 6 2 1 
3 3 50 58 38 0 1 1 
3 6 24 102 71 5 1 1 
2 6 0 68 55 8 1 4 
8 3 44 46 71 4 9 4 
2 1 37 51 75 2 3 5 
8 9 30 30 34 7 3 6 
1 7 3 45 65 5 4 6 
5 7 0 67 58 5 5 9 
3 5 0 52 58 2 3 1 
4 5 56 53 58 3 3 5 
3 8 2 54 68 9 1 0 
9 3 20 84 40 0 1 9 
8 0 35 76 55 6 1 2 
7 7 0 45 34 8 0 4 
6 5 23 46 48 5 5 7 
2 7 16 36 38 0 4 3 
0 4 18 51 64 6 3 6 
7 1 11 45 92 8 9 0 
1 2 30 43 29 4 9 6 
7 5 7 55 57 3 1 0 
1 6 51 53 34 4 0 4 
3 0 44 46 55 7 6 9 
7 7 41 109 66 5 8 8 
7 9 0 68 54 2 8 2 
5 1 8 21 55 1 5 7 
6 9 2 55 38 1 0 5 
9 5 16 23 10 3 7 9 
2 1 14 40 61 7 3 1 
7 0 26 62 29 2 3 9 
1 9 0 70 12 3 0 7 
7 6 21 55 27 1 0 1 
2 0 9 31 42 8 9 3 
7 3 0 57 41 1 6 5 
4 1 42 39 29 5 5 8 
9 8 24 77 48 5 8 4 
4 8 36 79 67 5 0 8 
8 4 73 53 34 2 0 7 
1 7 46 41 29 5 3 7 
0 0 43 42 43 0 8 0 
9 0 43 47 82 4 1 7 
1 7 27 54 91 1 4 9 
1 5 56 53 29 6 1 2 
2 8 22 56 57 2 1 1 
3 6 33 75 46 5 0 8 
4 1 19 58 70 9 6 5 
8 8 26 66 26 5 6 0 
8 9 15 49 48 2 4 2 
5 8 46 51 12 2 4 9 
6 3 10 46 43 6 2 7 
7 9 16 46 32 9 4 6 
1 5 32 63 90 8 1 2 
0 6 6 59 49 4 1 8 
1 3 29 0 50 9 1 5 
9 9 57 24 30 7 8 6 
7 2 54 61 59 5 4 8 
9 5 41 20 36 1 2 9 
6 0 19 16 59 7 5 2 
4 6 35 21 86 8 9 8 
1 4 31 77 57 6 7 4 
3 0 31 71 56 9 5 9 
7 7 29 50 80 3 6 6 
9 2 70 55 57 3 0 7 
3 9 19 82 54 7 1 9 
2 7 12 61 23 9 1 7 
1 4 19 54 36 4 5 1 
0 5 19 62 21 7 2 0 
6 4 28 48 58 1 3 7 
4 3 41 66 32 6 1 6 
6 5 46 31 67 0 6 0 
2 8 39 5 72 2 5 5 
3 1 21 31 61 8 6 9 
7 9 9 71 48 1 0 9 
6 6 18 62 24 1 6 1 
4 2 14 51 71 7 2 8 
9 5 35 45 44 6 9 2 
2 1 40 40 52 4 1 0 
2 1 52 76 32 4 9 4 
1 0 26 31 50 1 8 0 
3 4 37 51 47 1 1 2 
3 2 38 66 63 0 4 8 
8 9 65 83 33 4 2 6 
1 1 24 65 31 6 0 2 
5 5 19 71 11 3 3 1 
1 7 29 27 42 9 1 5 
9 3 0 49 19 9 6 2 
0 9 56 36 54 8 1 8 
3 6 46 40 33 7 4 7 
0 1 33 45 43 4 7 9 
0 3 17 14 65 7 0 9 
3 2 25 70 59 7 2 5 
8 5 27 56 89 2 2 5 
9 3 27 57 83 1 9 0 
5 5 34 12 9 1 4 6 
8 9 14 16 84 6 9 8 
9 1 15 72 73 9 4 9 
4 2 0 75 65 8 2 6 
2 3 39 66 29 7 6 8 
2 8 15 39 28 0 6 9 
2 9 15 34 11 1 9 6 
9 2 25 37 60 2 8 2 
8 8 0 58 60 5 6 8 
2 3 0 49 42 9 0 5 
2 7 57 53 45 5 0 8 
4 6 14 20 52 7 2 8 
1 4 17 42 65 7 2 3 
1 6 39 26 23 2 9 7 
3 5 76 61 45 9 1 9 
6 5 37 63 26 2 5 1 
0 3 21 69 74 7 0 9 
9 2 35 55 53 8 8 8 
9 7 63 23 22 2 2 8 
3 4 29 31 38 3 8 5 
3 1 17 46 48 4 9 9 
7 5 35 67 39 9 5 2 
0 2 68 50 44 1 1 9 
8 2 39 35 65 8 1 2 
5 5 30 64 87 0 5 3 
2 1 39 42 35 0 3 4 
3 3 0 68 46 7 5 2 
6 3 55 28 65 1 3 9 
1 8 61 40 43 1 4 1 
1 0 52 29 34 3 6 2 
3 3 4 33 85 6 8 5 
4 4 41 66 60 8 2 8 
3 9 0 78 42 6 9 3 
1 3 22 32 0 2 8 5 
0 5 16 18 33 0 6 7 
0 1 28 68 25 4 3 2 
2 5 40 55 43 9 8 2 
0 6 61 15 30 9 1 9 
0 8 21 31 65 4 9 9 
1 4 15 60 45 7 6 7 
6 7 30 44 68 2 1 9 
9 1 3 81 34 6 3 6 
6 1 59 70 54 1 8 0 
2 6 11 57 59 2 2 1 
9 0 28 67 79 8 3 3 
9 4 45 1 27 3 4 7 
5 2 41 38 47 8 4 1 
3 5 72 51 80 0 6 3 
9 9 0 29 71 6 6 2 
0 5 22 35 73 4 6 6 
6 2 74 70 89 1 4 6 
1 6 37 79 80 3 0 8 
5 3 25 72 42 9 4 5 
9 6 56 99 42 7 6 6 
5 4 19 61 43 7 8 8 
1 4 55 28 17 2 1 5 
0 1 24 49 40 8 8 4 
2 1 19 83 59 3 0 1 
6 6 60 33 73 2 6 6 
0 8 38 38 51 9 5 2 
2 1 43 42 29 8 6 5 
6 2 1 32 45 6 7 7 
7 3 65 87 78 9 5 5 
2 2 17 51 68 1 3 5 
9 5 67 85 47 8 5 4 
3 8 25 38 33 3 2 5 
0 7 11 41 83 8 3 3 
7 7 10 54 41 7 1 4 
1 7 43 22 17 7 2 4 
2 7 68 46 6 7 8 9 
1 0 16 30 49 3 6 6 
5 8 42 48 69 6 9 3 
8 6 25 49 47 7 9 6 
7 9 30 69 62 3 3 0 
3 2 35 43 28 3 1 1 
6 4 35 16 68 8 1 1 
8 4 28 34 62 7 1 1 
2 1 39 62 63 9 8 2 
1 7 0 58 21 7 6 1 
8 6 43 53 55 3 7 7 
1 7 12 32 29 5 8 4 
1 1 22 59 61 1 0 4 
0 0 57 69 35 3 4 7 
2 9 36 62 110 9 5 6 
5 8 50 55 66 9 0 7 
6 6 73 66 71 4 2 4 
7 4 27 55 57 3 0 0 
8 9 34 27 34 9 9 1 
6 0 0 5 56 5 8 8 
7 2 40 65 69 2 5 4 
1 3 65 14 53 3 5 7 
4 1 30 65 49 0 4 8 
4 1 33 45 20 3 9 6 
0 2 42 89 68 9 3 0 
5 4 83 39 22 4 2 1 
6 2 23 75 42 0 0 0 
7 8 13 42 20 5 6 0 
3 5 37 41 32 1 3 4 
0 6 17 42 34 7 0 8 
3 9 24 53 65 5 9 9 
1 7 28 25 62 0 6 1 
1 7 49 21 93 3 6 1 
9 1 22 58 16 4 7 1 
1 8 35 56 51 2 9 1 
8 2 62 12 28 1 4 0 
2 0 33 41 15 5 2 5 
3 4 17 38 54 4 6 4 
6 8 10 64 33 1 4 0 
7 2 25 51 24 9 9 2 
2 9 41 36 37 3 2 4 
1 8 17 60 13 1 8 2 
7 1 31 77 58 9 6 6 
3 2 27 35 70 2 9 2 
1 9 16 65 50 7 8 9 
3 3 35 60 61 9 7 9 
3 0 19 24 34 5 4 8 
2 4 30 45 68 0 7 0 
2 5 0 68 75 4 6 2 
3 5 69 79 61 4 5 0 
8 4 15 62 79 0 5 6 
4 4 7 42 18 0 6 8 
3 5 28 8 68 9 1 9 
8 7 43 72 61 6 4 7 
9 7 18 72 72 3 9 6 
8 2 40 92 62 5 5 6 
6 0 41 65 64 3 4 8 
3 3 4 59 51 9 7 2 
2 6 0 39 4 4 9 7 
8 9 21 50 62 8 6 7 
0 4 27 57 27 9 8 2 
4 5 37 62 41 6 5 9 
9 2 22 38 51 7 9 5 
7 0 5 21 21 1 8 0 
6 5 63 63 16 4 9 6 
0 5 74 0 52 5 9 6 
2 7 16 43 23 8 0 0 
3 0 23 89 65 3 7 9 
0 1 0 78 53 8 8 7 
5 1 61 48 63 2 1 9 
7 4 54 40 32 2 8 3 
4 2 11 36 59 5 5 2 
7 8 26 47 82 9 4 0 
8 4 33 64 64 9 5 4 
2 0 0 77 51 7 3 1 
3 1 58 85 73 9 2 3 
1 1 36 59 90 2 1 7 
4 8 52 35 74 8 9 2 
6 1 9 63 43 5 3 5 
1 8 32 87 89 4 7 2 
4 8 38 114 71 1 5 2 
9 2 0 61 69 3 4 3 
8 3 34 19 73 1 6 2 
8 1 66 54 58 4 8 1 
9 9 59 29 42 4 9 4 
1 5 14 100 73 8 2 5 
5 4 6 63 58 3 8 0 
5 1 31 37 7 8 2 7 
5 1 49 35 37 4 2 4 
8 4 54 39 53 8 8 3 
0 0 39 32 58 0 7 0 
4 9 0 61 47 1 7 5 
6 6 22 5 56 2 2 7 
4 8 52 28 70 6 8 7 
3 7 41 70 48 5 2 1 
2 4 22 20 35 1 6 6 
7 1 28 34 52 3 7 8 
7 7 56 73 18 8 5 1 
9 4 5 63 59 6 8 5 
4 3 66 41 72 7 4 4 
2 4 39 95 21 6 2 8 
8 6 36 29 6 3 7 0 
9 1 46 29 66 7 0 3 
9 3 20 67 47 0 2 7 
3 2 53 31 45 4 7 6 
0 3 23 59 49 5 2 4 
7 3 84 38 8 5 2 0 
8 4 28 67 66 5 4 5 
9 0 15 67 78 2 3 4 
0 2 21 48 91 5 9 1 
7 7 0 55 107 5 9 2 
4 0 16 81 80 0 8 2 
1 8 52 70 49 9 0 4 
4 9 5 64 77 2 2 2 
6 8 66 63 61 0 4 0 
8 7 46 32 49 0 4 8 
8 0 4 49 75 4 8 5 
1 5 19 36 28 3 7 3 
3 0 29 28 63 8 5 9 
6 7 34 23 37 0 9 0 
9 6 11 41 77 2 0 7 
8 3 49 62 46 4 6 6 
8 6 10 13 86 9 8 5 
3 5 11 57 21 4 8 1 
3 8 86 35 43 3 4 9 
4 1 37 55 63 9 1 5 
3 4 22 83 87 3 7 1 
2 8 37 45 58 8 4 7 
2 2 37 22 42 4 0 9 
6 2 60 48 31 3 7 3 
5 5 29 67 70 9 6 2 
3 2 55 44 76 8 3 8 
0 1 3 45 45 2 0 7 
5 3 13 10 46 6 6 6 
9 2 0 81 45 4 1 4 
9 6 39 78 47 5 7 0 
4 2 47 58 68 5 0 5 
2 8 26 16 52 4 2 3 
3 0 10 68 87 8 6 5 
9 7 30 26 37 0 0 0 
4 5 22 67 41 6 7 4 
4 2 17 76 109 8 3 5 
7 5 45 46 32 0 6 1 
7 5 64 35 44 8 2 5 
3 0 34 37 85 5 4 4 
0 0 17 68 32 7 5 9 
7 3 4 63 64 8 1 9 
5 1 3 81 65 4 2 8 
4 4 52 53 69 9 3 1 
0 4 38 74 26 9 0 0 
3 5 76 47 27 4 4 0 
3 0 14 31 53 2 3 5 
9 4 58 52 0 5 4 0 
5 0 52 89 33 7 7 8 
5 5 30 16 22 1 3 8 
6 4 39 55 58 4 5 6 
8 8 16 46 54 0 3 9 
3 7 11 38 50 6 8 4 
3 0 32 37 44 9 0 7 
7 3 36 23 70 1 7 5 
0 9 52 52 20 2 5 7 
0 6 23 63 54 4 7 0 
1 2 44 45 39 7 0 4 
1 7 20 71 43 6 2 1 
7 9 35 40 64 6 2 7 
2 3 27 54 75 2 4 6 
6 8 0 69 56 0 3 0 
3 8 46 21 43 0 1 7 
3 5 42 37 69 9 5 8 
4 4 42 45 53 2 4 0 
2 1 28 46 56 8 3 0 
5 5 32 89 62 3 0 7 
3 5 53 41 30 3 7 1 
9 8 16 23 46 7 4 8 
8 0 36 51 32 0 3 9 
7 1 13 48 59 7 3 2 
6 6 11 47 70 4 1 9 
0 6 21 43 79 0 4 5 
1 0 2 44 43 9 9 7 
5 5 40 59 54 7 4 9 
8 2 46 47 43 4 8 6 
1 2 28 50 62 8 6 5 
3 9 28 37 43 7 6 5 
8 0 16 3 39 6 4 4 
4 2 48 42 66 2 0 4 
4 6 10 54 41 1 8 1 
6 9 26 81 38 8 4 4 
6 4 36 65 51 3 7 3 
3 4 23 45 54 1 8 4 
7 0 13 94 64 0 3 6 
5 9 39 22 37 3 4 4 
6 2 11 60 29 8 5 0 
8 3 20 61 75 9 7 6 
5 1 25 43 45 9 3 7 
4 5 37 66 87 1 0 2 
7 6 5 56 27 9 9 2 
8 1 32 57 85 4 1 1 
7 4 29 32 30 9 0 3 
9 4 61 44 24 7 8 7 
8 6 26 43 46 5 4 4 
5 7 27 27 74 8 2 9 
3 5 55 51 20 5 6 9 
2 1 56 56 39 8 5 6 
1 5 30 39 71 5 0 6 
9 0 39 39 68 8 4 2 
4 7 68 52 31 4 6 5 
4 3 17 67 41 0 6 2 
2 0 36 64 52 2 6 8 
5 7 4 59 40 2 8 7 
1 7 11 57 89 0 3 4 
3 5 26 66 66 2 5 7 
1 1 9 39 53 6 8 0 
5 1 44 63 71 5 4 0 
0 1 24 91 32 8 2 4 
5 0 22 36 26 1 8 3 
7 5 12 67 55 4 6 9 
8 6 39 73 62 1 2 9 
9 3 21 37 84 5 9 3 
2 1 0 53 25 7 9 5 
6 9 87 22 40 5 2 0 
7 2 0 35 31 0 7 6 
0 9 53 65 35 9 6 5 
1 0 30 98 67 8 3 8 
4 4 29 91 20 4 1 8 
3 9 47 64 91 1 2 5 
3 1 57 50 59 6 2 9 
5 6 37 47 44 9 1 3 
5 5 25 53 65 3 0 8 
7 2 15 67 26 6 6 9 
7 2 55 23 73 4 4 9 
4 4 27 7 53 8 9 6 
3 1 44 45 34 5 3 1 
1 5 29 27 42 9 6 2 
9 6 1 21 52 8 3 7 
0 9 75 69 20 1 7 3 
7 5 52 45 46 0 0 9 
1 4 33 47 35 6 3 5 
3 8 56 69 40 8 5 7 
3 0 28 30 38 4 1 2 
9 3 8 48 78 9 6 0 
4 1 26 21 63 8 2 0 
1 5 42 27 72 4 0 3 
1 1 22 63 58 8 9 3 
6 5 12 34 56 9 9 4 
7 3 36 42 84 6 2 0 
6 7 70 64 51 6 7 5 
5 9 19 43 87 2 2 2 
4 0 23 67 20 7 6 6 
5 0 60 56 41 3 6 1 
8 9 60 15 52 2 3 7 
4 3 52 48 63 0 2 2 
0 7 32 58 2 3 5 9 
4 0 18 40 25 2 1 6 
8 0 59 16 34 7 7 6 
8 0 23 71 45 7 0 5 
3 0 18 51 56 5 2 9 
5 0 30 67 54 6 4 7 
5 0 23 52 65 3 9 0 
2 9 27 50 68 6 7 0 
6 9 3 45 69 5 1 2 
2 3 0 64 67 2 5 5 
3 9 20 65 33 9 6 3 
0 0 13 32 50 7 9 8 
3 5 13 18 15 5 9 2 
6 5 24 52 57 7 5 1 
3 3 34 40 37 8 4 7 
4 7 29 63 42 1 4 9 
7 5 14 69 32 6 9 5 
6 8 71 28 41 7 2 6 
7 7 38 42 25 3 4 8 
0 3 49 24 81 0 4 9 
9 2 0 33 62 3 9 6 
1 4 42 41 62 4 3 9 
6 0 51 23 46 2 4 3 
5 1 36 43 28 1 5 2 
9 3 53 42 40 6 0 3 
9 1 50 78 92 1 4 2 
7 3 18 63 53 7 7 5 
0 3 18 64 63 3 5 0 
3 8 24 32 20 3 1 0 
1 4 24 51 38 8 0 2 
5 8 24 51 25 9 5 6 
3 5 3 51 71 4 4 9 
1 5 12 41 95 2 6 5 
3 9 32 19 46 6 7 1 
4 7 48 0 36 4 2 7 
2 7 50 55 53 2 9 0 
0 2 4 40 74 8 2 5 
5 6 22 76 62 3 8 1 
3 0 35 45 70 0 3 0 
5 2 0 43 66 2 6 6 
2 9 86 57 41 7 8 6 
6 3 24 68 63 8 6 2 
5 7 31 42 42 2 9 2 
7 3 0 80 41 5 6 2 
7 1 35 68 34 4 2 7 
3 0 37 82 60 3 1 6 
5 8 48 41 41 3 1 0 
8 0 35 78 62 7 2 4 
2 1 7 52 27 6 5 7 
7 4 21 71 50 2 8 2 
5 2 60 79 69 8 4 1 
0 9 4 54 64 8 7 9 
8 3 0 62 46 0 0 5 
8 4 21 65 18 1 9 5 
7 5 52 15 7 6 8 8 
7 6 22 57 59 8 1 3 
1 9 11 31 36 5 6 5 
3 4 35 60 58 6 1 7 
0 3 54 72 67 3 1 2 
3 8 18 46 34 6 6 4 
8 2 6 52 0 7 0 8 
1 3 37 47 33 1 0 5 
0 8 38 52 49 2 3 3 
8 1 17 2 55 1 2 7 
7 6 30 34 53 9 0 1 
3 9 49 7 45 9 0 3 
5 3 30 53 37 8 2 7 
0 0 49 62 54 5 0 8 
2 3 12 15 75 0 1 2 
1 0 43 43 68 2 2 3 
1 4 49 31 63 9 6 3 
4 8 18 53 53 4 4 1 
4 8 55 55 58 0 4 0 
0 9 16 55 50 0 4 4 
9 4 18 58 54 9 2 6 
2 1 45 31 54 5 4 0 
8 9 53 25 59 6 9 8 
7 1 36 72 23 1 9 8 
9 9 15 63 55 6 7 5 
1 7 28 13 49 9 3 6 
5 8 12 53 56 7 2 0 
3 2 62 13 39 9 4 1 
3 5 25 59 41 2 4 9 
0 9 38 51 58 6 4 1 
0 1 20 34 75 7 2 0 
6 3 42 68 54 0 0 5 
7 2 10 54 57 4 8 6 
8 9 8 21 37 2 3 5 
1 3 27 28 30 8 7 8 
2 0 17 63 33 3 5 3 
2 1 51 65 17 5 3 6 
7 4 26 46 46 6 2 2 
6 2 23 46 39 3 7 8 
7 7 64 44 68 3 1 9 
2 5 27 25 32 5 9 3 
1 6 12 17 46 6 6 5 
8 3 41 55 77 0 0 4 
3 5 20 38 88 4 2 4 
3 2 15 51 58 5 5 3 
2 8 11 12 37 4 2 5 
2 5 49 25 17 4 9 6 
6 9 0 51 55 4 7 7 
5 7 59 71 5 8 3 4 
8 2 3 30 46 6 1 0 
1 5 42 51 48 8 0 5 
2 7 59 21 68 8 5 7 
8 6 22 33 91 4 7 4 
9 1 22 52 39 5 4 0 
6 3 49 7 53 6 4 6 
3 2 2 41 71 3 6 6 
4 8 17 67 38 2 4 9 
9 3 35 54 36 4 8 2 
2 9 18 59 48 5 5 2 
9 3 50 47 21 8 7 6 
7 1 26 70 43 7 5 4 
4 5 45 28 52 3 0 5 
8 2 19 28 26 2 3 0 
3 5 25 83 51 2 2 8 
7 0 32 50 48 3 3 3 
8 9 62 48 68 3 0 3 
5 2 57 60 60 9 0 7 
6 7 30 29 55 3 2 9 
6 7 18 32 43 7 0 6 
1 7 34 60 64 6 6 7 
1 9 65 52 56 9 0 0 
9 2 79 13 47 9 8 0 
1 0 64 16 66 2 0 6 
4 2 37 53 37 4 8 9 
4 4 23 59 38 4 4 2 
1 9 24 37 55 5 0 4 
1 0 11 94 53 7 1 9 
9 4 3 35 69 1 5 9 
3 2 0 52 30 5 6 0 
4 9 35 12 72 2 0 2 
8 2 16 55 37 2 1 8 
8 2 20 30 68 2 4 9 
8 5 34 50 75 1 7 1 
5 0 11 18 74 0 3 0 
9 7 39 27 15 4 2 5 
0 5 39 52 86 6 0 2 
7 2 34 41 58 1 4 7 
2 6 8 66 42 9 2 1 
5 1 0 33 47 1 7 5 
2 4 10 46 25 3 3 6 
1 7 61 41 60 2 4 5 
8 4 44 37 87 7 0 2 
2 3 28 89 0 7 6 9 
1 0 20 19 69 4 8 9 
3 1 65 0 44 5 2 8 
2 7 7 11 10 5 0 1 
4 8 27 76 51 3 5 9 
0 9 27 58 102 2 3 4 
4 4 52 45 0 0 6 4 
3 7 0 68 54 4 2 7 
2 9 0 26 79 0 0 8 
7 6 0 64 68 2 4 4 
8 1 0 42 47 2 2 5 
9 9 30 40 34 9 2 7 
4 1 40 31 25 9 4 5 
4 4 25 61 36 5 5 6 
0 1 63 58 45 6 6 0 
2 9 37 82 65 7 4 0 
9 2 44 31 38 1 7 7 
3 7 24 24 47 0 3 3 
5 6 22 66 65 9 9 4 
7 5 25 54 48 3 4 3 
4 7 32 38 12 0 0 7 
0 6 50 67 75 0 3 1 
9 9 49 47 79 9 7 3 
5 9 58 70 68 5 8 8 
6 6 20 58 34 4 9 8 
3 8 44 54 51 6 5 3 
4 7 41 32 37 9 3 9 
5 5 40 56 30 6 2 1 
7 2 62 39 71 8 1 8 
2 4 43 27 52 6 1 7 
3 0 12 22 64 7 3 0 
8 1 44 66 55 4 0 4 
6 1 22 41 55 4 2 6 
8 9 38 10 60 5 0 6 
4 3 38 22 63 5 0 4 
4 6 79 97 40 8 6 1 
1 8 20 39 54 5 4 3 
6 5 18 38 52 3 4 9 
6 4 19 50 67 3 1 5 
5 8 35 81 51 3 7 9 
1 6 34 25 19 2 1 1 
4 6 2 63 62 9 0 5 
3 2 26 65 24 7 0 2 
1 1 22 72 82 8 8 5 
4 6 6 51 47 7 3 9 
5 2 37 21 84 6 0 7 
2 8 28 33 47 1 5 6 
0 6 30 33 63 6 6 4 
2 9 0 26 51 8 1 0 
8 3 0 15 36 2 7 5 
6 1 24 65 38 0 2 6 
5 6 61 101 48 4 7 7 
5 9 44 39 60 6 4 7 
5 3 39 78 59 8 2 4 
3 7 56 29 51 6 9 5 
4 6 42 26 26 7 4 7 
1 5 52 59 33 3 1 4 
6 2 45 57 63 7 5 8 
8 7 45 52 75 3 0 8 
7 4 60 70 12 3 2 6 
4 4 0 48 25 6 6 4 
6 7 31 39 52 1 2 0 
4 0 31 40 78 8 4 6 
3 0 5 21 70 8 8 3 
3 8 28 40 52 3 2 9 
8 1 20 16 48 4 2 5 
7 4 25 46 51 9 9 4 
8 1 21 47 41 2 5 6 
1 4 51 8 80 6 5 0 
2 1 0 46 35 4 2 7 
2 6 60 52 73 5 0 8 
8 1 38 36 56 5 7 4 
7 1 0 57 47 4 6 3 
4 7 36 57 60 8 5 3 
9 4 0 23 55 0 8 0 
2 0 40 40 29 5 1 0 
6 2 35 19 94 2 3 0 
5 3 31 29 56 0 7 0 
6 2 15 61 44 8 9 8 
0 6 25 29 47 7 0 8 
8 8 46 50 64 6 8 0 
7 8 21 60 36 1 4 2 
9 8 22 29 29 3 7 3 
3 5 41 11 73 0 8 5 
2 8 56 18 51 7 7 0 
2 1 24 62 49 4 3 1 
1 2 46 56 29 8 0 5 
4 4 33 55 49 0 4 5 
5 9 33 74 89 7 3 2 
9 7 44 40 40 9 1 0 
3 0 25 60 53 2 1 6 
4 1 0 62 14 7 8 4 
6 5 30 77 53 2 3 1 
1 9 50 70 46 8 0 8 
9 3 36 38 97 7 3 4 
2 8 23 43 47 9 0 5 
2 8 43 47 49 0 5 5 
8 9 83 41 50 3 5 5 
5 9 52 47 40 6 8 7 
5 2 44 24 58 9 8 2 
1 4 30 79 73 3 5 2 
6 7 29 69 58 8 0 8 
1 4 29 49 53 7 5 8 
6 3 16 20 64 7 2 2 
0 1 40 8 39 4 6 7 
2 8 48 27 72 7 4 6 
2 2 33 29 48 6 9 4 
1 8 40 77 85 7 5 3 
5 5 39 47 39 5 9 7 
5 2 43 21 37 8 6 8 
4 6 23 69 62 4 5 9 
0 7 31 50 62 4 5 1 
4 8 49 22 42 0 4 9 
9 0 35 48 65 5 5 8 
0 1 48 60 43 5 5 5 
1 0 11 66 57 9 7 8 
6 7 20 57 60 0 0 1 
9 2 25 23 28 2 7 7 
7 4 0 42 87 7 0 2 
6 9 38 91 62 7 8 1 
2 7 38 83 65 2 1 1 
8 3 30 26 43 6 9 4 
8 0 46 25 43 3 0 3 
7 8 6 51 57 2 9 6 
3 8 20 47 55 3 2 9 
0 7 46 49 60 3 2 8 
1 7 11 74 45 0 0 1 
2 3 21 50 30 7 9 1 
3 5 14 26 69 2 4 8 
8 1 5 22 93 8 5 4 
9 9 45 59 82 7 5 1 
3 1 76 29 50 4 2 5 
9 1 65 62 54 9 1 4 
7 9 21 44 45 6 7 4 
0 0 3 38 39 4 1 6 
1 1 42 55 10 1 8 1 
3 7 41 21 80 0 5 0 
1 0 40 77 31 0 4 1 
9 5 10 45 35 4 7 3 
3 9 22 22 29 6 8 1 
5 0 30 69 52 9 4 6 
6 3 3 68 31 8 1 3 
6 2 34 35 58 7 8 0 
2 7 59 29 54 9 3 1 
0 3 41 52 85 4 9 0 
9 5 0 49 27 3 0 1 
1 6 40 42 62 4 4 3 
4 8 47 75 49 9 5 5 
8 2 28 51 66 6 3 6 
3 5 9 70 49 6 4 0 
9 1 25 50 76 6 3 8 
4 1 40 47 62 8 6 0 
0 8 95 66 70 6 6 5 
0 1 41 60 66 7 9 4 
3 1 50 47 56 1 1 6 
3 6 48 40 40 5 8 4 
1 9 13 62 43 5 9 1 
0 6 35 76 98 4 1 3 
9 0 28 26 87 7 9 9 
3 9 33 48 76 4 9 1 
7 6 38 47 0 9 9 9 
8 2 27 97 54 7 9 5 
3 2 41 32 60 7 3 4 
9 6 31 45 45 4 4 0 
8 9 21 49 23 2 6 2 
8 5 21 50 28 0 6 3 
5 5 27 43 83 7 4 2 
5 6 33 18 64 6 0 3 
8 2 53 69 46 8 3 6 
0 8 43 45 32 7 8 9 
9 5 56 50 56 2 3 5 
6 9 26 48 36 8 1 0 
0 0 60 34 39 4 2 6 
2 8 35 46 29 6 8 9 
3 1 18 73 47 2 9 6 
8 1 0 69 35 4 9 5 
4 7 53 48 65 6 3 2 
7 8 32 51 22 4 5 3 
2 1 22 14 48 4 8 8 
4 7 13 33 50 8 2 9 
2 1 14 29 57 9 4 1 
8 1 48 24 80 0 3 7 
0 5 8 43 58 3 3 8 
7 1 57 10 48 1 8 2 
6 9 34 36 67 9 6 9 
0 4 39 31 69 3 4 3 
2 4 22 58 28 5 4 8 
1 2 31 55 3 1 1 9 
5 9 13 19 50 4 3 1 
6 1 17 68 48 5 5 4 
3 7 17 49 53 4 4 0 
5 7 15 72 39 9 5 9 
4 5 9 59 62 1 8 7 
6 9 4 36 43 0 5 6 
4 6 65 21 12 8 0 5 
2 8 33 35 56 9 3 4 
6 5 52 48 32 8 4 7 
7 2 19 4 17 8 8 1 
9 3 42 10 28 7 5 0 
0 8 20 35 54 8 3 4 
6 8 39 32 36 5 4 6 
4 8 0 44 45 3 5 3 
5 3 61 70 40 4 4 9 
5 3 28 35 55 1 3 2 
8 0 32 58 63 3 4 4 
9 4 37 37 46 7 3 4 
9 3 45 16 63 0 5 0 
4 1 53 50 65 6 6 1 
9 0 46 55 41 8 4 2 
1 4 8 49 44 9 4 9 
1 1 9 48 33 9 2 6 
7 3 35 46 27 2 8 7 
3 1 1 42 62 2 1 3 
4 1 42 19 18 4 6 3 
7 2 14 50 51 3 1 0 
3 0 0 63 56 1 7 3 
3 3 31 95 45 5 9 1 
9 1 22 51 57 4 4 0 
1 1 52 48 35 6 9 9 
0 5 32 32 71 9 8 4 
4 2 21 42 72 8 9 2 
9 1 33 60 55 2 9 4 
0 5 35 30 46 0 4 5 
3 6 26 57 47 5 4 7 
1 5 20 55 70 5 5 3 
3 8 28 44 55 0 7 5 
6 9 16 15 26 9 6 2 
5 6 22 48 31 8 0 7 
1 6 33 16 41 6 1 1 
6 0 60 34 57 8 9 4 
9 4 2 76 47 8 1 7 
1 1 0 63 63 6 3 0 
0 8 51 0 78 5 9 5 
0 2 35 20 74 6 5 5 
9 8 21 71 60 1 3 2 
9 9 64 2 34 3 1 1 
0 1 43 38 6 6 9 7 
1 8 0 16 56 9 0 8 
9 7 39 100 104 3 8 3 
7 7 45 25 22 7 8 1 
0 5 34 16 83 0 1 8 
3 5 14 51 67 9 2 6 
0 0 40 23 46 1 9 3 
5 0 40 57 52 8 0 6 
1 2 34 22 58 8 3 1 
7 2 34 35 40 9 3 0 
7 7 12 77 75 1 8 0 
3 3 10 52 17 6 1 3 
7 5 4 34 25 0 3 2 
7 1 34 38 17 0 6 8 
0 4 14 52 62 9 5 0 
7 2 0 65 24 1 3 6 
9 1 37 66 57 6 5 1 
9 6 17 49 61 1 1 4 
3 1 60 46 72 1 1 4 
8 6 7 36 77 7 1 1 
8 9 16 35 23 8 6 6 
7 3 30 112 26 1 2 6 
0 4 51 35 57 6 3 8 
8 1 40 30 84 4 8 2 
6 7 12 15 76 2 0 2 
3 0 35 77 56 3 8 4 
0 9 16 50 48 0 9 9 
5 2 22 28 54 1 6 4 
1 3 34 67 40 0 1 2 
4 5 0 56 42 0 6 8 
6 2 30 50 35 5 9 3 
5 9 41 53 76 0 4 1 
6 2 61 38 23 4 8 6 
5 0 2 36 72 6 9 9 
4 0 32 55 39 1 5 3 
3 8 43 40 53 8 7 5 
2 4 9 86 49 7 6 9 
8 6 17 24 66 6 1 9 
5 7 20 35 54 9 4 5 
3 8 21 86 43 0 4 3 
5 7 0 41 62 8 5 0 
0 7 48 55 67 4 9 7 
4 5 57 80 60 3 5 3 
3 6 44 56 65 8 3 1 
0 8 11 65 72 2 9 8 
2 5 21 49 45 7 1 9 
4 8 19 58 40 5 6 3 
8 3 19 39 86 7 2 3 
1 9 33 35 16 8 7 6 
1 3 39 23 82 7 3 1 
5 6 42 49 60 8 6 8 
1 5 42 56 71 5 9 0 
2 3 55 57 35 2 7 0 
2 6 43 40 45 3 3 9 
3 3 38 28 25 4 8 7 
8 5 23 44 69 8 1 9 
9 0 15 75 35 3 2 9 
0 0 12 62 68 1 5 1 
3 4 26 54 49 1 6 0 
4 9 27 69 17 9 2 3 
4 3 60 77 23 2 8 5 
2 2 12 15 82 3 9 5 
6 1 10 19 64 9 8 4 
0 1 27 45 25 3 9 8 
3 5 10 40 45 4 0 2 
4 3 0 65 50 7 3 9 
8 2 36 43 14 8 2 1 
1 6 0 75 30 2 5 5 
9 4 26 57 105 0 8 5 
6 0 33 38 79 3 0 3 
5 9 64 50 95 0 3 6 
1 4 7 48 55 4 9 2 
4 0 33 0 38 5 0 9 
5 1 40 30 40 7 2 3 
2 9 28 56 64 7 8 1 
7 1 33 31 15 2 9 7 
8 4 8 83 51 3 7 6 
3 8 38 35 32 1 4 0 
0 5 48 81 37 0 3 6 
1 3 0 29 58 5 9 7 
8 9 9 79 54 3 8 7 
6 1 20 28 71 9 1 7 
8 6 31 31 40 9 8 0 
0 1 22 19 24 9 7 2 
6 5 9 25 21 2 9 6 
0 0 54 14 35 6 2 0 
3 4 0 68 25 0 0 0 
7 5 41 61 54 4 1 0 
9 1 8 56 61 3 3 7 
6 2 35 54 61 4 9 9 
6 0 2 52 42 0 1 3 
0 0 27 37 50 3 8 8 
2 7 14 37 36 0 7 4 
5 7 17 42 42 2 4 9 
7 4 53 21 78 7 8 4 
9 8 45 53 33 7 5 5 
1 2 36 88 50 4 2 2 
1 2 46 36 39 7 7 8 
9 6 13 46 22 2 9 3 
3 8 0 67 54 1 8 1 
6 1 7 55 62 6 6 8 
4 6 19 12 38 2 5 4 
7 9 0 37 41 6 7 1 
9 7 19 94 31 0 3 5 
1 5 56 58 23 4 5 2 
1 1 32 27 59 9 2 9 
0 6 38 16 68 7 6 6 
3 7 32 55 46 7 8 0 
5 2 24 70 65 6 2 2 
0 0 33 21 50 8 9 9 
4 6 26 74 50 4 9 1 
5 4 36 59 50 6 4 5 
7 3 57 54 35 0 2 9 
2 7 22 39 27 3 9 7 
5 3 11 14 70 6 5 3 
8 4 68 50 70 3 3 2 
4 7 47 69 72 3 5 3 
8 6 0 82 47 6 2 7 
2 5 34 73 46 2 4 4 
2 7 40 0 0 7 8 3 
7 7 4 53 65 0 1 1 
8 5 5 39 45 5 2 9 
3 8 49 27 50 7 1 1 
7 5 50 44 67 1 5 1 
3 6 49 51 58 1 2 6 
1 0 22 57 62 4 1 2 
9 1 82 48 51 6 2 8 
9 0 0 41 77 2 9 8 
0 2 56 47 0 7 5 7 
0 5 8 54 61 8 5 0 
9 6 25 87 37 6 0 9 
1 3 10 82 68 4 2 6 
0 3 36 60 58 8 1 5 
6 0 20 67 41 3 2 4 
5 4 49 94 81 8 3 5 
1 7 62 72 32 4 1 3 
4 3 33 41 39 1 1 6 
1 6 34 41 44 5 8 2 
0 1 1 25 79 7 0 3 
6 0 33 34 73 9 7 1 
9 6 25 49 21 5 4 3 
5 4 15 86 67 7 5 1 
0 1 1 67 98 5 1 2 
2 6 27 47 99 8 5 2 
2 1 26 56 33 8 4 4 
4 5 31 70 34 6 8 0 
1 1 33 70 47 0 3 3 
4 0 18 58 60 5 8 5 
6 0 44 31 36 1 5 0 
6 6 52 57 41 9 0 3 
3 9 43 69 35 1 4 5 
5 5 44 46 60 2 5 0 
3 1 54 37 8 9 9 6 
7 8 39 52 68 7 7 6 
0 1 16 62 89 3 0 1 
1 8 41 68 42 6 6 9 
9 9 19 78 55 4 0 8 
3 0 47 14 28 1 2 1 
4 6 17 34 68 0 2 0 
2 0 29 39 27 8 0 3 
3 8 41 68 42 9 7 2 
8 7 67 34 48 3 2 7 
0 1 30 72 75 0 8 4 
0 1 15 73 36 3 2 8 
1 5 29 35 77 3 0 9 
8 9 79 53 35 9 4 3 
7 9 31 58 30 8 8 4 
4 9 59 37 85 4 3 1 
0 0 13 41 59 0 6 7 
1 3 39 31 71 0 6 4 
1 2 7 53 67 8 4 8 
5 9 25 58 15 7 4 4 
8 7 19 61 58 9 5 3 
2 1 39 62 30 4 5 6 
9 6 66 42 49 2 7 4 
7 4 22 40 105 4 6 3 
8 2 23 46 33 6 0 0 
6 2 52 84 43 0 4 6 
0 7 0 64 8 8 6 8 
4 1 69 52 57 8 6 9 
8 2 0 77 60 6 9 5 
4 7 21 19 43 7 4 9 
5 9 23 46 38 9 5 4 
7 1 26 74 23 5 1 8 
5 2 47 8 39 8 6 1 
5 3 28 78 13 2 3 6 
5 0 34 29 52 9 2 0 
0 3 44 52 79 2 1 5 
9 9 0 48 21 1 0 5 
9 4 25 34 67 4 5 9 
4 7 3 53 38 9 7 5 
8 5 46 66 22 2 2 3 
2 9 19 42 39 4 3 3 
0 0 28 30 45 4 1 2 
6 2 40 66 56 3 4 5 
0 9 45 36 69 9 1 5 
2 3 7 38 78 2 2 3 
8 2 30 58 59 9 6 1 
0 0 35 66 53 2 6 0 
1 9 17 55 63 7 3 1 
5 9 46 58 67 4 9 0 
6 0 58 54 36 1 7 8 
1 1 24 64 38 6 7 3 
3 5 13 64 47 8 7 4 
3 4 73 60 42 6 1 6 
0 3 42 40 74 9 7 8 
7 7 24 58 39 0 1 7 
5 1 19 28 45 5 2 0 
2 4 8 35 42 5 3 4 
8 4 8 56 73 2 9 7 
3 9 48 41 59 2 0 4 
7 9 27 49 37 5 9 9 
9 0 67 79 85 7 1 0 
4 1 92 63 76 4 9 2 
2 6 31 64 63 9 2 5 
6 9 13 50 22 1 1 9 
5 9 35 69 61 2 0 5 
6 0 41 33 35 2 2 6 
8 5 15 56 32 6 0 0 
3 6 25 22 74 6 2 6 
6 0 10 76 49 3 2 2 
0 3 26 35 37 7 2 3 
4 9 42 31 39 7 7 8 
0 1 28 48 53 6 9 6 
1 6 21 55 48 0 1 8 
1 7 16 67 36 7 5 3 
2 0 82 56 58 0 7 0 
9 4 23 26 74 7 3 2 
3 4 28 33 35 7 5 6 
8 4 52 84 67 0 7 0 
7 9 11 52 58 3 4 8 
3 6 0 28 53 7 1 0 
0 6 78 55 26 6 4 9 
0 1 46 21 28 4 4 9 
0 5 19 47 21 4 2 6 
8 8 34 40 0 6 0 9 
6 0 24 38 45 2 6 6 
9 3 34 37 45 3 4 1 
2 0 53 63 56 3 1 2 
8 8 64 38 75 8 6 3 
7 9 30 64 17 6 1 9 
5 1 5 60 43 4 9 7 
3 9 0 35 78 7 0 9 
1 8 46 65 53 6 3 4 
5 5 59 41 64 5 5 2 
6 4 32 48 51 7 6 3 
2 3 7 49 59 8 7 9 
8 1 25 74 25 3 0 1 
3 3 1 50 40 0 3 3 
5 0 70 17 46 1 8 5 
1 3 28 104 46 0 7 4 
7 2 34 37 35 7 8 5 
2 5 25 79 32 8 0 6 
1 6 24 73 2 3 5 9 
6 6 46 44 78 4 7 4 
8 8 31 65 58 0 2 0 
6 8 13 20 43 2 3 4 
9 5 6 91 78 9 3 2 
7 7 17 40 46 1 9 6 
7 2 35 52 70 7 2 9 
6 9 23 58 44 8 5 2 
4 9 43 73 83 9 6 3 
0 4 53 21 58 8 5 6 
5 2 52 55 60 5 6 3 
0 9 13 68 41 5 1 3 
0 4 41 26 78 7 8 4 
1 0 33 49 38 5 9 5 
8 9 38 67 9 8 1 7 
8 0 41 0 48 8 0 6 
4 9 48 71 61 7 9 3 
1 2 36 59 63 5 7 0 
9 8 27 55 58 3 5 1 
5 1 72 62 53 9 7 2 
7 2 31 43 28 6 3 2 
6 8 9 43 45 3 1 4 
4 1 23 3 68 7 8 0 
7 7 2 70 50 9 4 8 
1 1 28 48 68 3 9 6 
2 9 73 75 61 6 1 2 
9 2 76 40 59 0 0 5 
2 8 22 8 66 3 7 4 
3 6 49 34 22 4 4 2 
3 7 12 40 57 6 8 5 
0 3 35 83 64 4 7 9 
9 1 31 43 39 7 5 1 
1 3 36 53 35 2 9 7 
6 7 0 40 37 6 3 0 
9 3 0 80 54 5 0 1 
6 5 81 48 75 1 7 2 
6 5 45 77 12 0 0 1 
8 6 14 57 87 1 0 8 
4 1 41 43 43 2 5 3 
4 0 2 53 80 5 2 0 
0 8 37 69 29 7 5 3 
4 0 15 53 34 7 4 1 
7 4 9 57 47 1 1 0 
8 5 47 42 90 2 4 1 
5 1 38 57 57 1 1 8 
8 6 2 48 87 8 8 4 
6 0 59 33 35 9 5 1 
1 9 8 60 38 2 7 5 
5 2 52 32 72 4 0 6 
8 9 52 65 61 4 4 8 
2 8 16 68 55 4 7 6 
3 3 23 38 54 9 0 0 
1 7 16 32 50 7 9 8 
5 8 14 49 88 6 1 2 
9 9 50 52 37 9 4 2 
5 0 34 44 61 0 4 9 
5 5 43 31 37 3 4 7 
5 4 43 65 29 2 6 7 
1 3 56 44 55 9 1 9 
0 5 44 45 43 7 3 3 
2 9 27 42 22 9 4 1 
5 0 28 8 52 5 0 0 
8 3 35 31 30 3 2 4 
9 4 1 65 43 4 0 5 
2 9 65 40 47 8 1 9 
0 8 40 37 14 4 9 5 
1 6 49 43 62 3 3 9 
8 7 35 46 14 5 0 3 
6 8 53 21 36 1 9 4 
9 5 0 33 67 4 7 1 
5 8 16 75 71 9 9 9 
3 5 32 70 51 0 5 3 
4 1 12 57 57 5 1 4 
7 4 6 23 47 0 0 4 
8 2 31 15 43 9 6 9 
9 8 31 14 60 4 5 7 
0 5 52 44 20 2 8 0 
0 9 16 35 41 5 3 6 
9 6 20 37 83 9 9 1 
5 6 30 55 42 4 3 3 
1 1 51 50 46 4 1 2 
0 4 30 44 69 1 1 3 
7 8 30 45 78 3 2 0 
9 9 25 34 52 9 0 9 
5 0 12 64 45 2 2 8 
6 1 29 56 33 4 8 0 
4 1 38 62 28 4 8 1 
3 6 33 15 108 4 5 0 
7 1 38 63 52 3 5 7 
8 1 15 54 68 6 6 2 
9 4 36 61 14 3 5 2 
8 4 5 75 54 2 4 0 
7 9 44 55 37 5 1 5 
7 6 36 66 62 3 9 0 
0 2 1 39 30 7 5 7 
2 8 11 68 57 6 1 5 
8 1 0 72 40 6 9 5 
5 8 49 62 91 1 5 3 
0 7 15 76 41 6 7 8 
2 7 40 40 58 6 2 3 
7 1 9 63 46 4 3 3 
5 7 36 27 49 4 9 3 
5 8 53 67 69 3 5 2 
5 9 30 48 43 1 3 4 
1 2 24 37 27 5 0 3 
4 6 11 27 33 1 4 0 
0 1 8 47 69 0 6 4 
7 6 50 66 56 6 3 3 
9 0 16 78 45 3 4 1 
2 2 32 57 35 4 0 9 
2 5 32 61 43 5 4 2 
4 7 24 23 59 6 1 8 
1 3 31 2 41 5 7 2 
2 7 41 66 81 6 1 6 
4 9 26 83 62 1 6 3 
1 5 13 47 62 6 9 6 
0 9 59 33 75 0 1 8 
7 5 17 55 62 1 5 4 
1 4 0 66 28 2 2 2 
3 5 32 45 49 3 4 2 
9 1 43 28 59 1 3 6 
6 9 5 43 66 3 2 5 
0 6 37 66 39 5 7 5 
7 1 35 44 33 5 2 0 
6 8 2 69 21 7 7 3 
6 6 17 36 74 9 4 1 
1 0 10 10 38 0 8 9 
2 6 56 76 70 0 9 4 
2 0 30 21 63 8 5 5 
2 5 55 35 78 5 0 1 
5 5 24 9 36 6 9 2 
2 6 58 29 30 9 9 8 
6 8 28 87 58 5 5 0 
2 2 46 19 10 4 4 4 
2 1 0 66 22 5 4 5 
7 8 13 65 54 7 7 9 
7 2 34 71 36 8 8 6 
4 8 19 65 41 2 0 2 
2 7 5 44 59 3 5 8 
9 8 27 65 51 7 3 0 
7 0 67 58 35 8 2 4 
0 4 7 41 65 9 8 1 
0 3 56 68 46 3 2 2 
4 3 5 21 74 0 1 2 
3 6 17 48 51 2 9 3 
3 6 42 37 80 0 3 1 
7 2 52 27 37 9 8 8 
0 2 32 43 47 9 2 1 
8 3 16 74 97 7 5 6 
6 3 55 106 58 1 0 5 
4 7 32 39 63 5 7 6 
5 5 25 49 19 1 4 5 
1 0 29 75 42 1 7 9 
2 4 33 31 71 0 5 0 
4 6 44 73 38 1 1 0 
1 7 44 54 74 6 8 0 
3 8 39 69 34 8 0 4 
8 8 55 59 22 3 7 6 
0 8 35 43 98 2 8 8 
3 3 54 31 35 1 8 8 
7 6 38 35 15 5 4 5 
7 9 56 70 23 7 8 2 
0 0 59 54 63 5 7 6 
8 1 64 68 2 1 7 8 
8 3 0 46 47 3 5 3 
7 4 38 37 55 8 2 7 
2 5 42 90 49 5 1 5 
2 5 38 82 62 4 7 3 
5 2 54 19 52 0 5 3 
2 1 6 43 44 6 7 0 
5 6 30 105 26 1 9 6 
3 5 0 50 38 8 3 8 
6 0 52 56 14 0 6 7 
0 3 26 76 0 3 1 8 
9 6 36 36 58 6 7 3 
1 7 21 24 36 9 3 9 
7 1 46 35 40 5 0 5 
4 7 61 56 58 8 5 2 
6 6 65 25 19 0 5 3 
9 9 46 33 54 6 4 9 
5 3 40 53 53 4 6 3 
4 2 10 55 56 7 5 7 
0 2 9 80 44 4 9 4 
7 6 0 39 30 5 6 9 
7 3 11 57 76 9 6 6 
3 1 16 87 51 2 8 2 
3 6 10 50 33 1 0 5 
0 1 26 55 54 7 2 3 
6 9 54 39 21 1 1 8 
0 4 34 35 55 9 0 1 
4 3 47 41 64 8 3 9 
4 5 40 75 49 2 7 3 
3 8 1 48 97 5 1 5 
2 3 28 31 64 4 2 6 
8 2 39 34 65 3 8 9 
0 3 76 44 48 3 8 9 
5 5 39 52 38 0 1 0 
1 3 32 34 51 0 5 8 
0 2 30 28 66 0 2 2 
5 1 38 42 71 6 0 4 
3 0 23 95 38 6 3 7 
1 4 9 47 68 1 6 7 
4 7 0 41 33 3 1 0 
4 1 0 80 9 1 8 2 
5 3 44 51 10 4 2 8 
7 6 27 76 10 8 9 3 
8 7 28 78 50 9 5 8 
0 4 0 62 36 4 0 1 
2 5 59 81 36 6 2 6 
9 4 0 54 37 4 1 3 
5 9 15 37 73 9 9 8 
4 3 49 59 31 2 8 6 
2 8 40 44 61 9 4 5 
3 0 32 19 85 7 4 5 
0 3 10 82 59 6 9 5 
6 6 34 68 70 9 7 1 
3 7 36 38 66 8 5 0 
7 0 0 41 99 4 2 8 
2 8 13 83 56 2 2 7 
9 9 45 67 56 1 1 6 
3 3 16 14 37 8 1 0 
9 4 24 60 54 2 6 3 
6 2 65 50 8 4 4 6 
1 9 47 45 32 4 1 9 
3 2 34 6 81 4 3 8 
6 8 0 71 81 9 6 0 
4 6 37 70 45 6 4 0 
6 0 45 58 64 8 6 8 
0 0 0 0 0 9 4 9 
8 5 36 34 70 8 2 8 
2 2 21 39 45 4 7 3 
3 6 25 62 81 0 0 4 
9 1 30 28 67 8 7 1 
7 1 43 42 73 7 6 7 
1 3 20 25 21 5 0 1 
7 5 41 48 62 7 9 3 
0 8 34 61 70 5 2 2 
6 8 25 49 42 7 1 7 
3 7 0 53 24 9 9 8 
3 9 3 29 68 3 4 4 
3 1 44 79 76 9 2 4 
1 1 0 89 39 2 6 1 
6 6 22 48 33 5 4 5 
4 9 44 50 44 5 4 0 
8 7 58 49 42 6 5 1 
0 2 19 87 29 0 5 7 
6 0 36 33 46 8 9 4 
2 2 30 57 31 7 4 7 
8 4 16 34 19 6 0 9 
7 4 11 40 30 8 8 9 
1 9 30 59 67 1 4 0 
6 5 0 66 34 8 3 1 
9 0 0 80 89 4 4 5 
3 1 4 35 49 7 8 6 
6 4 25 41 10 7 4 7 
6 1 36 40 48 6 3 5 
5 9 31 37 32 5 4 9 
5 2 37 66 39 8 1 6 
7 8 38 55 36 6 3 6 
9 1 25 64 63 7 8 8 
5 9 0 50 61 1 5 4 
7 7 16 46 22 9 8 6 
7 2 22 37 3 9 9 2 
7 5 16 76 88 0 5 3 
7 3 40 27 56 3 9 0 
7 0 35 93 38 3 5 5 
9 1 6 45 33 7 6 7 
2 9 20 95 22 9 1 6 
1 3 3 38 54 8 1 0 
8 8 57 16 60 7 8 0 
6 4 33 82 39 1 3 1 
4 0 29 73 39 0 4 8 
2 6 33 87 65 9 9 1 
4 0 67 55 12 2 2 8 
8 4 36 64 42 7 7 0 
6 1 10 47 89 1 6 3 
1 8 21 17 57 9 0 5 
0 2 1 59 30 8 0 0 
2 4 35 58 23 3 0 4 
8 8 8 29 72 5 8 2 
9 7 36 22 68 1 7 0 
3 8 24 49 36 0 2 3 
0 6 47 55 70 6 8 5 
4 2 28 35 39 8 9 2 
5 6 52 65 39 3 6 8 
2 7 13 43 28 3 3 0 
8 9 40 18 57 4 2 6 
4 8 38 50 70 3 7 2 
9 9 0 38 32 9 9 1 
6 5 20 49 74 4 6 6 
3 5 23 43 46 9 7 9 
3 5 43 35 21 9 8 6 
9 7 20 32 68 5 5 8 
7 4 30 31 41 6 1 3 
3 3 29 44 58 0 3 2 
6 4 26 37 65 9 3 3 
7 4 40 39 38 8 9 7 
7 3 0 31 76 6 9 3 
8 3 32 57 35 1 3 1 
0 8 40 52 8 6 2 5 
4 5 48 38 33 2 5 9 
6 8 55 65 32 7 9 0 
6 8 41 57 44 4 7 5 
6 6 34 38 45 1 4 6 
4 8 63 0 79 9 2 0 
1 3 31 74 76 1 5 2 
0 3 30 23 50 6 3 3 
8 2 9 60 44 5 3 3 
3 4 31 32 93 3 0 5 
1 9 46 23 48 9 1 4 
7 0 36 80 53 6 3 9 
9 7 20 66 39 1 7 4 
6 7 61 36 16 8 5 4 
9 0 62 47 37 6 9 1 
1 0 6 70 28 4 2 0 
1 7 36 37 71 0 5 5 
8 7 30 44 46 0 6 8 
6 8 30 47 30 8 8 5 
2 2 37 18 39 5 5 8 
8 2 0 62 98 5 6 1 
3 0 10 76 50 6 4 5 
3 1 25 16 44 0 5 7 
8 7 28 37 56 3 0 5 
8 8 31 84 54 5 8 5 
9 3 13 26 38 4 8 5 
3 3 13 26 56 8 6 5 
0 7 44 62 87 2 7 6 
0 5 3 41 54 2 3 1 
6 7 23 37 8 0 1 0 
6 2 15 54 8 6 0 8 
4 7 36 48 32 3 5 3 
6 5 13 48 54 0 3 5 
7 7 9 85 50 2 6 1 
3 8 46 52 31 1 6 8 
8 3 54 79 65 3 1 0 
7 1 11 47 24 7 3 9 
5 7 32 65 60 0 1 6 
5 6 0 73 45 3 4 1 
4 8 42 62 86 3 1 5 
5 1 22 73 92 1 5 9 
2 6 54 81 39 7 9 1 
0 5 23 49 17 1 7 1 
1 2 26 30 47 0 7 4 
8 0 0 62 43 6 8 1 
7 6 30 36 11 8 0 3 
8 7 6 15 36 7 1 1 
2 1 31 34 50 5 9 6 
7 5 59 73 39 5 5 5 
5 6 16 84 38 2 7 1 
7 0 43 33 62 1 2 1 
5 9 21 53 66 7 4 9 
2 8 28 69 51 1 8 9 
2 0 0 74 44 6 4 1 
6 8 37 42 18 0 0 7 
3 3 33 25 78 8 2 8 
7 0 40 38 81 0 7 0 
9 3 57 29 35 9 3 7 
4 0 48 30 93 6 5 0 
4 4 0 93 65 6 7 5 
5 1 34 30 56 9 7 8 
8 4 11 24 24 6 4 4 
1 8 32 19 62 3 7 9 
4 9 22 57 68 5 2 6 
6 7 38 41 61 4 0 1 
9 0 51 42 66 7 1 3 
4 4 0 77 50 7 3 6 
1 1 38 44 27 0 1 7 
7 4 9 2 33 1 3 5 
5 4 14 21 42 4 6 8 
7 3 46 21 25 1 5 0 
6 8 15 17 80 4 5 3 
5 1 42 44 38 9 1 3 
3 1 43 58 34 6 8 2 
2 3 23 96 39 1 9 9 
6 0 23 69 61 4 7 7 
1 4 13 74 12 1 7 1 
3 4 0 39 80 7 4 4 
3 2 19 90 59 2 3 2 
9 7 40 44 38 5 6 2 
8 7 19 37 62 6 5 8 
3 8 39 79 47 1 7 1 
1 9 6 64 36 2 7 6 
1 1 39 36 58 7 4 6 
6 2 0 64 17 0 3 2 
7 4 2 48 42 6 9 4 
7 6 48 49 56 1 7 9 
3 2 22 84 67 0 8 0 
3 5 13 80 52 7 9 4 
7 5 22 63 38 3 0 9 
2 5 50 74 78 9 7 5 
7 1 31 58 41 3 1 3 
4 6 5 97 42 8 5 0 
7 9 0 62 59 1 4 0 
4 9 45 33 45 9 3 0 
0 5 1 42 61 4 5 7 
9 7 31 31 47 5 5 5 
1 6 10 17 72 0 8 2 
9 0 22 51 52 6 0 6 
9 9 46 66 78 3 0 1 
7 0 23 71 22 9 6 4 
8 1 3 70 55 9 6 1 
2 2 23 22 29 5 0 4 
7 3 37 65 52 7 5 1 
9 8 25 56 66 4 7 0 
6 6 26 87 51 1 3 2 
1 5 41 36 17 9 2 5 
7 6 37 22 53 3 7 7 
6 0 37 33 72 0 2 6 
5 6 34 44 53 0 6 8 
3 6 34 31 53 8 7 1 
0 7 25 35 47 5 0 6 
8 3 44 36 83 3 5 6 
7 2 43 35 22 4 4 5 
4 7 31 55 53 6 9 4 
2 2 15 54 45 2 2 6 
6 8 66 27 43 2 1 8 
1 1 58 65 17 5 6 8 
0 5 56 39 50 3 2 1 
2 6 39 61 19 7 1 1 
7 0 35 60 24 3 3 7 
1 8 28 51 60 6 3 5 
3 1 49 62 43 3 2 7 
1 4 0 51 48 3 2 8 
8 5 0 54 64 7 3 2 
3 9 34 64 58 4 5 6 
8 0 39 68 48 6 2 9 
3 7 27 50 57 0 6 2 
9 7 42 0 71 6 1 8 
5 2 26 33 55 7 4 4 
3 2 0 18 58 2 5 7 
3 2 29 19 38 5 6 6 
5 7 9 31 59 1 0 5 
9 7 32 57 76 9 2 6 
3 9 40 31 60 0 9 5 
9 9 47 61 89 7 8 9 
2 7 12 34 63 5 2 7 
8 3 18 32 72 4 7 0 
7 2 1 38 48 6 6 6 
6 2 40 67 41 3 5 9 
0 9 50 35 63 1 4 9 
1 3 37 37 36 5 3 3 
4 1 21 32 83 8 3 2 
2 2 27 67 69 9 5 8 
1 4 7 23 44 4 5 8 
9 0 49 53 46 4 3 3 
2 9 19 13 68 5 1 4 
6 8 22 57 65 8 9 6 
5 2 46 45 44 7 2 9 
7 7 30 59 52 1 0 5 
2 9 9 45 44 3 8 9 
6 9 0 59 31 3 5 5 
0 9 18 9 24 7 8 4 
0 8 13 45 37 6 9 5 
0 2 14 52 77 1 7 1 
7 5 15 45 37 5 9 7 
7 1 29 30 65 1 4 9 
9 3 38 56 49 6 9 3 
3 5 28 38 51 0 2 2 
1 2 76 12 65 6 5 5 
1 4 30 45 69 3 6 0 
9 1 67 56 62 9 4 9 
6 3 30 25 24 5 0 3 
7 5 15 55 44 5 8 4 
3 3 9 47 58 1 3 8 
6 7 49 22 66 9 9 8 
7 8 9 23 54 7 3 7 
7 1 18 69 33 2 0 8 
5 4 6 51 87 6 7 7 
8 7 18 36 77 0 7 4 
9 6 14 35 65 4 9 8 
5 3 0 54 58 4 1 7 
4 7 26 40 84 3 0 3 
2 3 25 51 43 0 3 1 
0 4 9 26 61 4 7 0 
7 2 42 75 51 4 6 5 
5 2 8 73 13 3 2 3 
1 9 38 31 37 6 7 8 
0 3 23 51 49 6 7 0 
2 9 59 37 97 4 6 2 
2 6 43 79 38 5 5 4 
4 9 15 72 60 8 6 4 
4 7 39 42 54 5 2 2 
1 5 0 61 68 0 2 6 
6 7 10 20 66 2 4 1 
3 3 68 81 34 1 1 5 
7 4 33 39 38 0 5 1 
6 8 24 79 49 1 4 3 
2 8 3 61 70 0 6 1 
2 7 55 74 74 0 4 2 
5 4 14 53 51 8 8 2 
9 8 25 6 36 8 1 3 
6 2 32 40 45 0 7 5 
9 6 37 59 20 8 9 4 
8 5 57 21 30 1 8 1 
4 9 14 53 47 4 0 3 
7 7 9 71 66 2 5 4 
8 4 11 85 49 4 3 3 
6 5 32 52 47 3 7 6 
0 2 0 61 43 7 3 3 
1 0 28 79 46 2 4 6 
6 8 30 56 50 3 7 3 
3 4 36 34 39 0 6 7 
2 4 16 51 59 8 0 3 
3 3 25 44 67 6 3 2 
9 1 3 54 47 6 2 3 
0 8 55 67 63 3 6 3 
0 0 25 61 51 9 9 5 
5 7 76 85 30 6 7 6 
3 6 21 76 55 6 6 1 
0 7 30 20 50 3 7 7 
2 7 39 39 30 0 6 0 
4 1 45 23 63 8 9 0 
3 5 9 60 42 9 8 9 
6 0 26 64 58 6 9 2 
2 0 14 61 51 1 5 4 
3 7 81 62 29 3 6 4 
6 1 77 14 65 3 9 3 
8 7 45 67 55 0 6 4 
0 1 4 33 58 0 4 5 
0 8 38 49 74 9 3 9 
8 4 75 43 60 0 4 8 
1 6 18 59 38 5 7 2 
7 7 0 39 65 8 4 9 
4 0 18 52 47 4 4 6 
2 6 2 44 48 9 2 6 
9 0 25 50 89 9 6 0 
9 2 60 58 26 3 2 9 
7 1 21 53 65 5 3 4 
1 7 47 68 19 7 8 8 
6 9 30 47 23 6 0 8 
5 6 23 71 31 4 2 1 
1 7 31 63 42 6 0 8 
2 1 14 65 42 4 2 6 
4 9 18 39 68 8 0 6 
6 1 19 42 0 5 4 3 
5 0 0 41 4 7 3 7 
7 5 32 11 26 1 6 5 
2 9 6 69 14 7 4 1 
2 3 24 44 36 2 4 4 
1 8 42 73 57 9 3 3 
0 3 44 29 31 9 2 7 
6 2 22 45 25 4 1 6 
7 7 51 55 71 5 1 4 
6 7 17 55 57 7 1 3 
0 8 37 45 34 8 0 9 
2 0 22 37 85 0 9 1 
9 9 15 58 54 3 4 7 
0 3 19 67 52 7 9 2 
6 9 12 35 4 6 6 3 
6 7 38 55 49 2 0 2 
6 2 23 50 54 5 1 8 
1 7 0 88 12 2 0 9 
8 5 61 39 41 4 0 5 
6 6 47 62 43 3 7 0 
3 0 31 72 26 9 3 5 
4 6 49 30 11 5 4 5 
2 0 6 68 67 1 1 5 
1 1 5 30 11 3 1 9 
6 6 41 20 55 4 8 0 
1 4 31 0 46 9 4 2 
4 9 0 49 57 0 3 4 
2 3 17 45 66 5 2 5 
7 2 63 38 35 9 4 3 
2 5 28 65 34 8 1 6 
9 3 58 84 40 6 9 1 
0 7 16 47 77 2 2 3 
9 7 65 51 58 7 9 9 
5 8 74 63 25 5 5 4 
7 6 35 92 46 3 6 3 
0 8 46 14 43 7 9 3 
3 5 59 70 67 3 2 4 
1 1 6 70 37 9 3 2 
9 3 33 56 51 2 3 9 
9 7 36 34 11 2 2 7 
7 5 35 42 64 6 0 8 
3 6 31 28 4 1 9 5 
4 3 16 58 60 7 3 4 
2 6 16 45 31 5 7 0 
6 0 27 14 18 7 3 5 
4 5 40 56 37 6 9 3 
1 5 21 31 87 4 7 1 
2 7 5 87 37 7 4 5 
6 3 36 82 26 0 3 6 
2 4 2 29 45 5 7 6 
1 6 76 49 38 2 2 6 
2 7 55 47 67 5 3 8 
6 7 58 36 89 8 4 0 
8 0 5 41 68 2 6 8 
5 3 64 78 53 0 8 8 
7 2 0 38 32 2 5 4 
3 7 31 40 91 6 3 7 
4 4 0 78 38 7 6 3 
0 2 0 49 31 3 8 6 
1 8 25 50 68 5 5 0 
4 7 31 55 41 8 1 7 
0 1 61 48 57 9 2 8 
8 7 48 16 48 5 9 1 
6 7 45 33 89 5 5 2 
2 8 83 76 73 6 9 3 
8 7 7 60 50 3 5 9 
7 2 9 60 55 9 4 2 
4 6 21 44 45 8 3 6 
4 7 52 40 14 3 8 6 
0 3 0 58 84 2 4 9 
5 3 26 25 54 5 3 8 
4 5 28 3 49 8 9 9 
2 7 56 31 41 6 3 3 
2 2 35 55 29 1 0 2 
5 9 0 33 85 9 6 7 
7 9 51 32 17 2 3 2 
7 3 40 35 63 7 6 5 
8 0 58 65 50 2 7 8 
2 6 39 74 52 2 0 6 
1 9 26 71 77 0 1 3 
4 5 24 21 61 5 6 0 
5 9 0 17 33 2 0 6 
6 4 11 0 7 7 1 5 
0 0 30 23 80 3 0 8 
8 2 51 1 56 7 6 8 
2 8 51 58 52 6 5 5 
6 3 6 84 49 8 6 4 
3 5 37 29 78 9 7 8 
8 6 64 45 73 5 7 1 
6 7 28 39 48 2 2 4 
5 9 65 56 10 5 2 4 
5 2 58 36 59 8 3 1 
2 3 5 32 59 9 3 4 
3 2 68 24 41 6 4 6 
4 8 7 65 66 9 2 4 
0 3 63 47 31 1 6 2 
1 8 27 80 60 3 2 0 
4 4 29 52 29 6 1 1 
7 2 15 42 45 6 6 7 
6 0 59 52 37 6 2 2 
7 1 41 66 36 6 8 5 
0 8 13 20 73 9 1 2 
5 4 85 16 61 0 8 9 
7 2 43 60 82 2 3 7 
7 9 51 25 30 3 3 9 
7 6 10 70 44 9 3 3 
6 4 20 38 39 9 2 6 
2 0 56 51 70 2 2 8 
5 6 22 63 70 9 3 1 
9 7 14 71 11 1 9 7 
3 3 38 77 53 7 6 0 
0 3 30 63 50 0 4 9 
8 0 37 56 30 6 9 5 
5 1 24 8 49 5 8 7 
2 4 31 70 82 2 5 3 
4 0 39 92 67 6 8 2 
4 8 43 21 29 7 7 5 
3 6 48 52 48 5 3 1 
1 8 61 45 81 7 9 9 
3 0 16 51 53 0 0 9 
0 0 50 53 69 6 3 2 
6 8 11 36 0 6 8 2 
8 6 0 62 67 0 1 2 
9 6 0 26 36 3 8 4 
2 0 22 48 25 2 4 0 
9 1 29 77 35 6 2 9 
9 4 12 49 52 1 9 3 
6 8 11 69 79 0 4 9 
8 8 35 30 49 6 0 7 
2 0 3 67 46 2 0 7 
8 1 24 63 62 0 0 0 
5 4 50 59 69 1 4 6 
3 0 47 50 25 4 9 0 
0 5 10 11 11 4 7 2 
3 8 23 55 17 1 6 9 
1 1 48 21 62 5 0 2 
4 4 0 40 54 7 0 4 
7 7 7 58 58 4 5 7 
0 1 29 57 61 3 3 9 
8 5 70 49 54 0 3 9 
1 0 85 0 35 1 8 4 
5 7 29 70 67 9 7 4 
8 8 49 21 40 5 3 0 
5 1 4 32 38 6 2 9 
7 4 24 51 37 4 8 5 
1 8 13 31 50 7 5 8 
1 1 2 79 36 6 2 6 
1 3 15 28 37 3 2 4 
0 9 16 40 61 9 6 3 
2 9 28 73 54 6 5 3 
7 0 26 39 46 0 9 1 
8 7 73 67 22 6 3 7 
3 0 0 31 59 4 6 5 
3 4 15 20 53 3 6 9 
0 8 30 43 14 4 8 6 
7 8 35 69 69 4 2 8 
3 2 21 35 33 1 8 5 
9 8 32 37 89 6 3 2 
6 4 19 59 60 8 9 9 
4 0 13 31 73 5 0 4 
3 8 22 26 50 5 3 4 
2 6 56 60 65 7 9 2 
6 0 0 56 75 3 4 3 
0 3 23 53 77 1 7 9 
2 4 48 21 56 6 9 2 
6 4 77 69 67 8 8 7 
6 1 8 42 76 2 4 0 
7 2 28 45 63 5 7 2 
4 2 29 29 52 5 7 6 
5 1 21 21 38 4 9 0 
1 1 52 80 80 2 2 3 
6 4 63 68 54 2 9 7 
4 4 27 67 44 5 2 2 
5 6 34 58 51 5 9 1 
1 6 38 42 21 3 6 4 
1 5 22 28 47 4 6 6 
4 8 65 27 21 6 9 6 
2 3 13 47 82 9 4 2 
8 9 15 70 57 0 5 4 
6 3 42 58 65 7 3 1 
5 2 32 60 21 7 2 2 
3 1 35 59 23 7 8 9 
3 3 18 44 39 6 4 8 
7 5 30 59 70 8 0 2 
8 5 16 71 31 2 7 6 
9 2 23 52 51 4 4 5 
4 9 36 24 72 5 3 8 
6 7 28 23 51 0 8 3 
1 0 42 1 69 6 3 8 
8 3 32 61 49 7 3 6 
3 7 45 37 59 0 9 7 
7 5 34 57 40 4 7 8 
8 1 38 19 68 9 1 9 
0 5 33 41 34 5 9 2 
