8 4950
1 7 58 70 55 3 4 1 
5 1 44 57 45 2 9 4 
5 2 42 57 22 2 9 4 
5 6 25 66 42 9 7 4 
0 0 15 66 56 7 7 5 
9 2 77 48 48 1 1 1 
0 1 25 56 48 7 5 6 
7 1 21 49 27 4 9 4 
4 4 8 43 68 2 4 6 
8 5 48 28 63 1 0 7 
9 9 47 78 41 7 8 2 
2 8 53 52 64 4 1 1 
7 6 9 51 57 6 4 5 
7 6 31 26 56 5 8 3 
8 4 25 3 31 7 0 8 
6 6 29 60 53 7 4 4 
7 8 0 58 52 4 2 1 
0 9 1 45 53 4 0 3 
3 9 8 11 36 0 2 9 
3 8 76 67 52 3 4 3 
7 5 47 63 10 8 5 6 
1 0 25 37 39 0 7 2 
7 0 39 25 60 7 4 6 
6 2 38 57 79 7 3 7 
1 1 26 53 25 2 9 6 
3 8 23 47 58 7 4 5 
5 4 0 62 39 3 8 9 
5 0 65 31 36 9 9 6 
1 7 10 51 19 9 7 1 
3 0 0 64 58 0 6 2 
5 4 35 86 34 1 8 8 
3 9 14 20 60 2 9 4 
3 5 8 36 9 8 0 1 
7 5 23 43 55 3 5 7 
6 5 26 58 49 9 8 5 
6 6 4 38 28 7 7 5 
8 3 23 46 19 3 4 2 
9 6 35 54 50 6 7 3 
0 5 56 49 25 2 4 1 
2 1 15 60 28 9 6 9 
7 5 23 67 71 8 9 0 
9 0 0 46 36 0 4 0 
6 9 2 32 79 2 2 4 
5 6 19 35 79 4 3 3 
6 8 31 71 19 1 9 1 
2 8 33 50 27 7 3 4 
6 5 34 49 75 7 9 0 
2 7 45 51 40 2 8 7 
2 4 39 20 60 1 2 1 
7 8 26 42 29 9 8 3 
2 2 16 49 57 3 4 3 
1 4 5 26 60 6 6 1 
5 0 57 74 25 1 2 1 
8 0 29 49 41 7 6 2 
6 4 0 58 48 6 9 6 
4 3 24 27 38 0 4 6 
9 4 14 63 0 3 1 5 
4 6 61 62 95 3 0 7 
8 4 51 109 20 3 5 0 
5 1 69 73 43 9 8 7 
7 5 59 40 34 9 6 2 
6 8 23 58 28 1 6 0 
9 9 18 45 73 6 3 4 
4 5 27 54 32 5 3 9 
2 7 15 37 46 6 5 5 
9 1 23 55 46 7 7 7 
0 9 37 45 40 9 6 7 
3 3 0 16 47 1 1 5 
0 5 64 77 17 8 9 3 
0 8 26 57 54 6 8 8 
1 3 40 76 46 5 4 0 
9 9 21 58 69 3 5 8 
6 3 14 84 52 8 0 2 
5 9 13 43 93 9 2 1 
4 4 27 65 73 0 5 5 
4 2 37 74 45 1 7 0 
3 4 49 43 36 8 1 2 
6 3 42 66 34 1 4 0 
9 5 29 95 15 2 2 6 
6 2 28 32 96 0 7 4 
9 0 59 43 7 6 7 8 
4 8 66 62 26 8 3 1 
5 3 26 55 65 4 3 2 
1 5 48 58 87 0 5 2 
2 1 13 30 77 1 2 9 
0 0 24 35 42 5 5 3 
0 7 42 41 56 4 6 2 
8 9 29 32 66 9 0 1 
6 0 36 70 13 2 0 5 
4 7 15 62 28 4 7 0 
3 0 24 65 46 6 2 7 
5 2 7 58 62 7 0 6 
0 3 4 66 50 1 2 4 
2 2 0 31 73 7 4 6 
3 1 48 27 30 3 2 5 
7 4 60 45 34 5 4 7 
0 7 0 50 85 4 3 0 
8 8 51 63 64 5 0 9 
0 8 0 19 81 7 0 0 
6 2 11 78 44 6 7 4 
2 4 22 27 52 5 8 5 
6 2 0 66 50 8 8 8 
7 5 12 23 47 3 0 9 
3 6 11 36 84 3 8 2 
8 6 48 11 86 1 7 2 
7 4 25 38 72 3 6 2 
4 9 44 80 37 7 3 5 
1 4 46 67 14 9 2 5 
6 9 41 30 38 5 6 7 
1 1 38 64 45 3 8 3 
8 9 21 57 74 0 2 7 
9 3 65 39 78 6 5 8 
5 1 12 49 77 1 7 6 
2 9 38 55 43 5 2 6 
7 6 18 52 37 3 2 0 
5 8 27 43 62 0 8 9 
8 5 47 43 61 5 8 7 
9 0 33 18 42 0 5 6 
8 3 35 31 34 6 5 4 
5 7 36 25 37 3 6 9 
4 7 33 4 22 9 9 3 
4 6 41 72 60 5 0 6 
5 0 15 53 34 5 7 6 
8 7 0 18 73 3 3 8 
6 9 7 70 30 9 1 6 
6 7 34 44 50 3 1 1 
8 8 35 44 76 2 9 9 
2 7 6 37 80 1 2 6 
8 0 24 91 24 8 0 3 
5 1 47 79 16 3 1 8 
6 9 40 35 58 7 7 4 
2 5 79 75 72 5 3 7 
5 0 3 36 54 3 5 2 
9 2 45 47 46 2 8 4 
7 0 27 75 70 9 5 4 
5 5 23 78 43 9 5 4 
6 6 22 84 65 3 1 9 
4 8 37 49 23 1 1 1 
1 0 22 58 44 7 1 3 
7 9 14 10 75 9 4 0 
3 8 50 95 65 0 9 5 
8 5 15 49 28 7 7 7 
6 0 28 19 46 2 8 9 
8 4 39 51 65 9 8 8 
2 6 8 38 65 5 9 7 
4 8 18 48 68 3 2 1 
5 9 7 31 81 3 7 8 
5 3 36 44 45 7 8 8 
2 1 0 72 60 8 8 7 
5 6 12 34 24 4 4 8 
4 1 22 65 46 6 4 3 
2 0 30 67 34 0 9 1 
8 2 28 29 32 9 2 4 
1 7 28 44 45 0 7 8 
9 9 43 38 41 5 0 7 
8 8 43 80 56 5 7 8 
8 4 18 49 54 2 0 3 
2 7 0 50 50 2 3 4 
5 4 59 39 57 2 7 2 
8 9 41 101 31 0 7 2 
8 9 8 58 65 2 9 8 
9 9 28 36 55 8 5 0 
0 5 29 49 63 3 4 5 
6 4 22 41 28 1 9 0 
3 4 28 80 25 3 7 3 
3 1 17 73 43 6 6 3 
4 0 26 83 50 9 7 7 
3 6 23 52 81 8 3 1 
2 1 34 73 58 7 9 0 
1 7 45 41 60 0 2 1 
8 6 34 90 0 7 4 9 
9 0 10 71 56 1 0 5 
4 5 24 42 41 2 2 1 
4 5 5 66 46 3 7 6 
1 6 41 51 99 1 8 0 
8 7 33 62 47 0 2 3 
9 3 53 33 53 2 2 6 
9 2 8 64 40 5 4 4 
9 4 32 35 70 7 0 2 
8 6 9 47 75 5 1 0 
6 3 10 59 57 8 8 0 
9 9 21 70 44 8 1 1 
9 1 0 28 32 3 2 8 
6 6 39 38 44 6 0 1 
2 3 34 55 28 6 5 9 
0 8 27 72 73 2 8 5 
0 3 35 89 34 1 9 0 
7 3 46 21 47 2 7 1 
9 5 0 26 30 1 5 2 
0 0 29 36 34 2 0 4 
9 8 78 32 71 3 7 2 
0 3 15 22 37 3 3 2 
3 1 44 100 38 4 5 8 
8 7 54 17 43 0 1 8 
4 9 0 80 84 6 9 8 
5 8 43 56 29 8 6 4 
0 9 18 31 44 6 7 6 
6 9 40 48 19 0 0 3 
4 5 0 24 79 8 8 5 
4 0 20 34 39 1 1 1 
6 0 59 63 42 5 7 5 
7 6 21 67 21 3 7 2 
1 4 38 39 77 4 8 0 
1 5 34 45 30 5 8 7 
3 1 38 28 45 6 5 8 
3 3 15 28 55 2 6 9 
5 4 18 51 90 0 2 6 
6 2 23 34 45 9 1 5 
5 3 41 6 64 0 2 2 
6 0 32 91 54 5 8 4 
2 7 39 39 16 4 9 3 
8 4 25 70 39 4 3 1 
9 5 48 44 69 4 3 7 
5 5 3 80 10 5 9 5 
0 7 38 50 72 5 6 8 
0 6 57 76 57 7 7 1 
4 5 50 62 66 8 9 2 
3 0 39 72 40 1 0 3 
8 0 41 63 37 2 2 6 
6 9 19 38 91 9 8 3 
2 9 32 42 35 6 3 9 
5 2 45 39 15 8 6 5 
1 6 24 56 11 2 6 8 
0 6 38 54 44 4 7 1 
9 8 34 57 59 4 5 5 
4 3 16 34 32 1 8 2 
1 5 0 34 86 1 2 4 
2 8 23 25 15 4 2 2 
8 2 26 49 20 4 2 9 
8 9 24 91 21 8 5 8 
6 9 31 43 41 3 8 9 
7 8 0 44 61 8 7 7 
5 9 6 65 56 8 1 9 
3 7 10 40 77 7 5 7 
4 4 45 44 58 2 0 4 
1 9 0 61 84 2 7 3 
2 3 35 2 28 6 5 9 
7 4 30 29 43 7 8 9 
6 7 0 0 54 6 7 2 
2 8 37 30 20 8 1 6 
3 6 0 33 72 3 6 6 
6 9 33 26 62 1 8 8 
4 3 0 59 77 6 0 3 
5 6 64 32 51 4 4 5 
4 7 56 68 35 4 6 6 
0 6 28 55 79 5 7 0 
1 5 0 56 59 3 7 7 
9 8 28 70 32 5 2 8 
0 8 36 63 39 1 9 2 
7 2 2 81 40 5 5 6 
6 9 33 23 92 9 7 1 
5 1 21 66 35 1 0 3 
5 3 11 54 43 0 1 6 
0 6 51 58 41 0 1 6 
1 7 34 54 47 7 1 1 
5 1 6 60 56 1 1 9 
5 9 30 37 28 1 2 8 
0 8 69 66 68 6 5 9 
8 3 1 59 48 8 5 6 
2 7 45 47 46 5 5 1 
4 9 14 14 66 2 3 3 
6 4 35 73 36 5 9 6 
8 7 49 68 39 8 7 3 
0 8 47 73 56 7 7 3 
8 5 48 25 54 9 6 9 
8 5 18 37 89 1 3 2 
5 3 76 48 29 9 8 3 
3 5 55 55 27 7 7 7 
3 2 9 40 80 3 3 9 
2 0 18 37 48 3 4 2 
8 6 27 29 31 1 9 8 
5 7 36 45 30 0 8 3 
9 0 29 72 64 1 5 0 
5 9 43 58 69 3 3 0 
8 1 12 65 38 6 6 9 
6 7 29 38 30 6 5 8 
5 0 13 69 61 5 0 5 
0 8 35 33 78 6 2 5 
8 2 24 47 85 8 1 8 
5 0 47 31 27 3 5 3 
9 8 22 65 84 3 4 2 
7 6 10 66 44 8 9 8 
3 4 50 40 5 5 7 3 
2 6 47 41 36 9 4 3 
3 0 19 34 54 4 6 4 
8 2 39 44 43 2 8 1 
6 8 0 60 35 1 5 4 
9 0 24 66 27 3 4 1 
1 2 27 37 63 9 9 2 
2 4 70 54 61 7 5 1 
8 1 10 81 68 0 1 7 
9 4 14 33 53 2 8 7 
8 6 60 73 75 9 7 2 
6 8 31 68 11 9 9 4 
1 5 44 62 41 3 9 7 
0 6 63 43 89 0 9 5 
1 9 19 68 49 0 5 4 
3 0 0 40 76 1 3 6 
2 3 7 14 53 6 4 5 
5 4 27 48 57 9 2 9 
8 3 10 47 53 0 3 7 
7 5 37 33 29 4 6 4 
1 9 9 56 36 0 2 7 
6 6 42 88 92 8 4 3 
0 3 14 60 38 2 3 2 
8 1 19 64 65 9 9 5 
9 6 57 67 43 6 6 6 
5 0 41 26 36 3 1 4 
4 1 15 39 44 7 2 0 
7 8 0 34 32 5 3 0 
8 0 22 41 48 1 3 0 
3 2 27 51 30 6 2 3 
2 0 26 65 54 5 9 9 
9 3 3 63 31 5 5 3 
4 2 49 87 54 5 3 3 
2 5 11 83 47 9 4 3 
8 4 32 54 50 0 4 5 
3 7 55 53 52 2 2 3 
8 3 24 67 34 2 0 5 
5 9 34 49 39 7 1 9 
0 1 50 48 11 6 2 9 
7 0 24 70 66 5 3 7 
2 4 32 69 27 3 2 0 
5 6 40 44 62 7 4 0 
5 3 42 43 57 1 7 1 
0 3 47 25 38 1 5 0 
0 9 66 63 58 6 8 4 
6 0 48 31 27 1 5 0 
7 8 24 78 20 5 3 7 
8 6 0 92 54 4 4 5 
0 0 10 26 77 8 7 8 
0 1 48 61 27 1 0 5 
0 6 16 47 82 0 0 6 
1 3 77 34 25 9 1 4 
0 8 68 31 8 8 5 7 
1 9 6 54 60 8 7 0 
6 8 40 40 72 5 0 2 
4 3 31 15 53 4 2 8 
0 3 17 41 53 4 3 1 
6 8 47 51 54 8 3 6 
9 5 56 26 29 4 6 3 
6 9 22 25 67 4 9 6 
4 1 2 41 28 8 7 8 
0 9 21 47 87 0 8 1 
3 2 21 48 45 8 3 1 
6 3 35 6 42 2 0 7 
0 6 4 84 43 8 4 1 
4 2 42 41 14 5 0 9 
0 6 34 78 81 7 8 4 
8 6 52 80 57 5 3 0 
9 3 52 34 69 6 4 3 
1 3 9 27 30 6 2 4 
3 1 6 50 59 4 6 1 
1 0 36 26 54 5 3 2 
5 2 22 75 63 1 1 4 
8 4 43 41 9 1 5 3 
4 0 55 75 24 7 9 4 
0 9 20 58 31 1 8 5 
4 8 14 67 57 4 6 9 
4 2 40 36 68 3 1 8 
6 5 32 31 21 1 2 7 
4 9 57 56 56 5 5 4 
3 1 51 5 35 1 9 3 
3 1 40 53 80 3 5 9 
3 7 30 65 38 0 0 4 
4 6 49 43 83 7 2 0 
1 8 26 53 58 5 7 2 
4 1 24 62 22 0 4 8 
6 0 5 88 80 2 6 9 
0 4 68 44 17 9 1 9 
6 9 38 74 12 4 8 2 
4 4 8 37 51 8 0 2 
6 5 15 67 43 8 1 6 
8 0 0 69 6 0 8 0 
2 0 2 41 19 1 3 3 
2 2 47 58 46 2 4 0 
8 6 12 48 54 2 7 7 
2 4 62 19 39 8 8 8 
4 2 45 59 59 3 6 8 
6 3 1 47 59 8 0 2 
4 8 51 71 71 2 8 9 
4 3 23 38 56 3 7 9 
9 6 45 26 58 4 0 0 
2 3 38 51 57 7 9 9 
6 8 26 45 68 2 6 4 
3 4 13 6 36 7 7 0 
6 1 29 30 63 8 4 2 
0 1 57 58 47 0 6 4 
5 6 49 51 27 1 0 3 
0 8 22 36 25 5 4 6 
2 6 28 45 70 8 6 0 
6 5 19 51 49 1 9 3 
0 9 33 77 0 6 4 2 
6 4 50 51 78 4 9 3 
1 5 59 41 34 2 7 4 
6 5 60 35 39 8 0 4 
9 6 7 86 74 2 0 6 
3 1 56 81 40 1 5 0 
6 9 46 40 60 6 7 1 
5 9 38 69 45 3 8 4 
3 7 33 64 62 8 8 9 
8 9 21 38 104 3 1 3 
4 4 28 61 39 5 6 4 
6 7 1 79 30 8 8 8 
0 4 23 50 75 9 4 7 
7 7 28 79 26 5 1 7 
0 6 59 44 41 8 5 9 
7 9 55 52 33 3 0 2 
9 0 0 75 23 8 8 5 
0 4 32 45 22 1 3 8 
6 1 40 61 35 3 2 4 
1 6 0 33 73 9 7 5 
1 9 46 69 31 6 0 2 
2 7 16 36 65 0 9 4 
1 5 46 6 72 6 0 5 
0 7 37 35 49 0 2 4 
3 2 49 54 54 4 1 7 
5 0 37 36 59 4 2 0 
4 2 1 24 32 6 7 8 
6 5 51 74 50 1 8 8 
6 7 31 9 52 1 3 2 
7 3 0 39 42 0 6 6 
2 5 42 14 59 1 4 4 
8 0 50 62 68 7 7 1 
8 9 49 44 34 6 6 1 
0 4 20 20 73 7 0 8 
1 7 36 29 22 0 3 1 
3 7 10 29 52 2 4 6 
6 2 28 78 60 2 2 1 
4 1 11 39 63 4 1 7 
0 1 7 27 38 9 9 3 
0 1 34 37 34 0 7 6 
5 4 30 67 75 5 5 0 
9 9 13 59 55 5 4 3 
9 5 46 68 32 6 8 8 
8 1 0 40 72 1 6 1 
5 8 54 44 70 9 0 7 
6 8 42 67 60 8 5 6 
9 5 58 50 42 9 4 3 
8 4 69 83 70 7 2 4 
4 6 31 22 74 5 1 9 
6 1 44 7 38 2 0 9 
4 4 39 86 55 0 7 7 
8 5 20 43 72 3 7 9 
4 6 51 0 51 4 7 9 
3 9 32 52 32 7 7 8 
6 0 31 77 29 5 8 4 
7 6 49 32 82 1 8 3 
0 3 41 47 56 5 5 0 
3 8 0 32 36 4 3 5 
9 9 61 50 42 8 6 1 
6 7 6 52 46 6 3 6 
5 9 3 60 73 2 7 4 
1 0 11 50 39 5 7 6 
9 6 43 16 55 2 6 5 
1 3 20 59 76 6 0 2 
2 7 36 36 65 2 3 3 
1 2 11 62 75 8 3 5 
5 3 20 28 11 2 6 3 
9 5 6 45 60 3 4 3 
0 0 38 72 58 9 8 2 
4 0 3 8 41 6 8 0 
3 3 31 30 18 6 4 4 
7 5 13 84 24 5 4 8 
4 9 45 52 53 0 0 9 
2 2 41 56 23 2 1 1 
3 0 41 68 28 5 7 5 
9 3 17 53 44 3 4 6 
7 3 31 31 48 2 4 8 
6 2 9 28 21 8 3 4 
1 9 6 64 52 6 8 0 
1 7 0 54 42 8 8 5 
5 5 4 51 16 3 6 3 
6 4 55 2 67 8 4 2 
0 1 36 54 21 4 9 8 
7 7 44 51 9 2 6 0 
5 4 46 32 63 3 1 7 
0 9 23 16 36 7 9 6 
1 0 9 57 57 2 2 6 
4 3 52 65 44 5 2 9 
6 2 24 95 81 0 7 5 
8 8 55 62 54 8 5 9 
9 1 17 70 38 4 2 1 
6 1 27 55 66 2 3 7 
7 5 41 1 43 7 5 7 
0 8 32 100 71 2 4 2 
9 1 0 29 36 0 7 9 
7 0 33 72 14 7 5 2 
9 9 4 44 39 7 2 8 
6 4 36 67 40 4 9 5 
7 8 53 47 60 1 7 1 
5 5 27 35 39 2 7 5 
7 1 26 45 50 1 5 6 
4 9 72 56 38 8 7 0 
8 5 6 52 47 8 4 8 
6 0 30 50 45 6 1 0 
7 8 6 39 39 6 4 9 
8 9 82 42 19 2 4 7 
7 4 87 72 68 3 5 1 
1 3 39 71 64 2 5 4 
6 2 57 64 53 4 3 2 
3 0 38 40 65 1 7 0 
0 0 39 20 28 4 5 8 
3 9 20 11 41 4 9 0 
2 8 70 79 87 9 3 0 
5 8 51 19 51 3 7 9 
4 5 7 69 69 8 0 2 
2 7 8 50 50 8 9 1 
3 5 23 28 32 7 5 8 
7 2 63 50 85 6 3 7 
7 9 0 52 52 3 9 3 
4 8 61 30 79 1 1 2 
1 4 2 88 80 9 1 0 
7 1 22 40 56 1 0 0 
0 1 50 98 35 8 1 2 
8 3 2 47 57 7 1 1 
9 7 37 51 49 2 1 3 
1 7 50 6 63 5 3 0 
1 9 15 40 79 7 5 0 
2 8 48 57 36 7 4 3 
5 4 42 43 44 3 5 3 
2 9 20 33 74 7 7 5 
7 0 22 22 81 3 9 5 
7 6 40 47 77 4 5 1 
6 1 9 53 51 3 6 8 
2 7 38 87 53 0 6 9 
4 5 24 49 83 6 1 3 
0 1 50 73 45 0 5 1 
5 4 25 30 65 2 6 7 
8 1 24 28 50 2 4 8 
5 0 39 52 58 5 0 4 
5 2 0 45 38 3 1 7 
4 5 67 66 60 2 2 7 
6 9 46 29 54 7 7 3 
8 0 23 79 27 2 6 1 
4 8 48 51 70 1 0 6 
9 3 0 50 39 6 4 4 
5 3 9 40 40 4 7 0 
5 1 55 25 38 8 2 6 
6 2 25 71 31 5 1 8 
7 4 0 60 57 5 7 2 
0 2 24 34 59 6 0 1 
4 9 13 61 73 3 7 7 
4 9 37 80 85 2 8 6 
7 9 39 48 34 8 1 7 
4 8 0 63 9 1 2 1 
2 0 42 36 78 1 6 9 
4 0 18 40 44 9 7 3 
2 8 10 63 19 8 5 5 
3 3 38 90 33 3 0 6 
6 1 26 25 57 7 1 0 
3 5 23 34 58 0 5 1 
1 6 37 34 53 6 9 8 
9 9 0 71 31 0 0 8 
7 3 22 29 54 8 6 9 
4 9 44 57 70 1 5 0 
8 4 45 68 53 9 2 3 
4 4 28 38 30 5 8 1 
2 7 32 16 40 9 1 2 
3 1 0 41 57 8 9 0 
3 3 65 39 43 8 8 9 
7 0 25 77 59 8 7 6 
4 3 37 61 62 1 5 4 
1 9 36 79 65 8 6 5 
0 1 27 3 82 0 6 4 
5 7 0 30 74 6 7 7 
5 7 37 58 72 5 1 3 
4 0 44 54 39 6 3 5 
6 2 0 27 65 9 0 1 
1 1 76 40 28 5 3 7 
3 1 35 43 34 0 5 3 
4 9 40 63 47 3 1 8 
8 8 26 42 53 4 1 0 
1 5 37 46 85 9 2 5 
8 9 19 57 89 5 3 3 
9 8 36 21 67 2 1 0 
4 5 44 38 26 9 8 6 
4 5 25 30 44 6 8 9 
0 4 51 46 73 8 3 1 
6 5 50 71 76 6 6 8 
8 1 55 27 75 1 9 7 
1 2 57 59 39 2 1 8 
4 1 26 50 31 7 0 2 
4 5 0 45 55 9 8 9 
1 4 44 50 51 4 1 7 
6 1 26 54 49 3 6 6 
7 5 56 59 42 1 6 1 
9 5 1 48 18 0 1 7 
8 1 49 0 0 3 8 8 
1 5 41 77 0 1 9 4 
8 1 63 71 56 5 8 0 
5 8 3 79 25 5 4 1 
5 1 12 61 51 6 8 0 
4 4 45 40 59 4 4 4 
1 6 35 54 33 7 5 7 
8 3 56 56 39 7 5 2 
9 9 23 58 30 8 0 9 
8 3 31 19 24 4 0 6 
8 6 18 56 25 2 3 0 
5 5 36 72 42 5 7 5 
3 4 50 32 79 0 5 5 
0 0 0 57 86 4 3 3 
9 8 72 45 75 1 5 6 
2 9 38 81 41 2 6 1 
8 5 42 76 68 2 0 7 
9 7 18 15 62 0 7 2 
1 2 21 2 55 0 4 9 
0 3 9 53 79 0 0 4 
2 1 53 49 40 0 2 0 
2 6 29 29 31 0 0 8 
8 2 54 42 74 4 2 2 
4 9 39 39 44 2 7 2 
3 0 51 45 41 4 5 9 
9 6 29 52 49 7 1 4 
3 3 6 57 69 4 7 7 
7 8 31 10 63 6 1 9 
9 1 61 64 48 9 9 0 
3 4 49 29 73 6 0 1 
3 2 11 49 51 6 3 8 
8 6 20 10 36 6 3 4 
6 0 28 57 40 9 5 5 
1 0 7 30 34 2 0 1 
1 7 4 55 52 2 6 2 
8 1 25 38 62 0 7 0 
9 3 44 111 49 9 2 3 
1 8 40 65 53 5 4 6 
8 8 25 66 44 9 2 7 
0 5 10 64 38 0 4 9 
5 0 27 34 87 7 2 7 
6 9 14 68 39 6 8 4 
2 6 19 19 43 4 4 9 
8 7 11 6 44 2 1 1 
5 7 53 66 40 2 8 3 
4 9 34 83 49 0 4 0 
6 4 42 73 80 9 4 9 
1 5 0 47 51 7 5 2 
6 2 38 29 49 5 1 7 
5 6 30 39 27 7 4 2 
2 7 49 55 53 6 7 3 
9 0 46 45 66 8 4 4 
3 4 28 44 43 7 4 6 
0 5 16 36 92 5 1 7 
6 1 19 67 83 3 7 0 
1 5 7 80 69 4 1 3 
0 6 17 14 66 0 3 6 
8 0 20 66 43 5 9 6 
0 7 33 40 45 8 5 9 
6 2 57 20 24 6 6 6 
6 2 43 33 60 8 0 2 
5 7 0 80 83 1 9 0 
1 8 0 67 59 4 9 5 
7 2 57 71 34 9 8 3 
9 6 10 50 49 1 0 5 
0 9 32 51 77 7 8 1 
0 7 18 15 92 0 3 3 
0 0 37 46 65 3 8 3 
2 6 53 36 51 8 2 0 
3 1 67 20 5 5 1 4 
2 0 28 65 88 9 7 5 
4 9 36 80 44 1 6 0 
5 9 34 16 50 9 4 1 
4 8 22 48 61 4 4 5 
5 7 57 80 44 0 5 0 
6 2 0 44 44 7 8 0 
6 0 26 25 77 7 1 3 
0 3 0 34 51 4 3 9 
2 2 60 40 66 1 9 6 
8 1 34 20 52 2 9 1 
3 1 42 48 33 4 6 6 
5 9 20 74 46 7 7 2 
0 3 19 48 27 7 5 8 
6 9 40 54 78 3 7 8 
9 0 7 50 0 7 4 1 
7 9 25 42 89 1 1 0 
1 9 24 36 31 2 1 3 
5 4 43 35 54 9 8 3 
7 1 48 50 18 1 9 2 
1 4 47 49 59 0 9 6 
4 8 32 68 49 5 4 5 
4 1 27 68 69 8 8 1 
0 4 53 48 82 3 3 3 
9 2 43 62 48 8 9 5 
8 3 41 49 28 4 0 1 
6 5 75 32 27 6 6 2 
3 3 44 22 52 7 4 9 
9 9 15 44 51 7 4 1 
3 6 0 43 60 7 6 3 
1 4 56 38 42 8 3 9 
9 5 15 49 40 0 5 7 
5 9 55 48 62 1 7 9 
7 6 34 66 55 1 8 9 
5 7 12 48 40 6 6 5 
6 0 49 33 88 3 5 9 
3 0 54 44 61 4 3 8 
6 5 26 46 28 6 2 3 
3 2 28 57 33 5 7 9 
5 5 24 24 38 1 1 3 
3 1 72 77 57 8 8 2 
3 8 30 72 49 1 6 7 
9 6 15 64 39 9 2 2 
5 8 50 18 41 8 1 0 
4 9 65 6 36 2 8 0 
5 5 56 49 65 0 5 8 
4 6 40 63 75 1 6 4 
8 0 16 78 32 8 5 6 
9 9 26 45 45 6 7 3 
7 1 0 61 24 8 9 4 
8 9 26 28 83 1 3 8 
3 8 8 57 15 7 7 8 
2 7 12 103 27 7 1 8 
2 7 47 29 41 9 4 4 
7 3 28 85 55 3 6 5 
0 4 38 38 32 6 8 4 
5 2 0 61 36 8 4 1 
8 4 0 19 43 4 8 1 
8 1 44 70 64 7 3 1 
9 4 24 43 53 4 9 8 
2 8 36 36 16 8 5 2 
6 3 20 41 54 1 2 7 
2 6 4 69 45 4 3 5 
2 2 0 64 30 1 3 3 
2 4 40 50 32 9 3 0 
6 7 21 51 87 8 8 0 
2 4 47 26 55 8 1 2 
0 6 0 55 18 2 6 9 
6 3 27 29 52 2 2 8 
4 9 5 39 52 7 0 6 
7 1 32 82 70 5 9 3 
4 5 53 59 62 1 1 0 
8 4 24 52 43 0 3 6 
8 6 68 31 48 4 5 2 
8 5 17 28 47 7 1 9 
5 2 87 24 17 3 8 9 
1 3 24 60 43 2 1 2 
7 1 29 61 60 9 7 1 
4 3 32 22 31 5 2 7 
7 1 54 78 33 0 2 8 
7 2 28 22 40 9 6 2 
2 1 18 37 53 5 3 6 
2 1 42 54 96 1 3 3 
9 1 71 58 32 1 9 5 
3 5 38 67 44 5 5 6 
0 9 14 20 32 0 3 2 
5 6 28 50 74 8 1 9 
3 1 32 41 44 4 8 5 
8 9 22 51 33 2 1 0 
7 2 0 61 43 6 7 4 
8 8 50 73 46 1 1 6 
1 0 35 87 18 9 2 1 
9 3 33 19 52 8 1 1 
2 6 34 33 62 5 5 2 
3 8 44 59 43 4 7 9 
3 2 40 51 48 0 2 2 
7 3 18 76 31 8 6 3 
5 0 77 36 45 2 9 2 
7 7 31 39 56 4 8 0 
5 7 29 47 78 0 6 3 
1 5 5 66 32 6 2 9 
2 5 38 69 90 1 7 0 
5 4 0 17 17 2 1 0 
0 1 33 47 21 7 8 3 
9 1 36 45 65 4 7 3 
5 1 39 67 75 2 1 8 
3 4 0 51 8 6 4 9 
3 4 21 65 63 3 0 4 
1 1 38 25 72 5 5 1 
7 1 0 33 53 4 3 3 
9 1 52 35 22 2 1 0 
5 3 30 51 64 4 1 9 
8 7 14 65 47 4 8 5 
1 9 41 31 5 5 1 6 
1 1 48 40 52 3 5 2 
6 9 19 63 49 1 9 4 
3 5 0 51 82 6 4 3 
6 7 0 79 0 4 4 7 
6 6 49 60 39 2 2 1 
5 7 58 44 48 5 9 6 
6 1 62 65 41 6 0 7 
4 7 24 48 46 3 6 2 
0 7 0 74 41 1 0 5 
2 7 64 63 31 7 4 5 
7 4 34 71 58 3 5 9 
7 1 14 63 57 6 0 9 
8 6 37 55 47 1 8 6 
3 4 14 39 48 8 9 5 
6 3 47 58 69 5 4 0 
0 1 31 50 36 1 7 4 
7 1 9 62 39 0 8 7 
3 9 22 88 19 6 2 8 
8 5 20 74 26 6 8 7 
1 0 65 24 72 8 9 4 
3 2 57 31 52 3 8 2 
2 3 45 42 52 1 7 5 
0 6 17 53 16 3 1 2 
2 6 32 25 28 1 5 2 
1 7 26 64 41 1 2 4 
7 7 36 17 47 0 7 1 
7 6 6 67 57 2 0 4 
3 2 0 50 74 3 9 4 
2 4 65 63 30 3 9 0 
8 1 32 29 25 2 4 2 
6 4 46 58 43 3 2 6 
8 3 7 36 11 7 5 2 
0 1 23 19 68 4 8 6 
9 7 29 31 60 1 1 8 
7 7 21 37 28 4 6 0 
4 7 38 25 50 2 1 5 
3 5 49 87 93 5 2 4 
4 6 0 72 45 8 6 3 
7 7 44 40 61 3 4 4 
2 4 18 58 36 9 3 0 
0 2 29 59 39 4 9 8 
8 1 7 29 33 8 7 4 
9 4 21 76 18 1 3 4 
2 3 61 39 74 6 0 9 
3 5 40 74 47 9 1 7 
9 2 34 53 58 5 9 1 
5 0 37 62 63 7 6 1 
9 9 2 37 57 2 3 9 
3 0 46 37 60 4 2 0 
2 2 13 49 55 8 9 8 
0 8 32 51 91 3 5 2 
2 4 27 50 50 9 2 9 
7 8 48 22 86 2 8 2 
4 2 28 57 42 3 7 6 
0 2 28 30 68 7 4 4 
7 5 13 13 37 2 8 8 
7 6 19 47 34 2 8 4 
4 2 37 66 50 4 8 9 
8 8 14 44 51 7 2 7 
3 9 11 78 46 9 7 4 
6 3 20 77 56 9 5 2 
9 1 45 54 56 1 3 4 
5 5 39 75 42 2 3 9 
6 6 7 29 22 2 2 3 
4 9 20 69 18 8 1 3 
4 5 36 54 66 9 6 3 
0 0 42 23 51 2 9 7 
4 8 30 55 79 8 0 9 
2 0 21 104 39 9 8 5 
9 0 10 46 53 4 8 5 
9 8 27 49 77 2 2 8 
6 1 29 73 34 5 8 5 
9 2 16 11 66 5 0 5 
0 2 23 44 33 7 7 4 
3 8 22 43 50 3 9 5 
7 9 27 54 24 6 4 8 
2 5 6 61 34 0 7 6 
8 6 29 36 79 4 4 9 
7 8 34 73 35 7 0 0 
1 8 23 51 11 9 0 5 
7 6 49 88 25 3 7 0 
4 0 47 38 0 4 3 8 
7 5 16 23 67 9 1 3 
6 0 50 57 50 2 9 0 
0 7 17 49 41 1 5 1 
2 7 21 13 63 7 5 6 
7 8 43 40 61 8 4 2 
0 2 47 23 67 7 6 1 
2 5 24 80 14 9 3 0 
3 3 46 26 101 7 2 9 
3 2 22 82 47 3 0 3 
8 6 49 46 37 1 7 6 
7 2 33 54 12 6 6 9 
4 6 13 54 37 2 7 0 
8 3 30 61 50 8 9 2 
3 5 8 23 2 8 9 8 
8 6 28 85 52 3 7 7 
4 4 35 39 52 5 7 1 
0 9 0 33 48 1 3 3 
6 0 0 59 60 8 4 5 
0 0 0 50 59 0 9 4 
8 9 31 60 5 1 3 2 
4 9 4 25 8 1 6 2 
4 3 19 57 36 1 8 7 
6 5 12 60 48 6 3 6 
2 6 29 75 25 3 8 1 
0 5 26 77 70 4 7 6 
4 3 59 54 52 3 7 3 
5 2 14 48 50 0 8 5 
5 5 18 62 48 4 2 7 
5 4 20 65 48 5 2 9 
2 4 19 73 11 3 2 2 
8 7 36 34 10 4 6 7 
2 5 6 6 44 6 9 7 
4 0 9 8 61 0 8 4 
4 3 37 41 77 7 0 7 
8 7 10 25 73 1 0 4 
6 2 41 85 66 1 2 0 
3 6 52 43 72 1 9 2 
5 3 35 29 51 3 6 7 
9 9 32 60 43 6 8 5 
1 5 19 60 17 9 4 2 
8 7 0 47 47 1 4 0 
9 2 56 60 66 5 8 2 
7 7 34 45 21 0 4 0 
1 4 41 77 54 6 0 1 
3 8 37 45 67 4 6 8 
9 8 18 60 78 5 0 1 
4 6 72 51 54 7 7 7 
2 6 22 41 39 9 8 8 
0 8 61 21 40 6 3 9 
6 4 12 49 69 0 7 6 
8 7 26 70 42 4 3 2 
0 8 38 62 72 6 3 8 
9 6 49 65 26 8 1 5 
0 0 32 68 46 1 6 6 
1 7 12 8 28 5 5 5 
3 8 23 26 41 5 0 8 
1 4 25 43 36 7 6 0 
6 8 49 68 34 5 9 4 
5 7 0 65 26 5 4 3 
9 2 45 54 54 6 8 7 
4 8 40 14 60 5 1 9 
5 4 22 44 29 4 4 6 
8 8 48 75 69 8 0 6 
5 8 23 66 23 9 6 2 
0 0 38 36 35 7 4 6 
3 5 43 38 65 2 9 9 
4 1 28 47 35 8 3 0 
3 7 21 46 59 5 3 2 
2 7 41 40 33 4 2 2 
9 4 29 76 51 5 0 3 
6 5 56 57 27 4 1 5 
1 4 48 38 98 2 6 3 
9 6 13 23 74 9 9 7 
1 3 67 53 44 8 4 0 
4 4 12 22 44 3 7 5 
3 1 9 69 59 3 5 0 
9 2 80 24 28 4 4 5 
2 3 48 36 33 6 0 2 
5 2 52 62 46 5 0 8 
5 7 52 48 31 1 9 5 
7 0 28 32 47 1 2 2 
2 9 39 48 44 0 5 7 
5 7 26 78 31 7 3 8 
2 0 58 75 38 0 4 8 
8 9 40 82 23 3 3 4 
8 5 33 34 74 3 6 9 
2 1 22 46 64 1 8 6 
6 2 40 19 76 0 3 6 
8 3 10 60 44 2 9 6 
0 0 35 63 70 0 1 4 
8 3 11 60 68 7 4 0 
4 4 28 64 60 0 7 5 
3 5 69 64 42 6 6 4 
7 1 11 62 75 5 4 6 
9 1 0 34 61 2 5 3 
6 1 42 29 74 3 7 2 
2 5 27 68 21 1 3 2 
8 4 37 34 10 3 4 3 
3 4 21 75 5 2 2 7 
0 3 43 59 75 7 2 5 
1 3 72 63 44 8 7 7 
4 2 59 32 21 8 6 0 
3 0 48 62 51 0 3 2 
6 3 38 22 25 7 1 8 
6 8 53 57 31 0 5 7 
1 8 33 46 21 5 7 1 
2 7 15 36 43 5 2 2 
8 1 30 18 80 5 1 1 
3 9 21 60 67 4 0 2 
4 8 37 38 58 9 2 3 
1 0 36 38 52 9 5 8 
6 6 31 47 44 9 2 6 
0 1 41 33 83 9 6 6 
9 7 32 57 31 2 8 1 
3 1 17 52 3 5 9 0 
6 9 31 71 51 7 4 4 
1 5 19 73 46 4 7 0 
8 1 50 20 78 6 9 0 
2 1 20 50 22 7 3 8 
3 7 56 45 96 2 9 3 
2 1 82 93 0 4 3 3 
7 1 27 55 69 7 1 8 
1 0 41 20 39 1 8 4 
3 2 13 31 23 6 3 1 
3 1 15 74 53 8 4 6 
4 9 43 37 63 6 8 7 
0 7 18 57 43 9 6 8 
3 3 54 39 42 8 5 9 
2 2 24 50 44 4 8 3 
7 1 4 26 84 9 2 8 
8 5 72 51 44 9 5 5 
3 1 9 65 26 9 6 8 
1 1 18 72 9 0 5 9 
4 1 34 49 112 1 3 2 
2 1 49 39 49 4 0 2 
8 1 29 39 112 3 6 5 
5 1 0 62 45 8 0 6 
4 8 40 64 106 0 9 3 
7 5 25 41 39 8 0 3 
4 6 22 42 41 5 1 3 
0 3 0 40 61 5 1 2 
1 7 36 49 67 1 1 2 
8 7 39 42 67 0 6 4 
4 2 21 41 28 1 6 4 
8 6 39 40 86 1 2 7 
0 7 8 53 46 3 6 3 
9 3 26 60 57 6 0 9 
3 2 30 42 62 8 4 8 
4 7 6 63 43 2 2 9 
7 3 37 38 37 6 7 4 
6 7 0 30 18 2 5 9 
8 9 13 51 50 5 5 4 
6 1 4 13 16 6 2 0 
7 3 47 33 59 6 4 4 
4 7 37 34 31 3 5 6 
3 7 35 49 20 1 8 5 
4 4 28 46 35 5 8 6 
3 3 14 53 33 9 7 9 
7 0 34 19 67 3 3 3 
9 8 21 71 46 9 6 6 
0 6 19 50 55 2 4 7 
4 7 32 50 52 0 6 5 
3 6 31 37 72 8 6 5 
9 7 35 11 49 4 7 9 
4 4 27 71 41 2 6 0 
8 2 32 82 56 2 4 1 
9 1 28 58 29 7 5 4 
8 8 50 58 60 8 0 8 
4 1 33 69 40 2 2 5 
1 0 27 35 24 8 2 6 
0 4 50 41 18 5 5 8 
7 8 10 58 14 5 1 0 
1 1 13 55 29 5 0 2 
2 1 3 74 44 1 8 0 
4 2 40 69 80 2 4 5 
9 6 12 56 16 7 3 5 
4 0 34 26 54 7 5 9 
6 8 22 87 72 4 3 8 
6 6 13 47 44 4 9 0 
3 0 23 40 30 4 6 4 
5 3 40 96 37 5 2 8 
7 6 10 37 55 3 9 9 
1 9 61 46 43 8 7 4 
7 5 16 61 69 6 2 7 
1 4 17 47 38 1 3 4 
4 7 20 64 67 6 4 0 
5 5 58 20 16 7 4 8 
0 2 49 28 36 0 9 9 
9 0 18 62 47 8 6 6 
4 9 14 20 59 2 6 4 
1 4 15 55 49 2 5 2 
9 5 62 56 27 3 8 0 
8 1 32 62 66 1 8 4 
6 8 61 24 64 7 7 4 
5 7 27 8 17 2 7 4 
7 7 3 42 52 8 6 7 
0 3 38 41 22 8 1 9 
0 0 36 35 88 1 6 0 
6 9 33 68 56 3 8 6 
0 7 59 86 27 9 8 2 
5 5 24 48 64 9 8 0 
3 2 71 43 50 7 2 0 
6 8 62 61 81 5 0 2 
3 4 40 56 19 4 3 7 
4 9 25 85 51 6 5 9 
0 9 25 72 62 8 9 2 
3 4 47 0 67 1 8 0 
7 5 47 51 54 8 3 7 
4 0 0 64 40 8 0 4 
2 0 41 33 54 8 8 9 
5 9 19 65 24 5 2 6 
5 5 20 27 51 1 3 2 
5 4 9 61 60 0 8 8 
4 5 56 44 43 0 5 1 
4 3 47 52 45 8 3 7 
4 5 45 60 33 9 6 2 
9 0 36 39 72 5 5 6 
3 0 15 48 6 9 9 1 
5 3 14 37 61 0 2 5 
5 5 34 48 32 5 7 3 
4 3 54 11 81 1 9 1 
8 6 0 24 0 0 1 5 
2 6 34 67 32 2 8 5 
8 4 30 24 16 0 0 2 
7 5 45 41 49 9 0 6 
9 4 47 37 25 0 7 5 
2 8 3 43 65 2 7 3 
6 3 46 52 14 8 3 2 
3 8 45 60 60 5 9 4 
2 5 42 10 64 1 2 8 
2 1 34 48 52 0 7 6 
3 3 45 69 68 9 3 1 
5 7 4 74 61 5 0 6 
6 8 31 64 37 0 0 6 
4 4 47 37 104 6 5 6 
2 2 18 85 62 1 0 1 
4 5 31 62 75 9 0 5 
8 0 53 44 73 1 5 9 
0 4 15 54 19 9 3 0 
0 3 9 27 20 5 5 1 
6 3 35 53 58 4 8 8 
3 9 18 105 56 9 6 3 
5 3 21 27 49 2 8 4 
1 3 26 46 38 0 0 0 
9 3 67 33 59 1 5 1 
7 3 26 52 64 2 2 4 
0 8 23 48 37 8 9 1 
2 7 16 14 27 6 1 5 
4 9 28 74 48 8 2 7 
0 1 20 46 51 9 6 2 
3 5 7 71 59 8 3 8 
0 9 32 46 57 4 5 3 
1 9 27 41 67 7 5 6 
5 8 50 88 104 6 7 0 
1 2 37 64 29 1 6 9 
4 6 54 39 32 3 5 1 
5 8 21 38 62 0 3 1 
1 6 57 56 35 5 9 6 
8 2 58 64 43 3 3 3 
9 5 40 51 52 5 4 8 
5 5 6 70 34 3 5 1 
0 1 47 51 67 7 9 1 
4 0 28 54 36 7 2 3 
1 5 14 54 43 0 6 8 
5 2 37 80 26 2 7 4 
2 9 52 50 46 3 2 3 
5 7 63 39 80 1 8 9 
1 8 44 35 52 4 7 2 
1 6 0 82 1 3 5 8 
9 6 19 16 21 6 9 9 
9 7 38 58 28 6 1 1 
8 8 45 69 17 9 7 4 
8 2 30 62 98 1 5 8 
2 0 42 55 43 4 8 1 
5 9 30 28 70 8 7 8 
3 9 47 39 109 2 1 4 
3 3 21 44 35 7 4 7 
8 3 39 25 57 9 5 9 
9 8 22 26 76 9 0 0 
2 4 0 7 56 8 0 8 
7 8 81 53 22 1 2 1 
0 9 46 24 20 5 0 4 
8 4 38 46 64 3 3 5 
9 0 36 60 28 0 5 8 
9 4 39 34 77 2 3 2 
7 7 24 46 50 3 4 9 
5 5 41 77 49 2 3 2 
4 7 0 57 35 9 8 0 
5 7 47 52 22 3 5 3 
4 4 27 50 76 6 9 7 
2 0 31 55 90 9 7 3 
4 1 46 48 75 2 7 6 
7 6 46 5 50 6 6 6 
9 2 38 26 64 9 9 6 
8 0 0 60 81 5 8 2 
6 6 34 41 91 3 1 0 
2 1 16 44 73 9 9 3 
8 6 20 0 107 1 1 4 
6 9 16 82 41 6 6 7 
3 4 18 31 73 3 8 7 
5 6 11 30 8 6 5 6 
1 4 34 39 53 0 2 1 
6 0 50 28 33 1 2 2 
2 9 5 29 70 5 9 6 
8 1 44 42 48 3 1 7 
9 8 20 35 5 2 8 5 
6 9 0 52 74 7 6 2 
0 2 40 53 45 4 5 0 
5 7 47 36 64 5 0 3 
3 7 18 25 47 2 7 2 
2 3 0 54 68 4 3 9 
2 1 11 37 17 1 5 8 
2 6 57 47 48 6 1 1 
2 3 17 44 82 2 6 7 
1 2 24 0 48 9 4 2 
3 2 39 26 20 0 0 9 
8 0 9 15 46 0 7 1 
9 9 58 26 42 6 0 4 
5 8 29 25 72 8 6 4 
1 8 0 26 58 5 2 2 
7 1 0 42 37 8 1 6 
2 8 46 25 55 0 6 3 
7 4 29 57 36 0 2 6 
7 8 31 55 85 3 7 6 
1 5 46 52 8 0 6 5 
8 2 33 40 23 8 9 8 
3 2 22 28 24 1 8 6 
6 4 3 7 36 0 8 0 
6 1 57 42 60 9 6 6 
4 3 0 35 27 5 2 8 
6 2 13 43 22 5 1 5 
3 7 35 66 37 7 3 6 
8 0 31 34 49 2 5 1 
4 6 0 55 22 4 5 1 
3 7 53 51 37 6 4 9 
0 7 39 42 76 1 2 2 
8 8 9 35 51 7 8 0 
6 0 54 35 22 2 4 3 
3 1 51 32 41 6 5 2 
5 1 70 48 56 6 3 8 
0 9 38 53 23 3 6 9 
8 5 29 52 61 4 0 7 
3 9 0 61 32 1 3 6 
8 1 33 43 53 0 7 8 
2 7 43 46 55 5 2 6 
2 2 1 25 29 5 1 7 
5 3 28 48 29 8 3 2 
6 4 16 41 52 7 1 3 
9 1 40 57 25 5 1 9 
5 3 34 49 60 6 6 6 
6 1 0 41 18 9 9 2 
2 0 30 22 14 2 2 5 
2 5 72 44 68 2 6 8 
2 9 15 53 21 0 6 2 
0 8 63 47 78 8 2 0 
6 7 51 37 82 3 4 8 
2 1 27 59 0 7 4 3 
5 9 71 28 79 2 3 8 
6 3 20 22 38 9 3 0 
0 7 34 14 26 4 1 6 
9 9 71 53 51 8 0 5 
1 3 19 55 58 0 4 1 
0 2 0 92 12 8 4 7 
0 8 20 41 55 6 8 3 
1 7 77 55 41 1 6 1 
3 7 48 26 49 6 3 2 
0 2 57 48 76 9 8 6 
4 0 44 57 34 0 8 0 
8 1 28 15 29 7 4 0 
7 7 3 16 53 5 8 9 
8 2 45 68 77 5 2 1 
3 0 44 43 67 1 0 6 
1 8 49 31 44 8 7 3 
1 9 32 58 41 1 9 4 
9 3 55 19 94 4 3 1 
3 2 0 65 39 2 5 7 
8 2 39 72 81 8 0 8 
5 1 37 59 26 9 2 3 
0 9 35 14 56 5 7 9 
8 6 40 67 31 3 4 7 
6 8 3 31 65 7 6 7 
2 8 29 31 40 5 1 1 
0 7 33 75 63 5 7 6 
0 0 50 43 86 1 4 5 
4 8 39 32 62 4 2 3 
9 0 42 56 37 6 0 7 
7 7 31 70 58 6 4 1 
7 7 36 29 51 0 9 3 
8 4 6 47 68 1 4 5 
5 9 12 27 60 3 3 2 
7 8 21 65 45 4 0 0 
5 3 73 52 46 9 7 9 
5 3 22 31 57 3 1 4 
1 9 54 46 60 9 7 5 
5 1 41 6 57 6 4 7 
9 3 24 29 31 0 9 5 
4 3 17 62 57 9 6 3 
2 6 24 65 31 5 3 9 
9 8 47 75 55 4 2 8 
9 8 5 57 9 6 7 3 
5 0 20 57 67 1 4 8 
1 9 34 53 67 7 0 6 
4 2 30 71 12 6 7 1 
5 9 20 78 0 4 0 3 
1 3 12 62 105 4 2 4 
4 3 54 69 81 0 9 4 
4 6 0 94 57 0 4 1 
5 3 21 40 43 9 1 2 
3 2 36 81 20 4 6 0 
4 9 0 27 69 0 0 6 
9 1 5 25 32 8 1 4 
3 0 14 41 44 7 8 2 
0 7 13 56 57 2 5 6 
4 6 40 49 42 4 8 5 
6 9 72 38 28 2 3 7 
1 8 29 25 44 4 1 3 
3 6 62 73 49 8 7 1 
6 3 41 37 31 6 1 5 
8 5 39 24 48 4 0 9 
1 7 23 66 34 7 2 4 
7 3 35 78 38 1 9 2 
3 1 9 46 28 3 0 7 
3 6 26 11 45 7 4 3 
7 9 28 54 64 7 7 5 
8 4 34 67 32 9 8 5 
9 1 2 28 42 0 4 6 
1 9 12 78 53 9 1 6 
5 5 30 24 64 3 9 8 
8 3 48 51 73 8 2 3 
8 4 55 39 44 5 2 3 
0 5 31 46 13 8 9 0 
6 1 43 16 67 3 6 7 
1 0 45 28 50 5 0 0 
7 1 8 61 57 0 1 7 
2 1 43 34 62 8 9 7 
6 8 35 89 40 5 2 8 
1 7 0 93 90 7 7 6 
4 3 24 24 21 9 9 3 
7 2 11 88 65 4 8 7 
9 8 10 32 13 4 1 8 
2 0 40 47 66 2 0 8 
0 5 6 2 70 6 8 6 
1 9 19 46 104 6 1 8 
0 1 12 41 55 7 8 2 
5 2 16 38 43 0 9 6 
6 4 43 54 64 8 8 8 
5 0 15 32 27 8 5 6 
7 3 28 54 34 9 5 1 
1 4 48 42 49 7 0 1 
0 8 37 60 45 1 5 8 
9 4 53 65 51 4 6 8 
1 7 24 111 83 6 5 5 
4 5 37 80 51 5 7 1 
3 4 41 62 84 8 1 0 
5 8 49 48 68 4 4 9 
4 1 60 54 8 8 1 6 
3 1 11 48 46 8 4 4 
1 7 18 58 72 4 6 3 
3 3 9 55 12 3 9 3 
5 0 61 50 47 4 9 8 
3 8 25 77 48 0 0 2 
8 8 56 12 14 1 8 7 
0 6 23 40 64 7 8 5 
2 8 18 35 66 4 6 6 
7 5 7 52 67 3 4 0 
0 9 3 80 77 5 9 5 
7 0 44 70 49 6 4 7 
2 6 14 33 20 5 8 5 
0 0 24 41 54 3 2 7 
0 0 22 45 44 3 8 6 
8 2 8 63 81 0 0 6 
9 7 29 64 50 6 5 3 
6 1 36 21 54 6 0 5 
7 4 66 22 32 9 2 6 
8 8 39 49 28 9 0 2 
2 2 36 50 83 9 7 5 
5 6 53 34 46 1 7 0 
7 3 6 27 37 3 3 5 
0 9 26 73 51 2 3 5 
5 7 55 40 20 6 6 4 
2 0 12 48 20 7 0 8 
1 8 24 94 66 6 8 6 
7 3 45 43 41 7 5 7 
1 9 23 18 46 8 2 1 
8 2 0 45 99 2 5 8 
6 2 21 53 34 1 1 1 
4 7 11 65 31 5 4 7 
4 9 38 92 51 8 7 9 
7 5 10 54 119 6 5 0 
9 4 54 52 52 8 7 0 
4 3 32 84 26 8 9 4 
1 9 11 47 43 6 4 9 
8 8 8 56 50 0 5 0 
5 1 19 52 32 6 2 7 
3 4 1 48 58 0 5 3 
4 0 62 22 44 9 0 7 
9 8 43 60 60 0 6 4 
0 6 44 28 69 3 0 1 
8 7 59 45 54 1 1 1 
6 2 19 12 53 5 0 2 
0 2 17 0 76 3 3 3 
7 8 48 34 84 9 1 9 
2 1 39 78 38 8 0 2 
0 9 35 70 67 8 5 4 
5 1 0 63 40 1 8 0 
6 3 28 22 60 3 1 2 
0 2 0 56 63 0 2 4 
4 7 35 65 54 1 1 8 
3 3 19 46 64 8 5 4 
7 4 18 69 65 4 9 7 
2 2 30 67 40 3 1 2 
8 3 29 39 59 3 8 0 
6 1 14 36 65 8 5 0 
9 9 0 46 71 1 6 4 
6 0 33 56 36 2 7 8 
9 3 27 36 21 1 5 9 
0 0 30 49 71 1 6 5 
7 5 17 88 29 8 7 3 
4 3 40 11 57 1 9 1 
5 1 27 86 68 7 3 0 
1 9 26 42 81 6 4 9 
5 8 39 51 65 3 4 2 
0 5 0 28 66 0 2 2 
0 6 33 60 56 1 1 5 
4 9 14 87 19 5 7 5 
4 2 14 54 28 2 6 2 
0 0 0 33 88 6 1 6 
9 0 37 101 45 0 8 9 
3 8 14 53 61 6 6 7 
9 2 0 50 54 9 7 2 
1 9 26 40 52 7 4 3 
8 5 0 42 21 9 8 8 
5 6 45 63 101 7 1 7 
0 7 51 38 50 2 8 7 
7 9 33 41 75 3 8 1 
5 2 22 55 64 7 7 9 
7 0 39 5 50 1 8 1 
7 1 20 25 27 4 3 6 
6 1 0 66 57 6 2 9 
1 0 31 16 68 2 0 7 
2 6 24 35 53 5 8 4 
8 0 8 18 37 1 8 5 
5 6 0 35 54 3 9 7 
1 7 51 15 30 3 7 6 
3 7 43 49 38 4 0 3 
6 7 48 59 63 2 9 4 
7 7 47 59 56 2 4 6 
4 1 37 31 56 7 5 9 
9 8 0 21 33 5 1 0 
1 8 35 32 60 7 8 5 
0 8 16 57 22 8 4 2 
9 1 48 0 75 4 1 8 
4 6 34 42 27 4 3 0 
0 0 32 0 67 2 9 0 
1 8 34 59 21 8 6 7 
2 3 1 68 55 8 3 3 
0 6 38 45 11 8 7 2 
5 5 44 45 90 2 8 1 
4 0 28 85 52 8 5 5 
5 8 11 48 57 1 3 0 
3 4 13 34 49 0 0 6 
1 6 40 37 79 7 3 8 
9 7 2 28 39 9 1 3 
9 6 33 48 57 0 5 6 
2 4 18 42 45 8 0 9 
3 2 0 77 30 1 1 0 
5 7 20 40 90 9 3 6 
6 4 59 44 56 8 5 8 
3 3 11 50 47 4 4 5 
2 5 35 25 59 5 9 9 
4 5 57 44 20 3 9 5 
4 0 43 40 61 5 9 0 
2 5 19 97 42 7 6 5 
4 9 30 33 88 3 8 6 
9 5 25 65 41 2 5 0 
7 2 53 43 0 1 2 3 
4 9 27 36 41 6 5 3 
3 3 1 35 49 7 7 2 
2 8 0 48 68 4 9 5 
7 2 18 31 47 6 6 5 
8 7 48 31 32 1 0 6 
5 7 58 40 68 6 4 2 
5 7 21 56 42 2 2 0 
9 6 21 68 24 4 5 2 
1 9 15 43 25 2 9 6 
3 1 22 30 28 5 9 4 
6 9 42 33 82 9 6 4 
5 8 49 70 40 5 1 1 
3 8 24 64 86 1 6 8 
5 5 0 79 49 7 2 2 
6 3 14 58 28 8 2 3 
0 8 53 53 60 9 0 0 
5 6 2 91 34 6 1 2 
3 4 16 40 47 3 3 7 
7 0 30 75 50 8 4 9 
4 0 78 41 35 4 3 2 
6 3 29 3 71 8 9 8 
1 2 48 57 47 3 3 2 
0 3 0 61 48 7 8 8 
1 5 28 57 13 5 1 9 
7 1 29 36 28 4 5 6 
8 4 9 73 50 5 6 9 
3 5 42 32 84 8 8 9 
1 0 21 41 52 1 1 6 
2 1 25 30 73 2 5 2 
7 5 4 34 33 6 9 9 
3 7 42 58 72 0 8 5 
8 9 15 34 54 2 3 5 
7 8 0 38 41 0 9 9 
8 8 39 49 81 9 8 1 
5 7 41 81 55 9 4 2 
7 5 16 52 31 0 5 4 
6 4 26 37 58 5 9 4 
8 2 29 13 59 5 8 0 
1 6 8 58 55 9 4 5 
8 8 23 61 21 5 0 4 
1 5 44 57 70 7 2 6 
7 6 0 36 10 0 5 0 
2 4 24 49 42 3 6 3 
9 1 6 42 54 6 5 6 
7 5 8 28 38 7 7 3 
1 2 12 44 44 8 8 1 
3 8 41 38 51 8 9 2 
6 7 21 54 70 5 5 2 
4 2 20 59 33 5 4 8 
2 9 47 72 70 1 2 2 
7 0 47 54 72 0 4 2 
4 4 38 48 61 8 1 0 
3 0 56 27 60 4 7 5 
5 9 23 82 44 3 8 4 
3 2 0 35 61 5 2 5 
1 9 38 78 82 7 7 7 
9 4 10 42 38 9 1 1 
2 7 62 76 76 6 8 9 
9 1 46 41 38 6 2 8 
7 8 54 63 50 2 5 4 
9 2 25 3 20 2 2 1 
9 1 46 14 52 4 0 8 
4 8 6 39 72 4 2 5 
9 6 38 61 42 7 5 8 
5 7 30 42 19 1 9 2 
8 9 33 7 33 9 2 5 
7 0 11 60 63 4 6 1 
5 8 1 83 56 3 2 2 
4 2 13 59 25 9 9 3 
2 7 1 39 29 3 8 4 
3 2 0 60 31 5 7 9 
9 2 19 64 69 3 2 1 
9 0 27 40 59 3 6 5 
2 2 8 0 41 2 1 4 
4 8 36 56 23 4 4 7 
3 8 20 52 43 4 9 1 
8 6 24 17 53 7 1 9 
1 5 9 53 41 5 2 6 
9 7 46 48 39 1 2 5 
5 4 10 65 53 9 6 8 
6 4 15 58 63 4 1 9 
6 1 9 56 62 0 4 5 
4 1 0 91 65 9 0 7 
4 4 19 26 36 5 6 2 
1 7 30 48 42 7 8 8 
9 8 0 45 63 6 7 7 
2 6 29 38 53 0 4 0 
9 8 37 42 46 5 7 6 
4 8 47 43 41 0 1 8 
1 5 49 43 45 2 8 0 
2 2 48 67 55 8 9 3 
8 0 60 50 57 3 3 5 
0 1 43 76 60 1 9 9 
0 2 24 69 58 0 9 2 
4 1 29 58 42 8 4 5 
4 2 61 77 40 5 9 5 
5 6 41 70 0 2 7 6 
9 8 14 65 28 5 7 0 
0 0 41 28 7 1 8 9 
4 6 0 30 47 5 5 5 
3 4 9 33 57 4 8 9 
4 5 51 36 61 5 0 0 
1 9 48 26 41 2 7 6 
7 6 16 44 30 4 2 5 
7 7 34 75 31 1 6 2 
7 8 10 34 95 5 3 2 
0 7 0 54 60 1 9 5 
2 7 22 36 50 3 3 9 
7 8 49 71 54 7 1 8 
2 5 5 91 81 0 6 7 
5 4 4 69 35 4 9 5 
8 5 0 77 74 8 8 7 
7 6 1 44 34 3 9 2 
3 5 60 35 48 1 3 6 
3 5 36 56 50 3 6 9 
9 8 36 37 51 3 8 1 
9 7 34 47 61 2 3 9 
9 6 33 22 48 3 1 9 
7 2 32 79 88 6 2 5 
3 4 36 59 33 9 5 5 
7 2 36 73 36 0 7 9 
4 1 35 44 59 8 7 5 
0 9 13 29 80 9 9 8 
3 1 22 56 56 4 8 8 
6 6 10 40 50 2 6 5 
1 7 49 34 42 6 9 6 
3 7 40 37 42 3 5 2 
1 5 14 66 47 2 1 8 
1 0 46 39 40 0 5 0 
7 3 41 35 66 2 2 9 
9 0 35 76 72 4 9 0 
5 3 2 56 77 5 2 2 
9 9 26 45 38 0 0 3 
8 1 29 48 46 9 4 3 
7 0 0 14 29 6 4 4 
3 0 42 52 72 4 8 1 
4 8 21 66 60 4 5 1 
5 5 36 93 48 5 7 6 
9 1 18 64 31 2 8 2 
1 8 0 59 38 2 6 4 
7 7 59 42 64 8 1 5 
5 0 19 64 47 8 6 6 
5 0 44 41 54 6 3 4 
9 8 0 53 77 5 8 7 
4 3 0 36 38 2 2 5 
6 5 61 39 23 2 0 5 
1 8 53 59 22 2 6 3 
7 8 48 43 32 1 9 2 
5 8 15 45 51 4 5 2 
3 3 27 31 54 2 2 3 
1 1 0 86 43 1 7 5 
2 7 7 47 97 8 4 5 
0 0 48 23 53 8 5 9 
7 1 28 26 72 0 0 9 
9 0 43 2 45 1 7 5 
7 7 26 72 34 1 1 5 
7 0 35 45 33 1 1 8 
1 9 52 41 56 3 5 1 
8 3 32 37 59 9 2 0 
8 8 58 58 84 6 3 4 
0 9 18 15 58 4 6 2 
8 3 28 62 73 0 7 3 
8 3 67 66 60 6 2 3 
3 0 6 63 62 4 1 8 
9 9 67 46 42 5 2 5 
6 9 17 72 63 2 4 7 
6 3 14 14 74 6 9 7 
4 5 57 78 53 5 5 9 
2 6 0 49 57 8 8 6 
3 7 18 22 81 6 8 4 
6 6 11 29 52 9 2 1 
9 4 51 12 59 9 9 6 
7 0 22 29 62 9 9 8 
9 5 45 67 73 9 6 1 
1 2 28 43 68 7 5 0 
4 0 5 33 73 6 1 6 
7 6 3 22 55 7 5 2 
9 0 34 74 25 0 7 3 
8 3 6 29 54 5 4 4 
8 4 14 84 43 4 8 3 
2 7 44 63 83 9 9 5 
5 5 49 47 38 5 6 7 
8 5 31 56 70 9 8 4 
7 6 26 38 74 9 0 3 
7 1 34 49 64 6 8 8 
5 3 48 95 37 6 7 7 
2 4 0 58 40 7 9 4 
2 7 27 52 66 0 0 3 
4 7 40 31 40 3 6 6 
1 1 25 54 54 3 1 1 
2 1 50 77 55 2 3 9 
4 6 0 42 55 1 6 5 
5 0 34 79 77 8 4 7 
1 7 29 47 31 2 7 6 
7 8 48 36 54 5 7 4 
5 6 17 72 40 1 6 5 
7 5 46 15 81 7 6 1 
2 5 10 109 34 7 8 3 
8 9 37 45 55 6 9 9 
0 1 32 60 82 6 9 0 
5 5 70 77 82 0 4 1 
1 1 74 59 3 6 2 5 
3 9 27 62 73 3 2 3 
0 9 8 33 49 3 4 9 
6 0 14 36 45 2 0 5 
5 5 16 37 45 0 3 6 
5 3 20 40 67 9 4 1 
3 3 17 31 66 3 5 4 
8 2 26 82 77 3 1 1 
1 8 34 21 97 1 9 6 
2 1 41 38 55 5 5 3 
3 6 46 66 64 2 5 9 
2 9 32 30 45 8 3 3 
5 1 58 25 54 1 0 8 
7 7 59 78 34 6 0 5 
6 2 14 16 37 1 5 6 
7 7 66 66 55 6 9 7 
7 7 31 63 96 3 7 6 
2 9 31 46 55 3 8 2 
7 8 27 23 46 1 0 8 
8 3 32 48 54 6 3 5 
8 9 21 40 74 6 8 1 
3 5 42 70 15 2 5 0 
0 2 27 56 23 5 8 0 
3 4 41 11 44 1 0 9 
3 9 24 25 62 0 3 1 
8 7 63 37 51 2 8 3 
5 6 31 76 55 9 9 2 
9 9 32 39 33 2 7 9 
4 8 42 38 3 0 5 0 
8 1 57 82 34 3 1 1 
9 2 12 61 33 3 3 9 
4 8 51 58 54 0 2 7 
8 9 31 64 43 3 9 9 
1 6 52 46 53 5 8 7 
3 1 15 34 54 6 2 2 
7 4 20 29 47 4 1 0 
0 3 44 52 87 3 5 9 
6 4 41 56 56 4 4 2 
6 5 38 62 38 6 7 1 
2 4 19 27 27 7 7 8 
4 7 0 65 57 7 0 0 
8 5 24 49 38 5 1 4 
5 5 20 67 46 8 8 5 
5 1 31 68 56 9 6 3 
9 0 6 51 90 5 2 6 
0 9 17 56 36 4 3 5 
3 4 29 43 67 8 1 1 
7 0 26 83 57 9 2 9 
8 0 19 20 103 6 7 4 
2 7 31 70 34 7 8 8 
8 8 76 52 72 9 0 6 
7 7 35 42 72 7 1 0 
1 7 16 41 43 3 6 3 
6 2 0 53 47 9 4 7 
5 1 14 27 57 9 5 0 
0 1 61 57 52 6 2 5 
0 9 20 69 54 7 9 3 
8 9 18 60 39 0 4 7 
3 8 0 64 54 6 6 7 
8 5 27 0 50 9 3 9 
3 2 43 74 38 8 8 8 
8 0 22 67 58 7 1 1 
9 0 21 60 55 1 8 5 
5 7 30 65 47 6 0 9 
1 6 51 49 42 4 2 4 
4 4 33 33 61 7 0 3 
3 8 22 66 47 9 7 7 
8 8 0 74 67 2 7 7 
4 1 20 70 75 8 0 6 
0 7 0 63 51 4 9 6 
4 1 9 37 50 0 9 8 
1 7 37 51 50 1 0 6 
7 4 59 62 57 0 5 6 
4 4 39 94 68 2 6 2 
3 3 57 71 27 0 6 0 
6 6 37 17 74 8 3 9 
9 3 39 43 19 5 6 7 
1 1 36 26 61 3 6 3 
0 3 8 41 39 1 1 3 
0 1 17 70 55 6 4 6 
6 2 48 78 42 4 9 0 
9 7 58 38 67 0 2 4 
6 0 65 64 18 8 1 1 
1 1 56 60 44 9 3 8 
1 8 76 42 66 8 7 7 
6 4 0 88 29 9 3 5 
9 3 38 40 13 3 4 1 
6 2 36 64 80 4 9 1 
9 9 39 88 93 1 0 0 
0 9 56 29 51 8 6 7 
0 0 39 54 64 4 4 7 
0 3 76 59 81 7 4 2 
0 1 54 49 59 4 0 9 
9 7 15 47 36 3 4 8 
4 4 50 83 45 0 5 4 
0 5 20 41 67 8 6 9 
5 4 24 47 61 8 1 9 
0 5 34 49 60 7 3 1 
1 9 10 38 46 4 1 4 
4 8 57 55 13 6 0 7 
0 7 37 67 39 6 1 9 
6 2 54 79 32 7 4 2 
9 8 43 68 69 0 7 9 
6 9 42 62 33 7 1 1 
5 4 4 38 33 0 4 7 
3 8 30 42 50 4 5 3 
9 8 29 56 48 1 2 5 
9 8 0 69 35 5 0 9 
0 5 33 40 48 4 2 6 
5 5 45 28 2 7 4 9 
0 3 18 56 47 9 2 7 
4 6 0 66 49 3 9 1 
3 7 0 39 69 8 7 4 
9 1 42 64 45 4 7 9 
9 4 41 9 34 6 8 8 
9 1 17 50 82 8 5 1 
4 4 74 45 65 2 6 8 
9 4 39 60 62 0 6 1 
7 9 18 59 40 1 2 1 
0 8 55 30 58 8 9 0 
0 9 43 64 49 5 0 5 
0 1 42 43 52 6 7 7 
9 3 55 37 42 5 7 1 
2 4 49 69 55 4 6 3 
0 2 6 73 36 7 2 8 
7 7 22 41 48 4 7 5 
3 5 3 45 40 1 5 3 
7 0 36 45 47 5 5 0 
3 0 5 8 31 2 6 3 
8 4 30 22 31 1 0 8 
7 1 19 60 29 3 7 1 
7 0 31 88 47 3 1 4 
9 8 25 89 70 8 9 7 
4 4 17 25 67 6 4 6 
5 5 63 32 39 8 5 9 
7 1 48 54 39 1 3 5 
2 8 1 0 71 7 3 8 
3 8 60 14 39 7 2 3 
7 2 32 19 43 9 2 6 
2 4 39 35 39 2 4 6 
9 9 40 60 32 1 0 5 
9 8 31 28 71 1 7 6 
3 9 5 47 56 1 4 0 
9 2 35 43 41 0 2 9 
9 1 46 73 55 2 4 6 
4 3 33 51 48 9 2 0 
9 1 28 93 35 2 9 8 
7 2 11 57 43 5 3 2 
9 5 0 31 97 2 4 3 
8 8 24 35 49 7 3 2 
6 8 15 62 69 0 3 3 
9 9 57 62 65 6 9 3 
2 7 15 44 65 7 9 1 
7 4 12 62 50 1 5 2 
0 3 35 14 7 1 2 9 
3 1 16 41 37 6 4 7 
2 2 23 91 52 0 8 5 
6 5 15 57 23 9 8 5 
2 6 47 92 84 0 5 1 
1 8 38 57 85 3 9 0 
7 9 14 44 40 9 3 0 
3 5 28 39 69 2 2 9 
9 9 24 10 47 3 6 5 
9 4 29 41 55 8 7 2 
0 5 50 54 66 6 8 9 
7 0 35 22 15 1 9 0 
2 7 31 58 56 0 1 3 
1 7 52 71 57 8 9 2 
1 3 23 73 39 2 2 3 
8 3 30 29 55 7 6 9 
7 7 48 43 52 4 2 4 
2 1 0 49 48 3 2 1 
4 3 36 49 39 7 9 6 
7 5 41 91 55 5 7 9 
4 9 12 63 88 2 9 7 
4 4 13 98 77 7 2 0 
3 5 0 61 58 9 3 4 
1 5 58 12 32 8 4 2 
2 9 12 48 53 2 5 9 
2 5 11 73 48 8 1 0 
9 5 27 67 77 9 5 0 
7 4 19 74 57 4 5 4 
5 4 6 38 48 6 1 8 
2 0 39 59 85 0 0 6 
4 5 36 52 64 3 5 7 
0 9 73 71 38 8 9 2 
0 5 33 61 67 9 1 2 
6 1 46 53 26 2 2 1 
7 6 63 62 46 2 3 0 
3 6 30 37 67 2 8 9 
7 1 39 56 41 9 2 6 
0 5 16 34 41 3 6 9 
1 1 64 37 64 9 1 9 
2 8 44 43 65 4 0 1 
2 3 45 42 50 6 5 7 
5 5 45 56 55 7 6 3 
8 6 18 24 60 6 7 7 
3 6 1 71 10 5 4 0 
2 8 8 35 54 0 6 5 
8 6 20 54 26 4 7 2 
3 2 42 25 46 5 5 6 
0 6 45 61 36 5 5 2 
3 5 71 48 72 9 1 3 
1 7 34 79 38 4 3 5 
4 1 27 38 67 7 9 3 
9 5 32 37 63 6 6 6 
6 7 76 68 90 1 6 1 
4 0 64 53 13 9 2 7 
4 7 22 49 80 8 2 8 
0 6 50 23 65 0 3 9 
8 7 9 68 19 8 7 4 
9 9 43 55 37 3 4 2 
0 5 24 48 40 1 4 9 
9 4 7 52 51 8 6 5 
4 6 31 82 49 4 8 6 
0 0 49 24 38 7 7 7 
1 7 35 54 47 2 5 8 
7 6 13 98 68 2 4 0 
2 6 67 61 61 6 3 4 
9 6 70 55 43 9 7 7 
6 6 33 26 58 5 8 1 
6 0 57 46 60 7 5 2 
6 3 0 71 45 8 1 3 
5 9 33 34 44 4 3 0 
7 1 43 68 57 5 2 9 
9 8 42 70 65 1 9 7 
3 5 23 54 73 1 7 0 
8 9 18 53 45 9 5 7 
1 8 7 36 50 9 2 9 
9 8 91 30 37 0 3 1 
6 3 33 30 33 5 6 3 
0 5 45 80 45 1 2 8 
2 8 52 14 67 4 4 5 
6 0 40 31 41 3 9 8 
6 2 0 49 68 8 1 2 
4 0 17 92 1 6 3 0 
0 6 16 69 33 6 1 0 
1 1 13 54 56 2 4 8 
8 6 39 33 26 5 2 7 
9 5 43 84 54 1 5 6 
9 0 27 69 42 4 1 2 
9 7 70 52 46 8 4 3 
1 9 62 0 39 5 3 7 
2 0 24 56 34 6 5 8 
1 9 71 72 61 6 0 3 
5 9 3 53 68 3 9 5 
6 0 26 34 50 3 4 4 
6 0 40 38 31 8 9 0 
7 7 12 63 74 7 9 3 
8 4 9 64 80 8 9 4 
5 0 4 68 28 9 6 4 
0 5 78 13 28 4 3 0 
9 1 34 51 54 2 0 2 
6 5 34 73 47 3 9 3 
7 8 13 69 22 0 6 2 
3 3 9 84 63 7 0 3 
6 4 19 48 39 0 0 0 
7 0 62 80 5 2 1 3 
9 4 9 20 36 7 8 1 
7 9 20 68 40 3 9 1 
2 2 51 78 36 4 3 5 
2 5 28 45 62 8 7 4 
6 5 37 59 48 4 7 9 
4 3 50 33 54 5 4 5 
7 1 18 72 54 1 5 5 
6 2 57 74 46 2 1 4 
0 9 31 19 30 0 4 5 
3 1 9 39 21 8 9 0 
6 3 0 56 87 5 4 5 
9 4 20 89 80 4 8 2 
4 1 10 84 42 6 6 6 
4 4 11 66 65 2 5 0 
6 0 22 55 46 0 7 4 
4 1 12 46 55 2 4 9 
2 8 11 32 24 5 5 5 
6 6 27 69 53 4 7 9 
7 0 16 41 70 0 8 4 
5 7 60 25 48 4 9 4 
0 7 39 42 42 3 1 5 
4 9 46 72 73 0 8 8 
3 5 21 50 22 8 5 7 
8 2 16 61 14 8 5 5 
8 7 19 67 44 9 1 1 
6 1 14 61 64 4 9 4 
8 8 39 53 76 1 3 9 
3 5 46 47 41 4 1 5 
3 7 8 37 79 4 5 4 
0 3 43 60 60 4 9 8 
6 0 36 42 58 1 3 7 
0 9 8 75 51 2 5 5 
1 0 22 56 8 0 6 4 
6 2 34 23 33 3 7 8 
4 9 43 46 42 4 9 6 
8 3 17 86 40 6 8 7 
2 7 32 58 13 3 2 3 
7 5 25 46 46 1 0 6 
2 6 9 34 42 7 4 2 
6 6 28 78 62 2 7 4 
5 8 30 19 75 9 9 2 
9 6 39 26 84 4 2 8 
7 2 50 62 61 4 2 0 
8 1 38 31 53 1 2 2 
7 0 14 33 52 5 5 7 
6 3 18 39 47 2 6 8 
2 8 10 61 60 7 6 8 
4 6 55 91 77 2 8 6 
7 1 9 92 41 3 4 0 
4 0 46 59 68 8 6 7 
7 1 41 32 57 6 8 6 
9 3 11 26 48 7 3 7 
3 0 41 66 7 9 3 5 
3 9 38 34 56 6 2 1 
8 8 37 43 25 4 8 1 
0 5 22 61 34 2 7 1 
0 2 39 54 30 8 5 3 
7 3 5 48 10 6 8 4 
6 0 17 37 35 1 5 2 
5 9 40 37 58 8 0 5 
1 5 48 58 39 3 0 9 
4 0 31 15 42 1 5 3 
2 1 41 52 31 3 1 5 
3 6 45 54 58 0 9 4 
5 6 7 40 17 3 7 5 
6 5 59 19 36 6 0 4 
0 6 35 26 54 9 8 1 
6 7 55 39 50 3 0 6 
5 1 9 64 89 9 7 3 
9 4 0 61 31 5 6 0 
9 2 22 61 41 6 2 0 
6 1 36 51 33 7 3 4 
6 8 33 46 39 5 3 5 
6 0 22 54 54 4 8 5 
4 5 33 41 39 1 7 4 
4 1 38 81 53 1 5 9 
7 6 36 69 5 6 0 9 
1 5 41 20 58 7 6 3 
6 1 19 13 37 0 1 5 
9 5 77 46 60 6 2 3 
0 4 6 78 65 0 0 0 
5 1 55 77 65 9 0 0 
7 8 42 23 31 3 5 1 
2 8 28 59 62 7 3 1 
6 8 24 60 22 0 4 4 
2 4 53 44 26 4 8 5 
8 9 10 47 67 6 6 2 
9 9 38 42 57 5 7 9 
5 4 20 56 81 0 9 5 
4 1 51 5 44 2 2 0 
6 6 33 39 32 9 5 1 
5 8 0 29 60 4 7 0 
6 3 26 49 15 0 4 0 
9 9 30 36 53 2 2 9 
6 3 46 48 28 1 7 6 
8 7 61 53 58 5 2 5 
8 9 14 40 91 2 3 0 
9 8 10 46 56 1 4 0 
6 9 43 65 73 4 5 1 
8 0 21 86 50 9 0 0 
5 3 16 38 54 4 7 3 
0 2 54 81 42 1 1 4 
6 6 11 56 13 1 4 5 
3 3 33 35 3 2 3 6 
4 6 10 73 49 4 2 2 
0 0 46 63 90 7 8 5 
9 7 65 39 101 0 1 9 
9 5 8 39 59 4 8 6 
8 6 39 61 58 7 3 5 
9 9 27 56 59 1 2 2 
3 7 17 48 63 3 4 3 
4 6 68 65 76 6 2 1 
0 6 33 21 52 0 4 5 
2 4 28 29 55 1 3 9 
4 2 30 56 29 4 3 6 
2 2 14 54 33 3 6 8 
7 7 30 71 79 8 0 3 
3 6 11 86 64 3 8 1 
1 1 23 68 49 8 3 9 
3 0 38 69 59 8 5 0 
6 4 20 74 77 8 1 8 
6 6 22 54 59 0 5 9 
6 2 16 61 31 3 1 9 
2 0 10 69 30 7 8 3 
5 2 23 68 70 9 4 2 
2 6 33 50 35 0 7 8 
0 5 11 66 29 5 2 7 
5 6 32 70 54 2 3 0 
8 7 40 66 29 4 3 2 
1 5 34 92 54 0 5 1 
2 3 33 23 36 1 7 3 
2 7 11 45 57 4 1 5 
1 2 0 9 44 1 5 2 
6 2 0 53 43 1 6 5 
5 3 55 27 43 8 2 1 
8 4 21 61 70 4 3 8 
3 8 1 39 40 5 3 5 
0 1 23 61 54 5 4 5 
0 8 69 52 66 2 1 7 
3 7 20 50 58 9 0 6 
6 2 45 22 47 6 0 5 
5 3 39 76 32 0 9 5 
1 5 36 40 53 4 0 3 
7 1 32 72 41 8 2 7 
2 1 93 54 70 8 1 3 
1 2 5 76 15 1 5 1 
9 5 27 42 66 5 4 5 
0 7 30 49 62 6 9 1 
5 1 13 73 42 5 2 8 
7 1 0 28 45 8 8 5 
7 5 0 86 27 3 7 3 
0 0 34 31 57 8 9 0 
0 3 61 22 41 9 8 0 
6 9 13 26 29 4 6 3 
2 1 53 41 48 2 9 2 
8 2 26 34 56 2 5 0 
6 1 34 25 18 0 4 6 
2 7 32 38 60 3 5 5 
9 4 45 39 73 2 1 9 
2 8 31 42 18 6 8 9 
4 0 47 49 20 5 9 3 
6 2 44 19 45 5 9 6 
3 3 45 66 71 3 9 6 
1 8 0 50 58 0 1 8 
0 9 17 68 30 4 6 7 
9 0 8 23 47 9 7 5 
6 8 20 67 92 0 2 2 
7 2 17 42 60 4 6 1 
0 7 6 55 38 8 8 7 
5 6 37 19 42 5 8 0 
4 8 10 51 45 8 1 2 
7 3 26 49 70 9 7 9 
1 6 8 26 18 3 2 4 
8 3 31 43 78 2 7 0 
2 1 20 47 66 6 0 9 
6 6 22 47 53 2 1 5 
7 4 32 78 51 4 9 8 
8 1 48 48 34 8 4 3 
2 7 36 7 58 2 9 1 
8 4 28 63 70 7 7 4 
2 1 45 46 48 9 6 5 
7 2 32 52 69 4 6 4 
6 7 30 0 59 8 1 9 
1 1 18 49 67 1 2 7 
8 4 6 15 61 8 5 8 
1 1 23 59 63 9 6 5 
2 0 16 63 59 7 9 5 
4 7 8 28 25 8 6 0 
7 3 35 55 25 3 6 9 
2 0 0 37 4 4 4 7 
3 8 49 52 68 5 3 7 
4 1 32 11 55 0 4 0 
5 7 40 41 77 4 1 4 
8 5 36 39 36 5 7 5 
6 8 39 57 44 4 3 7 
5 3 34 59 38 9 9 8 
3 5 39 67 19 5 2 1 
9 1 62 55 20 3 1 7 
5 2 10 37 17 2 2 2 
6 9 16 70 39 6 7 7 
7 7 5 25 47 1 4 9 
9 0 38 48 48 9 9 3 
8 9 16 17 49 5 6 1 
0 7 43 34 26 8 8 2 
8 7 25 24 65 9 5 6 
4 6 49 80 0 3 0 9 
3 0 26 37 41 1 3 9 
1 3 17 69 45 3 1 5 
6 9 11 64 29 4 3 2 
4 0 69 30 59 3 1 7 
8 8 0 53 8 3 2 5 
5 5 3 55 41 8 9 9 
1 2 33 37 37 7 6 8 
4 3 0 85 14 0 4 5 
8 0 31 86 63 5 3 4 
9 2 3 26 92 7 6 6 
5 6 6 41 59 6 7 4 
1 1 0 94 60 4 3 2 
0 1 5 56 76 7 0 6 
1 8 1 27 54 2 4 0 
2 4 11 31 64 0 8 1 
6 0 29 56 84 1 3 9 
6 5 43 43 36 1 7 9 
4 4 21 23 60 7 1 2 
4 0 51 44 48 5 6 1 
2 1 38 27 92 5 1 7 
8 1 31 42 57 2 8 2 
0 1 11 38 77 9 4 7 
4 5 13 39 46 9 3 0 
9 3 3 64 44 6 5 7 
6 6 24 22 58 7 2 4 
0 0 59 8 56 3 5 3 
6 7 66 56 75 3 5 7 
9 6 55 66 73 7 2 5 
5 0 37 34 45 0 5 0 
0 4 12 50 28 4 5 9 
8 6 19 21 32 9 7 8 
9 4 19 54 7 1 1 5 
7 5 19 35 51 9 2 7 
1 3 24 63 61 1 0 6 
1 9 23 63 27 3 3 9 
8 6 16 36 45 8 6 8 
4 0 52 27 31 8 8 7 
6 0 45 75 34 6 5 0 
2 9 39 52 49 2 9 8 
9 3 0 10 26 4 6 6 
7 8 54 29 19 0 8 8 
7 3 43 56 33 3 6 6 
2 5 0 58 13 5 2 8 
1 6 35 52 31 9 8 0 
1 2 48 44 36 3 0 3 
4 0 50 91 52 1 9 9 
9 3 22 76 17 8 2 9 
5 1 32 54 31 8 0 1 
5 5 1 50 43 9 9 6 
9 6 21 55 76 3 0 2 
8 0 38 44 87 0 9 7 
0 4 63 62 29 3 1 7 
1 9 44 12 46 2 5 4 
2 7 44 41 39 8 3 6 
8 6 50 48 16 7 4 5 
5 1 70 48 48 3 8 8 
0 6 1 86 61 5 4 5 
0 0 27 80 48 2 6 7 
8 8 7 65 80 9 9 5 
1 3 8 32 12 5 7 1 
2 5 30 55 68 2 4 1 
9 2 0 88 55 5 0 4 
0 1 29 48 53 7 5 8 
6 7 0 27 52 3 4 8 
0 3 43 52 58 8 6 6 
8 9 25 75 58 3 4 7 
6 1 27 38 47 6 5 1 
0 5 38 35 67 8 9 5 
4 4 8 58 59 3 8 4 
1 4 6 6 55 9 5 0 
4 4 46 40 50 1 4 0 
6 1 37 28 35 5 4 7 
6 1 38 62 23 2 2 6 
4 1 59 60 44 6 8 6 
7 8 32 40 103 3 7 9 
4 1 54 49 54 9 5 3 
0 1 23 44 45 2 5 3 
2 0 14 35 84 4 8 2 
7 4 24 38 77 8 4 7 
2 7 12 18 59 8 6 7 
8 9 30 54 54 6 7 5 
0 0 56 27 43 7 2 1 
2 8 48 51 20 2 9 2 
7 2 36 61 54 0 2 1 
4 0 69 34 69 2 9 5 
3 1 21 69 31 2 1 0 
4 2 14 78 62 4 4 7 
5 5 32 38 55 0 4 7 
2 7 30 55 70 7 8 9 
5 8 32 67 67 3 2 3 
7 4 27 47 74 7 5 6 
0 5 0 19 64 2 7 5 
5 1 2 53 74 3 6 4 
9 3 23 64 25 5 9 8 
8 6 51 33 85 2 2 2 
0 2 28 74 36 2 9 4 
7 0 20 52 14 6 4 5 
5 7 27 69 53 1 4 2 
9 5 14 47 34 2 0 4 
0 2 14 41 79 3 6 5 
9 7 56 76 67 0 0 5 
7 8 27 38 55 9 6 2 
8 8 20 56 43 6 6 7 
1 2 55 57 67 7 9 2 
3 6 40 39 17 3 2 2 
4 7 32 59 53 4 3 0 
9 2 22 58 5 8 7 3 
6 6 63 2 65 8 1 1 
8 0 5 48 62 5 1 6 
7 7 27 78 69 2 8 5 
7 1 9 42 21 9 6 1 
6 3 31 38 37 4 8 8 
1 9 45 35 42 8 8 5 
4 3 51 25 64 6 9 3 
6 1 2 14 51 6 8 0 
5 3 28 38 73 2 0 9 
5 9 15 42 68 7 4 6 
1 0 42 80 27 9 2 0 
4 3 32 51 64 0 3 7 
5 5 29 56 37 2 6 3 
9 5 8 53 50 5 6 8 
1 2 34 77 77 5 0 9 
6 9 21 79 51 8 4 8 
7 0 46 42 69 9 3 5 
8 7 22 51 37 4 9 2 
5 0 38 34 31 9 3 6 
3 4 81 40 48 9 0 6 
4 4 27 26 40 7 5 5 
7 6 0 42 11 6 4 7 
1 1 29 58 63 8 4 0 
2 7 39 51 42 0 8 6 
8 9 29 34 54 0 4 1 
5 1 47 26 49 9 0 7 
5 8 27 37 61 9 9 6 
0 4 49 51 44 6 1 7 
5 6 23 43 47 0 9 2 
8 0 44 89 80 3 7 7 
2 7 50 66 54 4 1 9 
5 8 1 8 5 2 8 1 
2 6 36 22 27 3 0 5 
0 6 42 43 44 2 2 9 
9 7 38 29 34 4 5 6 
3 3 9 48 62 1 9 8 
3 2 23 58 36 8 7 0 
0 9 10 47 38 0 7 8 
2 6 21 88 47 7 4 5 
8 9 38 30 82 2 6 6 
0 6 15 51 95 2 8 8 
9 8 34 79 42 4 3 7 
2 8 43 30 33 3 1 3 
2 2 19 93 67 5 1 3 
0 6 54 57 74 5 9 1 
7 8 13 48 62 1 1 1 
1 5 13 52 78 9 8 1 
6 2 34 28 15 8 3 0 
2 8 55 46 52 1 1 3 
9 7 13 33 63 8 0 4 
4 4 46 35 58 0 0 9 
5 8 22 40 72 6 1 0 
0 1 42 60 42 1 0 0 
7 3 6 39 43 2 2 4 
4 5 32 47 31 3 7 4 
9 1 63 64 41 6 4 7 
4 9 34 43 51 9 3 2 
1 3 26 71 54 8 2 4 
4 9 38 50 62 8 9 4 
7 2 31 83 43 8 1 1 
9 8 23 33 66 8 8 5 
0 7 23 45 59 2 1 4 
3 6 39 80 77 6 3 0 
8 7 8 85 63 7 6 3 
7 8 12 36 48 0 0 2 
9 7 5 20 28 6 4 8 
4 0 2 65 70 0 1 4 
7 2 38 25 37 8 0 5 
8 2 2 63 43 0 8 1 
0 4 54 30 5 0 9 7 
3 2 66 39 27 9 2 7 
8 9 2 28 56 4 0 2 
0 0 18 59 66 6 4 7 
3 8 36 52 56 9 8 1 
2 4 49 25 68 2 3 9 
1 5 53 68 80 7 3 1 
3 0 29 34 23 1 7 7 
4 9 45 25 76 7 7 3 
2 6 23 26 32 2 9 0 
1 2 56 57 49 2 6 7 
7 3 2 74 77 8 3 6 
4 7 25 33 39 5 0 6 
9 8 42 66 45 2 0 2 
2 8 33 66 45 5 8 0 
3 3 31 54 42 8 0 4 
1 1 39 33 56 2 4 9 
1 7 14 50 53 6 8 7 
5 0 56 39 42 2 3 2 
3 7 67 53 76 8 3 3 
6 0 14 26 37 3 0 5 
2 8 22 42 5 4 8 4 
7 2 2 57 63 2 7 6 
6 6 2 62 54 2 7 6 
2 2 50 54 59 8 3 0 
6 9 33 63 47 4 3 4 
0 5 22 43 24 6 2 0 
7 3 42 62 26 3 5 9 
5 7 24 78 20 0 6 1 
9 4 15 27 58 5 4 4 
1 6 46 75 84 4 7 2 
2 8 26 48 62 6 7 1 
3 7 41 50 65 1 7 8 
2 9 31 34 70 9 7 6 
9 9 31 30 85 3 7 9 
4 9 19 64 56 6 6 3 
9 2 1 56 53 7 4 2 
6 7 48 25 53 8 0 2 
9 6 2 20 31 3 3 2 
6 4 28 86 46 7 9 5 
3 4 0 35 33 3 7 5 
8 3 33 69 66 8 0 2 
8 5 27 43 24 3 6 3 
7 2 0 15 54 9 9 9 
4 6 52 40 62 5 8 2 
8 3 0 67 57 7 9 5 
2 6 0 50 101 6 6 1 
2 2 25 10 60 2 0 2 
4 0 47 66 43 9 8 5 
7 3 14 37 11 6 9 4 
2 8 64 89 56 6 8 0 
0 6 43 43 48 6 0 5 
6 5 32 52 38 4 6 2 
6 0 17 31 41 8 0 5 
0 1 62 61 55 6 3 4 
1 5 51 9 21 3 1 9 
4 1 16 62 60 6 0 4 
4 4 48 48 47 8 4 3 
8 4 12 74 24 6 9 6 
9 4 49 74 32 3 9 4 
3 2 66 66 38 2 5 3 
2 2 42 58 38 6 9 2 
2 5 66 82 61 2 4 7 
2 3 22 29 36 3 1 9 
0 2 43 51 20 8 0 0 
0 7 27 13 44 3 1 4 
2 9 35 61 23 6 5 2 
7 8 11 28 23 7 4 8 
7 9 47 66 48 8 0 2 
5 8 16 45 37 3 0 6 
3 2 53 73 65 9 5 8 
5 0 28 28 55 9 0 0 
5 7 31 49 56 9 9 7 
6 8 20 44 32 9 0 7 
6 0 24 52 22 0 2 7 
0 8 57 72 26 9 7 0 
9 7 44 84 36 7 2 5 
9 5 18 2 55 0 6 0 
2 0 30 91 51 0 2 3 
1 2 48 78 40 1 4 5 
0 2 17 31 45 7 5 5 
4 5 39 32 29 7 1 1 
8 9 31 56 37 6 7 2 
0 5 6 41 62 6 1 7 
0 4 45 47 69 0 9 9 
2 3 59 3 39 3 9 5 
4 2 0 25 33 6 6 4 
5 1 39 84 36 3 8 5 
3 2 55 47 86 4 3 4 
0 8 32 84 91 0 0 2 
3 0 36 54 59 4 8 9 
0 8 40 27 55 8 8 0 
9 4 45 35 56 6 8 4 
3 9 16 53 69 3 6 4 
4 4 23 44 48 4 7 3 
0 6 47 50 62 4 9 7 
0 4 27 52 64 0 0 2 
6 0 26 78 70 9 8 4 
9 8 32 89 15 3 5 2 
9 5 38 98 46 9 8 5 
3 4 15 34 79 2 6 9 
9 2 58 51 56 9 7 3 
8 6 33 92 31 1 1 9 
6 9 17 69 50 1 3 3 
2 2 37 17 35 4 8 4 
9 0 41 56 61 1 5 4 
0 2 50 109 75 7 8 8 
7 6 18 53 86 9 1 3 
1 1 35 64 68 1 8 2 
5 1 33 62 64 0 5 0 
3 7 28 60 44 9 7 6 
4 2 7 47 39 3 2 1 
5 8 8 75 103 3 4 8 
3 6 28 41 24 3 2 6 
9 2 0 25 2 7 4 3 
8 6 47 61 71 2 4 6 
1 7 24 63 1 0 1 0 
0 2 10 67 43 8 9 9 
7 2 13 52 38 3 5 6 
4 9 56 25 66 9 8 6 
0 5 68 52 38 6 3 1 
2 7 20 44 84 3 4 6 
5 4 34 22 78 8 6 5 
9 1 22 38 55 9 4 2 
9 7 62 41 74 8 2 3 
7 6 15 63 68 6 9 1 
2 0 49 42 32 4 7 5 
0 1 24 31 26 2 2 7 
0 6 20 50 17 8 1 8 
2 5 49 61 64 1 2 2 
2 3 35 55 21 3 3 9 
0 5 31 43 70 2 4 4 
1 9 22 54 21 5 6 9 
3 6 2 36 100 7 4 9 
2 1 25 74 79 8 3 6 
4 3 19 66 17 3 3 3 
4 4 31 58 50 7 8 6 
2 9 0 84 28 6 9 9 
6 4 50 61 67 5 3 3 
1 3 34 61 47 0 0 3 
3 1 0 52 78 4 7 0 
8 6 41 56 29 0 7 2 
5 8 24 64 58 0 6 6 
4 9 48 49 90 5 2 5 
4 7 20 19 54 2 1 1 
1 8 47 74 62 4 3 8 
1 7 18 77 72 5 4 1 
8 4 35 65 104 4 3 2 
2 6 4 60 54 9 4 4 
2 6 12 38 62 0 6 7 
5 2 65 34 76 9 4 3 
5 0 41 44 44 2 2 0 
7 4 46 35 31 5 7 2 
3 4 18 52 35 5 6 6 
4 6 32 56 46 5 0 0 
9 7 25 49 76 9 2 6 
7 7 38 48 16 4 3 4 
4 8 50 77 40 5 7 7 
6 8 13 66 91 6 6 7 
1 7 28 45 47 8 5 2 
1 1 30 70 50 8 4 9 
5 7 1 76 55 6 5 4 
1 3 21 74 78 5 0 9 
8 2 60 31 88 4 7 7 
9 9 31 24 97 0 5 0 
7 0 24 57 45 8 4 5 
5 0 0 76 60 2 8 8 
4 2 55 49 32 9 3 9 
6 3 50 6 58 4 8 3 
3 1 24 87 55 0 6 4 
6 3 7 41 75 9 6 0 
7 8 40 53 29 7 7 9 
6 3 50 61 37 9 8 0 
9 1 7 72 70 9 3 7 
8 5 47 17 53 7 2 6 
3 8 24 14 69 0 4 8 
1 8 13 32 57 7 4 3 
2 5 31 88 26 1 3 4 
8 7 14 71 23 0 5 2 
3 1 24 84 25 5 7 2 
3 6 55 53 49 7 1 2 
5 2 22 64 56 8 0 8 
0 8 22 16 48 7 2 1 
7 2 41 55 69 8 9 2 
6 6 1 66 50 1 4 7 
6 5 40 29 93 4 2 5 
0 0 46 34 74 6 3 9 
8 7 56 61 11 4 1 5 
9 5 20 61 24 1 4 3 
2 9 29 49 33 4 9 3 
9 5 52 43 50 0 5 7 
0 3 52 45 51 2 8 8 
8 1 21 44 44 2 3 8 
2 3 11 55 98 5 2 4 
3 5 53 25 39 0 3 2 
1 3 41 64 41 3 9 4 
7 8 40 29 71 1 7 9 
5 2 41 61 69 0 1 6 
4 6 2 51 44 7 1 6 
9 8 58 44 70 1 1 9 
2 5 37 43 33 0 6 7 
5 9 32 48 36 3 4 3 
8 9 33 29 67 6 9 2 
8 5 38 90 53 1 2 9 
1 5 49 32 21 2 3 0 
2 0 28 67 40 1 2 9 
0 6 36 19 35 9 4 9 
6 8 0 75 41 4 4 6 
0 2 24 53 21 4 2 6 
8 8 19 39 51 5 1 6 
3 1 43 68 74 0 1 9 
5 2 36 78 77 5 3 0 
9 9 31 89 63 3 6 3 
8 6 31 58 22 0 1 2 
9 8 37 31 0 7 0 3 
7 5 19 61 57 2 2 5 
5 9 41 62 30 1 2 9 
7 8 50 62 78 4 1 6 
2 7 35 89 46 0 4 4 
6 7 43 11 35 8 5 0 
1 9 27 69 48 5 6 8 
1 7 29 55 12 3 0 3 
6 2 30 64 37 4 9 4 
3 8 29 38 33 3 0 5 
3 6 9 57 34 9 7 6 
7 0 29 71 77 7 4 2 
6 5 18 59 51 5 2 9 
7 5 14 79 86 1 2 0 
8 8 25 56 47 5 5 6 
9 4 3 39 46 4 5 8 
8 4 32 41 50 8 6 9 
4 6 42 42 29 6 1 6 
7 3 31 75 38 1 4 9 
9 3 1 31 68 8 5 3 
1 4 5 50 62 4 6 4 
4 5 46 41 36 3 5 7 
7 6 62 53 34 1 1 4 
6 3 0 14 19 1 5 8 
5 9 52 66 45 9 9 0 
9 0 29 53 48 1 2 8 
1 6 40 66 62 2 8 6 
0 1 41 46 50 9 7 8 
4 8 37 87 34 9 4 6 
1 9 25 75 43 7 8 2 
7 4 32 54 57 3 1 4 
1 3 1 44 74 3 3 0 
0 7 47 54 41 2 2 7 
8 3 30 65 30 9 6 2 
7 1 44 44 24 1 4 6 
4 9 44 39 39 9 0 2 
5 8 19 60 49 4 6 6 
4 3 0 41 75 6 9 5 
1 3 20 39 25 4 1 5 
2 6 29 48 46 8 3 8 
2 0 51 42 25 3 4 5 
2 5 26 16 37 8 7 6 
2 7 37 52 57 0 7 8 
2 0 31 27 50 6 7 2 
8 1 21 69 67 3 6 0 
1 6 42 94 60 8 9 4 
9 1 1 63 70 3 5 7 
5 2 65 73 23 4 6 6 
8 0 71 35 45 9 8 3 
6 8 0 57 44 7 4 4 
3 4 57 86 52 5 7 6 
9 9 40 52 69 2 5 4 
4 8 49 30 74 7 9 1 
3 7 43 48 30 9 9 8 
6 2 26 57 43 5 0 2 
0 8 0 76 39 0 9 2 
7 9 31 52 50 7 4 2 
8 6 31 50 33 6 1 4 
6 8 39 47 14 4 5 0 
7 6 48 42 78 9 5 0 
0 1 29 44 44 9 8 1 
8 5 27 74 58 1 6 9 
5 5 42 28 62 5 5 7 
2 2 56 76 66 8 0 1 
0 0 29 80 96 8 5 0 
7 9 15 30 35 9 2 0 
3 0 50 30 45 2 5 5 
4 7 25 47 60 1 9 0 
7 2 37 29 79 5 0 0 
5 4 0 56 25 1 1 8 
1 1 41 49 80 4 9 7 
2 1 35 61 35 8 7 4 
7 7 25 45 61 7 5 3 
8 8 26 63 77 5 6 1 
6 2 14 68 80 3 9 5 
8 0 42 59 66 9 9 8 
3 6 37 24 26 0 0 1 
6 9 20 44 23 0 7 3 
8 3 9 64 43 7 7 2 
4 9 54 23 55 0 8 1 
1 5 60 50 18 7 0 2 
5 9 49 77 76 0 2 0 
2 9 54 49 65 9 0 1 
6 9 7 74 74 1 7 5 
3 4 31 9 61 5 7 3 
1 0 30 72 53 2 7 7 
2 8 43 41 40 0 9 8 
3 4 26 92 82 4 8 4 
7 0 40 37 55 4 1 9 
6 9 0 22 0 3 8 1 
9 8 35 29 66 2 0 0 
5 7 52 93 71 0 2 9 
0 4 63 98 51 5 6 4 
7 4 32 80 26 9 8 6 
4 5 3 47 35 3 7 7 
6 0 36 45 54 4 9 7 
0 2 57 64 36 7 1 9 
0 7 5 21 65 7 1 9 
8 0 45 86 19 5 9 2 
1 7 24 50 35 1 7 0 
7 0 49 41 83 8 8 7 
0 8 39 49 85 1 1 8 
2 7 29 56 59 4 3 0 
5 9 0 60 56 5 1 1 
0 9 27 70 51 2 4 0 
3 4 41 38 60 1 4 9 
6 3 46 61 31 1 5 1 
4 6 50 67 38 1 3 4 
9 9 16 64 44 1 9 3 
9 3 16 77 72 4 7 9 
8 4 8 33 69 7 7 0 
1 3 36 82 94 3 7 5 
9 0 13 61 58 8 1 8 
4 8 41 93 46 8 1 0 
4 0 41 41 0 3 9 9 
1 2 44 66 55 2 5 1 
8 0 9 47 32 8 4 5 
1 2 30 50 80 2 7 7 
3 7 0 15 38 0 8 4 
9 7 45 47 43 8 8 5 
1 6 41 40 67 8 7 6 
9 2 17 14 39 1 2 8 
6 6 25 82 6 9 4 0 
9 1 49 44 53 2 9 5 
6 4 8 65 55 2 3 6 
9 5 20 46 37 9 7 9 
5 3 19 37 52 1 6 5 
6 8 17 40 41 9 9 3 
1 6 5 42 48 2 8 8 
4 4 45 62 48 9 0 5 
4 8 27 39 15 8 1 7 
2 3 0 33 45 8 0 1 
5 3 44 24 25 3 3 7 
5 3 53 59 47 2 4 7 
0 9 28 57 40 7 9 7 
7 0 12 45 37 5 0 1 
3 0 0 74 59 9 4 1 
7 6 56 53 71 9 3 1 
5 4 21 62 65 1 7 2 
0 2 53 59 40 3 0 6 
7 7 45 11 19 0 4 8 
4 9 32 52 11 9 2 6 
7 3 4 28 51 3 0 9 
9 9 67 52 52 8 3 9 
1 2 49 64 35 2 0 5 
2 9 6 22 27 2 5 5 
7 2 27 59 35 5 9 0 
7 7 0 52 55 7 5 0 
8 6 29 81 49 5 4 4 
5 4 14 47 75 7 7 4 
3 5 40 17 63 1 0 2 
5 8 39 41 47 1 6 7 
7 8 20 44 55 4 4 0 
0 3 21 83 20 9 1 0 
1 7 40 35 36 3 1 0 
4 6 22 40 39 3 2 9 
8 2 35 24 22 2 0 5 
6 1 50 34 80 4 6 1 
4 3 10 46 35 6 0 7 
0 2 71 8 54 8 7 1 
8 6 41 48 51 3 6 3 
0 5 31 87 78 1 8 7 
9 8 33 88 66 0 3 0 
3 9 8 53 40 9 7 4 
2 1 51 59 83 9 9 9 
4 0 64 56 68 0 5 7 
0 1 31 50 61 0 3 2 
8 6 15 32 25 4 5 4 
5 2 30 40 3 6 4 8 
9 4 0 51 11 1 0 0 
7 7 13 46 90 0 7 7 
3 2 0 36 33 1 1 7 
5 1 51 71 25 1 4 0 
5 7 29 40 35 7 2 8 
9 7 63 22 77 9 3 0 
7 4 31 113 46 0 3 9 
9 3 30 79 72 5 7 4 
7 7 51 49 76 7 2 5 
0 8 49 62 52 7 4 5 
9 7 42 46 37 5 3 5 
2 7 50 50 41 2 4 9 
1 0 18 56 52 0 5 9 
2 1 21 0 35 0 7 2 
0 2 16 81 54 2 0 3 
3 4 15 67 29 1 3 4 
0 6 31 57 54 2 5 2 
4 5 0 51 35 3 2 7 
0 5 48 40 24 5 9 1 
0 7 69 38 36 4 5 4 
6 7 27 33 36 4 6 0 
0 0 0 102 59 5 2 6 
1 6 32 66 51 7 3 1 
6 8 8 66 62 8 8 4 
1 0 44 31 50 3 2 7 
9 9 26 57 53 1 2 8 
0 8 15 63 42 3 7 1 
1 6 26 45 55 6 5 1 
1 3 46 44 70 2 3 1 
9 9 0 58 63 5 3 3 
4 6 0 86 21 2 2 5 
9 8 23 61 35 1 7 5 
6 4 3 36 43 1 8 2 
7 5 14 53 53 2 7 5 
9 5 32 85 48 6 1 8 
2 6 72 41 52 3 4 5 
9 9 38 50 74 8 2 0 
9 6 38 25 86 2 6 4 
6 4 15 38 78 9 6 6 
1 1 17 79 24 6 0 9 
8 4 43 59 45 6 3 7 
6 0 0 80 49 0 5 8 
2 0 37 38 76 5 9 6 
4 8 46 53 48 0 9 4 
7 4 19 89 12 9 1 8 
0 0 17 58 56 0 3 5 
0 7 14 43 46 7 1 8 
9 8 2 55 66 7 6 1 
4 4 39 46 44 4 8 1 
4 6 0 29 64 5 2 6 
8 1 20 37 55 2 6 5 
6 2 11 34 25 9 9 9 
0 5 36 41 32 7 3 0 
9 1 29 58 75 4 8 3 
6 1 23 64 46 4 9 4 
6 7 60 87 74 1 0 8 
1 3 0 15 42 3 3 3 
6 0 48 16 82 7 3 6 
2 2 11 13 77 2 6 1 
0 9 3 82 56 6 4 7 
7 3 55 49 93 3 0 3 
0 0 10 51 67 3 2 7 
3 2 28 15 46 7 4 1 
4 6 46 65 55 6 3 7 
5 3 56 49 0 7 7 1 
7 4 34 69 38 2 0 7 
5 3 24 29 27 9 8 7 
0 5 39 40 76 4 4 3 
8 1 0 37 24 0 2 6 
3 7 38 43 64 3 3 5 
2 2 38 66 65 2 9 1 
8 3 14 40 58 7 6 6 
0 0 25 58 47 1 0 2 
6 1 14 35 45 8 4 1 
1 7 42 45 67 3 5 5 
3 2 22 58 46 9 4 8 
4 1 36 63 60 2 5 9 
9 4 34 36 74 7 4 0 
1 1 81 23 35 1 4 0 
5 8 0 46 34 8 3 4 
2 9 0 9 44 5 4 5 
3 7 73 27 36 1 3 0 
7 6 17 60 38 6 1 0 
6 1 25 40 54 3 5 2 
2 5 22 46 68 6 5 1 
4 0 37 31 80 9 4 9 
9 5 40 44 32 9 9 0 
7 5 11 20 26 1 8 6 
2 7 18 71 29 6 9 3 
5 2 46 29 58 4 9 8 
6 7 16 32 62 2 5 3 
5 8 19 39 73 4 3 7 
4 6 35 57 32 5 6 0 
7 1 27 75 86 4 6 4 
7 0 0 17 43 4 8 3 
1 9 39 2 44 4 8 7 
5 7 19 63 59 9 4 0 
7 0 18 47 47 1 1 3 
8 6 29 48 34 3 1 8 
7 9 39 45 23 3 3 3 
1 3 43 54 67 3 6 2 
7 5 52 40 57 0 5 9 
4 3 32 48 78 0 7 1 
6 4 70 51 24 6 2 9 
4 9 60 74 51 0 8 6 
3 9 16 30 84 9 3 8 
7 8 14 65 80 0 0 7 
8 5 4 47 38 5 2 0 
6 7 4 60 36 8 4 7 
7 9 56 55 75 0 9 3 
0 3 16 79 67 5 1 3 
4 1 36 24 44 6 5 1 
1 3 68 29 50 8 8 8 
4 2 20 43 79 3 3 6 
5 4 34 38 41 7 5 1 
4 4 67 47 52 6 6 6 
0 4 74 35 28 0 6 7 
8 9 36 89 15 9 0 2 
9 2 37 65 43 4 6 4 
3 7 44 43 39 9 0 5 
5 3 56 46 56 2 6 9 
8 6 21 67 37 4 8 8 
4 9 23 75 73 7 1 8 
9 9 36 29 31 7 2 8 
0 2 20 63 49 5 0 8 
1 1 16 105 24 1 9 6 
9 5 25 82 60 7 1 4 
2 3 10 85 63 6 9 6 
0 5 0 33 48 8 5 4 
4 1 33 1 30 3 0 4 
4 6 49 72 97 5 5 6 
0 6 10 13 86 4 4 6 
9 6 59 43 39 3 6 6 
4 3 7 78 26 2 1 5 
1 1 31 43 47 2 7 9 
1 7 29 62 28 5 6 6 
5 4 13 22 59 1 0 7 
0 9 0 62 70 3 2 9 
8 8 2 81 46 4 5 6 
7 6 27 34 54 4 6 3 
5 9 34 29 29 5 2 4 
4 7 26 42 41 9 3 0 
5 4 52 47 49 3 7 2 
3 7 0 70 27 9 5 6 
9 7 30 37 54 5 1 8 
6 5 45 0 61 6 6 5 
9 6 33 37 34 1 1 9 
6 0 7 76 23 7 2 3 
2 7 32 68 19 3 1 2 
3 0 36 50 51 0 0 8 
5 6 9 37 24 8 2 8 
0 2 52 64 15 3 3 9 
8 8 38 39 21 2 1 5 
0 2 0 43 51 7 0 4 
0 3 3 72 61 3 7 4 
2 8 9 17 38 6 3 8 
2 2 55 66 29 4 9 8 
4 0 36 0 40 5 7 1 
0 4 54 60 41 8 5 0 
8 0 41 65 74 6 3 7 
8 4 23 35 56 2 0 1 
7 3 43 55 21 0 6 4 
1 6 58 71 75 4 5 4 
0 4 48 64 62 2 9 9 
8 2 21 87 32 4 8 8 
1 1 7 53 91 5 6 3 
6 9 8 35 69 8 6 2 
7 0 26 46 23 3 2 8 
3 5 42 43 72 6 8 9 
9 6 21 32 29 6 6 9 
4 9 0 52 87 9 9 3 
4 5 24 64 0 4 3 1 
0 5 7 18 26 1 9 3 
6 4 17 62 54 9 8 4 
7 1 56 46 35 0 8 4 
0 3 23 54 45 1 1 1 
5 0 14 70 25 0 3 4 
1 0 55 52 39 2 5 3 
0 5 48 26 60 7 6 5 
1 2 0 71 16 0 5 4 
1 6 26 53 64 6 9 8 
9 1 23 70 76 3 4 6 
1 9 49 69 78 6 4 8 
3 2 32 54 70 9 1 4 
2 4 43 74 18 9 6 5 
8 0 59 62 23 2 1 2 
5 4 38 39 45 2 8 5 
6 2 27 44 69 2 4 6 
8 2 32 29 22 0 0 8 
8 4 21 66 31 6 4 1 
4 2 45 58 76 8 1 3 
4 7 29 15 64 0 7 0 
0 2 48 40 65 0 0 9 
6 9 19 41 67 5 4 4 
8 8 21 51 42 0 5 8 
7 8 72 55 41 9 8 6 
4 7 40 34 19 1 7 4 
4 3 19 75 6 7 4 5 
5 1 0 105 30 7 2 2 
0 6 29 36 43 9 9 2 
6 8 32 24 47 4 5 6 
1 5 48 90 78 9 0 7 
6 3 0 49 29 7 0 6 
1 2 26 57 40 3 5 5 
3 1 31 38 34 7 1 0 
2 0 45 92 48 1 6 1 
6 3 31 42 47 0 2 3 
2 2 71 52 63 2 0 0 
3 5 16 52 59 1 2 5 
6 3 29 32 34 8 8 2 
1 0 5 50 76 3 6 2 
4 7 40 51 38 7 4 9 
2 4 20 32 31 4 7 1 
1 3 2 60 66 8 6 8 
9 4 61 89 59 3 4 8 
6 4 21 27 59 4 3 6 
0 6 12 55 67 1 7 0 
1 1 57 30 52 4 8 2 
7 0 39 72 78 0 0 0 
9 5 13 61 79 7 1 5 
3 5 55 46 66 3 0 4 
2 7 44 52 39 3 6 0 
1 8 40 16 54 0 3 6 
2 4 43 38 35 9 0 6 
2 6 23 65 0 8 0 7 
4 9 23 61 45 0 6 7 
2 3 52 30 66 1 6 3 
8 4 28 49 22 3 6 7 
2 7 26 44 56 3 7 9 
4 2 43 52 44 2 9 5 
8 5 51 63 46 3 9 7 
3 0 22 51 24 3 3 7 
5 8 5 17 27 5 6 9 
7 8 37 28 58 8 2 0 
7 7 34 76 55 6 4 4 
0 2 62 51 56 2 5 2 
1 3 50 39 25 8 6 1 
8 6 36 66 52 5 8 5 
9 1 41 62 41 7 1 9 
7 4 31 36 33 1 9 2 
9 5 35 31 38 3 9 2 
2 0 0 91 28 0 2 6 
6 6 44 32 48 1 3 9 
4 4 22 69 35 1 1 2 
5 4 3 55 45 4 4 3 
5 4 15 45 20 4 3 7 
1 3 41 72 57 4 9 7 
6 4 24 51 25 5 7 1 
3 0 0 43 55 1 7 6 
3 6 43 52 51 0 8 9 
3 7 0 40 36 2 1 7 
4 8 32 43 28 8 1 5 
5 9 51 63 68 9 1 6 
3 8 34 33 13 0 3 3 
2 8 63 54 27 0 0 4 
7 8 56 73 0 5 5 6 
5 9 97 39 28 0 1 9 
5 9 56 55 43 4 9 6 
9 9 44 69 62 1 0 6 
3 4 9 41 69 6 1 8 
7 4 15 91 42 6 0 3 
3 8 21 47 113 9 2 4 
0 0 20 39 31 1 6 9 
0 7 3 34 69 3 0 6 
3 0 60 57 69 4 2 3 
4 0 8 36 40 0 5 9 
1 1 6 43 72 1 9 9 
1 4 16 62 66 8 8 3 
5 7 72 44 72 9 3 0 
0 8 31 50 49 2 7 3 
1 8 14 46 52 7 7 0 
1 8 27 48 30 7 8 7 
8 3 36 36 59 5 6 1 
8 8 9 69 34 6 5 1 
8 7 37 78 77 8 7 0 
1 1 33 31 33 6 4 8 
3 1 9 58 37 5 1 6 
5 8 18 17 5 5 1 2 
2 3 39 102 54 4 3 8 
8 4 22 58 59 0 2 1 
9 8 30 39 45 7 9 5 
9 0 22 25 47 4 5 4 
5 8 42 37 33 8 8 6 
6 9 25 69 40 9 5 6 
5 6 13 44 31 7 5 1 
3 9 46 58 45 0 8 7 
4 4 23 84 33 1 2 5 
3 7 69 85 78 3 3 5 
6 8 53 77 68 6 4 7 
1 1 33 21 62 2 4 7 
8 8 45 49 40 9 7 7 
5 7 18 67 42 3 2 6 
7 7 49 67 22 6 6 9 
9 4 17 51 61 2 4 3 
3 8 35 95 44 7 5 3 
9 2 15 80 90 3 3 2 
2 4 33 23 76 6 2 2 
0 5 22 57 56 9 4 7 
6 9 39 65 36 2 9 8 
3 5 37 31 48 6 0 2 
7 8 2 33 38 8 9 9 
7 7 43 47 17 2 8 5 
9 8 54 60 99 8 4 5 
3 7 36 42 57 3 6 2 
4 6 42 48 61 0 5 4 
8 6 52 34 35 1 5 2 
4 5 23 26 65 5 1 6 
8 6 55 43 3 6 5 0 
7 0 35 31 45 6 0 6 
0 5 55 54 35 7 1 3 
2 8 41 45 64 7 2 1 
4 8 0 74 35 3 0 6 
3 4 49 62 36 0 6 7 
7 7 8 62 67 1 5 8 
0 3 40 14 42 0 1 9 
0 5 51 61 34 7 0 4 
6 6 22 25 68 1 5 4 
9 0 36 45 61 0 5 6 
1 3 60 43 44 8 9 4 
0 3 30 57 70 1 8 1 
9 7 11 34 43 4 0 9 
1 1 33 59 46 3 4 7 
6 5 21 48 49 9 6 3 
7 7 34 51 70 0 1 0 
9 7 27 43 48 2 0 4 
5 3 35 69 25 2 6 2 
2 9 20 26 43 8 4 4 
2 5 40 67 40 4 3 5 
6 5 61 88 61 1 1 3 
3 8 2 51 40 9 3 8 
3 1 0 58 89 1 8 0 
0 2 40 4 79 4 1 1 
5 4 33 54 47 0 4 8 
2 0 8 22 43 2 2 2 
8 3 48 32 94 9 6 4 
4 3 16 77 39 2 8 0 
0 4 12 26 39 8 3 9 
0 0 49 58 46 2 1 0 
5 6 30 31 83 4 9 5 
4 9 46 54 88 4 4 1 
3 3 46 68 59 6 5 0 
4 3 36 55 57 5 6 3 
9 1 19 7 72 1 6 8 
9 0 16 55 42 3 2 3 
2 6 21 94 44 2 9 5 
6 4 46 49 47 2 6 3 
5 3 22 55 42 9 2 2 
1 6 35 30 51 2 9 0 
4 8 12 22 58 8 3 4 
8 7 29 43 46 2 2 8 
8 4 35 23 58 4 1 0 
3 5 0 64 42 7 0 5 
7 7 11 91 61 6 8 4 
8 7 49 67 63 7 8 7 
9 8 17 35 47 8 6 2 
6 7 67 45 83 9 9 0 
7 5 29 47 73 1 1 9 
6 7 25 70 53 2 9 4 
6 6 52 21 20 4 4 8 
5 3 0 53 68 7 9 1 
6 2 36 40 55 5 0 7 
0 1 57 51 53 9 2 1 
1 6 16 40 59 6 4 9 
9 1 35 20 43 6 1 7 
0 2 3 29 29 5 8 6 
5 1 48 31 40 8 8 4 
7 8 45 19 35 5 2 5 
5 0 33 55 59 4 0 4 
0 9 0 35 50 3 5 0 
1 0 29 59 58 1 0 3 
8 3 26 56 57 2 7 3 
2 1 30 75 63 8 0 9 
4 4 50 36 47 4 4 4 
6 1 5 54 55 8 3 8 
9 8 45 77 43 8 3 6 
5 4 10 77 37 5 3 9 
1 9 26 63 82 4 9 3 
1 6 8 31 35 9 5 0 
8 0 3 60 53 2 3 8 
7 0 0 56 57 6 0 1 
2 9 26 21 53 4 6 3 
3 4 38 48 26 5 0 5 
4 5 16 43 54 9 2 4 
5 1 65 49 32 3 2 8 
6 4 11 73 21 1 8 6 
0 6 31 54 29 0 8 7 
4 6 44 52 40 2 1 5 
8 2 23 87 29 2 3 8 
2 0 6 89 68 6 7 8 
8 6 49 0 25 7 2 0 
2 9 40 59 63 3 0 0 
3 6 39 86 10 6 3 8 
0 9 25 9 60 7 8 4 
0 4 17 70 20 1 1 0 
7 3 52 40 55 0 2 1 
3 6 44 31 21 6 8 9 
7 7 35 53 61 3 5 8 
5 8 41 31 25 8 4 4 
8 0 47 54 43 1 0 8 
6 5 26 23 53 6 0 8 
8 0 12 75 44 7 4 2 
3 6 24 29 68 0 9 7 
8 6 60 58 83 6 6 8 
1 1 46 44 75 9 5 0 
0 3 32 53 37 6 9 3 
8 8 17 39 88 8 9 5 
9 8 1 70 55 4 0 4 
7 8 37 44 51 3 0 9 
2 7 22 32 86 2 0 2 
6 4 12 72 44 1 8 7 
8 7 35 44 98 4 5 2 
9 1 0 60 39 0 4 7 
3 9 30 55 24 3 3 1 
4 0 35 42 48 7 1 9 
5 9 12 27 86 7 4 8 
9 2 17 17 65 4 3 8 
5 0 70 72 63 6 8 1 
7 3 26 30 20 3 5 6 
1 6 8 45 49 1 7 8 
8 3 48 22 35 6 7 2 
2 5 25 51 49 0 5 5 
9 2 54 0 75 8 9 6 
8 9 7 76 38 3 3 6 
1 7 37 42 68 9 2 6 
4 4 15 43 47 1 8 1 
7 6 27 75 41 3 4 7 
4 3 25 0 22 1 1 5 
2 1 25 73 49 1 0 8 
4 5 34 27 39 3 5 1 
2 9 27 6 30 0 2 1 
6 2 33 81 41 4 9 1 
6 3 50 70 27 2 5 1 
5 1 41 21 59 0 3 9 
9 9 33 64 44 4 3 6 
1 5 8 42 66 4 4 0 
7 6 76 42 28 1 1 6 
7 5 11 47 42 4 3 8 
3 0 45 41 50 6 8 2 
5 1 55 68 73 9 3 5 
8 2 13 43 59 0 4 1 
2 2 57 35 28 3 8 7 
8 5 66 44 41 7 8 3 
1 6 50 58 52 5 8 7 
3 3 7 51 64 2 4 9 
3 8 30 60 68 9 0 9 
8 3 25 71 29 9 7 8 
8 0 54 67 34 2 2 0 
5 3 15 4 38 9 5 1 
6 4 59 46 52 1 8 6 
8 0 18 39 58 1 5 4 
8 1 51 0 61 9 3 0 
1 2 25 42 74 7 3 2 
4 6 30 65 35 0 9 4 
5 6 24 49 12 8 9 9 
7 8 34 54 27 1 3 3 
8 8 35 30 66 0 2 5 
4 6 23 44 64 7 3 2 
2 5 54 56 32 5 8 9 
1 0 65 62 57 7 7 3 
4 9 22 76 57 3 9 9 
7 5 47 49 24 7 4 7 
2 8 34 5 75 8 4 5 
7 6 0 35 52 5 8 3 
8 0 0 73 35 3 8 5 
1 0 6 35 18 5 9 8 
7 6 21 78 57 5 5 0 
8 5 21 37 58 5 9 1 
0 0 47 45 37 6 7 1 
2 7 20 34 63 5 2 4 
5 0 50 42 51 0 7 9 
2 1 33 30 27 3 8 1 
0 5 18 44 69 3 1 8 
7 0 0 45 66 9 3 4 
2 5 25 69 45 5 1 8 
5 7 43 58 10 8 8 4 
1 4 13 43 0 9 9 0 
6 7 23 5 71 0 4 5 
7 7 0 61 78 7 4 9 
5 6 33 76 71 4 7 5 
5 3 33 65 66 1 2 1 
8 8 57 73 41 2 7 0 
2 3 25 64 64 9 5 2 
7 5 13 55 60 9 6 1 
6 3 61 74 11 5 2 7 
5 4 18 60 46 6 2 9 
3 0 35 44 30 1 1 8 
5 6 65 40 26 8 8 4 
1 6 72 66 56 3 6 5 
5 1 25 28 61 5 7 4 
0 7 57 38 42 1 0 2 
5 2 10 27 50 5 6 5 
4 2 37 21 26 3 2 4 
6 0 6 57 39 3 6 5 
4 9 7 50 68 6 5 8 
1 4 23 77 72 2 1 9 
7 6 24 69 70 3 4 1 
3 7 12 0 63 1 4 5 
8 3 42 32 52 8 4 2 
1 5 50 75 43 9 3 5 
5 6 28 37 68 7 0 5 
7 7 42 62 50 9 4 4 
0 8 44 19 97 5 2 5 
1 2 39 69 81 6 4 2 
7 2 54 56 62 5 0 4 
5 1 47 47 6 0 4 6 
8 8 1 47 32 8 2 1 
6 6 0 70 77 3 6 6 
1 0 18 36 23 8 4 8 
0 1 19 38 82 4 6 8 
8 8 31 39 43 7 8 9 
4 7 47 31 36 8 8 6 
5 3 31 41 47 8 4 8 
0 0 21 6 41 5 9 1 
7 4 42 45 72 7 0 9 
9 4 53 90 57 2 5 5 
2 7 51 60 28 7 4 3 
8 4 33 11 53 8 2 8 
8 6 0 61 86 7 2 3 
2 0 5 81 64 6 2 6 
5 8 0 55 60 1 4 2 
5 5 32 56 39 5 2 1 
1 4 49 103 22 6 3 3 
3 6 44 47 48 0 6 1 
0 6 54 73 74 3 1 2 
7 7 47 53 65 7 8 0 
1 4 58 38 32 0 1 8 
4 9 16 56 70 0 7 8 
3 2 33 78 56 5 7 0 
5 7 44 1 45 2 5 3 
6 9 23 55 12 2 4 9 
0 6 42 63 81 4 2 8 
4 3 9 55 62 9 4 6 
9 7 26 38 81 2 7 9 
4 0 49 28 59 7 0 1 
4 6 41 24 46 6 0 8 
3 0 46 65 41 5 4 2 
4 8 26 64 58 6 0 3 
0 6 31 5 51 2 8 5 
8 2 34 20 32 0 4 6 
9 1 18 0 48 6 1 5 
8 9 28 52 7 3 6 0 
8 7 38 38 24 1 5 8 
4 3 50 74 79 3 0 3 
1 4 27 31 71 9 8 3 
3 6 23 18 55 4 7 5 
7 5 32 70 27 9 2 6 
4 9 52 38 27 8 3 7 
8 7 21 38 45 4 8 8 
6 2 0 49 40 3 2 7 
4 4 36 14 39 8 9 2 
6 9 25 53 42 6 1 0 
2 5 22 69 41 5 6 6 
6 1 0 36 41 8 5 3 
3 8 33 35 83 3 9 4 
0 5 21 38 76 9 2 4 
6 2 52 57 57 9 3 1 
6 4 70 81 45 1 4 2 
3 3 54 76 64 1 4 6 
5 2 12 64 58 7 1 2 
2 8 23 53 54 6 6 8 
0 2 14 56 57 2 2 8 
8 0 41 72 34 9 1 8 
4 1 25 9 5 8 9 8 
1 2 0 70 19 8 2 5 
5 9 6 3 24 5 6 0 
4 9 31 69 60 8 8 0 
3 9 41 40 18 7 4 5 
2 4 44 58 77 3 9 6 
0 8 40 67 43 4 3 7 
5 3 51 81 25 1 2 4 
4 7 60 24 27 2 1 9 
7 5 48 52 59 7 9 7 
7 0 53 54 49 8 7 3 
8 4 18 63 72 8 6 0 
8 7 17 33 81 3 7 7 
8 2 11 72 45 8 5 8 
3 5 11 88 51 0 9 1 
2 2 49 46 27 6 7 6 
2 0 27 55 61 4 7 9 
7 8 14 22 84 6 7 7 
1 3 48 79 44 8 0 5 
3 1 50 26 67 5 3 3 
9 4 61 58 57 5 7 3 
0 9 30 69 26 0 0 2 
4 8 38 11 51 0 4 9 
9 6 35 59 33 2 9 5 
7 7 49 37 60 1 8 3 
6 2 48 40 27 0 2 4 
1 0 22 28 42 7 8 8 
1 5 46 47 68 4 0 7 
0 5 41 45 18 9 3 7 
9 7 70 43 39 8 6 8 
1 2 51 52 28 7 4 1 
4 3 14 74 37 0 0 2 
0 4 22 76 59 9 3 5 
3 8 24 14 14 2 9 8 
6 0 54 73 43 9 7 0 
3 8 66 38 72 6 7 1 
9 0 22 70 42 4 1 7 
7 1 0 72 69 2 9 6 
7 7 9 54 31 8 6 5 
4 6 27 31 37 5 6 4 
9 3 68 40 62 7 4 9 
1 4 60 63 24 1 6 3 
8 1 4 68 60 4 9 2 
1 5 56 61 45 9 6 3 
2 6 34 34 81 2 9 4 
3 6 39 65 51 9 1 7 
8 7 39 87 69 0 8 7 
1 6 19 63 64 3 2 3 
0 0 44 53 65 0 9 6 
1 5 32 54 10 5 0 9 
6 5 18 37 82 8 3 6 
4 8 19 61 1 2 4 0 
6 8 28 84 42 5 5 9 
9 3 42 91 55 6 5 1 
2 6 51 86 37 7 4 1 
1 5 26 32 61 3 8 7 
6 6 33 41 57 5 0 9 
0 4 22 78 48 3 8 5 
4 5 0 49 52 4 1 9 
9 4 1 64 45 5 3 2 
3 0 18 39 53 7 3 6 
9 8 26 71 54 2 4 5 
8 0 77 63 35 2 7 8 
5 2 48 56 0 9 1 6 
1 0 9 29 37 3 3 3 
9 6 61 65 13 3 5 7 
1 7 36 66 29 4 9 8 
8 0 50 26 53 1 3 2 
5 1 8 46 46 3 8 9 
1 6 26 85 47 8 4 0 
6 5 26 51 26 0 9 2 
4 9 44 86 60 5 3 5 
2 7 39 13 57 2 7 5 
7 8 33 46 77 4 7 5 
2 0 19 67 49 9 8 3 
8 9 19 58 60 4 6 2 
1 2 47 37 7 2 1 5 
4 7 50 57 42 7 2 6 
3 6 53 54 28 9 4 1 
0 5 13 20 56 3 0 1 
4 6 31 30 48 5 4 5 
1 6 30 17 28 5 4 1 
6 4 55 76 84 4 6 3 
1 7 0 63 58 4 6 5 
5 6 25 51 78 1 9 8 
5 1 19 64 72 4 5 4 
6 4 24 59 35 8 9 6 
2 5 48 58 75 5 0 8 
9 2 37 67 61 6 3 6 
8 0 37 75 68 3 7 6 
3 5 70 64 33 3 9 5 
0 1 39 39 14 9 7 2 
4 6 40 80 39 7 5 6 
5 2 7 33 87 3 2 7 
1 7 16 48 49 8 5 0 
8 8 54 58 22 4 3 6 
5 3 42 30 41 5 5 2 
3 5 33 63 61 8 1 2 
7 1 6 44 37 2 6 8 
2 5 45 52 81 5 9 3 
4 4 40 42 46 9 6 5 
0 2 0 87 69 2 3 3 
8 1 52 92 34 0 7 7 
1 0 0 62 25 6 3 4 
6 5 2 64 52 0 0 7 
8 8 3 39 56 4 9 0 
8 5 24 79 50 0 6 7 
5 0 50 29 45 7 0 4 
6 8 51 36 45 7 3 4 
3 7 49 28 66 9 0 0 
0 8 22 50 85 9 3 1 
5 9 15 18 45 2 4 0 
3 7 60 57 52 6 9 9 
0 8 73 44 86 5 0 8 
1 5 83 30 42 9 4 3 
1 4 23 77 57 5 1 7 
9 6 25 50 49 9 9 8 
1 4 48 59 41 9 1 3 
5 7 30 47 51 9 1 0 
1 3 27 51 64 5 7 4 
9 6 25 40 55 4 9 5 
1 7 5 50 42 0 2 7 
1 3 35 49 36 3 0 2 
7 5 18 42 49 8 7 2 
2 3 18 45 63 8 3 8 
9 1 25 65 51 7 3 6 
9 8 0 95 48 4 3 9 
0 6 30 32 42 8 9 3 
4 8 0 56 60 2 8 2 
4 1 14 33 69 9 7 8 
0 2 10 43 29 8 6 1 
9 8 9 81 75 1 5 6 
7 0 29 46 66 1 0 6 
2 5 22 69 42 8 9 3 
3 9 28 73 84 9 9 3 
4 7 13 44 61 0 9 8 
5 8 0 41 43 6 7 3 
1 9 37 36 53 0 2 0 
0 8 32 64 81 7 7 1 
7 6 33 54 78 8 4 7 
8 6 34 30 21 8 5 0 
9 9 23 88 15 5 0 2 
6 5 0 69 45 5 3 4 
9 5 18 67 39 4 3 8 
0 8 50 43 24 4 2 6 
2 1 45 54 52 5 6 4 
7 1 34 32 49 9 4 2 
8 1 32 83 35 2 5 9 
2 0 8 85 48 1 3 6 
7 7 38 45 28 7 9 9 
8 7 29 68 48 1 1 5 
9 7 37 65 54 7 1 7 
8 2 59 24 69 9 6 6 
4 1 0 62 55 2 6 8 
1 0 24 28 53 1 8 2 
9 1 0 49 19 9 3 8 
7 0 0 43 43 6 1 4 
4 6 15 33 38 3 1 5 
8 0 23 21 76 9 0 0 
7 1 33 54 59 5 0 7 
7 1 0 38 46 6 0 3 
9 9 32 50 37 8 7 9 
3 2 40 57 75 7 0 2 
8 6 0 26 35 0 8 6 
8 9 23 8 46 7 4 0 
1 8 62 58 46 0 1 9 
8 3 4 72 31 6 9 6 
3 8 11 71 64 2 9 3 
5 6 36 27 57 1 7 5 
3 8 0 43 23 8 1 6 
1 9 44 25 47 6 1 7 
5 7 35 57 25 0 8 1 
5 0 53 84 21 4 1 6 
2 1 33 56 83 8 6 1 
1 7 53 61 54 2 5 1 
0 7 6 47 53 2 7 7 
0 6 48 49 42 9 7 1 
2 5 40 73 87 2 2 8 
6 7 31 74 33 0 1 7 
8 4 34 65 45 9 5 7 
5 3 34 9 13 9 3 8 
4 2 28 68 77 2 5 7 
2 4 36 28 30 3 2 9 
2 9 31 49 55 5 2 5 
1 1 25 70 44 6 0 5 
7 5 31 70 38 0 0 9 
2 3 9 32 50 2 4 4 
1 6 42 24 18 8 3 8 
0 6 42 56 52 1 0 0 
4 6 35 25 50 5 8 1 
4 0 13 39 56 3 0 2 
6 6 13 53 30 8 4 0 
6 3 45 86 52 5 6 6 
3 5 61 64 72 5 7 9 
0 3 47 92 47 9 0 7 
5 8 34 41 33 6 4 1 
9 2 23 32 36 3 3 6 
4 7 26 74 86 5 8 2 
7 4 2 5 59 6 6 5 
8 2 58 44 50 4 4 2 
0 2 26 58 81 6 7 0 
9 8 50 63 51 9 1 8 
7 6 54 90 71 6 9 3 
4 4 48 78 58 7 3 0 
1 7 49 27 73 5 7 9 
7 8 55 40 63 6 5 2 
2 2 45 33 84 7 0 3 
8 0 53 25 49 2 9 2 
1 3 9 48 30 4 7 9 
3 4 31 34 42 0 7 1 
5 8 12 60 19 0 1 1 
1 8 12 68 40 6 2 6 
4 4 29 51 21 2 2 2 
6 3 55 64 38 9 2 4 
5 7 34 46 51 4 1 8 
3 5 51 11 27 0 5 3 
0 3 45 51 56 4 9 7 
0 6 36 106 64 0 3 4 
0 3 11 34 34 9 2 8 
6 3 16 72 34 8 4 2 
9 5 0 37 22 1 0 4 
7 7 0 76 44 0 9 4 
2 2 4 57 48 5 2 3 
8 8 55 55 33 5 0 7 
9 9 31 66 48 4 5 6 
2 5 5 32 76 2 5 2 
5 1 57 59 54 7 3 9 
4 1 2 56 64 7 3 3 
5 0 29 72 49 6 0 3 
4 6 23 27 47 2 3 0 
3 0 1 36 66 7 0 4 
6 9 20 20 65 2 0 9 
6 7 63 55 17 5 5 7 
0 1 57 33 56 9 1 5 
9 8 12 51 52 2 4 4 
6 6 54 39 50 4 9 1 
2 8 40 34 50 0 5 4 
2 8 0 56 67 3 4 6 
6 5 10 54 62 0 2 7 
0 6 46 27 59 3 4 2 
9 6 42 42 75 1 6 1 
8 5 37 31 47 1 9 3 
8 6 7 36 39 2 5 6 
7 3 0 60 44 1 6 5 
8 4 23 46 50 7 8 2 
5 6 70 72 86 2 3 8 
3 7 20 5 60 4 7 6 
8 7 38 72 24 4 2 3 
7 3 18 62 39 1 9 4 
2 1 80 38 62 9 7 8 
2 3 32 45 49 0 2 4 
4 7 20 67 65 4 8 9 
9 9 34 84 47 4 7 5 
7 0 31 68 35 0 3 7 
9 1 48 67 28 1 5 7 
5 0 34 46 78 3 7 3 
7 4 15 55 53 5 6 1 
1 3 50 0 44 1 6 9 
8 4 29 0 2 8 9 3 
2 0 28 40 57 1 7 3 
8 0 30 32 28 7 4 0 
5 6 22 50 36 8 5 7 
1 0 42 63 66 6 3 7 
7 1 0 12 95 1 9 5 
7 3 0 32 86 7 9 6 
0 0 5 83 23 6 5 0 
1 0 28 47 70 5 3 1 
4 3 40 18 82 3 2 1 
8 4 2 23 49 6 8 3 
0 8 50 16 53 3 4 5 
0 9 66 34 22 4 7 6 
5 1 26 4 38 2 3 2 
0 5 26 49 27 8 3 7 
6 9 0 43 59 9 7 6 
4 1 43 67 78 6 7 8 
7 5 46 20 32 4 3 8 
0 2 0 40 36 0 9 0 
0 2 4 53 42 8 3 8 
9 2 33 49 59 5 7 3 
5 9 13 50 44 2 9 7 
0 8 56 92 56 7 6 9 
4 8 39 51 58 5 4 6 
3 1 33 26 45 3 9 2 
9 2 33 52 82 9 7 9 
9 2 31 64 61 8 0 1 
6 5 26 58 70 6 4 6 
5 1 1 71 87 2 3 5 
2 9 21 74 21 7 8 0 
0 6 26 61 78 8 4 3 
5 0 15 62 65 7 3 6 
7 5 13 56 25 4 7 7 
5 9 39 56 59 2 0 5 
1 2 60 59 68 3 7 4 
9 7 59 60 42 7 4 0 
6 4 0 74 37 1 6 2 
5 2 47 54 73 6 5 5 
4 8 23 73 34 1 4 1 
9 5 19 25 33 4 1 2 
1 5 36 72 57 0 3 7 
3 8 0 31 38 5 2 4 
3 4 45 42 50 4 4 7 
4 9 10 41 61 4 8 5 
5 4 0 59 27 0 1 7 
1 2 19 33 64 2 1 4 
5 1 42 58 40 8 1 2 
7 9 51 44 60 9 8 1 
2 9 4 30 61 7 6 5 
7 7 41 38 57 5 9 6 
5 2 51 90 26 3 0 4 
8 3 18 40 56 2 0 1 
6 9 52 62 29 6 7 4 
2 3 20 71 50 3 6 7 
4 1 0 78 86 9 9 5 
0 6 17 12 28 8 7 7 
5 9 66 31 43 7 1 2 
2 9 43 55 36 1 4 6 
7 5 43 11 59 1 3 9 
0 5 33 33 34 5 6 1 
6 3 0 56 50 5 7 1 
2 1 16 55 51 8 3 4 
8 4 30 26 54 4 3 8 
5 5 81 48 24 0 1 4 
9 1 0 43 43 9 9 2 
3 0 41 19 70 6 5 0 
7 9 38 17 39 0 9 7 
3 3 25 31 19 1 0 2 
3 2 11 41 67 3 6 5 
5 3 26 64 4 6 8 7 
6 1 33 30 51 2 4 0 
3 1 29 20 59 9 3 2 
3 2 34 53 52 0 1 0 
7 3 73 38 39 3 4 2 
7 1 7 108 62 4 6 0 
9 3 7 41 66 6 3 0 
9 9 38 27 54 3 9 0 
9 8 29 53 43 2 4 9 
5 9 43 35 45 3 3 3 
7 9 46 36 62 8 4 0 
1 8 10 91 64 0 9 4 
9 4 43 45 26 7 4 4 
6 6 33 52 39 0 2 8 
7 5 40 23 66 7 2 8 
2 6 6 46 54 9 4 0 
9 4 40 13 70 7 0 5 
5 2 22 66 34 3 8 2 
3 4 24 89 33 8 9 3 
0 3 22 59 49 8 4 9 
9 1 69 40 36 4 6 2 
0 2 45 38 33 4 6 0 
0 4 38 32 31 7 2 8 
6 4 24 93 75 4 0 9 
6 4 42 38 62 5 2 6 
0 5 48 43 61 8 6 3 
4 8 22 72 51 2 3 0 
1 9 17 43 6 0 8 2 
2 9 30 46 54 0 1 6 
8 0 28 91 58 0 3 7 
2 5 26 51 55 3 7 3 
7 2 27 5 52 9 9 7 
0 8 48 104 56 7 6 6 
3 3 26 48 57 0 0 5 
9 6 0 13 81 3 9 3 
7 0 52 39 47 1 6 9 
7 0 15 71 74 2 4 5 
9 2 53 18 53 1 3 0 
9 5 15 41 36 3 7 5 
7 3 37 73 58 3 4 4 
2 3 34 63 74 6 6 9 
6 7 0 84 62 8 6 5 
7 5 10 33 30 2 2 7 
7 4 42 67 37 6 6 9 
9 4 23 48 58 9 0 4 
9 5 75 42 38 2 3 4 
3 1 55 27 32 6 4 4 
5 8 31 50 47 1 6 5 
2 4 50 31 55 0 0 0 
4 3 64 30 48 8 2 8 
0 2 44 65 66 6 6 0 
2 2 21 79 67 0 1 0 
3 8 32 47 49 6 7 4 
7 0 35 42 68 1 6 0 
8 9 22 56 68 2 7 1 
0 9 19 73 70 9 6 9 
4 0 38 65 74 8 4 1 
2 0 21 61 43 4 8 2 
4 3 28 49 65 6 9 4 
6 0 0 54 24 8 7 0 
8 6 24 19 62 1 0 2 
9 7 58 22 17 4 2 9 
5 0 25 92 48 0 4 6 
2 4 13 59 36 1 4 2 
9 8 28 42 33 1 1 9 
2 6 65 60 38 2 1 8 
0 7 19 52 50 2 2 0 
4 7 25 41 39 0 4 3 
9 4 17 46 37 4 1 8 
7 6 48 49 45 0 2 5 
4 9 0 16 57 6 3 7 
4 8 32 71 70 9 2 3 
5 3 0 69 41 7 3 0 
8 8 4 68 27 2 3 7 
7 9 58 52 81 4 2 5 
1 2 23 39 83 9 2 0 
5 6 34 31 51 6 1 0 
5 2 26 53 15 4 2 0 
3 5 31 18 72 6 5 6 
9 3 34 41 56 5 5 1 
5 2 67 40 65 8 8 4 
0 6 55 61 67 2 8 8 
1 1 0 16 97 3 1 0 
4 1 34 43 48 1 7 3 
2 5 47 62 25 6 1 7 
8 3 31 33 57 7 2 8 
4 6 7 46 42 1 7 5 
9 8 76 69 21 7 5 3 
9 2 37 61 53 2 1 3 
9 5 42 66 29 2 9 3 
5 9 20 72 74 2 9 2 
1 1 21 45 51 4 7 6 
2 5 19 67 55 4 1 9 
2 6 2 33 37 9 1 9 
9 2 32 37 36 2 5 3 
6 3 2 55 40 9 0 5 
5 9 5 45 60 4 3 9 
3 9 46 57 98 5 6 1 
4 3 23 52 46 2 2 8 
0 1 48 48 37 6 0 0 
0 9 60 88 66 9 6 4 
9 3 74 82 75 4 8 2 
3 5 42 4 29 8 6 2 
6 9 20 53 26 9 8 5 
5 7 21 70 24 4 9 3 
8 7 38 32 51 9 8 2 
1 8 29 56 44 0 2 4 
1 6 48 9 31 8 7 4 
4 4 47 75 40 2 9 1 
3 1 0 23 61 6 7 5 
7 7 20 68 23 8 7 1 
4 6 37 28 10 4 3 9 
6 8 30 27 56 3 3 7 
9 7 45 68 58 2 6 3 
4 5 53 71 70 4 9 8 
5 9 61 55 48 9 9 3 
0 7 51 53 61 2 6 8 
4 9 55 63 32 8 1 1 
0 9 35 27 25 3 8 3 
2 6 6 9 49 1 1 4 
1 2 58 64 29 0 1 5 
9 8 74 32 76 1 9 9 
4 6 36 54 64 8 5 5 
4 2 44 88 42 2 1 4 
4 3 0 61 38 5 7 3 
2 4 20 24 45 1 1 3 
5 2 4 28 59 3 0 7 
6 4 34 61 45 0 3 2 
2 0 45 68 49 3 6 5 
1 5 33 44 42 3 0 9 
5 1 68 45 63 3 5 9 
6 9 61 3 22 6 3 7 
9 8 16 63 57 3 2 6 
5 0 11 65 45 9 6 9 
4 8 41 52 37 3 4 8 
8 0 35 68 64 5 8 6 
5 3 14 81 7 7 5 4 
1 2 15 38 19 1 9 8 
1 9 36 35 88 7 4 7 
0 5 31 39 23 6 1 6 
0 9 18 32 46 3 4 3 
1 5 25 71 57 9 5 7 
8 2 53 34 72 3 9 0 
7 2 37 77 35 9 7 5 
0 1 7 60 37 9 3 0 
8 1 62 39 45 8 5 7 
4 9 36 41 66 9 5 4 
7 4 22 45 23 5 4 9 
9 6 34 69 29 7 3 5 
2 9 0 44 29 1 2 3 
7 5 20 45 30 2 6 8 
4 4 37 27 66 5 6 7 
2 5 29 56 39 0 7 5 
1 0 38 59 60 8 5 0 
5 9 38 54 68 7 7 6 
9 9 19 62 65 3 7 7 
4 5 20 42 37 0 2 7 
4 8 43 21 42 5 1 9 
0 7 40 56 65 5 9 5 
0 8 51 86 60 2 0 2 
3 4 5 36 43 2 6 7 
5 0 41 63 54 3 4 7 
6 2 41 68 68 1 8 5 
7 2 40 20 73 3 8 2 
2 3 58 54 47 0 0 2 
8 5 21 57 39 9 5 4 
6 0 35 71 28 5 8 5 
2 1 14 17 66 0 0 5 
1 1 23 75 61 8 8 7 
5 0 58 53 77 0 0 7 
2 3 29 72 43 3 6 3 
5 3 48 34 75 2 3 6 
3 0 56 50 51 1 7 6 
1 4 72 0 40 9 3 0 
4 8 7 48 56 2 3 2 
3 4 27 57 41 7 2 4 
3 6 41 28 47 8 0 8 
8 3 20 49 30 8 8 1 
7 3 10 37 52 4 9 4 
3 5 28 48 39 8 1 2 
0 0 0 49 45 8 5 3 
3 9 36 61 51 2 6 7 
1 9 62 49 50 9 6 0 
5 5 70 34 43 2 0 6 
2 9 0 11 10 9 3 7 
7 3 49 50 58 0 4 9 
1 7 64 21 61 5 8 1 
9 4 17 56 28 3 2 9 
3 2 2 51 27 4 1 1 
2 7 20 83 72 8 2 5 
6 1 8 45 32 5 5 6 
1 5 42 31 22 6 1 4 
0 1 43 41 75 8 7 6 
5 5 84 76 47 7 0 4 
5 5 65 76 39 3 7 6 
1 4 2 55 33 9 2 9 
8 0 28 61 48 2 7 6 
1 3 33 25 70 7 3 6 
3 4 0 60 23 2 9 6 
7 7 23 52 79 3 1 6 
4 8 17 33 82 8 2 4 
4 4 40 66 53 1 8 0 
8 4 0 12 38 7 4 1 
7 3 14 45 18 1 9 8 
0 7 25 76 79 6 7 1 
5 8 38 76 33 5 7 0 
1 5 89 52 37 1 2 2 
1 1 11 53 58 5 7 1 
6 8 0 67 66 6 5 7 
4 6 24 62 61 6 8 7 
3 3 83 20 29 8 0 8 
2 9 17 46 24 8 3 7 
1 5 17 0 55 6 1 6 
3 9 75 99 26 6 2 0 
8 1 46 15 28 6 3 9 
2 5 37 55 71 5 0 4 
3 7 0 60 44 7 5 3 
5 8 62 49 86 0 2 2 
0 3 54 49 42 5 4 5 
6 3 6 49 57 7 9 3 
8 3 46 19 25 3 6 7 
1 2 15 44 29 3 5 5 
4 6 11 80 61 7 8 1 
3 6 33 66 69 6 6 1 
7 9 13 70 54 5 2 3 
1 8 9 74 8 6 1 5 
7 8 55 15 47 4 7 3 
1 6 0 17 32 6 0 5 
5 5 79 39 56 3 1 5 
2 1 25 40 86 8 0 6 
0 5 66 61 82 1 1 9 
6 3 32 84 86 6 8 6 
6 1 40 46 62 6 1 4 
8 3 45 20 84 5 2 6 
8 8 35 41 51 1 5 7 
7 0 22 48 70 5 2 0 
8 7 24 6 51 3 5 7 
9 8 40 39 50 5 7 1 
0 0 25 4 58 7 3 6 
8 5 59 13 1 7 9 9 
8 8 82 50 51 0 0 4 
9 6 11 20 44 1 7 6 
5 9 17 46 95 9 4 7 
5 1 7 62 69 2 3 4 
2 4 7 65 85 2 1 6 
2 4 35 83 43 2 6 2 
6 9 9 48 34 6 9 9 
1 8 6 42 55 7 9 1 
8 9 56 55 66 2 4 3 
8 9 40 33 71 4 5 5 
9 4 46 59 39 4 1 4 
6 9 0 32 34 9 0 8 
3 5 26 52 53 1 7 0 
6 4 37 55 61 3 8 9 
5 4 50 46 76 2 4 4 
7 4 42 37 65 7 1 7 
5 6 36 39 58 1 3 2 
8 7 12 68 53 4 8 2 
1 6 31 57 36 2 8 0 
5 3 71 40 33 8 4 6 
0 9 56 18 30 9 9 4 
5 0 39 49 87 8 3 2 
6 9 15 52 73 9 9 8 
3 1 51 54 50 8 3 9 
4 2 0 65 28 1 3 7 
3 6 9 45 64 8 5 5 
3 8 36 4 90 1 7 8 
9 2 24 63 39 3 5 0 
2 9 37 32 55 3 7 9 
1 8 28 37 62 9 7 3 
9 3 25 48 66 6 9 4 
2 4 15 88 15 4 1 2 
8 0 21 39 54 7 3 4 
0 4 20 33 60 5 7 3 
9 1 44 33 57 7 8 9 
8 9 30 31 61 7 2 0 
1 3 17 30 69 8 7 4 
6 6 7 28 64 0 0 3 
7 6 16 28 47 9 9 5 
4 2 32 63 62 2 0 2 
7 6 12 56 54 1 2 4 
9 7 68 52 33 9 2 1 
8 7 52 20 41 1 3 9 
5 7 37 74 62 9 9 4 
2 4 65 38 74 9 1 5 
1 5 34 36 36 3 5 0 
2 3 68 56 58 3 1 7 
8 9 39 37 75 7 8 6 
8 0 55 57 48 4 1 6 
0 0 48 32 57 9 8 2 
2 6 37 50 48 8 8 7 
9 5 0 33 3 2 7 5 
1 4 21 32 67 7 3 6 
2 9 26 80 43 4 5 7 
7 7 32 69 15 1 3 7 
3 2 34 47 27 9 3 5 
9 7 59 54 45 3 6 8 
7 1 69 10 54 1 7 2 
5 5 49 29 33 1 6 0 
4 0 31 79 56 9 0 5 
3 0 0 63 60 9 0 7 
7 4 28 34 41 2 3 5 
4 0 15 60 31 5 3 8 
7 9 25 47 0 5 2 9 
4 9 33 73 60 4 8 0 
8 6 37 35 33 1 8 0 
4 0 66 65 49 2 4 7 
7 3 7 24 70 2 8 8 
5 2 10 74 34 7 3 7 
7 0 44 64 40 3 5 5 
0 2 39 31 51 9 9 8 
6 5 46 22 68 7 1 7 
6 8 29 66 73 2 7 8 
7 4 72 50 10 5 0 0 
4 5 25 48 51 9 4 6 
9 9 24 0 94 8 8 3 
2 3 45 54 41 5 2 5 
5 1 68 39 30 6 7 3 
9 3 64 65 40 7 8 9 
0 9 27 33 0 5 7 2 
4 7 50 53 77 8 8 7 
5 6 52 15 113 7 0 1 
0 2 43 42 68 3 8 6 
8 9 42 34 60 0 8 2 
3 3 15 64 71 3 2 7 
9 6 20 51 55 0 5 3 
7 3 72 28 40 1 7 9 
2 1 27 48 47 6 0 1 
1 8 29 62 22 0 6 4 
9 4 18 78 27 4 7 5 
2 2 43 49 36 5 3 8 
6 1 0 58 53 5 1 4 
0 0 26 64 30 5 8 2 
6 1 19 60 52 3 6 3 
1 3 20 40 78 6 6 3 
3 1 2 26 28 1 1 5 
1 2 20 68 39 1 7 3 
8 0 24 45 42 5 2 1 
2 0 29 62 72 7 8 9 
5 2 41 55 52 0 6 8 
3 8 18 38 55 4 8 7 
5 8 41 72 50 7 8 3 
4 2 34 49 63 3 2 5 
4 9 14 42 42 8 2 4 
7 0 11 34 46 5 2 6 
8 0 34 48 82 3 9 9 
4 1 32 61 30 6 6 0 
8 1 35 57 107 6 2 5 
0 3 55 69 54 9 2 5 
1 8 0 14 35 2 5 4 
8 7 35 60 63 6 2 1 
2 4 40 65 52 1 9 9 
5 5 38 58 28 3 2 0 
1 9 55 55 69 0 2 0 
5 4 47 56 82 5 1 0 
1 2 32 66 48 5 2 5 
5 7 0 56 45 8 9 9 
8 7 20 19 89 1 7 2 
7 6 17 32 91 8 0 7 
8 3 43 31 89 8 0 8 
0 7 52 55 23 6 7 7 
1 6 41 54 28 8 1 7 
6 7 53 78 53 5 8 9 
3 7 17 36 58 1 0 7 
7 5 18 42 48 1 1 4 
9 3 12 74 49 8 1 8 
8 3 57 54 60 5 6 3 
3 4 37 65 64 8 0 2 
1 9 21 62 16 4 1 7 
7 8 37 74 69 9 8 6 
1 9 15 69 74 3 9 2 
8 8 22 44 29 4 0 6 
7 8 64 42 21 6 1 5 
2 0 31 38 58 3 7 7 
8 5 41 38 58 9 5 4 
8 3 49 38 54 9 7 5 
3 0 24 41 58 8 3 5 
3 6 31 33 69 4 1 0 
0 0 24 36 53 5 9 5 
9 5 24 56 29 2 8 3 
3 7 9 46 40 0 3 8 
7 1 6 28 27 0 2 1 
6 5 0 69 47 1 2 5 
0 3 33 32 60 5 5 7 
0 8 56 23 60 3 6 4 
2 4 30 81 48 3 7 5 
3 5 8 78 76 7 2 0 
3 0 26 30 63 2 2 5 
0 9 0 74 43 4 4 8 
9 4 45 52 77 6 4 4 
9 5 23 69 68 0 0 4 
1 2 6 34 27 2 7 6 
6 4 0 81 44 6 3 7 
4 4 11 52 38 9 2 4 
3 6 41 24 57 4 2 0 
1 6 17 37 68 1 0 3 
1 7 0 66 47 6 9 5 
5 7 48 36 41 1 3 2 
8 1 42 48 59 2 0 6 
6 5 62 71 53 8 4 7 
1 8 8 64 30 9 6 5 
3 4 19 67 52 6 7 2 
9 5 21 48 46 2 9 9 
7 7 56 53 28 1 4 5 
7 0 18 25 65 9 2 1 
0 4 23 46 54 8 2 7 
9 7 14 35 51 7 2 7 
9 1 1 44 47 6 0 4 
5 2 64 49 49 3 2 6 
3 7 30 41 14 3 2 5 
6 9 4 56 52 4 9 0 
9 0 20 70 75 0 7 0 
7 1 16 43 36 2 0 2 
8 9 17 38 24 5 7 5 
2 6 46 59 12 1 2 1 
5 9 7 68 54 5 8 6 
0 8 26 57 57 3 3 9 
7 7 42 79 71 5 1 2 
2 2 53 39 54 8 5 3 
9 1 81 43 52 3 6 3 
7 8 29 24 52 9 7 6 
2 5 31 69 42 7 2 6 
3 5 0 68 105 0 3 2 
0 8 52 24 46 5 5 8 
5 8 15 36 40 3 8 8 
3 1 18 60 21 2 5 0 
6 2 19 16 43 6 4 5 
6 3 5 49 41 7 2 2 
3 7 6 51 91 1 9 9 
7 8 10 80 42 5 5 4 
5 1 23 31 48 9 0 3 
0 7 33 46 49 3 2 0 
7 3 28 59 64 7 8 8 
2 2 59 86 47 6 9 4 
5 5 53 59 61 7 3 3 
3 7 15 71 44 4 7 1 
3 4 54 72 0 3 9 8 
8 6 31 32 66 6 3 8 
3 1 44 0 56 7 8 4 
8 5 32 15 33 0 7 9 
2 3 52 39 36 7 5 4 
2 2 22 39 61 3 0 4 
8 1 27 31 81 2 9 2 
4 1 20 60 63 0 8 1 
3 0 27 72 55 1 8 2 
9 9 21 28 48 2 5 9 
5 5 50 63 35 4 3 1 
2 7 8 64 76 7 7 3 
2 0 45 51 52 8 0 2 
9 4 29 41 38 1 1 2 
4 3 30 43 59 8 4 4 
4 4 44 62 42 0 7 5 
7 5 23 49 28 0 3 2 
7 7 0 64 86 5 8 4 
1 0 58 69 55 7 5 3 
6 5 47 63 61 5 6 1 
4 1 46 33 72 7 7 8 
5 4 24 47 39 4 3 7 
4 7 11 41 11 7 1 2 
6 5 42 50 54 8 5 6 
3 1 12 12 52 3 2 7 
5 0 49 21 25 6 1 3 
9 0 34 36 28 9 4 1 
5 6 13 50 32 7 4 7 
4 4 32 58 31 3 6 7 
0 0 0 30 51 5 6 6 
7 6 11 57 65 7 4 2 
2 7 15 73 40 6 6 7 
5 5 69 73 49 3 0 8 
0 7 35 25 27 3 1 4 
5 3 10 27 67 6 2 3 
6 5 18 46 22 6 3 7 
4 7 26 39 56 6 4 5 
0 3 22 65 39 3 1 8 
8 3 30 52 69 5 8 5 
3 7 0 59 51 9 4 2 
8 4 8 97 47 2 9 3 
1 1 43 41 70 9 2 1 
9 3 83 62 58 0 7 7 
9 9 38 36 66 3 4 9 
1 9 36 41 29 5 9 5 
5 4 77 52 62 9 5 8 
7 3 45 0 43 9 4 0 
2 6 34 59 38 6 8 6 
2 7 38 59 36 3 9 7 
2 6 35 23 61 7 2 1 
5 8 19 44 53 5 0 9 
3 3 0 46 34 4 2 7 
2 5 65 29 40 5 7 8 
0 9 8 41 24 6 7 8 
7 7 31 78 64 3 3 6 
0 0 27 56 7 4 5 5 
3 9 14 53 72 7 1 2 
1 3 34 54 83 5 1 2 
1 3 8 78 43 0 8 3 
2 9 27 44 58 7 6 0 
3 6 35 77 51 6 9 1 
3 5 48 24 42 8 0 4 
1 8 43 31 32 8 0 3 
1 8 45 0 45 0 0 6 
3 7 29 28 53 7 9 3 
0 0 57 69 37 1 2 6 
5 3 18 48 39 5 9 0 
4 4 9 66 42 0 4 9 
5 6 50 60 29 2 6 8 
7 5 68 73 46 3 2 5 
4 2 21 55 11 5 9 1 
1 9 26 67 44 6 1 4 
4 0 38 65 67 2 5 2 
8 3 26 0 66 9 8 7 
6 2 6 36 33 0 4 2 
4 7 25 46 70 3 4 2 
4 4 40 83 56 6 3 5 
8 8 39 59 34 3 0 6 
3 5 0 18 61 6 5 4 
3 9 15 51 69 5 7 1 
7 8 21 0 39 6 2 5 
3 6 52 49 19 6 0 8 
7 7 55 86 49 5 4 5 
1 4 4 79 83 7 6 9 
4 6 62 49 56 1 5 8 
7 2 37 22 62 7 2 2 
5 5 64 16 64 8 7 1 
2 6 53 12 56 1 5 0 
9 2 19 91 98 0 9 8 
7 9 44 27 89 5 8 0 
3 0 35 63 58 1 1 3 
3 8 44 59 39 0 3 0 
7 4 73 62 51 6 0 8 
0 9 40 42 52 6 7 4 
8 2 25 46 73 5 4 2 
9 6 45 78 35 2 3 6 
0 5 25 56 42 6 7 7 
3 2 0 27 11 1 6 5 
8 5 0 53 40 4 2 8 
9 0 19 19 97 6 2 3 
3 1 35 41 42 4 8 1 
4 5 51 26 42 4 1 8 
6 5 46 70 54 3 8 6 
6 7 20 79 60 3 7 2 
2 6 51 70 35 8 6 8 
6 7 60 51 51 4 6 8 
3 6 35 12 85 7 7 6 
5 2 53 70 49 7 3 3 
6 5 0 72 42 5 1 6 
2 1 26 45 27 1 2 9 
7 4 22 9 50 5 9 2 
7 8 0 86 33 3 6 2 
9 9 40 51 66 9 5 6 
9 6 40 46 60 1 6 7 
8 3 36 65 4 1 0 6 
8 5 50 69 65 7 3 2 
8 3 24 69 63 1 1 4 
7 2 58 61 113 0 5 9 
9 8 38 92 62 2 6 7 
6 9 20 49 77 9 9 3 
7 5 4 69 43 8 5 0 
5 2 15 63 58 5 5 6 
5 6 23 42 53 9 3 2 
5 8 19 89 69 2 1 7 
5 8 15 47 61 8 0 3 
7 3 62 52 23 9 4 3 
2 5 49 60 17 3 9 9 
7 3 22 63 46 8 0 4 
8 7 26 67 23 8 0 4 
8 3 16 59 64 1 4 1 
5 2 18 48 1 0 5 6 
8 9 39 67 34 5 2 5 
0 0 42 34 80 2 1 7 
9 8 54 58 27 9 1 1 
7 5 11 37 32 8 0 5 
1 8 57 23 41 1 1 4 
3 7 5 55 41 1 5 1 
0 8 19 39 37 3 8 5 
7 9 50 64 29 0 3 0 
1 3 9 74 25 6 9 7 
1 2 59 39 63 9 5 5 
0 7 17 92 86 7 6 7 
0 0 58 41 26 8 0 1 
8 6 26 48 30 9 4 5 
4 5 9 53 17 5 5 9 
8 7 43 53 59 9 7 0 
7 9 60 66 43 8 5 4 
6 2 15 55 72 6 8 5 
5 2 0 67 36 8 4 2 
2 3 28 21 70 8 0 5 
6 4 24 26 49 9 4 8 
4 3 20 50 61 3 0 9 
0 9 46 27 57 8 3 7 
5 0 47 72 49 0 0 2 
1 4 32 31 17 6 8 8 
0 8 57 58 79 0 6 4 
6 5 49 45 48 8 3 4 
0 2 12 25 43 2 4 2 
6 4 13 87 44 1 1 3 
4 2 19 58 85 6 2 0 
6 1 29 62 43 8 6 1 
1 2 0 104 78 6 4 1 
9 9 56 64 43 4 1 9 
4 3 30 64 45 3 2 1 
8 9 48 40 49 0 3 5 
2 9 35 47 51 3 2 8 
0 7 15 97 50 6 3 5 
4 0 16 61 62 7 7 9 
1 2 46 61 23 8 1 4 
5 9 0 70 37 9 3 5 
6 7 64 74 52 0 5 0 
0 4 45 43 55 8 9 9 
0 7 37 98 60 0 7 5 
6 6 7 55 69 5 8 6 
8 7 17 65 58 3 1 0 
4 3 58 44 50 1 5 4 
7 8 61 57 60 9 7 8 
0 7 22 49 76 8 6 1 
2 5 43 44 25 3 9 1 
7 8 4 49 43 8 5 0 
8 8 38 12 55 4 5 5 
7 5 46 48 31 3 7 7 
7 8 34 56 80 6 7 4 
7 5 31 75 27 5 9 3 
8 4 62 0 12 5 5 3 
4 0 16 86 32 0 4 1 
3 3 60 28 87 7 1 0 
8 5 19 40 47 2 9 0 
6 9 7 25 15 1 5 4 
0 5 30 10 59 6 4 4 
5 1 49 56 32 4 8 0 
7 0 1 20 48 1 5 1 
6 7 6 68 65 6 1 9 
5 9 0 48 58 1 8 1 
6 7 34 92 47 6 8 4 
7 6 36 69 60 4 4 7 
3 0 35 32 11 0 2 3 
3 9 56 79 59 8 0 6 
9 2 37 69 27 0 3 5 
9 4 63 48 62 6 8 2 
4 8 70 0 47 2 4 5 
1 1 23 63 43 0 7 8 
4 9 0 66 112 1 4 2 
5 2 31 60 40 0 6 9 
2 5 3 58 49 6 5 5 
1 7 8 54 57 6 7 0 
5 4 20 70 56 2 6 8 
7 4 56 42 57 3 9 2 
9 1 43 109 77 1 4 2 
6 5 21 23 58 0 7 4 
8 8 60 58 45 9 3 9 
2 9 7 44 52 8 1 2 
5 6 8 42 98 6 4 1 
7 1 9 23 51 4 7 4 
0 6 19 33 50 9 9 1 
4 3 10 87 31 5 9 3 
0 1 30 66 57 5 0 5 
4 4 47 39 22 3 2 8 
4 3 36 49 33 5 4 8 
5 9 44 31 50 6 8 5 
8 8 31 57 25 6 4 0 
7 9 7 18 27 0 4 1 
4 1 43 40 80 7 2 1 
0 9 30 62 77 5 1 2 
2 9 55 76 37 8 7 5 
2 9 40 81 46 0 2 7 
9 0 0 85 82 5 1 6 
9 8 52 20 41 0 8 9 
1 7 53 47 55 4 8 2 
0 9 21 51 34 6 9 8 
7 2 28 22 55 7 4 4 
3 2 34 51 40 3 6 7 
4 0 26 88 31 9 8 1 
2 6 26 67 36 4 9 4 
2 4 52 64 85 7 6 7 
7 5 50 26 18 2 1 6 
1 6 5 63 40 8 2 6 
2 8 29 50 87 0 2 0 
9 8 18 21 34 0 3 1 
6 5 42 57 64 8 3 2 
5 3 32 75 24 4 5 8 
4 2 71 76 60 2 9 9 
8 7 16 34 62 1 7 9 
2 1 40 49 49 9 4 0 
7 8 9 72 33 2 0 1 
0 7 44 1 30 2 1 9 
9 9 78 44 63 4 6 6 
8 2 65 80 59 3 7 1 
5 5 49 32 57 9 6 8 
9 0 51 90 77 2 3 8 
5 1 20 49 52 0 8 7 
2 1 28 75 59 9 2 5 
0 1 33 70 41 2 3 2 
8 9 22 56 68 2 7 3 
7 9 40 56 47 7 2 0 
9 9 15 68 17 1 4 9 
3 9 3 31 83 9 6 4 
5 4 0 84 57 0 6 2 
7 6 49 71 47 1 2 9 
6 2 28 62 45 8 5 2 
8 0 30 30 70 8 1 5 
8 5 24 22 42 8 6 4 
9 4 43 50 51 3 8 6 
4 3 56 30 63 3 0 0 
9 0 67 29 102 8 9 1 
0 7 37 52 42 5 1 5 
8 2 32 58 10 9 4 0 
0 1 52 65 61 7 0 6 
3 7 51 19 73 6 7 8 
8 0 63 37 34 2 7 7 
7 3 33 24 37 5 6 6 
2 9 47 66 55 9 7 6 
7 2 0 50 71 1 3 1 
6 7 14 26 63 3 0 7 
0 6 10 36 21 2 8 3 
9 5 31 64 41 4 5 6 
7 1 13 34 53 9 4 8 
7 5 32 77 49 4 8 7 
3 2 21 32 55 9 2 9 
7 6 47 47 58 7 3 0 
2 0 34 57 66 1 3 9 
0 8 22 46 71 6 2 3 
1 9 68 30 41 3 5 1 
5 9 37 56 57 3 1 5 
2 2 0 58 47 9 9 8 
9 0 31 62 20 9 0 7 
5 5 32 53 74 7 2 6 
3 4 5 36 80 5 6 6 
3 5 42 30 41 3 3 3 
0 6 51 47 17 3 2 1 
7 6 40 37 44 7 5 0 
1 7 17 19 78 8 5 6 
3 5 28 66 35 3 1 1 
9 6 0 39 50 0 5 8 
0 7 43 40 59 6 3 8 
7 8 6 51 55 6 2 1 
1 0 17 29 50 5 6 3 
3 9 11 36 59 7 1 7 
4 9 27 25 53 0 5 3 
7 3 2 41 61 7 6 5 
8 0 39 1 56 4 7 3 
8 8 31 47 48 6 7 3 
8 1 63 22 47 9 5 4 
0 1 40 62 80 5 7 2 
9 0 24 67 33 8 5 4 
7 2 1 36 39 2 9 4 
3 9 2 39 67 9 5 8 
2 7 16 54 54 3 0 5 
8 9 47 62 28 4 4 8 
5 2 57 65 42 7 7 4 
6 7 35 49 64 4 7 0 
7 5 38 60 62 7 4 7 
6 6 0 18 77 3 2 9 
9 9 38 67 32 7 2 6 
7 0 0 26 39 6 6 5 
8 7 45 46 29 6 9 5 
9 4 42 56 47 9 5 0 
0 4 42 52 39 2 8 9 
0 5 2 50 42 9 0 3 
7 5 40 71 57 6 3 7 
2 0 49 73 72 8 3 8 
4 7 13 45 61 9 5 2 
4 3 12 36 48 3 0 3 
6 8 27 76 49 4 5 5 
6 1 48 14 42 6 1 1 
6 6 29 18 53 3 4 0 
7 2 42 105 16 7 8 6 
3 6 10 52 35 1 9 3 
8 0 17 54 45 6 7 5 
6 6 65 48 67 9 8 7 
2 5 14 22 36 6 9 3 
1 7 17 45 31 5 4 7 
0 7 26 32 53 2 5 6 
9 0 51 50 87 6 7 7 
4 3 49 13 47 6 9 6 
9 6 41 63 60 9 0 8 
8 0 46 54 28 2 4 3 
5 8 13 57 50 4 7 8 
3 7 0 94 67 3 5 6 
0 6 20 43 79 7 1 2 
3 6 0 41 23 7 0 4 
4 4 37 54 21 3 3 1 
8 9 36 27 62 5 2 3 
5 0 34 24 62 5 1 9 
3 9 8 78 50 3 1 5 
4 7 34 72 73 4 8 3 
0 5 26 25 54 1 7 3 
9 3 35 54 51 6 7 0 
8 5 52 5 65 4 4 0 
1 8 35 57 21 9 3 2 
0 1 47 45 31 4 3 8 
0 1 0 68 59 5 0 3 
7 7 14 66 66 3 5 9 
6 2 41 73 44 2 6 4 
0 3 22 1 5 5 6 5 
8 8 12 13 36 3 3 5 
6 7 83 39 38 9 5 9 
0 3 46 62 82 0 3 0 
3 9 4 50 46 2 4 2 
7 7 25 62 63 0 3 1 
0 3 6 21 71 2 0 2 
8 2 29 48 66 3 4 9 
4 8 11 32 42 6 2 6 
1 6 29 66 62 6 8 7 
4 1 38 42 57 3 9 6 
7 5 44 58 23 4 8 2 
7 2 14 61 22 8 9 7 
3 3 34 23 46 7 6 2 
0 3 11 52 45 5 6 9 
5 2 14 47 51 8 5 9 
3 7 29 62 38 4 8 4 
8 1 34 17 49 7 2 6 
2 9 22 67 59 5 5 1 
1 8 35 51 29 5 5 4 
9 8 10 81 37 6 9 1 
4 8 28 65 36 4 8 0 
4 2 0 58 58 8 6 6 
1 9 46 47 55 0 5 2 
0 6 19 51 44 1 5 2 
6 1 26 88 29 6 8 6 
9 0 46 69 50 1 2 3 
2 8 52 53 84 1 4 3 
2 9 60 63 49 3 5 7 
0 5 13 21 46 4 0 9 
0 2 47 67 58 5 5 9 
8 7 38 36 42 7 4 8 
4 9 44 64 68 5 1 7 
6 9 0 4 18 4 6 1 
5 3 34 27 61 6 5 7 
0 6 22 47 30 4 7 5 
8 6 0 71 62 8 8 2 
6 5 0 68 54 8 7 2 
9 8 29 74 35 0 0 3 
8 1 29 54 23 7 7 1 
2 1 36 60 23 6 4 9 
3 1 52 39 60 8 5 7 
2 9 34 20 38 4 2 3 
2 6 25 70 70 9 9 5 
5 9 10 56 27 7 8 4 
0 7 40 72 23 2 0 4 
2 6 1 68 4 7 2 0 
5 0 46 20 90 6 3 7 
8 7 43 36 67 4 3 6 
2 6 56 48 48 3 1 2 
9 0 21 0 34 5 3 8 
8 9 51 14 55 4 4 0 
5 1 29 39 40 7 2 1 
9 1 52 25 56 7 6 4 
5 8 16 66 53 1 0 8 
6 6 40 38 64 8 2 2 
4 9 26 9 33 1 0 5 
1 3 18 53 16 3 8 6 
2 9 0 55 27 4 8 0 
7 9 25 67 36 7 2 7 
7 4 29 36 56 4 4 5 
2 3 42 36 45 0 2 9 
8 8 58 51 37 0 8 9 
8 9 13 64 88 3 8 8 
8 6 0 54 58 9 9 9 
3 7 36 35 52 3 0 7 
5 6 0 74 73 8 3 2 
4 0 29 20 48 6 1 9 
4 1 43 73 15 9 5 8 
7 2 43 61 52 1 3 6 
5 6 67 64 53 2 4 5 
6 7 25 74 64 2 4 7 
0 0 10 49 59 2 1 4 
3 2 28 51 37 9 3 6 
8 1 19 32 34 2 8 8 
4 1 41 43 12 3 5 2 
2 8 34 49 88 3 4 0 
7 5 16 48 32 2 5 4 
6 8 0 72 39 3 3 7 
3 7 13 71 77 7 8 1 
9 9 28 42 55 9 1 4 
2 3 0 65 55 5 7 2 
3 2 40 32 74 1 9 0 
5 5 9 59 63 3 7 0 
6 7 35 36 67 6 1 1 
6 1 50 12 39 8 5 6 
0 0 35 50 37 2 5 0 
0 9 54 67 79 7 0 0 
0 6 3 30 27 2 3 6 
5 2 34 34 82 1 6 2 
0 4 7 30 82 6 6 6 
1 9 35 71 47 2 8 9 
6 7 19 0 46 0 5 7 
6 2 31 82 33 2 1 6 
1 6 27 47 19 3 7 9 
8 1 39 49 32 8 9 6 
2 0 24 56 85 9 6 3 
7 1 43 34 6 9 7 0 
1 7 57 63 30 4 9 6 
4 0 55 24 67 3 4 9 
0 3 2 64 31 3 9 2 
3 2 54 61 29 7 3 9 
0 5 0 62 32 2 5 4 
6 7 25 63 44 6 4 7 
5 7 21 54 47 4 4 9 
8 8 33 25 44 6 9 2 
1 6 1 36 48 5 1 3 
0 3 13 56 6 4 0 0 
2 9 35 59 75 4 1 5 
7 4 25 53 41 0 2 4 
4 4 14 47 3 5 3 1 
3 9 20 22 36 9 0 8 
2 2 15 80 39 7 2 2 
7 5 10 51 28 9 2 4 
9 6 32 39 48 9 2 4 
3 0 58 84 62 7 9 3 
7 1 24 67 42 4 0 8 
1 9 45 56 60 9 0 9 
8 9 0 39 19 2 6 6 
8 9 33 63 45 1 7 4 
6 9 50 36 32 0 9 7 
7 0 68 103 71 6 2 5 
7 0 55 23 40 5 3 8 
3 4 45 29 53 4 7 4 
0 6 29 100 68 5 7 1 
1 6 4 51 82 2 8 1 
2 6 44 52 32 0 2 1 
2 5 26 35 38 6 5 7 
8 2 12 61 28 3 0 0 
5 8 22 73 28 7 5 0 
5 8 41 30 15 6 6 6 
9 7 44 81 73 0 5 9 
3 3 31 38 47 8 1 6 
1 8 36 65 32 2 4 7 
7 3 45 58 52 7 0 1 
5 2 21 57 35 5 9 5 
7 1 49 22 40 2 7 0 
6 6 94 72 38 7 8 7 
8 0 4 38 18 8 2 2 
8 9 10 48 48 0 5 7 
5 0 36 47 56 0 3 0 
4 6 41 52 58 0 8 9 
6 4 21 85 75 9 8 6 
5 5 15 74 40 3 6 6 
8 4 28 43 24 8 1 5 
2 7 27 58 43 9 7 9 
1 1 0 15 52 1 6 2 
7 3 58 35 35 8 5 1 
5 7 12 33 39 2 9 3 
4 9 50 50 27 8 8 4 
9 6 80 31 37 1 2 8 
9 6 28 26 21 0 0 0 
3 3 14 53 74 3 3 0 
8 9 35 53 67 6 6 1 
7 5 20 45 28 9 5 3 
8 5 35 39 33 5 7 0 
1 9 77 19 61 6 0 2 
0 0 52 70 55 9 2 7 
4 8 33 68 37 5 8 2 
6 6 0 51 44 8 7 9 
0 5 29 70 64 0 9 6 
4 4 26 54 80 3 9 5 
7 3 26 55 59 2 1 4 
4 0 26 37 48 6 7 9 
7 5 18 37 43 1 6 2 
2 9 24 71 59 1 3 4 
1 7 26 41 56 1 5 4 
5 1 20 47 87 5 7 7 
5 5 30 61 27 1 7 6 
4 2 12 71 51 0 2 9 
8 8 11 57 58 8 4 7 
7 8 31 42 34 3 3 0 
7 4 30 61 27 0 9 6 
4 5 28 55 67 5 1 1 
7 4 59 40 30 3 1 8 
4 1 0 63 56 2 7 8 
3 8 46 33 8 0 0 4 
3 8 33 11 88 0 2 8 
7 1 34 82 50 9 6 2 
3 8 45 35 26 2 6 6 
6 7 0 49 35 9 4 7 
7 0 1 51 44 0 1 3 
7 4 17 31 32 9 9 9 
7 2 22 91 67 8 8 9 
7 2 15 44 69 7 7 2 
1 4 0 45 41 8 8 7 
8 3 45 46 30 6 3 3 
3 9 68 27 7 0 3 0 
7 7 6 56 39 7 2 5 
3 6 12 30 63 1 9 4 
9 5 25 61 49 3 9 1 
5 6 44 8 57 3 6 2 
0 0 10 50 43 4 8 4 
4 6 73 30 55 5 4 9 
8 5 17 16 16 6 5 5 
7 8 30 31 38 1 8 7 
2 9 42 36 2 4 4 0 
6 4 77 0 39 7 5 6 
3 6 49 76 40 1 1 8 
9 5 51 24 19 0 5 1 
9 0 34 53 54 2 2 6 
1 5 48 82 45 4 2 7 
8 3 65 44 27 9 9 5 
5 4 19 43 94 1 3 3 
6 1 25 39 50 6 6 9 
3 0 52 56 47 4 2 4 
1 6 13 41 57 5 6 7 
1 9 30 37 68 1 3 8 
7 1 20 49 33 1 5 5 
7 8 32 47 58 7 9 9 
6 8 45 39 48 6 2 9 
5 9 23 57 25 4 3 7 
9 1 14 18 78 1 7 4 
6 5 28 50 13 0 0 4 
9 8 32 62 82 8 8 0 
5 1 39 67 49 7 4 0 
5 3 36 52 40 6 3 5 
9 0 59 71 78 4 7 6 
3 4 12 72 52 0 2 1 
0 0 18 41 64 5 2 6 
3 1 24 34 40 6 0 7 
2 8 34 75 51 0 0 5 
0 3 32 47 74 9 7 5 
4 8 33 33 30 5 1 7 
0 0 0 40 48 2 5 4 
8 0 36 66 53 9 0 9 
6 1 57 8 44 4 0 8 
7 1 48 82 38 1 5 3 
1 6 27 49 65 8 7 5 
4 0 14 22 37 9 6 3 
6 0 64 40 53 8 5 2 
0 9 21 37 49 6 1 3 
7 6 44 41 55 7 5 6 
2 7 44 44 28 0 6 0 
6 4 73 57 5 0 5 5 
5 6 47 29 58 4 5 4 
7 9 46 66 84 9 6 6 
5 6 50 61 59 4 3 0 
7 9 17 38 62 7 9 0 
7 2 25 46 69 3 9 9 
2 9 29 28 35 5 3 7 
7 2 33 0 45 5 7 0 
1 5 38 37 40 6 6 1 
6 5 43 61 67 5 3 2 
6 9 4 32 84 4 7 2 
7 8 86 35 54 7 5 2 
0 1 23 39 36 1 1 8 
8 8 20 30 52 0 4 0 
4 5 18 68 16 6 4 1 
2 8 10 50 53 6 5 1 
3 1 12 39 42 1 4 9 
2 2 11 0 25 1 7 7 
3 9 40 29 72 7 5 2 
7 5 16 64 55 8 0 0 
2 9 52 53 76 9 9 8 
8 2 48 45 37 7 6 0 
8 2 3 55 54 9 5 8 
0 9 48 44 14 0 9 9 
4 3 14 67 54 5 5 6 
6 6 19 70 79 7 5 0 
3 0 31 62 51 9 5 4 
4 1 48 53 52 3 0 3 
3 2 42 53 41 9 3 2 
6 0 47 89 47 9 1 2 
9 9 27 20 28 3 4 8 
9 2 5 83 37 5 4 0 
8 0 39 89 46 3 5 0 
8 8 9 21 68 2 7 9 
4 9 15 32 59 0 1 2 
4 8 46 56 63 2 1 6 
4 9 30 55 68 0 1 6 
0 6 63 62 51 4 5 3 
1 7 0 64 64 1 1 7 
3 4 0 32 60 1 5 7 
6 3 45 49 48 5 7 8 
7 7 31 41 6 2 8 2 
1 7 0 68 64 1 7 6 
7 7 15 66 35 0 7 5 
7 1 16 51 72 4 1 7 
3 5 0 57 40 6 3 5 
5 4 42 43 39 8 1 9 
7 5 12 55 66 5 8 0 
1 4 39 21 50 5 7 2 
1 3 28 39 57 9 8 6 
7 7 33 59 45 0 5 3 
3 0 5 49 42 7 1 7 
9 3 50 64 30 8 0 1 
4 2 45 76 32 8 0 4 
0 1 48 44 56 5 3 4 
3 0 42 52 56 3 6 3 
9 3 24 57 39 2 2 3 
3 7 22 54 23 1 8 7 
7 8 48 62 40 8 5 5 
3 7 2 51 63 1 8 6 
4 9 21 98 50 5 7 6 
2 6 38 50 19 7 6 6 
8 4 30 43 21 1 5 4 
5 8 50 21 41 8 2 0 
0 7 46 43 69 8 2 2 
5 3 72 61 60 0 7 6 
2 3 58 61 41 7 6 8 
7 1 0 32 111 3 0 6 
4 4 88 38 59 2 5 6 
7 4 55 39 54 0 3 3 
7 9 18 64 42 3 0 6 
0 7 31 74 33 1 4 1 
4 1 20 40 54 7 1 0 
1 1 0 70 47 4 6 3 
5 1 24 34 54 1 1 1 
0 5 76 89 51 2 8 4 
3 1 65 38 32 3 1 8 
6 7 32 70 77 9 9 2 
9 9 48 47 72 8 6 1 
7 8 33 59 36 2 7 8 
9 4 47 48 50 6 1 8 
6 1 20 15 58 0 4 9 
6 2 40 41 16 4 3 1 
6 9 6 49 70 6 0 6 
5 0 31 43 73 7 9 5 
1 6 22 32 27 4 2 6 
0 7 33 55 48 7 1 5 
5 4 54 60 41 2 6 0 
1 0 55 77 20 9 7 2 
2 1 26 36 65 0 6 2 
4 4 45 79 27 0 5 5 
3 9 9 40 67 9 8 7 
2 4 57 66 57 1 0 4 
0 9 32 15 43 9 8 9 
1 0 80 73 90 7 1 5 
0 8 33 62 71 1 3 5 
3 9 60 84 43 2 6 8 
3 0 40 35 48 3 9 4 
4 4 47 61 57 1 0 4 
8 2 8 70 44 6 3 6 
0 0 23 75 39 8 0 4 
6 5 3 57 68 8 3 6 
6 3 24 76 79 2 9 6 
1 3 68 40 40 3 7 5 
4 8 29 62 57 1 7 9 
8 1 9 0 46 2 4 3 
5 6 14 60 47 5 1 2 
5 8 42 30 89 1 8 8 
4 7 8 44 29 3 8 1 
9 2 30 33 63 7 4 5 
0 7 34 55 90 0 2 1 
1 7 47 31 48 2 3 9 
6 5 21 45 77 8 6 5 
5 3 49 65 68 6 4 0 
0 9 0 40 39 5 3 7 
6 4 46 37 87 0 6 5 
0 7 0 78 38 3 7 5 
6 7 37 50 36 6 4 3 
9 0 29 52 91 8 8 6 
1 5 28 42 55 9 6 7 
1 3 23 44 38 6 0 5 
5 0 24 64 80 1 9 6 
2 4 18 84 54 5 3 6 
5 0 46 72 66 0 1 7 
2 4 10 93 44 8 1 1 
6 4 48 26 47 1 6 3 
9 0 40 53 57 0 9 0 
0 2 43 19 62 8 0 0 
4 6 8 14 21 0 8 7 
6 9 59 45 46 5 3 4 
5 4 44 42 47 9 7 9 
1 1 52 24 54 7 7 8 
6 1 43 61 50 1 6 1 
2 7 31 69 1 7 2 4 
8 6 46 39 78 9 4 5 
0 7 38 49 24 3 9 2 
7 7 35 24 39 9 5 5 
6 1 82 56 23 7 8 9 
0 0 25 49 77 6 7 5 
3 7 2 30 41 4 9 0 
9 1 42 84 26 0 8 9 
6 7 13 45 21 7 2 0 
4 6 0 116 58 6 6 8 
0 4 21 39 50 7 7 4 
5 6 37 68 53 3 8 2 
0 8 41 47 42 1 6 4 
7 6 6 58 36 3 8 3 
7 1 36 53 55 0 3 7 
0 2 3 26 83 1 1 8 
5 6 11 32 49 7 2 5 
2 1 24 62 20 3 5 1 
9 0 49 76 76 5 8 0 
8 7 19 59 27 2 2 0 
7 5 20 61 49 2 5 0 
9 1 26 63 61 4 2 6 
8 0 0 24 33 1 3 8 
1 1 0 57 59 5 0 6 
4 1 9 30 33 6 5 1 
9 0 27 80 71 2 3 0 
8 3 37 82 36 2 6 8 
3 3 40 48 65 7 5 9 
7 7 31 45 20 7 3 2 
7 8 4 26 70 9 2 3 
2 3 11 70 70 0 8 5 
8 7 25 42 41 9 1 7 
2 7 34 39 47 6 9 5 
1 8 0 18 64 6 6 0 
1 7 0 60 56 3 5 7 
1 3 40 49 60 0 6 6 
4 6 25 48 37 0 8 2 
3 3 33 63 9 2 4 8 
6 5 29 39 32 3 2 3 
4 4 37 51 69 8 7 0 
0 3 22 18 52 1 9 7 
2 0 34 27 68 7 3 3 
1 7 34 51 58 4 5 8 
5 0 20 88 45 7 5 8 
0 5 71 56 93 5 6 5 
7 3 60 57 46 8 1 8 
9 6 42 40 34 8 8 9 
3 4 28 75 63 2 2 4 
3 3 63 71 34 5 1 7 
5 7 0 60 82 2 6 7 
6 3 20 50 38 9 0 8 
5 5 16 45 44 5 6 2 
7 1 50 30 58 4 3 6 
1 8 3 36 59 5 4 5 
6 1 8 28 47 8 9 6 
5 0 29 76 32 1 7 9 
5 0 62 38 42 5 7 1 
1 1 48 34 34 7 3 9 
7 6 30 52 78 9 3 8 
5 4 0 53 53 9 1 0 
9 6 42 64 70 6 4 3 
0 1 50 49 45 3 3 6 
4 5 21 46 65 6 5 2 
1 9 74 36 19 1 7 3 
8 0 37 41 31 8 5 1 
1 4 51 59 41 9 1 4 
9 6 43 66 32 1 6 0 
1 5 36 33 60 0 1 8 
5 9 23 51 43 8 9 2 
1 8 12 44 51 3 4 2 
1 9 8 9 50 5 7 6 
5 2 32 45 14 6 7 2 
5 7 50 40 22 0 8 8 
8 3 37 88 48 4 6 5 
1 2 17 61 71 7 4 4 
9 5 9 90 40 9 3 0 
5 6 63 72 17 8 7 9 
6 0 50 13 29 6 3 0 
7 9 59 53 53 8 6 2 
4 1 39 33 42 7 6 7 
5 9 25 52 70 9 3 3 
9 6 19 52 80 5 0 3 
1 2 46 49 45 1 6 1 
0 2 8 25 54 5 7 3 
8 6 57 56 28 9 0 4 
3 6 21 59 46 7 7 4 
6 7 39 40 29 5 5 7 
5 8 64 49 66 6 6 8 
6 7 14 83 41 0 9 6 
6 4 26 57 41 5 3 7 
0 5 3 45 43 0 7 0 
9 5 76 63 57 2 2 2 
8 2 49 52 55 1 0 3 
4 8 27 47 72 8 1 0 
2 2 39 79 43 3 1 0 
8 2 42 57 70 0 7 2 
1 0 11 33 18 7 0 6 
9 1 76 30 50 5 0 8 
8 6 44 42 44 4 2 0 
6 2 9 28 27 3 2 4 
1 5 0 80 47 3 7 4 
2 3 38 34 96 6 6 2 
2 6 5 31 47 1 8 3 
2 3 30 89 96 9 7 5 
2 2 15 52 57 7 2 3 
3 2 27 31 51 9 0 8 
7 9 11 55 55 4 0 2 
3 2 5 54 96 8 2 9 
5 2 10 26 58 9 9 4 
0 6 28 91 71 0 1 3 
1 4 14 51 17 3 8 0 
5 4 32 56 50 6 1 4 
4 7 31 27 30 3 1 9 
6 7 46 57 54 0 9 3 
7 1 37 36 58 0 3 5 
0 8 4 40 40 6 7 4 
9 1 23 47 37 8 7 5 
5 6 51 47 39 1 8 5 
2 8 40 69 59 8 2 7 
6 2 31 57 41 4 5 9 
7 2 52 42 47 7 9 8 
9 9 17 34 80 2 1 5 
9 2 6 34 50 0 6 3 
3 7 35 65 48 3 8 8 
0 1 11 18 53 7 1 7 
6 7 42 52 66 9 9 0 
4 0 42 55 26 3 6 3 
7 2 17 30 55 7 2 5 
7 9 13 79 47 9 3 3 
2 2 24 75 52 3 3 3 
0 8 78 55 28 5 4 5 
1 7 14 44 52 5 6 6 
8 5 18 29 57 9 3 5 
3 5 29 74 38 0 3 1 
2 9 36 38 70 4 8 5 
7 8 42 66 35 7 3 5 
8 2 15 19 53 5 1 7 
2 7 33 53 75 6 4 5 
1 1 17 90 61 6 7 9 
2 7 0 70 74 8 7 9 
2 2 62 74 25 0 4 5 
2 9 0 34 58 6 0 9 
5 9 21 35 46 4 9 9 
7 0 29 31 54 0 4 6 
5 8 64 44 89 3 7 9 
6 9 43 6 38 0 6 5 
6 2 45 46 81 0 6 2 
8 4 0 54 44 2 5 6 
9 4 10 73 66 6 8 3 
2 3 11 34 54 5 2 2 
6 9 70 80 60 4 9 6 
7 5 2 52 82 2 9 7 
4 0 18 50 52 4 0 9 
3 8 48 42 47 0 2 1 
4 8 40 37 57 4 8 1 
3 7 43 40 39 9 9 0 
7 2 11 15 77 1 5 4 
1 2 26 43 58 0 1 5 
7 0 19 24 22 5 3 4 
2 5 62 52 47 8 4 3 
1 3 27 48 46 2 0 3 
3 6 17 56 67 7 4 4 
2 4 25 75 0 3 8 9 
6 1 48 55 34 9 7 5 
9 7 27 75 57 3 4 9 
6 8 32 70 67 3 8 3 
7 0 24 44 76 1 9 2 
3 8 43 53 26 7 7 2 
6 0 8 26 34 0 0 4 
5 3 22 50 37 2 1 9 
9 0 60 55 42 4 3 8 
0 2 38 29 17 3 0 8 
7 0 10 39 45 7 4 6 
5 7 56 48 63 7 5 5 
4 7 0 42 60 7 4 1 
3 0 25 28 77 1 9 2 
5 4 27 25 45 0 8 9 
2 0 14 24 41 7 9 1 
9 3 29 47 58 8 4 6 
9 4 28 38 80 8 9 1 
3 1 49 31 49 5 1 5 
0 5 55 66 58 5 8 9 
7 7 53 57 108 6 0 9 
7 4 13 25 69 2 5 1 
2 4 61 19 95 6 2 9 
5 9 25 22 78 4 2 2 
3 4 22 34 110 8 9 7 
4 8 0 43 59 0 4 3 
2 6 25 33 64 2 6 8 
4 8 40 41 8 7 1 0 
0 2 53 52 10 8 0 1 
5 5 29 70 59 7 4 5 
5 5 15 43 42 0 7 4 
5 9 9 31 37 9 2 9 
9 4 36 58 38 6 9 3 
3 3 39 58 24 6 7 0 
5 2 74 53 61 0 8 6 
3 8 47 71 41 7 3 5 
8 0 53 14 80 8 9 5 
7 2 0 48 20 5 6 5 
1 3 20 68 48 8 0 7 
5 8 13 67 72 5 6 1 
6 3 12 80 44 5 6 7 
0 9 19 63 74 6 0 2 
7 3 9 60 52 3 7 2 
4 9 42 60 74 1 2 7 
3 6 59 48 26 7 6 0 
7 4 35 36 41 9 5 8 
9 9 43 48 48 6 5 6 
2 6 41 31 18 0 7 2 
4 1 60 77 49 9 2 5 
2 5 31 53 52 4 7 6 
7 7 1 41 39 0 9 3 
2 4 13 28 55 6 9 3 
5 8 37 22 101 2 8 4 
7 3 38 45 37 3 2 9 
3 2 23 21 67 9 3 2 
9 4 49 27 51 2 6 1 
0 5 53 47 66 3 7 0 
8 0 27 81 72 7 1 7 
0 0 28 59 27 3 9 6 
6 9 45 88 7 3 1 4 
3 9 52 60 54 3 0 9 
0 2 87 81 29 0 5 6 
6 1 8 15 64 5 6 4 
0 4 48 63 66 3 7 0 
6 1 44 72 23 0 4 3 
3 8 49 35 48 8 3 6 
2 2 18 11 46 9 6 7 
5 3 58 58 71 4 1 3 
0 2 28 73 35 3 6 3 
6 3 52 66 89 3 5 9 
8 1 62 40 32 1 6 9 
0 9 12 46 33 2 0 4 
0 1 55 46 62 6 7 8 
9 9 56 0 45 3 8 7 
1 1 42 62 71 9 8 3 
0 7 43 65 21 7 5 4 
9 8 74 29 60 8 1 3 
1 8 36 95 45 4 2 5 
3 5 5 37 24 7 7 7 
8 0 11 49 59 9 0 3 
4 8 39 44 49 4 6 1 
5 5 8 22 86 3 2 1 
6 8 0 73 35 3 6 1 
2 6 30 54 32 4 6 7 
5 1 0 34 44 3 2 7 
6 9 17 38 20 0 1 1 
2 1 33 49 75 7 7 7 
5 1 33 96 42 3 6 6 
1 7 55 78 50 7 0 8 
