8 500
1 8 27 85 81 5 8 7 
8 6 29 55 38 2 4 6 
5 4 38 57 94 4 4 5 
3 1 11 67 71 8 4 6 
6 7 7 52 50 9 5 1 
8 7 28 64 47 1 2 5 
9 9 6 63 70 0 7 7 
0 1 32 69 10 3 3 6 
0 8 18 54 42 3 8 5 
8 5 43 62 54 3 1 1 
3 9 4 26 50 6 9 1 
7 6 37 72 27 9 4 6 
6 9 20 27 83 1 1 2 
1 8 37 63 49 5 9 1 
0 5 12 36 64 0 3 9 
7 3 30 65 89 0 4 3 
7 2 1 79 12 2 5 3 
0 1 29 50 57 3 8 0 
9 3 70 49 51 1 9 3 
2 1 37 55 24 1 8 8 
6 6 22 35 52 7 4 8 
7 7 48 26 48 7 8 7 
0 3 20 43 55 4 6 6 
1 5 50 72 9 4 7 0 
9 4 0 23 62 8 1 8 
6 2 42 66 53 9 0 5 
5 4 48 101 32 0 1 2 
6 4 0 64 42 3 3 0 
8 4 27 51 55 9 2 1 
8 9 47 66 39 2 5 6 
3 8 37 55 89 4 9 0 
0 0 30 62 47 4 1 5 
0 0 11 102 8 5 2 9 
8 7 38 58 47 2 4 1 
7 5 66 50 45 8 2 5 
0 3 47 26 70 5 8 4 
5 9 32 46 63 7 1 7 
6 6 21 57 22 1 3 1 
0 1 29 44 74 8 3 3 
5 1 24 60 49 6 3 4 
9 2 13 55 60 0 3 3 
6 5 18 1 0 5 4 4 
3 9 16 47 91 0 3 8 
1 0 32 52 23 1 5 1 
0 5 47 68 64 3 6 8 
3 5 39 61 36 6 9 8 
5 6 37 42 24 2 4 0 
1 6 5 24 39 2 5 5 
7 5 23 55 43 3 2 5 
6 7 26 23 65 6 1 7 
1 3 38 71 44 4 1 1 
9 2 71 24 31 2 9 9 
5 9 16 44 94 2 6 3 
3 4 13 42 87 1 0 1 
8 2 73 61 70 8 4 7 
4 4 46 77 39 1 0 4 
7 7 22 50 55 8 9 1 
8 7 50 50 63 6 7 2 
0 3 40 49 54 8 8 7 
3 4 1 60 66 1 6 5 
7 4 7 54 38 8 1 6 
2 6 13 81 51 7 5 7 
3 7 42 53 6 2 3 6 
7 3 54 48 47 5 4 3 
1 9 26 37 24 2 0 8 
5 2 64 19 45 9 4 9 
5 8 56 23 38 0 8 3 
9 9 28 41 87 7 9 4 
2 4 26 25 51 1 6 5 
0 4 48 92 50 4 5 7 
8 1 55 57 34 5 3 4 
6 3 54 46 57 5 2 7 
0 8 23 48 38 7 9 0 
7 8 19 44 53 7 6 7 
0 2 23 26 15 0 9 1 
6 4 3 55 37 7 8 0 
9 2 0 44 59 8 3 2 
1 0 3 51 50 0 0 8 
7 2 0 65 40 3 5 0 
3 0 37 69 61 9 2 0 
6 6 0 72 57 5 3 3 
9 6 35 73 66 1 9 7 
5 1 54 65 82 8 5 2 
2 3 17 65 68 6 0 6 
0 0 36 64 45 7 6 3 
3 8 18 32 46 4 1 6 
9 5 0 54 47 7 9 9 
4 0 42 35 30 2 0 8 
6 5 45 65 94 8 7 6 
0 8 22 102 68 2 1 3 
4 8 46 56 53 8 2 6 
4 2 18 40 46 1 9 8 
4 9 57 45 61 7 7 4 
3 5 31 77 82 9 7 4 
2 9 20 90 57 8 5 2 
3 6 35 45 58 9 5 4 
1 2 70 13 41 9 7 3 
2 0 41 49 52 5 6 2 
8 4 15 54 55 7 2 7 
3 5 16 75 42 2 3 8 
4 0 61 72 22 9 4 8 
8 1 69 26 91 3 7 8 
0 2 56 4 7 1 6 1 
3 7 46 36 48 3 3 0 
7 5 13 83 60 5 9 2 
1 6 52 42 50 6 8 1 
0 1 41 54 53 3 6 7 
3 7 31 5 46 5 5 0 
1 9 0 47 71 0 3 6 
8 4 15 61 28 7 4 9 
4 4 35 34 42 7 5 5 
3 7 19 26 63 1 3 3 
1 9 19 24 59 3 9 8 
8 5 10 32 47 7 9 5 
7 7 0 66 49 6 5 2 
5 3 71 69 70 5 2 3 
8 5 39 94 27 8 3 9 
5 2 49 55 34 8 5 9 
4 9 2 25 30 0 7 3 
1 2 31 17 44 5 2 7 
5 2 11 60 62 1 1 0 
1 9 25 42 39 1 3 1 
9 6 55 51 50 5 7 3 
3 9 22 34 51 2 1 4 
7 4 55 80 34 4 1 8 
9 6 2 62 35 3 6 9 
3 3 52 45 39 5 1 0 
4 4 4 24 60 3 8 8 
5 9 38 27 36 6 2 0 
5 0 44 27 73 4 2 6 
0 1 13 54 43 9 4 3 
9 3 25 34 40 5 8 1 
0 4 50 47 0 0 1 8 
2 9 43 53 59 9 1 3 
9 6 15 56 52 8 1 8 
4 8 10 63 50 7 6 3 
4 5 19 57 40 6 1 8 
9 7 25 72 44 1 6 7 
5 9 19 44 69 3 4 3 
4 2 9 26 27 1 4 6 
9 3 18 48 13 9 1 3 
9 3 25 95 47 7 8 1 
6 8 9 56 91 6 6 9 
8 5 29 42 31 5 5 6 
8 2 35 60 33 4 6 7 
4 2 36 64 59 5 3 0 
0 7 53 33 28 2 2 3 
0 0 31 46 75 5 3 2 
0 3 33 50 24 4 7 4 
1 8 0 88 58 3 3 8 
5 5 36 38 44 6 9 0 
9 8 51 49 63 9 2 7 
1 6 43 47 28 9 7 4 
2 9 55 35 61 5 7 0 
1 4 38 55 53 4 3 6 
3 6 17 74 70 5 4 4 
2 0 21 67 54 8 1 7 
1 8 11 32 46 6 6 0 
5 4 6 13 34 9 1 1 
1 9 10 34 59 4 9 8 
4 3 40 38 42 2 3 2 
0 7 46 46 16 2 7 2 
6 8 36 69 75 8 6 0 
3 2 25 67 45 0 9 5 
7 6 37 23 43 9 1 9 
3 3 34 44 55 4 5 6 
7 2 43 28 50 9 1 3 
3 2 50 60 66 7 9 9 
2 3 36 50 61 5 0 1 
7 6 19 73 67 8 4 3 
7 8 33 36 44 7 8 5 
7 6 11 52 37 9 0 8 
2 0 58 54 55 5 1 1 
0 2 0 59 46 0 0 8 
9 3 39 65 79 6 7 2 
6 0 32 46 88 4 1 5 
7 5 2 43 66 5 6 1 
8 5 5 37 54 4 0 5 
8 8 56 41 59 0 2 7 
1 1 14 38 39 0 7 8 
5 5 36 11 34 3 3 5 
3 2 17 34 76 5 2 4 
5 3 29 58 87 6 2 3 
6 0 46 50 59 1 5 7 
6 2 27 1 29 0 9 4 
9 4 38 74 47 1 2 8 
6 0 42 30 46 1 4 7 
2 8 74 43 84 4 6 7 
5 3 22 24 53 3 7 1 
9 4 54 48 44 4 6 8 
7 9 37 34 69 0 6 9 
8 4 16 46 37 6 7 4 
5 6 33 43 70 6 5 1 
6 0 34 61 53 4 0 2 
4 0 52 66 37 2 5 6 
2 5 25 40 38 6 2 7 
2 5 14 51 36 1 5 4 
6 3 27 73 43 0 7 0 
5 2 55 47 98 4 5 7 
5 1 33 71 44 8 6 6 
1 2 6 49 29 9 4 5 
6 5 26 50 51 6 3 5 
5 2 38 39 33 4 1 2 
0 8 53 27 52 5 1 5 
9 6 15 63 26 3 8 4 
4 3 47 36 5 2 7 3 
8 2 0 43 32 4 6 8 
0 9 73 34 67 4 4 4 
8 8 0 32 78 2 7 9 
1 2 8 45 20 2 5 5 
2 5 34 76 39 6 2 9 
9 6 16 38 39 6 2 6 
3 8 7 33 45 3 8 4 
1 2 56 30 47 8 7 0 
1 2 23 47 41 2 1 2 
1 8 45 44 11 6 8 2 
2 3 14 48 10 1 4 3 
2 0 47 48 49 5 8 1 
3 6 7 56 52 7 2 2 
8 3 2 72 58 9 3 9 
8 3 35 70 3 6 3 3 
6 2 55 60 44 6 5 4 
8 1 40 40 89 6 1 0 
8 9 0 54 99 7 1 4 
4 8 42 68 34 6 0 1 
1 2 47 56 44 3 6 0 
3 1 37 74 79 5 3 5 
1 9 34 15 44 1 8 4 
6 2 12 56 39 5 2 6 
0 4 62 52 51 5 1 0 
1 3 52 43 84 0 6 0 
5 1 15 14 52 8 4 7 
4 8 4 86 21 7 6 0 
1 6 75 35 59 1 5 4 
9 6 28 39 32 5 1 4 
1 6 37 92 69 9 4 4 
4 0 8 32 55 0 0 9 
1 7 21 45 47 5 8 1 
3 5 7 114 47 2 7 2 
8 1 34 47 28 4 7 4 
6 4 35 23 50 2 9 8 
7 2 31 21 34 8 0 1 
4 9 32 45 71 6 8 4 
1 0 10 36 68 8 8 0 
4 0 47 56 69 7 8 7 
0 3 27 66 39 0 6 3 
8 1 27 38 85 4 9 1 
1 8 75 53 70 4 6 2 
4 7 38 87 74 3 7 2 
2 6 54 41 75 9 1 9 
7 2 36 70 57 6 1 0 
4 7 4 36 56 8 3 8 
9 7 33 16 65 6 4 5 
7 4 23 66 63 5 6 9 
4 1 50 41 64 5 4 4 
6 7 39 48 0 8 9 4 
5 4 41 17 60 7 8 1 
9 1 38 44 58 5 4 4 
4 7 24 68 67 0 2 2 
5 0 32 57 51 1 6 7 
8 8 18 40 45 2 8 1 
5 3 10 55 68 6 8 3 
7 0 29 61 32 0 1 9 
7 1 0 65 74 3 3 8 
3 2 63 87 71 1 1 6 
0 0 28 49 28 1 4 3 
0 2 18 40 49 8 7 1 
0 9 0 66 43 5 7 5 
7 1 10 59 26 1 5 0 
0 3 18 79 78 5 1 4 
4 5 13 42 51 1 9 3 
5 2 34 84 64 1 4 9 
7 7 0 33 34 8 2 3 
6 1 46 74 83 6 8 5 
7 4 0 29 74 6 1 4 
2 0 49 16 34 5 7 8 
5 7 18 54 40 6 5 1 
5 6 0 49 19 5 0 4 
8 5 24 88 27 5 5 9 
2 0 0 32 39 2 1 0 
0 5 40 63 43 5 5 2 
5 9 1 86 36 0 2 8 
5 0 13 35 32 7 0 9 
2 1 19 74 36 1 6 4 
5 2 8 42 59 5 2 5 
6 8 21 25 32 2 1 1 
3 3 54 62 36 9 8 3 
6 0 19 47 54 0 9 4 
7 1 22 25 79 7 4 6 
0 6 8 64 46 4 8 7 
4 6 25 76 76 4 2 5 
5 3 47 60 67 7 4 7 
6 7 28 24 88 6 2 2 
2 6 68 99 51 7 8 6 
3 3 28 27 59 5 5 4 
8 9 86 52 25 4 6 2 
8 3 40 49 54 2 6 5 
7 1 0 67 74 3 4 3 
9 0 13 58 69 6 2 3 
4 2 31 75 33 2 0 4 
8 6 44 46 79 4 3 9 
6 8 37 1 56 9 9 4 
6 9 76 88 20 6 7 7 
7 5 26 69 51 9 4 2 
6 7 22 19 73 4 0 4 
3 9 49 38 51 6 8 5 
2 9 72 82 93 8 4 7 
4 2 20 50 69 1 0 0 
4 4 5 46 88 0 5 0 
5 9 26 39 28 1 9 0 
1 2 33 59 75 2 5 6 
9 2 9 49 44 8 4 2 
8 6 29 89 64 0 2 9 
1 7 39 55 82 0 3 8 
6 8 24 36 51 1 3 7 
2 4 0 74 59 0 5 7 
0 9 79 44 46 7 4 1 
3 9 17 69 70 3 5 0 
1 4 18 64 36 8 1 1 
2 7 55 60 49 3 6 4 
3 0 44 52 88 5 6 9 
2 9 65 64 52 7 0 5 
2 1 27 26 36 3 2 2 
6 5 20 40 62 6 6 4 
9 8 49 36 22 3 7 4 
7 9 28 62 31 4 3 3 
8 7 26 71 52 6 2 4 
7 1 36 49 28 2 8 4 
3 0 23 25 48 9 6 9 
9 1 26 0 51 5 1 4 
3 6 25 63 30 4 4 6 
9 7 49 41 66 4 8 3 
5 2 0 27 60 6 6 3 
7 3 51 50 68 1 8 6 
6 5 9 58 13 6 9 4 
5 6 1 55 35 1 6 8 
4 3 34 35 50 1 6 6 
4 4 31 54 33 3 4 6 
3 3 0 80 104 7 9 7 
4 7 5 39 53 6 2 2 
6 5 75 74 41 9 1 1 
3 7 22 66 51 1 6 1 
1 0 33 61 63 3 5 6 
2 6 19 66 50 4 2 1 
1 4 19 34 44 2 4 6 
2 9 21 26 80 6 5 8 
6 6 51 38 86 6 7 9 
2 1 38 51 59 0 1 2 
5 1 0 43 39 7 7 8 
5 1 41 58 23 5 5 8 
6 7 12 46 55 6 6 5 
8 1 8 37 49 7 9 9 
3 8 17 59 43 2 4 5 
2 3 27 53 56 4 4 8 
7 3 38 8 52 7 6 0 
2 8 30 61 60 5 9 2 
5 4 11 49 44 1 0 2 
2 5 20 59 47 6 5 5 
8 7 50 50 46 8 3 3 
1 9 15 45 35 6 6 5 
4 9 12 73 78 4 2 5 
1 6 41 40 29 1 5 2 
6 7 50 36 49 9 0 5 
0 6 48 60 36 0 4 3 
0 9 15 41 67 0 4 3 
8 1 9 50 90 3 7 1 
6 3 62 55 79 1 9 9 
2 8 0 64 30 7 1 6 
0 6 18 17 15 0 3 2 
1 4 37 54 44 9 5 0 
7 9 21 105 72 2 0 8 
9 0 0 31 57 2 0 1 
9 1 36 42 46 3 9 0 
0 9 7 91 61 4 2 3 
8 2 53 29 69 9 5 0 
2 6 25 52 37 0 2 0 
1 8 22 81 62 3 1 7 
9 6 20 47 53 7 4 5 
2 0 14 35 44 7 0 7 
7 5 23 39 25 6 6 5 
1 4 55 34 75 4 7 1 
7 0 17 46 17 7 4 9 
4 6 18 34 66 1 0 6 
7 7 8 69 16 0 5 5 
7 6 47 2 68 5 4 5 
9 4 48 43 49 7 6 9 
7 8 10 35 78 6 7 8 
8 0 14 22 9 4 5 3 
8 8 33 66 64 2 0 6 
4 8 61 18 70 1 7 3 
9 4 1 53 67 2 5 0 
8 8 47 95 85 2 5 5 
6 7 7 36 29 0 3 3 
0 2 29 55 44 2 2 2 
9 1 14 47 56 4 9 6 
9 3 27 76 59 2 5 6 
4 7 28 72 11 2 7 8 
1 6 16 47 27 8 8 4 
4 2 33 17 74 6 3 3 
6 2 22 44 82 3 6 7 
3 2 29 9 75 2 6 7 
7 6 41 76 38 7 3 3 
9 4 0 53 51 9 5 7 
9 6 57 39 84 4 9 0 
4 9 10 70 46 5 7 3 
6 5 57 34 42 1 9 6 
9 0 44 59 31 1 5 1 
2 2 38 51 22 3 2 8 
7 4 13 55 25 4 5 0 
6 1 25 56 49 0 6 8 
8 3 55 21 57 6 4 1 
6 7 38 33 31 2 9 9 
6 2 1 38 44 3 6 0 
4 2 23 22 27 9 8 2 
0 4 0 76 65 0 0 6 
8 4 34 55 25 7 3 9 
6 7 0 56 73 9 3 7 
2 7 42 27 61 0 9 4 
5 5 21 50 59 7 2 5 
4 9 21 74 35 1 9 1 
5 0 45 73 61 1 1 8 
8 2 26 66 32 1 7 7 
4 6 21 37 70 9 9 3 
1 0 0 51 91 9 5 5 
9 2 62 48 34 5 3 7 
1 1 31 62 52 9 6 4 
6 6 50 88 68 9 2 5 
6 9 4 21 17 4 0 9 
2 1 41 25 11 2 1 8 
6 7 26 33 91 0 4 0 
3 7 45 28 65 3 7 9 
9 6 0 60 81 4 5 5 
0 2 20 73 25 7 2 6 
3 6 17 65 17 4 4 4 
1 3 30 22 44 4 3 5 
8 1 0 50 44 0 5 2 
1 6 14 16 6 7 9 9 
8 9 25 64 38 5 1 8 
1 3 26 53 93 2 9 5 
4 4 51 52 84 0 0 0 
0 5 47 59 95 9 1 7 
9 7 39 65 52 4 4 9 
4 0 32 42 66 1 5 9 
4 0 8 20 39 9 7 8 
6 4 8 39 25 8 8 0 
5 7 49 41 58 5 0 5 
4 1 59 24 18 7 5 2 
4 6 31 84 64 1 5 6 
9 1 0 60 10 7 8 3 
9 5 38 58 37 7 7 0 
5 9 0 43 12 5 7 2 
3 3 56 50 48 5 0 1 
3 4 63 37 56 2 3 8 
8 7 36 45 37 9 2 8 
2 1 48 39 90 0 8 4 
8 6 37 84 103 6 4 4 
4 7 23 74 63 3 6 8 
1 0 14 53 47 0 1 1 
7 7 16 62 76 5 5 9 
9 9 27 52 33 9 8 8 
8 5 5 14 61 6 8 1 
0 9 12 47 64 1 3 6 
2 3 26 37 47 8 4 3 
5 7 38 51 89 1 3 1 
0 5 21 34 38 7 6 5 
9 6 23 96 72 8 7 4 
5 3 39 98 24 2 0 9 
0 9 20 78 56 0 7 6 
9 3 36 3 31 3 3 1 
2 0 34 64 71 5 9 1 
0 4 40 22 27 5 8 1 
5 1 18 76 35 3 4 1 
0 0 53 74 71 1 4 2 
8 2 27 40 27 2 6 0 
7 9 51 69 56 7 9 5 
6 6 35 27 61 7 3 9 
0 7 61 69 52 4 2 8 
1 5 14 41 33 6 5 7 
9 5 51 57 31 7 1 4 
9 3 45 67 62 2 5 6 
3 4 8 72 71 7 1 7 
8 5 34 51 25 8 8 2 
3 9 46 50 33 9 8 0 
2 0 20 76 33 1 2 1 
8 9 37 59 57 0 2 7 
6 8 33 63 33 5 0 1 
5 2 19 47 68 2 4 4 
9 3 19 61 29 8 7 4 
9 4 46 51 90 1 7 5 
3 7 8 64 67 5 5 7 
5 6 2 31 36 2 9 2 
9 4 58 8 53 5 8 5 
8 9 10 48 66 2 7 2 
8 0 53 70 26 5 4 2 
7 8 23 55 54 6 9 2 
9 0 65 48 44 9 8 4 
5 3 0 29 47 4 6 2 
2 7 31 63 55 8 8 8 
4 1 46 50 45 9 6 5 
7 2 20 77 31 6 6 2 
