8 5000
1 8 50 64 50 5 2 3 
1 1 15 56 43 1 1 8 
4 5 0 94 60 9 9 4 
1 7 66 7 55 0 0 8 
9 6 32 72 27 2 0 5 
3 4 24 59 0 2 0 2 
5 5 28 54 51 5 3 2 
8 0 21 40 33 9 4 8 
0 8 30 44 35 5 5 0 
4 9 39 61 54 1 6 0 
0 3 18 44 57 9 1 1 
4 6 19 75 62 3 7 7 
1 1 19 47 66 6 9 1 
5 6 48 54 44 9 0 9 
7 9 12 91 21 4 5 8 
4 5 50 28 31 7 8 5 
7 6 39 46 57 3 4 7 
7 0 9 97 19 6 5 5 
8 3 10 50 47 4 0 4 
3 5 55 29 0 3 8 8 
7 5 16 74 0 7 3 5 
0 1 0 68 37 3 5 7 
5 8 65 68 56 8 9 6 
7 0 0 65 5 8 1 5 
1 0 60 70 54 0 9 1 
7 5 32 67 66 5 2 7 
1 1 57 46 48 7 2 4 
2 4 51 70 48 5 9 8 
8 1 22 60 71 0 2 7 
6 5 52 48 8 5 1 0 
3 8 35 58 15 0 0 1 
3 3 0 60 34 9 2 5 
8 1 16 90 69 9 8 9 
2 9 29 59 78 3 5 9 
5 3 10 46 69 9 7 0 
8 1 57 76 22 0 9 3 
9 1 33 67 5 8 7 7 
2 5 19 34 46 3 3 8 
3 3 29 63 42 1 0 8 
7 6 1 57 35 1 3 1 
0 7 77 79 45 6 3 4 
4 9 49 21 26 7 8 6 
2 0 31 49 62 6 7 5 
7 6 20 37 8 9 6 1 
5 8 69 74 47 7 3 9 
8 4 24 50 47 8 8 6 
4 9 54 46 59 0 8 4 
1 5 8 57 85 9 2 3 
1 4 0 16 32 2 2 1 
4 7 0 50 91 3 0 9 
4 0 64 47 31 8 9 7 
1 3 39 45 55 8 8 6 
0 8 33 25 59 2 4 3 
6 0 13 46 7 4 5 7 
5 3 44 84 63 4 0 0 
8 8 80 85 61 4 5 9 
6 8 29 28 57 4 1 0 
0 7 36 52 72 9 9 9 
9 5 1 35 44 8 5 3 
7 8 38 37 40 7 0 6 
4 6 40 24 12 9 1 8 
6 4 22 47 44 2 6 0 
6 8 28 45 25 5 7 2 
4 3 32 33 38 8 8 3 
1 3 22 59 49 7 5 9 
6 2 27 42 17 5 5 8 
6 0 19 6 45 8 8 1 
4 8 18 51 8 0 6 0 
3 6 11 78 62 7 7 5 
0 0 26 62 33 7 1 7 
0 0 37 82 34 1 8 6 
9 9 27 31 28 3 7 9 
2 0 31 58 61 8 2 0 
0 6 44 64 71 9 4 2 
6 3 43 66 33 6 3 0 
8 5 37 28 43 1 2 2 
3 2 32 58 27 2 4 4 
2 3 0 60 51 4 7 3 
6 8 51 59 23 8 7 5 
1 3 23 34 8 9 7 0 
8 7 32 90 45 8 4 3 
8 0 19 51 61 9 4 3 
1 6 31 58 61 0 6 9 
4 2 7 50 42 8 4 8 
2 6 56 42 12 2 4 1 
9 2 9 1 56 8 3 2 
5 3 11 45 40 1 4 3 
1 1 24 44 64 7 5 3 
1 0 56 41 41 6 5 3 
6 0 44 61 58 1 4 0 
2 7 8 39 46 7 2 3 
2 3 16 0 44 8 5 5 
2 6 53 76 26 4 9 6 
4 4 42 47 18 6 0 2 
7 7 63 25 22 7 8 2 
8 4 36 39 4 3 9 8 
1 7 41 84 51 5 8 4 
6 6 0 55 45 1 3 6 
6 4 22 47 55 4 3 0 
1 8 43 63 53 3 9 5 
0 5 39 54 34 3 6 4 
6 8 23 40 51 2 3 6 
5 0 10 54 51 4 7 7 
2 6 1 71 29 9 9 3 
3 7 0 19 35 3 3 5 
4 5 27 82 59 2 5 5 
6 7 18 34 73 7 5 1 
5 9 12 28 36 6 6 9 
0 0 21 68 44 9 7 2 
0 5 21 33 57 2 8 9 
9 8 25 57 52 0 2 8 
0 2 29 62 42 0 4 6 
7 3 33 44 47 0 6 3 
5 1 31 53 70 5 4 7 
1 2 18 35 35 1 2 3 
3 6 34 41 68 5 2 8 
3 7 0 48 54 3 3 7 
4 4 29 57 57 9 8 0 
9 2 62 74 43 3 3 9 
0 0 22 93 56 2 5 1 
7 2 44 48 33 7 1 4 
7 0 89 62 62 8 2 2 
3 9 20 50 78 2 4 4 
7 1 46 54 98 8 7 1 
2 1 0 42 31 8 1 9 
8 9 10 64 63 7 2 1 
0 0 39 38 68 8 6 6 
3 0 47 42 76 1 4 1 
7 1 0 59 59 3 2 4 
5 8 17 14 48 9 2 9 
5 6 38 47 60 7 2 2 
9 4 11 34 69 0 7 1 
8 0 37 33 47 5 6 3 
9 5 31 18 48 9 4 0 
2 6 37 35 85 6 5 3 
6 9 20 17 33 8 4 9 
5 1 6 57 35 1 3 5 
1 6 32 58 63 2 6 0 
4 1 37 57 24 6 3 4 
4 4 41 46 82 3 4 8 
9 3 83 8 27 8 0 9 
4 9 39 71 108 0 2 9 
9 8 18 57 57 7 7 3 
2 4 45 42 35 2 4 8 
7 4 85 43 82 2 5 3 
8 3 0 55 25 3 9 7 
2 7 19 61 66 6 9 4 
0 6 29 58 72 5 6 2 
5 2 28 56 43 4 8 1 
6 3 51 40 17 4 4 6 
5 0 38 80 52 4 5 2 
1 4 29 29 50 3 9 2 
8 4 49 19 69 5 1 6 
2 6 19 45 47 7 2 5 
6 7 28 2 70 0 6 4 
7 9 28 34 77 7 9 6 
0 1 8 61 43 9 2 6 
0 8 2 41 26 7 6 6 
7 4 20 75 46 8 4 7 
4 8 49 51 74 7 0 3 
9 5 34 62 42 8 8 5 
4 2 23 29 38 5 6 5 
6 8 53 55 46 2 9 9 
7 0 17 12 69 7 1 9 
2 9 17 33 47 9 5 8 
2 9 12 51 87 2 4 8 
2 9 39 29 46 1 0 9 
8 0 32 43 65 1 1 2 
4 8 1 23 69 7 2 0 
0 7 39 47 49 0 0 7 
0 8 16 107 60 4 7 6 
3 9 52 58 19 3 3 5 
6 4 13 53 48 0 4 5 
6 0 33 48 37 0 0 3 
7 1 27 54 48 8 2 3 
3 9 33 68 38 2 6 5 
4 2 46 58 56 2 5 6 
5 7 27 62 26 6 2 4 
7 5 27 34 8 7 7 4 
8 1 26 80 44 7 4 1 
8 8 22 24 65 8 9 0 
7 5 36 46 63 4 7 0 
0 9 9 52 56 0 8 8 
3 4 10 67 33 1 4 5 
9 5 21 52 21 5 3 1 
4 9 33 34 50 3 5 1 
8 5 1 45 59 6 0 8 
0 0 44 26 56 7 5 6 
8 6 59 53 23 9 1 5 
6 4 10 64 72 0 4 2 
5 3 0 47 56 0 2 9 
3 8 0 65 67 2 6 7 
6 6 13 75 34 6 2 8 
4 3 27 63 71 3 8 4 
4 6 45 52 0 0 6 2 
4 4 40 31 47 8 4 1 
1 5 36 21 28 1 8 7 
5 7 24 31 49 8 7 6 
5 3 30 61 8 9 2 5 
1 3 8 37 75 1 1 6 
0 1 34 9 39 2 6 6 
3 9 35 67 78 4 8 9 
9 6 39 35 29 6 3 5 
8 2 44 37 53 9 0 8 
4 3 26 79 12 8 7 6 
9 2 54 23 48 5 9 9 
3 9 46 62 70 4 4 6 
8 9 45 57 59 8 0 5 
7 7 40 44 58 2 5 3 
5 3 54 48 41 3 6 5 
9 2 20 61 55 7 3 8 
7 7 47 52 59 5 8 6 
0 1 0 74 35 2 3 6 
8 1 22 77 59 8 9 3 
6 8 29 37 90 8 6 8 
4 4 29 33 53 3 3 5 
0 6 35 64 49 7 2 1 
4 0 6 21 45 0 9 3 
6 7 38 31 17 0 4 4 
1 5 21 49 47 7 5 0 
1 1 24 72 76 2 7 8 
5 6 0 48 8 4 3 3 
9 2 60 23 30 3 5 6 
0 9 40 85 56 4 1 1 
8 8 50 23 24 7 3 3 
5 9 13 78 73 7 3 1 
1 5 4 29 18 9 7 8 
4 9 4 32 56 1 7 6 
4 0 11 76 25 4 9 3 
4 5 60 30 21 0 5 1 
4 8 0 43 65 1 2 4 
2 8 41 16 41 5 8 5 
2 4 36 56 4 7 8 2 
3 3 41 93 54 4 8 7 
1 9 45 58 52 8 5 7 
4 1 31 49 40 4 7 9 
8 2 18 52 52 7 6 6 
8 9 37 66 43 8 1 9 
6 0 46 26 62 2 8 3 
9 8 52 49 63 8 1 2 
1 4 5 53 52 9 6 4 
9 9 30 10 62 8 7 8 
8 9 21 15 21 6 9 7 
9 2 29 53 47 2 5 7 
3 6 23 23 79 3 4 7 
4 3 52 55 49 5 7 0 
3 1 38 43 54 4 5 0 
6 9 24 89 64 1 8 4 
4 6 0 21 35 7 9 8 
8 5 30 42 53 1 4 7 
6 2 26 56 51 0 3 0 
6 9 26 55 108 6 3 5 
0 8 64 59 49 0 9 6 
3 9 63 56 77 8 4 8 
5 9 34 15 58 8 5 4 
1 0 56 51 87 4 8 7 
7 3 19 45 57 0 8 2 
2 3 77 32 79 4 7 3 
1 5 38 58 24 9 3 6 
7 8 37 54 34 9 7 7 
8 1 34 42 43 8 7 9 
4 5 37 32 43 6 6 8 
0 4 0 30 51 6 4 7 
9 7 20 45 99 1 1 6 
5 7 28 64 59 4 3 5 
0 4 40 75 42 8 5 3 
8 6 29 59 38 5 7 5 
9 4 16 34 76 2 0 3 
3 1 0 36 38 2 8 3 
4 8 45 31 65 8 4 7 
2 5 0 39 63 8 5 9 
3 3 65 41 53 5 8 4 
2 9 40 53 22 6 4 8 
5 0 12 61 59 4 3 2 
1 8 61 49 35 8 9 8 
5 2 22 54 15 2 0 8 
1 3 29 34 4 5 0 4 
3 4 20 47 58 5 9 3 
5 4 37 16 52 5 4 8 
9 0 21 74 59 9 0 0 
0 2 3 57 63 0 0 9 
7 9 15 54 84 8 9 3 
8 5 29 70 44 4 1 9 
3 4 72 38 51 6 7 7 
3 2 44 74 52 9 8 8 
7 7 5 70 28 3 1 1 
3 5 0 61 40 9 1 9 
6 7 4 54 48 6 5 8 
7 2 19 46 20 1 3 7 
2 9 18 41 10 8 5 4 
8 8 7 34 41 9 7 4 
5 4 14 48 90 1 7 2 
7 5 34 49 21 7 1 7 
4 8 22 39 50 7 2 9 
8 4 11 33 51 7 7 4 
7 6 20 59 63 6 4 2 
7 7 22 30 85 5 1 5 
6 7 43 41 31 6 1 6 
4 4 42 77 0 2 0 6 
3 9 49 37 80 0 7 5 
7 9 42 41 50 2 1 5 
3 5 19 33 35 4 1 7 
9 6 45 35 59 4 6 5 
3 6 50 31 58 2 9 9 
7 7 62 49 37 4 4 1 
0 2 1 72 59 8 5 5 
4 3 39 55 51 4 7 0 
2 5 79 53 44 0 3 1 
0 2 50 39 33 3 1 1 
3 3 39 24 76 0 3 4 
1 8 39 55 40 6 4 5 
8 2 26 49 80 3 5 0 
1 1 40 19 48 3 4 4 
5 3 21 69 32 2 8 2 
6 1 7 63 116 5 4 4 
9 8 36 11 17 8 8 5 
9 9 0 32 48 6 1 5 
6 3 59 52 24 9 4 9 
4 3 16 44 53 4 2 5 
0 6 45 37 11 7 7 8 
5 8 11 88 24 6 4 1 
0 6 12 51 34 2 1 8 
4 9 24 34 64 8 9 4 
0 2 20 17 76 5 6 8 
4 3 39 34 38 7 6 1 
7 7 0 24 9 1 5 9 
0 9 23 2 82 2 8 1 
8 1 25 61 66 9 5 2 
0 0 29 52 87 3 4 5 
9 8 37 70 0 6 9 3 
4 2 58 21 51 9 5 4 
1 5 0 22 62 5 1 0 
6 9 36 68 45 9 9 3 
1 9 36 54 46 8 6 1 
8 0 21 24 54 5 1 2 
9 9 33 26 69 9 8 3 
8 6 67 25 32 6 7 8 
1 2 12 39 63 2 4 6 
5 6 26 51 22 0 8 3 
0 3 31 39 7 4 6 8 
4 4 27 41 93 4 7 6 
3 1 14 7 11 9 8 2 
7 0 25 39 54 0 9 0 
2 5 24 70 53 6 3 7 
7 8 34 57 66 1 9 4 
8 2 26 41 69 8 6 0 
5 2 48 32 37 5 0 9 
4 1 79 47 39 1 8 9 
9 0 26 51 41 1 3 4 
8 7 61 61 48 2 0 7 
1 0 22 68 37 3 1 4 
7 1 37 61 41 8 9 7 
8 6 30 73 42 4 7 1 
0 4 27 68 69 0 0 2 
8 1 61 87 78 6 3 2 
6 8 0 72 55 6 6 6 
6 8 2 54 48 7 3 0 
5 4 46 36 57 9 6 5 
1 2 13 98 57 8 1 3 
9 6 59 0 33 1 6 8 
4 8 14 72 51 6 1 7 
1 0 22 51 0 8 2 9 
8 0 4 37 52 0 0 1 
3 6 38 56 66 1 9 2 
8 5 19 75 78 7 2 1 
0 4 25 89 52 0 0 1 
0 2 31 76 8 0 4 5 
1 8 45 19 33 9 6 3 
1 9 42 50 46 7 2 4 
0 6 30 70 52 8 8 6 
4 6 13 52 43 4 6 9 
4 5 28 49 38 9 6 9 
1 5 0 48 45 3 8 0 
5 7 52 63 29 8 5 9 
6 2 0 29 39 6 5 7 
4 6 66 70 38 9 8 3 
7 7 30 72 14 3 8 7 
4 5 7 65 73 0 7 2 
4 7 43 22 55 1 4 3 
3 2 59 54 18 4 7 1 
1 0 32 85 52 1 5 8 
9 3 17 9 39 0 6 7 
2 9 18 17 57 1 7 3 
5 2 21 30 57 3 8 4 
8 1 19 95 91 5 3 2 
6 1 20 40 69 1 3 5 
8 7 51 35 65 8 5 4 
6 1 3 40 43 8 5 6 
5 9 51 18 21 4 9 6 
7 5 39 27 50 5 6 3 
6 0 0 38 55 3 4 9 
6 3 17 85 38 2 1 1 
5 1 30 20 15 9 9 2 
0 8 55 44 77 7 8 2 
3 5 29 66 63 7 9 9 
5 3 14 39 38 0 1 7 
5 1 1 32 16 8 1 4 
8 8 47 98 38 1 0 6 
8 9 23 23 64 7 1 9 
3 9 8 51 78 6 0 2 
5 2 30 55 63 0 3 1 
2 9 0 12 37 3 9 1 
2 9 24 16 60 8 9 7 
7 1 59 39 46 7 1 5 
5 5 27 57 82 6 2 8 
5 9 0 31 39 0 4 5 
3 4 3 34 45 1 3 7 
0 1 15 54 16 0 7 9 
3 9 33 66 80 8 7 6 
2 7 27 82 65 3 1 3 
7 5 34 42 59 6 9 9 
1 7 24 40 81 3 9 7 
9 3 32 37 21 2 0 9 
9 4 37 38 36 6 9 0 
1 9 3 36 30 2 3 1 
8 4 38 28 65 2 1 6 
8 5 47 2 24 7 3 2 
6 7 25 47 52 1 9 8 
7 1 34 38 43 7 3 6 
3 5 13 64 45 4 7 7 
7 9 33 88 21 7 6 6 
6 2 32 81 64 2 4 4 
9 9 27 82 44 6 9 0 
7 5 15 36 59 4 0 3 
5 0 38 49 64 9 0 3 
7 2 32 53 31 1 7 4 
5 1 13 12 32 9 6 9 
8 8 44 79 57 5 7 1 
6 1 50 80 73 4 8 4 
8 4 17 60 38 6 4 3 
0 8 21 86 76 0 6 4 
9 3 0 44 46 9 5 0 
0 2 4 36 86 7 9 9 
2 6 0 24 31 3 8 6 
3 4 9 45 15 3 3 3 
7 2 43 23 61 7 8 1 
5 7 24 51 43 6 3 8 
8 5 38 68 24 8 9 5 
5 7 0 36 88 4 6 2 
3 2 34 13 17 8 6 8 
2 0 28 41 36 2 7 0 
2 5 20 38 37 0 8 0 
7 6 35 31 0 5 5 4 
3 2 17 32 84 2 3 4 
9 9 46 47 56 9 1 6 
5 0 11 88 48 4 5 6 
1 3 11 77 40 1 0 9 
7 6 0 39 47 1 1 0 
4 2 34 78 62 5 6 5 
7 0 41 49 35 3 7 6 
2 6 24 35 47 2 8 0 
2 3 13 26 77 4 8 9 
8 5 29 50 40 6 4 4 
6 2 2 32 68 2 1 3 
3 2 40 62 65 5 3 2 
3 0 7 46 26 9 6 8 
8 0 34 44 32 0 4 4 
7 2 24 100 63 3 3 8 
8 7 0 69 40 0 1 5 
8 4 56 71 76 6 0 7 
2 7 7 29 29 8 9 0 
1 3 35 24 68 0 3 6 
4 8 51 44 61 0 3 9 
1 5 46 64 85 7 2 9 
8 6 52 16 58 6 7 8 
4 2 18 73 38 2 5 1 
1 9 3 31 38 4 0 7 
0 2 42 0 27 9 4 1 
3 9 7 66 67 9 0 9 
5 9 19 59 32 9 9 9 
4 1 44 0 43 3 2 7 
3 2 26 7 47 2 6 5 
1 4 37 84 39 5 2 6 
7 3 21 70 25 1 5 5 
0 4 14 35 50 6 8 9 
9 9 31 34 58 1 1 3 
6 8 14 66 67 0 7 6 
5 5 39 20 36 8 8 9 
9 7 6 35 75 5 3 3 
4 4 9 19 56 5 5 1 
5 4 26 36 23 1 5 7 
7 4 36 38 64 9 7 2 
6 3 55 39 78 7 6 2 
3 2 37 71 33 5 7 7 
4 1 23 33 49 1 2 3 
0 7 34 57 67 0 6 2 
8 2 51 48 24 2 9 1 
5 7 48 61 32 1 2 9 
0 1 4 32 50 1 3 5 
7 1 65 50 69 8 5 4 
4 7 20 63 15 4 8 5 
9 3 43 65 94 6 4 3 
8 9 66 52 70 4 7 3 
4 6 40 67 59 6 0 6 
0 1 6 86 35 8 3 6 
5 3 44 32 64 2 8 4 
0 9 21 66 39 2 9 6 
1 3 27 39 80 6 7 5 
4 3 24 28 41 1 4 9 
2 5 31 55 63 8 3 9 
5 9 28 34 28 2 7 9 
4 9 0 72 41 6 7 4 
2 0 13 17 40 5 9 2 
6 6 49 64 31 0 8 6 
8 4 22 34 44 5 6 2 
7 7 2 27 80 1 5 7 
2 7 44 61 32 8 0 3 
0 6 52 65 56 6 7 0 
8 8 39 83 55 7 4 4 
7 8 55 35 48 6 5 2 
5 2 38 64 72 6 9 3 
2 5 18 51 45 7 3 1 
4 8 74 39 93 4 6 0 
9 3 5 68 74 0 5 7 
4 1 63 45 62 0 1 5 
8 9 32 83 82 9 2 9 
5 8 54 35 37 1 2 2 
1 6 61 36 52 3 3 5 
0 8 51 69 24 8 4 1 
4 5 25 0 69 0 9 4 
2 6 55 50 25 5 3 7 
7 9 24 33 23 4 1 9 
4 7 0 23 18 5 6 4 
7 1 4 62 43 0 8 5 
4 8 51 25 16 5 4 7 
1 9 13 43 36 3 9 4 
7 1 0 57 48 3 1 7 
5 7 35 43 49 4 9 5 
4 1 28 52 53 2 3 5 
3 9 28 33 72 3 0 3 
2 0 50 40 55 2 0 9 
3 3 22 32 25 3 1 9 
3 4 9 44 86 4 8 5 
6 1 16 42 14 2 8 9 
8 6 36 53 84 8 5 6 
6 0 9 46 67 0 7 2 
4 0 73 12 30 8 5 3 
2 1 49 66 28 3 7 2 
1 8 35 19 55 0 2 3 
2 1 0 60 36 0 9 5 
2 6 44 45 80 4 4 0 
7 1 33 78 86 0 9 0 
8 0 71 79 7 4 1 5 
9 6 41 39 75 1 0 3 
4 2 21 65 14 9 3 1 
3 5 0 48 59 3 3 4 
5 8 5 20 61 8 9 2 
0 7 53 46 35 3 9 5 
4 0 14 48 69 9 3 2 
5 3 0 64 49 6 2 3 
5 3 0 50 57 1 2 2 
5 9 44 38 58 6 6 5 
8 9 25 57 54 2 6 2 
8 7 28 27 70 6 2 8 
3 2 22 26 107 1 8 2 
9 5 36 54 74 0 4 5 
6 3 26 41 24 8 4 8 
1 3 37 36 41 4 3 7 
8 8 44 58 53 8 4 8 
5 8 0 50 34 3 5 1 
8 6 64 45 67 2 5 5 
2 7 42 61 51 2 5 1 
0 0 46 57 47 4 1 5 
4 7 62 64 67 6 0 0 
2 3 55 72 55 0 6 7 
1 0 17 64 48 9 9 7 
8 2 42 39 35 2 2 9 
0 6 52 42 31 9 1 6 
4 2 31 34 15 6 2 4 
9 4 18 36 74 8 5 7 
0 5 14 22 34 4 2 8 
4 4 29 50 79 2 4 8 
9 5 30 36 8 0 9 5 
1 7 39 7 35 6 8 2 
2 6 24 42 75 8 8 1 
5 3 38 42 69 4 8 5 
8 2 31 0 59 0 0 3 
9 3 45 42 35 5 8 8 
3 0 36 32 26 6 8 3 
5 1 9 28 35 3 8 2 
2 4 28 98 41 4 6 4 
3 3 38 78 57 8 2 8 
4 3 42 54 34 1 3 0 
3 9 25 14 39 9 1 8 
7 1 20 55 55 7 3 9 
9 1 15 58 52 3 7 7 
6 0 27 53 78 2 4 2 
7 7 44 76 55 2 4 1 
1 6 21 114 37 9 9 3 
5 5 43 74 29 4 7 2 
1 6 57 42 34 9 5 4 
6 1 18 58 52 3 6 9 
5 9 50 33 71 0 2 8 
0 0 22 34 50 8 2 7 
5 4 35 32 20 2 4 0 
7 6 45 49 49 3 6 2 
1 6 12 37 38 3 2 2 
7 9 0 65 24 5 2 5 
5 6 0 52 52 4 1 1 
2 3 12 29 25 7 9 6 
5 2 16 19 19 6 4 2 
8 0 47 89 23 3 9 2 
3 7 53 73 40 6 8 9 
5 8 7 48 70 5 5 7 
1 1 32 35 47 7 6 9 
3 3 45 51 68 0 0 4 
3 6 45 47 66 1 0 1 
6 9 69 32 58 2 2 3 
1 1 61 29 62 0 4 6 
3 8 25 81 35 3 1 9 
2 5 38 72 30 6 2 9 
6 7 32 41 88 4 1 0 
2 9 19 26 52 1 1 1 
6 7 8 53 50 3 7 5 
9 8 40 49 45 7 5 9 
0 1 55 47 61 0 9 3 
8 7 41 49 78 0 2 2 
7 7 58 42 61 1 8 8 
3 0 32 62 59 5 0 3 
1 0 0 82 68 8 2 4 
9 4 28 35 43 5 4 1 
4 8 31 22 25 2 5 6 
0 4 4 9 65 3 9 9 
3 9 46 86 22 2 8 4 
2 0 27 68 52 6 2 0 
0 3 29 70 51 5 9 1 
3 5 42 45 49 5 9 9 
2 7 30 0 41 8 7 2 
3 8 60 44 6 1 8 4 
4 8 0 49 58 6 5 3 
6 0 41 11 46 6 8 0 
5 9 30 32 29 8 9 3 
9 4 57 59 40 6 4 0 
2 7 46 85 42 3 3 6 
4 9 25 66 43 5 4 2 
1 6 42 65 43 4 5 1 
8 2 34 44 60 8 1 0 
1 2 0 60 54 0 1 5 
9 8 5 37 76 5 0 7 
9 0 16 69 61 8 3 9 
0 7 77 53 25 9 3 2 
4 4 0 66 60 4 9 5 
0 1 29 50 37 5 0 8 
0 8 49 65 38 0 3 7 
4 7 19 91 41 8 7 6 
8 3 22 65 28 8 5 0 
8 5 16 42 60 7 3 4 
4 0 36 35 24 2 9 5 
0 5 27 75 38 6 8 0 
2 1 23 57 18 0 2 9 
5 9 56 22 107 5 3 4 
0 4 40 66 27 3 9 8 
9 6 40 35 67 7 3 2 
5 1 56 59 67 2 4 4 
7 7 47 66 48 5 9 8 
2 8 52 49 56 4 8 9 
8 0 12 57 73 5 3 6 
1 2 0 0 43 5 5 1 
7 5 26 27 58 9 9 3 
7 8 42 46 60 9 5 5 
9 4 0 55 53 5 7 3 
9 3 0 99 61 3 3 7 
7 8 18 47 45 2 9 1 
8 3 10 48 26 7 5 5 
8 7 11 74 59 6 2 4 
5 6 23 49 89 8 2 0 
6 2 25 17 29 3 1 9 
5 4 17 11 73 6 4 4 
2 3 51 78 73 6 1 0 
9 5 41 83 35 8 6 8 
6 1 60 11 42 8 8 5 
4 1 31 70 37 3 6 9 
3 9 26 40 42 1 6 3 
7 0 18 41 66 2 8 7 
6 7 32 45 56 1 5 0 
2 3 42 59 55 2 4 5 
3 7 38 66 71 4 0 9 
4 3 7 20 88 6 2 4 
5 4 23 37 61 3 9 8 
3 7 49 49 31 3 6 1 
9 8 32 33 21 4 1 7 
0 9 38 31 45 5 9 1 
2 9 22 62 31 2 4 1 
9 5 35 70 56 1 3 5 
3 7 29 75 22 8 9 9 
2 9 66 88 58 8 9 2 
9 9 0 69 47 5 8 9 
7 4 45 52 47 0 1 8 
3 6 32 31 61 2 9 3 
4 8 5 33 46 3 9 7 
6 7 17 57 34 1 3 8 
0 2 14 85 41 7 4 4 
5 7 54 66 65 9 0 2 
7 8 51 9 36 4 5 1 
0 3 54 57 38 2 2 5 
1 1 39 62 50 0 4 0 
7 3 29 125 38 2 3 9 
6 4 18 29 14 6 4 6 
2 1 37 72 41 1 6 8 
4 0 0 60 38 0 1 4 
1 3 63 69 53 8 0 6 
3 5 0 56 36 5 6 8 
3 3 8 24 106 3 8 3 
2 9 55 77 46 8 5 3 
3 3 0 39 62 5 2 4 
5 7 55 57 71 4 5 3 
0 2 26 58 69 9 9 3 
2 0 23 30 55 2 3 7 
9 3 49 54 53 7 7 4 
9 5 0 69 80 1 0 4 
7 1 23 56 53 4 3 6 
8 1 23 76 41 5 6 3 
5 7 40 60 72 4 5 3 
3 6 0 10 39 2 7 3 
9 9 49 43 30 5 3 2 
3 4 39 39 50 7 2 0 
6 8 25 50 59 9 0 1 
2 1 27 48 54 2 7 8 
6 5 56 22 19 3 1 3 
2 2 14 69 72 1 9 4 
4 4 39 53 70 5 9 1 
1 1 61 76 21 0 5 4 
2 0 30 23 86 7 4 2 
8 2 14 75 45 9 5 3 
9 3 49 36 38 0 2 4 
0 0 36 74 52 4 8 7 
1 8 41 51 64 5 1 5 
8 4 74 93 36 3 1 7 
5 9 32 58 30 7 5 9 
6 7 44 17 51 5 8 3 
5 4 29 55 52 8 7 3 
4 3 18 56 13 7 3 2 
7 6 34 54 43 2 1 7 
7 3 20 41 64 6 9 3 
2 9 26 105 40 9 3 7 
3 0 14 0 87 4 7 1 
1 3 48 58 87 4 5 7 
1 1 24 47 33 8 6 7 
4 5 22 48 65 2 7 6 
0 0 0 41 44 2 8 5 
4 4 0 56 20 8 3 2 
8 1 18 86 82 8 7 8 
7 4 24 31 49 7 9 2 
5 5 58 71 38 9 5 8 
4 2 46 33 86 3 2 4 
8 0 77 47 27 1 8 7 
7 9 17 79 41 1 2 7 
3 2 25 24 66 9 3 6 
2 5 23 46 48 0 5 4 
8 6 32 0 54 9 2 6 
2 8 8 75 86 2 4 3 
1 5 39 54 61 2 1 8 
9 3 52 47 47 4 7 7 
6 6 0 38 38 0 0 6 
8 2 56 56 49 9 7 8 
0 3 17 31 53 2 6 1 
1 9 0 45 29 7 7 9 
5 1 45 59 39 3 8 7 
6 2 49 46 54 4 6 3 
6 1 10 75 46 0 3 9 
4 4 54 59 45 4 1 5 
2 2 21 46 34 2 7 7 
7 3 0 56 40 3 2 2 
6 9 26 15 63 9 9 8 
5 3 53 37 61 4 9 8 
4 4 35 73 35 9 6 5 
2 9 53 9 20 4 5 2 
2 1 17 30 16 7 8 2 
8 5 18 18 26 9 4 0 
1 8 53 34 0 3 1 2 
6 8 26 38 55 3 6 9 
0 6 60 69 59 7 7 1 
0 7 64 64 16 0 2 0 
4 3 56 59 42 2 3 4 
1 9 21 73 40 4 0 2 
3 2 0 47 34 5 7 9 
6 0 11 58 63 7 1 3 
1 1 23 63 60 0 6 9 
4 9 47 38 74 4 0 4 
4 6 35 43 62 7 5 8 
3 5 32 35 38 5 3 3 
9 1 24 69 28 3 3 3 
4 0 16 34 32 1 5 5 
1 3 66 43 72 9 6 8 
0 5 39 59 56 2 4 2 
8 7 24 45 81 7 1 8 
9 9 32 43 64 6 4 0 
0 2 37 66 64 3 8 5 
8 7 14 30 81 5 8 3 
3 2 0 34 48 6 5 1 
3 5 22 51 45 5 3 7 
4 6 56 97 37 9 0 7 
4 9 35 48 20 9 5 4 
1 0 39 79 53 1 3 2 
6 5 21 27 27 4 2 6 
0 5 21 70 27 3 3 3 
1 6 24 3 35 9 8 0 
3 8 53 60 49 9 3 2 
9 2 29 81 54 7 9 8 
7 5 40 42 67 6 0 6 
8 1 4 31 35 0 5 4 
6 1 30 40 72 4 3 1 
8 2 18 61 71 9 4 3 
1 3 43 72 81 7 9 1 
4 2 0 48 63 2 0 9 
8 6 41 23 63 8 1 8 
8 7 21 51 23 5 3 0 
3 7 33 54 32 2 0 5 
8 1 78 45 54 8 4 4 
9 1 39 20 66 4 8 2 
9 3 24 53 60 0 7 6 
8 6 30 41 28 4 6 6 
4 3 32 29 53 1 2 1 
3 5 24 15 60 6 2 3 
5 4 35 44 40 2 8 8 
8 9 97 45 65 5 7 1 
3 2 30 23 32 5 8 1 
5 6 26 36 83 1 2 3 
9 6 27 64 63 9 5 4 
9 0 51 65 46 6 7 8 
6 9 13 58 33 9 2 0 
8 2 49 37 38 2 1 4 
1 6 40 27 1 9 3 3 
7 9 0 16 51 3 9 6 
2 3 17 26 71 3 9 7 
9 3 27 43 74 8 5 3 
2 3 15 40 21 8 4 4 
0 5 46 56 38 1 8 1 
8 6 46 23 61 6 5 2 
4 0 50 48 66 4 4 0 
6 7 49 56 84 0 1 9 
5 9 17 60 23 8 6 9 
6 0 40 22 56 4 1 2 
1 3 74 62 57 1 7 8 
6 3 0 35 62 9 6 3 
7 1 0 52 73 2 9 4 
6 7 8 64 76 8 8 6 
2 1 13 46 23 5 2 2 
1 3 40 50 40 4 4 0 
4 4 35 81 23 0 3 9 
9 4 61 43 65 4 6 0 
8 3 50 55 88 4 2 9 
1 4 25 46 51 8 6 3 
5 9 35 46 36 8 2 7 
3 5 28 23 45 1 8 1 
3 9 9 78 21 0 3 7 
3 3 8 35 47 9 3 4 
7 7 63 25 45 7 9 9 
9 3 14 10 45 8 3 3 
3 7 33 51 38 1 8 2 
3 1 32 41 68 0 8 7 
5 8 53 16 18 8 9 6 
1 0 15 63 0 9 9 6 
5 3 32 25 33 4 5 8 
1 5 8 42 3 5 7 6 
9 7 12 45 52 4 1 0 
5 4 27 50 72 7 0 0 
3 3 11 61 63 0 2 2 
9 9 0 43 28 5 5 1 
7 5 17 37 74 6 6 9 
9 7 42 46 19 9 0 4 
5 6 34 27 5 0 8 0 
9 5 42 31 54 6 5 0 
7 2 71 62 39 4 7 0 
3 3 53 57 30 8 4 2 
7 2 0 82 61 5 1 5 
6 3 28 97 59 6 4 4 
7 0 22 47 31 0 4 6 
0 7 19 64 70 6 1 1 
7 5 1 58 70 1 3 4 
6 1 61 47 63 5 0 3 
8 7 16 50 43 4 1 4 
1 4 0 24 31 9 4 5 
0 6 74 39 27 6 2 9 
0 4 9 36 51 4 8 3 
9 1 36 61 58 0 8 4 
8 6 60 67 54 1 9 4 
5 2 51 73 43 2 9 5 
1 0 38 41 40 0 2 6 
1 1 15 78 35 5 1 5 
0 5 2 53 37 3 0 2 
8 9 11 82 88 2 6 8 
1 7 0 29 21 3 2 5 
9 4 0 49 45 8 5 1 
8 2 51 46 56 7 1 8 
2 3 0 38 49 7 3 9 
4 6 22 39 35 4 2 8 
9 6 33 85 37 3 7 7 
1 0 42 62 41 4 2 7 
5 2 26 46 44 4 9 6 
3 1 0 62 48 1 0 3 
0 2 32 58 65 6 5 6 
6 1 31 39 5 4 4 9 
3 0 14 57 15 7 8 5 
3 2 32 6 30 1 2 6 
5 8 20 52 29 3 8 6 
4 8 39 50 33 4 0 1 
4 1 35 66 105 3 2 5 
4 6 14 51 81 4 8 3 
8 9 63 29 66 4 5 0 
2 5 37 69 46 2 2 1 
0 0 32 62 48 5 4 3 
8 9 30 53 56 0 3 3 
2 2 42 76 53 3 6 3 
8 9 32 32 30 8 5 6 
2 5 33 50 68 1 2 2 
9 9 52 53 17 2 6 0 
2 8 31 63 1 3 2 7 
1 3 24 65 20 1 5 1 
5 8 17 64 59 9 6 1 
8 5 11 1 11 2 6 8 
1 0 34 46 44 2 4 2 
0 7 0 37 58 5 6 6 
4 9 33 62 51 6 3 4 
2 4 14 24 81 2 7 0 
3 6 59 82 50 1 0 1 
3 9 30 50 65 6 1 0 
3 7 30 53 60 7 8 2 
4 6 44 26 66 1 9 5 
2 1 70 67 41 6 2 6 
0 2 33 48 56 3 1 7 
9 7 28 78 37 5 2 9 
3 5 21 59 87 5 8 4 
0 7 15 80 64 1 2 9 
3 8 0 96 33 1 3 8 
5 9 27 79 8 1 0 8 
0 2 30 52 61 8 7 8 
2 8 0 70 47 1 2 7 
7 6 52 53 84 0 5 8 
6 1 33 53 56 4 6 8 
4 3 17 71 82 5 1 2 
5 4 27 27 59 0 1 9 
9 2 12 46 42 9 2 5 
5 5 36 74 26 5 3 4 
4 1 38 17 62 9 8 6 
0 9 33 61 44 0 4 6 
4 9 23 34 49 6 2 2 
4 1 37 44 32 2 6 1 
1 9 23 36 72 8 7 3 
7 4 29 53 46 9 0 7 
1 4 67 7 75 5 9 1 
9 2 47 51 27 8 2 9 
2 3 58 24 52 2 1 7 
2 7 27 32 40 3 9 7 
9 8 19 34 82 9 9 6 
6 1 49 77 46 7 6 2 
0 5 22 34 65 8 5 1 
2 2 39 39 71 4 3 3 
0 4 36 49 43 3 2 7 
8 4 20 44 83 0 2 3 
8 5 27 57 40 6 0 9 
0 1 32 61 48 0 2 8 
8 4 45 78 26 1 8 9 
2 4 32 25 19 4 7 4 
1 5 18 65 70 6 5 9 
4 1 0 60 64 8 3 0 
8 0 47 76 49 9 2 2 
2 9 17 33 59 3 4 0 
2 6 5 27 41 6 2 2 
9 8 32 77 58 5 5 2 
0 0 24 66 46 5 0 1 
0 2 58 43 60 7 2 4 
0 0 25 23 15 9 8 1 
7 0 5 49 68 2 0 2 
4 7 40 62 44 8 1 2 
7 1 18 13 70 8 4 0 
0 9 27 54 59 4 6 2 
3 8 15 63 25 5 3 6 
3 6 22 28 53 5 1 4 
8 7 33 40 56 8 7 1 
3 0 50 74 31 0 1 5 
2 6 53 47 52 0 1 0 
0 3 33 28 70 1 0 0 
0 2 20 78 17 1 9 7 
4 8 13 23 69 9 8 6 
3 4 37 51 7 6 9 0 
3 0 43 22 14 8 8 5 
4 6 29 25 47 5 0 6 
5 9 68 42 48 0 5 7 
7 6 5 19 57 3 7 5 
5 4 30 56 95 3 8 1 
1 4 38 54 40 7 0 0 
1 3 26 50 28 3 4 3 
7 4 14 53 61 6 1 0 
5 4 11 24 77 8 8 3 
7 1 14 22 69 6 2 9 
5 7 71 76 96 7 3 9 
5 8 14 75 35 5 7 8 
7 4 38 66 61 7 8 5 
9 3 64 44 22 2 2 8 
8 6 14 33 68 6 6 1 
4 6 48 49 33 5 4 5 
7 2 9 59 72 1 4 8 
0 4 52 58 19 7 5 1 
4 3 43 46 52 4 3 0 
2 8 32 20 66 6 1 8 
3 8 53 60 66 7 6 2 
4 6 32 68 33 7 1 8 
8 2 35 57 19 6 5 4 
7 8 13 31 65 8 0 1 
9 4 12 46 76 3 1 9 
5 4 54 42 1 7 2 2 
5 8 0 72 71 9 2 6 
8 4 69 16 27 4 5 8 
3 2 16 58 56 2 7 0 
8 9 0 37 55 9 2 9 
3 4 61 46 58 8 2 7 
1 8 89 68 38 3 4 9 
0 9 21 54 38 1 5 5 
1 3 47 12 80 2 7 1 
3 7 23 42 11 3 4 3 
7 3 58 67 32 9 3 6 
5 5 47 54 29 3 2 6 
3 6 46 33 51 2 9 5 
0 1 19 62 15 7 3 0 
7 4 23 55 42 6 3 6 
0 3 34 0 39 5 2 4 
3 6 44 55 23 6 5 0 
9 9 32 55 32 3 1 3 
9 6 15 45 25 7 8 1 
2 9 35 31 35 9 2 3 
3 5 50 55 49 6 0 5 
1 1 73 19 68 9 5 3 
6 6 28 59 25 0 5 3 
3 3 28 46 0 2 0 2 
8 7 47 61 23 0 8 4 
8 7 33 49 40 2 7 3 
4 1 22 34 46 1 3 8 
5 6 49 30 34 1 8 5 
5 9 0 52 39 9 4 3 
5 2 65 42 58 9 5 8 
8 7 51 50 44 5 4 9 
7 1 30 64 56 8 5 6 
6 8 40 36 70 3 5 7 
3 1 21 64 62 4 0 4 
9 0 6 56 33 1 0 3 
4 2 10 52 40 1 9 5 
9 8 3 25 40 4 8 7 
2 8 31 68 29 9 3 6 
9 9 52 50 63 8 8 6 
4 1 35 29 59 9 3 6 
4 2 29 81 41 0 9 7 
0 3 0 75 82 2 6 7 
5 9 16 12 47 0 3 4 
5 6 60 86 36 8 7 4 
1 0 42 70 34 9 1 1 
7 9 27 87 37 9 7 4 
0 8 11 44 21 4 6 8 
0 6 18 28 45 9 6 0 
8 7 22 68 86 9 6 5 
8 9 41 46 38 8 0 9 
8 0 14 75 24 1 1 0 
2 6 31 37 67 5 7 4 
0 8 11 60 62 7 1 0 
4 3 57 68 44 3 6 9 
0 5 35 80 30 0 2 6 
9 6 47 31 79 6 1 1 
1 5 16 59 56 4 9 0 
2 2 14 38 59 9 7 2 
0 5 15 55 56 7 6 3 
6 5 21 63 84 3 7 8 
8 1 46 40 29 4 6 6 
0 3 20 19 19 2 6 2 
9 4 27 27 80 6 0 7 
3 7 42 54 4 2 7 6 
4 8 6 62 6 6 0 9 
1 8 40 35 42 3 5 0 
5 1 18 71 46 8 9 5 
2 1 18 64 55 0 9 9 
0 0 50 58 78 9 8 0 
8 0 26 73 28 1 8 8 
6 8 0 72 17 2 9 0 
5 3 27 67 76 5 4 8 
0 7 14 49 53 2 4 9 
1 1 33 54 74 9 1 0 
4 0 49 41 22 5 2 2 
5 2 33 53 2 6 5 0 
7 3 33 38 45 5 4 6 
6 7 89 43 58 4 3 0 
9 4 27 46 79 0 4 7 
8 2 40 72 13 0 9 2 
6 0 51 47 25 1 7 4 
9 3 19 68 41 3 1 3 
0 0 37 44 65 2 6 4 
3 7 12 52 51 9 6 9 
1 1 1 33 49 0 6 0 
4 4 39 49 33 8 2 5 
1 3 66 41 69 3 7 4 
2 4 17 69 48 8 7 0 
8 7 27 23 49 1 7 0 
6 3 13 65 59 2 0 6 
6 3 14 64 18 3 3 7 
7 6 32 50 76 1 8 4 
5 5 42 57 38 9 1 6 
3 1 14 81 52 6 4 6 
7 3 20 93 48 8 8 8 
2 1 54 60 51 6 6 7 
3 4 15 79 69 1 3 2 
3 5 26 103 61 2 1 5 
1 6 20 43 68 2 0 9 
8 8 51 36 26 4 3 5 
3 2 25 55 44 8 8 8 
1 2 80 52 96 4 4 5 
1 8 34 69 57 5 1 6 
9 7 42 20 79 8 2 0 
0 0 55 40 66 0 3 7 
2 3 36 56 69 0 2 6 
9 2 104 34 25 6 4 3 
1 8 40 37 53 4 2 6 
1 9 28 76 61 7 9 2 
7 1 39 52 51 9 6 3 
6 3 48 52 63 7 9 9 
2 1 14 37 65 0 7 3 
7 8 24 44 68 5 6 6 
3 6 19 30 33 3 3 2 
1 5 53 71 37 8 9 0 
3 2 23 61 74 6 4 6 
4 8 45 43 33 9 7 1 
7 4 45 54 45 2 5 7 
5 8 0 33 0 2 3 3 
9 8 0 29 53 8 4 4 
6 4 52 12 67 4 1 8 
3 6 42 66 52 3 9 7 
7 0 48 39 60 8 0 8 
8 3 23 5 65 5 3 7 
5 3 0 59 26 1 1 0 
6 9 44 86 59 1 4 5 
3 7 37 48 12 3 9 5 
2 8 12 68 48 2 7 9 
7 1 38 53 55 0 4 5 
8 8 13 53 15 8 3 6 
3 4 31 32 63 9 0 5 
0 5 34 36 48 3 5 5 
7 8 0 29 53 0 1 3 
5 0 44 43 40 0 9 8 
4 2 7 19 49 4 5 7 
8 3 38 38 52 7 5 3 
8 2 13 71 47 8 8 5 
8 3 38 55 51 7 8 8 
0 6 59 44 61 0 6 5 
5 7 19 26 76 8 6 1 
8 5 40 62 29 9 0 1 
4 6 10 25 80 0 0 2 
2 0 34 82 67 4 1 5 
2 0 21 27 40 4 7 3 
0 5 84 68 36 5 2 5 
7 4 6 96 27 0 1 9 
8 8 69 52 54 7 2 4 
6 9 38 60 75 9 1 2 
5 2 16 57 28 2 5 3 
3 7 38 61 55 5 1 9 
7 0 7 66 52 3 3 7 
9 3 10 52 85 7 8 0 
7 3 24 57 70 2 2 1 
9 5 14 69 54 8 2 3 
2 7 17 57 46 9 4 3 
0 2 40 44 31 0 3 3 
1 5 34 73 80 6 4 7 
2 0 26 53 54 7 9 8 
8 8 56 86 36 6 5 8 
1 5 38 78 21 0 5 7 
0 2 56 92 69 8 6 0 
9 0 14 78 52 3 2 2 
3 2 7 99 78 5 4 7 
3 8 0 52 77 2 0 8 
4 9 24 88 49 5 6 3 
6 5 35 60 75 8 4 6 
8 2 35 44 45 9 9 1 
3 5 24 33 54 4 8 6 
2 5 7 44 50 6 8 2 
5 6 54 40 42 2 1 2 
2 3 29 65 59 4 8 1 
0 9 67 91 70 9 6 0 
9 1 21 69 7 6 6 0 
9 1 15 41 37 5 7 1 
1 5 74 71 65 3 3 7 
0 5 32 38 27 5 1 7 
5 4 48 61 64 5 3 6 
7 5 48 65 50 2 4 7 
4 8 8 13 50 0 3 8 
6 6 23 73 74 5 9 0 
6 0 15 84 41 2 5 5 
3 0 34 38 74 6 6 7 
9 1 0 56 52 5 7 7 
3 9 4 42 70 7 2 3 
6 1 54 43 109 0 1 6 
9 0 18 67 39 5 7 2 
9 1 13 68 28 1 6 7 
6 8 26 75 39 5 8 1 
9 8 18 58 51 4 4 5 
3 4 27 49 16 4 0 5 
9 4 63 60 75 2 7 4 
4 1 31 81 50 7 8 7 
1 6 13 85 60 6 7 4 
8 8 4 55 78 4 5 1 
9 4 15 55 39 7 8 7 
1 8 43 43 48 7 1 5 
4 2 6 65 56 6 8 2 
7 3 62 32 82 3 7 4 
1 5 39 1 55 0 4 5 
3 2 2 21 49 3 9 3 
6 5 30 49 51 2 8 3 
4 0 20 52 50 7 0 2 
0 6 11 48 70 5 7 4 
5 5 11 39 51 8 7 8 
2 5 28 45 36 5 6 5 
6 3 0 39 88 4 0 2 
4 0 5 24 22 0 3 7 
9 4 45 31 41 6 5 5 
3 7 8 47 48 5 6 0 
3 8 42 50 37 1 5 3 
6 0 12 31 27 1 2 6 
6 8 45 91 22 6 2 4 
3 4 22 50 22 0 0 9 
6 6 37 88 49 2 0 6 
9 1 40 66 37 3 7 8 
2 4 42 28 65 9 2 9 
9 9 14 32 30 0 0 7 
1 3 52 79 44 8 3 8 
6 2 58 69 27 3 2 9 
3 8 39 59 23 1 5 5 
7 7 32 32 52 0 7 9 
2 0 19 42 46 3 5 5 
5 2 55 49 106 7 7 7 
2 9 2 20 43 5 0 2 
8 1 55 75 87 6 7 6 
0 4 10 64 23 0 7 3 
6 9 42 48 77 4 3 3 
8 2 34 69 49 1 4 3 
4 5 33 51 60 9 9 1 
0 0 38 63 82 4 4 1 
0 7 42 92 51 9 7 4 
6 6 30 69 35 5 9 9 
1 9 58 68 55 4 9 8 
7 6 33 43 54 6 2 4 
1 6 7 53 55 0 3 4 
3 6 4 84 45 7 9 6 
8 0 37 33 48 4 4 1 
5 1 67 53 30 5 8 3 
1 5 36 59 73 6 2 2 
3 1 0 9 50 5 7 9 
6 4 46 38 42 3 1 4 
3 4 0 82 48 4 9 0 
9 3 25 60 77 0 7 3 
3 7 46 50 40 9 5 8 
0 1 69 34 67 1 1 3 
6 5 0 49 31 7 7 6 
0 1 23 71 46 1 0 6 
9 4 30 55 61 9 1 3 
0 4 18 12 99 1 8 4 
3 0 28 48 63 9 2 5 
2 3 49 56 50 9 3 1 
4 6 73 38 51 4 7 6 
2 1 5 45 48 1 9 0 
5 8 23 47 27 0 3 2 
1 2 28 96 62 2 9 0 
8 8 23 52 28 0 1 3 
9 8 7 58 64 9 9 4 
5 3 8 62 40 3 1 9 
5 3 60 43 58 4 9 8 
1 1 24 73 62 5 7 9 
2 4 42 47 30 2 9 8 
0 6 30 56 43 2 2 0 
9 7 21 65 74 4 3 9 
7 5 0 12 63 6 8 9 
1 5 36 29 45 7 8 0 
5 9 36 38 30 3 8 7 
5 9 37 47 49 1 0 1 
6 4 38 2 43 3 4 3 
2 1 24 10 29 9 3 0 
8 2 24 49 86 7 4 5 
0 0 24 58 47 4 8 1 
7 4 38 53 61 3 4 5 
3 7 0 9 65 4 5 6 
0 6 32 56 36 1 3 0 
8 6 41 19 58 0 9 2 
7 6 18 41 46 1 1 8 
4 1 5 26 67 9 5 5 
8 0 21 101 36 7 4 3 
9 3 45 59 40 0 8 8 
4 0 26 45 49 5 1 4 
6 4 39 68 73 4 6 5 
1 9 44 41 29 5 0 9 
5 8 66 13 107 6 4 6 
0 6 26 95 52 1 7 7 
5 3 22 47 44 3 8 5 
0 3 22 36 87 7 4 6 
9 8 20 45 59 6 7 6 
3 8 0 40 45 4 2 7 
8 0 56 48 34 1 5 7 
2 1 43 63 42 3 8 2 
3 6 32 36 28 8 8 3 
5 9 29 27 37 4 7 0 
8 4 51 38 59 5 1 7 
1 7 37 34 48 5 9 8 
0 3 14 48 37 4 0 6 
6 8 60 36 42 6 2 5 
3 3 16 42 59 7 9 1 
2 2 28 67 16 0 7 8 
8 6 31 69 30 8 9 3 
8 3 6 84 21 1 0 2 
0 5 46 34 31 2 3 4 
2 3 13 44 22 1 7 1 
8 6 0 52 70 9 3 5 
3 7 33 44 11 3 3 3 
0 6 0 76 62 1 8 2 
5 6 34 39 38 9 7 2 
7 2 0 53 41 5 5 4 
5 7 42 43 62 9 9 1 
1 0 9 31 30 9 0 4 
2 9 57 53 45 0 7 2 
2 8 23 8 23 6 6 2 
7 9 27 36 43 1 0 3 
9 5 46 84 5 8 3 7 
7 7 56 17 100 4 4 4 
1 3 11 52 51 7 8 6 
7 8 37 39 66 6 2 5 
3 9 43 61 63 4 6 6 
2 6 63 43 35 5 9 3 
2 3 8 75 38 4 8 3 
5 7 49 46 50 2 8 5 
7 6 8 23 56 6 1 2 
3 4 3 42 69 9 8 1 
5 7 41 66 43 4 6 9 
8 9 0 58 48 2 7 1 
2 0 1 24 31 0 2 2 
2 7 35 37 64 2 7 7 
1 7 52 16 22 0 9 6 
8 4 66 62 20 4 5 1 
6 5 40 44 32 3 8 8 
9 8 10 21 69 3 2 3 
7 3 16 53 118 4 0 2 
8 5 38 52 62 3 9 3 
0 0 22 66 73 5 8 2 
9 1 56 44 24 0 9 8 
0 6 42 56 54 9 6 1 
5 0 0 53 44 3 3 5 
1 2 14 50 42 2 0 2 
5 0 34 74 34 6 4 5 
8 2 31 51 23 4 7 3 
2 1 26 59 51 4 7 7 
2 8 3 50 28 3 3 7 
7 1 0 63 45 4 5 8 
4 8 22 16 11 4 0 9 
5 4 53 44 53 6 8 6 
0 2 0 100 71 0 5 6 
6 2 56 34 66 0 7 0 
2 6 65 6 47 0 5 6 
6 9 55 39 46 0 5 0 
7 9 11 45 84 5 6 9 
6 3 49 35 76 5 5 6 
4 7 32 58 55 3 1 6 
0 1 0 28 34 8 9 6 
2 9 2 22 64 9 7 0 
1 1 67 27 59 8 8 8 
3 0 55 52 95 6 1 7 
5 6 19 85 56 3 6 4 
0 7 21 88 51 3 8 3 
0 8 35 12 60 1 9 5 
4 9 58 76 22 1 1 6 
1 7 28 80 14 1 5 4 
2 7 27 29 51 4 5 8 
2 8 28 63 45 8 5 1 
9 1 20 92 21 2 4 7 
3 4 31 37 63 4 7 5 
5 6 44 16 33 5 5 0 
4 8 34 74 96 9 0 3 
3 9 16 71 43 7 9 3 
5 2 33 86 27 2 6 0 
9 2 52 59 83 6 6 2 
9 5 12 54 106 2 0 8 
0 9 22 26 67 2 3 7 
0 9 38 58 27 6 6 9 
9 9 69 26 60 5 4 8 
5 9 63 42 41 5 0 5 
3 7 11 65 35 1 5 7 
1 5 62 39 105 1 2 8 
4 0 46 47 86 0 2 5 
1 0 76 21 46 0 1 7 
4 9 0 36 53 1 2 3 
6 2 0 10 87 4 7 0 
6 6 23 53 23 3 9 7 
1 5 42 31 71 5 1 3 
5 5 70 23 41 2 2 1 
3 6 51 63 36 5 3 2 
3 6 36 68 32 8 6 2 
7 0 34 55 75 6 0 6 
6 9 44 35 39 4 1 1 
3 1 26 29 56 2 5 0 
1 0 23 71 55 5 4 5 
0 5 44 16 26 0 4 4 
0 0 35 58 58 4 8 3 
0 6 22 83 91 0 2 8 
4 2 35 44 63 1 6 0 
9 4 9 67 43 3 7 4 
5 8 8 17 41 3 1 1 
3 7 44 36 16 7 0 8 
7 0 74 40 77 8 6 1 
2 1 52 70 64 4 8 5 
6 2 14 54 16 0 7 5 
5 8 37 51 50 8 4 6 
7 8 22 62 60 4 2 9 
4 1 0 69 83 3 2 2 
9 6 2 55 52 6 9 3 
7 8 9 0 48 9 3 8 
9 3 25 32 57 8 5 1 
3 5 4 65 28 0 0 1 
2 2 37 39 28 5 8 9 
4 1 28 45 11 9 8 4 
2 8 40 51 37 7 9 6 
0 8 30 84 48 1 4 1 
4 7 35 42 66 6 3 8 
9 4 50 43 23 5 2 4 
5 4 40 44 0 7 8 5 
6 1 18 80 17 1 7 8 
6 5 51 35 39 5 6 4 
5 9 11 65 75 1 9 6 
8 7 5 37 40 6 2 7 
6 0 19 60 66 2 9 5 
2 8 49 40 68 9 0 2 
1 8 31 47 56 0 9 3 
5 2 14 59 44 5 0 8 
1 4 15 82 78 5 0 0 
6 3 41 62 53 7 2 4 
5 3 13 46 64 8 2 3 
5 1 26 96 57 3 3 1 
0 3 25 62 28 3 2 5 
9 8 51 68 56 0 8 0 
8 9 23 80 47 4 3 4 
4 0 4 41 50 2 6 6 
5 4 48 45 54 3 1 2 
3 7 43 78 67 4 2 9 
5 9 30 18 69 2 7 2 
3 2 20 40 32 6 8 2 
5 1 52 50 48 5 4 3 
8 0 29 74 62 8 8 2 
5 8 29 29 57 6 6 8 
8 4 52 82 93 5 0 7 
5 0 46 16 39 0 3 5 
9 0 49 68 57 3 7 8 
8 6 24 48 57 7 9 2 
7 5 37 57 49 3 0 9 
2 0 41 66 61 1 9 9 
6 4 21 0 72 3 5 0 
3 4 6 44 36 2 4 4 
5 8 59 54 60 2 8 4 
5 5 41 62 56 6 4 4 
0 1 24 66 33 5 0 3 
0 5 49 57 25 6 7 4 
1 7 0 33 43 7 3 0 
0 4 37 18 73 9 8 2 
9 0 52 34 53 9 5 6 
7 3 35 36 57 6 8 2 
8 7 38 33 30 4 1 7 
2 1 47 0 28 0 8 1 
6 3 26 43 24 2 6 0 
6 6 22 56 58 2 9 3 
8 5 49 60 31 8 2 1 
8 1 31 64 23 8 1 8 
3 1 11 65 9 0 4 6 
3 1 30 54 41 5 1 4 
4 1 18 75 77 9 8 8 
4 9 32 50 63 7 1 9 
8 8 36 89 53 6 4 8 
9 7 3 13 39 7 6 4 
2 6 24 69 33 7 1 1 
9 3 24 63 56 7 6 0 
0 7 16 76 24 3 7 2 
1 2 10 62 44 1 0 0 
5 1 6 41 61 0 3 5 
2 9 61 76 56 0 6 6 
8 3 40 12 27 5 2 9 
8 5 59 31 49 2 6 4 
1 0 24 67 32 3 3 5 
1 2 33 79 34 3 3 6 
8 0 0 55 43 0 6 6 
9 8 50 30 51 6 2 3 
8 7 25 51 63 7 9 6 
1 1 26 49 36 8 2 4 
4 1 45 38 6 5 2 2 
4 4 59 40 55 4 0 1 
0 1 0 65 69 6 0 9 
2 5 49 5 38 7 3 0 
7 0 0 59 51 2 7 2 
7 2 33 46 24 1 7 6 
6 3 26 66 0 2 3 2 
9 1 30 50 52 3 6 9 
7 3 51 84 14 9 6 1 
3 9 15 29 17 5 1 6 
6 6 34 65 44 9 5 8 
3 9 17 52 43 9 4 2 
8 8 22 72 40 5 7 4 
4 2 9 23 69 6 2 3 
1 7 22 45 60 6 4 8 
8 5 24 64 26 8 7 3 
0 5 26 43 70 3 4 6 
0 7 48 53 68 7 0 0 
9 6 34 53 34 0 2 7 
3 8 65 80 12 1 5 4 
1 5 39 71 58 8 4 9 
0 3 40 41 50 6 5 7 
2 1 21 28 59 8 9 3 
9 2 22 42 41 1 4 1 
1 0 22 0 31 5 4 1 
5 2 14 34 44 7 8 6 
5 8 33 61 25 9 3 6 
7 3 6 26 32 2 4 6 
4 0 25 29 46 3 4 5 
7 8 52 36 50 4 7 8 
1 6 62 23 48 2 0 5 
6 0 52 65 39 1 0 8 
3 8 54 58 17 4 3 6 
4 7 14 64 60 1 6 5 
7 8 54 74 59 3 4 9 
8 6 37 22 67 7 3 8 
9 2 29 87 59 6 9 4 
2 7 0 49 50 1 6 3 
3 3 43 75 87 5 0 0 
0 9 0 36 16 5 8 5 
7 3 23 76 57 1 5 3 
9 6 33 51 29 5 5 2 
4 5 7 45 84 4 3 1 
7 2 39 74 43 7 1 0 
5 8 30 41 62 2 2 6 
4 9 30 44 63 3 6 4 
1 3 0 80 31 5 3 7 
4 5 34 51 78 1 3 1 
5 6 19 0 38 3 8 2 
0 2 45 54 71 2 0 9 
0 9 5 81 61 4 5 8 
3 5 36 32 63 8 7 4 
7 8 31 11 28 3 6 7 
5 4 19 28 29 2 1 3 
3 7 18 73 61 5 1 9 
0 2 41 59 83 8 0 9 
1 3 37 53 69 5 6 1 
3 0 42 36 65 3 1 4 
3 2 34 65 44 0 6 9 
2 2 23 79 39 0 3 2 
3 9 27 35 46 1 9 8 
1 5 36 41 56 3 9 3 
6 7 0 54 47 8 1 4 
6 8 3 51 46 4 7 7 
7 2 42 43 22 5 1 6 
3 2 51 87 45 8 1 1 
1 7 26 32 48 4 6 1 
8 1 22 69 46 8 6 6 
9 3 27 89 55 6 1 4 
4 1 54 58 54 3 0 6 
8 3 19 55 51 3 4 7 
9 0 15 0 39 0 4 9 
0 6 27 50 82 3 0 6 
9 2 44 57 60 1 5 4 
3 5 12 56 39 1 5 4 
7 9 25 30 55 3 8 7 
1 9 0 89 49 0 5 4 
5 2 54 25 39 3 9 7 
6 1 37 44 26 0 9 7 
6 3 63 17 67 8 8 5 
4 9 40 75 61 8 7 5 
4 2 41 61 45 5 0 5 
3 9 7 50 49 2 8 6 
0 7 22 60 51 3 5 9 
2 4 9 44 31 1 8 1 
6 5 17 30 53 0 1 5 
7 3 29 41 32 1 9 5 
9 3 43 60 52 6 0 9 
6 7 41 60 54 1 1 0 
6 7 13 37 64 3 6 1 
0 7 33 73 60 9 3 9 
4 6 17 32 61 3 0 4 
8 3 55 103 45 4 6 8 
7 4 19 62 32 2 7 1 
8 5 40 55 60 1 2 2 
7 1 33 36 55 7 9 8 
2 6 71 36 71 5 3 2 
7 9 35 71 49 9 6 8 
8 8 0 63 49 5 0 2 
8 7 27 49 18 3 9 7 
2 7 31 104 51 6 4 1 
3 9 47 69 38 5 3 8 
0 4 38 44 66 1 8 4 
3 1 10 62 27 8 5 6 
3 1 3 56 61 7 1 5 
3 2 39 44 68 6 2 0 
2 0 10 47 30 2 0 2 
4 7 22 67 78 5 7 1 
9 2 16 32 56 6 6 9 
7 6 45 57 57 0 2 7 
4 8 8 29 81 2 7 1 
5 6 0 83 54 7 3 3 
9 9 39 79 28 5 7 6 
9 6 0 67 39 6 9 9 
4 0 0 68 41 1 1 8 
8 7 15 60 29 1 3 8 
1 6 43 34 61 0 8 3 
2 2 0 89 92 3 9 8 
3 6 45 57 57 5 2 7 
9 9 31 53 80 8 4 5 
7 6 34 59 25 2 6 0 
4 7 22 35 44 4 6 6 
4 1 34 44 32 4 1 4 
4 6 17 68 47 6 8 8 
9 9 6 46 59 6 3 8 
6 3 5 91 33 0 3 3 
6 6 45 47 51 3 7 2 
7 8 7 49 43 5 2 0 
6 5 36 34 58 4 8 4 
7 3 35 49 79 3 4 9 
3 2 57 78 52 8 9 7 
1 8 45 25 37 3 9 7 
6 1 0 52 43 7 8 3 
5 4 17 80 82 4 5 2 
7 8 20 63 46 8 9 6 
4 7 16 58 52 3 1 7 
6 2 85 62 71 7 1 4 
2 0 57 61 76 4 9 7 
6 9 46 41 44 7 7 0 
2 4 55 7 58 2 7 1 
7 2 0 43 48 6 6 2 
2 1 2 62 63 6 6 7 
6 6 59 66 49 4 8 2 
3 8 53 6 66 4 3 0 
8 5 39 53 48 5 9 1 
5 3 33 76 37 7 7 5 
8 3 35 51 63 5 4 7 
3 6 48 42 35 7 3 5 
8 8 20 67 20 3 1 3 
1 8 38 25 17 8 3 9 
4 9 2 55 26 3 5 6 
2 0 32 24 34 3 9 5 
4 1 31 56 31 8 8 0 
7 8 0 32 79 2 0 5 
6 5 30 54 52 8 7 2 
7 4 0 24 48 1 5 8 
1 7 26 71 58 6 7 2 
5 7 0 44 45 8 9 8 
2 9 24 35 51 5 4 3 
6 1 33 47 61 7 5 0 
8 9 19 49 53 5 2 3 
0 0 34 53 60 7 9 0 
8 3 0 75 34 1 5 7 
8 2 26 53 57 1 8 4 
0 9 20 55 64 6 7 0 
7 4 1 52 51 8 3 5 
3 4 63 46 36 4 6 4 
5 6 0 57 44 7 9 7 
5 6 35 46 19 6 7 5 
1 3 0 60 28 2 8 0 
6 7 27 63 41 1 2 9 
8 9 25 56 61 6 8 9 
0 7 53 22 69 0 8 3 
5 3 17 0 27 3 1 8 
9 9 45 47 19 3 8 2 
7 4 39 68 66 6 7 7 
9 7 17 34 51 5 8 8 
6 2 23 38 63 0 1 4 
6 2 52 24 71 1 8 2 
1 4 41 73 35 4 6 2 
6 3 35 46 32 9 4 9 
3 0 21 67 63 3 0 7 
9 4 13 57 39 7 6 9 
6 0 0 74 48 6 4 7 
6 4 14 51 48 4 0 6 
3 6 0 55 73 3 8 6 
5 2 30 37 75 1 3 0 
5 3 7 78 23 7 2 0 
5 2 17 60 23 9 0 1 
6 3 0 37 52 4 5 2 
7 2 27 27 45 9 2 3 
6 3 36 46 30 2 5 2 
0 7 74 25 35 6 2 1 
5 2 33 42 74 4 8 2 
4 0 17 74 43 8 9 6 
7 4 53 47 59 9 3 8 
4 4 16 80 50 1 6 7 
3 3 26 46 22 5 7 7 
1 8 68 107 71 4 3 7 
1 0 62 70 45 6 5 1 
7 1 56 37 56 9 3 6 
4 7 22 46 50 2 2 3 
8 8 32 47 14 0 6 2 
8 0 34 27 32 0 8 1 
2 5 38 29 6 4 4 5 
7 4 17 39 48 1 8 2 
7 2 80 40 61 6 5 5 
6 0 0 26 31 8 6 4 
3 7 42 28 28 0 3 2 
3 4 27 73 27 2 0 6 
0 9 4 60 33 9 2 7 
5 0 23 10 63 8 3 4 
0 3 0 48 49 2 5 1 
0 1 0 61 31 8 9 6 
5 4 30 57 14 3 8 0 
9 8 7 57 37 1 7 5 
6 5 16 57 49 0 8 6 
7 8 31 93 56 1 4 3 
6 4 15 55 70 7 5 3 
9 3 18 79 39 1 7 2 
8 6 20 36 48 0 5 9 
1 9 47 83 41 7 8 6 
4 0 31 77 82 3 0 4 
9 9 15 67 72 2 1 2 
1 2 18 1 26 2 8 2 
2 6 33 20 40 4 5 5 
9 4 9 47 11 1 1 4 
0 8 54 43 32 4 2 0 
3 7 0 46 44 4 3 6 
3 3 12 74 66 8 1 8 
6 8 13 57 54 3 4 2 
8 4 34 19 75 7 1 4 
6 6 66 36 35 2 2 3 
1 0 35 47 64 6 8 2 
5 6 31 18 59 3 8 8 
3 6 58 68 78 9 8 2 
9 9 40 47 12 2 6 5 
4 7 31 65 62 1 2 8 
3 1 32 49 96 5 1 7 
2 7 32 65 72 7 8 7 
7 7 4 70 85 8 0 5 
6 6 18 37 73 7 1 0 
6 2 26 49 45 2 3 7 
9 0 22 36 26 1 8 8 
8 7 36 6 32 3 8 9 
9 1 13 85 48 2 5 3 
6 8 48 54 78 2 3 1 
2 1 37 45 71 9 5 5 
1 7 33 46 33 8 7 6 
4 4 0 76 31 0 6 1 
9 3 56 12 32 3 6 5 
1 1 65 42 45 9 6 3 
5 2 28 47 40 6 4 2 
3 2 28 65 46 4 1 5 
6 3 28 25 63 6 5 8 
6 8 0 45 37 8 6 4 
1 4 27 12 35 7 3 9 
6 2 23 62 61 5 4 7 
3 3 34 58 69 0 1 2 
8 0 48 41 74 9 4 2 
2 7 23 58 39 9 7 5 
2 8 14 74 34 8 1 9 
1 2 27 84 79 9 8 5 
2 6 21 84 34 6 4 5 
2 4 48 83 40 5 2 4 
4 0 58 45 69 6 1 2 
1 9 60 25 61 2 5 7 
3 2 22 39 55 2 7 5 
6 4 47 46 57 5 7 3 
0 4 61 62 61 9 4 0 
4 3 32 41 0 8 9 0 
5 3 46 84 45 8 5 5 
0 2 39 49 60 7 4 0 
6 1 35 39 22 6 1 3 
8 3 12 36 60 3 6 6 
2 4 41 37 56 1 9 8 
7 5 28 47 76 3 7 5 
3 4 63 20 47 1 7 4 
1 5 20 57 47 0 1 9 
5 5 46 57 28 0 3 5 
5 4 12 44 29 3 9 4 
3 6 0 54 51 4 8 9 
0 4 15 55 46 8 8 1 
7 8 22 55 51 7 3 1 
5 0 19 73 61 2 5 1 
6 9 36 64 66 9 1 4 
1 5 8 90 54 8 1 3 
0 6 20 33 31 3 6 6 
9 0 23 20 67 5 3 9 
1 3 29 59 72 7 1 8 
5 4 5 58 44 9 5 1 
4 8 0 53 47 3 5 4 
9 1 21 45 32 8 5 8 
5 8 61 72 34 2 2 1 
5 2 57 71 28 3 9 2 
7 7 9 14 55 7 1 5 
9 3 3 63 60 3 4 4 
0 9 61 34 42 5 0 2 
8 6 44 55 32 9 9 9 
4 1 47 57 71 7 0 8 
6 4 0 34 56 1 0 9 
8 9 50 51 69 1 2 0 
7 7 37 57 23 8 9 3 
7 4 35 35 60 6 1 3 
6 0 24 33 0 1 3 0 
7 4 13 50 89 0 5 9 
0 6 28 27 28 8 4 0 
7 0 39 35 38 7 1 3 
4 1 27 55 43 9 0 5 
7 2 0 48 46 9 9 4 
2 1 20 28 44 3 7 2 
2 7 30 22 79 3 2 4 
3 3 30 48 53 6 0 9 
8 0 44 41 33 0 6 2 
1 5 32 16 90 3 2 2 
7 7 25 55 54 0 1 7 
8 0 59 58 52 5 2 2 
6 9 36 100 40 3 2 0 
2 5 0 17 30 7 2 0 
8 3 57 33 15 1 8 5 
8 9 58 73 90 2 5 6 
9 3 0 63 38 3 7 8 
7 8 78 54 72 8 5 7 
2 1 29 54 38 2 9 4 
9 9 34 72 30 9 8 3 
2 4 10 55 63 2 1 5 
1 1 12 28 35 9 7 9 
5 9 35 41 48 6 1 0 
7 4 0 46 88 8 7 0 
5 2 66 11 27 3 7 6 
2 3 34 46 35 8 0 2 
8 6 28 69 27 5 6 8 
5 1 16 58 64 0 4 0 
7 8 8 30 17 0 6 3 
2 2 73 74 34 7 6 7 
2 2 47 55 45 8 8 9 
7 8 34 83 56 1 9 0 
0 4 31 61 48 9 7 3 
8 8 64 73 15 8 9 0 
0 3 28 48 31 9 4 8 
5 2 61 22 40 1 5 1 
4 8 0 79 57 7 3 4 
8 8 42 69 55 9 0 8 
2 2 48 0 18 1 8 4 
7 3 42 49 60 0 4 1 
1 7 24 56 72 9 2 6 
0 0 46 77 54 0 1 0 
5 3 29 84 73 0 8 3 
8 9 49 51 55 8 9 1 
5 3 17 49 63 0 5 9 
3 7 57 35 69 6 4 9 
8 4 14 44 39 3 1 6 
0 9 64 30 64 3 6 5 
7 8 14 88 46 5 5 9 
7 0 2 79 62 2 9 0 
5 3 11 65 61 3 3 8 
8 7 26 86 45 1 0 3 
3 7 16 66 62 5 8 3 
1 4 21 67 26 7 1 2 
3 2 19 61 87 3 4 9 
4 2 53 53 57 6 3 3 
7 3 22 53 55 5 7 6 
5 7 0 12 44 7 6 5 
2 7 66 51 20 3 1 4 
1 8 28 47 34 2 5 5 
0 6 15 48 33 5 4 6 
9 8 39 50 91 1 5 2 
6 9 23 86 82 5 0 8 
1 2 35 47 86 6 5 2 
8 9 19 74 34 4 1 9 
3 3 8 69 56 8 6 9 
1 8 18 37 63 6 6 9 
4 8 5 92 49 0 7 6 
5 2 29 53 50 7 8 0 
2 6 57 54 48 0 2 2 
1 0 19 50 59 2 6 1 
0 9 53 7 45 5 4 8 
3 9 56 69 28 2 8 8 
4 6 0 22 17 1 6 7 
7 5 44 58 22 2 1 1 
4 2 37 7 44 2 6 8 
7 0 8 71 48 2 0 5 
2 1 40 65 63 2 4 5 
2 0 44 49 49 0 7 3 
0 9 29 90 53 8 4 0 
2 7 1 69 54 7 8 4 
6 1 0 75 66 6 3 3 
4 8 0 50 32 2 9 9 
5 9 11 10 52 2 3 9 
0 6 35 43 19 0 3 4 
3 0 24 54 62 3 0 7 
1 2 51 28 22 1 0 7 
5 0 26 56 68 2 9 2 
0 2 37 66 30 7 6 1 
5 7 23 45 19 0 4 8 
6 7 59 22 59 3 0 4 
3 9 29 48 29 5 7 7 
2 4 35 84 25 1 1 6 
4 1 77 54 30 3 1 3 
6 4 26 29 78 4 5 0 
8 3 19 76 9 3 9 2 
5 3 51 50 45 7 3 9 
5 1 24 55 41 2 4 6 
6 4 34 48 61 5 5 8 
4 3 42 56 33 8 2 1 
4 9 63 18 58 7 4 7 
5 8 54 32 57 6 3 4 
0 6 37 49 44 1 9 8 
2 8 32 25 77 1 3 7 
9 2 27 50 36 9 5 0 
0 9 16 40 54 2 1 9 
3 2 41 58 29 8 3 7 
6 5 64 94 52 2 9 8 
6 9 5 35 50 9 7 0 
8 0 59 65 46 2 4 1 
5 0 42 54 40 9 7 3 
8 6 28 54 57 1 8 2 
0 9 46 74 89 0 6 8 
4 6 35 29 41 4 0 9 
7 9 13 45 49 0 2 5 
7 5 27 55 44 9 1 1 
5 7 37 29 75 8 6 4 
1 4 62 55 45 9 7 3 
1 0 28 63 72 8 1 0 
4 0 38 17 62 9 6 6 
3 4 48 41 34 3 4 7 
6 1 29 29 44 3 2 1 
3 8 30 39 87 3 5 8 
5 0 47 62 85 6 8 8 
3 7 63 32 78 5 7 6 
9 5 35 7 65 8 1 3 
3 8 46 21 47 1 7 2 
1 2 13 75 45 9 5 7 
1 3 21 69 50 7 2 4 
7 9 23 46 71 6 8 5 
1 6 3 53 43 2 1 2 
7 4 22 32 93 3 6 9 
8 9 13 51 48 7 1 1 
9 8 26 68 38 6 0 6 
4 8 2 77 62 2 9 9 
4 6 33 48 69 1 0 5 
2 0 51 58 83 5 6 6 
7 3 40 41 59 6 9 3 
9 6 54 49 59 8 5 5 
5 3 45 62 10 0 3 0 
8 1 67 47 50 5 1 8 
5 6 61 68 18 5 4 8 
8 8 19 51 1 6 0 2 
5 7 16 47 47 1 1 2 
0 4 0 18 70 9 5 2 
4 4 12 27 18 7 0 1 
6 8 0 26 30 7 0 0 
0 5 22 83 70 0 8 4 
2 1 21 27 40 0 9 0 
0 3 75 55 76 1 7 6 
6 3 0 88 52 7 8 6 
3 4 50 77 32 8 6 0 
4 4 37 51 11 4 8 0 
8 2 8 20 70 0 4 7 
1 2 47 52 56 9 0 2 
6 7 14 46 30 3 8 5 
3 3 45 41 30 0 2 5 
6 8 56 10 27 5 5 6 
7 7 30 51 23 9 3 4 
5 5 63 25 29 2 1 9 
0 5 84 15 47 6 2 5 
3 1 0 46 60 3 0 2 
7 1 38 25 62 0 5 0 
3 8 75 68 41 2 5 1 
7 7 35 86 13 6 7 0 
5 7 47 55 27 8 4 0 
9 5 47 56 25 6 1 0 
3 9 32 46 48 8 0 9 
8 6 15 83 69 8 5 8 
3 1 66 65 58 2 8 9 
7 2 27 69 55 4 2 7 
4 7 17 84 29 6 7 6 
0 7 53 0 52 5 3 0 
1 1 42 39 83 9 4 8 
9 0 28 24 92 9 7 1 
7 9 22 46 62 1 3 3 
0 2 22 51 49 8 5 3 
8 5 25 51 41 4 6 7 
6 7 0 50 44 3 2 4 
8 9 60 28 40 4 5 0 
8 6 26 94 40 7 9 7 
4 1 30 55 37 1 7 0 
1 6 22 63 39 5 4 1 
1 5 30 65 82 2 6 2 
7 2 18 19 56 2 0 2 
6 5 46 56 90 6 7 0 
0 7 20 45 71 2 1 4 
7 2 64 17 56 1 4 5 
2 8 54 32 55 9 1 7 
7 6 18 36 50 3 5 5 
5 9 14 53 59 3 3 2 
4 3 23 49 39 7 4 1 
9 8 44 14 30 5 9 2 
6 2 52 58 61 5 1 6 
9 7 36 8 0 6 7 5 
1 8 14 40 32 1 9 0 
3 2 0 42 60 7 3 8 
4 9 20 67 48 7 2 4 
1 3 46 47 45 9 0 6 
7 2 0 56 66 4 5 5 
2 3 22 58 21 1 8 8 
1 2 7 55 56 0 4 1 
5 9 3 45 36 0 6 5 
8 4 0 65 58 6 5 7 
4 7 51 54 23 0 8 1 
4 8 43 43 39 3 5 3 
9 9 53 62 53 3 0 3 
3 7 36 28 37 4 7 7 
7 5 76 49 45 9 9 8 
7 0 8 73 50 8 4 9 
7 8 63 39 78 2 0 7 
4 8 14 48 19 7 4 9 
6 5 51 66 42 9 7 0 
1 1 2 3 51 7 8 9 
4 6 44 55 37 5 9 3 
4 7 35 65 62 7 9 1 
1 9 15 55 52 6 3 3 
0 2 8 86 50 3 7 9 
9 7 4 39 57 5 3 6 
3 9 4 70 16 8 3 4 
6 0 0 61 65 5 9 8 
3 4 28 69 35 3 0 2 
2 1 12 39 89 5 9 2 
9 2 37 42 12 5 4 3 
5 0 0 66 76 1 0 4 
0 3 24 47 51 7 4 7 
0 8 41 22 51 8 4 4 
0 7 48 52 28 5 5 6 
7 9 63 16 51 4 8 2 
3 6 31 56 82 1 5 8 
9 7 49 74 60 3 4 1 
8 4 44 55 49 7 3 2 
9 1 4 41 22 8 4 8 
7 8 21 63 58 0 9 7 
8 7 14 51 62 8 1 5 
3 3 44 29 40 0 0 2 
2 4 27 47 79 8 4 2 
6 1 15 19 38 2 8 5 
4 4 7 53 32 9 8 4 
7 1 67 45 42 5 4 7 
1 6 11 71 9 7 9 8 
4 0 44 74 65 2 9 5 
2 3 41 80 34 8 4 2 
1 7 44 2 41 1 1 8 
6 9 36 35 68 9 6 9 
7 1 23 43 20 0 5 7 
3 2 78 43 47 9 6 3 
8 0 23 41 76 2 8 7 
7 2 36 37 58 3 5 7 
4 8 39 75 45 8 0 4 
4 1 59 43 43 4 0 0 
0 3 51 54 47 4 6 1 
7 4 34 36 11 1 0 4 
6 0 48 21 68 6 0 9 
8 8 52 43 93 0 2 7 
6 1 54 65 14 0 3 0 
5 9 27 52 41 6 2 0 
7 9 4 42 78 2 2 7 
1 5 1 47 45 8 7 8 
0 0 65 16 41 4 9 5 
6 1 1 53 45 7 6 9 
2 3 23 106 71 2 2 6 
4 0 0 62 70 4 6 1 
5 0 14 46 68 7 3 4 
3 3 46 14 54 2 3 4 
5 6 24 40 45 7 8 9 
1 8 21 27 73 0 1 0 
5 3 40 55 47 8 0 6 
8 3 6 34 71 9 6 0 
4 4 46 41 62 1 8 7 
2 4 12 87 61 3 1 3 
4 6 33 71 56 0 5 0 
2 5 20 49 90 2 5 3 
4 0 30 62 55 5 7 2 
8 7 40 16 37 4 2 5 
2 1 32 57 64 4 0 1 
3 5 54 78 51 3 4 1 
4 8 38 66 26 4 2 4 
3 9 40 49 54 0 6 5 
9 3 8 51 35 7 9 3 
5 1 38 20 32 8 5 0 
9 7 13 41 36 3 6 1 
4 1 46 48 19 9 2 9 
8 3 47 57 41 5 4 5 
2 1 6 64 49 6 2 9 
0 6 19 47 47 7 7 7 
4 1 38 0 58 3 8 8 
9 4 12 44 42 0 0 5 
9 0 24 46 51 9 0 6 
8 4 68 23 1 8 1 1 
9 2 0 49 43 6 5 1 
8 9 81 59 58 8 3 2 
1 1 2 45 86 5 5 7 
1 4 39 85 59 8 2 5 
4 2 3 48 75 6 7 4 
8 3 38 43 19 8 5 6 
0 7 74 48 82 8 2 8 
9 3 23 35 52 3 7 6 
9 0 26 117 59 4 1 2 
0 9 57 57 71 9 2 6 
5 6 43 52 63 5 9 4 
9 1 17 43 82 1 5 6 
1 0 52 40 28 4 8 1 
0 1 74 87 19 6 6 6 
0 1 26 35 61 7 1 1 
0 8 18 53 29 0 7 3 
4 6 63 58 34 2 7 0 
4 9 21 70 55 1 2 0 
6 8 11 22 48 3 0 4 
5 7 45 83 63 4 5 8 
3 6 17 69 41 3 7 2 
1 2 24 75 70 0 8 2 
0 7 28 39 50 4 2 9 
6 6 16 41 66 8 8 6 
2 7 25 47 16 5 1 8 
4 4 47 23 48 5 2 3 
5 8 36 65 53 8 0 6 
0 3 9 54 41 1 7 6 
3 5 3 39 48 5 9 8 
2 4 21 29 44 3 2 2 
1 4 21 39 41 8 9 8 
3 7 45 41 42 6 1 6 
8 1 27 64 63 4 0 8 
4 6 30 50 58 5 8 2 
9 0 18 73 48 0 6 5 
8 5 0 28 32 2 8 8 
8 2 34 82 80 0 8 0 
8 6 61 12 47 8 8 1 
3 5 13 69 68 6 2 0 
6 6 34 19 53 1 5 4 
6 6 38 65 51 4 9 7 
9 3 20 57 40 6 5 9 
5 3 12 60 63 4 0 3 
2 9 28 37 18 3 5 5 
8 4 34 34 43 2 5 4 
1 6 34 32 52 1 1 6 
7 3 26 50 73 3 2 7 
1 9 39 39 55 9 9 5 
5 1 56 26 41 7 7 3 
5 3 63 63 52 5 5 5 
9 0 34 49 35 8 4 0 
4 3 59 44 47 8 7 7 
9 4 40 65 30 0 2 1 
1 8 13 71 0 8 4 8 
6 4 0 69 36 1 0 5 
5 6 26 51 46 7 4 5 
0 0 34 44 66 7 7 0 
3 9 37 52 88 8 5 5 
1 9 48 49 31 5 6 4 
5 5 23 74 56 7 8 6 
6 3 25 57 41 6 8 2 
2 9 23 44 84 6 5 2 
6 7 28 40 39 6 4 1 
7 7 35 77 55 5 0 1 
3 8 8 48 61 2 0 6 
7 7 4 67 41 8 1 4 
5 9 31 60 23 0 3 3 
6 1 28 39 52 9 2 4 
4 6 27 5 36 7 5 2 
9 1 35 55 34 1 7 3 
5 9 29 32 23 8 1 9 
4 9 3 37 57 2 9 1 
3 6 25 34 24 1 2 1 
5 7 15 59 35 0 0 7 
4 8 18 50 70 1 5 5 
6 7 85 55 84 0 6 2 
7 7 57 51 48 3 3 1 
1 9 25 24 62 2 9 8 
7 7 0 16 61 2 6 5 
7 1 33 37 72 6 0 3 
9 9 64 43 41 3 4 1 
1 7 4 54 76 5 4 6 
3 6 0 0 81 9 1 5 
2 6 12 67 20 9 2 5 
7 5 19 26 37 8 4 3 
7 0 17 71 25 5 2 8 
3 8 20 62 80 6 1 0 
0 0 26 46 27 8 4 8 
5 6 23 82 45 2 0 1 
4 7 65 58 40 0 1 7 
3 1 26 75 40 6 1 5 
4 1 24 42 39 3 4 5 
7 5 17 58 59 3 0 4 
5 8 29 51 19 7 1 9 
2 9 60 46 70 4 9 2 
9 2 31 45 66 0 5 5 
5 7 6 44 35 8 5 9 
6 5 33 6 45 6 8 4 
2 7 29 30 5 7 5 7 
8 8 17 52 63 4 2 5 
9 0 30 59 29 9 4 1 
8 9 2 66 56 9 6 9 
5 9 37 76 68 9 5 3 
8 1 26 72 42 3 2 5 
4 3 24 16 41 4 5 6 
6 0 34 22 55 9 8 5 
9 9 59 54 35 2 1 4 
1 4 13 63 71 5 9 2 
4 0 30 70 86 1 9 4 
0 5 21 78 46 0 4 1 
1 3 72 27 27 3 5 9 
9 3 21 29 54 8 3 8 
8 1 50 66 9 7 5 6 
2 9 37 55 56 6 6 0 
3 2 55 7 29 8 8 7 
5 7 0 6 30 3 4 1 
1 8 48 36 26 4 0 6 
5 4 60 98 34 5 2 4 
1 7 21 62 70 8 1 8 
8 3 16 83 53 8 6 2 
8 7 28 12 56 6 8 9 
1 6 30 41 47 5 8 6 
7 1 19 56 52 9 2 9 
4 8 20 59 62 5 1 1 
0 1 46 69 35 0 1 1 
5 6 58 58 61 4 9 1 
8 9 30 46 49 2 6 1 
8 5 48 40 44 4 2 5 
2 8 41 58 73 2 9 8 
2 6 44 44 45 7 6 7 
6 7 27 54 68 7 9 2 
4 0 19 69 17 5 0 7 
5 5 29 62 52 6 0 9 
8 8 34 64 90 2 8 7 
9 3 27 19 46 8 9 2 
4 4 13 70 51 1 7 7 
9 5 62 53 25 0 4 8 
1 2 58 17 26 1 6 7 
3 0 14 58 50 0 1 9 
5 3 43 71 2 9 8 2 
9 4 43 54 0 2 3 1 
3 9 26 81 71 2 2 7 
8 7 31 62 60 0 1 0 
6 0 11 39 39 7 5 8 
2 0 24 37 25 6 5 5 
9 6 51 49 19 7 1 0 
7 7 54 71 37 3 8 2 
3 6 49 50 18 3 5 7 
8 4 15 27 47 9 1 9 
3 3 12 13 21 3 1 4 
9 8 4 70 29 2 2 8 
4 4 16 71 49 7 3 9 
2 0 12 46 44 6 6 6 
2 2 57 61 58 1 4 1 
6 5 17 55 48 1 6 9 
5 6 35 28 57 2 6 2 
3 4 28 45 47 5 6 2 
9 9 39 61 50 9 0 8 
1 2 35 54 46 4 5 1 
8 6 21 53 24 7 0 5 
9 6 20 57 20 7 8 8 
9 9 0 50 82 6 0 0 
0 4 28 61 20 3 7 0 
7 1 39 57 72 3 5 6 
2 5 45 38 83 3 1 0 
5 5 9 52 52 2 6 5 
6 3 17 70 28 2 4 8 
6 5 42 52 36 0 1 7 
7 2 45 57 47 3 3 8 
9 8 28 40 30 5 0 9 
0 2 7 57 40 1 0 6 
5 3 35 62 47 8 0 1 
0 8 30 13 0 8 6 1 
2 6 43 45 70 9 8 6 
2 4 15 27 46 3 4 6 
2 2 51 39 66 5 1 9 
6 2 34 64 53 9 3 7 
8 1 34 27 19 2 2 6 
6 0 49 42 37 7 0 2 
9 3 32 34 31 5 1 3 
6 5 0 55 78 1 4 2 
9 6 0 43 32 5 7 1 
2 9 39 53 54 8 3 3 
9 4 19 33 62 3 8 9 
8 0 21 53 54 8 4 9 
3 2 17 61 59 5 6 2 
1 7 6 30 57 4 3 4 
7 5 58 77 59 1 9 3 
8 3 15 17 58 4 8 7 
7 6 45 67 51 7 0 8 
7 9 33 61 59 5 8 2 
3 3 30 59 17 1 2 3 
2 2 11 29 21 4 5 3 
3 6 0 34 25 8 1 1 
4 4 20 70 39 3 5 7 
9 6 38 38 64 1 4 3 
4 6 0 63 53 2 0 5 
9 5 16 78 64 6 4 8 
3 9 64 51 46 3 0 9 
7 8 23 72 60 5 6 1 
9 7 26 53 65 7 8 7 
1 2 48 30 96 0 3 2 
7 8 75 30 47 5 9 1 
9 6 46 25 46 7 7 8 
6 5 5 58 32 7 1 9 
8 8 13 45 28 8 7 9 
0 7 48 60 59 7 8 9 
3 4 19 52 25 6 4 3 
9 1 74 60 35 4 0 6 
9 4 50 71 79 3 1 4 
9 3 45 86 31 6 0 7 
6 3 39 76 59 9 5 9 
2 5 28 22 48 3 6 4 
1 0 7 55 43 4 3 9 
5 3 38 44 45 1 5 7 
4 5 39 27 37 4 1 2 
5 3 32 41 32 4 6 7 
3 9 20 49 40 1 9 9 
9 4 35 84 74 9 6 7 
6 7 43 45 41 3 8 4 
9 8 0 0 67 9 6 8 
4 5 38 63 59 1 6 3 
1 2 27 39 21 1 7 9 
4 0 42 54 74 0 0 6 
8 6 40 87 50 9 2 0 
0 0 25 33 30 2 5 0 
1 2 41 62 25 1 5 5 
5 9 16 59 57 9 2 1 
2 9 21 70 78 4 2 9 
9 9 37 20 70 2 8 2 
2 3 40 62 31 5 0 1 
4 5 39 74 26 0 9 2 
0 5 49 49 28 5 5 1 
4 9 32 75 48 1 0 2 
7 8 44 24 57 4 0 8 
0 4 45 55 59 3 9 1 
6 0 31 51 46 4 9 2 
9 0 51 53 94 9 5 9 
3 3 3 45 30 5 5 5 
8 5 19 67 26 0 2 6 
8 5 59 56 44 4 1 0 
9 2 0 65 63 9 7 6 
9 8 17 65 39 6 4 5 
3 1 55 55 87 5 1 0 
6 3 11 54 35 3 2 2 
0 4 40 53 71 8 7 8 
1 7 20 45 47 0 4 3 
3 6 57 59 44 5 9 1 
8 6 17 55 42 1 5 5 
2 3 20 54 24 8 3 5 
5 9 56 82 6 5 8 2 
7 9 47 43 85 2 4 9 
2 7 27 28 69 1 6 3 
5 6 4 71 64 4 9 6 
7 7 44 66 19 3 7 2 
9 6 63 32 55 8 5 1 
0 2 49 43 48 0 5 1 
0 1 57 39 42 7 7 7 
5 5 40 54 98 4 5 4 
3 0 44 32 24 0 8 1 
5 1 22 42 65 6 1 0 
4 5 54 63 25 2 4 7 
3 5 35 50 70 4 9 0 
7 8 6 39 65 4 1 3 
4 6 62 33 61 3 4 9 
7 2 31 50 64 5 0 1 
1 5 23 32 33 8 2 2 
5 6 33 71 78 2 8 2 
4 4 16 53 32 3 8 4 
3 7 16 53 44 4 5 4 
8 7 34 35 74 3 5 4 
3 3 1 60 47 6 9 2 
7 0 51 55 84 3 9 6 
9 1 40 49 66 3 3 8 
6 1 25 59 51 7 0 6 
5 1 31 20 25 0 0 5 
4 2 63 90 45 3 6 7 
7 3 14 63 20 0 7 0 
2 4 20 66 93 4 3 2 
4 3 13 29 78 2 1 6 
8 7 60 41 69 0 0 9 
7 1 29 40 34 6 2 5 
3 1 23 40 75 4 0 5 
0 6 41 58 24 2 0 0 
9 8 0 44 60 3 1 4 
6 0 44 42 54 9 7 2 
2 9 69 45 70 6 8 7 
1 8 50 18 48 2 7 3 
6 8 54 78 72 8 9 7 
2 2 27 38 60 9 3 2 
6 5 0 24 57 1 9 5 
7 4 44 29 57 6 2 4 
5 2 52 41 39 2 9 8 
7 1 11 29 32 0 3 9 
0 5 50 34 78 3 5 7 
8 6 50 44 31 4 7 7 
6 7 55 84 43 4 2 9 
0 9 2 68 53 5 4 1 
9 8 24 20 34 0 9 8 
3 1 53 46 33 0 6 9 
4 3 53 56 67 6 4 4 
9 1 18 61 39 9 9 0 
3 9 44 22 62 8 6 3 
8 7 0 61 60 5 0 0 
5 4 10 46 58 2 4 9 
3 2 65 68 28 1 5 3 
7 9 30 15 39 7 3 4 
1 8 0 64 51 1 3 0 
8 7 9 77 61 6 5 6 
5 9 45 10 84 0 0 8 
8 8 28 29 63 9 2 6 
3 9 32 37 28 7 6 8 
6 5 35 84 25 5 0 1 
5 5 47 67 42 8 7 6 
7 3 43 55 39 4 0 6 
3 4 0 24 37 8 8 5 
1 0 61 41 65 6 7 3 
5 8 36 64 44 8 4 1 
8 5 20 35 42 1 6 0 
1 3 60 51 41 6 9 9 
8 9 57 57 69 1 5 4 
8 6 14 32 23 8 4 9 
5 2 42 87 50 9 6 9 
1 4 17 21 45 4 2 5 
5 6 11 59 33 7 0 7 
2 2 42 26 71 8 0 9 
6 0 16 23 18 7 3 0 
2 6 16 6 66 2 8 8 
1 6 48 81 73 3 5 8 
5 4 11 55 26 3 9 5 
4 0 14 20 43 0 7 7 
9 2 52 36 70 4 1 8 
4 1 18 11 71 3 8 0 
5 8 28 51 49 9 0 3 
8 5 59 49 68 2 1 2 
5 2 28 35 11 0 5 5 
7 2 29 14 65 9 1 6 
7 7 53 50 52 8 8 3 
8 4 4 38 43 3 9 4 
9 4 18 14 13 2 0 5 
1 4 0 54 89 9 7 9 
2 7 41 40 68 3 0 8 
5 9 22 55 28 9 7 0 
3 4 29 48 53 3 5 1 
2 1 39 34 70 0 1 1 
6 1 21 55 56 9 4 4 
3 2 0 74 43 9 3 6 
8 1 44 30 51 7 2 1 
5 6 52 36 63 4 2 5 
7 6 38 61 35 0 1 4 
4 9 24 17 66 8 2 5 
4 4 9 38 40 2 8 4 
2 4 45 65 103 7 1 3 
3 9 51 56 42 3 1 5 
1 4 39 32 37 6 2 6 
1 4 49 38 51 9 1 4 
9 4 40 59 97 1 9 0 
5 2 36 42 22 6 8 7 
2 4 7 22 46 3 1 0 
1 7 19 24 52 7 8 2 
4 3 24 37 26 5 9 8 
6 2 9 77 81 6 9 6 
4 1 20 77 28 4 0 2 
6 3 16 37 33 3 7 7 
2 9 0 48 49 3 2 2 
9 1 51 63 24 0 2 2 
0 5 17 30 79 5 8 1 
3 7 0 45 73 0 2 0 
8 7 0 56 28 9 0 9 
9 7 23 57 64 4 2 3 
7 1 19 56 9 8 7 7 
9 0 10 74 78 8 2 5 
3 0 51 27 63 8 1 5 
8 9 20 70 51 4 9 7 
2 3 29 37 35 0 9 2 
0 7 34 15 58 1 4 0 
0 8 8 69 69 6 0 5 
4 9 20 58 34 8 8 3 
1 4 34 22 56 0 1 8 
8 6 17 64 100 8 9 2 
5 3 21 79 73 6 7 9 
1 5 70 70 59 9 2 2 
5 8 33 43 46 5 9 4 
6 8 41 33 28 9 0 7 
2 6 28 24 52 1 0 4 
5 4 37 75 88 6 6 6 
9 1 2 50 61 5 3 8 
3 3 20 61 47 3 3 2 
6 7 46 54 61 9 7 4 
4 0 33 39 49 5 6 2 
5 0 61 33 30 3 5 4 
6 0 33 55 48 3 0 2 
1 4 4 62 66 1 4 8 
0 2 9 66 69 8 7 1 
7 2 33 36 77 1 8 9 
8 7 50 48 74 6 0 9 
4 3 65 42 53 0 6 4 
5 4 49 40 82 6 3 4 
6 0 25 41 65 8 2 3 
8 6 36 50 60 7 7 4 
3 7 66 47 34 7 3 4 
6 2 1 39 52 3 5 5 
7 7 37 67 55 3 3 5 
2 1 0 78 73 3 7 4 
9 8 11 24 41 3 3 0 
1 9 25 40 53 6 2 8 
0 5 52 48 43 4 6 1 
3 7 53 24 55 8 7 7 
7 8 46 64 52 8 6 1 
7 0 37 32 50 0 3 5 
9 5 38 80 53 0 8 9 
1 4 16 58 57 1 6 1 
1 1 37 5 22 7 3 5 
8 3 6 22 48 2 3 7 
6 8 40 87 65 3 8 4 
8 3 27 54 29 4 7 6 
0 8 33 64 51 8 7 3 
3 1 54 32 95 8 2 7 
9 0 22 52 52 2 2 7 
1 6 0 59 44 9 0 7 
3 2 9 64 73 7 7 4 
0 6 0 91 35 1 7 1 
5 7 53 68 8 5 2 8 
6 3 60 64 62 7 8 0 
6 3 9 66 49 4 9 9 
4 7 15 61 103 2 7 0 
3 9 21 37 34 8 1 9 
6 9 49 38 80 7 4 1 
5 8 43 44 57 2 0 3 
0 5 63 19 77 6 6 0 
1 5 9 38 61 8 5 1 
9 0 75 62 83 9 5 7 
3 9 40 28 11 5 2 1 
3 4 22 79 81 8 8 9 
7 9 39 22 45 5 5 9 
9 8 65 0 59 8 9 4 
7 0 32 48 82 1 1 0 
8 3 1 21 61 8 4 2 
0 0 54 54 50 4 2 7 
8 7 23 31 39 5 2 3 
5 0 13 40 36 3 1 5 
1 8 24 71 56 7 2 9 
8 6 31 44 13 3 8 4 
9 7 10 58 47 9 8 0 
1 4 25 30 58 7 1 4 
7 2 8 81 51 9 8 0 
5 8 36 56 44 6 5 1 
0 0 44 73 64 2 3 2 
6 5 59 40 67 9 2 9 
0 9 21 31 67 9 9 7 
8 4 51 42 70 4 8 1 
5 9 36 64 16 9 1 3 
4 8 37 28 21 3 8 1 
1 5 32 58 64 5 4 9 
2 2 45 52 34 8 6 6 
5 7 0 54 69 3 0 6 
5 8 13 53 61 3 6 6 
8 1 36 30 33 5 1 6 
8 8 0 42 45 6 7 4 
1 9 22 23 36 1 9 3 
8 8 65 21 51 3 4 0 
6 1 33 47 39 8 3 8 
3 1 31 39 78 9 2 7 
6 3 27 56 33 8 4 4 
9 3 3 43 26 6 7 0 
5 0 40 79 99 9 3 4 
7 4 25 71 44 7 9 5 
4 2 0 32 73 0 5 0 
3 5 63 43 66 8 7 0 
9 5 22 38 34 6 6 8 
0 9 24 42 54 2 4 7 
4 0 47 68 55 6 2 3 
8 3 38 37 77 5 8 0 
2 7 42 33 16 3 7 0 
9 1 11 41 31 8 4 7 
4 4 26 43 81 9 7 9 
4 0 38 27 61 5 6 0 
2 7 29 49 31 9 5 5 
1 6 1 19 32 6 1 9 
0 3 16 42 66 0 2 4 
7 0 55 49 64 9 6 0 
3 2 2 33 66 4 9 8 
9 4 0 82 64 0 2 8 
2 6 6 21 37 8 5 6 
8 6 16 23 34 8 0 9 
9 4 25 39 35 1 3 7 
3 2 32 65 74 7 1 8 
5 6 1 59 54 2 1 3 
1 1 29 46 61 4 3 0 
3 3 38 35 13 9 6 1 
8 6 10 24 51 2 3 0 
5 1 33 11 59 2 1 5 
5 8 48 37 47 1 6 3 
3 6 0 24 26 8 3 2 
8 2 23 25 82 1 2 5 
8 0 27 34 68 5 7 4 
6 6 18 58 29 7 4 0 
1 1 0 36 33 1 5 2 
6 4 4 41 44 9 5 4 
8 8 5 54 36 0 9 3 
2 3 28 58 17 8 9 0 
8 0 29 14 54 5 4 4 
8 7 35 55 47 0 6 1 
8 1 27 17 77 9 8 9 
5 7 27 86 74 1 5 2 
4 9 30 71 66 0 0 1 
5 3 41 33 78 9 0 2 
8 1 43 26 75 4 1 6 
7 8 14 23 46 3 8 9 
6 2 40 53 62 2 1 1 
1 8 52 46 24 2 5 8 
6 4 34 41 53 2 2 7 
1 0 24 28 42 0 7 3 
9 7 7 50 51 8 4 0 
8 6 36 77 34 3 1 0 
0 8 37 43 21 8 3 8 
4 6 28 45 68 7 8 8 
6 7 24 38 39 0 2 8 
5 0 12 38 40 3 2 7 
2 3 42 56 106 2 5 1 
2 1 49 59 61 8 2 1 
6 7 58 50 22 5 0 2 
9 3 32 61 48 5 2 0 
7 6 52 82 50 3 1 3 
3 5 92 33 44 1 1 2 
5 6 24 16 30 0 6 6 
1 0 12 36 51 1 5 3 
8 2 59 74 114 6 5 0 
0 4 22 31 63 9 7 0 
9 5 15 63 61 5 0 5 
7 0 8 55 28 3 0 2 
1 8 29 42 91 9 1 1 
9 6 33 96 37 2 3 1 
0 5 17 33 15 0 1 3 
9 4 41 78 59 5 8 6 
7 1 48 60 58 6 6 0 
9 4 31 77 40 2 0 8 
9 0 37 43 44 6 7 4 
2 1 0 43 51 3 4 8 
8 9 55 67 20 4 3 7 
8 8 0 73 26 4 1 4 
5 8 23 90 19 9 7 7 
1 0 55 69 0 7 0 3 
8 5 3 33 50 1 2 7 
8 4 19 6 32 6 3 0 
3 9 21 43 26 2 4 3 
2 4 37 26 41 5 3 8 
3 9 31 2 34 9 9 0 
9 2 10 73 33 6 2 0 
4 0 7 33 26 9 5 0 
0 3 47 29 32 6 6 2 
0 3 15 79 55 3 9 1 
1 7 34 39 73 7 7 4 
2 7 11 8 66 1 4 5 
8 1 7 65 46 9 3 6 
1 9 24 50 81 9 4 5 
8 8 40 10 61 5 9 1 
9 4 39 60 35 5 4 7 
4 3 34 87 42 9 8 0 
9 3 41 41 65 9 7 9 
3 6 38 43 49 3 5 9 
7 5 14 49 58 2 2 4 
5 0 62 56 22 4 1 4 
6 8 19 71 64 3 6 4 
5 4 57 64 24 3 7 1 
5 8 0 39 48 7 3 6 
4 3 17 96 45 0 3 4 
8 2 19 42 74 1 1 3 
7 7 33 58 49 5 3 4 
1 8 34 67 63 7 5 0 
0 9 1 60 61 2 8 9 
4 4 0 72 32 8 7 8 
0 4 16 51 73 9 7 0 
0 7 37 54 40 5 9 9 
2 5 39 34 22 2 7 3 
8 7 2 59 77 8 9 2 
7 4 6 61 60 6 2 8 
5 2 5 54 24 6 2 3 
4 3 46 52 39 6 0 6 
7 0 14 68 43 6 3 2 
2 8 39 98 10 2 2 4 
1 0 0 74 52 5 9 7 
4 5 48 33 49 8 4 4 
5 4 36 47 59 0 6 1 
1 6 24 86 49 4 0 2 
9 3 25 15 74 1 5 1 
1 4 35 25 25 0 0 7 
3 5 19 59 73 7 3 0 
3 7 20 84 77 2 1 4 
4 4 51 17 52 2 2 8 
4 1 42 40 63 5 2 6 
6 6 21 61 64 0 5 4 
4 3 33 43 37 4 2 7 
6 3 22 99 10 4 7 3 
5 9 39 58 53 6 1 1 
0 7 16 42 52 7 2 9 
4 3 25 79 41 1 9 4 
6 5 0 64 61 1 0 6 
1 9 17 69 58 4 0 4 
9 6 0 49 47 1 7 5 
6 5 30 31 25 1 8 5 
3 5 37 38 70 6 8 9 
3 1 28 36 77 5 3 3 
2 9 41 73 47 5 8 9 
5 0 62 78 67 9 9 9 
3 7 37 34 40 3 8 2 
6 1 80 45 57 7 8 3 
4 8 32 45 49 7 3 8 
1 5 41 13 29 5 8 4 
2 4 27 22 42 5 7 4 
7 8 34 61 95 7 1 9 
3 9 6 0 16 9 4 7 
2 6 29 56 55 4 5 6 
2 4 22 46 14 1 0 9 
2 2 34 87 54 8 8 2 
9 3 53 61 32 2 8 0 
9 6 18 63 77 3 5 2 
3 5 7 85 31 8 9 4 
0 0 59 81 71 2 8 6 
0 3 3 60 60 9 2 9 
9 3 36 58 63 0 8 1 
6 2 22 48 34 2 6 5 
6 7 0 59 128 1 0 2 
9 0 28 39 70 1 8 9 
9 3 38 73 61 0 4 3 
6 4 57 77 95 3 4 9 
1 5 33 7 49 2 5 7 
7 2 30 77 8 6 0 1 
0 9 54 53 56 7 3 8 
2 7 34 62 34 8 4 0 
7 5 19 64 55 6 6 4 
1 0 0 90 31 0 0 6 
9 2 47 60 53 1 0 9 
3 4 31 34 22 9 2 1 
4 0 0 22 89 0 8 8 
4 1 76 53 100 5 8 9 
4 8 16 55 40 2 1 0 
9 3 16 49 73 0 8 5 
6 2 32 44 56 8 5 4 
3 7 41 39 56 6 9 2 
4 2 18 37 23 0 1 9 
4 2 1 37 68 8 3 0 
2 6 92 66 57 8 8 3 
5 6 56 20 39 3 8 0 
6 4 39 45 67 5 7 7 
3 0 13 63 34 6 9 8 
0 7 38 20 38 6 9 7 
1 1 2 66 25 4 6 0 
7 8 33 46 46 3 7 4 
5 3 43 31 67 1 0 6 
8 2 40 42 16 4 7 6 
0 0 57 45 38 4 0 1 
1 4 42 60 63 7 2 2 
3 7 0 59 19 4 8 8 
2 9 12 61 42 1 2 3 
5 0 12 26 83 6 2 4 
1 4 42 82 72 1 1 9 
6 3 2 31 77 6 9 8 
1 9 0 70 84 9 6 1 
4 2 31 48 22 5 0 5 
2 6 41 56 54 3 1 4 
0 2 11 54 21 5 5 8 
1 3 0 52 76 1 9 0 
8 0 20 36 59 2 9 2 
2 9 31 43 76 7 7 8 
9 6 18 44 75 1 1 5 
4 1 41 65 53 3 8 6 
2 3 46 11 26 5 4 2 
6 3 53 32 50 7 0 9 
9 5 41 74 53 6 9 0 
4 8 0 52 15 5 8 7 
5 2 42 64 9 9 4 3 
2 1 30 6 57 9 8 3 
7 5 31 67 14 3 7 0 
5 4 22 45 38 7 0 4 
1 8 24 51 29 2 7 9 
2 4 26 47 23 1 1 0 
1 3 36 56 25 2 4 7 
4 2 0 51 48 5 5 7 
0 0 22 67 16 6 8 1 
8 9 20 33 75 3 5 1 
7 2 49 50 72 2 2 3 
6 8 15 54 11 3 7 9 
4 0 33 59 47 9 5 8 
8 9 32 30 35 5 2 2 
5 2 30 33 73 6 0 1 
3 6 10 23 37 2 4 3 
3 2 58 34 49 4 7 1 
7 1 5 16 47 2 4 4 
1 3 33 27 29 1 1 8 
9 1 38 67 63 7 5 7 
3 3 64 33 18 4 5 5 
3 8 14 20 83 9 0 5 
0 9 48 69 47 1 2 7 
4 0 31 27 64 7 7 6 
7 2 15 80 122 4 2 0 
1 0 37 46 47 6 5 5 
2 0 39 86 42 8 1 3 
8 0 34 78 69 6 1 2 
0 3 7 47 9 8 5 4 
6 1 57 41 51 1 8 1 
1 4 12 33 48 5 7 7 
5 0 32 59 47 0 5 8 
5 8 0 35 33 5 0 6 
9 2 1 27 78 0 0 1 
6 6 17 69 47 2 2 3 
1 4 25 62 38 0 5 8 
9 7 0 70 71 4 6 0 
7 6 56 47 50 3 1 0 
8 7 47 26 48 2 8 3 
9 9 29 68 75 5 1 5 
0 7 4 40 48 6 8 1 
7 4 42 44 39 8 8 3 
1 6 52 69 54 2 5 4 
5 3 41 50 43 8 7 2 
4 6 47 41 53 3 7 4 
4 2 0 48 50 4 1 0 
8 0 67 86 57 5 1 4 
3 4 25 53 73 5 2 3 
8 2 1 58 61 8 4 5 
0 0 41 36 69 3 8 9 
3 3 22 16 50 0 6 8 
6 7 24 58 32 4 0 6 
7 2 28 65 38 3 2 0 
5 9 0 68 66 0 2 0 
7 7 58 84 33 3 8 3 
5 1 3 33 65 7 6 0 
2 7 50 46 44 6 4 6 
4 5 51 22 75 8 8 7 
2 5 6 34 75 4 3 0 
5 3 32 66 43 8 0 4 
7 6 41 38 60 0 0 5 
2 2 63 13 23 7 4 3 
8 8 8 49 46 8 2 8 
6 6 58 38 43 2 7 3 
6 3 63 35 41 5 7 8 
3 0 28 34 78 0 7 8 
1 0 53 24 30 5 9 8 
7 2 25 57 34 7 5 0 
4 0 57 31 57 6 5 8 
5 4 53 74 59 2 1 9 
1 7 4 36 50 0 1 5 
2 6 35 60 62 3 4 6 
3 1 55 72 38 0 2 7 
0 4 52 109 66 9 9 2 
6 2 58 46 99 4 1 1 
8 1 43 56 51 1 8 1 
5 5 0 40 27 4 3 4 
7 4 35 36 95 6 3 2 
4 4 30 41 41 5 5 1 
1 0 15 79 80 2 9 5 
8 9 45 40 27 9 4 0 
3 9 33 27 45 1 7 4 
2 4 32 19 44 7 9 2 
7 4 13 40 71 6 9 4 
5 6 29 59 16 7 6 2 
3 1 36 68 29 0 9 0 
6 8 67 71 57 2 6 6 
5 1 51 58 58 7 6 7 
3 3 50 42 64 5 7 7 
2 1 58 50 55 6 3 3 
9 3 9 79 66 2 6 9 
2 6 22 27 42 8 7 3 
7 3 24 49 30 7 4 4 
4 7 29 61 18 9 7 1 
1 2 54 42 56 9 5 5 
2 3 32 46 77 9 8 6 
5 4 56 57 72 0 5 6 
4 5 17 19 15 5 5 3 
8 7 39 38 37 0 7 4 
9 6 2 62 55 8 6 0 
9 4 23 26 77 7 2 5 
9 6 42 68 52 4 0 7 
3 4 14 83 47 8 0 8 
4 6 57 73 39 6 5 5 
2 5 50 50 68 6 1 3 
5 1 85 36 75 8 5 0 
1 0 57 51 41 2 7 1 
1 4 17 53 33 9 6 8 
7 0 24 50 81 5 1 5 
6 1 59 37 76 5 4 1 
3 1 23 45 59 3 7 3 
1 9 23 58 57 1 7 1 
8 9 35 87 34 1 8 8 
3 2 0 5 62 9 2 3 
4 0 0 45 36 8 3 5 
7 5 34 44 49 5 7 6 
8 0 12 47 62 2 2 6 
5 8 30 49 44 2 6 3 
1 5 0 29 76 1 4 9 
6 3 64 70 81 3 8 5 
6 1 0 51 32 1 9 0 
6 5 13 53 52 4 0 0 
8 5 23 83 63 5 2 8 
1 8 35 66 25 9 1 7 
8 8 21 30 86 7 2 9 
9 0 65 63 53 8 1 2 
7 6 10 41 15 7 9 7 
5 0 34 39 61 7 1 4 
4 0 13 69 59 5 3 0 
5 3 34 41 57 1 8 8 
6 7 42 59 48 2 8 1 
2 7 24 65 14 0 9 8 
6 9 0 46 44 8 1 9 
9 4 40 52 32 3 5 4 
6 7 19 26 80 1 7 4 
8 7 36 49 37 4 1 6 
8 5 43 43 56 6 3 7 
2 4 29 61 13 0 7 1 
8 1 44 43 31 7 1 4 
4 1 21 42 94 1 0 0 
9 2 47 76 63 1 7 2 
7 1 4 25 95 5 1 2 
7 1 1 60 35 2 8 0 
7 2 78 53 29 8 7 5 
0 5 22 55 57 4 1 0 
2 1 44 62 38 3 5 3 
6 6 43 50 73 9 9 2 
1 2 18 48 51 5 3 1 
9 0 27 65 46 4 8 3 
3 6 29 31 48 7 5 5 
3 6 44 45 76 5 5 9 
8 0 37 32 48 8 8 4 
9 4 10 61 39 0 5 8 
1 0 50 18 69 4 6 0 
2 0 0 63 73 0 7 9 
4 5 49 73 22 6 2 0 
2 3 24 10 5 1 1 9 
9 8 46 55 68 1 8 6 
4 9 34 6 37 4 7 9 
2 1 38 34 52 2 0 0 
3 7 48 39 34 7 0 1 
2 4 5 22 75 7 3 3 
4 5 23 70 66 8 9 4 
5 5 19 86 38 9 3 0 
3 9 49 94 57 0 2 7 
8 5 46 45 22 8 4 8 
2 8 54 56 35 5 6 6 
9 0 31 64 19 1 7 2 
1 7 18 75 43 3 1 9 
4 6 6 50 51 1 8 1 
4 3 37 43 38 1 0 6 
0 7 0 64 46 2 4 0 
5 0 39 44 63 5 3 7 
8 6 43 73 40 2 1 8 
9 1 25 31 44 1 0 1 
4 8 30 58 47 8 0 3 
9 0 0 46 57 2 7 5 
6 8 38 50 18 5 8 7 
5 8 66 71 74 7 8 5 
6 2 38 80 64 3 0 1 
0 1 46 47 62 2 3 3 
9 3 7 43 17 0 2 5 
8 3 37 66 30 1 7 9 
0 2 26 63 62 9 3 7 
0 0 47 37 28 9 1 9 
9 1 24 41 20 2 3 6 
5 7 28 84 44 5 4 2 
1 2 75 76 54 9 1 5 
2 4 31 32 0 0 3 8 
7 7 57 20 43 2 5 3 
2 6 91 24 57 1 3 3 
5 9 29 27 50 3 8 8 
8 9 38 73 30 6 7 8 
7 6 55 62 0 9 1 8 
6 3 26 49 81 1 8 9 
3 4 16 56 52 7 3 9 
4 4 42 55 54 1 1 4 
9 3 22 65 46 9 0 2 
5 8 16 55 38 9 7 1 
0 3 43 44 19 4 5 5 
8 6 37 71 95 9 8 1 
4 9 28 40 62 5 2 7 
8 2 16 46 54 0 6 5 
0 2 0 23 48 2 0 2 
0 5 5 77 47 6 6 9 
0 6 27 61 32 9 2 3 
8 1 9 36 46 9 3 5 
7 6 47 63 48 3 6 4 
9 9 26 55 44 1 7 8 
3 5 0 6 43 1 9 7 
7 9 1 29 49 0 5 9 
6 4 23 39 67 7 6 1 
7 5 20 61 48 4 1 6 
2 8 19 56 18 7 2 1 
6 0 32 47 45 0 3 4 
0 1 26 35 39 2 5 5 
5 5 37 36 61 8 9 0 
9 8 43 87 84 8 8 6 
2 9 45 50 91 7 6 4 
3 7 45 51 49 5 6 0 
6 6 27 41 78 2 8 4 
6 7 10 25 96 1 0 6 
0 3 61 38 31 1 7 3 
9 3 27 46 46 3 1 9 
0 3 21 59 45 2 8 8 
1 8 0 27 21 4 2 5 
1 3 74 51 42 3 6 7 
3 4 15 116 60 6 1 8 
9 3 51 13 80 3 8 9 
0 1 44 67 21 7 1 0 
3 2 12 39 43 9 3 5 
7 7 0 41 94 7 7 2 
6 1 48 75 58 8 8 6 
4 8 34 61 69 9 5 0 
6 7 10 78 73 6 8 1 
5 8 0 32 65 8 5 2 
1 0 38 50 7 3 6 4 
8 7 37 31 28 4 0 5 
3 2 23 57 52 7 4 6 
2 6 15 75 34 7 4 4 
5 7 45 83 45 7 5 9 
8 8 13 28 45 9 7 6 
1 9 32 42 41 4 9 5 
1 3 22 87 35 9 9 5 
8 0 51 9 87 7 0 1 
3 4 2 24 53 1 6 0 
6 2 68 67 66 1 6 4 
7 4 22 27 39 9 5 4 
8 4 22 0 17 6 2 7 
8 6 53 32 45 6 3 4 
2 8 18 53 44 5 7 8 
8 9 0 17 66 3 0 8 
2 8 36 47 48 0 6 8 
1 0 55 52 94 1 9 6 
5 1 12 44 48 7 8 1 
8 1 28 54 36 8 8 2 
6 3 49 49 76 2 8 9 
2 5 46 35 39 8 7 1 
9 1 0 39 42 4 7 5 
4 4 5 49 62 2 8 1 
6 1 64 33 42 1 7 7 
7 8 2 68 36 9 5 7 
9 8 29 55 69 6 9 0 
4 3 75 70 39 6 3 6 
2 8 0 74 83 4 6 6 
6 6 33 9 28 8 1 1 
9 7 50 73 47 4 5 2 
4 9 33 47 55 9 4 3 
7 5 30 34 53 1 5 4 
6 0 59 66 72 6 2 5 
9 7 26 15 38 4 0 8 
0 9 45 45 90 1 4 0 
9 9 46 58 31 7 4 0 
9 3 36 53 0 3 2 6 
9 4 11 58 56 4 2 3 
1 1 21 43 62 6 5 2 
2 0 49 36 40 1 7 0 
3 7 39 19 59 0 3 1 
4 8 50 40 35 1 7 7 
2 2 21 90 88 7 6 1 
9 9 38 40 58 2 3 5 
3 3 35 39 41 6 4 3 
2 9 20 57 15 7 6 9 
7 5 35 16 42 8 2 8 
9 3 35 47 40 6 8 4 
5 8 11 51 84 7 7 4 
3 8 49 57 49 8 9 2 
7 0 54 67 35 6 1 4 
3 1 33 82 24 6 7 0 
4 3 16 95 24 0 0 1 
3 2 26 60 80 2 7 2 
9 6 58 24 110 7 7 9 
0 3 36 3 68 4 6 5 
4 9 39 39 32 6 7 9 
4 1 79 53 35 0 8 6 
4 5 15 71 76 0 0 5 
9 2 47 29 57 0 7 7 
7 9 5 48 35 4 1 2 
4 9 63 37 37 0 6 2 
6 3 28 54 36 2 0 1 
9 1 21 46 79 6 4 0 
9 5 38 54 33 7 5 0 
3 7 38 63 44 6 8 3 
5 0 18 77 79 7 8 7 
5 5 12 45 99 8 1 2 
8 0 0 39 37 6 9 8 
0 1 72 82 21 7 0 1 
4 2 36 43 53 8 2 1 
4 0 38 36 64 9 8 9 
2 2 3 65 28 5 2 7 
7 5 0 53 71 8 5 3 
5 9 24 54 51 7 0 9 
9 5 53 41 40 9 1 6 
1 4 35 37 84 3 6 4 
7 8 44 66 56 1 3 3 
4 6 9 15 58 2 4 7 
9 3 34 33 86 4 2 8 
9 6 0 59 70 8 8 6 
6 5 37 66 70 5 4 9 
6 8 55 92 28 9 7 4 
3 8 28 38 88 0 4 6 
7 9 31 50 37 9 8 0 
4 8 33 79 64 4 9 3 
4 0 0 76 5 5 2 1 
4 1 51 39 73 1 2 3 
9 4 39 8 53 3 3 9 
1 1 19 43 45 3 0 3 
1 0 31 60 52 5 4 4 
9 1 44 64 97 4 9 4 
8 8 34 52 73 2 7 2 
4 0 40 55 20 1 5 7 
7 0 33 76 55 7 8 0 
7 7 0 65 72 8 7 6 
4 9 16 83 63 0 0 3 
5 4 68 48 63 5 4 0 
2 6 11 35 59 5 4 0 
0 6 27 25 58 0 8 8 
5 3 12 65 56 4 1 3 
5 4 14 61 40 9 6 9 
6 7 0 43 59 3 6 1 
1 3 9 47 73 5 6 9 
9 3 46 38 26 7 2 0 
1 0 9 45 60 5 7 1 
6 1 21 63 28 3 1 9 
5 0 24 82 22 9 7 4 
9 7 0 64 80 5 8 1 
1 6 7 39 29 5 5 1 
3 4 31 53 33 3 8 9 
3 5 27 71 45 5 8 7 
3 7 50 31 78 2 7 5 
3 4 4 45 55 5 8 4 
3 9 30 57 83 5 3 1 
2 1 0 48 50 7 8 4 
9 5 43 81 47 8 6 1 
7 9 14 52 77 4 2 4 
9 5 49 48 52 8 3 2 
6 4 0 30 94 4 1 0 
3 9 49 61 39 9 4 4 
6 6 28 62 70 6 6 0 
9 8 48 70 39 4 8 3 
6 8 17 43 23 9 7 8 
0 8 0 34 57 7 0 6 
4 6 2 25 57 2 9 0 
8 2 47 53 27 2 9 8 
5 6 32 63 84 8 0 6 
1 3 3 92 43 2 6 7 
1 0 93 50 17 1 0 2 
9 7 31 39 31 1 2 2 
8 1 2 36 40 8 8 3 
6 5 35 56 48 0 8 3 
4 5 24 48 67 7 2 7 
4 7 0 47 64 6 0 0 
1 2 42 77 58 5 5 3 
7 3 35 47 50 8 2 1 
1 4 24 36 63 8 1 8 
4 7 51 57 34 1 5 0 
5 4 28 44 65 9 8 8 
0 2 25 60 53 4 6 8 
9 6 35 27 35 6 9 2 
4 1 22 45 54 4 3 8 
0 0 56 74 44 5 0 8 
0 1 16 26 18 3 1 4 
6 8 22 9 40 6 5 4 
6 8 17 66 43 0 3 2 
3 7 39 63 21 0 8 5 
2 7 16 57 46 2 1 3 
0 3 3 40 32 6 9 5 
1 0 62 67 49 6 3 3 
3 4 73 46 36 6 9 6 
9 8 69 48 67 4 1 2 
4 4 3 55 68 6 2 6 
7 0 51 36 68 3 3 6 
5 3 47 47 30 5 6 1 
0 7 37 23 45 2 1 0 
6 9 0 27 50 0 5 6 
4 1 2 43 69 6 0 1 
4 4 47 66 28 8 1 1 
0 2 43 48 28 4 2 5 
9 1 13 58 56 2 8 1 
7 0 60 70 43 9 1 4 
5 3 64 55 35 3 6 8 
1 9 22 49 42 3 3 1 
9 4 28 79 30 7 7 3 
2 4 48 85 49 0 4 5 
7 0 37 19 81 5 7 8 
8 1 18 73 54 9 7 3 
2 2 15 33 78 5 0 5 
5 9 35 25 50 4 0 3 
9 9 40 43 49 1 2 7 
1 3 30 56 65 2 4 0 
5 2 37 37 33 4 9 1 
0 2 17 56 83 7 4 4 
5 7 28 37 61 2 8 5 
8 2 43 40 64 0 0 5 
6 1 50 32 40 8 8 5 
9 9 47 31 37 1 3 4 
3 3 49 63 33 6 3 6 
3 3 34 37 31 2 7 6 
8 0 28 43 31 0 1 6 
2 1 31 41 79 3 4 2 
7 0 16 58 55 4 6 9 
0 0 18 65 38 8 4 8 
6 7 13 92 21 4 9 9 
9 6 39 60 70 2 6 2 
5 1 39 70 38 0 8 6 
8 6 22 20 23 6 5 7 
7 1 23 65 43 5 7 3 
6 9 30 30 58 7 6 1 
5 5 25 64 65 2 4 1 
2 9 56 87 67 5 0 1 
9 8 12 77 71 7 6 3 
0 9 37 50 35 8 1 3 
6 1 45 58 39 5 4 4 
7 1 32 24 105 2 6 6 
6 9 56 58 34 4 1 5 
7 6 12 35 30 7 5 8 
6 2 3 63 52 1 4 5 
0 0 20 28 69 3 9 3 
1 1 46 38 61 4 9 5 
3 3 73 30 13 4 1 1 
7 7 22 70 67 8 6 1 
8 1 0 54 29 8 2 5 
3 8 24 51 37 3 5 5 
7 3 25 53 43 4 2 7 
3 7 7 35 19 4 4 5 
0 9 11 40 46 1 6 7 
1 2 13 70 27 0 7 3 
2 4 28 85 81 7 8 4 
4 3 54 83 55 9 4 1 
1 8 15 104 33 7 3 4 
6 5 44 36 19 3 2 2 
0 8 75 81 19 2 0 8 
4 1 42 42 27 7 6 9 
7 8 0 21 26 8 0 8 
3 5 16 60 23 9 7 2 
9 6 28 70 1 9 3 3 
6 5 23 27 42 8 7 1 
6 7 32 34 25 5 6 4 
5 4 62 40 35 7 2 2 
7 6 45 68 35 0 1 6 
1 2 19 49 48 6 1 5 
4 0 20 48 64 3 4 0 
9 3 34 80 80 8 3 1 
5 7 0 34 57 8 4 5 
8 1 0 50 35 6 5 0 
2 0 44 76 64 2 2 3 
5 7 36 69 96 5 5 7 
4 1 21 72 13 7 1 5 
2 3 27 36 44 1 2 8 
1 6 34 54 69 6 4 1 
8 4 31 20 55 1 0 0 
6 8 0 70 32 1 4 7 
1 3 66 50 30 8 8 1 
0 6 7 59 36 7 2 4 
6 8 42 21 69 1 7 3 
2 5 23 93 23 8 4 9 
9 8 13 57 62 2 3 8 
9 3 41 27 73 7 2 0 
6 5 31 46 80 2 0 8 
4 5 30 50 42 7 8 3 
8 1 60 3 63 9 9 4 
1 3 75 69 27 9 3 2 
5 0 32 70 15 5 0 6 
8 3 32 57 0 9 9 8 
4 6 42 41 27 1 7 0 
1 3 44 64 13 4 6 2 
4 8 57 72 68 2 6 7 
9 5 23 49 75 7 3 9 
6 1 11 64 40 0 5 2 
6 7 19 4 32 0 9 1 
3 0 0 42 25 2 3 5 
2 9 54 42 64 0 6 0 
8 7 46 26 43 4 4 6 
2 1 39 92 28 6 8 0 
5 9 30 38 49 4 4 2 
4 0 51 39 72 4 8 0 
0 5 60 52 73 2 8 0 
3 4 17 56 59 9 8 7 
7 8 35 41 41 1 8 3 
3 2 32 63 60 8 6 2 
6 0 42 54 34 4 5 8 
1 4 0 27 71 6 5 2 
6 0 31 54 43 9 3 8 
0 0 62 100 68 5 7 6 
6 0 25 48 71 3 1 8 
0 0 78 64 42 5 5 9 
9 3 15 45 22 2 9 3 
5 1 53 68 73 5 2 9 
0 7 26 47 28 5 7 9 
2 5 32 17 67 2 4 1 
3 0 53 28 51 7 1 1 
7 4 62 54 64 3 1 7 
2 0 21 63 19 7 5 0 
2 1 0 53 57 0 4 6 
3 3 17 49 51 0 0 3 
0 3 21 81 82 6 5 6 
2 9 36 63 22 6 6 5 
3 0 18 23 36 0 9 6 
1 5 9 68 24 0 4 7 
1 0 74 12 55 3 9 6 
6 3 14 67 39 2 5 8 
3 1 68 14 33 8 2 4 
5 5 0 46 57 1 3 0 
2 4 18 59 45 6 1 1 
7 9 47 54 48 5 6 0 
4 7 22 54 57 8 2 7 
7 0 40 39 64 5 3 7 
7 0 34 37 0 8 1 9 
4 6 51 73 45 3 8 5 
1 6 10 0 32 4 0 1 
2 3 41 41 53 5 7 4 
1 3 6 91 53 4 4 9 
4 7 16 0 33 4 3 9 
1 5 35 62 50 0 2 9 
4 0 24 45 73 2 8 0 
8 0 20 43 23 1 1 1 
7 3 18 65 66 5 3 8 
6 4 40 75 25 2 5 7 
2 8 9 71 76 6 3 6 
0 0 33 28 39 2 0 6 
0 3 37 78 46 4 6 4 
1 3 16 63 61 5 2 0 
7 9 26 27 32 6 5 9 
6 4 11 22 44 8 2 8 
4 3 54 1 22 0 3 8 
5 1 21 55 62 4 9 0 
2 5 35 34 40 9 2 0 
0 5 55 32 55 9 7 7 
7 8 9 65 87 0 4 6 
9 1 11 25 83 9 6 1 
6 9 44 11 58 3 0 8 
3 1 7 7 30 2 8 8 
0 6 38 49 42 5 8 2 
1 1 42 75 78 7 3 4 
0 3 17 85 61 3 0 8 
1 9 6 67 46 7 5 6 
0 4 7 42 46 7 0 1 
2 9 52 43 46 6 2 4 
3 4 14 48 58 3 7 6 
8 7 19 0 54 4 6 6 
5 7 31 43 88 0 8 2 
9 0 5 66 70 3 2 1 
4 2 23 36 70 1 4 6 
2 4 16 52 60 2 0 1 
5 6 36 75 88 1 4 5 
6 4 56 46 81 4 1 1 
2 2 15 36 69 7 0 6 
4 0 37 93 63 9 5 8 
6 3 23 51 60 2 8 8 
0 4 33 64 58 5 3 9 
9 2 46 40 62 4 6 2 
6 4 45 45 36 1 0 6 
0 8 22 65 3 4 1 4 
8 5 5 47 48 7 1 2 
7 1 27 60 47 3 2 5 
2 3 42 70 27 8 0 2 
3 0 53 42 65 9 3 8 
6 5 17 83 52 1 0 8 
2 1 2 30 28 7 8 7 
3 4 31 54 54 2 7 3 
1 5 21 77 42 7 8 2 
4 7 0 23 45 8 4 2 
0 9 1 32 58 6 5 2 
8 4 24 37 57 7 3 3 
3 0 61 31 68 8 1 6 
4 1 68 54 48 7 5 9 
5 4 48 60 42 8 2 2 
2 2 10 61 50 6 4 9 
0 1 75 18 68 6 4 9 
0 6 10 26 55 7 7 6 
7 6 48 76 79 8 2 9 
4 8 0 47 35 2 7 5 
6 2 40 45 78 1 6 4 
0 8 48 79 46 8 2 1 
5 4 10 61 52 0 3 0 
1 0 11 31 65 6 1 6 
4 6 65 37 41 0 3 4 
5 5 49 43 48 1 2 1 
9 7 16 22 48 2 2 0 
9 5 23 23 13 6 8 5 
6 5 0 53 51 7 0 9 
7 8 64 51 45 6 0 3 
2 1 39 48 88 0 1 5 
1 6 8 38 52 4 7 4 
2 8 0 37 8 1 5 6 
8 5 88 50 45 5 5 3 
3 1 10 67 16 7 1 0 
8 1 28 41 35 9 4 3 
5 8 51 36 30 3 0 0 
9 2 29 66 66 6 8 6 
8 7 10 35 57 5 3 4 
2 5 23 81 32 5 3 5 
7 5 49 8 56 9 5 6 
9 9 12 31 52 5 6 1 
7 0 38 64 38 8 5 1 
7 9 9 36 45 6 4 5 
9 3 62 28 71 5 0 2 
6 8 24 44 63 9 8 4 
6 0 27 57 32 4 0 6 
7 0 43 30 39 3 9 0 
2 5 0 32 43 1 6 3 
6 4 35 67 43 5 5 1 
2 5 0 61 52 5 9 0 
5 3 13 75 60 4 6 0 
7 6 33 48 39 0 0 3 
7 5 42 56 50 6 6 9 
8 2 50 33 38 6 2 4 
0 1 22 71 44 3 2 1 
4 2 25 43 78 0 2 5 
9 9 15 24 39 6 3 3 
4 8 33 41 17 7 3 8 
3 6 53 49 79 9 0 5 
5 3 28 35 73 8 7 5 
3 3 17 76 2 8 0 6 
2 6 6 80 24 7 7 2 
8 9 35 27 24 2 7 8 
0 0 15 48 56 6 2 1 
1 5 32 66 67 3 9 2 
3 2 34 44 40 5 4 1 
9 7 30 42 59 1 8 9 
3 4 66 82 25 1 4 8 
3 5 36 4 43 1 7 8 
1 4 14 76 22 2 3 8 
8 2 39 75 49 4 9 4 
4 5 30 33 63 7 8 8 
5 8 63 41 82 8 3 1 
4 6 44 63 60 1 1 6 
9 1 52 74 62 9 8 0 
1 0 15 8 80 7 0 2 
7 7 39 34 35 5 9 6 
3 4 16 58 70 3 1 6 
0 6 9 24 51 2 3 6 
4 2 26 76 16 6 7 8 
9 2 24 42 24 9 3 6 
3 2 32 60 69 2 1 7 
7 0 40 34 51 7 5 1 
1 4 40 56 62 4 0 8 
1 7 32 33 56 7 8 0 
8 8 45 33 46 7 9 9 
2 6 29 58 58 7 5 5 
9 3 57 97 37 3 9 1 
0 9 19 71 16 6 1 2 
5 0 31 75 22 3 3 5 
3 7 27 43 19 2 5 5 
6 8 37 39 87 5 9 4 
5 3 0 45 46 0 5 7 
8 3 46 66 20 2 5 2 
7 4 17 21 82 9 5 5 
5 8 5 44 56 4 1 7 
7 9 0 84 77 2 3 5 
3 0 84 48 31 4 9 7 
9 3 0 64 57 8 3 7 
1 0 100 62 16 7 1 1 
5 2 2 53 65 7 8 5 
7 0 2 23 77 7 5 7 
1 7 34 62 28 6 5 5 
1 0 19 71 41 8 0 9 
8 8 18 30 94 8 1 7 
7 2 47 36 40 2 4 9 
0 0 9 26 64 4 6 3 
7 4 33 34 84 7 3 1 
1 4 37 35 20 6 3 5 
9 2 61 84 22 3 8 7 
5 8 11 64 21 6 6 9 
0 1 57 56 53 0 3 4 
3 4 33 55 45 2 9 1 
3 0 57 52 43 6 6 3 
4 1 15 86 22 5 1 2 
4 3 2 63 32 9 3 1 
2 2 60 72 52 2 7 7 
2 8 48 44 57 0 6 2 
7 9 21 29 59 6 7 2 
9 3 17 89 62 0 1 3 
8 7 6 62 44 6 0 7 
3 3 59 41 86 1 4 9 
8 7 32 82 81 2 0 9 
6 6 41 55 75 0 9 2 
0 3 60 22 46 3 2 2 
4 3 23 47 78 9 7 2 
5 0 18 14 60 7 1 8 
0 5 17 33 19 4 0 8 
4 2 43 38 78 8 3 3 
9 9 14 45 67 0 7 4 
9 6 49 49 73 6 6 8 
2 1 28 19 42 5 8 3 
2 0 17 69 76 3 8 5 
9 1 11 12 53 0 4 7 
4 6 13 78 72 0 1 9 
9 5 58 59 43 5 6 6 
6 9 0 46 58 3 1 9 
7 0 31 21 23 8 6 8 
5 3 54 55 50 1 9 5 
5 7 17 24 77 4 5 9 
3 5 28 44 52 5 2 4 
8 2 49 37 38 6 8 2 
7 1 26 62 45 5 9 6 
2 4 43 0 68 7 7 6 
7 7 32 72 58 3 6 0 
2 1 23 17 62 1 1 0 
4 3 27 51 45 8 8 3 
0 9 12 51 55 0 3 4 
6 9 34 45 71 5 6 4 
0 1 43 48 66 1 7 1 
1 4 0 70 62 9 4 9 
5 0 41 44 52 0 0 4 
4 9 34 75 45 8 6 5 
9 2 20 85 55 4 8 8 
3 1 0 31 75 6 2 0 
5 6 79 61 68 7 1 6 
5 2 76 61 42 1 8 1 
8 2 42 54 35 5 5 3 
3 9 17 76 62 1 1 6 
7 9 34 33 58 5 1 6 
1 6 15 61 59 1 1 9 
7 5 34 95 66 3 3 4 
9 5 47 67 37 7 9 2 
2 6 6 32 44 6 6 1 
4 9 21 26 98 6 4 8 
8 5 2 44 40 1 8 9 
0 5 37 67 60 1 8 3 
4 0 27 35 69 2 9 0 
0 3 1 48 52 2 3 3 
3 8 0 56 67 3 7 0 
0 0 14 42 54 5 8 5 
7 3 18 29 44 9 9 5 
9 6 47 66 74 2 2 3 
4 5 55 37 72 2 4 4 
6 9 21 55 83 2 1 1 
9 1 54 49 38 8 3 2 
9 8 21 74 31 7 3 3 
6 1 0 61 45 4 5 9 
4 8 15 40 40 2 3 0 
0 2 18 51 43 0 3 1 
7 5 60 60 42 2 4 7 
5 6 36 84 62 2 0 3 
2 7 27 55 52 9 0 0 
7 6 65 42 41 7 0 0 
1 8 34 55 64 1 1 2 
6 8 40 66 4 5 6 3 
7 9 21 47 70 3 5 7 
4 5 20 68 46 1 0 6 
2 1 46 82 27 8 2 8 
5 2 35 75 31 5 9 4 
0 1 41 63 76 8 1 9 
5 2 51 63 60 5 8 8 
2 7 27 55 66 7 7 8 
1 5 27 64 76 6 2 7 
3 1 27 45 69 5 1 9 
6 3 16 81 41 9 0 9 
9 9 12 47 23 6 1 7 
2 9 0 72 34 8 0 5 
8 3 68 37 39 3 0 5 
9 3 0 28 24 6 3 9 
3 7 44 47 21 7 6 6 
7 2 46 59 26 0 0 4 
9 9 0 79 48 5 1 6 
3 6 31 75 54 0 0 1 
8 2 26 47 46 7 6 0 
7 2 48 72 52 6 1 1 
6 6 52 43 39 7 7 4 
5 1 14 33 64 2 6 4 
9 6 24 36 60 9 5 1 
2 8 21 83 85 7 0 5 
2 8 21 43 38 8 2 4 
9 5 7 43 13 7 6 4 
4 8 4 28 49 9 9 3 
0 0 33 39 48 3 4 2 
4 9 31 69 94 7 5 1 
2 0 20 47 55 9 6 0 
4 4 46 45 48 8 6 3 
7 6 45 58 64 4 3 0 
8 1 39 43 53 3 6 7 
8 0 72 13 33 6 8 1 
2 0 58 50 93 4 3 6 
3 7 22 46 34 8 8 4 
7 8 55 65 59 5 7 6 
5 9 56 47 33 3 5 4 
4 2 50 90 76 4 9 0 
9 5 56 30 36 4 3 4 
5 3 50 72 67 6 4 9 
3 2 35 28 79 0 1 5 
5 3 6 61 61 8 1 5 
0 5 51 56 2 0 7 1 
8 1 25 81 59 7 9 9 
2 9 30 73 29 0 5 0 
8 2 10 51 0 7 8 2 
2 8 19 63 32 4 5 6 
5 1 54 40 74 0 9 0 
3 4 28 24 52 2 8 8 
0 5 40 69 53 9 5 7 
2 4 34 46 41 5 8 8 
5 8 12 25 75 6 8 6 
9 7 56 32 68 6 2 1 
8 7 55 65 48 4 4 8 
0 9 33 41 43 0 5 0 
6 1 39 29 78 1 9 8 
5 9 18 16 62 3 9 6 
7 0 66 43 20 4 2 9 
7 8 34 62 47 4 3 0 
3 4 48 70 48 7 8 4 
9 1 43 37 53 8 3 1 
7 7 29 41 61 3 9 1 
5 8 23 78 76 2 5 1 
5 7 30 48 64 3 1 9 
1 2 15 57 67 8 6 1 
8 8 0 48 61 3 7 6 
5 0 33 26 43 8 7 6 
9 1 6 45 47 9 2 2 
4 8 74 29 41 5 7 2 
3 2 35 77 55 0 5 1 
3 4 71 79 34 3 3 1 
1 1 49 68 37 2 8 1 
2 3 53 21 40 8 0 4 
0 9 43 35 68 1 0 2 
7 0 39 22 11 6 8 0 
4 7 18 78 55 0 4 3 
0 9 42 48 41 8 7 6 
4 0 43 44 64 6 2 7 
2 0 1 13 30 9 2 4 
5 6 0 57 64 5 8 3 
8 1 40 52 36 7 1 2 
5 9 40 33 63 6 6 3 
6 1 41 23 57 7 6 6 
0 3 26 4 50 2 2 6 
8 7 24 56 49 3 4 1 
9 5 34 51 51 4 6 8 
8 5 5 42 71 8 9 4 
9 6 0 57 33 7 8 6 
1 8 13 48 42 5 5 4 
5 8 0 60 44 7 1 2 
9 6 51 78 74 2 9 5 
0 8 16 65 45 2 9 8 
8 6 9 46 61 7 5 5 
6 3 38 27 75 1 1 0 
6 1 0 65 61 9 0 0 
3 1 31 77 63 1 5 2 
3 1 23 54 32 5 4 0 
8 6 19 39 83 1 8 7 
3 6 23 36 37 0 0 5 
9 9 38 58 31 2 2 2 
4 3 4 64 9 8 3 8 
6 2 35 39 40 3 4 5 
3 6 6 58 56 9 0 8 
0 0 10 31 45 1 1 7 
9 6 16 58 21 6 3 6 
6 6 54 47 25 2 3 2 
8 3 25 82 59 4 9 3 
9 5 11 48 70 4 0 7 
1 5 21 75 31 3 3 7 
0 7 31 74 63 3 0 8 
3 2 28 36 75 9 3 5 
3 5 44 33 37 2 4 0 
4 8 0 43 63 0 8 5 
3 2 22 74 44 6 7 3 
0 5 29 60 69 6 8 9 
5 1 66 24 40 9 2 7 
5 2 30 93 60 4 5 7 
7 1 33 45 43 8 8 5 
9 0 63 55 43 8 2 4 
1 5 51 83 89 1 3 6 
9 2 26 72 78 2 7 3 
0 3 4 71 41 9 0 5 
1 5 34 43 39 4 3 0 
2 3 15 45 61 6 6 1 
2 6 43 47 66 8 4 9 
0 9 28 53 64 6 4 8 
0 2 17 75 24 6 6 9 
1 6 8 14 75 4 2 9 
3 4 50 80 68 2 2 3 
9 0 45 99 102 3 6 0 
9 8 36 69 27 4 6 8 
0 8 35 28 37 3 2 8 
9 3 39 38 23 6 7 1 
3 8 41 41 75 0 9 8 
6 9 47 32 45 2 6 2 
4 3 51 48 49 3 8 4 
5 1 41 65 45 4 0 1 
6 4 0 66 23 6 3 7 
0 8 31 41 59 6 9 6 
3 8 42 52 31 2 0 6 
5 6 20 21 32 4 8 0 
7 8 24 29 31 6 4 9 
4 3 13 13 68 5 2 3 
8 8 38 85 43 7 5 6 
8 0 46 51 7 9 1 3 
4 3 17 49 18 8 6 3 
1 0 0 39 54 4 8 0 
0 0 4 35 42 4 0 7 
1 8 31 42 47 4 0 0 
4 6 10 15 55 6 2 3 
3 0 31 37 46 8 1 5 
6 4 40 97 52 9 1 1 
0 7 26 46 78 9 4 7 
2 9 32 61 15 1 5 6 
6 9 19 38 38 7 3 5 
4 7 0 33 71 1 7 2 
4 5 26 31 68 4 1 3 
9 3 10 7 66 1 7 1 
3 1 26 46 27 0 2 4 
8 4 13 45 58 4 0 2 
4 1 67 33 66 3 8 9 
0 5 42 54 52 7 9 1 
1 9 29 48 27 8 6 7 
2 7 25 38 43 5 1 4 
1 1 28 80 81 0 4 2 
1 1 30 88 57 4 0 7 
8 3 19 32 24 6 2 1 
4 3 18 19 56 8 9 5 
9 0 22 66 4 1 2 1 
9 7 15 64 80 4 5 7 
3 3 39 46 67 9 6 8 
4 2 7 48 60 2 8 4 
1 3 56 48 3 3 7 7 
5 0 5 57 74 8 8 7 
7 2 20 56 36 2 6 2 
9 6 41 28 23 3 9 9 
1 6 48 58 115 2 2 1 
4 4 5 68 18 8 9 8 
1 1 15 66 61 8 7 9 
1 1 18 61 23 7 1 5 
1 9 53 69 82 9 5 0 
3 1 29 25 49 3 6 5 
5 7 9 39 18 5 6 7 
3 4 17 57 26 7 0 9 
0 3 21 53 57 1 2 6 
7 0 21 69 64 8 5 2 
3 8 0 28 26 1 9 0 
6 9 13 55 25 4 5 7 
6 8 72 63 53 1 3 4 
6 1 1 59 41 6 2 3 
0 1 7 51 71 1 8 4 
5 0 28 90 53 5 9 9 
8 9 18 27 53 0 3 3 
5 1 47 46 74 0 8 4 
2 3 4 71 60 0 7 3 
8 1 15 73 49 9 2 9 
1 0 25 26 36 7 8 1 
6 1 31 40 69 3 7 3 
6 7 27 58 85 7 2 3 
1 4 29 86 72 0 7 9 
6 4 40 86 47 5 0 2 
5 9 39 19 64 2 0 2 
9 5 7 50 23 1 3 4 
3 5 49 85 67 5 9 8 
1 3 12 77 36 4 7 0 
7 7 43 66 17 2 8 7 
4 4 32 78 70 2 0 3 
8 9 0 21 91 2 0 6 
8 4 58 50 0 5 0 8 
5 1 13 89 47 9 3 1 
1 7 39 32 77 3 0 2 
8 6 17 56 55 2 2 1 
7 4 48 46 34 0 2 1 
5 3 47 40 96 3 4 3 
7 8 30 23 89 0 2 9 
3 7 16 38 32 3 4 3 
6 4 40 18 39 2 8 8 
3 1 40 49 49 1 1 1 
4 6 0 35 51 5 9 8 
9 6 37 20 53 2 2 5 
8 2 51 65 69 7 0 0 
2 7 65 60 37 4 8 2 
8 9 10 24 44 0 9 1 
8 2 10 60 35 6 6 1 
9 6 26 41 57 8 2 7 
5 5 12 62 59 1 3 6 
3 6 37 53 58 7 8 8 
7 4 13 68 73 8 4 9 
7 3 47 79 63 2 9 7 
7 1 38 62 31 0 5 5 
7 8 27 62 69 1 9 6 
3 5 24 37 22 4 1 9 
8 1 53 61 66 9 4 1 
7 1 40 37 72 0 1 6 
3 0 29 40 49 3 8 9 
9 6 28 51 52 8 6 4 
2 3 15 64 53 6 6 9 
5 6 18 86 64 5 7 4 
9 5 50 66 30 4 0 9 
2 8 22 92 90 4 2 4 
9 8 5 29 35 0 1 1 
1 2 47 67 122 7 7 6 
6 6 0 53 55 3 7 7 
8 5 60 69 59 9 6 4 
4 9 41 23 74 6 8 9 
1 0 24 56 94 8 1 6 
8 7 42 31 80 5 5 1 
7 2 35 35 68 4 3 7 
7 2 67 12 35 5 2 4 
7 2 10 55 45 7 2 0 
2 6 21 75 70 6 4 8 
6 0 52 49 66 8 6 3 
2 4 33 64 69 8 9 2 
4 3 39 63 56 8 4 9 
5 8 33 32 0 0 5 4 
3 5 1 58 49 0 4 4 
8 9 18 64 42 3 3 0 
9 8 25 62 20 7 1 3 
2 5 40 49 57 5 6 9 
4 0 42 3 30 2 5 5 
7 1 14 70 30 9 1 8 
1 0 20 30 44 0 1 7 
7 3 41 53 39 4 1 5 
6 4 19 15 24 2 5 9 
8 2 27 46 47 7 9 4 
7 0 0 57 55 9 1 1 
6 2 33 15 33 6 7 8 
9 0 14 38 20 0 7 8 
2 0 28 26 50 5 0 5 
3 2 8 31 56 8 7 0 
7 4 13 32 77 8 1 9 
7 3 27 45 34 7 7 7 
4 7 26 82 49 0 5 5 
4 6 9 62 63 0 4 2 
7 2 41 46 53 5 6 2 
6 8 46 48 84 9 5 0 
2 7 9 28 5 3 8 8 
8 7 51 54 38 6 3 1 
9 3 14 49 19 8 8 2 
7 8 9 47 34 7 5 7 
6 0 35 30 43 1 3 0 
9 0 33 57 35 7 1 4 
1 5 47 20 45 6 7 7 
9 0 0 0 61 8 8 8 
6 2 62 49 72 3 1 8 
6 5 33 54 59 2 9 0 
0 4 21 85 23 1 1 9 
4 5 41 60 18 7 7 6 
2 9 36 0 61 7 1 1 
5 4 20 55 53 3 5 7 
5 8 32 50 16 4 9 8 
2 1 40 47 49 1 5 4 
8 6 27 32 53 7 7 4 
4 0 40 26 38 0 0 6 
9 2 44 53 9 5 2 1 
6 0 42 33 35 5 3 4 
8 6 18 89 60 8 8 5 
6 9 62 35 78 8 8 6 
5 3 29 42 54 5 2 7 
8 4 66 88 60 2 4 6 
4 3 1 46 10 0 5 6 
8 9 28 67 57 3 2 0 
7 6 14 64 74 7 1 3 
7 5 52 78 33 8 4 1 
4 4 15 80 44 0 2 6 
3 0 41 79 77 6 5 0 
8 7 3 33 62 7 8 5 
1 6 30 82 39 9 6 0 
3 3 33 77 32 5 0 5 
6 5 47 43 28 2 4 7 
6 8 28 29 9 7 9 9 
2 8 64 71 49 6 3 7 
6 4 44 54 19 6 3 0 
1 4 2 39 49 0 3 6 
6 0 13 54 59 8 6 2 
9 2 28 97 52 3 6 0 
4 6 58 57 55 1 4 8 
1 3 6 23 19 6 7 5 
0 5 28 38 55 5 8 8 
0 3 41 64 24 8 7 9 
1 6 33 53 24 7 5 5 
4 7 55 58 61 1 9 0 
5 3 17 76 60 1 6 5 
6 7 82 60 34 8 8 8 
6 0 19 68 80 5 2 8 
5 3 46 27 59 5 8 5 
1 4 39 33 25 5 9 4 
1 8 43 42 36 6 5 4 
0 5 10 56 57 7 7 9 
3 7 55 36 46 5 8 5 
0 2 45 45 40 8 9 2 
6 4 41 42 45 6 9 6 
4 6 47 81 57 5 1 6 
6 9 66 40 65 9 0 2 
3 1 19 76 54 7 4 8 
1 5 11 62 66 9 1 3 
7 1 0 84 68 4 6 0 
5 5 29 43 46 6 8 2 
8 2 23 65 47 6 4 8 
9 1 47 57 35 7 6 0 
6 6 18 47 46 0 7 6 
9 5 48 51 66 5 5 1 
8 5 8 90 87 2 8 8 
1 0 6 49 91 3 3 2 
9 6 9 46 62 4 5 8 
6 8 1 40 88 9 2 9 
9 6 29 33 35 5 9 9 
0 7 28 67 52 2 6 3 
9 1 62 38 50 1 7 5 
6 6 47 28 44 5 3 8 
1 8 22 69 8 3 9 7 
9 4 7 72 55 2 6 2 
9 2 53 48 8 3 1 3 
2 7 48 36 20 4 9 0 
7 1 61 55 64 1 1 6 
5 4 73 82 37 2 0 5 
0 0 22 40 61 7 1 2 
5 5 30 51 52 5 0 1 
1 9 20 89 67 9 3 5 
8 7 6 77 78 9 5 8 
1 2 63 52 52 0 0 9 
8 4 48 35 54 2 3 6 
9 6 29 71 86 4 6 0 
3 0 11 49 35 7 7 1 
4 9 37 65 61 9 4 6 
1 7 0 63 49 9 1 3 
9 4 0 62 41 3 3 1 
8 4 76 72 46 8 4 1 
2 8 0 40 66 8 6 8 
2 0 43 48 76 0 3 1 
9 5 45 63 41 6 4 6 
7 9 4 34 66 3 3 2 
8 6 15 44 41 6 6 1 
0 1 26 51 60 4 7 2 
0 0 69 0 36 0 8 1 
1 3 45 66 52 1 6 2 
5 2 41 27 46 5 6 4 
8 9 38 60 47 6 3 5 
1 9 33 25 33 6 9 8 
1 5 42 41 43 0 6 2 
3 1 10 54 29 5 1 7 
7 1 61 51 63 9 5 2 
3 1 30 53 56 4 0 4 
1 8 41 30 57 3 0 7 
1 7 33 57 47 3 3 3 
3 7 23 66 44 5 9 4 
5 8 49 60 39 0 4 1 
3 0 42 63 27 2 5 2 
3 8 12 72 11 8 2 8 
1 5 60 34 89 7 2 6 
1 7 8 50 44 1 2 7 
7 6 31 70 37 4 3 2 
2 9 30 29 35 2 7 1 
0 0 33 61 38 8 7 6 
9 3 88 66 48 1 2 4 
4 7 26 72 67 0 6 8 
9 0 53 33 73 5 4 8 
5 7 38 59 40 7 4 8 
9 1 71 13 47 6 1 4 
3 8 11 56 59 9 9 3 
5 0 20 95 44 1 1 1 
5 2 24 30 60 1 7 7 
9 6 51 53 65 2 3 2 
3 1 49 40 82 4 8 0 
0 8 43 41 30 5 3 8 
7 8 40 48 34 7 4 2 
7 5 30 87 61 5 3 7 
7 2 31 75 35 4 9 1 
4 9 31 46 39 7 9 8 
1 2 33 58 62 7 2 1 
8 0 5 35 50 9 5 2 
3 6 10 80 52 2 7 3 
3 9 24 50 4 8 4 6 
0 9 24 71 52 6 5 1 
6 9 47 24 29 3 7 1 
5 2 40 30 82 6 8 0 
2 7 20 67 13 9 7 4 
5 5 14 22 20 2 1 9 
8 4 37 51 49 0 4 0 
4 0 57 44 62 3 8 6 
4 6 19 60 62 5 2 0 
0 5 36 40 37 3 7 2 
7 8 41 46 53 3 8 4 
5 8 3 35 74 4 9 9 
0 6 49 22 38 0 2 2 
8 9 38 29 51 8 0 1 
1 6 44 31 50 3 8 8 
9 1 27 52 33 9 8 7 
4 8 28 46 102 9 9 5 
5 8 21 59 77 5 0 0 
9 9 19 38 35 1 9 3 
0 8 0 57 104 9 5 2 
5 5 18 53 70 7 3 4 
2 6 21 32 78 4 5 7 
7 8 3 62 57 9 0 2 
1 2 45 88 59 7 4 8 
1 0 20 46 53 4 4 8 
2 9 32 38 47 3 9 7 
8 5 35 11 37 0 1 0 
6 7 21 36 23 3 2 9 
5 1 0 38 39 9 0 9 
2 5 45 66 86 5 2 5 
0 5 4 33 28 0 1 8 
3 6 51 1 36 0 5 6 
2 0 0 4 45 8 4 9 
2 8 43 32 93 7 5 9 
7 1 25 23 49 4 1 2 
2 9 0 71 43 5 8 9 
5 4 30 30 57 5 8 1 
9 3 10 67 46 8 3 7 
2 5 31 28 36 3 9 7 
2 2 6 86 79 1 0 4 
6 7 16 58 32 9 0 8 
4 1 11 42 56 3 8 5 
1 2 50 105 58 1 1 1 
6 7 16 44 70 0 1 5 
3 6 18 70 47 6 4 7 
6 7 35 46 49 3 8 9 
3 0 52 58 56 0 5 2 
2 4 19 35 75 2 6 5 
4 8 27 54 62 9 8 5 
0 9 24 24 58 9 9 3 
6 7 65 67 46 5 0 8 
7 7 24 21 33 6 5 5 
6 4 52 85 52 8 8 2 
4 7 59 70 37 4 7 7 
3 7 41 33 48 9 6 4 
1 2 49 51 32 8 8 1 
9 6 10 41 66 8 8 2 
7 1 24 64 38 4 0 4 
5 3 20 28 66 5 0 7 
7 9 29 63 45 2 7 8 
9 7 34 79 78 4 7 8 
9 2 19 34 23 9 7 7 
5 7 21 44 78 4 3 4 
8 1 33 55 49 1 9 4 
1 8 43 91 49 5 7 0 
0 6 49 43 27 6 5 4 
2 0 15 64 49 8 2 6 
0 8 32 75 35 8 1 1 
1 1 27 64 39 3 8 2 
3 8 12 58 53 2 5 3 
2 7 37 53 23 7 7 0 
4 3 45 37 43 7 5 2 
6 0 21 36 44 7 3 5 
8 4 31 74 41 6 3 6 
2 9 47 97 41 9 3 5 
9 1 19 64 54 0 4 0 
6 2 31 33 55 4 0 2 
3 1 59 35 39 6 7 4 
3 5 42 50 38 0 2 8 
1 9 35 4 48 7 4 4 
1 0 22 38 71 3 8 8 
2 4 25 37 54 9 4 2 
9 2 55 44 82 7 9 4 
9 7 25 58 60 4 1 3 
2 0 21 53 37 0 8 0 
5 0 55 55 44 2 1 6 
7 4 66 23 23 0 2 0 
2 5 20 39 32 8 7 7 
5 7 20 21 57 0 7 8 
2 9 50 63 33 7 8 1 
4 5 75 22 41 4 1 1 
6 4 27 50 40 4 8 4 
7 3 62 53 77 1 3 8 
3 4 13 30 40 2 7 7 
2 0 45 58 80 0 0 9 
7 7 16 57 80 3 2 9 
3 2 22 48 41 5 6 4 
1 7 0 60 51 9 5 4 
6 4 36 71 31 1 1 7 
2 2 68 71 3 2 5 7 
1 6 47 38 33 6 7 2 
6 9 30 60 44 5 9 2 
9 4 9 20 65 4 6 3 
4 3 8 74 36 6 4 8 
8 2 18 40 29 4 0 1 
2 1 24 73 67 5 6 6 
2 7 55 23 61 9 5 5 
9 6 23 49 54 2 3 2 
6 4 0 61 57 9 4 8 
9 7 53 38 77 5 6 2 
5 6 14 75 49 2 0 9 
2 9 0 57 3 8 1 2 
8 9 29 65 57 8 6 1 
1 2 0 58 93 2 8 9 
4 6 47 70 37 0 6 6 
2 9 19 39 41 2 2 2 
2 6 71 75 36 8 4 6 
0 2 19 65 21 4 1 2 
9 8 40 50 19 9 9 0 
1 2 44 56 51 6 7 0 
0 1 53 43 53 8 9 9 
2 5 37 96 34 2 6 4 
8 6 4 65 72 4 9 6 
9 4 32 38 68 3 5 9 
4 5 27 31 88 3 3 1 
6 1 43 57 63 4 6 1 
8 1 61 100 58 0 3 7 
1 5 3 28 35 3 9 5 
1 3 0 9 42 1 5 8 
5 7 0 50 64 0 3 5 
6 6 60 50 48 9 3 7 
9 8 38 46 38 7 9 1 
0 1 17 2 67 6 5 6 
2 2 80 14 21 1 2 5 
2 1 24 18 58 1 5 9 
7 2 4 48 27 1 7 4 
9 8 46 56 47 1 8 7 
9 9 4 52 53 1 2 5 
1 9 8 69 0 6 7 2 
2 4 28 49 63 7 7 9 
2 5 73 36 5 9 3 5 
6 7 5 52 66 5 0 1 
4 1 36 10 36 2 5 8 
3 0 15 50 36 3 7 9 
4 6 38 34 17 6 0 4 
0 3 30 44 64 8 0 6 
8 0 36 19 39 8 9 4 
6 2 47 49 69 8 6 1 
4 0 35 63 48 4 7 9 
1 6 0 41 40 6 1 5 
5 7 44 41 50 9 4 3 
6 0 33 69 0 4 3 8 
7 9 31 72 20 7 6 8 
3 6 21 46 56 5 3 8 
6 6 64 67 42 0 1 0 
5 6 42 15 47 4 9 6 
6 3 64 40 32 9 8 2 
2 0 49 60 60 1 1 4 
6 4 52 72 72 0 0 9 
8 3 0 37 51 2 8 9 
1 7 2 64 39 9 9 6 
0 6 42 48 70 0 2 3 
8 5 17 76 46 2 3 0 
4 6 26 32 58 8 0 5 
5 1 26 63 73 8 9 7 
6 1 51 9 36 2 0 8 
5 5 29 36 84 4 0 4 
3 9 55 26 49 2 5 8 
6 1 0 70 54 7 7 2 
3 1 29 46 26 2 5 1 
0 8 44 69 62 3 5 9 
0 1 22 35 64 6 2 4 
4 1 41 85 53 9 3 0 
2 3 28 32 59 8 1 6 
1 0 31 29 77 7 6 7 
3 1 54 59 52 1 7 2 
4 9 21 74 48 3 7 3 
1 5 55 99 26 0 8 1 
4 4 19 41 73 0 5 6 
4 3 19 50 48 5 5 7 
3 1 14 67 58 1 4 3 
5 3 5 9 56 7 9 9 
4 7 51 65 52 3 4 7 
5 3 20 19 26 0 0 2 
1 6 48 64 32 8 8 5 
9 2 0 53 45 1 2 2 
5 7 0 48 44 7 4 2 
2 3 51 52 43 0 8 2 
2 0 27 50 59 2 8 5 
2 1 19 69 65 9 2 7 
1 2 36 33 68 6 4 2 
1 2 39 62 17 7 9 5 
2 0 0 28 50 8 2 1 
7 5 23 49 30 3 3 2 
9 4 26 38 68 2 0 3 
1 8 16 48 65 6 2 0 
1 8 36 76 47 6 9 0 
8 0 13 55 62 7 7 2 
4 0 66 62 54 8 2 5 
3 6 43 68 31 8 1 7 
8 4 0 80 82 7 6 0 
8 5 12 40 52 4 0 9 
0 6 49 41 55 5 2 6 
5 2 74 51 57 7 4 9 
6 8 11 19 0 2 9 2 
2 8 37 51 51 7 6 6 
4 7 33 61 53 4 8 2 
5 5 29 52 23 2 1 9 
6 4 45 91 70 9 8 6 
2 5 37 64 80 6 9 4 
1 7 49 34 38 5 2 6 
1 0 49 78 42 3 3 8 
5 5 19 61 72 2 8 5 
6 2 30 78 94 6 2 3 
1 8 27 45 48 1 3 4 
4 6 12 53 64 0 4 9 
4 2 18 48 47 3 9 6 
5 9 39 49 21 3 3 7 
4 7 28 67 74 2 4 4 
8 7 60 51 12 4 8 5 
9 5 59 30 31 1 6 9 
9 7 28 37 49 5 1 3 
9 4 26 60 35 0 4 6 
9 8 49 34 24 4 3 8 
5 5 7 42 36 4 2 8 
2 4 9 57 68 5 5 2 
3 8 10 49 38 5 2 4 
4 8 32 0 64 1 8 6 
1 1 32 38 31 6 0 7 
6 5 4 39 97 9 6 7 
5 8 30 30 11 1 3 7 
1 3 38 47 68 6 8 9 
2 6 27 38 54 4 2 7 
3 1 0 48 65 8 5 1 
7 3 28 50 72 8 2 9 
2 6 27 56 61 1 2 4 
6 8 16 43 44 2 8 6 
2 9 48 3 33 5 4 7 
6 0 10 39 82 8 2 2 
7 2 38 41 37 2 1 6 
8 6 25 32 34 7 8 3 
0 4 53 90 34 7 4 9 
4 2 21 44 38 6 0 1 
2 6 30 59 50 2 5 5 
9 1 30 75 35 3 5 8 
7 7 23 49 38 6 1 1 
7 8 35 69 56 5 8 0 
4 4 0 47 70 7 6 9 
2 6 5 53 52 8 3 8 
5 6 5 61 49 6 1 5 
4 5 26 63 41 7 9 8 
7 2 25 33 61 9 3 3 
0 7 0 35 52 8 4 0 
9 7 39 50 56 0 6 8 
0 0 32 56 50 0 6 3 
8 9 56 43 21 5 8 4 
8 0 8 77 28 9 9 3 
8 6 36 29 36 7 2 3 
4 9 25 46 23 1 5 9 
6 6 9 72 0 8 3 1 
5 7 2 40 47 1 7 9 
5 9 8 32 26 2 2 2 
2 6 4 80 39 1 6 9 
6 3 30 34 30 9 7 1 
0 9 8 43 52 7 1 2 
6 4 62 46 77 0 5 2 
4 6 34 51 49 3 2 3 
9 8 30 72 76 9 3 7 
7 0 35 65 43 1 8 1 
7 6 36 58 56 8 6 6 
1 8 10 73 41 2 7 9 
2 5 25 98 57 9 3 2 
7 3 55 74 25 4 4 3 
1 3 37 47 87 1 8 1 
6 0 23 58 37 8 1 5 
1 4 38 49 27 0 7 3 
7 7 61 47 53 1 1 7 
5 3 16 31 47 2 8 2 
1 0 48 54 51 4 5 4 
9 1 7 29 46 0 6 1 
6 9 37 64 44 5 9 3 
3 5 7 63 59 6 9 1 
5 8 67 28 31 6 2 4 
4 6 65 43 40 4 3 6 
7 6 23 61 51 6 1 8 
0 8 33 54 31 5 0 3 
9 4 30 62 31 4 6 4 
0 3 63 57 58 9 7 4 
7 5 11 36 18 9 3 0 
5 0 54 44 54 2 5 0 
5 3 32 59 35 6 1 3 
9 3 27 69 76 7 3 3 
5 4 24 38 33 2 8 7 
5 5 43 65 64 9 7 5 
9 2 12 63 81 5 2 4 
3 7 8 42 36 2 3 8 
9 4 43 58 35 2 8 2 
1 1 34 20 79 5 7 8 
2 6 43 75 54 8 9 9 
5 5 20 21 53 5 1 1 
6 6 40 80 77 4 7 7 
5 1 59 25 67 8 9 8 
9 3 75 60 65 8 0 7 
7 7 4 58 48 6 5 5 
2 0 37 32 69 6 1 1 
7 8 27 41 56 7 3 0 
1 0 28 17 45 9 0 5 
2 4 0 44 72 4 8 2 
7 5 3 43 20 6 6 2 
3 2 40 85 57 0 0 3 
3 8 11 53 64 6 5 9 
4 5 46 82 38 8 2 4 
5 7 34 30 42 4 6 5 
5 2 35 27 37 7 5 7 
3 6 22 82 94 5 1 0 
8 0 18 80 36 7 5 3 
9 5 19 59 17 1 0 7 
0 7 51 55 35 7 5 7 
5 1 50 76 34 0 1 1 
8 4 66 37 47 2 6 6 
2 5 50 13 54 7 1 3 
6 7 9 39 53 3 5 7 
6 2 38 78 18 6 1 6 
9 7 22 45 76 8 2 2 
8 3 35 61 60 6 1 4 
7 8 0 102 73 4 4 0 
3 8 52 74 66 7 8 4 
6 5 25 26 57 0 1 5 
1 2 34 45 29 0 0 9 
5 1 61 47 48 4 9 7 
1 5 17 0 58 3 6 2 
8 3 15 22 58 5 7 3 
8 8 77 32 39 7 7 1 
5 8 29 56 34 8 6 8 
8 8 49 22 53 9 9 6 
0 1 29 21 55 6 7 0 
2 0 15 1 56 0 0 2 
1 2 42 71 67 0 3 8 
7 2 33 38 55 0 8 8 
6 0 37 68 38 7 1 2 
0 3 40 30 42 4 2 5 
2 4 18 32 100 4 6 9 
8 6 17 28 75 2 1 6 
5 0 51 23 42 4 3 7 
3 9 0 52 70 1 6 2 
9 4 52 58 78 4 1 4 
1 2 0 11 52 8 9 7 
7 7 31 20 59 2 2 9 
3 6 0 63 56 1 5 4 
8 7 45 62 61 9 5 2 
5 2 54 57 16 2 7 9 
6 3 6 13 28 2 3 2 
5 2 11 53 30 7 8 3 
4 4 13 41 101 6 6 2 
3 4 54 26 62 6 6 8 
3 0 10 36 22 4 3 0 
6 3 57 79 43 9 4 0 
8 1 20 12 61 1 7 6 
2 7 17 71 25 1 2 2 
1 6 11 62 96 1 1 8 
8 6 0 61 54 3 0 6 
1 4 0 61 56 2 0 2 
5 8 28 38 28 5 1 2 
3 3 7 41 20 0 2 7 
4 9 12 30 36 4 4 2 
3 8 46 11 27 0 1 2 
8 7 30 35 53 6 5 6 
3 6 31 9 46 8 7 2 
0 1 42 60 57 9 1 9 
7 0 30 45 50 0 7 7 
6 5 44 87 41 6 2 7 
4 1 38 70 16 4 3 8 
7 6 25 12 22 1 1 6 
0 7 8 60 68 7 5 5 
4 9 24 39 72 1 3 3 
9 0 0 33 50 5 8 5 
4 9 30 68 7 5 6 5 
7 2 27 22 60 5 6 1 
2 6 53 28 50 1 2 4 
2 7 52 65 55 4 9 8 
4 5 61 31 52 2 2 0 
6 2 16 64 21 6 5 3 
1 3 40 40 35 0 4 1 
2 5 32 61 24 7 7 5 
4 6 0 26 69 1 6 3 
3 3 27 47 18 6 7 9 
9 4 36 23 42 8 7 9 
3 0 10 55 70 1 5 3 
4 0 34 34 33 2 1 6 
7 8 75 30 67 2 7 0 
1 8 0 37 52 9 2 7 
0 8 38 59 36 3 0 2 
1 4 4 57 77 4 6 9 
8 9 0 35 23 0 0 8 
2 6 48 83 67 9 3 0 
4 5 64 31 76 0 8 9 
4 0 0 28 40 1 6 0 
8 5 49 52 41 4 5 4 
9 8 16 52 45 4 8 5 
7 6 58 16 53 7 8 6 
9 5 20 57 79 0 3 6 
6 3 17 41 35 8 2 4 
2 2 49 49 58 3 0 1 
6 8 17 44 32 4 5 6 
7 2 26 50 58 1 0 1 
6 8 31 33 45 6 3 5 
2 8 35 32 19 5 5 6 
4 9 29 45 48 0 5 0 
6 2 40 34 83 9 9 8 
4 3 16 73 82 5 4 3 
1 4 10 46 51 0 3 1 
4 5 32 50 72 5 9 2 
5 1 36 37 30 2 2 0 
2 5 63 77 53 5 0 4 
4 9 58 26 62 7 1 4 
8 9 30 60 65 5 3 5 
4 4 39 38 43 4 7 4 
0 2 60 18 26 7 2 0 
0 4 10 65 37 2 3 7 
4 6 46 43 41 1 2 8 
2 8 53 46 62 8 3 3 
3 6 8 26 71 6 6 6 
9 9 13 35 73 1 4 8 
7 8 33 50 92 6 9 3 
9 0 17 71 38 7 7 2 
9 1 45 73 29 0 1 2 
8 7 33 79 13 9 5 0 
5 7 39 40 59 0 8 1 
3 5 36 71 56 0 2 6 
1 9 35 53 52 1 9 6 
5 0 23 73 52 0 3 2 
6 1 47 48 38 0 7 3 
3 5 76 41 42 9 5 1 
9 3 50 67 77 6 0 3 
3 7 25 27 56 8 0 5 
7 1 12 26 67 5 4 9 
8 7 21 46 25 2 8 5 
3 1 40 60 64 0 0 6 
6 2 0 39 27 1 1 4 
2 4 17 64 66 1 1 5 
1 4 2 44 53 3 7 8 
6 6 49 30 52 3 0 4 
3 6 28 52 59 4 0 2 
8 4 32 94 39 8 9 3 
2 1 28 47 72 1 3 3 
0 0 29 62 56 3 2 0 
3 1 21 53 42 4 3 6 
3 8 68 62 75 6 8 6 
9 6 17 43 90 9 0 7 
4 3 29 66 73 0 4 8 
0 8 57 52 43 8 9 4 
0 1 0 52 64 1 9 9 
0 1 7 93 57 7 9 4 
2 5 42 44 64 2 7 4 
9 6 26 31 32 5 3 2 
0 7 16 33 61 7 8 6 
6 3 14 29 51 5 7 9 
7 1 26 23 36 1 5 2 
1 0 56 46 45 6 6 7 
4 9 24 50 37 9 7 2 
5 1 0 41 57 9 8 3 
4 5 5 38 44 9 9 8 
9 7 27 52 50 8 1 0 
8 7 18 89 63 5 1 0 
3 8 41 50 15 2 4 8 
6 2 78 52 32 7 2 5 
4 8 0 104 65 1 7 6 
4 6 29 60 81 6 1 4 
8 2 13 38 69 1 3 3 
5 6 72 43 57 3 7 8 
7 7 23 60 35 6 5 9 
2 4 72 36 28 4 6 4 
8 4 52 36 42 6 0 7 
5 1 8 54 58 9 9 3 
7 3 22 21 82 6 9 3 
8 1 9 70 54 5 2 9 
1 5 28 81 34 4 9 6 
1 3 34 24 48 0 2 4 
9 8 30 55 65 6 7 0 
2 6 0 45 63 3 7 4 
7 5 27 61 43 5 4 0 
7 5 11 24 48 1 1 3 
5 8 55 29 48 2 1 0 
1 1 59 37 34 0 7 1 
8 0 55 39 35 0 2 4 
7 3 43 69 40 3 4 5 
7 2 12 50 60 7 8 9 
7 4 43 68 36 4 6 4 
3 6 37 44 38 8 5 8 
3 3 26 32 54 7 6 2 
8 9 55 63 27 3 9 9 
5 7 37 17 22 0 2 4 
7 4 46 59 56 4 9 2 
1 7 12 57 68 0 9 0 
4 4 50 51 50 6 9 2 
1 3 50 36 69 4 5 9 
7 2 14 18 36 6 4 8 
7 5 40 0 65 8 1 6 
3 4 53 38 47 3 0 4 
4 9 59 42 54 5 7 6 
5 0 12 49 61 6 5 8 
8 2 45 62 30 0 3 4 
2 6 9 68 73 1 4 6 
3 1 75 63 45 7 7 1 
7 1 26 58 23 9 0 1 
2 9 32 80 55 7 5 8 
0 1 22 39 19 8 0 8 
5 4 10 30 49 3 1 3 
6 7 51 80 42 4 4 0 
3 8 24 68 51 9 9 6 
4 0 38 48 70 6 4 6 
2 1 61 11 70 1 8 8 
4 2 29 28 29 6 2 1 
0 8 38 46 67 4 1 2 
4 9 0 10 31 4 4 5 
9 8 43 55 31 7 4 9 
9 2 21 63 50 7 6 9 
0 5 31 58 57 6 0 2 
3 0 33 71 40 7 5 4 
0 4 20 40 11 1 1 6 
0 7 34 86 8 4 3 1 
6 8 61 80 23 3 6 0 
3 9 46 56 28 7 7 6 
5 9 2 50 41 8 2 9 
4 4 18 22 50 9 0 6 
7 0 17 32 59 8 8 8 
7 1 10 83 56 8 9 5 
4 3 41 58 26 6 0 1 
4 5 0 13 44 4 2 4 
2 7 9 36 39 9 9 9 
8 5 23 41 51 6 5 1 
5 1 5 45 27 9 3 3 
6 5 35 86 43 4 1 8 
5 3 28 59 34 2 8 4 
7 5 36 30 73 8 4 1 
5 5 19 57 33 8 1 2 
3 4 42 2 39 7 9 7 
9 1 36 47 56 3 9 4 
2 9 51 53 76 4 4 8 
0 5 33 25 44 9 5 1 
5 8 52 58 42 4 3 1 
0 5 17 58 64 4 8 1 
9 3 64 66 49 9 0 6 
2 8 11 72 49 6 0 4 
4 9 7 55 44 7 3 9 
0 9 12 36 2 7 0 7 
0 9 23 36 61 3 2 1 
0 0 66 89 48 4 8 7 
4 3 19 0 59 6 1 5 
4 0 51 62 25 5 1 1 
2 3 56 47 57 7 8 8 
8 6 22 23 52 7 0 9 
0 4 16 59 67 5 6 5 
2 0 45 45 80 8 0 0 
1 9 62 2 49 6 1 5 
3 0 11 45 44 3 1 4 
6 0 68 60 52 8 2 9 
9 1 13 52 4 8 3 7 
3 3 21 73 23 4 1 6 
4 2 51 28 63 4 2 3 
4 1 27 16 59 1 2 1 
3 6 43 87 60 1 8 6 
3 7 22 43 30 7 4 1 
3 4 36 20 56 5 8 0 
0 2 9 70 25 0 1 8 
9 0 46 36 50 8 8 8 
5 9 3 61 75 8 1 8 
0 3 16 49 30 3 5 0 
4 3 46 53 36 1 4 6 
0 3 22 87 38 7 4 5 
5 7 56 30 61 8 4 7 
8 4 0 70 56 4 6 0 
1 2 37 76 14 4 8 6 
6 9 33 66 19 4 1 2 
4 9 58 30 35 9 1 6 
0 3 3 46 73 3 0 5 
3 5 47 58 51 3 8 4 
8 1 31 53 94 6 0 1 
5 5 39 28 50 6 2 4 
2 5 2 44 41 5 5 4 
9 4 54 46 47 9 8 2 
4 7 34 63 41 5 9 9 
4 0 0 63 8 0 9 1 
6 1 47 41 22 7 3 8 
3 2 0 48 52 2 7 8 
4 8 42 61 57 0 4 4 
8 8 37 57 31 2 1 0 
5 7 48 68 49 3 7 4 
3 3 48 68 48 9 7 0 
4 9 0 65 31 0 8 5 
6 9 25 61 35 3 9 8 
3 0 25 52 47 9 3 5 
7 6 10 38 55 6 3 7 
1 3 0 47 16 4 5 9 
3 3 57 29 45 6 6 0 
4 8 30 68 59 5 0 7 
9 4 32 41 58 4 0 5 
1 5 16 82 17 2 8 9 
5 3 38 62 56 4 5 4 
7 1 27 33 64 2 2 8 
1 3 20 60 51 1 8 2 
1 7 25 101 51 4 4 3 
2 3 11 33 45 5 8 6 
3 5 46 40 36 4 1 5 
1 7 35 26 47 8 6 4 
4 7 13 81 51 3 1 4 
1 4 8 57 60 4 1 0 
8 8 25 75 69 6 3 2 
6 7 64 63 73 5 3 3 
3 6 11 62 61 6 0 9 
3 0 50 21 90 5 6 3 
3 9 36 29 86 3 9 8 
7 9 28 45 54 8 7 9 
0 6 35 49 71 5 7 5 
7 4 25 19 89 5 7 3 
0 9 39 56 35 9 3 0 
8 1 64 14 37 7 0 0 
8 0 9 68 70 6 5 7 
9 2 35 38 38 6 0 3 
3 2 31 48 31 2 0 4 
0 8 28 72 34 1 3 6 
4 5 54 66 61 5 9 7 
1 7 47 77 74 7 7 9 
6 3 0 22 59 5 5 4 
7 9 20 54 57 5 2 8 
1 8 62 54 53 2 9 8 
8 6 34 29 46 6 9 7 
6 7 56 72 71 8 4 1 
4 2 13 69 62 1 5 9 
2 2 62 76 57 6 2 0 
3 4 15 48 48 3 9 3 
0 7 32 39 20 6 1 6 
3 6 9 25 34 0 9 5 
8 7 23 40 47 4 2 7 
6 8 15 54 59 5 4 9 
9 9 92 65 47 7 6 2 
1 4 18 43 85 4 9 4 
7 8 31 30 35 0 5 4 
4 9 40 85 55 8 9 1 
7 6 11 70 52 1 0 9 
8 6 28 13 62 7 9 7 
5 7 69 48 82 5 2 1 
0 0 34 36 35 0 3 3 
8 3 9 37 41 1 3 0 
0 9 54 50 69 0 7 9 
1 4 31 57 39 2 0 4 
9 5 44 81 77 7 3 9 
9 6 66 56 42 7 7 1 
9 4 32 55 11 5 5 5 
8 3 87 84 31 7 0 7 
4 6 31 51 59 5 3 1 
5 8 41 13 23 6 6 7 
4 6 60 58 25 8 4 2 
2 6 28 57 71 0 3 4 
3 0 1 39 62 5 7 8 
0 2 25 46 70 9 5 5 
5 0 13 61 60 2 0 8 
9 4 47 48 53 9 6 5 
1 6 55 44 67 6 5 6 
6 1 16 62 63 1 9 6 
5 0 50 32 70 9 5 5 
3 7 0 30 59 3 1 5 
9 2 65 27 39 3 2 6 
8 3 9 18 56 9 7 0 
1 5 3 69 64 0 2 1 
3 4 35 71 79 3 2 3 
6 1 22 78 34 5 0 0 
8 9 58 6 37 4 0 3 
7 2 1 54 42 5 6 8 
9 3 18 36 50 9 6 4 
9 6 68 59 31 3 4 7 
7 9 65 69 58 6 6 8 
1 0 32 3 71 1 0 1 
7 5 1 78 55 6 8 8 
4 5 49 87 65 4 0 0 
7 8 18 65 41 6 8 6 
7 0 65 48 82 1 2 1 
7 1 54 63 76 8 7 3 
1 1 30 49 44 4 2 1 
4 8 11 60 69 0 1 4 
7 3 14 64 75 6 4 1 
8 2 22 62 37 5 1 2 
7 7 15 27 14 2 5 5 
7 8 42 73 54 3 8 7 
8 8 55 35 53 6 2 5 
0 9 34 45 18 6 0 7 
8 1 69 11 41 0 0 2 
8 3 36 44 49 8 0 4 
7 3 50 38 34 6 5 9 
2 3 27 66 54 6 9 8 
3 2 1 31 71 9 1 7 
0 1 22 12 29 9 2 4 
4 8 33 39 67 3 4 5 
6 2 42 35 54 8 2 3 
7 8 41 60 45 3 1 9 
0 9 42 36 25 3 0 8 
5 1 30 19 33 4 2 2 
5 6 32 73 59 2 7 2 
1 3 16 59 49 4 7 5 
5 1 11 4 60 7 7 3 
4 7 25 74 33 5 0 3 
4 2 63 58 31 4 3 9 
1 9 43 50 35 5 3 1 
7 3 29 58 6 7 4 3 
4 7 28 7 80 6 2 2 
5 6 33 49 44 4 7 3 
9 9 42 20 23 3 4 3 
2 0 42 66 29 4 8 4 
7 8 39 63 63 2 3 4 
1 5 0 45 75 4 2 8 
9 2 0 80 66 1 2 3 
6 5 50 44 29 1 3 5 
2 6 24 91 47 5 4 5 
6 8 15 54 42 6 0 0 
4 6 12 77 75 0 2 1 
2 4 0 35 49 8 8 4 
6 9 45 31 37 9 2 4 
9 2 62 35 21 1 5 1 
2 0 0 34 42 9 8 4 
4 4 21 70 87 0 3 3 
2 2 38 30 51 4 0 7 
9 9 39 25 68 1 3 2 
5 1 33 55 34 4 4 2 
1 4 21 38 70 2 4 1 
4 8 27 47 62 0 0 0 
4 4 18 17 22 6 5 7 
7 2 36 33 90 3 9 9 
1 1 41 79 38 2 6 0 
4 7 39 44 94 5 7 1 
6 6 3 17 47 4 0 5 
5 7 47 50 66 3 5 3 
4 9 22 47 64 7 9 1 
3 4 9 50 54 8 8 7 
6 4 73 43 27 3 3 7 
1 3 7 63 38 5 7 8 
7 9 60 77 46 8 2 3 
8 2 60 57 34 9 9 4 
5 0 81 24 43 6 7 1 
2 2 31 70 43 3 0 2 
3 2 15 72 81 9 0 6 
9 6 50 42 46 4 0 0 
9 7 36 53 62 1 2 0 
9 1 52 42 55 4 7 2 
4 9 53 75 45 6 4 2 
7 4 52 25 44 5 0 1 
8 5 3 21 74 1 2 7 
8 3 29 29 36 8 2 2 
3 6 22 41 44 3 8 4 
7 2 26 43 23 6 2 0 
5 9 0 77 25 4 9 7 
1 7 19 66 47 3 6 4 
7 9 28 63 47 8 1 4 
4 9 39 54 32 0 8 8 
9 7 54 32 49 8 1 6 
4 6 18 41 45 4 0 0 
5 9 53 62 49 5 3 6 
8 3 46 31 37 7 9 0 
9 4 34 73 75 8 0 4 
4 3 36 13 20 6 6 7 
9 3 38 36 60 2 9 3 
0 1 1 89 40 5 3 3 
8 4 25 51 71 0 2 8 
9 1 37 57 43 1 0 9 
2 3 0 32 57 7 8 3 
8 9 25 66 22 3 4 4 
5 2 7 45 33 6 3 1 
0 0 18 21 55 1 3 9 
4 5 0 63 43 5 2 3 
5 0 39 42 66 2 9 2 
9 1 18 49 79 4 6 3 
9 4 22 35 46 2 4 1 
8 3 49 28 52 2 2 7 
9 1 22 71 56 1 2 1 
3 9 48 57 65 3 5 4 
6 5 5 48 46 7 3 6 
0 7 6 59 41 3 1 1 
5 4 0 55 38 7 7 0 
5 8 56 51 85 4 6 5 
2 3 35 14 48 4 5 3 
6 1 2 46 37 4 0 5 
8 0 39 80 30 5 4 2 
6 7 27 19 38 2 6 5 
2 0 66 31 58 5 7 2 
9 3 57 65 10 2 2 2 
1 3 5 37 70 2 2 5 
6 6 0 42 57 8 8 6 
4 2 63 47 52 6 8 4 
0 2 30 60 55 0 0 0 
2 8 19 68 51 4 6 4 
6 4 33 69 26 3 9 9 
5 5 60 62 85 3 3 8 
6 3 47 49 53 3 4 1 
2 7 41 59 18 9 1 9 
4 7 31 33 31 6 3 0 
9 3 25 53 44 8 7 6 
3 7 13 65 54 8 0 0 
0 3 69 53 39 0 2 0 
9 3 58 24 23 3 0 7 
1 8 23 24 90 4 1 6 
5 0 31 73 50 5 9 3 
8 1 27 43 48 5 6 4 
3 2 9 48 33 1 3 0 
1 7 28 23 63 8 5 1 
4 5 38 44 40 0 5 9 
6 6 59 71 77 9 3 4 
8 3 32 67 54 4 0 9 
9 3 24 49 35 8 1 3 
1 0 41 68 51 4 4 3 
7 6 78 73 49 7 0 2 
6 1 41 49 56 5 1 5 
1 9 49 55 60 7 3 0 
7 9 24 46 59 8 5 0 
8 9 22 29 50 5 4 9 
5 1 17 80 53 4 5 0 
8 6 63 18 62 0 5 4 
5 7 44 71 92 4 1 1 
8 3 59 49 45 3 4 2 
7 1 29 38 61 3 8 7 
6 1 32 18 43 8 3 5 
8 3 50 13 31 1 3 7 
5 3 0 49 61 7 5 1 
1 4 13 58 50 6 9 1 
7 6 15 43 64 1 4 3 
7 7 7 38 72 1 8 1 
9 2 7 80 44 6 1 5 
4 4 53 0 60 5 5 7 
9 9 31 37 55 5 0 8 
0 5 3 25 61 8 3 7 
9 9 69 17 65 3 4 5 
8 4 53 32 40 3 8 2 
1 6 39 66 32 6 6 2 
2 7 30 52 36 1 0 0 
6 7 64 59 24 6 0 9 
0 8 23 6 59 6 0 2 
7 7 75 30 58 7 0 5 
3 7 0 39 80 2 7 5 
8 8 44 59 26 5 1 0 
3 5 33 38 41 3 0 1 
6 0 24 48 16 7 6 1 
8 4 2 53 59 9 5 6 
9 1 48 68 40 4 1 8 
9 7 17 6 31 5 2 9 
6 9 34 67 38 4 3 4 
0 4 21 41 45 4 0 4 
6 8 19 74 43 3 2 5 
9 1 45 51 0 9 4 7 
4 1 63 109 56 3 3 2 
3 6 40 36 60 2 9 2 
1 2 24 20 27 2 0 8 
9 6 53 53 79 6 6 2 
4 5 30 39 45 2 8 0 
1 6 33 14 36 7 2 7 
8 4 44 50 0 9 4 3 
4 5 7 77 52 3 9 4 
4 7 37 63 42 9 8 6 
4 9 7 51 66 0 7 6 
5 3 54 45 38 5 0 3 
7 3 11 44 42 9 7 8 
0 5 35 58 33 8 4 5 
2 9 32 55 48 3 2 7 
9 7 53 60 39 2 0 2 
7 5 30 100 52 8 2 1 
2 4 70 26 24 1 0 0 
2 2 24 60 48 5 3 2 
8 1 32 53 60 2 6 3 
4 9 53 68 42 6 5 1 
9 8 7 15 68 2 9 4 
5 1 24 22 47 1 1 0 
9 3 11 41 41 4 0 7 
3 7 54 70 35 5 1 1 
2 0 36 60 98 7 8 1 
1 6 0 59 39 7 6 3 
0 5 49 50 14 5 7 3 
6 9 50 58 18 7 7 0 
7 2 19 50 17 5 9 8 
0 3 51 72 23 5 0 4 
0 7 33 74 36 9 0 9 
9 6 72 47 24 6 7 0 
6 1 40 36 23 0 9 8 
9 6 21 30 97 8 7 5 
9 7 69 61 69 7 6 4 
2 9 21 87 63 3 5 0 
8 3 16 65 98 4 3 1 
5 7 27 39 71 5 9 6 
8 1 51 40 48 0 1 8 
2 7 20 39 30 5 5 6 
6 6 17 51 50 4 8 8 
5 3 16 45 22 2 6 1 
0 2 31 42 48 7 8 6 
3 9 26 72 74 7 9 1 
5 7 57 66 10 8 6 2 
0 2 27 75 39 1 1 7 
0 8 20 23 33 9 0 2 
5 3 27 47 35 4 6 9 
2 0 33 34 64 8 2 1 
6 2 19 29 62 1 3 7 
6 4 66 34 67 2 6 4 
1 8 26 48 52 7 2 7 
5 6 12 27 49 1 9 2 
4 6 39 62 37 0 7 3 
5 4 16 52 36 0 2 0 
8 0 35 32 44 4 7 2 
2 7 13 41 43 4 1 9 
6 9 0 35 44 3 4 2 
6 2 44 39 62 8 0 9 
0 1 26 66 53 6 4 7 
4 3 21 39 60 8 4 1 
7 6 35 83 72 5 1 9 
2 7 22 79 52 4 3 3 
2 9 13 72 20 5 0 2 
9 0 38 73 28 9 1 0 
8 4 23 38 71 9 6 1 
8 0 33 16 28 8 1 1 
7 4 27 84 28 3 9 9 
7 1 0 76 48 4 0 7 
8 7 48 24 35 6 7 3 
3 3 32 42 52 7 3 1 
4 9 0 84 43 2 6 2 
1 4 0 4 56 6 6 8 
9 4 28 55 61 6 9 6 
9 0 32 63 15 9 2 9 
2 7 0 80 38 6 0 2 
1 9 41 78 60 0 5 0 
2 8 61 29 80 0 2 7 
6 1 1 49 59 3 2 5 
5 4 41 40 45 2 4 6 
5 7 12 66 44 8 6 3 
5 5 18 69 39 0 1 0 
2 8 21 48 54 0 1 8 
3 0 47 72 52 5 8 6 
4 3 16 66 50 8 7 9 
5 3 39 28 45 9 3 4 
6 4 28 50 45 6 6 8 
9 5 40 48 32 9 6 9 
9 2 54 51 56 5 5 5 
4 0 53 39 33 2 6 5 
1 5 43 0 31 9 9 7 
1 2 65 78 50 6 5 4 
6 7 60 87 59 7 6 7 
5 6 18 63 61 8 5 1 
5 8 0 79 59 3 7 3 
1 6 26 57 69 6 4 4 
8 8 38 46 67 2 8 9 
8 0 41 73 47 2 1 9 
5 4 50 50 47 9 8 7 
8 8 30 82 55 3 6 9 
3 4 31 14 42 6 5 3 
4 8 47 78 66 4 1 9 
5 1 51 57 12 4 8 6 
1 6 22 20 54 5 7 2 
9 6 0 72 58 9 5 3 
8 6 50 55 53 9 7 7 
0 4 0 44 2 3 7 5 
2 0 55 55 51 8 2 3 
8 5 19 41 55 9 2 1 
9 9 32 67 45 4 7 8 
5 5 0 59 59 7 8 1 
8 6 24 41 56 7 4 7 
3 4 63 35 71 5 6 9 
1 8 0 77 39 8 9 0 
1 1 0 43 48 0 0 9 
2 5 28 64 40 5 1 1 
6 5 29 56 52 1 3 3 
9 2 60 34 75 9 4 2 
1 6 36 26 42 1 8 5 
6 7 10 47 53 4 3 8 
1 0 26 52 48 1 3 3 
4 6 26 26 81 7 0 1 
1 7 27 53 42 3 2 2 
1 2 1 57 62 7 1 6 
5 1 36 45 24 8 3 6 
1 7 42 64 66 6 6 6 
0 7 28 35 48 5 1 4 
4 8 23 15 38 8 1 2 
0 2 30 71 23 4 6 8 
5 9 47 44 76 1 0 8 
4 0 50 51 72 6 6 0 
6 6 26 48 60 6 8 2 
3 1 62 41 88 3 4 2 
1 3 19 46 63 9 9 3 
9 4 33 58 36 1 6 8 
5 3 48 63 65 5 1 0 
0 3 23 68 52 6 4 8 
8 3 27 65 60 5 0 3 
6 5 15 68 34 4 8 6 
1 4 43 56 57 5 9 7 
3 7 19 91 52 1 8 1 
8 9 20 21 53 6 8 9 
8 5 25 81 29 4 7 8 
1 5 53 51 57 0 7 8 
6 9 59 44 42 7 3 7 
1 9 21 64 26 1 9 5 
3 1 82 48 68 3 2 4 
8 1 34 40 29 3 9 2 
2 9 42 47 50 5 1 5 
0 3 20 62 52 0 9 2 
7 6 37 55 23 2 9 2 
0 4 0 46 62 1 8 4 
7 9 18 21 42 6 6 9 
4 8 1 48 47 2 4 2 
8 7 38 62 22 3 4 5 
0 1 42 71 33 6 2 8 
6 8 54 36 53 6 7 0 
7 0 13 88 34 7 3 3 
3 5 40 74 84 0 3 5 
8 3 10 47 55 0 2 7 
8 1 0 76 48 8 0 2 
1 6 31 60 57 0 1 5 
8 5 0 73 48 4 3 5 
1 2 6 60 58 6 6 2 
2 1 0 37 66 5 6 7 
4 6 27 65 54 0 4 9 
2 5 34 87 51 3 8 0 
9 8 43 44 20 3 2 3 
6 4 25 48 47 5 5 0 
8 3 21 32 21 9 4 2 
7 7 32 62 46 2 9 4 
0 5 34 51 43 9 2 7 
1 3 36 31 27 5 9 0 
9 4 45 42 63 9 3 4 
1 3 45 41 45 1 7 5 
3 1 30 30 64 1 9 0 
2 0 24 60 52 1 8 2 
8 9 43 60 74 4 6 3 
5 9 19 32 68 6 6 6 
8 0 0 71 58 5 9 2 
8 9 57 53 20 2 6 3 
6 2 9 47 33 9 6 8 
6 8 42 20 70 9 1 3 
6 0 49 60 75 1 0 5 
1 6 47 34 46 3 6 2 
7 8 40 51 62 5 3 3 
2 8 29 64 69 6 3 7 
1 2 27 57 27 7 4 9 
6 3 42 59 62 8 6 8 
2 0 37 51 56 3 7 5 
2 5 15 52 60 3 1 2 
7 7 66 59 29 9 4 9 
2 4 25 19 34 6 1 6 
8 9 6 46 86 1 3 7 
0 9 68 61 9 4 2 9 
8 9 0 41 70 7 9 1 
4 4 23 51 80 5 3 3 
6 7 57 64 51 9 2 4 
1 6 38 26 83 8 1 5 
1 3 38 27 53 7 2 9 
8 9 43 55 78 2 2 0 
0 0 5 91 35 4 5 3 
0 2 57 38 18 1 7 0 
9 7 29 11 60 7 6 9 
4 3 18 68 62 6 1 3 
4 5 30 66 49 6 5 8 
5 6 6 47 17 3 3 3 
1 9 54 70 65 9 9 4 
5 0 0 70 57 8 3 6 
7 3 28 59 79 9 7 2 
2 3 82 85 43 5 0 5 
6 2 52 27 32 9 1 5 
5 9 43 50 29 7 8 6 
6 4 14 55 24 2 1 4 
6 1 28 44 38 3 2 3 
5 0 21 52 25 8 4 0 
9 1 10 48 76 2 3 0 
2 4 29 57 67 4 1 0 
2 4 34 65 49 6 0 8 
3 0 46 78 52 1 8 6 
3 6 19 69 44 2 3 1 
2 6 33 38 59 8 4 4 
2 1 7 44 38 8 9 6 
4 8 18 61 20 0 3 9 
2 8 60 66 20 6 1 7 
2 0 63 50 22 2 3 2 
2 7 58 64 69 5 9 1 
6 3 38 69 31 6 5 4 
6 9 60 58 67 6 0 7 
5 0 8 40 66 7 2 8 
8 5 48 28 56 1 8 6 
6 8 30 38 72 9 3 3 
5 5 44 59 77 3 6 2 
3 6 16 69 32 7 7 1 
5 4 23 65 46 0 3 6 
7 0 2 51 73 6 1 7 
3 1 51 39 27 8 1 2 
