8 750
1 5 12 46 69 6 5 4 
1 4 36 63 48 1 3 5 
5 3 42 19 47 6 4 2 
3 7 22 31 94 8 7 8 
5 0 49 45 65 6 4 5 
8 4 0 47 53 5 5 4 
4 4 38 56 46 7 6 6 
4 8 38 26 58 9 3 7 
1 9 37 88 56 6 5 1 
6 7 16 59 31 1 4 7 
4 4 48 55 33 1 6 8 
8 6 28 0 66 3 8 4 
5 6 51 47 29 2 7 9 
3 4 48 47 59 6 7 4 
6 7 29 53 40 1 4 4 
0 6 44 55 43 6 6 3 
7 9 8 68 38 3 7 9 
8 3 21 40 45 0 5 7 
3 6 50 70 32 1 7 8 
2 5 25 61 67 1 5 4 
9 2 45 50 31 2 3 5 
2 9 15 37 30 9 4 2 
1 9 15 38 45 3 7 4 
1 7 36 65 61 6 7 0 
5 7 22 42 32 7 2 7 
8 7 22 20 36 9 7 7 
5 7 34 29 55 4 9 8 
8 4 27 72 101 7 4 7 
6 8 54 40 53 3 8 8 
1 6 5 9 70 1 5 0 
8 5 16 44 55 3 1 2 
5 2 18 92 64 5 2 5 
9 6 18 63 16 0 5 6 
3 2 38 43 98 7 3 8 
9 1 10 74 55 2 8 4 
2 7 32 24 46 2 5 9 
7 2 54 62 61 1 5 5 
4 9 15 48 42 8 7 9 
8 2 54 47 40 7 4 8 
5 2 8 47 81 5 2 3 
1 9 25 33 12 9 6 1 
6 9 49 56 37 2 6 7 
9 5 32 64 28 4 7 6 
2 1 53 68 6 2 8 6 
6 2 15 50 101 5 9 1 
7 1 42 63 87 7 4 4 
1 5 44 44 68 9 1 7 
6 4 16 60 28 4 1 9 
7 8 49 47 41 0 4 8 
7 8 26 78 74 5 6 8 
8 7 21 71 17 9 2 6 
1 2 34 46 15 2 7 5 
6 3 37 72 41 7 6 0 
5 8 27 6 38 4 4 1 
3 7 6 38 59 8 5 0 
1 6 52 34 39 7 3 0 
7 4 18 77 73 4 9 1 
3 3 23 28 75 0 3 9 
8 3 37 41 43 5 4 4 
9 7 13 68 28 6 5 0 
7 4 61 38 49 0 2 2 
0 6 68 52 56 8 0 7 
7 2 16 48 20 4 0 9 
4 8 34 60 50 6 8 8 
1 0 0 64 48 3 4 8 
6 6 21 50 23 6 5 8 
1 2 26 24 42 4 2 8 
3 9 85 73 67 5 0 0 
2 0 45 35 72 1 6 0 
2 3 17 41 58 7 0 9 
8 5 36 78 75 0 0 7 
3 8 34 72 43 2 3 4 
3 1 0 27 45 2 3 8 
5 0 27 67 93 2 3 3 
2 3 47 41 20 7 8 6 
6 0 25 25 19 0 7 5 
5 0 33 33 63 9 9 1 
2 1 39 40 51 2 8 5 
3 5 4 78 57 0 7 3 
7 3 17 64 16 0 3 6 
5 1 65 42 98 8 5 0 
1 4 30 76 11 3 6 9 
4 1 37 41 45 8 6 0 
7 0 32 60 38 1 5 3 
4 3 38 54 32 0 5 5 
1 3 15 54 83 7 5 1 
6 2 43 59 48 6 4 0 
0 6 0 35 59 3 1 5 
8 7 52 37 51 6 8 7 
3 4 39 32 74 1 6 9 
0 8 21 45 62 1 6 2 
6 3 55 56 37 4 3 2 
9 5 29 29 77 2 0 0 
6 9 6 67 46 9 0 4 
2 5 62 51 46 4 1 5 
0 8 58 81 34 2 7 8 
4 3 28 35 43 2 5 7 
3 5 0 53 55 6 0 7 
3 7 8 45 36 8 1 5 
6 8 66 57 52 2 1 2 
3 6 64 46 11 7 8 6 
8 6 75 68 104 4 5 2 
4 5 4 33 48 5 2 9 
4 5 32 33 59 6 1 3 
7 5 12 45 45 1 7 0 
5 2 15 80 50 5 2 3 
5 5 28 22 62 7 0 9 
8 0 54 58 36 7 2 6 
8 2 13 79 31 6 3 9 
3 4 34 29 39 6 9 4 
4 7 45 102 41 5 9 4 
1 4 43 64 68 4 0 6 
3 0 0 43 50 1 4 3 
7 0 55 26 56 1 5 3 
4 5 26 88 57 2 2 0 
9 3 85 28 47 0 2 0 
6 1 29 45 81 0 1 0 
4 2 19 65 46 5 2 4 
6 2 22 49 28 3 8 5 
7 3 16 59 83 2 4 7 
2 5 42 64 66 3 6 6 
8 5 19 56 74 9 2 6 
2 3 13 44 49 7 1 5 
5 4 72 55 47 6 5 3 
4 9 41 48 40 4 5 2 
5 1 57 31 54 3 4 4 
3 0 50 59 60 5 5 0 
9 4 38 65 45 9 3 4 
6 8 23 44 41 7 9 3 
0 8 10 4 58 1 0 4 
6 4 38 56 38 6 5 1 
4 2 15 25 10 7 3 9 
4 5 0 42 15 7 5 2 
6 3 29 29 55 9 1 9 
7 1 21 61 81 4 4 7 
9 3 19 62 26 7 8 7 
3 7 11 58 89 6 4 5 
9 6 31 78 49 0 4 8 
4 3 6 65 29 2 7 8 
6 5 7 37 41 4 4 9 
3 1 5 50 37 8 4 8 
6 8 55 38 74 1 3 7 
1 1 29 66 34 5 9 0 
0 7 47 71 0 3 6 9 
7 1 19 49 38 6 7 9 
5 7 40 39 48 8 5 8 
2 1 30 22 0 2 9 6 
1 0 21 43 65 5 7 2 
7 4 9 48 51 1 2 2 
9 0 18 48 43 8 0 5 
0 3 27 59 42 5 0 1 
4 8 13 25 72 0 4 3 
8 7 20 60 57 9 9 0 
0 3 0 35 39 6 5 2 
0 7 22 40 61 1 2 8 
9 2 34 48 69 1 5 1 
7 5 49 41 102 3 2 0 
8 8 50 15 45 0 7 8 
4 5 16 37 47 7 6 7 
7 9 38 60 35 3 0 1 
2 2 29 40 51 4 8 5 
1 6 16 35 45 2 7 6 
0 5 0 53 37 9 0 0 
0 3 0 51 70 9 7 9 
7 1 6 68 20 6 0 8 
0 0 4 52 83 0 1 6 
1 6 50 61 67 3 8 3 
5 9 39 52 26 9 5 3 
7 2 2 49 45 1 6 6 
8 3 26 60 37 3 9 2 
4 6 53 30 42 3 3 3 
6 3 46 51 50 7 3 5 
1 5 39 18 59 4 5 2 
9 8 23 43 46 7 1 1 
1 4 31 60 11 4 1 5 
3 9 19 59 62 3 1 2 
9 1 32 56 55 5 8 0 
1 3 9 48 54 3 2 0 
2 7 19 55 45 8 7 2 
7 0 46 81 56 2 9 1 
9 4 0 31 59 3 6 9 
0 3 27 77 40 4 8 7 
9 5 28 60 11 0 3 1 
8 8 41 47 62 6 6 3 
1 1 0 33 29 9 0 0 
4 0 8 0 18 2 6 1 
4 4 26 48 63 2 0 1 
7 9 21 58 26 9 0 2 
4 3 28 33 50 0 8 2 
5 9 0 32 71 6 1 9 
9 8 17 89 42 6 2 6 
6 8 10 26 36 9 0 7 
4 7 17 39 34 2 6 8 
9 1 24 52 48 4 2 0 
6 7 35 56 42 7 5 6 
8 3 22 36 75 0 7 8 
9 3 59 57 36 4 8 8 
4 5 46 29 35 7 1 5 
8 7 67 44 60 5 8 4 
0 4 42 83 24 9 3 8 
7 5 63 46 45 0 0 4 
1 1 7 40 28 5 0 7 
9 2 12 61 60 6 9 0 
5 0 8 78 76 4 3 0 
4 7 1 31 29 8 6 8 
9 2 53 55 52 9 3 7 
6 8 7 47 43 7 5 1 
4 7 40 78 33 8 2 1 
5 2 35 35 27 6 0 8 
2 5 34 57 57 9 4 0 
4 7 31 56 43 4 1 3 
5 9 28 51 54 0 3 5 
4 4 25 15 64 0 6 4 
5 0 34 33 41 1 0 1 
3 5 58 31 40 0 7 8 
6 8 18 54 28 9 5 1 
5 6 0 95 74 1 4 4 
6 5 0 38 43 2 4 8 
8 0 29 24 88 7 3 7 
6 9 57 62 37 3 2 9 
5 6 49 82 48 7 1 6 
3 8 25 24 55 7 2 5 
9 3 48 53 61 8 1 2 
8 4 15 99 16 9 2 1 
3 4 9 41 55 0 3 1 
5 6 40 73 78 1 8 8 
4 0 39 35 77 9 5 5 
4 9 40 66 64 1 7 4 
5 2 0 43 24 3 3 4 
1 3 26 47 52 1 0 4 
2 7 52 54 61 8 8 0 
6 1 61 35 57 8 2 4 
8 6 31 22 44 2 0 1 
4 1 37 71 30 4 9 3 
6 8 41 41 34 9 0 8 
7 9 30 54 58 9 2 3 
5 8 63 45 57 5 2 0 
1 8 25 38 35 3 7 2 
2 7 27 74 40 1 6 0 
7 3 20 64 57 6 2 2 
3 9 28 30 74 0 3 9 
4 7 8 44 30 9 9 6 
1 4 1 36 59 9 1 2 
2 5 22 23 34 6 4 3 
9 8 14 52 63 4 9 4 
7 3 44 67 67 6 3 0 
6 5 5 42 38 0 9 3 
0 5 74 50 52 2 5 1 
7 7 47 70 47 0 3 7 
0 3 21 60 55 2 1 5 
0 5 33 51 48 3 7 1 
2 3 7 64 44 9 1 7 
1 2 56 25 34 6 5 0 
0 9 54 30 62 2 8 9 
4 9 35 19 49 0 8 6 
3 1 59 8 28 3 1 2 
0 7 28 47 63 7 1 2 
5 1 12 75 46 9 2 1 
3 0 23 45 33 8 1 4 
9 2 37 62 68 6 2 2 
3 4 37 38 48 7 7 5 
8 8 33 11 18 7 3 7 
1 6 22 38 44 1 7 2 
1 8 32 37 60 5 7 5 
3 4 34 53 52 9 0 1 
5 0 38 21 49 8 1 0 
8 0 43 92 48 4 1 1 
9 8 22 51 75 9 5 5 
3 4 0 14 77 8 2 9 
2 1 33 63 30 9 7 0 
1 6 49 84 86 8 6 8 
5 5 28 38 40 2 5 1 
3 0 35 41 52 5 3 9 
8 6 32 68 34 0 0 9 
3 9 0 73 25 0 9 0 
6 4 38 78 72 3 5 3 
4 5 27 88 36 0 0 4 
4 1 19 0 62 3 3 8 
6 0 25 59 75 9 9 8 
5 6 28 77 72 3 8 9 
7 7 0 49 76 9 9 8 
1 7 0 36 21 3 2 2 
8 7 62 40 40 3 4 2 
1 2 42 43 31 9 5 3 
8 7 23 39 47 6 8 3 
5 6 1 42 74 9 7 0 
9 6 18 73 63 2 2 9 
7 5 43 53 74 1 7 0 
0 8 40 29 48 6 9 2 
7 2 26 51 72 0 0 8 
2 3 41 62 83 7 0 3 
1 4 16 26 35 5 9 2 
0 5 0 50 26 2 7 7 
7 2 87 29 56 0 4 9 
2 4 40 63 52 0 7 6 
3 5 19 28 56 9 1 5 
6 3 61 44 75 9 1 4 
7 2 10 38 52 4 6 6 
5 2 26 47 46 9 5 3 
7 3 53 85 20 7 6 3 
0 0 9 67 67 1 4 6 
0 2 3 50 2 4 2 9 
3 3 0 43 41 2 8 2 
8 2 28 50 44 2 7 4 
3 3 8 49 60 2 8 3 
2 0 49 43 16 7 5 3 
8 1 13 60 44 8 9 3 
0 6 58 83 13 2 0 2 
1 1 1 51 39 2 2 7 
7 6 21 44 15 2 2 7 
6 0 47 79 35 6 0 2 
7 8 27 51 36 0 9 5 
7 6 29 38 81 9 6 6 
4 0 30 66 28 3 4 9 
3 8 51 29 32 5 3 7 
6 6 9 79 40 6 8 8 
3 6 51 39 25 7 4 6 
9 3 10 23 74 9 2 4 
1 4 30 40 65 1 8 8 
1 1 43 49 49 7 6 2 
1 1 29 74 61 4 5 8 
6 4 73 57 41 6 9 1 
7 6 27 53 72 0 1 7 
1 6 53 36 51 6 0 5 
0 2 36 45 30 7 7 7 
8 6 59 24 39 4 6 9 
7 9 37 42 29 5 1 6 
7 1 40 34 0 5 8 5 
6 2 17 39 35 9 4 6 
3 0 44 56 64 6 5 1 
3 7 24 38 28 5 8 9 
7 3 45 48 38 7 7 5 
4 4 58 86 54 4 0 5 
6 8 49 24 43 6 6 1 
7 0 51 59 64 6 0 6 
6 7 26 45 40 3 5 7 
8 2 42 27 54 6 4 5 
2 2 10 42 60 8 8 7 
8 7 3 47 53 6 4 5 
2 1 26 64 72 4 8 4 
8 1 9 61 88 5 6 7 
2 2 56 9 63 4 3 6 
4 9 29 37 49 4 8 3 
1 3 38 36 65 4 8 6 
4 4 32 61 28 9 2 7 
0 4 16 45 58 0 3 6 
5 2 28 87 56 9 9 6 
3 6 47 24 32 3 8 6 
8 6 10 53 37 0 7 1 
4 7 0 92 39 1 4 3 
4 0 37 26 62 3 9 7 
8 6 12 47 59 6 7 4 
6 4 23 29 52 1 6 8 
2 4 58 47 38 3 9 7 
0 9 44 26 55 8 9 6 
0 5 4 34 70 7 0 8 
7 0 64 17 66 3 5 3 
6 8 1 17 54 7 5 3 
6 4 41 48 52 5 8 6 
6 6 57 17 71 1 6 4 
9 4 38 29 75 7 5 0 
2 5 14 13 54 8 8 7 
8 1 15 85 46 9 5 2 
2 1 48 56 21 3 1 7 
0 6 36 41 52 3 2 3 
3 3 36 41 31 3 0 8 
1 1 19 71 44 0 8 7 
2 4 17 78 60 4 3 7 
9 8 18 35 53 3 1 2 
8 0 37 28 55 3 6 2 
4 5 32 62 60 9 5 6 
0 7 21 24 91 0 5 6 
8 6 61 18 57 6 8 4 
0 6 4 51 25 3 1 8 
4 3 7 30 33 2 4 5 
7 5 0 38 64 5 5 1 
4 1 35 19 48 8 0 7 
1 5 26 46 28 7 3 8 
2 5 20 23 69 5 2 7 
0 6 40 49 56 8 8 7 
8 4 36 41 21 1 4 1 
3 2 39 30 64 4 2 5 
4 7 22 54 91 0 0 4 
8 8 29 52 63 8 0 8 
9 1 10 47 39 1 9 0 
1 2 0 24 60 1 0 9 
4 0 42 71 87 1 5 2 
9 4 32 15 94 0 7 0 
9 4 38 26 50 3 3 8 
3 2 51 25 47 8 1 2 
3 4 18 53 76 0 0 4 
0 7 51 20 53 8 3 2 
7 1 36 42 67 2 5 6 
8 2 13 27 59 3 6 6 
9 6 1 37 50 5 3 9 
3 4 70 42 37 9 5 9 
5 2 42 51 68 8 2 9 
4 2 26 36 108 4 2 8 
3 1 40 42 69 3 5 0 
5 5 14 52 39 8 3 3 
7 2 1 48 47 7 3 0 
7 6 33 53 42 8 3 4 
6 4 0 70 46 5 6 5 
9 6 39 60 36 5 4 9 
7 7 27 42 91 3 5 6 
6 2 59 72 35 9 0 6 
6 5 9 29 48 4 6 9 
6 1 72 64 52 9 5 5 
8 2 26 16 25 7 7 9 
7 6 24 22 43 4 2 4 
9 9 42 42 65 6 1 9 
4 0 38 47 24 3 0 1 
4 1 16 45 19 1 9 5 
5 3 0 35 40 6 9 2 
6 0 49 79 18 4 5 9 
9 5 51 42 80 1 5 1 
2 9 21 59 55 1 5 7 
4 5 66 92 43 8 0 4 
8 2 42 29 70 0 9 1 
8 9 58 64 93 5 0 0 
5 1 8 39 77 4 7 0 
4 3 0 38 46 5 4 9 
2 4 41 47 44 1 7 7 
3 0 36 74 40 3 0 7 
1 7 14 19 57 4 4 2 
7 4 41 49 46 0 6 2 
3 5 18 45 47 9 0 0 
0 1 23 12 48 1 7 9 
5 9 17 32 55 1 8 1 
2 0 3 33 59 3 8 2 
8 7 42 30 51 4 4 5 
1 6 17 60 41 2 3 7 
1 3 35 87 64 4 8 1 
7 4 58 54 24 4 9 0 
7 1 5 62 63 7 5 5 
6 0 37 69 45 5 6 2 
9 1 66 59 78 5 3 2 
8 1 34 71 55 6 8 2 
7 2 3 42 90 2 3 7 
6 0 65 24 72 9 7 9 
3 7 51 42 58 0 0 3 
2 1 51 59 51 6 3 1 
8 8 43 60 58 0 2 8 
1 1 6 47 65 4 3 6 
8 4 20 51 7 8 3 1 
1 2 48 22 68 7 9 6 
7 6 19 65 31 2 9 8 
2 9 45 24 77 1 5 8 
4 1 42 55 30 9 7 7 
3 1 33 39 28 1 8 9 
6 6 39 59 25 9 5 1 
4 3 17 69 41 1 1 4 
7 3 49 66 64 5 7 6 
0 1 0 48 67 8 1 1 
8 2 17 38 27 8 3 6 
4 4 42 64 55 3 2 7 
0 7 1 85 67 2 7 3 
5 5 3 61 4 7 1 0 
8 7 36 19 36 2 7 1 
7 0 0 30 78 6 6 0 
6 6 46 17 36 3 6 1 
4 0 0 63 41 9 6 9 
3 9 64 43 71 5 4 9 
4 9 35 45 52 0 3 1 
2 0 59 77 80 3 4 3 
1 8 45 35 35 8 6 2 
4 8 42 47 32 1 5 4 
9 2 14 69 24 6 5 5 
7 5 53 56 92 2 1 2 
6 0 30 31 76 9 0 4 
5 4 52 95 27 8 7 2 
5 6 36 32 40 5 8 0 
0 4 53 96 34 7 2 1 
1 2 29 62 53 0 4 8 
2 0 21 73 31 2 1 6 
3 7 26 56 22 2 0 2 
0 4 0 37 39 9 4 8 
9 3 0 49 25 3 5 2 
5 3 25 27 38 8 2 3 
2 0 38 90 77 7 2 5 
3 3 44 60 35 0 5 5 
6 4 0 51 13 0 8 8 
3 2 38 62 72 2 0 9 
7 6 7 18 3 7 2 3 
7 4 58 39 46 3 6 5 
4 0 8 50 84 7 4 3 
7 1 12 43 33 9 6 4 
5 1 23 37 39 9 5 9 
5 0 19 55 46 9 7 7 
0 4 46 60 40 1 1 0 
1 3 0 0 62 9 9 1 
8 3 33 29 20 0 7 7 
2 4 0 76 49 0 3 9 
4 6 6 25 65 2 5 7 
1 1 28 41 58 2 3 5 
7 2 26 77 64 4 5 7 
1 6 27 88 89 3 9 0 
4 0 46 63 59 1 4 9 
0 5 28 84 41 1 3 4 
2 9 29 60 39 1 5 2 
2 7 50 22 60 8 8 1 
1 7 19 37 39 6 0 5 
7 3 63 28 48 1 4 0 
5 8 12 60 45 0 8 9 
7 8 49 64 59 1 3 4 
0 7 39 68 72 6 0 6 
0 6 0 14 39 7 4 1 
3 5 29 38 32 0 8 4 
4 9 47 73 51 7 7 4 
0 7 25 61 46 8 9 8 
3 5 34 51 54 9 5 5 
3 1 51 54 77 9 9 3 
1 5 40 39 36 5 1 7 
9 8 21 73 4 1 4 9 
9 1 17 28 60 8 2 9 
6 9 21 95 87 0 4 9 
0 2 33 63 35 6 3 4 
7 8 9 35 36 0 5 1 
2 6 32 73 59 6 0 7 
4 2 0 42 31 6 2 3 
6 2 33 3 61 8 7 8 
9 6 43 81 65 8 7 9 
4 2 36 74 71 4 3 5 
4 7 71 39 40 3 6 1 
0 0 46 39 9 4 5 8 
7 3 0 50 28 1 2 9 
9 3 19 30 49 8 1 8 
9 6 11 43 51 2 4 7 
7 1 29 79 34 1 2 0 
5 9 42 68 18 4 9 4 
4 9 21 49 73 0 2 7 
0 9 8 0 35 7 0 4 
2 4 27 39 41 5 7 7 
2 1 37 68 81 7 9 9 
3 1 32 32 57 2 1 8 
0 7 12 74 62 1 1 2 
6 5 22 78 96 9 9 9 
9 9 1 68 56 1 7 3 
7 3 0 42 58 7 0 2 
2 8 41 6 50 5 1 1 
0 4 49 34 62 4 0 1 
5 8 7 10 36 1 1 3 
2 5 21 89 36 4 1 2 
5 1 11 41 71 9 7 8 
2 4 41 80 39 8 1 3 
2 2 20 47 0 5 1 3 
9 7 18 96 41 6 2 0 
9 1 40 41 60 8 8 8 
2 5 47 51 76 0 1 3 
1 8 40 66 49 0 8 0 
3 6 0 51 46 9 7 6 
1 5 34 29 74 2 8 3 
2 5 26 41 76 1 5 6 
2 5 34 30 56 4 7 9 
6 9 13 35 47 0 8 0 
0 6 62 39 64 1 6 0 
4 6 0 51 47 7 4 0 
1 0 17 67 41 9 2 2 
9 5 50 75 58 6 0 8 
0 8 25 37 74 9 4 2 
0 9 45 39 55 2 2 6 
6 1 62 74 73 1 3 7 
9 4 14 59 45 8 8 3 
1 4 33 68 74 4 6 5 
6 6 25 57 35 5 7 2 
2 5 27 25 52 0 1 5 
1 4 42 32 39 5 8 1 
5 0 35 42 21 5 8 6 
0 8 31 97 12 4 0 9 
6 0 36 69 58 0 0 3 
4 9 14 67 37 3 3 1 
1 5 17 26 31 3 8 2 
4 6 20 74 83 5 6 1 
2 6 53 54 52 1 6 2 
8 8 21 69 69 2 2 2 
7 8 83 48 65 0 3 7 
7 5 33 38 68 5 4 4 
3 4 54 33 59 7 1 6 
8 3 71 88 34 8 4 2 
4 0 86 62 77 2 9 3 
4 4 33 88 9 3 2 0 
7 1 18 64 35 2 3 2 
8 9 47 41 58 2 0 6 
6 6 12 29 79 7 0 5 
7 2 0 28 54 4 2 4 
6 5 28 39 38 4 0 9 
1 6 6 80 68 6 2 4 
7 2 18 39 55 5 4 2 
3 2 54 35 23 6 7 3 
1 9 51 39 64 6 1 7 
5 9 36 45 50 0 9 4 
2 1 46 72 64 4 9 3 
9 9 23 89 58 1 7 4 
3 1 44 30 55 6 3 4 
7 0 33 67 39 8 2 7 
4 6 14 29 62 0 8 1 
8 7 44 36 44 1 0 7 
2 8 29 32 44 5 3 7 
9 3 17 7 71 3 1 9 
8 3 43 24 38 7 2 3 
3 0 66 33 56 7 5 7 
0 5 0 30 38 3 0 3 
8 7 63 73 70 6 0 5 
7 7 22 54 75 0 6 1 
3 3 27 13 56 8 8 9 
0 3 17 46 78 1 9 7 
3 0 27 47 48 7 2 8 
2 6 30 88 41 7 4 1 
5 0 47 39 44 8 5 4 
2 2 3 57 49 1 5 6 
6 7 0 64 22 3 0 2 
6 4 27 75 80 0 6 7 
3 2 24 28 62 5 7 7 
3 1 63 24 24 5 6 6 
7 0 32 88 26 9 2 0 
7 1 20 33 33 0 6 7 
3 8 19 77 9 1 0 7 
8 6 34 40 73 3 3 7 
1 3 60 43 48 5 3 8 
0 9 31 77 46 8 8 5 
2 3 15 47 69 4 0 0 
6 8 62 40 67 8 6 7 
4 2 16 25 52 8 3 9 
4 7 33 23 66 6 0 8 
2 6 32 55 81 1 7 0 
1 1 24 54 41 6 2 2 
5 4 29 85 38 7 7 0 
5 3 42 32 65 0 9 5 
4 6 17 66 71 8 3 0 
7 7 17 56 27 4 5 4 
4 5 31 56 36 9 8 4 
8 7 65 57 40 3 2 0 
1 4 44 51 63 1 9 9 
4 6 3 82 23 1 1 4 
0 9 5 81 86 8 4 4 
0 7 43 86 26 3 3 0 
7 1 31 55 51 8 1 9 
2 8 27 66 62 4 4 3 
0 6 6 23 44 0 8 9 
8 0 24 60 73 3 6 7 
1 3 22 21 25 8 5 3 
4 3 24 73 42 3 3 7 
1 8 40 75 44 2 1 3 
6 1 1 45 84 0 8 7 
3 1 52 47 75 9 0 2 
4 9 51 75 54 5 4 6 
6 8 13 42 65 1 9 2 
5 0 34 33 72 6 5 5 
7 4 10 84 25 6 3 0 
4 6 37 40 63 4 6 7 
1 6 9 49 48 6 8 6 
7 7 11 81 74 1 9 2 
6 4 29 60 71 7 2 1 
6 2 31 69 39 6 3 4 
1 6 28 63 37 5 1 5 
7 9 25 18 66 6 3 1 
2 5 40 32 39 1 2 9 
3 5 0 36 11 2 6 6 
1 9 26 59 101 0 3 9 
5 7 60 54 40 4 8 0 
9 0 28 38 63 6 4 5 
5 0 64 58 4 6 9 8 
3 0 19 105 46 8 9 8 
5 8 0 10 48 9 3 3 
0 2 35 52 46 9 1 1 
3 2 65 37 67 8 4 1 
9 0 6 22 67 4 4 9 
3 0 40 57 26 8 6 3 
7 0 111 61 58 2 5 2 
0 2 50 50 44 2 8 7 
6 7 44 31 17 0 3 0 
5 5 41 55 44 4 9 0 
9 9 15 73 65 9 6 7 
6 8 24 42 47 3 7 1 
0 2 64 51 41 6 8 5 
8 2 25 73 39 8 7 4 
5 5 23 22 78 7 3 1 
0 9 28 49 65 2 1 3 
0 1 29 64 63 3 5 2 
4 7 1 51 100 0 1 3 
2 5 23 70 45 4 7 0 
6 9 5 61 62 2 9 5 
8 2 38 55 33 5 3 6 
3 3 26 28 29 5 5 8 
0 8 37 35 18 9 6 9 
3 4 43 41 63 2 8 7 
4 4 46 47 40 7 7 5 
1 3 65 24 47 5 2 8 
6 6 34 51 33 1 9 6 
8 9 13 32 18 1 6 2 
8 1 18 68 83 2 3 0 
4 1 17 40 46 5 4 9 
3 7 32 82 17 1 4 9 
5 0 26 50 90 1 9 3 
3 4 51 53 61 0 0 0 
8 5 0 32 70 2 4 8 
7 4 31 24 21 0 4 7 
6 9 24 46 64 9 7 6 
9 1 24 52 33 0 4 6 
0 2 30 79 69 2 2 9 
5 3 33 23 49 8 7 5 
6 9 51 48 40 0 1 8 
8 5 28 9 67 5 7 5 
6 4 55 31 57 5 0 9 
9 8 15 46 60 2 4 4 
0 8 25 49 80 3 1 0 
5 5 36 47 5 9 4 9 
2 3 47 59 96 2 1 6 
0 1 43 51 88 7 8 0 
5 1 42 62 45 5 1 7 
6 2 42 34 38 8 4 1 
8 6 42 58 78 5 4 3 
5 4 0 26 66 3 7 8 
1 7 48 88 45 3 0 4 
8 6 45 55 66 7 5 9 
5 2 11 43 68 2 5 7 
0 0 34 72 31 7 0 1 
0 7 15 101 36 6 4 5 
6 2 11 41 27 6 4 8 
9 0 35 55 71 6 6 4 
0 7 16 55 74 5 8 4 
1 6 29 100 69 5 5 3 
8 2 14 42 44 1 6 6 
1 7 43 74 81 8 7 0 
0 5 34 82 88 9 1 1 
8 3 41 66 10 6 8 6 
9 6 28 34 73 9 3 7 
2 4 61 29 41 0 3 4 
9 1 46 55 33 5 6 3 
9 9 27 48 37 3 3 6 
5 3 42 23 40 7 2 3 
9 5 89 59 71 1 1 4 
8 1 15 18 48 0 3 8 
5 2 74 37 32 1 6 6 
8 8 60 55 41 3 0 6 
7 0 38 69 91 2 1 3 
2 6 24 40 85 2 1 2 
9 6 3 55 67 0 6 7 
2 7 21 44 68 0 4 4 
4 1 19 23 0 5 0 0 
4 6 21 53 21 8 1 6 
3 0 28 54 34 3 3 0 
8 6 33 80 60 8 0 2 
3 1 35 60 22 0 6 1 
9 8 40 38 44 8 8 7 
1 2 24 58 63 8 8 6 
1 5 25 50 37 9 1 5 
5 7 69 47 39 9 6 5 
8 9 33 41 81 9 9 5 
3 0 30 81 9 0 5 7 
