8 2150
4 5 5 61 51 43 3 4 
5 4 4 44 36 38 3 5 
5 4 4 43 51 63 4 3 
4 5 5 34 36 40 6 3 
3 3 7 60 52 50 3 5 
3 4 5 54 41 51 5 4 
5 7 4 42 55 49 5 3 
6 5 5 49 44 62 5 4 
6 6 3 43 63 62 5 4 
4 3 3 44 36 52 5 3 
4 4 5 43 62 53 7 5 
3 4 6 55 44 46 4 5 
5 3 4 46 52 46 3 5 
5 4 5 45 38 44 6 5 
5 4 4 57 46 46 3 4 
3 3 5 57 47 60 6 6 
6 4 4 47 32 55 5 4 
4 5 2 40 55 45 5 4 
2 4 5 47 38 50 5 5 
3 4 5 59 40 35 5 5 
5 7 5 28 68 60 5 6 
5 4 6 58 39 45 5 3 
6 4 5 53 59 43 4 4 
5 3 3 68 40 46 4 4 
6 5 4 46 51 44 3 3 
5 3 5 32 59 53 5 7 
5 2 5 32 55 43 4 5 
4 6 5 56 38 42 4 4 
5 5 3 41 47 19 4 5 
4 4 4 41 49 50 5 4 
5 3 4 28 43 54 5 5 
6 4 4 41 56 38 4 4 
3 5 4 51 61 53 5 5 
2 7 5 50 61 61 4 3 
4 3 4 40 71 43 4 6 
3 6 4 74 50 34 4 5 
3 5 4 55 54 43 6 4 
5 4 5 46 38 48 6 5 
3 5 6 48 58 48 4 7 
7 5 5 42 48 49 4 3 
4 5 6 36 39 46 5 4 
3 6 6 59 56 44 6 5 
5 4 4 50 32 54 3 4 
4 4 2 33 55 69 4 2 
5 4 5 46 51 53 3 4 
4 5 2 49 57 61 6 2 
5 6 5 53 48 64 8 6 
4 4 4 49 51 52 4 5 
3 3 4 54 37 54 2 4 
4 5 3 57 54 45 5 3 
4 3 5 50 59 45 6 3 
4 5 3 49 31 49 5 5 
5 5 4 65 51 63 6 5 
5 4 6 47 53 42 4 4 
3 4 4 24 46 48 6 3 
3 3 4 40 42 51 6 3 
5 5 5 55 46 45 5 3 
4 5 4 48 64 46 5 6 
4 4 6 60 51 52 5 5 
5 5 3 27 58 56 5 7 
6 5 6 53 51 48 3 3 
3 4 4 58 53 53 5 3 
5 5 5 57 52 62 5 6 
4 5 6 40 51 27 5 5 
4 4 4 54 47 64 4 3 
4 5 3 43 47 63 4 3 
2 5 5 62 42 47 4 4 
5 5 4 53 54 54 6 4 
5 3 5 57 37 47 3 6 
2 3 5 47 48 55 5 5 
6 5 5 47 32 53 4 5 
5 4 4 73 64 53 7 3 
4 4 6 51 33 53 5 5 
3 5 4 55 63 39 4 4 
5 4 6 60 54 49 7 4 
5 4 5 65 43 50 3 4 
5 7 5 70 56 53 4 5 
5 5 5 45 43 70 4 5 
6 4 5 55 40 52 6 5 
5 5 4 36 49 45 3 3 
6 5 3 44 44 52 6 4 
3 3 5 52 44 54 4 5 
4 5 3 31 44 49 4 4 
5 5 7 53 57 52 4 6 
4 4 4 38 39 45 4 5 
4 3 5 57 27 58 3 5 
4 7 5 45 56 66 4 3 
4 5 6 54 61 58 5 3 
5 5 4 68 36 42 4 5 
4 4 6 45 57 65 4 5 
5 4 4 46 38 47 3 4 
5 3 5 48 55 43 4 6 
4 4 4 41 43 40 5 3 
5 4 4 57 53 61 3 4 
5 5 4 50 48 18 4 4 
5 5 5 29 54 44 3 4 
3 5 6 50 46 59 4 4 
7 6 4 33 42 32 5 5 
6 6 5 48 63 46 4 4 
5 4 6 52 33 50 4 6 
4 5 7 56 50 52 4 5 
4 4 5 53 41 48 4 5 
3 5 5 53 49 38 4 5 
3 3 7 46 54 44 4 6 
4 4 5 55 56 63 5 3 
3 4 5 43 61 57 4 3 
4 6 4 50 60 41 5 6 
7 2 3 43 52 42 4 5 
3 6 4 64 47 44 6 6 
4 3 6 63 38 33 5 4 
5 4 6 48 58 27 6 7 
5 6 3 46 40 58 5 5 
4 5 4 38 29 45 6 4 
3 6 4 50 59 46 4 4 
4 4 4 64 33 41 5 4 
5 4 5 52 69 55 4 4 
5 4 5 54 52 63 5 3 
5 4 5 56 52 44 4 3 
4 5 4 63 41 56 7 5 
4 4 3 58 55 56 6 3 
4 4 4 49 43 53 3 4 
4 4 6 59 51 45 3 5 
6 4 4 49 64 50 4 4 
5 2 6 50 54 38 5 5 
5 5 5 50 49 41 5 5 
2 5 5 61 56 67 4 6 
4 3 4 33 51 56 5 6 
4 4 4 56 54 66 3 5 
5 4 5 62 67 51 5 2 
5 6 5 38 41 56 5 5 
4 3 4 51 61 60 4 4 
4 4 5 58 42 48 5 6 
4 4 5 50 47 51 4 4 
5 5 5 50 43 44 4 4 
4 5 5 36 45 35 7 5 
5 5 3 64 49 30 3 4 
3 6 5 41 47 54 6 6 
3 4 5 53 37 44 6 5 
5 6 3 61 28 39 6 4 
5 4 5 49 37 38 4 6 
4 2 6 49 43 36 4 4 
5 5 3 51 57 63 5 5 
4 4 8 45 50 56 4 5 
4 4 4 44 59 45 5 4 
5 6 4 47 54 63 6 4 
6 6 5 45 42 58 4 4 
4 4 6 49 34 56 6 5 
5 4 6 31 39 42 5 4 
4 3 4 59 40 68 4 5 
5 5 4 40 45 49 4 3 
3 4 5 38 56 61 5 5 
4 5 5 47 59 46 5 4 
6 6 4 64 39 70 4 5 
5 4 4 54 46 51 5 6 
4 4 3 50 58 44 4 4 
4 6 4 52 41 68 6 4 
5 4 4 41 46 59 3 6 
7 5 6 45 47 56 3 5 
4 4 3 57 52 42 4 5 
4 5 5 42 49 83 6 5 
4 5 4 28 53 56 4 6 
6 4 4 40 52 48 4 3 
4 4 4 54 49 37 6 6 
6 3 6 47 55 53 5 3 
5 5 5 58 57 54 6 5 
5 5 4 31 65 46 4 6 
5 5 5 63 53 42 5 3 
3 7 6 45 53 59 3 4 
5 4 3 59 49 37 6 6 
4 3 5 55 42 50 6 3 
5 5 4 52 67 42 3 3 
5 5 4 55 59 40 6 5 
5 5 4 73 40 52 5 5 
5 5 5 58 42 36 4 3 
3 5 3 52 62 49 6 5 
5 4 6 39 45 62 4 4 
5 3 3 41 23 51 6 4 
4 6 5 49 60 27 1 5 
5 5 3 50 38 64 7 5 
4 4 5 43 51 52 5 4 
3 5 4 33 39 45 5 3 
2 3 7 33 59 48 4 6 
4 5 5 50 51 61 4 4 
7 4 3 38 28 51 3 4 
3 5 2 60 57 54 3 3 
4 6 5 49 51 46 5 4 
5 3 6 34 48 51 4 5 
4 4 5 42 49 55 5 5 
5 4 6 37 35 50 5 5 
5 4 5 41 38 39 5 5 
5 4 5 58 51 68 4 6 
4 5 6 59 60 48 4 4 
5 5 5 58 49 63 5 4 
4 3 5 41 47 51 3 3 
4 3 3 50 53 50 3 7 
5 3 5 44 48 43 4 5 
5 5 5 30 64 42 4 7 
5 5 5 59 48 56 4 5 
4 4 5 44 35 36 5 5 
2 5 4 35 63 49 4 4 
4 4 3 56 78 38 4 4 
6 6 4 36 63 63 5 4 
6 4 5 46 54 48 5 4 
2 4 4 48 57 62 4 4 
5 4 5 49 51 51 6 4 
3 4 5 50 60 46 6 4 
7 4 4 61 60 32 3 5 
3 4 5 50 50 47 3 4 
4 3 4 56 52 35 6 5 
5 4 5 36 38 56 5 5 
5 5 5 45 38 54 5 6 
4 3 4 69 39 50 3 3 
6 5 5 44 17 62 3 4 
5 6 5 58 57 44 7 3 
3 4 4 56 59 50 5 5 
6 5 3 39 21 49 5 6 
4 6 4 49 36 55 5 3 
6 4 5 51 45 30 5 5 
4 5 5 33 51 47 4 6 
5 4 4 46 56 41 6 4 
3 4 5 52 35 52 5 6 
4 3 5 57 69 57 6 4 
6 6 5 60 46 35 7 4 
6 3 7 37 46 58 6 5 
4 3 5 47 63 50 3 5 
3 4 4 47 58 53 3 4 
4 5 4 51 56 40 5 3 
5 4 5 45 65 47 6 5 
5 4 5 51 47 30 3 4 
4 3 5 44 42 51 5 5 
6 4 4 57 39 62 4 4 
3 5 3 37 59 52 6 6 
4 5 3 46 60 27 5 3 
4 5 4 46 64 31 4 5 
4 6 5 60 54 50 3 4 
5 6 4 59 43 43 5 4 
5 5 4 43 58 66 5 5 
3 5 4 43 49 53 4 5 
4 3 4 56 34 28 4 4 
5 5 6 49 61 59 3 4 
4 5 4 41 41 46 5 4 
4 5 5 50 47 36 5 4 
4 5 4 45 57 37 3 3 
4 5 4 32 44 55 5 4 
4 5 3 63 53 34 5 6 
5 4 5 36 45 37 7 3 
5 3 5 58 49 35 3 3 
7 5 5 47 50 43 5 7 
3 6 5 49 53 49 5 3 
4 4 4 71 47 55 6 6 
5 3 4 54 53 37 5 4 
6 5 5 39 64 50 5 5 
5 4 5 61 48 51 7 6 
4 4 4 45 49 63 4 3 
4 5 3 57 43 55 7 5 
5 5 5 52 45 32 3 5 
4 2 3 58 53 41 4 4 
4 3 5 54 64 49 6 6 
4 4 5 34 44 60 5 3 
6 3 5 50 56 44 6 4 
4 3 5 43 54 48 4 5 
6 2 5 39 54 49 4 3 
6 2 5 42 51 56 4 6 
5 6 3 49 55 56 2 5 
4 5 5 54 56 51 4 3 
5 5 6 58 54 55 7 4 
5 5 5 73 56 46 5 4 
5 5 5 46 42 56 4 4 
5 5 3 39 65 54 5 5 
4 5 3 65 71 52 4 4 
4 5 3 47 50 36 6 2 
2 5 4 47 37 59 3 5 
4 6 3 63 35 58 7 6 
5 3 4 49 53 50 4 5 
4 4 5 47 77 47 6 4 
3 4 4 34 52 47 4 4 
5 5 5 55 63 56 6 7 
3 3 4 81 64 48 5 4 
7 4 5 60 68 61 2 5 
4 5 5 43 55 39 5 4 
5 5 4 41 69 59 3 4 
4 4 4 50 40 48 4 6 
4 6 4 58 45 75 5 4 
5 4 6 55 59 33 5 5 
5 5 4 41 46 57 5 3 
5 5 4 52 37 51 5 5 
5 4 5 42 46 46 4 2 
6 2 5 50 29 58 5 5 
7 4 4 52 42 45 4 4 
5 1 4 51 40 52 4 6 
5 5 6 34 29 52 5 4 
4 5 5 46 40 55 5 7 
5 4 4 54 37 47 6 5 
6 4 4 58 47 59 5 5 
4 5 6 39 70 31 3 4 
6 5 3 52 52 61 5 5 
5 5 5 46 57 65 6 4 
4 3 4 36 67 51 5 6 
3 4 5 66 51 28 4 4 
5 4 4 42 63 52 5 6 
4 6 4 33 46 49 4 4 
5 2 6 54 41 43 3 3 
6 3 4 44 49 47 6 4 
3 5 5 39 51 43 3 3 
3 5 4 40 64 39 5 6 
4 5 6 41 41 48 6 5 
5 4 6 55 60 58 5 5 
6 5 4 35 57 28 4 5 
5 2 4 41 51 41 7 4 
4 5 5 38 54 45 6 4 
3 5 4 64 45 29 6 4 
5 6 5 51 40 59 5 5 
7 5 5 51 50 62 5 4 
4 5 4 28 59 39 5 5 
7 4 6 54 35 57 4 3 
3 6 3 51 53 49 2 3 
3 6 4 55 59 59 7 5 
4 4 5 54 52 39 5 5 
3 4 5 41 44 50 6 3 
5 3 3 67 60 43 4 6 
5 4 5 43 60 52 3 4 
5 4 4 36 65 50 5 3 
6 5 5 38 55 46 6 4 
3 5 3 51 47 41 3 3 
3 5 5 51 32 49 4 4 
5 3 6 30 55 58 4 5 
4 3 3 59 61 50 4 4 
6 6 5 60 38 41 4 5 
5 4 2 82 40 49 5 4 
5 5 4 51 55 41 4 2 
4 3 4 42 53 59 6 3 
5 3 5 44 66 61 4 6 
4 5 5 53 61 42 5 5 
7 4 4 48 61 38 5 3 
3 2 5 62 41 54 4 5 
5 5 5 27 68 53 4 5 
2 3 6 42 54 65 4 5 
5 4 5 50 54 42 4 5 
5 4 5 41 74 47 5 5 
6 3 4 46 68 52 4 4 
4 6 6 65 55 49 5 5 
4 3 3 26 50 54 4 4 
3 4 5 46 41 49 6 5 
4 5 4 47 46 40 4 5 
5 4 5 46 41 33 6 5 
4 7 6 54 50 54 6 4 
7 3 5 36 40 71 4 4 
5 4 3 50 56 39 5 5 
3 5 5 42 44 33 5 5 
4 5 7 59 58 46 4 5 
5 5 5 46 34 54 5 5 
4 4 4 33 56 41 5 3 
3 4 3 46 54 59 3 4 
5 5 3 55 56 63 5 5 
4 4 3 39 57 50 5 6 
5 3 5 31 31 47 5 6 
3 6 4 52 32 56 4 4 
5 4 3 53 62 63 7 3 
6 4 5 61 49 33 3 4 
6 6 6 51 32 51 4 5 
4 3 3 48 40 62 4 5 
4 5 4 26 53 49 4 4 
5 4 3 39 43 53 4 4 
6 5 4 44 38 31 5 4 
6 3 5 58 52 56 5 4 
5 6 5 68 51 44 6 5 
5 4 4 58 41 49 6 4 
4 5 3 68 61 75 3 3 
5 5 4 49 38 59 6 3 
5 4 6 52 47 38 4 4 
5 2 5 51 39 46 4 6 
4 6 4 31 47 48 6 4 
3 4 4 46 60 58 4 4 
5 4 5 61 37 68 3 3 
4 3 5 23 57 59 3 6 
4 4 5 42 62 51 6 5 
3 5 4 46 68 48 6 5 
4 4 3 37 61 50 5 3 
4 4 6 55 54 33 4 3 
5 4 4 39 46 35 4 5 
3 5 4 41 47 42 5 4 
5 5 4 72 50 66 6 5 
5 4 5 43 40 45 4 5 
4 4 5 36 48 48 5 6 
5 3 4 44 54 51 4 5 
5 5 5 30 44 41 6 4 
4 6 5 58 47 47 4 4 
6 5 6 53 51 45 6 3 
4 4 4 56 52 29 4 6 
4 5 4 46 61 46 5 5 
4 6 4 49 50 72 3 5 
6 5 2 57 48 34 7 2 
5 4 5 49 54 40 3 5 
5 5 4 55 55 51 5 4 
5 6 4 50 41 53 6 2 
4 5 5 63 34 55 4 5 
5 3 5 55 45 62 5 3 
4 6 4 59 33 29 6 5 
3 6 3 55 45 68 5 3 
4 5 5 61 32 42 4 3 
6 5 4 54 52 56 4 4 
4 4 4 56 53 59 4 3 
6 5 4 44 46 46 5 5 
4 3 6 59 58 37 5 4 
6 2 4 33 45 40 4 5 
5 4 3 57 57 51 4 5 
5 4 6 65 58 36 5 4 
4 4 5 70 61 56 4 2 
5 6 4 59 67 36 5 6 
4 4 4 39 58 65 5 7 
4 5 5 41 37 46 4 7 
4 2 5 37 42 46 5 5 
4 4 5 45 48 28 3 6 
4 5 3 51 50 48 4 6 
4 4 3 42 41 36 2 4 
5 4 4 62 47 39 5 5 
5 5 5 35 58 46 4 5 
5 4 4 61 46 46 5 3 
3 4 3 36 60 58 4 3 
3 5 5 52 49 59 5 2 
3 7 4 56 45 49 5 5 
5 3 4 57 61 51 4 4 
3 7 4 39 46 49 5 4 
4 4 2 64 61 37 5 4 
4 5 4 51 54 56 3 4 
4 6 4 52 67 67 5 5 
3 5 5 56 59 34 6 5 
5 5 5 54 52 47 3 3 
6 4 3 37 46 48 5 5 
5 5 4 53 49 40 4 4 
4 4 5 53 52 30 6 6 
5 5 4 51 49 51 5 1 
4 3 5 55 49 41 5 5 
4 5 5 54 37 48 5 4 
4 4 3 46 32 44 5 5 
5 3 6 58 57 55 5 4 
4 3 3 42 35 44 4 6 
3 6 6 42 59 37 4 5 
4 4 4 39 65 51 5 4 
5 6 5 58 72 60 4 5 
3 2 4 45 57 45 4 4 
5 3 4 62 42 36 6 3 
4 6 6 33 56 56 5 4 
4 4 4 30 42 62 5 5 
5 4 4 56 72 38 4 7 
3 6 4 54 43 59 4 7 
6 4 3 47 48 27 5 4 
5 3 4 38 50 38 4 3 
5 3 4 43 34 62 5 6 
6 6 3 64 54 55 4 3 
5 3 5 61 48 47 4 6 
4 5 4 65 40 64 4 5 
3 5 3 52 45 45 4 4 
6 4 4 38 36 41 6 6 
6 4 6 41 39 59 5 4 
5 4 5 57 36 57 5 5 
5 4 4 55 50 59 4 5 
6 4 5 60 54 34 2 6 
5 6 4 37 43 52 5 4 
5 5 4 39 46 55 4 5 
3 6 5 48 58 36 6 5 
4 6 6 59 42 60 4 5 
6 4 4 59 62 23 4 4 
3 5 5 71 48 42 4 5 
5 5 4 63 44 40 3 5 
4 5 5 56 35 42 4 4 
5 6 6 62 57 61 7 5 
5 3 4 49 50 39 4 5 
5 6 4 65 58 52 6 4 
5 4 1 56 46 48 4 5 
4 4 5 67 41 51 4 4 
6 4 5 52 50 64 4 5 
4 5 5 36 51 49 5 6 
5 3 5 38 35 59 4 5 
5 2 4 28 42 40 4 5 
4 5 4 51 49 52 3 3 
4 3 4 47 54 66 5 4 
4 5 4 57 54 58 3 6 
7 4 5 47 33 36 4 5 
5 5 5 51 44 45 3 4 
4 5 4 53 52 52 5 5 
5 4 2 54 42 51 4 6 
4 5 7 68 48 70 2 6 
4 4 5 58 45 42 5 5 
5 4 4 31 47 52 5 4 
6 5 4 40 40 57 5 5 
5 4 5 55 52 58 4 5 
5 2 3 35 54 51 4 4 
5 6 4 69 40 46 6 6 
5 6 4 40 39 47 4 5 
7 3 4 54 43 44 5 4 
6 6 4 61 41 45 4 4 
4 4 4 43 43 22 6 6 
5 2 6 54 42 56 6 4 
4 5 6 55 48 47 5 3 
4 5 4 47 69 56 4 6 
7 7 3 48 48 44 5 5 
3 5 4 57 52 57 4 5 
3 3 4 31 52 54 4 5 
7 5 5 65 54 44 5 4 
4 5 6 37 64 38 4 5 
3 4 6 55 59 53 4 5 
5 6 3 56 47 26 5 5 
5 4 6 49 54 36 5 4 
3 2 6 44 42 58 6 5 
6 5 5 50 81 60 4 6 
5 4 4 45 45 61 5 3 
4 3 5 46 61 73 5 5 
4 5 4 62 40 47 5 4 
4 4 5 34 42 64 4 5 
4 6 3 57 50 52 4 3 
6 5 4 32 47 49 5 6 
3 5 5 71 42 58 4 5 
5 5 3 46 47 71 5 5 
5 4 4 46 48 66 5 3 
5 4 5 49 53 49 4 5 
5 5 3 43 46 46 4 5 
6 4 5 52 48 65 6 4 
5 4 3 52 49 57 5 4 
4 4 4 37 58 71 4 1 
3 5 4 39 55 66 4 5 
6 5 6 63 48 63 2 4 
4 5 5 54 55 51 4 6 
4 6 5 62 35 51 5 5 
5 5 6 42 52 61 6 3 
6 4 5 50 54 40 6 4 
5 4 5 40 41 63 5 3 
5 5 5 53 47 57 5 5 
6 4 4 44 63 27 3 3 
4 2 5 59 58 38 4 4 
4 4 3 41 58 49 3 4 
4 4 5 47 53 54 6 5 
5 5 4 58 44 57 4 3 
6 4 3 48 39 40 6 5 
5 6 4 38 47 53 5 5 
4 4 3 47 57 42 5 5 
3 5 4 57 46 43 4 5 
3 5 5 42 31 39 4 5 
4 4 4 31 46 35 3 4 
6 3 3 47 58 35 3 3 
5 4 4 57 52 52 7 3 
5 3 4 54 57 41 4 5 
6 4 5 52 68 55 5 5 
5 5 6 46 45 42 4 6 
3 4 5 43 62 46 6 5 
6 5 5 62 58 46 3 5 
4 3 5 56 50 62 5 4 
5 4 6 48 39 52 6 5 
4 5 3 46 54 48 4 7 
4 4 6 47 56 56 4 3 
5 4 5 44 55 68 4 3 
4 4 3 68 58 51 5 4 
4 5 3 52 37 72 5 4 
6 5 4 67 36 61 4 4 
5 6 4 37 49 39 5 4 
4 4 6 56 63 55 5 6 
4 5 5 28 64 43 4 5 
4 3 4 45 49 57 4 6 
4 4 5 50 32 57 5 5 
3 6 4 45 33 31 5 5 
5 4 4 51 46 64 4 3 
5 3 4 61 71 51 4 3 
3 3 5 49 48 55 4 4 
4 5 7 62 34 43 5 3 
5 4 5 63 70 62 5 6 
4 6 4 35 58 41 6 4 
3 4 5 50 25 57 4 5 
4 2 4 51 61 51 4 3 
4 6 4 56 58 48 4 5 
3 5 5 45 35 49 5 6 
3 6 5 40 53 27 4 6 
5 4 5 47 57 34 5 5 
5 4 5 69 40 53 3 4 
7 5 4 38 40 54 4 6 
4 3 5 36 31 50 5 5 
3 5 3 47 49 62 4 5 
4 3 6 59 45 44 7 4 
4 5 4 53 49 61 5 4 
5 5 4 67 45 37 6 5 
6 6 5 46 61 67 5 3 
5 4 3 70 34 36 4 5 
5 4 7 47 48 22 4 4 
3 3 3 54 59 51 6 3 
4 5 5 35 48 45 6 5 
5 5 6 53 53 49 4 4 
5 5 3 54 52 45 3 4 
3 3 4 47 49 48 6 3 
5 3 3 50 33 46 6 5 
6 4 6 54 70 47 8 5 
6 6 3 64 42 40 4 5 
4 3 5 34 49 36 3 3 
6 5 3 57 54 63 4 5 
3 4 6 39 48 64 5 5 
4 5 4 45 67 55 4 5 
4 2 3 55 47 64 6 4 
5 5 4 77 60 54 5 5 
4 4 5 36 46 39 5 4 
3 5 5 41 46 59 2 5 
5 5 6 43 52 53 4 6 
6 5 4 47 71 52 5 5 
3 5 2 40 40 46 4 4 
5 4 6 54 48 52 5 6 
2 5 4 58 51 45 4 5 
3 5 6 59 53 46 6 4 
6 5 5 42 39 55 4 3 
5 3 3 63 57 46 4 5 
4 5 5 51 61 64 4 5 
3 4 4 51 47 39 5 4 
6 5 4 29 44 68 4 3 
5 5 4 56 52 48 5 6 
5 5 4 50 41 65 5 4 
4 4 6 57 53 51 3 4 
4 4 5 48 68 60 5 5 
5 5 3 48 55 36 5 2 
4 4 5 49 44 43 5 4 
5 6 4 42 58 38 5 3 
4 7 3 49 42 56 4 6 
3 6 4 41 51 40 4 4 
4 5 4 43 51 51 5 6 
5 2 5 46 45 55 3 4 
3 5 5 46 53 55 3 6 
5 3 3 49 61 47 4 4 
6 5 6 45 58 42 3 2 
4 4 5 28 59 50 4 3 
6 5 6 53 60 41 5 5 
4 4 3 55 58 51 5 5 
4 4 2 40 35 52 4 5 
4 4 2 58 54 43 4 5 
2 6 6 42 60 39 5 5 
2 3 6 65 37 39 4 4 
5 5 3 49 48 61 4 5 
4 5 3 53 53 53 6 4 
2 7 4 59 37 51 4 4 
4 4 4 41 66 45 4 4 
6 4 5 54 36 39 3 3 
4 5 5 42 51 49 4 4 
6 4 5 46 38 53 4 5 
3 6 2 46 40 38 5 4 
6 6 4 64 35 64 3 4 
5 6 5 37 42 65 4 7 
5 5 6 35 43 56 5 6 
4 5 3 50 34 37 4 4 
6 4 5 57 45 65 5 5 
4 4 5 52 51 52 6 4 
4 2 4 49 53 45 4 7 
4 4 5 60 48 50 3 5 
6 3 4 58 38 48 6 4 
6 2 4 59 71 59 4 4 
4 4 3 42 50 77 5 4 
4 6 3 44 44 55 4 5 
4 4 5 53 53 57 5 6 
4 3 4 30 44 68 4 5 
3 5 6 55 56 47 6 5 
3 5 6 57 55 31 3 6 
4 5 5 57 57 58 5 5 
4 5 4 49 41 59 5 4 
5 5 6 59 65 53 3 5 
5 5 4 38 47 57 2 6 
4 3 6 56 44 56 3 4 
5 4 4 29 34 54 3 3 
3 4 5 39 51 59 3 5 
4 5 3 45 56 35 6 4 
4 3 5 62 54 46 4 2 
5 6 3 26 45 57 6 5 
4 4 5 69 28 74 3 7 
4 3 6 32 53 28 5 5 
5 5 6 55 55 52 5 5 
4 3 5 48 68 50 4 4 
4 3 4 48 54 50 3 5 
5 5 4 48 66 51 5 4 
4 6 6 48 42 65 5 5 
5 4 5 59 47 47 3 4 
2 3 5 50 38 63 4 5 
4 4 3 48 46 48 4 6 
5 5 5 43 60 55 4 5 
4 4 2 40 38 43 3 4 
6 4 3 47 44 59 4 4 
3 4 4 59 37 60 3 3 
4 3 6 52 54 67 4 5 
5 5 4 55 55 69 3 4 
5 6 5 33 53 39 7 5 
6 5 5 61 57 56 4 7 
3 4 3 68 41 38 6 5 
5 5 3 61 75 70 3 5 
3 5 3 43 44 49 5 5 
5 2 5 60 43 47 4 5 
3 6 6 44 50 59 4 4 
6 5 4 51 50 51 5 5 
3 5 6 54 59 56 4 6 
2 5 5 62 36 46 3 3 
3 5 3 65 60 47 4 5 
4 3 5 55 44 62 4 7 
4 4 6 48 48 52 6 5 
4 4 4 43 61 41 6 6 
4 3 5 45 59 49 5 4 
4 6 5 40 53 47 4 4 
3 3 4 39 50 53 4 5 
5 3 3 46 41 44 3 4 
5 5 5 75 55 34 5 3 
5 4 3 59 59 59 4 4 
3 4 2 41 32 65 5 4 
4 6 3 42 52 56 4 2 
4 5 4 40 35 51 5 4 
4 4 5 56 57 38 4 4 
5 4 4 39 61 48 3 4 
4 6 5 46 34 47 4 5 
6 4 5 57 30 34 5 5 
6 5 2 55 61 37 4 5 
6 4 3 48 52 52 3 6 
5 5 5 62 38 55 5 3 
4 4 5 49 54 51 4 6 
4 5 5 48 42 49 3 5 
4 4 5 54 28 53 6 4 
5 3 5 36 49 66 3 4 
4 6 3 51 46 49 5 6 
5 2 2 36 61 62 3 5 
4 5 5 35 64 57 6 6 
4 3 5 39 60 58 4 4 
4 4 3 52 57 58 4 5 
2 5 3 43 55 45 4 3 
4 4 4 55 47 46 5 6 
6 4 5 40 49 48 4 5 
6 7 6 39 32 42 5 5 
6 4 5 51 40 53 4 5 
5 5 3 39 39 57 5 4 
3 3 5 52 55 43 4 4 
4 5 2 42 51 50 3 5 
4 6 5 54 47 54 6 5 
5 4 4 63 44 48 4 3 
4 4 2 65 80 54 5 4 
5 6 3 51 53 42 6 3 
5 5 3 66 33 60 3 4 
5 4 5 48 54 41 6 4 
3 4 3 46 68 50 3 3 
5 5 3 58 67 58 5 4 
6 6 4 61 42 49 3 6 
2 4 4 75 35 42 4 6 
5 3 5 68 67 46 6 6 
4 4 5 33 55 43 5 4 
6 4 4 46 50 47 4 7 
4 5 5 42 58 45 3 5 
3 4 5 38 47 68 4 5 
6 6 4 41 47 58 3 5 
5 3 4 57 47 50 5 6 
5 4 5 40 60 39 4 4 
5 5 4 46 47 44 4 3 
6 5 4 60 49 45 5 4 
5 5 5 55 53 54 6 4 
5 5 6 48 59 38 5 5 
5 4 3 71 57 46 3 4 
6 5 4 48 32 46 5 5 
5 4 4 61 52 57 4 4 
4 4 5 52 55 47 3 5 
6 4 2 52 37 29 3 5 
4 5 4 52 51 40 6 5 
3 6 5 58 51 47 4 4 
5 5 3 49 52 44 3 2 
5 4 4 48 34 46 4 5 
4 2 5 67 55 39 5 4 
3 6 6 53 55 56 3 3 
5 3 5 50 52 61 4 5 
7 5 4 38 54 45 5 4 
3 6 1 52 69 37 4 5 
3 4 5 51 54 28 5 5 
4 3 4 51 68 55 4 5 
4 5 5 53 36 54 3 4 
5 6 3 61 37 31 5 6 
4 5 3 33 49 46 6 5 
4 6 4 35 45 53 4 3 
3 4 6 35 60 49 4 4 
5 5 8 57 44 41 4 6 
5 5 5 62 35 49 4 5 
5 4 5 64 71 52 8 5 
4 3 5 30 42 60 5 5 
5 5 5 60 44 44 4 3 
4 6 4 50 39 53 5 3 
8 4 4 45 49 64 4 3 
3 4 5 51 57 71 5 5 
4 3 4 37 66 65 5 5 
4 2 3 39 44 38 3 5 
4 4 4 67 43 29 5 6 
5 4 4 50 33 46 6 4 
4 6 3 45 46 54 4 5 
5 4 2 48 37 47 5 5 
6 5 5 55 58 58 3 4 
5 4 3 60 53 40 4 4 
5 5 4 46 65 59 4 5 
3 5 4 43 46 54 4 5 
4 5 5 43 42 71 6 4 
5 4 3 54 39 50 4 4 
4 5 6 44 46 55 5 4 
3 2 5 63 70 55 3 6 
4 5 4 53 55 47 6 4 
4 4 2 42 57 44 7 5 
4 5 3 59 52 48 5 5 
5 4 5 44 75 35 3 6 
2 4 4 46 54 36 6 6 
5 4 4 46 58 41 5 5 
5 4 4 36 57 34 5 3 
5 7 5 48 61 52 4 4 
4 6 5 41 64 58 3 6 
6 7 6 52 63 40 3 3 
5 5 4 51 47 38 3 4 
5 5 6 57 56 61 6 4 
4 5 4 54 51 46 5 4 
3 5 5 50 41 47 4 4 
4 5 6 52 51 48 6 6 
5 6 5 44 36 61 4 4 
5 4 6 55 48 44 3 5 
5 5 3 42 36 42 4 6 
3 4 4 30 54 45 7 6 
4 3 3 44 54 27 6 4 
7 6 4 45 52 41 7 4 
5 4 6 56 51 35 7 5 
4 5 5 53 34 55 8 3 
4 6 4 36 62 41 3 5 
4 7 5 36 54 48 5 4 
3 3 4 53 66 49 4 6 
5 5 6 64 40 48 5 4 
3 6 5 61 42 60 5 5 
5 7 5 56 28 67 5 4 
3 4 4 46 46 65 6 4 
3 4 5 53 46 57 6 6 
5 4 3 37 53 46 5 3 
4 6 5 48 39 41 7 5 
6 5 4 50 49 73 6 3 
7 5 5 65 65 28 5 4 
4 5 4 53 58 59 6 3 
4 5 5 63 63 74 5 6 
5 6 3 43 45 56 6 4 
4 4 5 42 65 47 4 3 
5 3 6 38 46 33 5 6 
4 7 5 58 47 58 6 5 
4 4 5 63 55 30 6 4 
2 5 5 47 52 45 6 5 
5 4 5 55 38 50 6 2 
7 4 6 54 65 68 4 4 
5 6 4 60 51 62 5 5 
4 5 3 45 55 54 4 4 
2 4 6 37 54 36 3 5 
4 6 3 55 56 67 5 4 
5 4 4 55 61 46 7 5 
4 4 3 31 61 38 5 3 
6 4 6 48 60 49 4 5 
7 4 6 50 58 48 5 4 
5 4 5 47 48 47 4 3 
4 3 5 52 43 44 5 3 
4 6 5 37 49 61 4 3 
5 6 4 57 57 37 4 5 
5 2 4 26 53 24 4 5 
5 4 5 47 50 36 5 6 
6 5 4 54 56 72 5 6 
3 6 4 68 58 46 4 5 
4 5 5 54 43 39 6 3 
4 5 5 33 35 43 5 4 
6 5 5 51 42 50 4 5 
5 3 3 36 46 59 4 3 
6 5 4 66 41 40 3 4 
3 6 6 55 47 60 5 4 
6 4 5 32 66 42 5 5 
5 5 4 32 37 66 6 4 
5 4 5 34 49 61 6 5 
2 5 4 51 54 49 4 4 
4 5 6 46 47 58 4 4 
5 6 4 34 55 61 4 5 
3 5 4 35 47 47 5 6 
6 5 3 36 61 40 6 5 
5 5 4 54 37 45 5 4 
5 3 4 40 51 32 3 3 
4 5 4 63 35 47 5 4 
5 6 5 59 52 41 5 3 
5 5 5 47 56 34 4 4 
4 3 5 50 41 51 5 6 
4 5 4 49 56 60 6 3 
4 4 5 65 46 48 6 5 
5 3 4 30 49 44 4 5 
6 5 2 38 60 39 5 5 
4 3 5 41 60 48 2 2 
6 5 5 63 49 59 5 6 
4 4 4 41 80 55 4 4 
5 6 5 50 65 62 3 3 
5 5 5 35 58 47 5 4 
5 4 5 52 61 51 2 5 
4 4 5 64 48 68 5 4 
4 7 5 39 54 57 7 6 
5 5 7 53 49 60 6 4 
4 4 4 62 43 56 5 5 
5 6 3 33 54 65 4 4 
5 4 6 66 52 55 5 3 
4 5 3 48 39 52 5 6 
4 3 5 54 58 40 6 6 
5 3 3 69 58 37 5 4 
5 4 4 40 49 59 5 4 
4 5 4 54 46 47 4 5 
5 6 6 57 58 61 4 5 
3 4 3 51 43 49 3 5 
6 3 5 53 46 39 5 5 
4 3 6 55 48 55 6 7 
6 4 5 51 46 36 4 5 
4 4 4 47 37 47 4 5 
4 4 4 39 50 48 5 5 
4 4 3 42 50 36 4 6 
5 5 4 42 45 51 4 4 
3 5 5 51 54 40 4 6 
3 7 5 67 46 54 6 3 
7 4 6 64 50 57 5 3 
4 5 3 49 63 48 5 6 
5 1 4 69 75 44 4 4 
6 6 3 37 44 53 4 5 
4 5 6 45 46 58 4 5 
4 5 5 44 46 46 5 5 
3 5 7 54 61 54 5 4 
4 4 4 64 52 42 4 2 
4 5 6 50 48 63 4 6 
5 4 4 56 39 55 3 7 
4 5 4 60 67 49 6 5 
3 5 6 58 45 50 3 5 
3 4 4 74 56 39 4 2 
5 4 4 59 46 46 6 6 
4 4 4 54 56 47 4 5 
4 3 5 58 64 67 3 4 
6 6 4 53 61 45 5 5 
6 4 4 32 52 51 3 5 
3 5 3 60 44 50 4 4 
4 5 4 51 47 37 5 4 
2 4 5 63 56 60 6 5 
6 4 5 48 58 55 4 4 
5 6 6 59 51 63 4 5 
4 4 3 57 59 31 4 5 
4 5 3 51 62 66 4 3 
4 4 6 50 55 61 4 5 
5 6 5 44 50 42 3 6 
5 4 5 42 52 47 4 6 
4 3 5 61 64 42 4 4 
4 6 4 38 52 50 6 4 
5 4 5 60 41 43 6 3 
5 4 4 50 58 56 4 7 
5 3 4 48 53 37 4 3 
4 5 3 61 40 36 3 4 
7 5 4 50 29 43 4 6 
5 3 3 53 41 46 4 5 
4 3 5 46 49 50 5 1 
5 4 4 64 58 43 5 6 
4 4 3 64 47 53 4 7 
4 4 4 32 46 44 6 4 
5 4 3 48 66 42 5 5 
5 7 5 42 52 59 6 5 
5 6 4 49 54 32 6 4 
3 5 3 59 50 50 4 5 
6 6 6 53 49 42 4 4 
4 3 4 43 43 63 5 5 
3 3 4 47 39 51 4 4 
5 2 5 55 47 61 3 3 
3 5 4 47 36 53 4 6 
5 5 5 58 56 59 4 6 
6 4 5 51 54 54 5 5 
6 3 6 58 61 40 6 4 
4 5 5 51 58 40 6 3 
5 5 5 46 51 55 5 6 
5 3 4 46 36 48 4 6 
5 6 5 64 49 69 5 4 
5 3 3 27 47 57 6 4 
3 4 6 48 41 39 4 5 
2 5 3 42 47 49 4 4 
5 5 7 54 39 42 4 4 
6 4 5 49 63 45 5 5 
4 5 5 58 42 60 5 5 
4 3 5 48 56 46 5 6 
4 4 7 39 47 49 5 5 
4 4 4 45 53 54 4 4 
4 6 3 43 63 57 4 5 
3 7 5 44 63 32 4 4 
5 6 3 40 52 30 4 3 
4 6 5 49 52 36 5 4 
4 4 2 53 54 65 4 4 
6 2 6 42 50 43 6 4 
4 3 3 52 52 74 4 6 
7 4 3 33 66 56 4 4 
3 4 6 53 42 53 3 5 
4 4 4 36 51 38 4 5 
4 6 5 50 64 41 5 7 
4 3 5 48 46 48 4 4 
5 3 4 50 64 38 3 5 
3 4 5 21 40 45 5 5 
4 3 6 34 42 47 5 3 
5 6 6 43 34 40 4 3 
6 3 4 51 40 56 6 5 
5 3 3 43 35 45 5 6 
5 5 4 49 40 57 4 5 
4 5 3 49 48 66 5 5 
5 5 5 38 54 48 4 3 
3 3 4 59 52 48 7 5 
3 6 3 43 49 50 4 6 
3 5 4 40 45 54 3 3 
5 6 6 39 61 47 4 5 
5 4 3 62 65 47 6 4 
5 5 4 61 50 39 5 4 
5 5 6 42 32 56 4 4 
6 4 2 61 53 36 5 3 
4 4 5 52 45 37 5 5 
4 4 5 51 50 47 3 4 
4 4 5 55 28 57 3 4 
6 3 4 43 49 45 5 6 
3 5 5 50 58 48 5 6 
4 4 3 68 64 48 6 5 
5 4 4 52 58 54 3 4 
4 3 5 33 42 53 7 4 
4 5 4 34 34 50 4 4 
5 5 4 64 51 65 5 6 
4 5 5 60 30 39 4 3 
5 4 4 58 51 54 4 6 
6 5 5 39 56 41 4 4 
5 4 5 54 35 52 4 5 
3 3 6 47 43 48 5 4 
4 4 4 74 51 52 6 5 
6 5 6 47 73 39 4 4 
5 5 7 69 66 42 3 5 
6 6 5 41 55 41 6 5 
4 3 4 60 73 52 5 4 
3 4 5 41 57 50 6 5 
4 4 4 39 56 54 6 3 
4 4 4 48 36 61 4 5 
5 6 6 32 49 52 3 4 
6 4 4 47 54 47 5 5 
5 3 6 68 37 55 6 4 
3 5 3 39 43 52 4 4 
3 5 3 42 45 44 6 6 
4 5 4 54 57 45 3 5 
5 5 6 51 56 55 4 5 
5 5 5 52 51 38 5 5 
4 5 6 65 47 20 4 6 
3 3 4 25 66 65 4 4 
4 5 6 63 24 49 4 5 
3 6 6 45 52 51 4 4 
5 6 3 40 51 47 3 3 
3 5 3 44 34 51 6 5 
6 5 5 48 60 39 2 4 
5 5 5 51 55 59 5 3 
5 4 4 65 61 39 5 4 
5 4 5 34 64 39 4 4 
6 5 4 40 47 42 4 4 
5 4 3 57 65 45 3 6 
5 4 4 48 53 41 4 4 
4 7 5 59 39 55 3 6 
5 3 4 37 61 45 4 5 
5 4 2 57 46 60 5 6 
4 4 4 71 56 66 4 6 
4 3 5 43 62 44 3 6 
5 4 4 51 53 51 4 4 
5 5 6 53 64 58 3 4 
3 4 3 50 57 54 4 3 
5 6 2 68 33 45 8 6 
5 5 4 34 36 37 3 4 
5 5 5 51 40 54 4 3 
4 5 5 48 33 48 5 3 
4 3 5 54 58 51 4 4 
4 5 4 64 37 46 4 5 
5 4 3 42 57 47 5 6 
5 6 6 33 61 41 3 3 
5 5 6 48 53 65 2 3 
2 4 4 63 61 44 3 6 
2 4 5 35 40 39 3 4 
5 5 2 33 40 49 5 4 
6 4 5 43 23 44 5 4 
6 4 5 46 55 52 5 6 
5 4 5 61 55 50 4 4 
6 4 4 48 53 50 3 4 
4 4 3 43 53 33 5 4 
4 4 6 45 38 40 5 5 
4 3 5 56 57 44 6 5 
2 5 5 54 44 58 6 5 
3 4 5 42 57 43 4 4 
2 5 6 46 42 39 4 4 
6 4 4 50 75 55 5 5 
5 4 5 49 82 41 5 6 
4 3 4 43 30 49 7 5 
4 6 4 71 64 68 4 5 
5 3 3 48 56 62 6 5 
4 3 4 65 48 31 5 4 
4 3 5 65 39 56 4 3 
4 5 6 45 37 68 6 5 
5 5 5 42 42 32 5 4 
5 4 4 42 49 38 4 4 
3 6 5 53 48 62 5 2 
6 3 5 60 47 38 5 2 
6 5 5 50 56 40 4 4 
7 5 5 75 46 55 3 4 
3 5 5 47 35 48 4 5 
4 4 6 57 70 36 6 4 
6 5 4 35 38 46 5 5 
4 3 3 44 61 52 4 6 
4 4 3 53 40 54 4 3 
4 4 3 28 52 55 6 4 
3 4 5 48 69 35 5 6 
6 4 4 54 30 33 4 3 
5 3 3 44 60 51 5 4 
4 6 2 45 56 28 5 7 
4 5 4 46 26 56 3 3 
5 5 5 69 59 58 4 5 
4 3 4 52 35 60 4 5 
6 5 5 58 56 60 5 5 
4 6 4 42 32 46 3 6 
4 3 4 53 40 48 3 3 
6 6 4 40 60 45 4 5 
5 4 5 58 38 52 4 5 
6 3 4 47 58 31 3 5 
5 4 4 65 39 49 2 4 
5 5 3 57 59 49 3 4 
3 4 5 53 45 48 5 5 
5 3 4 56 59 76 3 3 
5 5 4 44 62 47 4 4 
4 5 3 61 51 45 6 4 
3 4 6 56 41 63 5 5 
6 4 4 49 43 59 6 5 
4 4 4 56 58 54 4 3 
5 2 4 43 43 49 4 4 
4 4 4 36 57 70 4 4 
3 5 5 53 32 35 5 5 
5 4 4 50 58 56 5 5 
4 5 5 59 33 46 5 6 
5 4 4 49 44 56 4 5 
4 4 6 39 49 53 6 4 
5 4 4 61 28 57 6 3 
5 4 6 61 45 38 7 3 
5 5 4 46 62 41 7 3 
3 4 5 44 50 49 2 4 
7 3 4 45 39 51 6 5 
6 6 5 52 40 31 5 4 
5 5 6 61 63 59 4 4 
4 4 5 38 40 61 4 5 
6 3 5 54 58 27 3 5 
5 5 3 50 39 51 4 5 
4 6 4 44 55 36 4 5 
4 4 4 33 62 42 4 5 
4 6 5 43 41 62 6 4 
3 4 4 68 44 61 5 6 
5 5 4 50 49 59 2 5 
3 4 5 54 52 36 4 5 
3 5 6 44 54 37 4 4 
5 3 5 45 45 49 4 3 
5 6 4 49 52 51 4 4 
5 4 4 54 63 44 2 3 
6 4 4 55 48 35 7 6 
3 4 5 65 50 56 6 3 
4 3 5 57 43 51 4 5 
4 5 5 46 56 43 4 6 
3 3 6 39 44 52 3 3 
6 4 6 69 73 50 5 5 
5 7 4 39 63 58 4 5 
7 7 5 53 62 48 5 5 
3 3 5 39 48 59 5 4 
6 6 4 46 52 46 4 5 
4 5 5 46 55 17 4 4 
5 6 4 58 46 48 4 5 
5 4 5 42 35 39 5 4 
4 5 4 64 42 44 3 5 
6 6 3 58 44 53 3 4 
7 4 6 38 51 42 6 5 
4 5 5 63 42 54 4 6 
4 5 3 54 47 50 7 3 
7 6 5 43 44 49 3 4 
5 4 5 49 46 68 3 4 
3 6 5 48 55 49 5 4 
4 4 5 46 60 53 7 4 
3 3 4 39 40 59 3 5 
5 3 4 44 45 56 6 5 
5 4 6 47 63 43 4 5 
5 5 4 49 46 39 6 3 
6 5 4 49 56 62 4 6 
3 6 6 50 45 72 5 4 
4 3 4 44 26 43 5 5 
6 3 5 47 57 43 3 5 
4 6 5 35 58 46 4 5 
5 6 5 55 42 67 4 5 
4 4 3 57 41 57 5 4 
5 5 3 55 52 42 4 5 
5 4 4 50 72 51 5 6 
3 5 4 57 58 47 4 6 
5 4 2 41 53 40 5 4 
3 7 4 59 55 38 3 3 
5 5 6 52 54 48 6 5 
6 6 4 38 57 58 5 5 
4 3 4 39 39 62 5 6 
5 5 5 68 31 52 5 4 
5 3 4 49 54 31 4 5 
4 3 6 47 52 61 4 5 
5 5 6 56 54 49 3 5 
5 3 4 55 47 60 4 3 
4 5 6 42 55 51 4 3 
5 6 5 54 55 44 7 4 
5 6 6 62 62 43 3 4 
4 6 4 47 47 60 6 3 
6 3 4 54 52 47 5 4 
6 3 3 55 44 51 5 4 
4 4 5 50 48 65 4 6 
3 5 5 60 60 40 6 5 
5 6 5 40 65 40 4 5 
4 3 4 46 55 44 5 5 
3 5 4 49 57 35 4 6 
6 3 5 59 56 73 5 4 
4 4 4 44 27 51 4 5 
4 3 2 39 30 43 5 4 
3 4 3 59 27 54 5 5 
4 4 4 34 63 59 5 4 
6 4 3 44 54 74 3 5 
4 5 5 63 63 61 5 3 
6 5 3 57 48 43 5 4 
2 4 3 31 44 41 4 5 
3 7 4 35 49 38 3 4 
3 4 3 67 38 49 5 6 
5 6 6 54 45 69 5 6 
5 5 5 45 54 47 6 2 
4 6 4 38 52 55 4 5 
5 5 3 73 31 59 4 5 
4 5 4 37 66 34 6 5 
5 4 5 34 50 56 5 4 
5 4 5 50 40 46 4 4 
6 3 5 42 55 43 6 6 
5 4 3 30 51 45 5 5 
5 6 4 55 54 28 3 4 
2 6 5 57 49 50 3 5 
2 4 4 53 65 40 3 3 
4 4 4 36 59 50 5 4 
4 6 3 40 50 52 5 4 
5 5 4 65 54 61 5 3 
4 3 5 40 59 53 5 4 
4 6 3 35 62 48 5 4 
3 3 7 57 53 53 3 4 
5 5 4 48 58 44 4 6 
5 4 3 51 65 52 4 4 
6 4 5 45 44 59 6 4 
4 6 5 40 70 72 5 6 
6 5 3 45 47 53 5 6 
7 4 5 50 65 46 3 5 
5 5 2 49 50 49 3 5 
5 6 5 36 44 41 3 2 
4 4 5 55 47 36 5 4 
4 3 4 42 47 38 5 5 
3 4 5 50 51 46 6 6 
2 6 4 41 40 30 5 6 
4 3 4 51 58 63 6 5 
4 3 3 52 61 44 5 1 
5 6 3 44 39 47 5 6 
4 4 3 44 60 42 5 6 
4 5 5 36 56 43 4 3 
4 6 5 48 66 38 5 5 
6 3 3 31 52 46 4 4 
6 4 4 42 49 56 5 5 
4 5 4 35 42 46 4 5 
4 6 4 38 63 42 4 5 
3 6 4 63 50 66 5 4 
5 3 4 46 47 57 3 3 
5 4 5 44 46 49 4 5 
5 4 5 29 48 59 6 4 
6 5 5 50 44 49 5 4 
3 5 4 43 34 63 4 5 
5 5 3 75 54 47 6 5 
6 6 5 38 36 59 4 5 
5 5 2 48 56 53 3 5 
4 6 2 43 25 64 4 6 
6 5 5 54 48 43 5 4 
3 5 4 48 54 43 5 5 
4 3 5 73 36 56 4 5 
4 4 5 30 57 38 6 3 
6 5 6 55 51 41 4 5 
5 3 5 40 43 57 4 7 
5 4 3 57 62 52 5 4 
7 4 6 56 54 50 5 7 
5 4 6 38 42 54 3 6 
5 4 5 40 52 34 5 4 
5 5 4 40 47 61 4 5 
6 4 3 35 42 54 3 3 
4 6 4 49 47 52 5 3 
3 4 6 30 42 43 4 4 
5 6 4 46 63 35 6 4 
5 4 4 35 63 52 5 4 
4 5 6 53 43 47 5 3 
6 6 5 35 54 50 5 5 
4 5 6 48 61 47 4 3 
3 4 4 49 55 55 5 4 
6 5 3 53 43 49 3 5 
3 5 4 21 50 38 3 6 
5 2 3 53 58 52 4 5 
3 4 4 49 44 34 3 5 
4 4 5 60 65 56 5 6 
5 5 5 47 59 54 6 3 
4 4 4 47 46 59 3 6 
4 5 3 37 38 43 5 4 
4 6 3 59 51 56 3 5 
4 5 3 40 62 51 3 5 
4 3 3 29 41 55 6 5 
6 5 5 52 48 66 5 6 
6 5 5 65 42 51 3 4 
6 5 4 49 33 54 6 4 
6 5 3 44 59 45 4 5 
4 4 5 37 51 51 3 5 
4 3 4 61 51 38 4 5 
4 4 5 47 53 58 4 7 
4 6 4 57 27 47 4 6 
5 3 5 41 33 52 4 6 
5 3 4 32 53 73 4 4 
5 6 5 56 50 41 4 4 
4 5 5 51 57 36 5 5 
4 3 5 52 43 40 5 6 
5 6 4 54 34 45 5 6 
5 5 5 60 56 43 4 5 
6 6 5 38 51 63 5 4 
4 5 6 60 25 58 3 3 
4 4 5 44 49 47 5 5 
4 3 2 52 38 57 5 3 
5 4 2 49 33 51 4 4 
4 4 3 55 46 45 4 5 
5 5 4 42 37 44 5 4 
5 4 4 42 41 38 4 5 
6 5 2 53 48 49 5 5 
4 2 6 37 37 25 5 3 
4 5 3 57 51 65 7 5 
5 4 5 27 46 55 3 4 
5 6 3 38 68 38 5 7 
5 5 3 35 39 40 6 5 
4 5 5 49 77 36 4 5 
6 3 5 50 55 49 6 5 
4 2 6 68 48 39 4 5 
6 4 5 48 41 55 4 6 
4 3 4 37 52 55 5 3 
6 6 7 50 68 54 3 6 
3 4 4 41 64 44 5 5 
4 6 4 57 57 45 4 4 
4 3 5 42 63 58 4 5 
5 6 4 39 35 62 5 3 
5 4 3 55 48 54 3 4 
4 2 4 49 44 48 6 4 
5 4 5 35 44 61 5 4 
4 4 6 41 51 46 5 3 
4 4 3 46 45 48 6 6 
4 4 4 60 62 66 3 5 
6 5 3 61 39 49 3 4 
5 4 5 52 51 40 5 7 
3 5 2 35 65 52 5 5 
4 5 4 59 67 54 4 6 
4 2 5 43 55 56 4 3 
5 5 4 61 49 59 6 5 
3 4 4 44 57 60 4 3 
4 7 4 56 73 44 4 4 
2 5 5 49 59 48 4 3 
6 3 3 50 48 61 4 4 
6 5 7 66 34 58 4 6 
6 5 5 59 41 56 5 5 
4 5 5 70 58 45 3 6 
4 6 3 31 40 53 4 2 
5 5 4 65 37 45 4 6 
5 5 5 35 34 46 6 4 
3 3 2 43 42 43 3 2 
3 5 4 65 48 32 5 3 
4 5 5 59 52 51 3 5 
5 5 6 64 42 32 4 5 
5 4 6 30 49 47 5 4 
4 5 5 51 33 43 5 5 
5 5 5 46 51 51 4 4 
6 4 4 51 60 50 5 5 
5 3 4 57 26 67 5 3 
4 4 3 50 43 56 4 5 
4 6 7 49 44 36 4 2 
3 3 6 48 89 49 6 6 
3 4 4 40 43 55 4 3 
5 4 3 59 50 38 4 4 
4 5 6 43 37 43 4 3 
3 4 5 48 39 64 4 4 
3 4 4 67 49 59 5 4 
2 5 4 52 29 40 4 4 
4 4 4 45 54 69 5 6 
5 4 3 24 66 34 3 4 
3 4 4 70 75 51 3 4 
5 6 5 35 41 46 4 5 
4 5 4 45 51 51 4 4 
5 3 4 37 35 33 2 5 
6 6 6 29 35 43 4 4 
4 4 7 62 57 43 4 5 
4 8 5 39 53 40 4 5 
6 5 5 53 56 65 5 4 
4 3 5 26 40 69 5 5 
5 5 3 54 59 33 3 6 
4 5 6 55 48 44 6 4 
4 5 4 56 48 51 6 5 
6 6 4 40 56 54 5 2 
6 5 5 38 56 47 6 4 
5 3 5 58 67 42 4 5 
5 5 5 52 51 59 5 4 
5 6 4 62 62 52 5 5 
6 6 5 45 50 60 5 5 
3 5 6 42 40 66 6 3 
4 3 5 51 55 48 5 7 
7 5 5 38 60 46 4 4 
4 7 4 55 44 68 3 4 
5 2 5 60 59 45 5 5 
4 5 4 47 46 49 4 4 
5 4 4 57 40 63 5 4 
5 3 5 46 59 49 4 4 
5 5 4 50 53 46 4 4 
5 6 5 44 41 44 4 2 
3 5 6 47 56 51 2 4 
3 4 5 46 53 69 5 3 
5 4 4 48 58 60 4 3 
4 4 3 56 54 39 3 6 
5 5 5 34 60 54 4 6 
4 3 4 62 58 31 5 4 
4 5 5 55 50 59 5 6 
5 5 6 55 46 72 4 5 
3 5 5 42 37 58 5 6 
5 4 5 37 54 57 5 3 
4 2 5 58 53 43 5 6 
3 5 5 51 56 51 5 4 
2 4 4 65 41 44 5 7 
5 5 5 36 58 51 5 4 
3 3 4 60 40 41 5 6 
4 4 5 37 59 54 6 5 
5 4 4 60 46 37 6 5 
5 4 4 60 43 49 3 5 
6 5 6 57 51 41 4 5 
6 1 6 44 57 53 5 5 
5 5 4 49 62 62 4 3 
6 6 3 40 52 47 4 4 
4 4 5 63 51 73 5 6 
5 4 5 59 57 57 5 5 
3 6 4 52 64 35 4 4 
5 4 5 63 56 36 5 5 
4 3 6 56 26 42 4 4 
4 5 5 57 41 51 3 5 
4 2 5 46 47 71 4 5 
4 5 4 51 38 51 4 3 
5 5 5 31 51 57 5 5 
3 3 5 43 53 56 3 6 
4 6 4 42 36 39 6 6 
5 4 5 55 65 56 5 4 
5 6 3 48 55 53 5 4 
3 5 4 49 60 59 6 5 
3 4 5 45 60 62 4 3 
3 4 4 65 47 53 5 5 
4 2 4 68 41 43 5 4 
5 3 5 31 51 60 6 3 
5 3 4 57 47 45 3 5 
5 4 3 43 37 37 4 6 
7 6 5 51 57 53 4 3 
5 6 4 45 63 49 5 5 
5 6 2 57 44 51 2 4 
4 3 4 52 66 61 5 5 
5 5 3 61 48 34 6 5 
6 3 5 26 40 41 6 4 
6 5 4 40 55 46 5 5 
5 5 4 34 50 67 6 5 
4 3 5 40 40 52 4 5 
3 5 5 51 40 51 7 5 
5 4 5 60 51 48 5 6 
4 4 6 58 60 48 4 5 
3 4 3 50 57 57 4 5 
3 5 5 52 69 37 6 4 
4 4 6 49 60 46 4 5 
7 5 5 54 43 53 4 4 
3 5 6 50 42 57 5 4 
4 5 5 30 59 62 5 6 
4 3 5 60 47 65 5 6 
6 3 6 52 50 54 6 7 
5 4 4 46 46 50 5 6 
4 5 4 55 47 52 3 7 
6 4 4 61 41 51 4 3 
4 7 6 36 65 56 4 2 
4 5 6 55 40 24 3 7 
4 4 4 52 48 49 5 5 
3 4 3 38 47 60 3 5 
4 7 6 44 43 42 4 3 
4 5 3 23 37 37 5 6 
5 5 4 65 58 36 4 5 
5 5 5 44 69 53 4 3 
6 5 5 48 44 45 5 6 
5 5 3 41 56 44 5 4 
4 5 4 53 62 34 5 4 
4 3 5 65 45 58 3 6 
3 1 5 58 43 41 4 3 
4 4 4 38 53 30 5 3 
7 6 4 48 51 41 6 3 
3 5 5 56 50 58 3 5 
4 5 4 43 61 56 5 4 
4 4 3 46 46 39 6 4 
1 4 6 37 49 37 4 5 
5 2 4 44 35 40 6 4 
5 4 4 55 33 52 7 5 
5 3 6 51 55 59 4 4 
4 4 5 47 52 56 4 4 
4 4 4 40 33 53 3 4 
6 4 4 52 65 53 5 7 
6 5 5 50 42 42 3 6 
4 4 5 56 42 56 5 3 
4 4 4 39 53 56 5 4 
2 4 5 42 40 60 4 5 
4 5 4 40 58 64 4 6 
5 3 3 32 52 47 5 3 
3 4 4 45 44 57 4 5 
3 6 4 53 40 40 7 5 
2 4 5 38 34 50 3 6 
4 5 6 50 31 49 5 5 
4 6 4 54 39 41 6 5 
3 6 6 51 51 47 5 4 
4 5 5 37 44 54 3 5 
5 2 6 28 32 52 5 4 
3 4 4 48 68 43 4 5 
5 5 4 48 59 52 5 5 
4 4 5 48 49 52 6 4 
5 4 5 34 53 64 5 7 
5 4 5 45 28 63 4 5 
6 5 6 67 48 38 5 5 
5 4 4 67 47 35 4 6 
7 6 6 47 53 44 3 5 
4 4 3 54 37 60 4 3 
5 3 5 46 52 62 6 3 
5 3 3 36 50 43 2 5 
7 5 2 59 42 55 3 6 
5 4 4 60 43 36 5 5 
7 4 4 67 38 49 5 6 
3 6 4 53 51 40 6 5 
4 5 4 44 38 49 4 5 
5 5 5 52 61 54 4 4 
5 5 4 38 45 32 5 4 
5 6 5 60 40 46 3 3 
4 4 3 54 47 29 5 5 
6 5 5 44 51 56 5 4 
5 5 5 36 39 70 5 5 
4 6 5 30 54 47 4 6 
6 6 3 58 60 55 5 3 
5 4 4 42 52 50 5 5 
6 3 6 43 46 58 4 3 
5 6 5 53 51 61 4 6 
3 5 4 46 45 36 2 4 
6 5 5 40 41 50 5 3 
5 5 4 62 36 55 5 3 
4 5 5 39 50 68 4 4 
5 5 4 33 55 56 4 6 
6 4 3 35 31 39 6 4 
5 6 5 43 73 53 3 4 
3 5 4 51 51 56 4 5 
5 6 3 44 61 45 5 5 
5 4 4 30 48 30 6 3 
5 6 5 39 35 44 3 5 
4 5 4 42 42 48 5 4 
5 5 4 54 53 41 3 3 
5 7 6 59 27 25 3 4 
3 4 4 40 46 38 3 5 
5 7 3 72 75 58 5 5 
6 5 4 48 36 46 4 2 
4 6 4 37 61 74 5 5 
4 3 5 44 49 71 4 5 
4 5 4 60 38 68 5 5 
4 3 4 51 77 56 5 5 
4 5 4 55 33 32 4 7 
6 6 4 50 46 42 4 3 
2 3 6 56 45 55 4 3 
6 5 6 51 49 45 5 4 
4 4 6 50 35 48 5 4 
7 4 4 66 59 37 4 5 
5 5 4 39 48 48 5 6 
6 5 4 39 65 48 4 4 
4 4 5 55 38 48 4 5 
4 7 5 26 50 40 4 4 
4 6 4 57 38 54 6 5 
4 5 5 45 48 50 5 4 
4 6 3 49 49 56 4 3 
3 5 5 57 37 50 4 5 
4 4 7 41 43 60 2 6 
2 4 4 41 54 44 3 3 
3 3 3 40 23 65 4 5 
5 6 5 40 40 50 6 4 
5 2 4 49 56 66 4 6 
5 5 6 60 31 63 4 4 
2 4 6 77 55 41 4 6 
4 4 3 57 45 37 3 3 
5 5 2 55 49 28 5 4 
3 5 4 56 77 57 4 4 
4 4 4 48 64 47 5 3 
4 3 4 42 28 50 4 5 
6 3 5 51 42 52 5 3 
4 6 4 45 52 39 4 3 
2 3 4 34 31 53 3 4 
4 5 4 43 26 54 4 5 
2 5 4 39 52 41 5 6 
5 6 5 49 51 53 4 3 
4 6 4 60 60 49 5 6 
6 4 4 59 71 56 5 4 
4 4 2 54 47 48 5 5 
6 4 3 49 44 52 3 6 
5 4 6 50 46 57 5 4 
4 4 4 40 48 48 6 4 
5 4 5 55 67 34 3 5 
4 7 4 37 36 50 5 7 
5 2 4 55 54 57 5 5 
3 4 6 57 58 57 4 3 
6 5 3 24 51 68 5 3 
4 4 4 50 56 48 4 6 
4 4 5 55 55 38 7 5 
3 5 4 38 44 64 3 6 
4 5 5 43 65 60 4 4 
4 6 5 50 69 26 5 6 
5 4 2 37 64 59 6 4 
4 3 6 43 62 53 3 4 
4 7 5 49 61 67 6 4 
7 4 6 49 39 46 7 5 
4 5 4 70 38 54 5 4 
5 5 3 42 52 66 6 4 
4 4 3 46 42 33 5 6 
5 3 4 39 48 27 4 5 
6 4 6 42 47 60 6 5 
4 4 6 70 55 48 3 5 
5 3 3 66 46 56 5 4 
4 4 3 50 61 41 3 5 
5 5 5 52 25 68 5 4 
4 6 5 63 34 49 4 5 
4 5 5 46 45 55 4 3 
6 3 5 68 44 59 4 4 
6 3 3 63 48 59 4 4 
6 2 6 53 56 45 6 3 
6 5 4 48 33 42 4 4 
4 4 5 60 39 39 5 5 
4 6 4 49 61 45 2 4 
6 6 5 54 48 62 4 3 
5 5 6 53 44 20 3 7 
5 4 3 49 61 42 6 6 
4 5 5 42 41 50 6 6 
5 5 4 43 53 44 5 5 
5 4 5 35 49 34 4 4 
5 3 4 43 43 41 5 6 
6 4 6 52 32 48 4 6 
6 6 3 56 30 42 4 4 
4 5 5 51 49 50 3 5 
6 4 5 46 50 43 3 7 
4 5 3 55 39 54 6 3 
4 4 5 48 59 75 5 4 
5 5 4 53 47 59 5 5 
3 2 4 52 41 49 4 4 
6 6 5 53 58 61 4 6 
5 6 4 55 48 45 4 5 
5 5 5 37 61 60 4 6 
4 7 5 50 46 43 5 3 
5 4 5 48 46 50 5 5 
3 6 4 42 51 61 3 4 
5 3 5 32 39 50 5 5 
4 5 6 46 51 66 4 4 
4 6 4 54 50 51 5 5 
2 4 5 53 49 48 5 4 
4 4 4 37 60 54 5 5 
5 5 4 52 59 65 4 4 
2 4 5 53 52 62 4 5 
5 3 6 40 40 45 3 4 
3 3 3 43 53 36 6 7 
4 5 5 37 39 46 3 3 
4 4 3 48 42 48 3 5 
3 4 2 71 39 50 5 5 
5 4 4 51 46 68 3 4 
4 6 5 55 49 49 4 5 
5 3 4 55 65 46 4 6 
5 5 6 49 59 68 5 5 
5 3 5 47 57 55 3 4 
4 6 6 53 48 36 3 4 
3 4 5 31 51 44 7 4 
4 7 3 34 38 41 6 4 
5 6 3 54 53 50 4 4 
5 3 5 40 49 52 3 6 
1 4 4 45 49 48 5 5 
4 6 5 49 63 35 4 2 
3 4 5 47 30 41 4 4 
5 6 6 56 80 53 8 4 
5 2 6 37 60 64 4 4 
5 5 3 39 40 26 4 5 
5 5 5 36 60 59 4 4 
5 4 5 49 52 39 4 5 
3 6 5 56 45 51 4 5 
5 7 5 40 47 54 3 5 
4 4 4 37 44 54 3 4 
6 4 4 40 62 62 3 3 
7 4 3 47 38 48 4 5 
5 5 6 60 61 66 3 4 
5 5 6 52 64 78 6 6 
3 6 5 57 54 50 4 4 
4 4 4 43 51 30 4 5 
7 5 5 46 52 58 4 5 
4 5 4 37 39 45 4 3 
5 4 5 48 38 46 4 5 
3 6 4 47 52 66 7 4 
3 5 6 51 65 68 4 5 
4 4 6 61 59 59 3 4 
4 5 6 38 68 43 5 5 
4 4 6 52 59 48 6 4 
5 3 4 59 49 48 4 4 
5 4 5 41 59 48 6 3 
3 4 4 66 57 46 4 5 
6 4 3 47 50 39 6 3 
6 5 4 42 47 55 5 3 
3 4 6 41 47 51 5 4 
5 7 4 55 32 49 5 4 
5 4 4 64 53 42 5 6 
5 5 6 49 44 40 3 4 
3 7 4 59 47 43 4 3 
5 6 5 42 49 55 5 3 
5 4 4 58 58 57 5 3 
2 2 2 51 53 45 4 4 
5 3 5 56 62 51 3 5 
6 4 5 58 51 53 6 3 
6 5 5 54 56 39 6 6 
5 3 3 38 40 34 5 6 
4 4 2 53 67 54 5 4 
4 4 3 50 45 49 4 5 
6 6 4 55 52 44 5 4 
4 6 4 34 69 46 5 6 
5 6 4 39 50 47 4 4 
5 4 5 42 52 41 4 5 
4 4 4 47 52 46 5 5 
4 3 5 51 58 39 4 4 
3 4 4 42 50 54 4 5 
4 6 6 37 31 62 6 6 
4 3 5 48 35 59 3 5 
5 5 5 32 58 43 5 3 
4 5 3 47 44 58 4 4 
4 4 4 42 56 46 5 5 
4 4 5 51 62 61 3 4 
4 5 4 60 45 46 5 5 
4 3 4 53 70 60 6 3 
4 6 4 31 45 53 4 4 
5 6 4 58 60 37 6 4 
6 5 4 52 72 36 7 3 
4 5 5 45 46 39 5 4 
4 3 6 48 50 38 3 5 
5 3 5 44 53 51 5 5 
5 4 6 39 33 49 5 7 
3 6 4 59 47 52 4 5 
6 5 5 57 33 71 4 5 
4 5 5 58 39 41 5 4 
5 5 6 53 35 54 4 5 
4 5 3 55 38 63 5 4 
2 6 5 48 60 47 6 4 
5 4 4 36 46 38 5 3 
4 4 4 46 50 49 4 6 
6 4 3 48 39 55 5 4 
4 4 5 52 64 52 4 3 
5 5 3 46 44 46 4 5 
5 5 5 54 46 58 5 3 
4 5 5 44 37 43 5 3 
6 6 5 47 40 54 6 4 
5 7 4 46 41 47 5 3 
4 5 6 45 31 45 3 5 
6 5 5 44 46 33 4 6 
7 5 4 41 42 40 5 4 
3 5 4 39 64 33 3 5 
3 4 4 26 65 60 6 4 
4 4 4 41 35 48 6 4 
5 4 5 50 49 53 5 5 
5 5 3 53 50 60 5 3 
4 5 5 66 33 43 2 3 
4 6 6 42 38 57 5 4 
3 5 4 44 43 50 5 4 
6 6 3 65 61 49 4 4 
5 4 2 52 60 61 3 5 
6 6 5 52 60 62 5 5 
4 4 2 61 62 50 4 4 
4 4 5 40 54 68 3 4 
6 3 5 51 61 53 4 4 
6 4 4 43 46 56 3 5 
5 3 5 33 45 34 3 3 
4 5 3 49 60 40 4 6 
5 6 4 38 36 75 6 5 
5 4 4 34 39 33 5 4 
3 7 6 24 52 34 4 5 
5 4 5 59 47 55 4 6 
5 3 5 49 54 57 3 5 
4 3 3 51 38 48 3 2 
4 3 4 64 53 33 5 4 
5 4 4 77 45 64 3 5 
4 4 6 47 59 37 5 5 
4 4 4 51 45 57 6 5 
6 6 7 44 62 43 4 5 
4 6 4 80 38 56 4 4 
5 2 4 61 54 63 7 6 
5 4 6 49 38 42 3 4 
5 3 6 55 57 43 6 5 
5 6 4 58 53 48 5 5 
4 5 5 58 39 48 6 6 
4 4 4 44 57 58 3 5 
5 5 6 51 62 60 4 5 
4 6 4 58 36 52 5 4 
6 3 4 49 37 42 6 2 
5 5 4 49 51 42 5 5 
4 5 4 52 76 42 5 4 
5 5 6 45 44 37 3 5 
5 5 3 48 63 52 7 5 
6 4 5 51 62 51 5 7 
4 6 3 45 61 51 5 5 
5 3 4 33 67 65 5 5 
5 4 4 69 56 64 6 6 
6 4 5 59 44 57 3 6 
4 5 3 50 35 39 3 3 
5 3 5 41 43 60 3 5 
5 3 6 57 49 55 5 4 
3 6 4 58 60 60 4 5 
3 3 4 34 39 55 4 5 
3 6 5 80 66 49 4 4 
4 6 3 53 66 47 6 6 
3 5 5 60 49 38 2 3 
4 5 4 58 50 45 4 3 
3 4 5 59 32 35 5 5 
5 5 5 38 49 48 6 3 
6 6 5 52 40 42 4 4 
4 3 5 41 38 62 5 5 
5 3 4 41 56 48 4 3 
3 4 4 51 45 47 3 6 
5 4 5 59 37 46 5 5 
6 5 4 39 58 53 4 2 
6 4 5 43 39 36 5 6 
4 4 3 36 67 52 4 6 
5 7 4 49 61 39 4 5 
5 6 4 49 40 48 5 5 
3 5 4 58 38 40 4 5 
5 7 5 63 35 53 5 5 
3 4 3 48 39 40 4 5 
5 4 5 52 49 42 4 3 
7 4 4 51 44 63 5 3 
5 5 3 44 48 68 5 3 
3 5 4 66 60 58 5 6 
5 5 4 79 53 48 4 6 
4 4 5 44 59 46 4 4 
5 4 4 47 66 52 4 6 
3 4 4 38 55 63 8 5 
5 5 3 45 36 68 5 5 
4 5 4 61 53 58 4 4 
4 5 6 60 56 53 5 4 
4 4 3 64 57 70 3 4 
5 5 5 47 59 46 5 4 
6 4 3 52 42 51 5 3 
5 5 4 48 52 51 3 6 
4 5 5 46 52 61 5 5 
3 4 5 47 36 61 5 3 
4 4 5 43 54 56 4 5 
5 4 4 50 57 44 4 3 
6 4 4 51 50 34 4 4 
5 5 4 45 41 63 5 2 
5 5 6 54 52 46 3 7 
5 5 4 50 60 52 6 6 
4 4 4 60 53 16 5 4 
5 6 5 54 46 54 4 5 
4 4 4 54 40 58 3 4 
4 5 3 25 55 50 6 4 
4 3 5 54 19 62 6 4 
3 6 3 54 40 65 6 7 
4 3 4 64 54 73 5 4 
4 6 5 48 50 38 2 4 
2 6 5 52 63 45 4 4 
4 4 4 41 44 29 4 5 
4 5 4 53 40 51 4 5 
5 4 5 50 52 48 3 4 
7 3 3 49 39 56 4 4 
7 4 5 22 45 66 4 6 
4 5 5 41 56 56 5 3 
5 4 5 66 60 41 5 3 
6 4 5 59 55 56 3 5 
4 6 6 64 66 34 4 3 
3 5 5 36 42 45 3 4 
5 4 4 46 48 64 4 4 
1 5 5 39 26 45 4 6 
5 5 4 43 30 66 5 4 
5 4 5 47 68 41 5 4 
4 4 4 54 50 51 6 4 
3 6 4 44 41 50 2 5 
6 4 4 57 61 38 3 5 
4 4 5 42 51 72 5 4 
5 3 6 45 60 55 4 4 
6 5 3 49 60 48 5 3 
5 4 3 50 60 56 6 5 
5 4 4 52 43 60 4 4 
4 6 3 58 38 42 4 4 
5 3 6 54 38 69 5 5 
5 5 6 41 37 47 5 4 
4 5 4 46 50 38 3 5 
5 5 3 58 52 52 1 3 
6 3 4 41 43 47 4 4 
5 4 5 46 40 60 5 5 
4 4 6 45 40 32 4 5 
3 4 5 57 45 56 5 4 
3 5 4 59 55 55 4 4 
5 3 4 43 48 65 4 5 
4 4 5 52 55 49 5 3 
4 5 7 48 74 42 6 5 
3 4 4 39 46 48 5 5 
6 3 4 50 52 59 4 3 
5 4 5 41 25 50 5 5 
4 6 3 49 52 54 3 4 
5 6 4 32 34 69 4 4 
4 3 5 56 42 33 6 4 
3 5 4 64 53 57 5 5 
4 4 4 57 32 64 6 5 
4 6 5 36 56 55 5 4 
4 5 5 21 62 34 4 6 
5 3 6 56 38 36 6 6 
5 2 3 36 54 41 5 5 
5 6 4 59 44 42 2 4 
4 6 5 52 58 60 3 3 
5 4 3 55 60 53 4 3 
4 4 5 55 49 45 6 5 
5 3 4 50 35 65 5 7 
5 6 4 46 44 33 4 6 
4 4 5 41 40 55 4 4 
5 5 7 53 52 40 3 5 
3 4 6 50 62 52 6 4 
4 4 6 35 46 53 4 6 
4 3 3 51 53 42 4 4 
3 5 3 42 48 68 7 7 
5 4 6 45 52 46 5 4 
5 6 5 67 56 50 5 7 
6 5 6 48 47 44 4 5 
4 3 5 50 47 48 5 4 
4 4 5 71 57 52 5 5 
3 3 3 56 34 39 5 4 
3 6 2 39 63 70 4 3 
4 5 4 52 48 53 4 3 
4 3 5 52 38 67 5 4 
5 5 5 44 49 31 4 5 
5 7 7 54 55 48 5 4 
4 4 1 30 42 50 6 5 
7 5 4 54 62 51 5 4 
4 4 4 66 60 50 3 4 
5 6 4 60 51 47 5 6 
5 6 5 63 40 54 4 3 
3 4 4 37 33 41 4 4 
6 6 5 32 43 41 6 5 
5 5 4 70 41 50 3 4 
4 5 6 52 34 49 2 4 
5 3 4 40 42 56 4 5 
3 6 5 53 40 59 4 3 
5 7 5 63 68 36 6 3 
5 4 3 62 41 50 4 4 
4 6 4 51 46 47 4 4 
5 5 7 47 47 54 7 4 
4 6 5 51 30 63 4 5 
3 4 4 43 43 46 5 4 
5 4 4 40 42 43 2 4 
5 5 4 48 51 44 5 5 
3 4 5 68 51 43 5 5 
4 5 4 56 58 67 5 5 
4 4 4 28 49 46 6 5 
6 6 4 46 61 48 6 3 
3 5 5 44 77 52 4 3 
6 3 4 61 52 55 3 3 
4 8 4 52 55 48 3 5 
7 4 5 41 52 70 3 5 
5 5 5 45 54 60 3 4 
3 6 6 58 38 54 4 5 
4 6 5 38 53 45 4 4 
4 4 5 47 71 60 5 5 
5 5 2 60 32 51 3 5 
2 7 4 53 53 45 5 6 
5 5 7 44 48 44 5 4 
6 5 6 54 48 27 5 6 
5 3 4 45 42 56 3 3 
5 5 3 53 56 51 6 6 
5 5 3 55 42 61 3 4 
4 5 7 38 41 50 3 4 
6 5 5 49 51 31 4 4 
5 4 5 59 36 64 4 6 
5 6 3 65 58 58 3 6 
5 4 5 48 56 61 5 6 
6 5 4 52 39 39 5 3 
3 5 4 50 54 56 4 3 
4 5 4 53 46 57 4 3 
5 4 4 45 54 39 5 3 
5 5 6 59 33 33 2 4 
4 5 6 40 46 55 4 5 
5 3 5 44 49 46 5 5 
3 3 4 54 49 49 4 5 
4 7 4 49 52 37 4 4 
4 4 4 51 52 51 3 3 
3 5 5 41 45 51 5 5 
5 5 5 35 58 50 4 6 
5 4 5 49 65 33 5 5 
5 3 4 51 55 40 5 3 
3 6 4 44 57 53 4 4 
7 4 6 41 63 48 4 4 
3 4 5 39 50 33 3 6 
3 6 5 37 59 46 4 5 
6 6 4 56 51 70 5 4 
6 4 7 35 52 42 4 6 
5 4 5 49 61 37 6 4 
5 4 3 56 56 40 5 5 
4 4 5 65 50 83 4 3 
5 2 4 48 56 37 6 5 
5 4 4 55 45 56 5 5 
3 4 5 44 54 40 5 4 
5 6 7 54 59 53 4 3 
5 7 4 70 48 54 5 5 
3 4 5 44 52 49 5 4 
4 5 4 32 54 43 3 6 
5 5 6 43 63 42 4 4 
4 4 5 58 49 45 5 3 
2 4 5 30 56 65 4 5 
5 5 7 45 42 49 4 6 
4 4 3 40 39 45 5 4 
4 4 4 59 38 64 4 5 
3 4 7 45 50 43 3 4 
6 5 4 50 60 49 5 4 
6 4 3 55 62 44 4 7 
4 5 5 39 52 37 6 5 
2 4 5 30 34 60 4 5 
6 2 3 59 57 66 5 7 
5 2 4 30 43 65 2 5 
4 4 4 57 55 53 5 5 
4 6 5 62 41 53 4 4 
6 4 5 55 55 37 3 5 
4 5 5 45 61 41 5 5 
5 5 6 50 68 27 4 5 
3 6 5 52 42 49 4 3 
5 5 4 26 49 51 4 5 
5 4 6 41 52 29 4 5 
5 7 4 53 36 47 6 5 
4 3 6 77 38 56 6 5 
4 6 4 59 44 50 5 5 
4 4 4 53 52 49 5 5 
3 3 4 45 78 45 5 5 
4 3 4 30 60 53 5 3 
3 4 4 44 60 41 4 4 
4 5 6 54 43 47 5 5 
5 5 5 49 45 50 7 5 
5 4 5 50 60 51 3 6 
5 5 5 48 66 47 3 4 
3 6 4 51 35 64 5 5 
7 3 4 59 37 44 4 5 
4 5 4 54 44 51 4 5 
3 4 3 34 61 55 4 4 
5 4 5 62 45 46 3 5 
4 4 4 42 46 34 4 3 
5 4 5 53 45 40 3 4 
4 5 4 40 61 72 5 4 
6 6 4 60 63 49 5 4 
4 6 4 64 59 50 4 4 
5 4 5 40 49 47 4 5 
5 3 6 59 43 29 3 3 
4 4 3 45 51 53 3 3 
4 6 6 63 49 37 5 6 
3 3 5 45 44 49 5 5 
4 3 4 42 52 64 5 4 
4 7 4 31 45 40 5 6 
5 4 4 56 53 50 4 4 
4 4 5 51 58 49 4 4 
4 4 4 45 56 47 5 5 
5 4 4 45 64 34 5 3 
5 6 5 44 36 62 3 6 
3 6 5 58 41 48 5 5 
5 5 6 57 51 52 4 5 
6 5 6 66 38 45 5 3 
3 5 5 52 56 37 5 5 
7 4 5 48 50 49 3 4 
3 5 5 52 48 30 4 5 
6 5 3 52 29 32 7 4 
4 7 6 48 59 40 4 5 
6 5 4 36 48 37 4 3 
4 2 5 46 42 54 6 4 
6 5 4 57 56 70 6 6 
4 4 5 40 31 76 5 4 
4 4 6 35 48 54 4 3 
5 5 4 45 50 56 4 6 
3 5 3 44 53 41 5 5 
6 4 3 37 41 52 4 4 
5 6 4 40 25 47 6 5 
6 6 5 35 62 55 5 5 
4 3 5 51 55 52 6 5 
5 7 4 48 43 49 5 5 
7 4 5 57 47 60 4 5 
6 6 5 64 40 67 2 5 
4 4 5 51 66 55 3 3 
4 4 4 43 59 54 5 5 
4 4 4 40 52 63 4 4 
4 3 6 39 54 65 4 7 
3 4 5 52 50 54 4 5 
4 7 4 45 45 45 5 5 
7 5 6 44 54 36 5 3 
4 4 4 38 59 58 5 5 
5 4 5 54 61 52 5 5 
6 4 5 61 45 66 4 3 
5 4 7 39 58 62 6 4 
4 5 4 38 48 61 6 3 
5 5 4 32 55 39 4 4 
5 6 3 50 46 43 4 5 
5 4 4 70 40 46 3 4 
5 5 4 67 44 37 6 4 
4 3 5 48 55 61 3 4 
3 4 4 51 65 53 4 5 
5 5 4 36 58 53 5 4 
5 6 6 58 61 59 5 4 
4 2 1 50 57 50 4 5 
5 4 5 41 54 31 4 3 
4 5 4 51 38 57 3 6 
4 4 4 64 44 57 3 3 
4 4 5 38 52 68 5 4 
5 3 7 45 55 52 3 4 
4 5 5 50 42 47 4 5 
7 7 3 69 71 66 5 5 
4 4 4 59 67 46 5 4 
4 4 5 38 41 59 4 5 
4 4 4 55 52 48 4 4 
3 3 4 47 43 47 3 4 
4 5 4 51 63 46 4 5 
5 5 4 46 49 54 4 5 
6 4 5 39 59 45 5 5 
4 4 5 49 57 51 5 4 
4 5 3 81 51 45 4 5 
5 4 5 48 54 36 6 4 
3 4 3 47 42 64 5 4 
5 5 5 64 49 41 3 4 
5 4 4 41 53 48 4 5 
5 6 3 39 39 68 6 2 
4 6 4 44 37 53 5 6 
4 6 6 42 58 32 5 4 
3 7 4 56 50 61 5 3 
6 3 4 52 37 43 3 4 
3 6 5 62 49 46 5 3 
4 5 4 48 54 60 5 4 
5 5 4 33 54 42 7 5 
5 3 3 49 55 42 5 4 
4 5 5 39 53 40 8 4 
5 4 6 57 30 59 5 4 
4 4 3 48 40 68 4 3 
5 6 5 47 54 30 4 5 
6 5 6 53 62 57 4 7 
5 5 5 29 51 61 4 4 
5 6 4 43 49 47 5 6 
6 5 3 47 35 50 3 3 
4 5 4 52 55 47 5 4 
7 4 4 58 33 51 4 3 
4 7 5 46 50 54 4 6 
4 4 4 47 50 56 3 3 
5 4 3 48 43 54 5 4 
4 2 6 60 54 35 5 5 
5 4 3 55 35 38 5 4 
4 4 4 30 50 48 4 5 
3 6 4 61 51 61 2 5 
4 3 4 69 51 49 4 5 
5 5 6 61 41 43 3 5 
6 6 5 46 39 52 5 6 
4 6 1 44 49 43 6 4 
4 5 4 61 35 52 4 3 
4 4 5 33 64 47 5 2 
4 3 6 40 74 46 5 6 
5 3 3 41 50 52 2 4 
6 4 3 41 58 39 2 5 
2 5 7 43 72 37 5 4 
4 5 5 45 63 51 4 5 
4 7 4 49 40 44 6 5 
5 3 3 42 44 53 4 4 
