8 2700
5 4 5 59 27 54 3 5 
3 5 5 65 64 49 4 6 
5 4 4 43 27 54 4 3 
5 4 3 46 53 32 3 5 
3 6 6 46 45 51 4 4 
4 4 4 54 48 52 4 4 
3 5 5 57 41 43 5 5 
5 5 5 61 47 49 5 3 
3 5 3 45 41 48 3 2 
6 5 6 30 69 37 3 4 
5 5 6 41 55 43 4 4 
4 6 4 53 47 64 5 3 
5 6 4 35 42 66 5 5 
8 3 3 53 43 65 6 4 
3 3 3 64 62 69 6 3 
3 5 5 60 41 62 5 5 
5 4 4 31 45 65 4 4 
6 4 2 62 31 49 4 5 
5 5 5 34 49 57 6 4 
4 6 6 54 59 56 5 5 
5 1 4 50 56 48 4 6 
5 6 4 43 38 45 6 3 
4 3 6 43 52 43 4 4 
4 5 3 54 43 49 5 5 
4 5 6 57 48 33 4 3 
6 5 5 58 62 46 7 5 
4 5 4 65 38 59 5 3 
4 4 4 40 29 47 4 4 
3 6 4 48 76 40 4 4 
3 5 5 43 50 50 4 5 
4 3 5 50 52 54 4 3 
4 4 5 57 42 51 5 3 
5 5 5 66 50 55 4 5 
6 4 5 62 68 55 5 6 
4 5 4 56 45 30 5 4 
5 4 4 57 57 51 6 5 
6 5 7 54 48 43 3 6 
7 5 4 56 50 49 5 4 
3 4 6 48 34 38 5 4 
3 4 5 27 59 45 2 5 
5 3 5 44 47 62 4 5 
6 5 4 68 52 37 3 2 
3 4 5 48 53 66 4 5 
4 5 5 58 58 43 4 4 
7 5 7 34 47 65 3 5 
5 4 5 62 55 46 5 6 
5 6 5 42 45 39 3 5 
3 4 5 52 47 56 5 4 
5 4 4 41 49 54 4 6 
5 4 3 52 50 42 4 4 
5 3 7 52 68 53 5 4 
5 5 4 60 46 54 5 4 
6 4 4 32 66 66 5 4 
5 5 4 59 29 48 6 3 
4 6 5 37 49 42 4 5 
6 3 5 45 53 38 5 5 
5 4 4 55 33 31 4 4 
5 4 5 64 59 68 6 4 
4 4 3 37 34 48 6 4 
5 6 5 34 57 36 3 4 
5 5 3 52 55 48 3 3 
5 6 4 58 56 50 4 5 
5 5 2 47 56 45 5 4 
5 4 4 41 55 57 5 5 
4 4 3 56 47 39 4 3 
4 4 4 50 41 55 5 5 
3 3 3 44 40 41 4 5 
5 5 5 44 33 63 5 4 
5 5 5 58 49 46 5 4 
5 4 3 63 37 51 4 6 
5 3 5 55 53 53 4 4 
6 2 3 57 34 41 6 4 
5 6 3 63 48 55 4 5 
4 3 5 52 50 66 5 4 
3 4 7 40 40 54 6 5 
4 4 4 45 45 66 5 4 
5 5 4 36 54 46 4 5 
5 4 3 36 47 25 3 5 
5 5 3 36 56 51 5 4 
4 5 3 57 42 42 5 6 
4 5 6 49 58 48 6 4 
5 5 4 68 21 55 4 4 
6 5 5 39 41 47 5 4 
4 4 4 48 39 57 6 3 
3 6 3 45 44 52 4 6 
4 5 7 63 67 52 3 7 
5 4 5 40 55 59 4 5 
3 2 3 34 52 61 5 2 
4 4 4 57 63 45 2 3 
3 4 4 44 62 53 5 6 
5 5 3 49 54 56 5 5 
3 5 3 55 44 53 3 5 
6 4 5 40 47 49 5 5 
5 3 4 51 46 57 5 3 
5 4 4 63 42 53 6 4 
4 5 6 56 48 40 5 4 
5 4 4 61 58 68 4 6 
4 5 5 43 43 57 4 3 
7 7 4 55 61 54 5 5 
5 6 6 49 51 68 5 4 
5 5 6 57 67 56 4 4 
4 4 3 44 56 49 6 5 
4 5 6 49 70 62 4 3 
5 5 5 72 43 64 6 5 
3 5 6 57 56 41 4 5 
5 3 5 44 56 53 5 4 
4 4 5 47 36 67 5 4 
4 5 5 29 51 53 5 4 
6 6 4 43 53 44 4 4 
3 5 5 24 60 56 5 6 
3 4 3 49 49 55 5 4 
4 4 5 50 58 36 4 6 
5 4 4 63 56 39 5 5 
6 6 4 30 35 32 4 6 
4 5 4 53 58 44 2 3 
4 1 4 54 38 45 5 3 
5 6 5 42 61 54 4 5 
4 3 5 50 41 50 5 4 
5 5 4 45 55 44 4 5 
5 5 3 58 51 47 4 7 
5 6 4 51 63 55 4 4 
4 2 5 61 41 42 5 6 
4 6 4 56 53 50 4 4 
4 4 6 43 58 36 4 4 
4 5 5 47 48 56 5 4 
4 4 5 43 44 51 5 5 
6 6 5 53 52 45 4 6 
4 5 5 42 60 58 5 4 
5 5 5 48 38 48 5 5 
5 5 5 42 55 58 4 5 
5 2 4 58 57 42 6 3 
5 4 3 32 41 51 5 4 
6 3 5 29 39 66 6 3 
4 4 5 36 45 47 5 5 
7 3 4 58 51 65 7 4 
4 5 5 34 44 51 4 4 
6 4 5 54 20 36 4 5 
5 4 5 52 34 39 5 5 
4 4 7 44 32 57 4 5 
4 6 5 57 47 52 6 6 
4 5 5 47 50 61 4 5 
5 5 4 60 20 42 5 4 
5 4 6 53 41 53 3 6 
6 7 2 43 52 52 4 7 
6 6 4 44 42 49 5 4 
3 6 5 48 54 72 4 4 
6 6 5 52 46 37 3 6 
5 5 3 40 57 64 5 4 
5 6 7 39 53 42 5 5 
3 5 3 45 62 31 4 4 
5 5 4 38 55 58 2 5 
6 5 4 48 33 49 3 6 
5 3 3 30 55 56 4 2 
4 5 5 79 46 49 5 6 
5 3 5 40 62 43 5 4 
3 5 4 51 42 37 5 4 
3 4 3 41 48 48 3 5 
4 4 4 27 47 50 4 6 
5 5 5 48 65 19 3 5 
4 6 3 60 51 29 3 3 
5 4 5 45 51 39 6 4 
4 5 6 37 43 24 3 5 
3 6 4 52 56 44 3 4 
5 5 6 49 57 50 4 5 
5 7 5 44 45 58 3 6 
6 4 4 61 66 57 6 5 
5 4 5 45 52 40 5 4 
4 6 4 59 59 50 5 4 
5 5 2 48 40 49 6 5 
4 4 4 45 54 22 5 3 
5 5 3 47 37 52 6 4 
3 5 5 50 46 39 5 5 
5 3 7 49 40 52 5 5 
5 4 4 49 41 45 5 6 
4 4 5 46 50 64 3 4 
2 2 4 39 65 31 5 4 
4 5 3 53 57 36 3 5 
7 4 3 65 47 55 4 5 
4 5 4 55 49 61 3 4 
3 5 4 41 48 63 4 6 
4 6 5 54 48 55 4 6 
4 6 6 55 35 37 5 5 
5 3 5 45 49 48 4 5 
4 6 4 41 47 49 5 4 
4 4 5 78 55 61 4 5 
6 6 5 40 52 64 3 5 
5 6 5 45 37 57 6 4 
6 4 5 43 47 41 6 3 
5 5 5 64 29 47 5 5 
5 5 3 52 49 63 2 5 
5 4 5 43 50 41 5 5 
4 6 4 29 62 47 6 5 
5 4 3 27 42 41 2 6 
5 6 4 54 39 48 5 5 
3 4 5 50 26 49 3 4 
4 6 4 65 54 68 5 4 
3 5 3 48 54 66 3 6 
5 6 6 53 37 56 4 2 
3 6 4 34 60 52 5 2 
4 5 3 48 50 54 5 6 
5 5 4 48 44 46 5 4 
4 5 5 42 54 42 4 5 
3 5 4 41 48 61 5 6 
4 5 5 62 45 58 3 1 
3 4 4 55 54 62 5 4 
4 6 4 52 51 47 5 3 
4 4 3 42 50 44 4 4 
5 3 5 58 54 51 3 3 
4 3 3 53 62 59 4 3 
5 5 4 48 33 49 5 4 
5 6 5 39 62 54 3 4 
4 4 4 59 55 40 5 5 
7 6 5 49 60 47 6 4 
4 3 3 48 54 46 4 6 
5 5 4 61 57 62 3 3 
4 4 5 59 50 55 4 4 
4 4 6 60 33 47 4 5 
4 3 5 32 62 49 4 4 
5 5 5 36 54 48 4 4 
6 5 3 50 45 54 3 5 
3 2 3 52 63 53 4 5 
2 4 5 24 37 53 7 6 
7 6 4 28 49 59 4 5 
4 5 6 37 57 49 6 3 
5 5 5 55 45 45 3 5 
5 4 5 41 43 55 5 7 
4 5 4 58 59 58 4 5 
5 5 5 54 45 43 5 6 
4 5 5 49 59 44 4 4 
3 4 5 35 50 45 6 4 
5 3 5 52 59 63 4 5 
3 4 4 43 50 52 3 3 
7 4 4 46 37 60 4 4 
4 4 5 60 49 61 5 6 
3 4 3 52 39 44 3 6 
3 5 5 51 49 62 4 5 
3 4 4 60 39 34 3 5 
4 6 3 25 37 50 5 6 
6 5 4 48 60 40 4 7 
5 4 5 58 64 45 5 6 
4 4 6 40 51 55 4 5 
5 4 4 65 59 54 5 6 
3 5 4 55 54 53 4 5 
5 5 4 45 56 46 2 5 
4 4 5 56 56 53 6 3 
5 2 4 52 51 31 4 4 
4 4 4 50 48 45 5 5 
5 5 5 54 65 38 4 4 
5 5 5 42 72 44 6 3 
6 3 5 46 38 54 2 6 
5 3 4 45 46 38 4 6 
3 7 4 63 42 43 3 4 
6 2 6 64 54 64 2 5 
5 2 1 46 49 50 4 5 
4 4 5 53 54 35 5 7 
5 4 5 57 43 41 4 5 
4 5 4 52 58 31 3 6 
3 4 5 43 49 46 5 4 
6 4 5 49 57 45 5 5 
3 4 4 53 55 69 6 5 
6 5 4 53 58 46 3 3 
6 6 5 57 50 42 4 5 
3 5 5 69 45 38 2 3 
7 5 5 52 60 46 4 6 
6 5 4 44 45 45 4 3 
5 5 5 35 52 47 5 4 
4 6 5 51 53 26 3 3 
5 4 5 38 51 46 5 3 
3 5 4 52 34 30 5 3 
4 6 5 57 55 46 5 2 
4 4 4 70 28 63 5 4 
5 6 5 45 67 58 5 5 
6 5 3 70 40 61 3 4 
5 2 5 55 32 62 5 4 
2 5 3 50 48 49 3 5 
4 3 5 52 55 59 6 6 
3 4 2 44 53 47 4 4 
7 5 4 51 46 55 4 3 
3 3 4 51 36 36 5 3 
4 4 4 50 33 62 6 4 
5 5 4 40 42 36 5 5 
5 5 2 41 43 66 5 4 
4 6 5 39 44 56 5 4 
5 5 5 64 42 57 3 4 
4 4 6 52 53 44 4 4 
4 5 4 49 39 76 5 5 
3 4 5 53 51 51 4 5 
5 6 5 42 29 44 2 3 
5 6 3 56 50 44 5 5 
5 4 5 62 62 66 4 5 
6 5 4 39 64 48 5 6 
4 5 4 51 51 61 5 6 
4 4 6 48 53 60 5 2 
4 3 4 54 68 41 6 4 
5 4 5 68 53 43 4 5 
6 5 4 60 79 67 4 4 
4 5 4 43 60 53 5 5 
6 4 4 57 55 61 4 4 
5 5 5 66 48 61 4 5 
5 2 4 52 48 52 7 5 
4 5 3 55 49 60 5 6 
5 3 4 47 35 43 4 4 
6 3 5 46 49 46 4 4 
3 4 2 53 62 52 6 5 
6 4 4 45 50 57 4 6 
5 4 6 57 39 61 5 3 
4 4 5 68 15 38 6 5 
4 6 4 64 37 48 3 4 
5 5 3 59 39 54 3 5 
5 6 6 52 63 44 4 6 
5 5 5 52 49 55 3 6 
4 4 4 60 44 72 6 4 
6 5 7 65 72 71 6 5 
4 5 3 42 57 58 6 5 
4 5 5 64 55 66 4 5 
4 5 6 52 49 55 6 6 
4 5 3 65 50 38 4 6 
5 4 6 37 41 72 3 5 
3 3 5 49 45 50 4 2 
4 4 5 54 55 45 4 5 
5 4 6 43 64 39 4 4 
4 5 4 57 60 27 5 6 
7 4 2 57 49 51 4 6 
3 5 7 56 40 48 3 4 
5 5 4 45 56 53 5 7 
4 4 4 58 68 33 5 4 
5 7 3 58 54 57 5 4 
7 6 5 37 36 42 4 4 
4 5 4 68 42 29 5 4 
4 6 7 52 59 52 4 5 
4 3 5 28 51 53 3 5 
6 5 3 76 59 42 6 5 
5 4 5 38 42 45 4 4 
7 6 6 36 43 70 2 6 
5 5 3 57 22 49 5 3 
5 6 5 66 50 32 4 3 
5 4 5 29 53 44 4 3 
1 4 4 45 63 40 4 4 
5 3 4 51 28 44 3 4 
4 5 6 57 54 52 4 5 
6 5 4 50 55 60 4 5 
5 5 5 57 50 54 4 6 
5 5 4 31 47 43 5 6 
5 5 6 45 50 53 4 5 
4 5 6 41 49 61 5 5 
4 3 4 53 54 69 4 5 
3 4 4 37 40 50 5 5 
4 5 5 42 62 49 2 4 
3 4 4 45 41 61 4 4 
4 4 5 45 46 66 6 5 
3 5 5 42 33 43 3 4 
2 4 6 51 57 65 3 4 
4 4 5 51 51 36 5 6 
5 6 4 47 49 35 5 6 
4 5 6 38 42 46 5 3 
3 6 3 52 55 37 5 5 
4 4 3 58 44 22 3 4 
3 4 5 36 44 43 4 4 
3 3 5 65 65 47 7 5 
4 5 4 60 44 60 5 4 
4 4 4 44 39 51 5 4 
3 5 3 53 56 37 3 6 
3 5 4 34 47 51 5 3 
6 4 4 53 65 26 5 6 
4 5 4 60 47 50 5 4 
4 3 6 50 60 47 4 3 
5 5 4 52 32 24 5 4 
8 5 5 36 51 61 3 4 
4 1 3 50 54 58 5 7 
6 5 5 41 59 57 4 5 
5 5 4 62 73 52 5 5 
4 5 5 38 58 34 4 4 
6 5 5 55 37 45 5 5 
6 4 4 31 58 48 5 5 
5 6 5 30 60 39 3 4 
5 5 6 47 41 67 4 4 
5 3 6 60 39 56 4 3 
5 4 3 56 39 49 5 4 
4 5 4 48 54 37 4 4 
5 4 4 55 41 53 4 6 
3 5 3 48 60 44 4 4 
6 6 5 33 35 45 5 4 
5 3 3 57 36 61 4 5 
5 4 5 57 46 64 6 4 
5 5 5 59 43 34 6 5 
3 5 4 44 59 45 6 6 
6 5 4 46 41 66 5 6 
3 4 4 41 37 48 3 5 
4 4 4 59 73 47 5 4 
5 3 5 50 58 38 4 4 
4 3 4 40 54 48 4 3 
4 2 3 46 66 43 4 5 
4 5 3 62 53 54 6 5 
6 4 4 46 37 54 4 5 
4 3 6 40 41 57 8 4 
5 3 4 49 45 39 5 5 
4 4 5 61 57 49 4 2 
5 4 6 55 51 34 4 6 
5 4 3 48 36 32 3 6 
5 3 3 41 46 51 5 6 
5 4 4 67 54 44 6 4 
5 4 6 63 52 59 5 4 
3 6 3 60 50 45 5 5 
4 4 4 60 36 38 4 6 
3 3 5 53 32 47 4 4 
3 6 7 54 64 64 5 4 
4 2 3 50 61 44 6 4 
5 3 4 61 45 40 4 5 
4 3 4 38 57 34 4 5 
4 5 5 41 48 51 5 4 
4 5 4 52 38 38 4 3 
4 4 6 36 55 47 4 6 
5 5 4 41 49 49 7 3 
4 5 5 53 46 51 5 5 
5 6 6 67 49 44 4 4 
3 3 4 41 59 55 3 4 
4 4 5 58 49 46 6 5 
5 4 4 56 63 55 4 5 
3 5 4 41 65 46 5 4 
6 5 4 35 67 58 7 4 
6 3 5 45 60 36 1 4 
4 5 4 58 43 37 1 4 
3 5 4 46 31 51 3 4 
4 5 6 34 59 46 6 5 
5 5 6 56 60 45 4 6 
3 4 6 52 42 50 5 4 
8 4 6 45 56 47 5 3 
5 3 4 46 43 39 4 4 
5 5 5 57 54 49 4 3 
5 3 3 64 55 59 5 6 
5 4 4 66 47 40 5 6 
5 4 3 67 59 49 6 5 
4 4 5 54 35 55 6 7 
6 4 3 50 68 39 4 4 
4 4 3 53 58 47 5 4 
5 4 4 43 47 54 6 6 
5 5 7 46 46 51 5 4 
6 3 4 54 50 50 5 4 
4 3 3 50 55 37 5 3 
4 5 6 43 55 40 5 5 
3 4 5 32 46 49 5 5 
3 6 4 48 60 55 6 5 
6 5 5 70 34 54 3 5 
5 5 5 46 64 56 6 3 
4 5 4 50 50 36 3 4 
5 5 4 39 52 44 6 6 
4 4 4 41 57 64 5 4 
6 5 5 36 48 52 4 5 
4 4 4 54 34 52 6 6 
5 4 4 37 57 50 4 4 
3 4 4 44 55 38 4 4 
5 5 3 30 43 48 2 4 
5 4 3 52 36 44 5 4 
5 6 3 28 35 65 4 6 
6 3 5 63 38 57 4 4 
5 4 5 60 51 47 5 6 
4 5 5 60 64 33 6 3 
5 4 3 51 52 43 4 4 
5 5 4 49 59 44 4 5 
5 3 4 57 44 40 6 4 
4 4 5 62 40 54 6 4 
5 4 5 55 48 56 5 4 
5 5 2 40 53 50 4 3 
6 3 4 55 54 45 4 5 
5 4 2 42 53 41 6 5 
3 5 3 32 62 41 4 4 
4 5 5 42 55 55 5 5 
4 3 6 57 37 40 4 3 
4 4 4 30 71 47 3 6 
4 3 7 61 60 57 5 4 
4 5 5 53 38 32 5 4 
4 3 6 52 45 37 5 4 
4 5 5 59 57 25 2 6 
5 4 5 47 67 62 5 4 
5 4 5 53 42 37 3 3 
5 4 5 64 51 36 6 5 
3 5 4 62 54 56 4 4 
3 3 5 51 31 41 5 3 
4 5 5 42 53 55 6 4 
6 6 4 37 42 49 5 4 
4 3 4 47 39 52 4 6 
3 4 5 56 54 33 6 6 
5 3 5 59 68 52 4 4 
4 5 5 44 39 46 5 5 
4 6 3 52 48 46 3 4 
5 6 6 73 26 45 4 4 
6 5 5 48 42 49 5 4 
6 3 3 52 61 49 4 4 
5 5 3 61 31 39 4 5 
5 4 3 51 50 56 5 3 
6 5 5 45 61 57 4 3 
5 4 5 49 28 55 6 4 
3 4 2 59 49 58 4 5 
5 5 5 45 57 65 4 4 
5 4 4 43 58 57 5 5 
2 3 7 64 42 49 3 5 
4 4 4 53 61 34 3 7 
7 4 4 44 62 40 4 5 
5 5 5 39 55 62 6 5 
3 2 6 45 69 62 4 5 
6 4 5 56 54 71 5 5 
4 5 4 39 57 54 4 5 
3 3 4 70 42 60 4 7 
4 5 4 55 60 59 3 4 
6 5 5 50 43 55 5 5 
4 5 2 42 57 50 4 4 
3 3 5 49 33 52 3 5 
4 4 4 38 48 32 4 5 
4 4 4 48 56 54 5 6 
5 5 5 59 57 44 5 4 
3 3 4 61 45 45 4 5 
5 3 5 58 40 53 6 4 
3 5 4 33 42 42 4 5 
5 3 5 46 43 46 5 4 
5 5 4 46 41 67 6 3 
4 4 5 42 34 48 2 3 
4 3 3 65 45 43 3 6 
4 4 5 51 58 45 5 5 
4 4 3 54 64 53 4 4 
5 5 5 47 49 56 5 6 
5 5 5 53 55 54 4 6 
4 5 5 41 50 49 4 4 
4 4 4 65 51 58 5 6 
5 5 3 62 51 60 4 4 
5 4 5 55 56 50 4 4 
4 5 4 64 44 61 5 4 
4 4 5 47 59 63 4 4 
4 4 5 55 40 20 4 4 
5 5 4 56 41 48 4 5 
5 5 3 52 39 46 4 5 
5 4 6 31 55 52 7 3 
5 3 3 24 50 52 4 6 
6 4 4 45 57 44 3 5 
4 4 6 48 48 59 4 4 
5 4 5 63 57 57 6 5 
4 4 2 52 40 47 3 4 
6 4 5 49 52 39 5 5 
5 4 5 62 36 47 4 3 
6 4 4 56 56 65 3 4 
3 4 6 52 51 28 4 5 
4 4 2 48 46 27 4 4 
5 6 5 40 34 66 4 3 
4 5 6 55 65 69 6 5 
6 5 3 44 54 49 4 4 
4 6 4 64 53 32 5 5 
6 4 4 38 60 49 5 3 
4 5 6 46 36 40 2 3 
5 5 5 43 40 43 4 7 
5 4 6 56 41 46 3 6 
4 5 5 52 36 49 4 4 
4 5 4 57 61 53 4 4 
4 5 5 60 29 50 5 4 
4 3 5 33 34 55 6 3 
5 4 3 45 38 45 6 8 
4 4 5 43 51 63 4 4 
4 5 5 45 58 49 4 4 
5 3 4 50 49 34 5 5 
6 4 5 49 42 45 5 5 
3 5 5 53 36 46 6 4 
5 6 3 54 53 59 3 5 
4 7 5 58 29 39 5 4 
5 4 4 57 31 66 3 4 
4 3 6 33 53 35 4 5 
5 5 3 45 42 51 5 3 
4 5 5 64 56 55 4 5 
4 5 4 51 55 66 4 4 
4 6 4 38 43 48 4 4 
3 3 3 58 39 56 5 5 
4 3 5 33 52 51 4 5 
5 4 4 66 39 56 5 5 
7 5 6 61 37 43 4 4 
5 5 4 45 34 49 3 5 
2 4 5 23 54 58 5 4 
6 5 4 37 44 32 6 5 
7 4 5 51 47 47 5 3 
5 5 3 35 57 48 5 5 
5 4 3 44 51 51 6 7 
7 4 5 62 47 45 4 4 
4 5 4 48 45 52 5 3 
4 4 6 51 55 28 6 3 
4 5 5 53 55 58 6 2 
6 2 6 62 38 56 5 5 
5 4 4 43 34 35 3 3 
5 6 5 49 40 52 5 3 
5 4 4 49 42 52 5 3 
6 6 4 53 44 62 5 6 
4 5 5 62 44 42 4 4 
4 6 6 52 56 35 5 4 
4 5 5 53 51 35 5 5 
5 7 4 46 57 42 3 4 
5 5 4 56 69 47 3 4 
3 4 5 53 41 39 4 5 
7 5 5 57 51 47 4 2 
4 5 5 60 48 54 4 4 
4 7 5 42 56 52 6 5 
4 6 4 44 33 62 3 5 
4 5 4 32 42 37 5 5 
4 5 3 48 40 56 6 6 
3 1 5 41 56 41 6 3 
4 4 4 47 32 53 4 4 
5 4 5 52 28 60 3 5 
4 3 5 36 44 40 5 6 
3 4 3 79 45 33 4 5 
5 4 4 61 40 58 4 6 
3 4 4 36 72 72 4 5 
5 3 4 66 36 60 5 5 
7 3 5 32 39 62 4 4 
6 2 4 48 52 33 5 4 
7 3 3 40 42 60 5 5 
5 6 4 58 68 41 3 6 
4 4 5 47 49 64 5 4 
6 4 5 44 51 40 5 4 
4 6 5 62 55 49 5 4 
7 3 4 48 48 45 4 3 
4 5 4 35 53 53 4 6 
4 4 4 59 52 49 5 4 
2 6 4 50 25 40 4 5 
5 6 5 33 53 42 4 2 
3 4 6 39 58 63 6 5 
4 4 5 43 47 26 5 4 
3 5 6 57 66 40 4 4 
5 6 4 48 62 55 5 4 
5 5 5 34 45 37 4 4 
5 4 6 51 58 48 3 5 
5 3 4 64 43 63 3 4 
5 6 5 49 43 52 5 4 
6 6 5 47 47 40 6 5 
4 3 4 37 45 52 4 3 
6 5 5 32 38 53 4 3 
4 3 5 34 21 50 4 4 
4 3 5 45 55 44 4 3 
5 4 6 56 39 54 3 4 
6 4 5 49 37 46 5 4 
5 4 4 60 52 55 5 6 
5 3 4 61 70 60 6 3 
4 4 5 50 55 56 6 6 
4 4 5 52 40 42 5 5 
5 6 5 67 57 62 5 3 
4 5 5 47 56 29 3 4 
5 4 5 37 56 55 4 3 
5 4 4 61 75 42 4 3 
3 3 4 45 57 52 3 5 
5 4 3 37 44 42 3 6 
6 5 4 45 61 47 3 5 
4 5 4 49 52 46 3 6 
6 4 5 38 43 60 5 4 
3 5 5 42 76 34 2 4 
3 3 3 60 59 50 5 5 
5 3 5 58 52 55 4 5 
3 3 5 58 41 56 4 4 
3 3 5 42 50 53 5 5 
5 6 5 42 44 54 5 5 
3 2 5 59 54 49 4 5 
5 5 3 52 46 37 4 3 
5 2 5 54 60 45 4 4 
5 4 4 62 45 41 5 4 
4 5 5 58 54 54 4 3 
3 3 4 34 46 32 4 6 
5 4 3 39 47 56 5 4 
6 4 3 37 38 44 7 3 
5 5 6 54 66 53 5 3 
2 6 5 46 35 54 3 5 
5 7 5 69 57 59 6 5 
4 5 5 37 22 40 5 4 
3 4 6 35 54 62 5 5 
4 4 5 61 75 59 5 3 
4 4 4 59 48 34 4 6 
6 5 2 56 55 30 2 4 
4 5 3 53 50 41 5 5 
5 5 5 50 43 53 5 6 
5 3 6 59 56 58 5 3 
6 4 5 50 41 69 4 6 
6 3 5 34 35 31 6 4 
6 4 5 55 64 36 3 4 
4 3 4 51 58 33 4 6 
4 4 4 39 57 64 4 5 
3 4 4 55 49 48 5 5 
4 4 3 53 49 56 4 4 
3 4 5 50 32 43 2 5 
4 4 4 37 43 44 5 6 
3 5 3 58 46 50 4 4 
5 3 6 40 49 67 4 4 
4 3 6 32 34 33 3 3 
5 4 4 51 40 61 4 4 
5 4 4 46 53 30 4 5 
4 5 5 56 44 53 3 6 
4 4 3 28 46 59 5 4 
6 4 4 72 53 47 2 2 
5 5 4 65 58 48 5 6 
5 7 3 41 44 51 4 1 
4 6 5 42 52 57 6 4 
5 5 6 63 45 46 3 5 
5 6 5 49 45 49 4 7 
4 4 5 46 49 29 5 5 
5 6 3 33 40 59 3 5 
6 5 2 49 52 46 6 2 
4 3 3 60 20 51 5 4 
5 4 6 62 44 46 4 4 
5 5 5 50 57 63 3 5 
3 4 6 59 44 54 4 4 
5 4 5 42 47 51 5 4 
5 3 3 40 45 54 4 5 
3 4 5 44 47 48 5 4 
5 5 4 36 43 55 4 5 
6 3 3 55 43 67 5 3 
4 4 5 65 51 54 5 3 
5 4 4 57 63 40 4 4 
4 6 6 39 42 57 4 4 
5 4 4 38 63 43 5 5 
5 3 6 48 53 52 4 4 
5 5 4 64 31 40 4 4 
3 4 5 49 50 45 5 2 
3 5 5 59 55 70 3 6 
6 5 5 63 37 45 5 5 
4 3 4 48 39 53 4 5 
3 6 4 66 41 32 5 4 
5 4 4 64 65 37 5 5 
5 3 4 50 46 47 5 6 
6 5 4 30 51 43 4 2 
7 3 4 49 48 43 5 3 
3 4 5 52 51 53 2 6 
5 6 4 67 37 52 4 7 
5 6 6 63 64 49 4 4 
5 5 4 60 54 64 4 3 
4 4 6 58 63 19 5 4 
3 5 5 46 63 33 4 4 
6 5 5 33 35 57 4 5 
3 5 4 50 51 31 4 4 
4 4 6 38 40 55 4 4 
4 4 3 43 56 53 6 5 
5 5 4 60 56 56 4 6 
4 5 5 51 48 48 5 6 
5 4 4 40 47 59 5 3 
4 6 4 42 59 40 5 5 
6 5 5 46 42 52 3 4 
5 4 5 57 49 38 5 6 
3 3 6 23 56 49 5 4 
5 7 5 36 59 47 3 5 
4 6 4 70 46 51 4 6 
4 4 3 68 49 43 4 3 
4 3 3 49 37 52 3 6 
5 5 5 32 54 54 4 6 
3 4 7 65 64 54 5 3 
6 5 4 46 39 44 6 6 
5 4 5 42 25 36 3 4 
5 3 4 53 63 51 5 5 
6 3 5 55 60 61 6 4 
5 5 4 34 58 40 7 5 
3 3 6 44 58 54 4 3 
4 4 6 30 54 58 3 4 
4 4 5 43 38 30 4 3 
4 7 4 60 50 45 5 5 
3 5 6 43 58 48 5 5 
3 8 4 43 24 40 5 5 
5 7 5 71 36 50 3 4 
6 5 5 52 58 52 6 5 
4 5 4 44 59 45 5 2 
5 3 4 46 49 70 4 5 
6 4 3 49 32 35 5 6 
7 5 4 54 36 45 6 3 
6 5 4 62 31 49 4 4 
6 3 6 47 28 47 6 4 
4 5 5 66 49 41 4 3 
5 5 5 49 44 63 5 4 
5 3 3 84 33 31 7 6 
5 5 6 57 45 66 4 4 
5 5 4 46 38 55 5 4 
4 6 5 40 50 70 5 4 
5 4 5 34 53 45 4 5 
5 5 5 40 27 36 4 5 
6 6 5 44 46 40 3 3 
5 5 4 35 48 57 6 4 
5 7 5 49 65 35 4 3 
4 5 4 45 48 41 3 4 
5 6 6 59 53 43 4 4 
4 5 4 70 70 57 4 2 
4 4 4 59 58 57 6 6 
3 5 3 47 51 67 4 5 
3 4 3 55 62 54 5 5 
3 5 5 40 45 52 6 4 
4 4 6 63 58 64 5 2 
5 5 5 50 50 52 4 6 
3 6 5 48 63 60 4 2 
6 5 4 50 56 56 4 6 
5 5 6 46 37 64 5 5 
5 3 4 36 46 44 5 4 
5 3 4 53 53 61 6 5 
3 5 5 62 38 42 5 6 
5 2 5 47 39 65 4 3 
5 4 2 42 42 38 3 4 
4 5 5 54 34 55 3 3 
4 3 3 80 51 61 4 5 
3 4 4 53 49 55 2 6 
5 5 4 56 76 63 6 5 
5 3 5 60 49 32 6 5 
3 4 3 37 53 66 6 3 
3 4 2 54 48 54 4 6 
6 4 4 42 54 53 6 4 
6 6 3 69 52 46 5 3 
5 4 6 56 60 43 5 6 
5 5 5 70 51 49 4 5 
4 6 4 40 53 45 2 3 
4 6 5 43 59 32 4 5 
3 6 3 44 45 57 6 5 
4 4 4 59 50 33 6 6 
5 6 5 47 29 49 5 7 
6 5 3 67 39 51 5 5 
6 4 5 45 42 64 5 5 
5 4 7 53 69 53 6 5 
2 5 5 45 42 37 4 6 
4 6 4 59 37 47 3 6 
5 5 6 46 75 51 6 4 
5 5 4 52 50 46 4 5 
3 5 3 69 50 62 5 4 
4 5 5 63 41 57 5 5 
5 6 4 38 27 72 6 6 
5 6 4 55 63 52 5 4 
3 5 5 59 46 37 5 4 
4 5 4 48 49 42 3 3 
4 5 4 55 62 53 5 5 
6 4 5 40 40 51 4 5 
5 5 4 34 51 62 4 5 
4 3 3 47 45 58 5 5 
4 4 3 71 46 64 4 6 
5 5 4 39 59 52 5 4 
4 6 4 53 41 61 4 6 
3 4 3 45 70 44 4 4 
5 5 6 46 58 53 3 4 
5 5 6 52 45 55 6 6 
4 5 2 57 24 46 6 5 
4 4 4 54 45 54 6 5 
6 5 5 57 55 58 5 3 
6 5 4 50 56 38 6 4 
2 4 5 58 54 48 3 5 
3 3 6 58 46 50 4 4 
4 3 5 61 53 64 5 5 
5 4 3 56 40 64 5 4 
3 4 6 43 58 58 3 4 
5 3 5 36 66 37 5 5 
3 4 4 64 45 56 2 6 
5 5 6 55 29 53 6 3 
3 4 4 56 44 58 6 5 
7 4 5 51 50 57 6 4 
4 4 5 54 45 35 4 4 
6 4 4 51 43 57 6 4 
5 5 5 26 40 39 3 4 
5 4 5 64 44 61 6 4 
4 5 5 67 59 55 3 3 
3 6 4 51 59 46 4 5 
2 5 5 46 41 38 1 4 
4 4 5 54 58 52 4 5 
3 6 3 53 35 52 5 5 
4 4 4 74 48 46 6 3 
5 5 5 47 57 51 4 3 
3 6 5 44 31 51 5 4 
4 5 2 54 44 49 6 4 
5 4 4 67 34 42 5 6 
4 5 4 47 46 65 4 6 
4 4 5 37 54 55 5 5 
6 4 3 51 37 48 5 5 
6 5 5 45 64 51 5 5 
4 5 6 43 49 48 2 5 
4 5 5 56 77 58 5 6 
5 4 4 52 51 47 6 5 
3 4 4 50 52 38 3 4 
4 5 5 67 59 51 5 7 
5 5 2 41 43 68 5 5 
5 4 5 42 31 59 6 4 
4 5 3 46 53 64 5 5 
4 5 6 55 49 54 5 3 
5 4 3 53 61 37 4 5 
5 6 4 50 70 66 3 4 
4 5 4 58 49 53 4 4 
6 4 4 47 51 67 4 4 
5 4 7 55 57 58 5 5 
3 3 5 33 48 34 5 4 
3 3 6 61 54 49 3 5 
7 3 5 51 63 32 2 5 
5 6 6 32 48 45 4 6 
4 4 5 48 34 39 4 4 
6 5 4 53 43 40 4 4 
6 5 6 44 45 52 3 3 
5 3 4 48 38 50 6 5 
7 3 6 47 61 50 5 4 
4 4 4 52 48 34 4 5 
5 5 3 53 60 53 4 3 
4 3 5 52 61 51 4 3 
6 5 2 24 35 55 5 4 
3 6 6 40 51 40 4 3 
5 5 6 40 38 40 5 3 
5 4 5 36 64 64 4 6 
4 5 5 41 43 47 4 3 
6 4 5 42 55 54 6 4 
4 4 5 52 50 48 5 3 
5 4 5 41 52 47 4 4 
4 6 5 67 53 59 5 3 
5 6 5 44 54 44 5 4 
5 4 4 49 39 63 6 4 
5 5 4 45 53 38 4 5 
5 4 4 40 51 51 4 4 
5 4 5 64 33 57 5 3 
6 5 4 40 51 63 4 5 
4 5 6 48 50 57 5 4 
5 4 5 31 63 48 5 3 
5 4 4 41 47 64 6 4 
5 5 5 69 49 64 4 5 
5 5 5 45 67 64 5 5 
6 5 4 44 53 40 4 5 
6 6 5 39 54 39 3 5 
4 4 5 47 50 64 5 5 
5 5 5 42 41 54 7 5 
3 3 3 50 45 57 3 4 
5 4 3 62 40 57 5 4 
3 4 7 41 49 45 4 5 
5 5 3 59 46 36 3 5 
5 5 5 48 51 46 5 6 
3 4 2 60 36 55 6 4 
5 4 3 40 49 28 5 3 
5 7 4 43 56 47 5 6 
3 4 7 58 44 39 5 4 
3 3 2 46 54 55 4 4 
3 5 5 54 60 48 4 5 
5 5 3 53 54 39 5 4 
5 3 3 49 44 45 4 4 
3 4 4 33 47 66 4 3 
5 5 6 56 41 50 3 5 
6 7 5 56 36 73 4 4 
3 7 5 61 52 48 5 6 
7 5 5 60 56 67 2 4 
5 4 4 49 53 49 6 5 
6 4 4 66 33 37 5 4 
4 3 4 38 67 53 5 5 
5 4 4 34 55 29 4 3 
5 4 5 41 55 49 5 5 
6 5 5 56 40 34 5 6 
5 4 4 57 62 63 4 6 
4 4 5 56 53 36 4 5 
4 5 5 53 40 60 6 5 
3 5 3 60 46 45 4 5 
5 4 6 48 56 52 5 4 
6 5 5 49 37 50 3 6 
4 4 3 36 49 65 4 2 
4 5 5 64 50 43 3 3 
4 3 5 63 56 51 4 3 
4 4 4 66 48 41 5 5 
5 4 5 57 55 47 5 5 
4 3 4 54 51 51 5 5 
4 4 3 66 40 54 4 4 
5 4 4 56 31 43 5 3 
5 5 5 36 37 47 4 4 
4 4 3 56 53 46 3 6 
3 3 3 51 53 48 3 2 
3 5 4 58 50 41 6 4 
5 5 4 65 48 41 2 6 
4 5 4 80 37 49 5 4 
5 4 6 50 22 34 3 6 
3 4 5 34 40 33 4 4 
5 4 5 60 53 42 4 6 
4 4 6 53 55 42 5 2 
5 6 3 52 47 49 4 5 
5 5 4 40 45 44 5 5 
5 4 4 42 62 61 4 3 
4 3 2 51 51 55 4 5 
3 4 3 62 49 49 6 5 
3 6 4 64 40 44 5 4 
4 4 5 51 60 39 5 4 
5 4 3 50 48 47 4 3 
5 4 5 50 60 46 3 6 
4 4 5 45 49 36 5 4 
6 4 5 61 31 58 3 4 
5 4 3 46 50 34 6 5 
4 4 4 52 53 47 5 4 
5 2 4 42 57 45 4 4 
6 4 3 57 43 66 5 5 
4 4 5 40 49 55 4 6 
5 5 4 46 25 57 4 6 
5 6 3 40 48 43 5 6 
3 4 3 54 37 58 5 4 
5 4 3 58 56 40 3 5 
4 5 4 47 56 49 3 5 
5 5 6 41 48 44 3 3 
4 5 3 48 65 37 4 4 
5 4 4 53 42 50 4 5 
5 4 5 48 49 58 5 6 
4 5 5 60 50 47 4 6 
4 4 3 47 69 50 4 3 
3 4 5 49 50 38 4 4 
5 4 5 50 53 45 6 5 
7 5 2 62 40 46 4 4 
5 5 5 48 34 59 6 4 
5 5 4 57 40 56 4 5 
3 4 5 56 51 61 5 4 
4 3 4 27 43 64 4 5 
5 4 5 44 40 49 4 5 
5 6 5 61 45 68 4 6 
3 5 5 44 56 54 5 5 
2 6 5 67 62 37 4 5 
3 5 5 68 43 57 6 4 
5 2 4 51 31 63 4 4 
4 4 5 67 50 57 4 4 
6 4 4 59 46 47 4 3 
5 4 5 45 55 45 3 7 
5 5 2 45 42 37 4 5 
4 4 3 59 67 61 6 6 
4 3 4 54 50 51 6 3 
7 3 4 37 41 45 5 3 
5 5 6 44 45 42 5 6 
4 5 5 39 57 57 5 4 
6 5 4 50 51 44 5 5 
5 4 3 70 70 49 3 3 
4 3 7 43 44 51 5 3 
4 7 6 29 54 39 5 4 
4 3 6 59 48 52 5 3 
5 5 4 61 46 48 4 5 
5 2 4 42 51 36 5 3 
5 6 4 51 49 45 4 5 
4 6 5 48 55 52 5 5 
3 5 3 53 56 59 3 4 
4 6 4 56 33 62 4 5 
5 3 4 48 38 45 5 4 
4 4 6 63 45 34 5 6 
4 4 3 54 39 67 5 4 
6 4 5 61 53 35 5 4 
3 5 2 39 52 62 4 4 
5 5 6 46 61 45 6 5 
4 5 5 42 68 49 6 5 
4 4 3 49 43 63 5 6 
3 3 5 43 52 37 5 5 
5 6 4 66 47 62 5 5 
5 4 4 59 67 41 6 7 
2 3 5 32 61 51 5 5 
2 4 4 30 52 48 5 6 
5 5 4 40 56 48 3 3 
4 5 4 44 36 58 5 4 
5 6 4 55 56 44 6 4 
3 3 5 43 46 47 3 6 
4 3 6 55 26 51 3 5 
4 6 5 48 28 59 4 5 
6 5 3 73 42 23 6 4 
3 3 5 61 42 29 3 4 
3 5 4 35 56 39 4 5 
4 2 4 42 48 54 5 5 
4 6 3 45 49 56 3 5 
5 5 5 55 42 50 6 5 
5 6 4 47 32 42 4 5 
5 3 4 53 46 36 4 4 
4 4 4 50 42 53 4 3 
4 5 5 32 47 55 6 4 
4 5 5 63 50 42 6 4 
5 5 5 35 44 63 3 5 
5 2 4 32 43 57 4 4 
3 2 5 69 50 42 5 5 
3 5 4 74 49 70 6 5 
3 5 3 41 49 35 4 4 
5 5 6 55 58 48 5 4 
7 3 3 52 50 44 4 4 
4 7 5 42 57 71 4 5 
6 4 3 47 31 48 4 5 
6 4 3 51 50 47 4 4 
5 4 4 34 58 64 6 3 
5 5 4 53 40 61 3 4 
4 5 4 46 37 49 5 4 
6 3 5 52 61 48 4 5 
3 5 5 55 39 54 3 4 
7 5 5 65 41 55 5 3 
3 5 5 47 60 50 4 3 
5 3 4 37 49 57 5 4 
4 4 6 37 45 65 3 6 
5 6 4 56 26 44 5 4 
3 5 6 47 49 48 4 4 
5 4 5 58 34 46 5 4 
4 4 4 43 60 48 4 5 
4 4 3 47 44 67 4 6 
4 4 4 58 62 54 2 5 
5 5 4 41 49 56 3 4 
3 4 3 55 51 59 4 5 
5 5 4 27 37 36 7 6 
5 5 5 57 46 42 5 3 
5 4 4 51 48 56 6 3 
5 5 6 50 57 56 4 5 
7 4 5 42 57 44 5 4 
5 5 4 58 59 56 5 6 
5 5 4 48 21 39 5 3 
3 4 5 44 54 55 4 3 
4 4 4 44 57 51 4 5 
3 3 5 61 48 43 5 6 
4 3 3 55 46 42 5 7 
4 4 6 58 33 45 4 6 
4 3 5 49 65 52 5 5 
4 4 4 59 47 37 5 6 
4 5 4 59 54 51 6 3 
3 5 4 56 63 40 4 5 
4 3 5 48 65 42 4 4 
3 6 4 39 40 58 4 4 
5 3 5 59 64 40 4 5 
4 5 4 45 53 41 4 6 
5 3 5 53 29 33 4 5 
3 4 4 40 44 46 5 4 
7 4 3 51 60 36 5 4 
4 6 6 46 39 56 5 6 
5 5 5 57 19 52 5 4 
3 5 4 68 53 47 4 4 
4 4 4 40 44 26 4 5 
5 5 5 29 40 30 4 5 
6 6 4 55 43 28 5 5 
6 5 4 42 46 66 3 6 
4 4 4 67 45 24 4 5 
7 3 4 42 50 53 5 3 
5 5 4 61 34 45 4 5 
5 5 6 63 40 61 5 4 
4 4 6 56 60 37 4 4 
6 5 3 65 69 71 5 4 
5 7 5 35 57 59 5 4 
3 4 4 43 52 50 3 4 
4 4 4 49 47 58 5 5 
6 4 6 49 54 58 5 5 
4 3 4 65 54 41 6 4 
3 4 5 50 57 50 5 6 
4 4 5 47 38 30 5 5 
4 4 5 51 56 35 5 4 
4 4 4 56 37 54 4 4 
3 6 4 37 60 49 5 4 
4 6 4 57 46 45 5 5 
4 3 4 65 30 44 5 4 
4 5 5 49 51 51 5 5 
2 6 6 41 55 51 2 5 
3 5 4 46 44 50 5 4 
5 4 3 36 39 43 5 5 
4 4 4 41 47 40 6 6 
4 4 4 24 53 61 5 7 
5 5 6 66 36 50 6 3 
4 6 5 22 57 50 4 6 
5 5 4 59 41 44 5 5 
3 4 5 61 39 56 5 2 
4 4 4 59 53 50 5 5 
4 5 6 51 40 40 5 5 
3 4 4 63 47 49 6 5 
5 4 3 46 53 37 5 3 
3 5 5 43 58 42 4 4 
4 3 3 58 44 52 4 5 
4 5 5 48 62 62 4 5 
5 4 5 44 56 48 4 4 
6 3 5 37 49 53 6 5 
4 4 5 53 57 50 4 5 
4 6 4 45 39 40 4 6 
5 5 5 49 45 41 5 3 
3 4 4 36 43 69 5 6 
4 6 3 68 38 46 6 4 
5 3 4 45 39 51 5 4 
5 3 4 59 49 57 4 6 
5 5 5 43 49 58 3 3 
5 7 5 53 53 42 4 5 
6 5 6 37 51 28 5 5 
4 4 5 52 37 45 4 3 
5 4 2 66 33 54 5 6 
5 4 3 49 57 52 4 5 
6 4 6 60 55 59 5 4 
2 4 5 42 57 41 4 3 
5 5 5 58 45 46 5 7 
4 4 5 54 50 48 5 5 
5 7 3 38 52 53 4 4 
4 6 3 47 40 53 5 6 
6 4 3 45 37 65 3 5 
5 5 4 61 50 56 5 6 
3 5 6 49 54 52 3 5 
3 4 6 47 62 42 4 5 
5 5 5 58 65 76 4 3 
4 7 4 46 59 51 3 4 
2 4 5 52 55 51 5 4 
6 6 4 65 50 54 3 4 
5 5 5 46 37 46 3 4 
4 3 6 63 46 49 5 4 
6 5 3 46 48 64 6 5 
6 5 5 50 40 36 4 6 
5 4 3 47 51 48 3 3 
3 6 4 51 56 62 4 4 
2 5 5 71 60 33 5 5 
4 5 5 26 52 53 7 4 
4 4 6 66 53 45 5 5 
4 3 5 60 59 60 4 5 
4 3 6 56 45 46 4 4 
4 4 5 65 55 44 3 4 
6 5 4 30 37 53 7 5 
3 5 4 51 38 47 5 3 
6 4 4 47 42 46 4 5 
3 2 3 43 52 52 4 4 
5 4 5 31 64 40 4 6 
4 4 6 39 57 54 4 6 
4 6 5 35 60 50 5 3 
4 4 5 54 67 60 4 5 
4 5 5 58 57 55 5 4 
4 4 3 43 49 56 5 4 
4 5 4 49 58 34 5 4 
3 4 3 48 23 48 4 3 
5 4 5 39 48 31 5 4 
6 5 7 61 55 60 6 4 
5 5 3 56 48 57 6 5 
3 4 5 47 56 53 6 4 
5 6 7 37 63 41 4 4 
2 3 3 57 50 47 6 5 
5 5 4 78 50 56 3 4 
3 5 5 58 56 63 4 5 
4 5 4 36 43 48 5 5 
5 5 5 50 41 36 2 6 
5 3 6 47 50 55 4 3 
6 3 4 40 42 67 5 4 
4 4 4 40 38 49 5 5 
4 5 5 57 31 46 4 5 
4 5 6 60 61 46 4 5 
6 5 4 45 37 42 5 6 
5 5 5 43 43 47 4 4 
3 2 3 57 56 25 6 5 
4 6 5 30 55 57 3 3 
5 6 3 42 50 53 4 6 
4 4 4 58 37 54 4 3 
5 5 3 47 54 69 6 5 
7 5 4 63 52 47 5 4 
5 4 4 74 55 69 4 5 
5 6 5 35 49 32 4 4 
5 5 5 39 33 57 3 5 
4 3 3 24 36 52 4 4 
4 5 4 47 38 47 6 4 
4 6 6 29 44 47 5 5 
6 7 4 47 33 37 6 4 
6 5 5 49 59 53 5 5 
5 4 6 63 40 57 6 2 
4 3 4 64 70 50 3 5 
4 5 5 47 30 39 4 3 
5 5 5 50 37 46 6 5 
4 5 4 55 48 49 5 6 
5 4 4 45 47 58 4 5 
4 5 4 67 39 47 4 5 
4 3 5 48 64 27 5 5 
5 4 2 43 53 43 5 4 
3 4 3 35 55 53 6 4 
6 4 4 48 57 45 5 5 
3 5 4 54 44 51 4 4 
4 5 6 45 39 61 4 6 
4 4 4 56 65 51 4 2 
5 6 5 68 49 58 6 6 
4 4 4 46 56 47 6 4 
6 5 5 58 61 49 4 5 
5 5 5 62 39 58 6 6 
5 4 4 80 66 41 5 5 
4 4 4 26 66 25 6 4 
5 4 5 45 50 42 5 5 
4 5 5 49 47 56 5 6 
4 4 5 58 48 52 4 4 
5 5 7 50 44 46 4 4 
4 4 3 53 38 57 6 6 
5 6 6 57 44 44 3 5 
5 5 4 48 51 41 2 3 
5 5 4 45 51 58 4 6 
4 5 6 58 54 64 5 5 
6 5 4 41 46 58 6 5 
5 4 5 47 48 43 3 5 
3 5 3 52 56 45 5 4 
5 4 4 41 57 57 4 4 
6 4 4 39 61 31 3 3 
4 4 3 66 41 34 3 5 
4 3 3 56 42 63 3 6 
3 5 5 28 45 53 6 5 
5 5 5 52 46 40 4 4 
6 5 3 55 70 77 5 5 
4 3 4 60 46 54 4 4 
5 4 4 60 49 63 5 4 
5 6 4 57 52 55 5 3 
4 3 3 49 76 57 3 3 
8 5 5 33 45 48 4 3 
4 3 6 40 45 39 5 4 
5 6 5 56 63 51 4 6 
5 5 4 61 34 56 4 3 
6 3 6 43 45 38 4 4 
4 6 4 47 55 54 6 4 
5 4 6 71 52 32 5 4 
4 5 5 32 53 61 4 4 
3 3 6 45 55 40 5 5 
5 4 6 56 64 48 6 5 
5 5 7 58 48 42 5 3 
5 5 6 32 44 33 5 6 
4 6 4 62 39 45 5 5 
5 6 4 43 60 44 3 4 
6 5 4 46 45 48 5 5 
6 6 6 49 64 46 4 4 
4 4 6 43 38 40 3 5 
5 6 5 43 31 47 3 6 
6 3 3 50 62 40 6 5 
3 5 6 45 47 46 5 5 
4 5 3 56 61 35 4 5 
5 4 6 53 54 51 4 3 
5 4 6 52 55 53 3 5 
5 5 5 40 41 53 6 5 
3 5 5 55 53 41 5 5 
5 6 3 30 34 44 4 4 
4 4 5 44 42 57 5 3 
6 3 3 42 31 50 4 3 
3 4 5 50 41 41 4 4 
5 3 4 46 54 46 6 4 
6 6 4 55 43 36 4 4 
4 6 6 48 61 37 5 4 
5 6 3 42 44 62 2 4 
4 5 4 58 34 47 6 5 
5 3 6 37 74 71 3 6 
4 5 5 50 42 33 5 4 
3 6 4 32 53 50 5 3 
2 5 4 58 35 40 5 3 
5 6 4 41 49 55 5 5 
4 3 5 74 49 58 5 5 
4 6 6 49 50 55 6 5 
5 4 4 35 44 53 5 5 
5 4 3 43 33 45 5 4 
4 5 6 60 50 64 6 7 
5 6 3 38 46 46 3 3 
5 5 5 50 61 48 4 4 
4 5 4 45 35 48 5 6 
5 5 5 42 37 50 4 5 
5 3 3 41 45 75 4 4 
4 3 3 37 24 31 4 4 
4 4 4 53 43 59 6 5 
3 3 5 49 44 63 5 5 
4 5 3 62 47 39 4 3 
5 6 4 52 44 58 5 4 
6 3 3 56 50 48 5 3 
5 5 4 29 49 39 4 3 
5 5 5 53 71 57 6 7 
4 3 6 27 57 58 5 6 
5 5 4 48 52 65 5 6 
3 3 3 49 57 55 4 5 
4 4 5 60 56 46 7 3 
4 6 4 46 58 42 4 5 
7 4 6 49 48 33 4 5 
5 2 4 46 47 62 4 5 
4 3 5 72 39 48 5 4 
5 6 4 51 51 42 5 4 
6 3 5 52 63 57 6 5 
5 4 3 53 54 57 6 4 
4 3 7 40 46 45 6 4 
5 5 4 49 55 47 4 3 
5 4 6 49 41 56 2 5 
4 3 4 63 53 49 4 3 
3 4 4 35 68 46 5 4 
6 4 4 46 71 45 6 5 
5 4 5 56 53 58 5 4 
5 5 3 60 60 47 2 5 
4 5 3 46 58 60 4 6 
6 3 5 53 43 58 4 4 
2 4 5 66 50 42 4 5 
5 5 5 48 71 28 3 4 
3 5 5 39 59 42 5 4 
5 4 4 24 37 56 3 3 
3 4 3 69 49 61 7 5 
5 5 4 39 63 43 4 4 
4 4 7 56 42 45 4 5 
6 4 4 32 39 64 4 4 
3 3 4 39 51 54 3 3 
4 4 5 39 59 48 2 3 
5 4 6 42 48 42 3 4 
4 4 4 44 53 41 6 5 
3 5 4 64 25 41 3 6 
3 3 5 59 52 20 3 6 
6 4 3 58 60 53 4 4 
5 4 3 44 51 48 4 4 
3 5 2 38 50 51 6 3 
4 6 2 59 42 59 7 3 
3 5 5 54 52 36 5 4 
4 5 3 55 53 51 5 4 
5 3 5 51 39 56 5 4 
4 5 4 53 41 48 4 5 
5 5 5 64 65 28 5 4 
4 4 6 65 59 47 5 3 
4 5 4 48 48 52 5 4 
5 4 5 40 58 62 4 5 
6 4 4 53 48 56 7 5 
4 5 3 58 48 58 4 6 
6 5 4 65 53 51 4 4 
5 4 4 47 43 50 3 4 
5 5 6 50 37 48 5 5 
5 6 3 53 45 53 7 5 
5 5 4 35 58 61 3 3 
3 5 6 41 53 64 4 5 
5 5 7 61 37 57 4 6 
4 5 5 41 68 48 5 4 
2 3 4 36 65 50 3 6 
5 5 5 59 45 43 4 4 
4 4 4 43 53 52 6 4 
3 5 4 54 35 63 4 6 
5 3 5 59 63 43 5 5 
4 4 4 57 46 37 6 2 
4 3 5 64 49 52 4 2 
4 4 5 58 39 50 3 5 
4 5 5 43 42 54 3 4 
5 5 5 49 49 48 6 6 
5 4 3 56 70 61 5 5 
3 4 4 49 58 44 3 4 
3 5 5 60 58 52 3 5 
6 5 6 63 43 55 5 4 
7 2 4 45 58 62 5 4 
3 7 5 53 40 57 3 6 
4 4 5 47 42 52 5 5 
6 7 5 39 52 59 3 5 
4 4 6 44 31 45 4 4 
5 4 6 50 44 55 7 5 
4 5 4 60 59 45 3 4 
5 3 5 50 41 54 4 4 
5 5 5 56 51 62 4 5 
5 4 3 46 64 30 4 6 
5 4 4 60 51 43 5 3 
6 5 4 52 66 57 4 4 
2 5 5 40 65 52 4 6 
5 4 4 51 41 41 6 3 
3 6 4 44 47 53 4 4 
5 4 3 50 54 37 6 5 
3 6 5 57 56 56 5 5 
5 4 4 36 43 51 2 4 
3 5 5 51 34 58 4 4 
5 4 4 65 46 49 6 4 
6 5 5 47 63 69 5 6 
4 3 3 49 53 58 6 4 
5 4 5 42 47 45 4 4 
5 5 4 44 37 49 5 5 
4 5 5 50 65 55 4 5 
4 4 5 52 59 65 6 4 
3 4 4 37 59 35 3 6 
4 5 5 55 36 53 5 4 
4 6 5 52 52 57 4 6 
5 4 5 67 49 63 4 3 
5 4 3 57 40 33 4 4 
5 4 5 49 57 53 5 4 
4 5 6 49 32 47 4 5 
2 5 6 52 30 58 3 5 
6 5 5 34 26 55 5 4 
4 6 6 41 70 25 6 5 
4 5 4 57 66 46 3 5 
4 3 4 51 59 59 5 7 
6 3 4 42 34 37 4 5 
7 4 6 64 50 51 5 5 
5 4 7 40 44 64 3 5 
4 5 3 51 49 33 5 4 
4 4 4 46 51 60 4 5 
6 4 8 58 41 59 3 4 
5 5 5 38 51 40 5 4 
3 4 5 61 53 43 5 5 
6 5 4 51 57 56 3 5 
5 3 4 65 58 46 4 5 
5 2 5 42 57 58 5 3 
5 4 4 58 56 51 4 4 
3 5 4 32 42 64 5 5 
5 3 5 50 67 53 6 3 
5 2 5 55 42 42 5 5 
4 5 6 50 59 54 3 6 
6 4 6 54 66 47 4 6 
6 6 7 52 41 51 3 5 
4 4 5 44 67 57 5 4 
5 3 5 49 44 64 5 5 
6 3 4 44 70 38 2 4 
6 6 4 64 61 48 5 4 
5 6 4 63 75 34 3 4 
5 4 3 62 25 57 4 3 
5 4 6 36 43 42 5 5 
2 3 4 52 43 43 4 4 
5 3 4 44 40 49 4 3 
6 4 5 51 59 57 3 4 
4 5 5 45 38 59 5 6 
3 6 6 32 46 63 5 4 
6 6 4 58 39 42 4 5 
4 5 5 41 46 41 3 5 
4 5 6 48 58 50 4 4 
5 5 6 37 49 52 4 4 
4 5 4 41 34 37 4 4 
3 3 3 51 46 51 5 3 
2 6 3 57 52 40 5 4 
5 5 7 56 59 38 6 3 
4 6 4 55 46 34 4 4 
3 3 4 66 23 42 4 5 
5 4 3 38 44 50 4 5 
4 6 4 32 42 54 5 5 
5 5 5 32 35 57 6 5 
5 4 5 53 46 51 3 4 
4 4 4 53 45 47 4 4 
5 6 4 45 49 41 4 3 
6 6 5 59 57 63 6 5 
5 6 5 36 43 48 6 4 
5 5 5 48 43 51 5 5 
5 4 4 55 46 68 4 4 
3 5 5 50 59 43 6 3 
6 4 6 57 37 43 3 6 
3 4 4 59 26 54 5 4 
5 3 5 42 66 39 4 4 
5 3 4 70 38 47 5 7 
5 3 5 47 41 49 5 3 
4 6 5 44 53 54 4 4 
5 5 4 42 58 37 4 6 
5 2 4 53 43 59 5 6 
6 5 5 41 45 33 2 5 
6 7 4 44 38 66 4 3 
4 4 4 42 46 51 5 4 
5 3 4 54 51 45 5 5 
4 5 4 34 27 44 3 5 
6 5 6 57 31 52 4 5 
5 5 5 58 58 25 5 4 
5 6 3 52 62 48 4 5 
5 4 3 46 62 48 6 2 
4 5 4 59 47 51 5 6 
4 3 5 43 59 37 4 4 
3 4 3 53 51 51 3 5 
4 5 2 53 44 48 5 7 
5 2 6 69 63 42 5 4 
3 3 3 48 59 46 5 6 
4 5 6 59 37 13 5 4 
5 6 5 45 44 46 6 7 
5 5 4 41 48 52 4 5 
5 4 5 41 53 53 5 6 
4 5 5 47 55 49 4 4 
4 4 6 57 61 54 3 6 
4 4 4 46 63 35 4 3 
5 4 6 54 50 56 4 5 
3 5 4 56 71 59 7 3 
3 4 3 50 52 55 7 3 
6 6 5 37 45 54 3 5 
6 4 3 62 35 66 5 5 
3 4 6 48 66 51 5 5 
6 5 6 33 41 37 4 4 
4 2 6 33 42 46 5 7 
6 6 5 50 63 34 4 4 
5 5 4 46 66 56 3 5 
5 3 4 43 63 47 5 5 
2 4 4 62 38 31 3 3 
5 3 4 50 53 74 4 7 
5 3 5 46 57 73 4 6 
4 3 4 54 48 70 3 4 
2 4 6 57 32 52 6 6 
4 4 5 59 60 40 4 3 
5 5 5 57 36 60 6 3 
7 6 6 56 49 42 2 4 
5 4 4 46 41 45 5 2 
5 3 7 59 64 23 6 5 
5 6 4 32 56 42 4 4 
6 4 4 44 63 31 5 5 
4 4 3 45 69 57 7 4 
6 4 5 35 64 45 4 5 
6 4 5 39 56 50 5 5 
5 4 2 47 68 36 6 4 
5 6 5 70 37 42 4 2 
5 4 5 57 55 54 4 4 
3 4 5 56 51 64 5 4 
3 6 5 46 48 64 4 4 
4 7 6 61 34 43 5 7 
5 4 4 47 53 53 7 5 
4 5 4 30 46 52 4 4 
5 3 4 62 54 43 5 3 
3 4 4 58 43 50 4 5 
4 4 5 58 60 43 5 3 
5 4 5 54 67 50 5 5 
4 4 4 38 36 48 5 4 
6 7 5 46 44 52 5 4 
4 4 4 31 68 56 5 3 
3 3 4 49 47 48 3 4 
4 5 4 49 59 42 4 4 
4 3 5 31 63 48 5 4 
3 5 5 68 48 41 4 6 
5 5 4 38 60 52 3 4 
5 5 5 55 50 47 4 4 
4 5 4 34 55 27 3 5 
6 5 4 49 68 38 4 4 
3 3 6 39 50 59 3 4 
3 4 5 59 60 41 5 3 
4 5 6 46 49 51 4 3 
4 4 4 56 34 50 3 4 
4 4 5 34 62 42 4 4 
4 4 5 69 51 56 4 4 
6 5 4 44 46 47 3 5 
4 5 4 28 33 44 5 2 
4 3 5 39 47 47 5 3 
6 2 5 47 38 41 4 4 
6 5 6 53 53 51 4 5 
6 4 5 48 18 42 5 5 
4 8 5 53 54 47 5 2 
5 4 4 46 43 55 5 3 
3 4 5 42 48 58 4 6 
5 4 5 44 38 46 5 6 
5 5 4 48 44 51 3 4 
3 4 4 36 42 58 5 5 
2 6 6 71 58 35 3 4 
6 2 5 38 57 50 4 5 
7 5 5 47 24 69 5 4 
5 4 6 58 42 58 6 3 
4 6 4 49 55 58 5 5 
4 5 3 51 51 57 4 4 
5 5 3 47 52 56 5 7 
5 7 5 49 55 42 6 3 
6 3 4 41 54 62 3 6 
5 4 5 18 49 56 6 5 
3 5 4 53 49 55 6 3 
4 6 4 53 25 49 5 6 
4 6 5 36 33 25 5 5 
4 7 4 64 44 73 4 3 
5 3 6 58 52 43 7 4 
6 5 4 59 58 41 2 5 
4 5 4 39 47 39 4 4 
6 4 6 68 39 53 3 3 
5 4 4 45 46 64 5 5 
6 3 4 58 56 63 3 5 
5 5 3 41 69 65 6 4 
4 4 4 57 50 34 4 3 
5 5 5 39 54 55 5 6 
4 4 6 41 49 72 5 3 
5 3 4 44 43 39 3 4 
6 5 6 51 40 60 6 5 
5 4 3 46 56 44 4 5 
7 6 4 57 45 58 5 4 
4 6 4 44 43 46 3 3 
4 5 4 40 60 41 5 5 
4 3 4 63 45 48 5 6 
6 6 4 53 34 47 6 4 
5 5 4 64 78 44 3 4 
4 6 4 39 56 63 6 6 
5 7 5 43 56 52 5 4 
3 4 4 50 39 58 4 5 
5 5 4 55 33 49 4 4 
4 5 3 45 58 42 5 5 
5 6 4 62 58 42 3 4 
5 4 6 61 46 36 3 4 
7 4 5 59 50 53 4 3 
3 5 6 51 50 45 6 4 
5 4 5 38 45 39 3 5 
4 3 5 57 36 51 5 6 
5 4 5 48 43 66 6 4 
4 4 6 36 64 56 5 5 
5 5 5 49 54 45 6 6 
5 6 6 43 55 38 6 5 
6 5 7 47 79 33 5 4 
4 7 5 61 50 47 5 5 
4 4 5 45 28 66 4 4 
3 5 8 67 51 48 5 6 
4 4 5 57 40 50 6 4 
6 4 5 61 49 57 6 4 
4 4 4 51 45 54 7 4 
5 6 6 61 52 43 4 5 
4 2 6 44 53 53 6 5 
2 5 3 62 47 40 3 3 
3 3 4 43 67 69 4 5 
4 4 2 52 46 39 3 4 
4 3 4 34 51 41 4 3 
5 3 6 24 39 57 5 6 
5 5 2 41 58 43 5 4 
6 5 3 42 60 54 4 3 
5 5 6 45 49 61 5 6 
3 5 5 45 45 51 6 5 
4 6 5 47 65 31 4 5 
3 4 4 32 42 39 4 5 
3 6 4 54 66 61 2 4 
3 3 4 46 52 44 4 4 
5 5 6 71 58 34 4 5 
4 6 3 50 74 49 4 2 
4 4 5 48 64 58 3 4 
4 4 3 63 30 26 4 3 
4 5 3 44 57 44 7 5 
5 6 4 80 28 53 2 5 
6 5 4 53 44 51 5 4 
5 3 4 54 42 33 7 3 
6 5 5 50 57 59 4 5 
5 4 4 51 48 35 6 5 
5 4 6 44 57 61 6 4 
4 5 5 51 52 32 4 4 
4 4 6 45 45 39 4 3 
4 5 6 37 39 65 4 2 
4 7 4 62 51 38 5 4 
4 3 6 62 45 74 5 4 
5 5 5 62 42 50 5 5 
5 6 6 43 54 63 4 3 
3 4 6 51 50 37 3 5 
5 5 5 46 60 54 5 3 
3 3 4 42 29 47 4 5 
4 5 6 41 38 42 5 4 
4 5 4 65 62 66 5 3 
5 6 6 53 45 45 5 3 
6 5 4 65 46 46 3 3 
4 6 6 60 56 59 5 3 
4 6 4 59 39 43 6 5 
4 4 4 34 47 42 2 6 
4 5 4 73 55 42 3 4 
3 3 4 65 28 54 6 6 
5 4 4 43 23 60 4 4 
5 6 5 64 64 50 4 3 
4 3 4 57 56 57 4 4 
5 5 6 50 45 71 4 5 
3 3 5 36 58 48 4 4 
3 4 6 44 38 51 5 4 
4 5 3 50 61 56 5 4 
4 6 4 75 73 20 4 4 
4 6 4 45 56 52 5 7 
5 6 5 46 47 57 5 5 
6 5 3 60 59 66 5 5 
4 5 6 65 39 54 4 5 
4 6 5 47 48 54 6 3 
3 5 5 32 68 30 4 5 
4 5 5 29 45 37 6 4 
5 5 6 54 41 54 6 6 
3 4 3 25 61 58 5 5 
3 5 4 49 38 52 4 4 
4 5 5 52 41 39 4 4 
5 5 4 54 60 28 4 5 
4 6 4 40 68 47 4 5 
4 5 5 43 54 43 3 3 
5 6 6 35 35 55 3 3 
5 5 5 47 50 59 5 3 
4 5 3 52 67 57 4 7 
5 4 3 55 46 47 3 4 
4 4 3 62 52 55 4 6 
4 4 4 44 40 43 4 4 
3 5 7 45 53 39 5 4 
3 6 6 57 31 47 6 4 
4 3 5 43 61 52 3 3 
4 6 5 53 50 42 5 6 
4 4 4 46 36 72 6 5 
4 4 4 51 37 44 4 5 
4 2 4 54 78 52 4 3 
3 5 4 56 50 47 4 6 
4 7 5 34 68 51 5 4 
6 4 5 44 65 31 5 5 
5 6 5 49 39 48 5 5 
5 4 3 60 48 53 5 4 
5 6 5 67 53 47 5 3 
5 5 6 37 36 35 5 4 
3 4 4 61 48 61 4 5 
4 5 5 48 34 42 4 5 
4 3 4 40 49 43 4 6 
5 3 4 37 45 54 5 4 
5 4 4 53 64 49 4 6 
4 4 5 48 48 49 6 3 
5 5 3 41 59 51 5 4 
4 6 4 42 67 56 5 6 
4 3 5 61 28 53 4 5 
4 4 6 55 47 38 4 6 
5 3 5 32 43 60 4 5 
6 4 6 26 41 52 3 4 
4 3 5 57 42 45 3 3 
6 6 4 32 47 40 7 4 
4 7 4 62 42 26 4 3 
4 5 4 53 50 53 6 4 
5 5 3 50 73 51 5 4 
5 5 4 52 46 31 6 4 
2 4 4 54 53 57 4 4 
5 3 4 48 49 49 5 4 
6 6 6 63 46 26 4 5 
4 4 5 65 66 42 4 5 
5 3 5 41 62 63 5 5 
5 5 4 52 56 29 5 2 
5 4 3 49 66 58 4 5 
4 6 4 39 62 62 5 5 
4 5 4 38 41 57 4 5 
3 4 4 44 38 58 3 5 
3 3 6 45 49 34 4 4 
5 5 3 46 53 55 3 5 
4 4 5 58 61 18 4 5 
3 5 3 41 38 46 5 6 
2 3 6 50 42 50 5 4 
4 3 5 52 58 44 3 4 
3 7 5 67 46 42 5 2 
4 3 4 39 41 48 5 4 
5 5 3 42 36 52 4 5 
5 5 5 55 58 49 5 5 
5 2 4 39 47 39 4 5 
6 6 4 53 50 41 4 4 
4 3 5 60 46 69 3 6 
4 5 5 48 42 48 5 6 
7 4 4 43 41 35 6 5 
6 4 5 72 32 61 4 6 
4 6 4 46 47 56 4 4 
8 5 3 57 53 64 5 5 
5 5 6 48 51 54 5 5 
3 7 4 45 52 56 3 5 
3 3 5 43 55 65 5 4 
5 5 5 58 58 55 4 4 
5 4 5 48 51 53 5 4 
4 3 4 53 39 53 3 6 
4 3 7 72 55 52 4 4 
6 5 4 47 46 51 4 3 
3 5 5 55 47 36 4 5 
6 3 5 39 48 60 5 4 
5 6 3 67 55 52 5 5 
5 6 5 61 69 54 2 4 
5 4 3 51 32 54 6 3 
6 7 4 52 58 62 6 4 
4 5 5 58 62 56 4 4 
5 5 5 34 58 46 5 4 
5 4 4 41 39 35 4 4 
4 5 6 54 60 35 4 4 
6 6 5 48 59 65 6 4 
6 3 3 41 38 41 6 4 
7 4 5 27 55 50 4 3 
4 5 5 48 51 53 7 4 
4 3 5 60 41 53 5 5 
5 4 6 51 27 28 6 4 
5 4 3 55 36 32 3 6 
5 2 6 56 48 50 5 4 
4 4 5 70 52 50 3 5 
4 4 3 42 37 40 5 6 
6 3 3 51 45 34 3 2 
6 3 4 43 52 43 4 4 
5 5 2 58 58 63 4 5 
6 4 5 53 48 57 2 4 
3 5 6 43 39 51 3 3 
5 2 5 57 61 37 2 6 
4 4 5 68 44 70 4 4 
5 6 3 40 55 46 6 3 
4 5 5 56 57 69 5 4 
4 6 4 38 43 40 5 4 
5 4 6 54 32 47 3 1 
5 4 5 55 38 45 5 7 
4 5 5 40 65 48 4 4 
4 5 5 41 69 47 5 5 
6 5 5 64 29 48 3 4 
4 4 4 62 37 43 4 4 
5 4 5 55 34 37 4 4 
6 4 5 74 70 55 4 6 
5 3 6 47 56 60 6 4 
5 5 4 45 60 35 5 6 
6 5 4 51 40 60 5 4 
6 3 2 59 57 57 4 6 
4 5 2 53 51 62 5 3 
5 5 4 65 50 51 4 4 
4 4 5 53 56 50 3 5 
4 3 5 53 46 48 4 4 
3 7 6 53 58 56 4 4 
3 4 4 55 68 48 4 5 
5 6 4 48 65 50 6 4 
4 5 6 40 56 47 5 5 
5 5 5 60 59 54 5 6 
7 4 5 56 51 42 5 6 
4 7 5 48 49 60 4 5 
6 5 6 60 54 56 5 4 
4 3 5 43 45 34 4 4 
4 3 7 38 49 51 4 5 
5 4 5 64 27 44 5 6 
6 2 5 38 60 29 5 5 
6 4 7 38 48 50 6 5 
4 5 4 54 41 50 4 6 
6 4 5 56 57 48 4 6 
4 4 4 43 40 37 5 4 
6 3 5 40 51 40 5 4 
4 4 5 64 49 56 6 3 
4 5 4 77 53 42 4 3 
4 5 6 50 62 47 5 4 
4 4 3 59 57 56 4 7 
5 5 3 56 42 56 4 5 
4 5 6 57 58 55 5 5 
5 4 6 40 68 45 4 5 
4 3 3 54 61 35 5 5 
4 4 5 50 41 59 5 4 
4 5 3 43 46 53 5 4 
3 4 5 63 39 48 5 5 
5 4 4 41 59 46 5 3 
7 4 3 30 45 53 2 5 
5 5 4 49 37 53 5 4 
5 4 4 61 58 62 4 4 
5 3 5 41 46 25 5 5 
4 3 5 64 39 41 6 5 
3 5 2 63 57 61 5 3 
4 6 4 36 46 56 5 5 
5 5 5 44 53 63 4 4 
4 5 4 49 59 46 7 4 
3 3 4 44 43 45 7 5 
5 6 6 42 30 56 4 5 
5 5 4 37 70 52 5 4 
4 5 5 43 51 49 5 4 
4 6 2 42 63 53 4 4 
4 4 4 53 44 36 4 5 
5 5 6 42 42 33 4 6 
5 4 5 48 45 60 6 5 
4 4 5 44 52 46 5 4 
4 5 4 51 62 44 5 4 
5 4 6 46 48 60 6 5 
4 5 3 76 66 58 4 6 
4 4 3 37 51 46 4 5 
6 6 3 58 33 46 4 5 
4 5 4 38 50 54 6 3 
5 5 3 24 55 52 4 3 
5 4 3 42 47 54 7 3 
3 4 3 42 64 39 4 5 
3 2 5 65 55 43 5 4 
5 5 5 43 42 56 4 4 
5 3 6 32 60 57 3 4 
6 5 4 58 51 52 4 3 
2 5 5 55 34 37 6 5 
5 5 4 61 61 32 6 5 
4 4 2 59 39 47 5 7 
5 5 5 52 37 48 4 3 
5 4 5 46 55 57 4 6 
4 4 6 66 56 36 4 5 
4 4 5 49 47 50 7 4 
3 5 5 67 50 46 6 3 
6 5 3 57 53 43 6 4 
4 4 4 42 58 61 4 4 
6 7 4 53 58 73 4 4 
5 3 5 67 47 62 2 3 
6 5 5 42 37 45 5 2 
4 5 5 38 48 57 6 3 
7 2 3 50 48 55 4 5 
4 5 4 64 67 53 8 5 
5 5 7 51 47 65 6 3 
4 4 6 30 47 55 4 4 
4 4 5 59 72 53 4 6 
6 3 5 39 38 43 5 6 
4 2 7 39 40 51 6 4 
5 3 4 45 32 43 7 4 
5 5 3 47 45 43 5 6 
4 5 3 59 72 49 5 4 
7 6 3 65 25 56 4 4 
5 4 5 46 50 42 5 6 
6 5 5 40 50 46 4 5 
4 5 5 43 57 23 4 5 
4 5 5 40 61 51 4 4 
5 5 5 44 63 61 6 5 
6 6 4 45 40 30 4 4 
3 3 4 48 57 31 3 5 
3 5 4 42 50 54 5 5 
5 6 6 20 49 41 5 4 
5 3 4 61 33 40 3 5 
4 4 5 43 54 63 5 5 
5 5 4 44 61 34 6 5 
2 5 3 61 43 53 4 4 
5 6 5 29 67 47 4 4 
6 4 4 59 57 52 4 3 
6 5 6 28 51 59 6 4 
4 3 4 49 42 41 4 4 
4 5 4 47 43 58 4 3 
6 4 4 64 36 56 3 6 
5 3 4 50 63 69 5 5 
4 4 6 69 48 56 4 4 
4 4 3 49 51 58 4 5 
4 3 4 60 68 62 4 4 
5 6 3 56 42 31 6 5 
5 4 3 60 51 29 5 4 
2 4 5 56 47 32 4 5 
5 5 7 53 39 50 5 5 
3 6 5 39 43 48 5 4 
6 6 5 45 38 44 4 5 
4 5 4 46 41 41 5 5 
6 5 5 57 52 63 3 4 
5 4 5 44 50 46 5 4 
5 4 5 49 44 48 4 4 
5 5 5 51 46 69 4 5 
3 4 5 62 53 61 4 6 
6 4 6 52 47 44 5 5 
4 5 5 42 45 36 6 3 
5 5 5 36 52 55 6 5 
5 5 5 42 37 38 5 4 
4 3 5 72 49 41 5 3 
4 6 4 50 38 41 4 5 
5 5 5 62 61 45 5 4 
5 5 6 37 63 43 5 6 
4 4 3 59 62 59 6 6 
5 4 5 52 44 41 4 4 
7 5 5 35 59 54 4 5 
4 4 5 48 67 44 3 4 
4 4 4 51 43 45 3 5 
5 5 4 53 45 56 5 5 
6 5 5 60 48 24 6 4 
4 4 5 40 46 45 4 5 
6 4 4 55 55 47 5 4 
6 3 5 49 49 63 6 5 
4 4 5 40 47 38 4 4 
4 4 6 51 51 44 7 5 
4 4 5 50 50 51 4 4 
2 6 4 54 36 54 5 4 
7 5 4 54 36 55 4 4 
6 3 3 16 32 61 4 6 
4 6 4 47 39 45 3 5 
7 5 6 43 38 46 3 5 
6 3 5 55 56 38 4 5 
4 7 4 65 57 51 5 4 
6 5 4 26 49 56 4 5 
3 6 4 62 52 56 4 4 
5 6 4 54 48 54 5 7 
3 5 3 47 48 58 3 5 
4 6 6 64 39 57 5 5 
5 3 5 47 49 41 5 4 
4 5 4 54 39 66 6 4 
5 7 6 63 45 57 6 3 
4 5 4 47 50 51 5 4 
5 4 4 59 47 48 6 5 
4 5 5 58 46 44 3 4 
5 6 4 47 52 47 4 6 
4 6 5 62 56 48 4 5 
5 4 4 50 31 44 4 8 
3 3 6 52 62 70 4 6 
4 7 5 48 37 41 4 4 
4 3 4 46 43 54 5 4 
6 3 5 48 64 46 4 5 
4 3 4 51 24 57 6 3 
5 6 5 46 49 40 3 6 
5 6 4 35 52 63 4 4 
3 4 3 54 71 61 4 6 
5 4 4 54 73 55 5 4 
4 3 7 55 60 39 6 5 
2 5 5 50 42 61 4 4 
5 5 5 25 33 40 5 4 
5 4 5 56 59 46 5 4 
6 5 4 30 53 56 4 5 
3 5 5 45 44 46 3 6 
5 5 5 53 54 50 5 3 
4 6 6 77 51 44 5 4 
4 6 5 49 33 63 5 4 
6 3 4 49 46 51 3 6 
4 4 7 52 52 44 6 5 
4 3 5 40 70 28 4 5 
5 3 5 57 64 46 5 3 
4 5 5 47 47 39 4 5 
5 5 4 63 38 44 4 3 
6 5 4 53 33 42 3 4 
5 4 4 56 32 61 3 4 
4 6 5 41 50 49 4 6 
5 4 4 66 50 58 5 4 
5 5 5 61 50 56 5 5 
5 4 3 66 49 58 4 6 
4 4 5 43 66 35 5 4 
6 4 4 61 65 52 4 3 
5 4 5 36 54 47 5 3 
4 3 4 34 66 37 4 5 
4 4 5 54 36 54 5 3 
3 4 3 49 34 46 4 3 
5 5 3 38 56 40 4 4 
6 3 4 50 69 50 5 5 
4 2 4 60 52 54 6 4 
5 2 4 59 48 42 4 4 
5 4 4 47 72 50 4 6 
2 4 4 48 43 38 4 4 
4 5 5 44 56 51 3 6 
5 4 5 31 39 53 6 4 
4 5 4 39 48 49 2 6 
4 6 3 46 57 43 3 5 
6 3 4 49 49 48 4 4 
4 4 6 42 38 54 3 5 
5 3 5 40 49 57 3 4 
3 4 4 40 52 47 5 5 
4 5 5 52 33 61 5 5 
4 5 6 63 45 48 5 3 
6 3 5 46 40 52 4 4 
6 5 5 61 58 55 5 3 
5 5 3 63 44 40 6 5 
5 4 4 55 60 68 4 5 
3 6 3 65 55 35 4 6 
5 4 6 29 53 65 5 4 
4 4 4 49 49 41 7 6 
3 2 5 54 55 65 5 3 
4 5 3 46 36 48 3 3 
4 4 3 50 53 43 4 6 
5 5 5 57 57 37 6 5 
5 4 4 53 40 48 6 7 
2 4 4 57 49 46 5 5 
4 4 4 54 73 42 4 5 
5 5 6 58 61 32 5 4 
4 3 4 47 57 52 3 5 
4 6 6 35 47 44 5 4 
5 5 4 44 44 47 4 3 
5 2 5 61 40 54 4 4 
6 6 5 60 69 43 5 4 
5 5 5 65 59 50 4 4 
4 4 5 43 49 58 4 5 
5 5 6 46 52 40 6 5 
6 5 5 25 35 44 5 4 
5 5 4 38 46 48 4 4 
6 4 3 59 47 47 5 4 
3 5 5 48 47 53 4 4 
5 5 4 59 48 50 5 4 
4 5 5 55 28 46 5 4 
6 5 3 46 56 39 5 5 
3 6 4 55 35 54 6 5 
4 4 6 41 61 43 6 5 
5 6 5 55 49 41 5 5 
5 6 3 46 43 62 4 4 
6 5 4 69 56 55 4 4 
4 4 5 43 28 34 6 5 
4 5 3 46 38 59 5 4 
6 8 4 47 57 46 5 5 
4 4 5 58 27 48 4 3 
5 4 6 62 36 46 4 2 
4 5 3 45 52 53 3 6 
4 4 4 39 51 42 5 4 
4 5 6 41 46 58 5 5 
2 6 5 61 45 52 6 5 
4 4 5 17 72 32 5 5 
4 4 5 52 50 50 4 6 
3 5 5 24 52 42 5 5 
5 3 6 46 62 47 4 3 
5 4 4 61 65 57 2 5 
4 7 6 60 49 58 5 4 
3 6 6 49 50 40 7 6 
6 2 4 50 46 54 5 4 
2 3 6 48 60 58 5 4 
4 4 5 46 41 41 3 4 
4 4 4 42 48 54 4 4 
6 3 5 39 47 59 5 5 
5 4 4 52 56 49 3 3 
3 6 3 62 54 59 4 3 
5 5 5 52 51 62 4 4 
5 5 3 40 47 60 6 5 
4 5 4 33 56 41 3 4 
5 5 5 57 43 52 2 4 
4 5 3 36 39 43 3 6 
6 3 3 34 62 52 4 4 
6 3 5 46 66 54 2 4 
3 6 4 51 53 65 5 4 
5 4 3 50 29 53 6 5 
4 4 4 36 60 35 6 4 
4 5 3 41 57 50 4 4 
5 4 4 53 63 58 3 4 
5 6 3 60 41 79 4 4 
4 5 6 64 45 47 4 5 
4 7 4 50 43 60 5 5 
5 6 5 47 34 58 4 3 
5 3 3 43 59 45 3 6 
4 5 7 55 54 41 5 6 
5 6 5 63 59 49 3 6 
6 5 3 53 59 42 3 5 
6 4 6 62 52 51 4 6 
5 4 5 57 46 36 5 2 
4 4 4 54 49 56 3 6 
5 2 4 37 68 33 2 4 
6 5 3 49 46 39 2 5 
3 4 6 64 49 47 5 4 
4 5 4 35 72 41 3 5 
5 5 4 52 52 51 5 3 
4 3 3 38 46 49 4 4 
6 6 5 45 60 46 6 4 
6 7 3 37 69 43 4 4 
4 4 5 58 52 57 3 5 
4 4 6 36 35 59 5 5 
4 4 5 46 63 53 3 1 
4 4 3 38 59 49 7 4 
4 4 4 48 42 41 2 5 
4 6 6 50 41 44 3 4 
4 6 6 56 35 61 3 5 
4 5 2 68 41 29 4 5 
5 4 5 68 62 29 4 2 
4 7 3 54 53 63 6 7 
5 5 5 35 26 30 4 4 
5 3 3 61 31 58 5 4 
4 4 4 41 63 48 5 5 
3 2 6 49 48 50 5 3 
4 7 4 41 61 23 5 5 
6 3 5 59 61 63 5 6 
3 4 3 45 54 62 5 5 
4 5 4 39 64 53 6 6 
4 5 4 51 39 43 2 4 
5 5 4 38 60 53 6 2 
5 5 3 42 60 46 6 5 
5 5 4 49 46 48 3 6 
2 5 4 35 61 51 4 6 
3 4 5 44 66 46 5 7 
5 4 6 39 56 58 4 5 
6 3 5 62 39 71 6 4 
3 3 5 55 59 54 4 5 
4 6 4 60 54 41 5 5 
5 3 3 48 49 44 5 4 
4 5 5 57 39 42 5 5 
6 6 5 52 62 57 5 4 
5 5 4 42 52 64 4 3 
4 4 4 81 49 44 6 5 
4 4 5 56 55 31 4 5 
3 5 5 33 51 42 5 6 
3 5 6 39 42 53 6 3 
6 4 5 57 61 49 6 6 
5 4 4 49 41 47 5 3 
4 6 4 34 58 43 5 4 
5 5 5 39 44 52 5 7 
4 5 3 44 48 52 2 5 
4 4 3 36 46 44 4 4 
5 5 4 56 56 43 4 4 
5 4 4 53 40 40 5 5 
6 5 5 49 51 40 4 4 
6 5 5 40 41 48 6 3 
4 5 4 43 57 45 5 3 
5 5 6 61 55 61 3 4 
3 5 5 64 30 64 4 5 
4 2 2 51 27 48 5 5 
5 4 5 52 69 39 4 4 
5 4 5 23 51 51 5 5 
5 3 6 44 34 52 4 4 
5 4 4 36 60 58 4 7 
4 7 4 45 58 58 6 4 
7 4 4 50 49 42 3 4 
5 6 5 57 60 63 6 5 
4 6 4 51 49 40 4 5 
5 5 5 57 49 61 3 4 
6 4 5 60 58 56 4 4 
6 5 2 57 45 52 5 6 
7 4 4 46 53 48 6 5 
6 5 5 52 49 43 4 6 
4 5 5 46 55 47 5 6 
4 4 7 57 50 61 6 5 
5 4 4 65 43 63 5 5 
5 3 4 44 36 61 6 3 
5 4 4 68 61 44 5 3 
6 3 5 44 32 46 3 5 
5 4 4 53 51 63 3 5 
6 4 7 43 49 43 6 5 
3 5 3 62 71 52 3 4 
5 5 5 33 51 56 4 4 
4 6 6 52 58 46 7 5 
5 6 6 38 49 50 5 2 
6 4 3 43 38 43 4 5 
4 5 4 40 47 35 5 5 
3 4 4 39 58 57 6 5 
3 5 2 49 39 41 5 5 
5 5 5 45 54 60 2 4 
4 5 2 48 37 49 4 4 
5 4 5 48 68 48 5 3 
5 4 4 33 49 38 5 3 
5 5 4 46 51 41 4 6 
5 5 4 59 62 33 5 4 
4 1 5 55 57 43 4 4 
5 5 4 49 72 49 5 6 
5 5 3 40 52 56 5 2 
4 3 4 62 43 42 4 6 
5 5 4 65 68 61 5 3 
4 4 5 80 55 38 4 5 
7 5 4 64 51 34 3 5 
6 5 4 38 50 59 6 4 
6 5 5 50 37 49 6 5 
4 4 4 44 43 61 6 3 
3 5 5 59 57 63 5 3 
3 6 8 39 21 38 4 4 
3 5 5 48 55 40 4 4 
5 5 5 62 35 46 5 7 
4 6 5 47 45 53 3 4 
6 5 5 45 62 55 4 6 
5 4 6 46 52 54 5 4 
6 4 4 48 55 66 3 6 
4 5 3 44 59 56 5 4 
5 5 4 61 51 47 6 4 
5 4 5 35 45 58 7 4 
5 5 7 51 48 58 4 4 
6 5 3 55 36 47 6 4 
6 4 5 81 51 46 4 4 
4 5 5 63 49 65 6 5 
6 5 5 47 46 50 6 5 
6 5 4 49 50 59 4 5 
5 5 2 46 46 50 5 3 
3 4 5 45 41 46 5 5 
4 5 4 60 69 41 5 4 
4 5 6 50 52 38 4 5 
3 4 5 38 59 44 4 5 
4 4 4 49 65 59 4 5 
4 3 5 41 40 64 7 4 
5 7 3 47 26 34 4 4 
3 5 5 62 59 58 4 3 
4 3 4 42 62 43 5 5 
6 7 4 49 60 51 4 6 
3 4 4 41 54 52 5 5 
4 4 4 52 39 64 2 6 
5 5 3 62 59 76 2 5 
4 4 4 56 37 48 5 2 
3 3 4 52 51 46 5 4 
4 5 4 35 31 17 4 5 
6 6 6 45 57 54 6 7 
4 5 4 30 54 40 3 4 
6 6 6 47 55 53 4 3 
4 4 5 51 58 40 3 3 
5 5 5 69 46 36 5 4 
5 5 3 40 64 42 5 4 
6 5 4 70 43 30 4 5 
4 3 5 52 28 35 4 4 
6 6 4 61 43 78 3 3 
5 4 4 48 59 54 5 3 
6 4 6 45 56 63 5 4 
4 4 6 58 28 58 4 5 
4 4 5 41 51 40 6 5 
4 3 5 56 29 49 5 5 
4 8 3 56 61 36 6 4 
6 3 5 70 50 46 3 6 
3 4 6 36 36 52 3 5 
4 5 3 53 58 27 4 6 
2 3 7 53 42 46 5 6 
6 3 6 48 63 37 4 6 
6 4 6 44 39 45 4 4 
3 5 4 51 64 52 5 4 
4 4 5 52 49 39 7 6 
5 4 3 60 57 66 3 3 
4 5 6 56 51 54 3 3 
5 4 4 58 49 57 5 3 
4 5 6 52 49 43 3 4 
5 5 2 48 37 64 5 6 
4 4 5 43 53 34 4 4 
6 6 4 44 44 49 7 3 
6 5 5 47 53 50 6 4 
6 5 5 44 43 49 2 5 
4 6 5 54 36 54 6 5 
5 4 3 51 44 53 3 3 
3 3 5 55 23 50 4 3 
5 3 4 36 55 44 5 5 
2 4 4 43 48 61 5 5 
6 3 5 53 49 42 5 5 
3 4 4 63 52 41 5 6 
4 5 4 52 62 49 2 5 
5 5 5 47 46 54 4 2 
4 4 5 43 54 44 4 3 
4 5 5 54 62 52 5 4 
5 5 3 39 53 36 3 3 
5 5 7 63 50 59 5 4 
4 4 6 61 61 49 4 5 
4 5 5 37 45 34 4 4 
6 4 4 56 61 43 3 5 
4 5 4 36 41 43 5 3 
3 3 4 63 47 52 4 2 
6 4 6 63 62 65 7 6 
6 4 5 39 30 56 4 4 
5 5 5 29 50 62 5 4 
5 7 4 66 55 35 3 6 
3 3 3 36 49 53 4 3 
4 5 4 46 37 52 2 5 
5 7 4 44 46 60 2 5 
7 4 6 48 47 54 4 3 
7 3 3 63 60 47 5 4 
4 3 4 60 45 35 5 4 
5 6 6 52 58 65 5 4 
5 5 5 59 37 61 3 4 
4 6 4 62 42 61 4 3 
4 7 3 53 43 55 5 4 
5 5 6 40 57 55 3 4 
5 4 4 42 58 57 5 5 
3 6 5 47 46 33 5 4 
8 5 4 78 40 35 5 4 
5 4 5 46 65 43 4 5 
5 6 5 60 50 52 2 4 
5 3 7 60 46 46 3 3 
6 6 5 63 57 41 5 5 
4 4 3 59 52 52 5 2 
4 4 4 62 38 47 3 6 
4 4 3 56 50 47 4 2 
4 4 3 33 54 47 5 4 
3 4 6 61 53 42 4 5 
5 6 4 51 43 42 4 4 
4 5 3 42 49 38 6 4 
5 3 5 62 51 60 4 1 
5 6 3 42 47 49 5 4 
7 4 3 50 53 58 3 5 
7 5 4 48 60 34 6 2 
4 4 3 60 49 58 3 3 
6 5 6 54 48 53 4 5 
5 5 6 36 44 64 4 4 
5 4 4 48 64 75 4 4 
3 5 4 58 40 47 5 3 
5 4 4 55 38 60 5 4 
5 6 5 52 52 60 4 4 
6 4 5 56 62 32 4 7 
3 4 4 65 53 52 3 5 
3 5 4 35 68 41 4 4 
3 1 5 62 56 44 4 4 
5 5 6 54 53 63 3 4 
5 5 4 59 53 44 4 6 
4 3 4 55 56 63 5 5 
6 7 4 51 59 52 5 4 
6 5 4 47 48 48 3 3 
2 3 5 41 48 55 5 3 
4 4 4 55 52 58 3 4 
5 5 4 48 53 48 4 4 
5 5 5 47 58 54 4 4 
4 5 5 76 55 16 6 3 
4 4 5 53 55 55 5 5 
5 5 6 55 51 39 4 3 
4 2 3 27 60 31 4 4 
5 5 4 43 49 46 5 4 
4 5 6 55 65 51 4 5 
5 4 4 52 50 31 5 5 
5 5 4 55 54 42 4 4 
3 4 6 65 48 75 2 4 
4 5 5 44 42 63 6 7 
3 5 5 54 53 30 4 3 
3 4 6 69 53 45 5 7 
3 4 6 52 60 43 6 5 
5 4 5 58 44 56 6 4 
3 4 4 54 61 36 3 5 
6 5 3 55 42 50 3 4 
5 4 4 28 35 45 4 5 
7 4 4 63 53 26 5 4 
4 3 3 45 48 47 6 5 
3 4 4 60 46 49 4 3 
5 5 4 47 60 48 5 5 
4 4 4 45 50 55 4 5 
5 4 4 70 68 61 4 6 
3 6 5 53 56 71 7 5 
4 4 4 62 54 47 5 3 
4 3 6 83 50 44 5 4 
5 4 4 58 41 50 4 4 
3 4 5 42 46 56 5 5 
2 5 6 41 48 58 4 5 
4 5 4 43 48 53 5 5 
5 6 6 62 50 57 3 5 
5 4 5 58 56 38 5 5 
6 7 5 51 32 47 5 3 
6 3 4 62 34 34 5 3 
4 3 5 65 41 39 3 4 
5 3 4 45 52 57 3 5 
6 4 5 43 53 33 5 6 
5 4 5 47 49 64 3 4 
7 3 5 36 44 45 3 5 
5 5 5 49 45 42 5 4 
2 5 3 43 46 62 5 6 
7 5 4 51 58 55 5 6 
4 4 5 48 57 50 4 5 
5 3 4 47 52 40 3 5 
6 4 5 46 48 47 6 3 
4 4 5 43 67 42 4 4 
5 5 3 40 44 52 4 4 
4 5 4 47 55 53 2 3 
4 5 5 55 38 46 5 5 
6 4 3 67 43 52 5 6 
3 4 4 40 44 39 4 4 
6 8 5 58 61 43 4 5 
3 5 5 46 51 43 4 5 
6 5 6 42 36 61 5 5 
4 3 5 61 42 48 2 4 
3 3 4 52 54 54 5 4 
4 6 4 45 47 61 5 4 
5 4 5 61 51 44 4 6 
5 6 5 55 36 54 5 6 
4 4 5 46 39 61 5 5 
4 5 4 53 53 49 3 5 
4 5 5 59 31 41 3 3 
3 5 6 41 43 53 4 6 
4 4 5 48 46 39 2 4 
2 5 5 43 49 40 4 6 
4 6 6 73 49 59 4 5 
3 5 4 60 72 40 3 4 
4 5 5 31 52 52 5 5 
3 5 4 47 42 47 5 4 
4 6 4 39 33 49 3 4 
7 3 3 48 67 39 6 5 
4 5 5 52 40 49 4 5 
4 6 4 60 57 23 4 3 
6 4 5 54 41 52 6 3 
5 4 5 47 57 34 5 4 
5 3 6 52 40 29 5 7 
3 3 4 52 54 60 7 4 
6 2 4 47 54 62 3 4 
4 4 6 60 56 46 4 4 
3 4 4 46 52 54 5 3 
4 5 4 47 32 28 5 6 
4 5 5 50 52 37 4 4 
5 4 6 30 54 60 3 5 
4 4 5 40 61 41 4 5 
6 5 4 56 30 62 4 4 
4 3 4 44 58 46 3 4 
5 5 5 48 54 35 4 5 
6 5 4 52 64 47 4 5 
4 5 5 58 43 53 5 3 
4 5 3 47 66 51 4 4 
3 6 5 38 42 46 5 4 
6 5 6 29 54 50 7 6 
5 5 4 55 49 59 4 4 
6 6 3 33 41 49 3 5 
3 4 5 59 58 62 4 2 
4 5 5 56 59 62 6 4 
4 3 4 49 54 49 3 4 
4 4 4 40 60 68 4 4 
3 3 5 47 58 44 4 4 
6 5 4 65 55 39 4 5 
5 4 4 37 50 56 4 3 
3 4 4 62 60 63 3 2 
3 5 5 48 41 46 4 5 
6 5 4 54 59 47 5 5 
5 3 6 53 66 62 5 5 
5 4 6 49 41 58 5 5 
4 5 6 46 45 65 4 5 
6 6 4 60 76 53 6 6 
5 6 6 56 76 76 5 5 
4 5 5 51 62 53 6 3 
5 5 6 41 53 48 4 5 
4 6 5 64 56 44 4 4 
5 5 4 47 33 52 6 6 
5 4 6 43 42 40 5 7 
5 5 3 49 60 52 5 4 
5 4 6 55 51 35 4 3 
4 5 4 55 48 59 3 4 
5 4 7 71 55 45 4 5 
4 3 6 54 32 39 4 5 
5 3 5 37 58 35 6 3 
5 4 6 45 51 31 4 7 
4 3 4 47 51 45 5 6 
5 5 5 58 45 56 5 2 
3 1 5 60 40 67 5 5 
6 4 4 33 59 55 3 5 
3 3 4 57 37 51 3 3 
4 5 4 57 62 33 5 5 
5 5 5 60 69 48 4 5 
4 4 4 71 43 56 5 5 
3 6 3 61 55 55 4 3 
3 4 4 61 58 60 2 4 
6 5 5 61 33 61 4 4 
4 4 3 45 67 46 6 4 
3 4 5 38 48 48 5 5 
4 4 3 48 56 40 6 5 
4 4 4 43 44 51 5 4 
6 4 6 53 57 44 4 5 
6 7 6 46 55 33 4 3 
6 4 5 48 44 50 5 5 
5 4 2 49 33 52 5 5 
5 5 5 51 43 49 4 5 
4 5 5 50 57 44 3 4 
4 5 4 58 44 63 5 4 
5 4 5 54 39 53 5 4 
5 5 2 56 50 52 5 4 
3 5 4 50 66 48 3 5 
4 3 6 48 51 75 5 4 
6 5 5 43 42 44 6 4 
5 6 3 62 57 61 5 4 
4 4 5 54 45 62 4 5 
5 3 3 39 52 26 6 4 
5 5 7 31 54 55 5 5 
3 6 6 51 32 50 3 7 
4 4 4 50 56 70 3 6 
5 5 4 56 48 48 4 6 
4 3 4 75 40 67 5 4 
4 5 7 59 46 57 6 6 
4 6 3 49 76 45 4 4 
5 4 5 58 35 48 5 5 
5 5 4 61 67 51 6 5 
5 6 4 46 47 42 6 4 
4 4 4 37 37 39 3 5 
4 6 4 45 61 49 5 4 
4 6 4 26 49 42 4 5 
5 3 6 53 53 53 4 4 
4 4 4 49 33 57 4 4 
3 6 5 42 47 37 7 4 
5 4 4 48 54 43 5 5 
3 6 4 61 27 67 5 4 
5 5 6 37 54 34 3 6 
4 4 4 55 67 55 5 3 
5 3 6 67 51 49 2 4 
4 4 3 37 56 45 5 4 
4 4 4 56 51 69 5 5 
4 5 5 54 38 54 5 4 
3 6 4 40 68 38 4 4 
4 5 4 37 38 41 6 4 
5 5 4 58 38 47 4 4 
3 6 5 65 37 41 4 4 
6 4 7 47 49 30 3 5 
5 4 5 36 49 40 4 3 
3 6 5 60 45 56 4 5 
5 5 6 41 52 50 5 6 
3 3 3 66 50 51 5 3 
6 4 4 38 52 48 5 5 
5 4 5 47 60 27 5 7 
4 5 5 64 64 48 4 4 
6 4 6 37 50 57 4 4 
5 5 6 46 60 47 4 4 
3 5 3 70 68 43 4 3 
5 5 5 47 68 49 6 3 
3 5 6 54 49 46 3 7 
4 3 4 63 31 63 6 3 
3 4 5 52 35 49 5 5 
3 5 4 37 52 58 3 4 
3 3 5 66 57 45 4 3 
3 1 4 73 52 49 3 2 
3 6 6 65 38 49 5 4 
5 5 6 35 47 50 4 7 
5 5 5 65 51 59 4 6 
4 7 4 69 59 43 4 5 
4 5 4 62 57 59 5 4 
4 3 5 35 44 46 3 4 
5 3 6 32 61 63 3 5 
5 3 4 49 40 55 4 4 
5 5 5 54 56 56 3 5 
4 3 7 58 45 47 5 5 
5 4 3 65 51 65 6 5 
5 3 5 56 40 41 5 4 
4 4 4 55 57 37 2 5 
4 4 5 37 32 40 6 5 
3 4 6 76 48 60 6 5 
5 4 4 38 54 62 3 5 
5 4 5 54 55 61 3 4 
5 3 4 48 45 38 4 4 
4 3 2 45 39 52 6 5 
5 3 6 67 49 66 5 5 
5 4 6 45 49 64 3 4 
5 7 4 53 46 57 5 3 
6 5 5 60 52 48 6 4 
6 5 5 57 34 58 4 5 
4 6 5 42 39 62 5 6 
4 3 4 56 54 49 5 3 
5 3 4 59 51 56 3 4 
5 6 3 64 46 36 6 6 
4 4 5 26 43 90 5 5 
4 5 5 60 51 62 3 5 
3 4 6 56 44 66 3 5 
4 6 6 45 60 38 4 5 
3 6 5 66 54 43 5 4 
5 4 4 51 34 46 3 5 
4 5 4 53 54 64 4 5 
2 5 6 46 37 47 6 4 
6 6 3 72 46 61 5 4 
4 3 4 66 42 39 2 4 
5 4 5 47 26 56 5 3 
3 5 7 38 44 19 6 5 
5 6 4 67 47 31 5 3 
5 3 5 66 62 46 5 3 
6 5 6 38 39 44 5 5 
3 5 2 55 53 60 6 3 
6 3 6 53 65 47 5 5 
4 3 7 41 36 41 5 4 
4 4 3 48 58 57 5 3 
4 4 4 39 54 56 5 4 
5 5 6 46 63 25 4 4 
3 5 4 53 42 44 5 2 
2 5 4 51 40 48 6 6 
4 4 6 50 45 48 5 4 
3 6 6 51 39 51 4 5 
5 4 4 36 35 66 4 4 
6 5 5 42 37 57 4 4 
6 5 4 47 58 45 4 5 
5 4 5 53 65 62 4 4 
4 3 5 33 30 56 5 3 
3 5 6 45 49 43 4 6 
6 5 3 44 45 47 3 3 
6 5 6 39 61 54 3 5 
5 5 5 45 44 47 6 5 
5 5 4 55 38 66 5 5 
5 5 4 57 47 61 3 4 
6 5 4 56 48 50 4 4 
6 5 4 56 32 61 4 7 
4 5 4 50 36 46 6 5 
5 5 5 46 60 64 4 4 
6 6 4 45 60 24 5 4 
3 6 5 41 62 33 3 3 
4 5 5 43 58 30 2 4 
5 3 3 65 52 44 3 4 
3 3 4 51 45 59 5 5 
3 5 5 53 66 63 5 6 
4 6 4 51 51 64 7 7 
4 5 5 52 51 50 4 4 
6 7 5 52 64 47 4 4 
4 4 4 58 47 58 4 3 
5 5 3 61 49 46 3 3 
5 7 6 45 34 43 5 5 
4 5 4 56 42 60 5 5 
6 5 4 55 39 47 5 4 
4 4 5 53 57 52 4 5 
5 5 4 51 53 39 5 4 
5 4 3 73 52 44 5 4 
5 5 5 65 47 39 5 3 
6 4 6 77 30 48 4 5 
3 4 7 73 44 44 4 5 
4 6 3 71 58 59 5 5 
4 3 5 43 50 65 5 5 
5 7 7 48 43 36 5 5 
2 3 2 30 62 47 5 4 
5 4 3 29 49 46 5 5 
5 6 5 61 51 28 5 6 
5 5 5 52 49 58 5 4 
5 5 3 47 41 57 6 5 
4 5 5 41 40 61 5 4 
5 4 5 36 46 60 4 5 
4 6 5 54 47 62 4 5 
4 3 3 50 60 33 4 3 
5 4 4 46 55 44 5 5 
4 5 5 49 62 43 5 5 
5 6 5 44 38 66 4 3 
4 5 5 77 27 53 4 3 
7 6 4 41 51 41 4 6 
4 5 5 53 43 35 5 5 
6 3 5 43 56 39 6 4 
3 3 4 43 58 60 5 4 
5 4 4 57 70 53 6 4 
4 5 6 43 52 54 4 3 
3 5 4 44 64 47 5 3 
4 5 5 49 39 52 6 5 
4 5 5 43 51 54 5 4 
4 3 5 38 58 40 4 4 
3 5 5 39 60 48 5 4 
4 5 5 48 40 57 6 4 
5 4 2 46 56 46 4 4 
3 4 5 40 38 44 6 5 
4 5 5 31 35 36 4 5 
4 4 5 66 46 46 6 5 
4 5 6 40 58 48 3 5 
2 3 4 51 36 43 7 5 
5 5 5 52 56 17 6 7 
7 5 4 40 56 48 4 6 
5 5 5 24 47 51 4 4 
6 5 4 60 59 50 3 4 
3 5 4 38 61 45 4 4 
5 6 4 39 47 61 3 5 
6 4 7 48 49 56 3 4 
3 5 3 62 55 56 5 4 
6 3 5 51 65 56 4 4 
4 5 6 28 40 66 4 5 
6 4 4 51 52 41 6 5 
4 4 2 45 33 27 4 5 
4 5 4 39 66 50 5 4 
5 4 4 50 51 41 4 6 
4 6 4 65 57 34 7 4 
4 6 4 42 37 47 6 3 
4 7 3 43 46 52 5 5 
4 3 5 59 55 63 5 5 
3 4 3 43 59 44 4 4 
5 4 4 66 44 65 4 4 
3 5 5 61 37 40 3 5 
5 4 4 66 47 52 5 4 
