8 3200
4 4 5 57 49 51 6 5 
4 3 4 38 66 55 5 5 
6 4 7 57 40 59 4 6 
3 5 5 37 49 46 4 4 
2 4 4 44 37 69 4 4 
7 4 4 42 38 55 5 4 
5 5 4 53 43 39 5 5 
5 5 4 35 48 40 5 5 
4 5 5 34 56 52 5 6 
5 5 4 58 66 46 5 6 
6 5 5 64 45 55 4 5 
4 3 5 47 56 46 4 5 
5 5 6 54 64 53 7 5 
4 4 3 63 73 51 4 5 
5 4 5 45 35 47 6 4 
3 3 5 44 32 44 5 2 
5 4 2 56 54 33 5 4 
4 6 4 57 60 52 4 6 
5 3 3 25 31 41 5 4 
5 6 4 53 46 54 5 5 
5 4 4 42 73 58 7 3 
4 6 3 55 50 43 5 6 
5 4 5 61 50 60 5 4 
4 3 3 52 36 44 5 5 
4 5 5 47 57 45 4 4 
4 5 4 66 54 44 3 5 
5 4 4 44 54 38 7 5 
6 5 5 47 51 50 4 6 
4 5 5 40 67 46 4 3 
6 6 5 43 56 54 4 5 
2 4 6 30 46 62 5 3 
4 4 4 59 66 34 5 4 
5 3 5 56 51 47 4 5 
3 3 4 43 52 46 5 6 
5 6 6 48 48 48 3 3 
3 4 6 42 52 65 5 3 
5 3 3 49 55 58 3 5 
5 4 3 36 56 60 4 5 
5 5 4 51 55 58 2 4 
5 4 5 42 54 47 4 4 
5 5 5 51 44 47 3 5 
4 3 4 38 41 44 4 5 
4 5 5 58 35 36 3 4 
4 4 4 50 57 50 5 4 
3 6 5 41 55 58 5 5 
4 4 5 49 56 46 3 6 
3 5 4 62 54 39 5 5 
5 5 4 48 67 26 3 5 
3 4 6 43 53 60 3 6 
4 5 4 56 49 32 5 5 
5 6 5 44 37 45 7 4 
4 5 6 51 49 48 4 4 
4 6 5 47 50 51 4 3 
5 4 4 53 56 49 3 3 
4 2 3 53 55 56 3 3 
5 5 5 47 40 52 3 5 
4 4 5 60 42 56 6 4 
5 4 6 48 58 58 4 6 
2 5 4 47 61 54 5 3 
4 4 5 45 43 47 4 4 
3 5 6 33 34 61 3 4 
4 5 4 66 48 57 7 6 
6 5 3 72 59 40 5 4 
5 5 4 51 35 26 3 3 
5 6 5 27 48 44 4 5 
6 4 2 38 38 40 4 4 
6 5 5 61 56 52 3 4 
5 5 5 56 39 51 3 5 
4 5 3 57 65 47 5 4 
4 4 5 58 50 35 4 5 
4 5 5 38 58 44 4 6 
4 5 6 49 49 55 6 5 
4 4 5 48 54 41 4 6 
5 6 4 61 48 59 5 4 
4 5 4 38 70 77 4 5 
6 5 5 56 51 67 6 4 
5 6 5 48 53 52 6 5 
6 5 4 49 46 46 3 4 
5 4 6 53 40 51 6 4 
7 6 4 37 53 54 5 7 
4 6 6 51 38 52 6 5 
5 4 4 58 58 34 5 4 
5 5 5 49 40 43 5 4 
3 6 5 47 44 50 5 2 
5 5 5 49 64 63 4 4 
5 4 4 42 36 56 5 2 
6 5 5 60 34 40 3 4 
4 5 5 43 45 47 5 5 
5 3 4 68 53 47 4 6 
5 3 5 59 63 64 4 3 
3 3 4 61 49 58 4 5 
5 4 2 37 48 16 4 5 
3 4 5 39 51 64 5 4 
6 5 4 55 49 34 5 5 
4 5 5 48 54 55 4 4 
5 4 4 55 56 55 3 5 
5 4 4 73 55 62 4 5 
6 5 4 46 46 24 5 6 
4 4 5 62 49 61 4 5 
5 5 4 45 43 42 6 4 
5 3 4 48 43 53 5 4 
4 5 5 48 48 41 5 4 
4 5 5 55 62 60 5 5 
5 4 4 60 41 53 5 4 
6 5 5 48 52 58 5 4 
3 4 5 52 55 59 5 4 
5 5 4 50 58 24 4 5 
5 4 6 32 53 41 3 3 
4 5 5 49 64 37 5 2 
3 6 6 33 40 44 5 3 
4 4 5 50 72 34 4 5 
5 6 7 49 46 51 5 3 
4 5 4 43 60 49 5 5 
2 3 4 57 55 47 5 5 
3 3 5 52 46 45 7 4 
3 5 4 51 47 60 5 5 
4 5 6 67 41 57 5 4 
5 6 4 51 57 59 4 6 
2 4 5 46 54 49 6 5 
4 5 3 60 65 70 2 4 
5 5 4 71 61 61 4 4 
4 4 5 42 38 60 5 4 
5 7 4 46 63 61 5 5 
4 3 3 61 53 58 3 4 
5 6 5 45 53 62 7 3 
5 4 5 59 36 56 3 4 
6 3 4 42 50 55 4 3 
5 5 2 53 60 55 4 4 
3 4 3 60 50 32 3 3 
5 5 4 27 48 56 5 7 
4 4 5 63 50 37 5 4 
6 4 5 43 36 53 4 5 
4 3 5 44 37 42 3 4 
4 4 3 51 49 43 4 2 
4 5 4 68 53 54 5 4 
6 1 3 51 48 66 3 6 
5 2 3 35 55 41 5 4 
5 3 6 42 45 58 6 3 
4 2 3 51 35 61 4 5 
5 4 3 42 53 52 6 4 
5 5 4 56 52 74 5 4 
4 5 3 60 60 41 4 6 
6 5 6 51 55 49 5 4 
5 4 5 45 44 69 4 5 
5 5 5 43 57 55 2 4 
4 4 6 54 47 44 4 4 
5 2 5 39 50 53 3 4 
3 5 6 47 31 54 5 5 
4 3 5 52 54 38 7 4 
4 5 5 51 57 47 4 4 
4 4 5 60 49 46 5 4 
5 6 3 46 28 25 4 3 
6 3 5 45 49 55 3 5 
5 3 3 55 72 48 3 6 
4 5 4 57 45 58 4 5 
4 6 3 42 37 57 4 4 
4 6 4 64 47 62 5 5 
4 5 4 61 49 63 6 5 
3 3 5 52 52 36 5 4 
4 4 4 51 40 67 4 4 
4 4 5 42 43 43 5 7 
5 6 4 57 63 61 5 4 
5 6 3 55 54 60 5 4 
3 5 6 41 61 49 5 4 
4 4 6 33 55 56 5 6 
2 4 5 54 58 50 3 5 
4 6 2 54 55 45 5 4 
5 4 5 58 42 64 4 2 
6 4 6 51 50 48 3 2 
4 4 2 65 53 60 4 5 
3 4 5 53 35 43 5 5 
2 4 3 46 40 60 4 6 
5 6 5 46 37 52 3 4 
5 6 3 66 59 63 6 5 
3 5 4 22 34 68 4 3 
6 5 5 28 43 57 3 4 
5 5 5 61 51 51 4 4 
4 4 5 40 46 59 5 4 
5 4 4 55 32 50 4 4 
4 6 5 62 43 58 5 6 
4 5 3 17 33 44 4 5 
5 6 5 43 46 60 4 5 
5 4 5 39 43 47 3 4 
5 4 4 41 59 32 5 5 
5 5 3 32 46 38 3 5 
6 5 4 36 56 51 4 4 
3 4 5 46 52 69 5 3 
6 5 3 43 43 41 4 5 
5 4 5 51 70 62 5 4 
6 4 6 49 46 35 3 4 
5 4 4 68 53 58 4 6 
5 6 3 37 46 41 5 5 
5 5 4 44 42 49 6 6 
3 4 4 52 42 39 5 3 
6 4 4 40 54 57 5 3 
5 4 4 45 62 51 3 5 
4 5 3 51 37 28 3 5 
6 5 4 56 22 46 5 2 
3 5 7 64 75 60 4 2 
4 5 4 53 42 54 6 3 
5 4 6 39 54 51 5 5 
4 4 3 52 55 48 5 4 
4 5 5 72 44 54 4 5 
5 5 4 53 50 50 5 5 
4 4 5 65 41 51 5 4 
5 4 4 49 34 45 5 3 
5 4 6 42 50 37 5 5 
5 6 4 54 37 47 4 4 
5 5 3 35 70 49 4 4 
3 6 4 48 46 49 5 6 
4 6 5 60 39 41 3 5 
3 4 3 63 39 56 5 5 
4 6 4 57 34 41 4 6 
3 3 3 52 40 68 3 2 
3 5 5 63 61 53 4 4 
6 4 4 78 52 46 5 5 
6 4 5 61 47 45 6 4 
5 5 4 52 53 46 4 6 
5 5 5 63 31 50 4 5 
5 5 4 54 58 57 4 4 
5 4 2 52 40 45 5 5 
5 5 6 33 54 25 4 5 
5 3 4 42 46 45 4 5 
4 4 5 51 51 53 5 5 
6 3 4 44 50 55 5 4 
7 4 6 34 60 39 5 4 
3 5 2 65 50 34 4 4 
4 3 4 60 36 72 4 6 
4 4 3 49 61 27 6 6 
5 6 2 55 56 28 1 4 
4 5 4 56 49 46 5 5 
5 3 5 73 58 47 5 5 
4 4 4 54 40 55 4 5 
5 3 3 66 38 48 5 4 
4 4 5 45 64 44 5 4 
5 4 5 57 34 49 4 5 
5 6 6 58 63 54 4 5 
5 4 3 38 67 60 5 5 
5 4 4 51 39 52 5 6 
4 3 2 33 70 55 5 5 
6 4 4 65 64 55 4 4 
4 4 4 32 58 50 5 3 
5 4 5 48 40 66 5 5 
5 2 3 33 54 44 5 3 
5 4 5 38 31 51 4 5 
3 3 5 36 48 65 5 5 
5 4 5 25 47 40 4 7 
2 6 5 44 54 67 5 4 
6 5 5 58 64 58 3 7 
4 6 3 43 53 28 5 5 
3 6 5 43 28 53 3 5 
4 4 3 55 43 38 5 5 
5 5 6 61 34 46 2 4 
5 4 4 44 76 53 4 5 
4 5 4 39 36 37 4 5 
3 3 5 39 43 46 4 5 
3 6 6 44 51 53 4 4 
4 3 5 54 57 51 2 4 
4 6 5 43 40 60 5 3 
4 5 5 44 59 59 5 6 
4 5 3 45 49 47 6 5 
5 4 4 48 41 50 4 4 
3 7 5 51 37 40 5 5 
5 5 4 55 52 60 5 4 
2 4 2 32 59 60 3 5 
5 4 5 55 59 40 5 6 
6 6 4 50 63 58 4 3 
6 4 5 68 49 53 4 5 
5 6 5 64 40 40 6 4 
5 6 5 28 44 37 4 5 
6 4 6 43 55 42 5 6 
5 4 4 50 66 59 4 6 
7 6 4 49 45 51 4 4 
6 5 5 56 61 47 4 5 
5 6 4 46 51 50 5 6 
4 6 4 56 51 27 4 5 
4 5 7 59 42 54 3 5 
4 6 5 64 51 36 4 4 
3 4 4 47 67 33 5 4 
4 4 4 45 38 41 2 5 
6 5 6 59 68 45 4 4 
5 5 4 60 51 47 6 5 
3 6 5 32 47 44 5 6 
1 3 6 58 40 62 4 6 
3 4 3 45 57 53 3 5 
3 5 3 52 54 62 6 5 
6 4 4 60 54 52 5 5 
4 5 3 68 47 44 4 6 
4 7 6 49 69 53 7 6 
7 7 6 59 48 58 3 4 
5 5 6 53 43 50 5 6 
5 6 4 50 46 52 6 5 
4 5 6 64 49 51 3 6 
5 3 4 64 52 46 6 3 
4 7 3 50 39 30 5 4 
4 5 4 27 43 40 5 5 
5 4 4 54 51 42 6 4 
6 3 4 44 42 59 4 5 
6 2 5 63 73 44 2 5 
4 5 4 66 36 52 7 5 
4 4 3 43 50 59 4 4 
5 5 5 74 41 45 4 5 
6 3 5 49 53 71 3 5 
5 5 5 44 76 60 5 3 
3 4 4 49 41 56 4 6 
4 2 5 44 41 68 7 5 
5 5 4 53 46 38 5 2 
5 5 3 54 61 55 3 7 
5 4 6 52 58 45 5 3 
4 4 4 46 73 69 6 3 
4 7 2 61 58 59 3 5 
2 4 5 39 52 69 5 6 
5 3 4 30 55 41 5 2 
5 4 4 36 17 43 4 4 
6 4 4 41 51 39 4 5 
2 4 3 47 44 58 6 5 
5 5 4 54 60 57 4 5 
5 6 4 50 53 50 5 5 
5 5 4 60 54 54 4 3 
4 4 5 62 52 57 6 4 
5 5 4 50 48 55 6 4 
4 6 5 52 43 33 4 5 
5 6 4 54 33 43 4 3 
4 5 5 54 48 57 5 4 
6 4 2 49 34 45 4 4 
4 6 4 40 47 46 5 4 
4 6 6 50 35 52 5 4 
3 4 3 41 25 40 6 5 
5 6 3 41 49 49 5 5 
5 3 5 61 52 69 4 4 
4 3 5 66 43 53 6 3 
4 4 5 37 33 60 3 5 
5 3 5 51 46 44 3 5 
4 2 3 43 38 47 5 3 
4 4 4 47 35 39 5 6 
6 4 7 53 41 55 4 6 
4 6 5 42 47 46 4 4 
3 5 5 42 39 59 3 5 
5 3 3 61 36 51 4 3 
4 5 5 37 64 47 4 5 
6 2 5 64 44 52 4 6 
4 5 5 40 44 38 6 5 
6 4 4 37 50 50 4 5 
3 2 5 41 82 51 5 3 
5 6 3 44 41 18 3 5 
5 5 5 70 64 52 5 4 
5 5 4 52 50 52 4 6 
7 5 5 55 41 52 5 3 
5 3 4 46 62 58 5 5 
3 4 5 55 64 48 4 3 
5 4 5 59 59 61 5 3 
6 3 3 47 53 51 6 4 
4 6 4 44 57 30 6 6 
3 5 4 38 56 45 3 5 
3 4 5 46 45 58 4 4 
5 3 4 49 51 47 4 5 
4 5 4 63 34 53 3 4 
6 4 4 47 60 64 5 3 
3 4 5 49 59 33 3 5 
3 6 4 57 54 40 5 5 
4 6 6 49 53 50 5 5 
4 3 6 54 35 52 4 4 
5 4 6 65 66 52 4 4 
4 6 5 61 37 47 4 4 
3 4 3 56 44 40 4 5 
7 4 5 48 53 34 5 5 
5 3 4 49 42 35 4 4 
5 4 4 39 49 26 3 4 
6 4 4 59 43 52 3 6 
5 5 6 52 61 40 4 4 
3 5 4 54 42 34 6 4 
4 5 8 49 53 38 4 4 
4 3 5 50 47 46 5 6 
5 4 4 25 50 45 6 5 
5 3 4 62 50 49 3 4 
3 3 3 61 51 39 3 4 
4 5 5 69 52 44 4 6 
5 4 6 41 51 41 6 6 
5 5 5 49 39 61 3 6 
5 4 5 52 43 46 4 6 
3 3 4 63 37 36 5 5 
3 4 4 40 38 60 7 5 
6 6 5 49 41 22 3 5 
6 4 6 46 57 38 4 6 
4 4 4 52 45 39 4 3 
5 3 4 51 41 50 5 4 
4 5 5 45 45 56 4 5 
3 3 4 35 44 46 6 3 
5 4 4 60 58 53 4 4 
4 4 7 32 42 59 5 5 
4 5 5 58 53 66 6 6 
4 4 4 49 38 39 4 4 
5 5 3 45 40 46 5 5 
4 4 6 54 59 48 4 5 
6 5 4 52 39 55 4 4 
6 4 5 47 64 51 4 3 
6 5 7 48 60 38 5 4 
6 3 1 49 40 55 4 5 
4 3 1 43 37 55 4 4 
3 5 3 40 42 51 6 3 
5 4 6 52 51 58 6 5 
6 4 4 60 32 41 6 5 
4 5 5 46 84 49 6 4 
5 4 5 38 53 35 4 4 
4 3 4 42 52 51 5 5 
5 4 4 37 55 33 3 6 
5 5 5 60 52 48 4 6 
4 4 5 62 57 44 3 6 
5 4 6 51 46 41 5 5 
3 5 6 73 65 44 3 5 
6 3 4 45 49 44 3 5 
5 4 5 44 53 42 4 4 
4 5 6 63 56 57 7 4 
4 5 5 44 61 39 4 5 
5 5 5 44 45 32 3 5 
5 3 5 34 41 50 6 4 
5 4 5 57 38 45 5 3 
4 4 5 52 39 65 4 4 
6 5 6 59 62 57 5 7 
3 5 3 55 56 50 5 4 
6 5 6 34 47 58 4 5 
5 3 3 48 57 58 4 3 
5 4 6 68 49 41 4 4 
5 6 5 46 64 50 5 3 
4 5 4 50 49 42 4 5 
3 5 6 64 59 42 4 3 
5 5 4 41 34 49 4 4 
5 3 4 48 56 57 3 3 
4 4 2 46 52 45 3 5 
3 4 5 45 58 66 3 2 
3 6 4 64 64 34 5 6 
3 5 4 40 52 47 5 6 
5 4 5 63 49 50 5 6 
6 3 6 32 50 41 3 5 
5 4 4 49 50 55 4 4 
5 4 4 54 59 38 4 5 
4 4 6 48 46 46 5 6 
4 5 6 40 53 47 5 5 
4 5 5 48 55 51 2 4 
5 5 4 39 64 37 4 5 
5 4 4 51 50 48 2 4 
5 4 6 59 39 51 3 3 
6 4 4 44 42 51 5 4 
5 5 5 55 48 37 6 5 
3 4 4 38 47 48 4 3 
7 4 3 60 40 34 7 6 
6 5 5 47 49 59 5 5 
3 3 5 48 44 39 6 5 
4 3 5 40 44 52 5 5 
5 2 2 69 51 48 5 4 
6 6 5 42 53 47 5 5 
4 3 3 39 59 48 5 6 
5 3 6 56 39 53 4 6 
5 5 4 42 30 39 5 5 
3 4 5 34 43 54 5 4 
5 5 6 43 62 61 4 3 
4 4 5 47 49 39 4 4 
3 5 4 62 31 42 5 5 
5 3 6 65 52 33 5 5 
6 5 4 48 41 50 5 4 
3 4 5 54 43 60 3 5 
4 4 3 44 52 60 6 7 
2 4 4 43 67 50 5 4 
4 4 5 46 65 35 3 5 
6 4 4 40 50 53 3 6 
3 3 4 57 50 49 3 5 
5 5 5 38 66 51 5 4 
6 5 4 36 54 40 5 4 
2 5 6 44 36 48 2 5 
4 5 4 56 50 53 5 4 
5 6 4 44 54 44 4 4 
5 5 5 53 24 38 7 6 
4 4 3 54 44 46 4 5 
6 3 3 77 73 49 4 4 
6 4 4 51 52 59 5 3 
5 6 6 54 38 21 6 4 
6 6 4 50 63 49 5 5 
5 7 5 50 45 50 4 3 
5 5 4 50 39 36 4 7 
4 6 4 70 44 59 4 5 
6 5 3 41 67 51 5 5 
4 5 5 58 49 54 2 4 
5 5 4 47 37 38 5 4 
3 5 3 57 47 46 4 3 
4 3 4 58 45 47 4 4 
5 5 5 62 54 55 5 5 
5 4 5 42 37 34 4 6 
4 4 4 55 50 31 5 5 
4 5 6 47 33 59 4 3 
4 4 4 51 50 39 5 4 
4 4 5 47 52 58 4 4 
4 6 6 39 48 42 5 4 
3 4 2 36 46 39 3 6 
4 4 3 63 40 45 5 5 
5 4 5 54 49 46 3 5 
6 5 4 45 56 54 5 4 
4 5 5 60 51 58 5 5 
5 5 4 61 45 53 5 4 
5 4 4 40 44 45 4 6 
5 5 5 61 57 57 3 6 
5 6 4 41 59 47 5 5 
5 5 4 42 43 53 4 6 
4 6 5 47 46 40 5 4 
5 6 4 40 45 40 5 5 
4 2 4 44 56 56 4 5 
4 4 4 57 55 59 3 5 
3 4 4 54 52 43 6 3 
5 5 7 37 52 38 3 2 
5 5 4 61 69 40 4 4 
5 4 3 57 41 46 6 4 
4 5 4 45 53 42 5 6 
5 5 6 53 47 42 2 5 
4 4 3 48 66 47 5 4 
5 3 5 52 58 45 5 6 
3 4 4 37 65 45 4 5 
5 6 3 47 38 47 6 5 
5 2 4 50 41 42 2 4 
4 2 4 48 54 62 5 4 
3 6 4 39 40 50 6 5 
6 6 6 57 62 55 3 4 
5 4 4 41 44 64 4 6 
5 3 5 53 66 42 4 3 
6 4 5 36 45 58 6 4 
3 4 2 34 52 57 5 4 
4 4 4 77 55 44 6 5 
4 4 3 63 46 50 5 5 
3 4 4 43 45 56 4 5 
6 5 4 48 47 51 5 6 
2 5 5 44 48 38 5 3 
3 5 6 37 54 43 3 4 
3 4 6 80 46 48 5 4 
5 6 4 41 49 55 5 4 
5 4 4 43 59 34 4 5 
4 3 5 52 60 42 5 4 
4 4 5 52 39 57 5 5 
3 4 6 41 56 61 3 5 
5 5 3 55 49 76 5 5 
2 3 5 47 54 48 4 5 
3 6 3 49 47 39 6 3 
5 3 4 56 56 52 3 4 
4 5 5 33 45 56 5 6 
5 5 4 55 47 50 4 5 
5 6 4 47 41 62 4 3 
4 4 4 41 38 38 3 5 
3 5 5 51 47 35 5 3 
5 5 4 52 50 47 4 6 
3 5 5 57 71 54 6 6 
3 4 4 49 54 53 4 4 
3 4 3 50 25 45 5 2 
5 5 5 42 63 54 4 3 
4 3 6 55 71 46 5 5 
4 4 5 37 56 53 3 3 
5 4 5 57 56 43 3 4 
5 5 6 70 73 46 5 6 
4 4 4 42 40 54 4 4 
4 5 5 39 47 48 6 5 
5 2 6 39 45 58 5 5 
5 5 6 29 65 22 6 6 
3 5 5 55 53 44 4 4 
3 3 3 37 53 60 5 4 
4 5 5 36 56 47 4 4 
4 5 5 36 60 64 4 5 
4 6 5 61 46 53 5 6 
4 4 4 48 40 60 6 5 
5 3 5 49 46 57 5 5 
5 3 5 53 57 71 4 4 
5 4 3 44 51 58 4 5 
6 4 3 46 32 41 5 5 
4 3 4 51 70 52 5 5 
5 4 4 25 48 58 5 6 
4 5 4 42 43 70 5 4 
5 5 6 54 48 68 4 4 
3 6 3 50 47 53 4 3 
4 3 5 57 43 51 3 4 
4 5 6 66 32 14 5 4 
5 4 6 34 43 47 4 4 
3 5 4 48 59 49 5 5 
2 6 3 50 42 37 5 3 
4 4 5 63 32 42 3 7 
4 3 4 57 51 41 4 6 
4 5 4 64 35 47 4 3 
7 7 4 54 59 33 4 6 
3 6 5 54 71 32 5 3 
3 6 4 43 65 28 4 4 
5 3 5 49 71 32 3 4 
4 6 5 51 56 63 4 5 
6 4 3 60 40 43 5 4 
4 6 5 45 67 45 5 4 
5 4 5 45 45 60 5 6 
5 4 5 46 77 38 4 4 
4 4 4 30 41 55 4 3 
5 5 4 61 41 45 4 5 
5 4 5 43 23 62 4 5 
2 4 4 54 53 62 5 3 
5 4 4 27 34 42 6 3 
5 6 6 53 40 49 5 4 
4 2 5 43 36 54 6 5 
6 4 4 49 54 61 4 4 
6 5 5 43 57 53 5 3 
4 3 4 47 54 49 6 5 
5 4 3 51 57 39 4 6 
4 6 3 46 55 62 5 4 
4 5 5 45 67 67 5 4 
4 4 6 53 46 32 4 3 
4 5 4 39 66 53 5 3 
3 5 4 36 45 39 5 3 
2 5 4 49 40 35 5 4 
5 4 4 38 51 48 6 5 
3 5 3 44 68 46 5 4 
3 4 5 41 53 41 4 6 
5 5 5 64 55 38 4 6 
7 6 6 34 47 43 5 5 
5 5 6 69 47 43 5 5 
4 4 5 50 57 61 5 6 
5 6 5 38 47 54 5 4 
5 2 3 45 57 48 5 3 
5 5 4 37 54 45 4 6 
7 4 4 36 34 31 4 4 
5 5 3 53 55 45 3 3 
4 4 3 65 60 57 4 4 
6 4 3 51 47 59 4 4 
5 4 3 67 62 48 5 3 
4 6 5 42 34 52 5 4 
7 3 2 46 30 39 3 6 
5 5 5 52 51 38 5 5 
5 5 4 55 36 35 5 5 
4 5 4 41 37 37 5 4 
5 5 5 52 54 62 5 4 
4 5 5 53 30 26 5 5 
5 4 4 51 59 51 3 5 
4 3 4 31 52 22 5 5 
6 4 4 45 57 46 4 6 
4 4 5 48 40 56 5 5 
5 5 4 35 33 39 4 3 
4 3 4 67 52 46 3 3 
4 5 5 47 69 42 3 3 
3 4 7 36 54 56 6 5 
6 5 5 39 29 67 5 4 
3 5 3 50 54 74 5 6 
5 5 6 55 48 51 5 3 
2 4 5 40 34 45 6 3 
5 6 5 55 42 47 5 6 
7 5 5 34 48 48 4 5 
4 3 4 60 60 50 2 5 
5 3 2 42 44 55 3 5 
5 4 5 53 54 57 5 5 
4 5 5 60 54 32 6 5 
5 5 5 31 60 44 5 5 
4 6 4 65 62 39 5 3 
3 3 6 41 64 48 5 5 
6 3 3 48 48 38 4 5 
5 3 4 62 49 49 4 3 
5 6 4 52 31 45 4 5 
4 4 5 55 41 47 3 5 
4 5 4 44 38 42 5 5 
3 4 2 50 44 41 4 3 
4 4 5 66 33 51 3 5 
4 5 4 45 57 37 6 4 
4 6 4 46 47 34 6 3 
3 3 3 38 53 47 4 5 
4 6 4 49 54 42 4 4 
5 3 4 54 44 53 5 5 
4 5 3 61 48 43 3 2 
4 5 5 43 62 48 4 7 
5 4 2 23 56 55 4 6 
5 4 5 64 52 70 3 4 
4 5 4 16 49 62 5 4 
5 5 6 46 57 58 6 6 
4 4 3 59 55 61 5 4 
4 4 4 70 48 45 5 4 
4 2 5 53 51 65 3 3 
4 5 3 56 64 56 2 4 
5 4 6 22 49 34 3 6 
2 5 5 48 53 43 6 6 
4 4 4 47 51 54 5 5 
5 6 3 54 38 49 6 5 
4 5 4 41 50 42 5 4 
4 5 5 43 50 38 3 4 
4 5 4 52 39 47 5 4 
4 4 5 43 55 50 4 3 
4 5 4 52 64 33 3 5 
4 6 5 32 46 40 5 6 
5 5 5 38 50 43 4 5 
6 4 4 47 42 68 6 3 
4 5 4 41 50 48 4 3 
6 4 5 57 56 38 6 4 
5 5 4 47 50 54 4 6 
3 4 4 47 33 45 5 4 
5 4 5 21 37 51 5 5 
5 7 3 61 61 57 5 6 
3 4 5 59 40 33 4 4 
3 5 4 50 38 61 4 6 
4 3 5 42 50 43 4 6 
6 3 5 54 58 32 4 5 
4 4 5 60 60 58 4 3 
5 4 4 21 70 37 4 4 
4 4 5 39 37 41 5 5 
5 5 2 67 58 62 4 6 
3 5 4 70 54 61 6 6 
6 4 4 48 54 50 4 6 
5 6 4 33 44 44 6 5 
6 1 5 44 39 55 5 4 
6 3 4 42 62 52 5 3 
3 5 4 54 36 59 4 5 
5 3 4 43 41 44 6 3 
4 5 4 49 45 49 3 4 
5 5 6 53 52 52 4 6 
5 5 4 66 44 57 5 5 
4 4 5 63 51 49 4 4 
4 5 5 38 44 66 4 4 
5 4 5 50 65 51 5 4 
4 5 3 44 50 49 5 5 
4 3 5 62 33 34 6 2 
5 4 5 49 57 78 5 3 
5 4 3 56 48 65 4 7 
4 5 4 61 45 49 3 6 
4 4 4 39 41 32 3 4 
3 5 3 61 51 53 5 3 
5 5 4 62 36 43 7 6 
6 5 5 39 60 53 4 4 
3 4 6 63 57 48 5 4 
2 3 3 43 56 37 4 5 
6 5 5 52 69 34 5 5 
6 6 6 42 52 59 4 3 
5 4 7 56 35 34 6 4 
5 5 4 31 45 49 6 3 
5 5 3 46 43 48 5 4 
3 3 4 37 45 73 4 6 
5 4 5 58 37 51 6 4 
5 4 5 54 32 89 4 4 
2 4 5 51 57 77 5 7 
3 5 3 43 65 50 5 5 
5 5 6 54 45 52 4 4 
5 4 5 27 57 35 4 4 
4 7 4 50 60 43 3 4 
3 3 5 60 71 57 4 5 
3 4 6 33 62 54 4 6 
3 4 4 44 61 31 6 4 
2 4 6 47 40 51 5 6 
4 4 4 34 52 52 5 4 
4 6 5 48 52 38 3 8 
3 3 7 60 56 52 6 5 
4 6 4 42 52 59 4 4 
3 5 5 45 43 62 5 4 
5 7 5 43 55 46 5 3 
5 4 4 51 55 53 5 4 
2 3 4 51 64 64 5 4 
4 4 3 35 52 52 4 3 
4 5 6 46 56 70 5 4 
6 3 4 38 47 56 4 4 
4 4 3 41 50 63 6 5 
5 4 4 41 42 50 4 7 
7 5 4 28 48 49 4 5 
5 5 6 65 38 52 3 4 
5 6 4 55 32 46 3 5 
6 5 5 55 30 51 5 4 
4 5 6 46 41 48 6 6 
5 6 5 28 55 50 5 5 
5 5 4 61 39 63 5 4 
6 6 4 26 69 52 4 5 
5 5 4 67 55 53 6 4 
3 6 5 56 52 36 4 3 
4 4 5 43 51 39 4 5 
5 6 6 55 39 53 5 6 
3 4 5 60 50 23 5 4 
3 6 4 36 58 40 2 4 
4 3 3 47 46 53 5 5 
3 5 3 39 44 38 3 8 
5 6 4 50 39 49 4 5 
4 5 2 60 51 55 4 5 
7 6 6 55 54 39 5 6 
4 3 6 50 38 40 3 3 
5 6 6 37 36 49 2 5 
4 5 4 62 67 41 4 4 
5 5 6 49 60 63 3 6 
5 4 5 37 59 44 6 5 
6 4 5 61 59 50 5 7 
5 4 4 56 43 64 4 4 
5 4 2 37 47 64 5 4 
5 3 4 52 31 61 3 4 
4 5 6 52 40 48 4 5 
5 3 6 68 52 60 5 4 
2 4 5 70 62 57 3 6 
3 5 5 52 65 40 5 4 
4 6 5 50 54 42 7 5 
6 5 6 53 29 54 5 4 
4 3 4 67 47 67 4 5 
3 4 3 60 50 50 6 4 
7 5 6 48 55 53 4 5 
5 4 4 56 33 59 3 6 
5 6 5 48 42 52 5 6 
4 5 5 54 51 63 4 3 
2 7 6 64 53 62 4 5 
6 5 5 45 33 53 5 5 
4 3 5 42 47 53 4 4 
4 4 3 33 40 53 4 5 
6 5 5 52 68 40 5 4 
4 5 4 50 59 50 4 3 
5 6 4 52 40 33 3 4 
4 5 5 51 44 44 3 7 
4 6 4 61 52 54 4 3 
5 5 5 42 46 62 4 5 
4 6 4 61 39 41 3 4 
7 4 4 41 58 55 6 4 
5 5 3 49 58 59 6 5 
4 5 6 60 48 54 2 5 
2 4 6 51 46 43 4 5 
4 5 6 50 64 53 5 5 
5 5 5 39 67 52 4 5 
5 3 6 41 29 46 5 5 
5 4 3 55 39 35 6 5 
4 5 4 43 44 35 5 6 
5 6 5 59 51 42 3 5 
4 6 5 46 37 41 6 4 
5 5 3 48 59 36 5 3 
6 3 5 53 36 45 4 6 
4 5 2 61 56 53 6 5 
2 5 6 38 34 41 4 5 
4 5 6 53 77 46 5 5 
5 5 6 41 49 41 5 5 
4 3 4 46 63 46 4 5 
4 5 6 47 57 52 5 2 
4 3 3 45 53 44 5 6 
4 6 6 45 46 56 5 6 
5 5 3 36 36 61 4 5 
5 4 4 54 25 54 5 4 
4 3 1 46 44 44 5 5 
5 5 4 50 34 61 3 5 
3 5 5 57 46 44 4 7 
4 4 6 33 50 52 5 4 
5 5 4 32 39 61 5 4 
3 5 5 46 42 56 2 5 
4 4 6 42 50 41 4 6 
3 4 5 66 47 53 4 4 
4 6 4 60 45 49 5 3 
5 5 5 51 64 49 3 5 
3 4 5 56 62 51 5 4 
6 5 5 57 48 50 6 4 
4 4 2 56 49 59 5 5 
7 5 5 61 58 46 4 5 
5 4 6 57 34 49 4 5 
5 3 3 49 43 52 5 6 
5 5 5 70 58 53 2 4 
4 6 5 56 55 46 5 4 
3 5 6 43 42 51 3 4 
5 6 5 51 40 59 6 5 
4 5 5 32 53 43 3 5 
6 3 4 55 58 63 4 5 
7 6 3 45 45 54 4 5 
4 5 4 45 62 49 4 4 
5 6 4 41 57 42 7 5 
5 5 5 51 37 32 5 3 
4 3 5 43 37 37 6 6 
5 4 3 55 70 32 5 5 
6 3 2 59 57 64 6 3 
4 4 4 63 48 40 5 4 
3 3 4 47 62 55 4 5 
4 4 4 44 67 51 6 4 
4 5 3 39 56 30 4 4 
3 5 6 57 71 33 6 4 
6 5 5 46 45 42 4 5 
4 3 4 53 56 51 3 5 
6 5 4 32 47 32 5 5 
6 5 4 35 69 50 2 2 
3 5 5 41 39 66 6 4 
5 4 4 37 52 52 6 4 
3 4 5 37 50 42 5 3 
6 6 4 63 47 55 5 4 
4 4 4 37 67 48 5 4 
5 5 6 48 44 48 5 5 
5 4 5 36 54 49 5 4 
5 4 4 49 49 66 5 6 
5 5 5 37 55 65 5 4 
5 4 5 45 50 49 4 4 
3 6 6 48 58 54 4 4 
5 3 4 53 55 43 4 4 
5 5 4 46 53 49 5 6 
3 5 5 38 62 55 4 4 
5 6 4 59 40 59 6 4 
5 5 5 40 57 40 5 3 
6 4 5 35 57 48 4 4 
4 6 6 45 56 50 5 6 
4 6 4 52 58 59 5 4 
6 6 5 52 61 51 4 4 
5 4 4 58 69 62 5 3 
5 3 3 55 42 49 5 4 
5 6 5 56 58 53 5 4 
4 5 7 55 31 38 3 5 
4 5 3 43 58 45 3 6 
4 5 5 45 39 46 7 4 
4 4 4 56 57 57 3 5 
4 3 3 56 52 57 5 4 
5 4 5 63 32 47 2 6 
3 5 6 42 52 43 3 4 
4 2 5 37 56 77 4 4 
5 4 5 60 39 48 7 5 
4 3 5 47 39 39 2 4 
5 5 4 42 36 50 5 5 
6 4 4 57 54 53 3 5 
5 3 5 47 54 35 3 4 
4 4 4 44 39 48 4 3 
4 6 4 38 51 50 6 5 
4 5 3 56 61 70 5 5 
3 7 4 45 33 73 5 6 
5 4 5 63 70 53 5 6 
5 6 2 42 53 44 4 4 
5 4 6 57 60 46 4 6 
3 3 5 40 48 39 4 3 
6 5 5 53 54 49 4 3 
5 2 4 37 51 40 5 4 
5 4 5 53 61 55 5 5 
4 3 5 61 54 42 4 5 
6 6 4 61 48 43 5 5 
5 3 4 54 46 59 5 5 
4 6 6 55 38 53 3 6 
4 4 4 56 55 40 6 4 
5 5 5 43 68 53 5 4 
3 5 3 67 44 49 3 3 
4 6 4 27 44 57 5 6 
5 4 3 32 48 30 5 6 
5 5 4 38 49 46 4 6 
4 4 5 58 57 42 5 5 
5 4 5 57 40 34 4 5 
5 5 5 54 48 40 3 6 
4 5 4 46 54 46 4 5 
3 4 5 37 57 56 5 3 
3 4 4 46 47 42 3 5 
5 4 3 64 38 39 3 5 
5 4 3 26 30 55 4 5 
5 4 6 43 56 51 4 6 
4 4 2 60 49 50 4 8 
3 4 5 44 52 40 6 5 
2 3 3 62 35 44 5 3 
4 3 4 42 51 42 5 6 
5 4 4 67 40 45 6 5 
5 4 5 26 59 63 3 5 
4 4 4 50 52 51 4 4 
4 4 5 50 57 42 4 4 
6 6 4 36 48 37 2 5 
5 5 4 55 30 40 3 6 
4 4 6 52 33 64 4 6 
4 4 5 49 48 44 5 5 
6 3 5 46 56 43 3 5 
4 4 4 36 51 47 5 5 
6 4 3 61 46 47 5 4 
4 3 5 42 66 48 5 6 
3 5 3 41 57 46 3 4 
5 3 6 58 43 47 4 5 
5 4 5 44 59 26 4 4 
5 4 4 40 60 40 3 5 
4 6 5 54 46 47 5 4 
4 5 4 62 59 56 4 4 
2 5 4 63 55 66 3 4 
4 4 5 64 37 45 3 5 
3 5 5 42 57 48 3 5 
5 4 3 52 49 52 4 4 
5 4 3 52 51 59 6 4 
4 4 3 37 41 55 3 4 
6 3 4 46 50 45 4 5 
4 5 4 56 51 42 5 4 
4 5 5 61 41 57 5 6 
5 4 4 60 40 41 3 4 
6 5 4 39 39 42 5 4 
5 3 4 44 50 49 5 5 
5 4 6 51 72 53 2 6 
4 4 4 49 59 51 5 4 
3 5 6 49 50 55 4 5 
4 5 4 54 37 41 5 5 
5 6 5 43 46 39 4 2 
4 6 4 59 52 47 5 4 
4 4 4 54 53 63 5 6 
4 6 4 65 39 52 5 4 
5 5 5 58 27 60 5 6 
6 3 4 53 39 54 5 6 
4 5 6 42 51 29 4 5 
3 6 4 47 48 47 5 6 
5 5 4 44 62 41 4 5 
4 4 4 36 52 42 5 4 
5 4 3 70 52 50 2 4 
4 3 4 55 46 42 3 5 
6 6 6 61 43 39 4 5 
5 5 6 36 73 36 4 3 
4 4 5 39 54 52 6 4 
4 4 5 60 40 51 5 3 
5 5 5 49 67 51 4 5 
5 4 5 55 53 42 3 7 
7 4 3 39 40 33 7 4 
4 5 5 37 49 72 6 2 
5 3 5 49 48 39 6 5 
4 5 5 39 59 51 4 6 
4 4 4 59 50 28 4 4 
5 3 5 34 53 62 4 5 
4 4 4 54 44 68 5 4 
5 5 5 55 38 58 3 5 
5 5 3 40 44 68 4 5 
3 6 4 55 51 36 4 4 
3 4 5 40 45 48 6 6 
4 3 5 64 45 49 3 5 
3 6 5 43 67 46 5 6 
5 3 5 48 36 50 2 3 
5 6 4 46 50 58 6 4 
6 4 6 51 48 57 5 4 
6 4 6 54 40 46 3 4 
4 6 5 61 39 39 5 4 
5 3 5 56 54 61 4 6 
4 6 5 57 57 40 4 5 
6 4 6 71 29 31 5 3 
6 5 5 57 28 44 4 3 
5 4 5 66 53 58 4 4 
5 4 3 35 49 56 4 4 
3 5 5 49 59 68 4 5 
5 4 6 40 37 31 5 4 
4 4 3 66 40 36 6 5 
2 5 3 59 45 65 5 4 
2 5 4 51 60 57 3 7 
4 2 6 43 33 37 5 6 
4 2 3 45 32 51 4 3 
5 3 4 58 46 21 4 4 
4 5 5 55 48 66 3 4 
4 5 3 59 53 57 5 5 
4 5 6 51 57 67 4 4 
3 4 4 52 53 36 4 5 
4 3 4 43 44 45 4 5 
4 5 4 37 44 59 5 3 
4 5 6 46 43 58 5 6 
5 4 6 46 52 52 5 3 
4 6 3 54 56 20 4 3 
4 5 4 45 37 26 5 6 
5 4 5 50 39 51 4 7 
4 7 6 51 38 54 3 4 
4 3 4 45 50 53 6 5 
5 4 5 41 72 38 3 5 
5 4 4 48 43 77 5 4 
5 7 4 54 62 42 3 4 
3 4 4 51 60 42 3 5 
5 4 4 42 59 49 4 3 
5 6 6 35 59 57 4 5 
4 6 3 42 46 54 4 4 
3 4 5 40 61 37 5 5 
6 4 4 58 31 53 5 5 
3 5 3 42 71 53 5 6 
4 5 5 35 35 55 5 4 
6 5 4 39 50 39 4 3 
4 5 5 47 46 48 6 3 
4 6 3 61 56 63 4 5 
2 4 5 45 39 57 6 4 
4 4 4 42 50 45 5 5 
3 4 5 40 43 42 4 4 
6 4 4 56 49 44 3 4 
4 6 4 62 42 42 4 5 
6 5 2 50 52 51 4 4 
4 5 3 46 33 43 3 5 
5 5 4 55 54 55 4 2 
3 3 7 62 56 50 5 5 
4 4 5 39 58 47 4 5 
4 5 6 39 53 58 6 5 
5 5 4 51 71 45 5 4 
5 4 5 40 57 56 4 5 
5 5 5 68 52 55 4 4 
2 3 5 35 37 41 5 4 
5 5 4 38 47 41 4 4 
5 5 4 52 30 39 5 6 
4 4 5 67 45 34 3 5 
4 4 5 74 43 45 6 5 
3 4 4 60 49 39 5 4 
6 5 5 55 49 44 4 5 
4 3 5 60 47 59 4 5 
5 5 6 30 39 50 4 5 
6 4 4 54 47 37 5 4 
6 4 4 48 38 64 4 3 
4 5 4 48 56 35 5 5 
6 4 4 56 45 58 4 4 
5 4 4 61 57 38 5 5 
2 3 4 50 38 48 4 4 
4 4 5 46 72 48 3 5 
6 3 5 47 46 63 6 4 
3 5 5 63 55 55 5 5 
1 5 5 41 36 55 4 6 
5 4 4 49 43 49 4 4 
4 2 4 51 53 54 5 2 
4 3 4 51 60 62 4 5 
4 2 5 50 68 53 4 4 
4 6 3 66 45 43 4 6 
4 2 4 50 77 37 4 4 
5 5 5 35 59 52 4 6 
3 4 4 50 50 51 6 6 
4 6 5 49 42 44 6 5 
6 3 4 45 63 57 3 6 
6 7 5 47 50 72 5 3 
5 5 5 42 38 45 4 4 
5 5 3 44 45 42 4 4 
4 5 5 52 62 46 6 4 
5 5 5 57 40 32 4 6 
5 4 6 47 37 43 5 5 
5 5 5 67 42 49 5 4 
3 3 5 52 46 45 5 5 
5 3 5 40 49 47 4 5 
3 5 4 43 37 60 4 3 
6 4 5 45 44 69 4 5 
4 4 5 54 44 36 4 6 
3 4 5 48 43 56 5 4 
5 5 5 58 29 62 6 4 
5 5 2 51 35 54 4 4 
4 5 5 45 52 41 3 3 
3 4 5 58 45 48 4 4 
4 4 6 61 48 42 4 2 
5 6 5 78 56 51 6 6 
3 5 6 36 42 63 5 2 
5 5 4 68 54 59 4 5 
4 4 5 53 39 48 5 6 
3 5 5 29 47 44 4 5 
5 5 5 50 49 57 6 5 
4 4 5 50 37 42 4 6 
4 4 6 52 55 43 3 4 
5 3 5 32 38 53 5 4 
5 4 4 41 48 34 3 5 
4 5 4 51 44 53 5 4 
6 6 4 51 57 40 5 4 
5 4 4 43 63 34 5 3 
4 5 6 53 48 45 5 5 
5 5 4 57 46 64 4 4 
3 4 4 63 52 55 5 4 
4 4 5 38 33 42 4 3 
4 6 5 64 49 61 3 6 
3 4 6 42 54 33 4 4 
3 5 5 45 59 39 4 5 
4 5 4 61 56 55 5 4 
4 5 3 32 50 72 5 5 
5 4 4 54 63 57 6 3 
5 2 5 59 40 49 5 5 
3 4 4 35 58 47 2 6 
3 5 5 61 57 42 3 4 
5 5 4 59 65 47 6 6 
5 5 5 49 28 47 5 4 
5 4 4 39 53 54 5 5 
4 4 5 71 49 43 5 5 
5 4 5 53 50 76 3 3 
5 5 4 48 48 65 3 4 
4 5 5 67 60 48 3 4 
3 6 3 51 50 56 4 6 
5 5 5 62 39 52 6 4 
5 5 3 56 39 48 6 4 
6 4 4 51 52 53 5 5 
6 7 4 31 49 71 4 4 
5 5 3 41 24 44 5 5 
5 5 5 48 69 61 4 6 
5 5 3 40 58 51 5 4 
3 4 3 49 41 31 6 6 
4 4 5 44 69 58 3 4 
4 6 6 57 69 56 5 5 
4 3 4 63 54 45 3 4 
5 4 3 34 36 62 4 5 
5 6 4 46 27 57 5 7 
6 3 5 51 49 50 5 2 
5 5 7 45 47 49 6 6 
5 4 5 50 40 39 5 6 
5 6 4 53 46 39 6 5 
4 4 4 49 42 44 5 6 
5 4 3 48 65 58 4 3 
3 5 7 57 38 51 4 5 
3 4 5 35 63 41 4 4 
4 4 4 58 39 28 3 4 
5 5 4 41 56 40 5 3 
6 4 4 60 47 45 6 3 
5 5 4 68 43 65 5 3 
6 5 5 38 44 46 5 5 
6 6 4 54 49 50 5 5 
5 5 5 40 46 48 3 4 
4 5 5 48 49 53 4 4 
5 3 5 43 35 47 3 4 
2 4 4 39 54 46 5 3 
4 3 5 42 66 55 7 6 
5 6 6 47 57 52 3 5 
4 5 6 53 35 45 5 4 
5 5 6 41 52 62 7 3 
6 4 4 45 26 39 3 5 
5 4 6 50 55 51 4 7 
5 5 3 43 38 57 5 5 
5 6 4 52 43 52 4 3 
4 4 5 52 57 56 5 5 
4 3 2 61 51 33 6 4 
5 5 4 31 61 36 4 4 
4 6 5 47 49 40 4 4 
3 4 5 53 46 55 5 5 
3 4 4 51 43 59 6 6 
6 4 4 53 64 51 4 4 
3 4 5 63 56 52 5 4 
4 4 4 40 39 28 3 5 
5 2 6 52 46 62 5 3 
5 5 3 38 50 64 3 4 
5 5 4 60 47 44 4 5 
3 5 4 30 56 56 3 4 
5 6 6 52 73 57 4 6 
5 4 5 46 53 45 4 7 
5 6 4 52 51 66 5 3 
4 3 4 45 53 57 5 3 
3 5 3 54 45 32 3 2 
3 5 4 48 42 59 4 4 
3 4 6 46 46 63 6 2 
4 4 5 51 64 70 4 4 
3 3 6 44 63 58 5 4 
5 5 5 59 52 45 6 6 
4 5 6 28 42 37 4 6 
7 5 3 58 49 53 5 4 
3 3 4 39 56 56 5 5 
3 4 6 51 48 51 4 5 
4 4 5 60 53 49 4 4 
4 5 4 53 46 57 4 6 
3 4 4 57 44 39 5 4 
6 2 5 57 54 43 2 4 
5 4 5 44 38 43 3 3 
5 5 6 45 60 43 4 4 
5 4 5 54 35 50 4 5 
4 5 4 45 45 59 6 4 
3 6 4 61 45 43 4 5 
6 5 4 23 54 61 5 6 
4 5 6 67 45 47 4 4 
5 4 6 49 63 52 5 5 
6 4 4 54 52 57 5 6 
3 5 6 63 58 44 4 8 
6 4 5 56 43 45 4 2 
6 2 6 47 54 48 5 4 
5 4 5 52 42 51 5 4 
4 5 5 60 46 46 5 5 
4 5 4 46 52 58 7 5 
4 4 4 40 49 49 3 5 
3 5 6 65 56 61 6 5 
4 4 3 57 58 56 4 4 
5 4 2 31 51 56 4 4 
5 5 4 62 49 59 6 5 
5 6 5 53 63 51 4 4 
4 5 6 58 54 40 5 4 
4 4 3 50 37 51 3 5 
5 4 5 49 52 46 4 4 
5 5 4 45 63 42 4 3 
6 3 3 36 45 44 3 6 
4 3 3 54 47 35 3 5 
4 6 3 65 34 58 5 2 
4 5 6 59 50 55 5 5 
4 4 4 44 67 55 3 5 
7 7 5 54 47 38 4 6 
4 5 4 43 50 49 4 6 
4 6 5 40 55 63 4 5 
5 5 5 36 44 32 3 4 
7 5 3 38 82 50 5 3 
4 4 4 35 46 35 6 4 
4 3 5 49 58 66 5 5 
6 5 4 65 52 56 4 6 
3 5 4 37 64 38 6 4 
4 3 4 49 44 60 4 4 
5 5 6 44 52 48 6 7 
5 3 5 47 45 57 5 3 
5 6 4 46 31 30 6 4 
5 4 5 55 51 41 6 5 
6 4 6 57 59 57 7 5 
4 4 5 35 59 59 6 3 
4 3 5 65 43 61 4 6 
3 4 5 51 52 64 4 4 
6 4 3 46 62 51 4 4 
4 4 5 53 62 65 6 4 
6 4 4 45 49 40 6 4 
3 4 3 58 52 66 5 4 
3 4 3 60 68 36 3 5 
6 4 6 57 39 50 6 4 
4 4 5 54 48 51 3 5 
6 3 4 52 58 44 6 5 
5 5 4 32 57 44 6 5 
5 5 3 53 55 54 5 4 
4 5 6 51 30 52 5 5 
5 4 5 53 51 64 3 3 
3 4 4 43 44 49 5 4 
4 5 5 31 63 38 3 4 
3 5 4 37 38 45 5 5 
4 4 4 43 53 36 4 4 
5 4 6 44 60 61 4 5 
4 3 4 41 47 60 6 4 
6 3 5 43 50 62 3 4 
4 6 2 42 49 50 4 5 
3 4 6 54 51 38 6 3 
7 7 3 65 47 56 5 5 
4 3 5 41 35 60 4 3 
5 5 5 38 20 52 4 5 
3 4 5 34 53 63 4 4 
4 5 5 51 44 36 5 7 
4 5 5 55 48 61 6 4 
5 5 6 53 58 49 4 3 
4 5 5 58 55 43 3 4 
3 4 5 47 42 54 6 6 
5 6 6 71 58 65 3 3 
4 4 3 33 55 51 5 5 
6 4 4 41 45 55 4 4 
3 4 5 62 59 58 5 4 
3 5 4 55 59 35 3 4 
4 7 4 44 41 32 3 3 
2 3 4 43 49 43 4 5 
4 5 6 55 38 34 5 4 
4 6 5 52 41 55 3 6 
4 3 4 37 52 60 4 5 
4 5 5 45 60 35 3 5 
5 4 5 32 54 58 4 2 
4 3 4 39 51 53 5 5 
7 5 6 72 48 36 6 2 
5 5 5 60 53 55 4 4 
5 6 5 62 31 34 3 4 
5 5 4 56 43 47 5 6 
5 4 7 34 43 62 4 4 
5 4 4 54 70 45 6 4 
4 3 4 51 59 28 4 4 
4 6 4 55 40 31 5 7 
3 4 5 40 52 66 4 5 
5 4 5 45 68 37 5 5 
6 5 6 55 54 40 3 5 
5 5 6 41 43 31 7 4 
4 4 6 49 57 57 4 4 
5 4 4 38 55 44 6 4 
4 5 2 57 43 36 4 6 
5 4 4 36 35 43 4 3 
6 4 5 42 63 48 4 4 
7 4 6 56 55 42 5 5 
5 5 5 45 55 59 3 6 
6 4 2 53 47 50 3 4 
5 6 4 66 60 39 5 5 
4 5 4 49 21 49 5 6 
5 4 4 57 53 50 5 4 
7 2 3 47 37 55 5 3 
5 4 5 48 57 45 4 2 
3 5 3 31 30 46 3 6 
4 6 7 51 59 53 4 3 
6 4 4 42 47 49 7 5 
4 4 4 50 64 49 4 3 
3 6 4 43 38 34 4 3 
5 5 3 39 48 44 5 3 
5 4 2 38 50 43 6 4 
4 4 3 46 44 42 4 4 
5 4 6 52 39 50 4 6 
2 4 3 69 39 38 5 5 
5 2 3 66 61 41 3 5 
6 5 4 44 52 48 3 4 
5 4 4 41 38 53 2 3 
5 5 6 37 44 68 2 5 
4 5 7 31 35 54 5 5 
5 3 5 49 42 53 3 5 
5 5 5 45 57 35 5 5 
3 5 5 46 42 51 4 5 
4 4 4 57 52 50 5 6 
6 2 5 45 44 40 6 6 
5 4 5 36 46 51 4 4 
4 5 5 45 57 43 5 4 
5 6 4 52 65 45 4 5 
4 5 7 53 43 54 3 5 
4 5 4 61 65 51 4 6 
5 5 4 49 57 41 4 4 
4 5 3 40 53 55 6 5 
3 4 5 56 56 66 3 5 
4 5 7 54 51 55 4 3 
5 6 3 35 38 55 6 4 
5 6 4 56 50 55 7 6 
3 5 4 66 45 55 5 4 
6 4 5 41 28 39 4 3 
6 5 3 63 52 52 5 5 
4 4 4 40 43 48 4 4 
5 5 6 40 35 58 4 5 
3 6 4 61 59 34 5 5 
6 4 5 50 42 40 4 5 
4 3 6 21 47 34 5 6 
4 5 4 28 43 44 5 5 
3 5 3 53 45 53 5 4 
4 5 3 48 51 55 5 4 
4 4 6 63 59 46 3 5 
7 6 5 53 31 47 4 4 
5 4 3 42 39 52 5 6 
5 5 3 51 60 51 6 6 
4 5 5 49 70 29 4 4 
5 6 5 41 35 75 5 5 
4 5 3 62 47 49 5 4 
4 5 5 54 61 73 5 3 
5 5 3 50 49 43 6 4 
3 4 4 42 50 48 6 5 
4 5 7 56 47 56 4 6 
5 4 3 44 58 39 5 5 
4 5 4 43 57 52 5 5 
5 6 4 59 56 45 3 4 
6 3 4 63 59 47 4 6 
5 4 5 36 69 57 4 5 
6 5 4 42 27 51 5 4 
6 5 4 65 51 45 4 5 
4 4 6 31 37 66 4 4 
4 5 4 42 56 44 3 5 
5 3 6 50 32 68 5 5 
5 5 5 59 55 47 4 3 
4 5 2 48 35 55 5 5 
3 5 4 48 50 48 4 6 
4 4 6 45 60 52 5 4 
6 6 5 60 44 36 3 4 
5 5 6 48 53 43 5 4 
4 4 4 47 50 51 4 4 
3 4 5 55 46 56 5 5 
6 5 4 55 40 45 5 5 
5 6 6 40 36 48 4 3 
5 3 3 61 41 52 5 5 
3 5 5 46 45 69 5 5 
5 5 4 69 50 48 5 6 
4 6 4 39 54 41 3 5 
4 3 4 45 52 45 5 4 
5 5 5 43 47 59 6 4 
3 4 4 52 29 53 6 5 
3 5 3 56 67 51 5 3 
2 5 5 45 44 60 6 4 
7 2 6 51 48 51 4 5 
6 4 3 50 49 37 4 5 
5 5 5 71 63 36 4 4 
3 3 4 56 74 48 6 6 
5 5 5 59 54 48 7 4 
4 6 3 52 48 52 3 5 
4 3 5 40 45 46 4 4 
5 6 4 57 66 45 8 5 
4 5 3 47 52 50 5 3 
5 4 5 44 39 40 5 6 
5 4 5 55 62 55 4 5 
5 5 3 51 55 39 4 6 
5 4 4 55 51 29 5 4 
5 5 5 38 55 42 4 5 
5 5 4 46 37 56 4 3 
4 6 5 58 51 39 5 5 
6 5 6 32 52 29 5 5 
4 4 5 53 47 56 6 5 
5 5 3 60 60 47 6 5 
6 4 4 67 67 65 7 5 
4 5 3 52 47 47 5 4 
6 5 5 46 53 38 5 4 
4 6 5 54 66 32 4 4 
7 3 2 47 61 67 4 6 
6 4 5 47 54 60 4 6 
7 3 3 48 58 40 3 6 
2 5 4 39 58 45 6 3 
4 4 5 56 23 39 4 5 
4 4 4 41 58 34 4 4 
4 4 4 39 62 41 5 5 
5 5 3 48 43 52 5 4 
3 5 5 62 39 61 6 3 
4 6 5 44 65 62 4 5 
3 4 4 55 43 58 5 4 
4 4 3 54 41 59 6 4 
5 5 4 45 51 53 6 3 
4 5 4 49 42 56 4 4 
3 3 4 42 38 38 3 5 
4 5 5 39 29 62 3 5 
5 4 5 44 51 50 7 5 
5 3 6 37 42 60 4 5 
4 3 4 45 35 36 4 6 
2 4 4 52 58 49 3 3 
4 5 4 52 44 62 4 3 
4 5 5 54 50 59 5 3 
3 5 6 51 51 40 5 5 
4 5 3 47 49 49 4 5 
4 4 4 45 51 63 4 4 
4 4 4 38 61 61 5 5 
5 6 6 55 58 63 5 3 
4 4 6 41 55 57 5 4 
4 5 5 57 57 46 4 5 
4 6 4 48 39 51 5 5 
5 4 6 35 66 43 6 5 
3 4 3 62 36 45 4 5 
2 5 5 44 58 38 5 4 
6 3 4 44 52 32 4 7 
3 4 5 76 56 38 5 4 
4 4 5 34 49 61 5 4 
5 5 4 46 51 54 4 4 
5 3 4 66 52 29 4 5 
4 5 5 60 65 52 5 4 
4 3 2 53 64 75 4 4 
3 6 4 39 45 42 4 4 
4 5 5 45 51 33 4 5 
5 4 5 58 48 52 4 3 
2 4 3 54 64 53 6 5 
3 5 4 51 55 53 5 5 
5 2 5 44 59 68 3 5 
6 4 4 58 53 42 3 4 
6 4 6 28 40 52 4 5 
4 5 5 65 42 34 5 4 
5 3 4 43 32 43 3 5 
5 5 3 55 41 55 2 5 
4 4 5 78 52 25 6 6 
6 4 5 40 33 38 3 4 
5 4 5 60 49 58 6 5 
3 1 5 45 59 65 5 4 
4 4 6 72 57 57 4 4 
4 5 4 54 53 45 5 4 
5 5 5 61 44 58 5 4 
5 4 4 41 40 48 6 5 
6 5 3 64 46 41 4 4 
6 3 4 39 59 49 6 5 
5 5 4 56 38 54 4 5 
7 5 7 38 31 44 3 5 
5 5 7 39 62 64 5 3 
4 5 3 59 67 42 3 6 
3 6 5 53 37 42 6 4 
6 5 5 53 66 53 6 3 
4 3 4 46 40 26 6 3 
4 4 5 70 68 62 5 5 
6 3 4 41 59 54 4 4 
6 5 3 50 59 37 4 4 
6 4 5 57 26 43 4 6 
3 3 3 32 59 39 4 5 
5 7 4 70 51 37 5 4 
5 7 4 67 42 35 4 5 
4 7 3 49 28 47 6 5 
3 5 6 63 49 48 5 5 
6 4 4 30 53 50 5 5 
3 6 6 37 72 60 6 5 
4 4 2 46 55 46 4 4 
4 4 5 24 58 36 7 5 
6 2 6 52 59 65 4 3 
5 4 4 45 65 47 4 4 
6 3 5 50 40 42 3 4 
6 5 7 49 61 42 5 3 
6 4 4 56 69 42 5 3 
5 5 5 54 57 42 2 4 
6 3 6 49 54 60 5 7 
3 4 4 29 51 49 5 5 
5 5 4 45 33 46 5 5 
5 6 5 49 30 64 5 4 
4 6 4 48 46 78 6 6 
3 4 5 71 52 41 4 4 
5 5 7 50 45 56 4 3 
4 5 4 48 57 39 4 6 
5 4 5 33 36 49 4 5 
4 5 4 50 46 49 5 5 
6 4 5 36 55 40 5 5 
6 5 5 53 40 47 4 3 
3 4 5 49 61 72 5 4 
4 5 5 47 43 47 4 3 
6 5 5 30 30 31 4 4 
4 4 3 46 41 59 4 4 
5 4 4 47 40 35 5 3 
6 4 5 44 36 55 5 6 
4 4 4 63 56 50 4 3 
6 5 3 45 56 50 5 5 
5 4 4 47 46 53 4 3 
5 2 3 50 60 59 4 4 
6 3 4 43 34 39 6 3 
5 5 3 40 31 49 5 5 
6 4 5 35 41 51 6 4 
4 5 4 37 49 41 4 5 
3 5 3 48 48 46 5 3 
6 4 4 48 48 43 5 6 
5 5 4 44 66 52 4 4 
4 4 3 52 49 51 4 2 
3 4 5 27 45 32 5 3 
4 4 5 34 61 29 5 4 
3 4 4 46 65 56 6 5 
5 5 4 54 61 46 5 4 
1 4 5 57 45 81 5 5 
5 4 5 29 53 48 4 4 
4 5 5 33 35 42 5 4 
4 5 4 68 53 44 5 4 
3 4 5 62 57 53 4 4 
4 5 3 47 38 49 4 3 
4 5 5 51 29 64 6 7 
5 3 3 49 64 22 5 3 
5 5 4 58 70 51 5 4 
2 6 5 40 50 46 6 5 
4 5 6 31 46 65 4 4 
5 5 5 50 46 53 3 5 
5 5 4 45 51 52 3 4 
5 5 5 72 56 78 5 4 
5 4 6 38 61 37 4 4 
5 6 3 64 51 47 5 1 
4 5 6 51 39 56 4 5 
4 5 6 38 40 63 4 5 
2 4 5 65 45 61 5 3 
3 2 5 55 42 74 4 6 
4 7 4 36 50 38 6 5 
5 4 7 48 69 57 4 5 
5 4 2 55 46 51 4 3 
4 3 4 40 64 44 6 6 
3 5 3 37 58 49 4 4 
4 6 5 53 68 36 4 5 
5 6 3 58 50 57 3 4 
6 6 6 47 40 41 4 5 
5 3 4 38 55 53 5 3 
5 5 5 60 41 49 6 4 
4 7 5 34 56 37 4 4 
4 3 3 46 64 59 6 5 
4 6 6 58 57 47 3 4 
5 4 4 58 74 60 4 5 
4 5 5 42 43 63 4 4 
4 4 3 33 46 51 4 4 
6 4 5 53 41 32 4 6 
4 4 5 60 62 62 4 5 
3 4 6 49 51 58 4 6 
7 4 3 48 49 68 4 3 
5 6 6 60 56 73 5 4 
5 5 5 44 39 49 4 5 
3 5 4 56 56 50 4 5 
3 4 4 45 42 50 3 4 
5 4 5 50 54 64 4 6 
5 4 3 48 52 44 6 6 
4 3 3 42 76 42 5 5 
5 5 4 33 39 54 6 5 
5 4 6 46 52 40 5 3 
4 3 3 55 44 36 5 5 
3 5 5 63 57 46 5 4 
4 6 6 43 49 40 6 3 
6 5 5 55 57 53 5 4 
5 4 6 60 55 64 6 4 
5 3 6 55 60 57 7 4 
7 3 5 46 45 71 5 6 
5 4 5 58 42 46 5 4 
2 6 4 42 32 51 8 6 
5 4 5 62 47 40 5 5 
4 5 6 46 61 42 5 6 
4 5 6 43 45 49 4 5 
4 5 7 46 51 64 6 6 
5 4 4 51 45 24 6 4 
5 5 6 52 25 56 3 6 
4 4 3 37 37 35 4 4 
6 6 4 50 43 45 2 5 
4 3 3 42 49 39 4 3 
5 4 4 39 52 33 6 2 
3 5 5 61 53 57 2 4 
5 4 5 47 60 56 3 4 
6 5 4 36 57 57 6 4 
4 6 5 62 39 52 5 4 
4 5 6 58 47 62 5 4 
6 3 4 55 30 47 4 3 
4 3 4 50 35 60 4 5 
6 6 2 48 34 39 4 4 
5 4 4 45 58 56 6 7 
5 3 4 54 41 60 3 5 
7 4 4 23 41 48 5 4 
6 5 3 49 46 42 3 6 
3 2 4 36 48 58 3 4 
5 4 7 50 50 66 4 8 
2 5 2 56 60 54 4 5 
4 5 5 49 57 36 4 5 
4 3 7 37 60 53 5 5 
5 5 4 55 55 47 4 5 
4 3 6 54 53 42 6 4 
5 6 6 40 40 51 5 5 
5 3 4 44 43 43 6 4 
4 3 4 32 41 56 6 3 
3 6 4 28 40 70 4 6 
5 3 5 45 46 38 6 6 
4 7 5 43 50 56 5 6 
4 5 5 56 57 67 6 4 
5 6 4 38 32 42 6 5 
5 3 3 59 53 58 5 4 
6 5 5 34 36 37 4 4 
2 4 4 54 48 55 6 4 
3 4 5 45 42 50 4 6 
6 6 5 37 57 66 6 5 
4 4 5 39 61 59 4 6 
4 4 3 34 42 69 6 6 
5 5 5 38 47 65 4 5 
3 4 6 54 44 47 4 3 
4 4 2 64 46 58 4 7 
5 4 3 45 38 35 4 6 
2 5 6 67 59 49 4 4 
2 6 4 48 59 61 5 6 
6 5 4 36 40 38 4 5 
5 5 4 47 59 54 6 5 
4 7 4 51 39 35 5 3 
5 4 4 48 39 40 6 4 
3 5 5 49 42 59 3 5 
6 5 5 40 42 61 4 7 
7 2 4 45 44 62 4 4 
5 5 5 71 54 60 5 4 
4 5 5 52 60 51 3 6 
5 6 5 54 45 53 6 6 
3 5 4 50 45 63 5 4 
4 5 6 39 37 52 5 3 
6 3 4 58 46 52 5 2 
4 3 6 43 52 57 6 5 
4 5 6 60 32 48 3 2 
6 5 5 57 38 53 4 4 
3 5 4 46 41 52 5 5 
4 3 4 47 54 53 4 5 
6 2 4 53 47 69 4 4 
6 4 4 50 46 51 5 4 
5 4 3 36 59 68 6 3 
3 5 3 36 51 54 5 4 
5 5 5 37 47 54 3 5 
6 5 4 70 55 44 3 5 
4 4 3 43 42 40 3 6 
5 5 4 68 48 49 4 4 
4 4 4 44 37 51 7 4 
5 3 5 48 34 63 6 5 
3 4 6 48 49 39 5 4 
6 5 3 38 43 69 5 5 
5 4 5 60 47 43 4 4 
3 7 6 54 41 42 4 5 
3 4 4 55 45 24 4 5 
7 5 4 38 32 57 4 5 
5 4 4 63 49 71 5 3 
6 5 5 45 64 41 5 4 
6 3 5 57 53 64 5 4 
3 4 5 56 51 44 3 6 
4 5 5 42 50 60 5 6 
5 4 5 32 51 58 6 3 
3 3 5 42 36 47 4 6 
4 6 4 55 42 56 5 4 
3 4 4 50 40 36 4 4 
4 4 4 60 57 36 4 3 
4 5 5 41 50 42 4 5 
6 4 4 66 45 43 5 4 
4 4 6 39 56 53 3 4 
5 5 5 49 41 63 4 4 
6 5 5 68 47 38 5 6 
2 5 4 55 49 49 6 5 
4 3 4 65 59 34 5 3 
4 6 4 57 62 47 6 2 
4 5 3 44 40 37 5 5 
4 4 3 36 66 64 4 3 
4 4 7 44 49 70 4 6 
4 2 4 35 45 53 4 5 
5 5 6 46 52 58 3 5 
7 5 5 49 52 50 4 5 
4 3 6 47 29 41 4 5 
5 5 4 41 50 38 4 4 
4 4 5 40 63 66 6 6 
4 2 4 50 43 47 5 6 
6 4 4 53 51 33 5 4 
6 6 5 55 58 53 4 5 
5 2 5 23 57 46 3 4 
6 5 4 51 44 60 4 3 
6 6 5 54 48 51 4 3 
4 5 4 59 39 43 4 4 
3 5 3 52 30 36 6 4 
4 3 4 43 58 56 3 4 
5 5 3 52 41 49 5 5 
6 1 4 51 33 51 3 4 
3 4 5 64 29 32 6 5 
4 5 5 46 47 32 5 5 
5 4 3 44 37 70 5 6 
4 4 5 26 47 35 4 3 
4 4 5 47 52 54 3 4 
3 5 4 52 55 53 5 5 
5 4 5 52 57 24 4 3 
4 3 4 57 62 60 4 5 
5 4 4 48 46 35 5 6 
4 6 3 63 42 59 5 4 
4 4 5 62 71 49 4 4 
4 3 6 51 64 49 5 7 
3 6 4 61 40 61 4 4 
4 5 4 44 80 50 3 5 
5 6 5 53 58 51 6 4 
5 5 5 55 31 71 4 4 
5 5 3 53 39 38 5 4 
5 6 5 44 51 59 5 5 
5 5 4 44 59 45 5 4 
5 5 5 46 49 35 4 5 
3 5 3 63 47 33 7 7 
5 5 4 48 68 55 4 4 
4 5 4 38 34 54 5 5 
4 3 4 57 63 35 5 3 
4 6 5 41 50 63 3 6 
5 5 5 55 51 61 5 6 
6 5 2 44 51 42 3 5 
3 5 6 33 62 70 4 5 
5 6 6 46 41 52 5 5 
6 5 4 47 58 55 5 3 
5 4 5 48 50 40 4 4 
3 3 4 46 41 50 6 5 
6 3 4 47 67 61 5 4 
5 6 6 45 60 39 3 4 
3 4 6 40 76 47 5 2 
5 5 4 32 47 51 5 4 
5 5 7 43 48 37 5 6 
4 5 5 56 52 47 6 5 
2 2 6 47 55 43 3 5 
3 3 3 67 54 25 6 5 
4 5 5 49 48 43 5 7 
5 5 3 51 46 47 3 4 
3 4 5 61 61 37 3 5 
4 3 3 29 61 36 4 4 
5 4 4 47 56 52 2 5 
5 6 4 54 66 40 5 5 
4 5 2 45 31 55 6 4 
3 5 3 37 54 28 5 5 
6 3 2 65 47 43 5 6 
4 7 4 49 56 67 3 4 
5 4 6 34 40 50 5 5 
5 6 5 46 49 64 4 3 
4 4 5 43 53 46 6 5 
3 4 3 16 53 49 5 5 
3 4 5 71 48 58 5 4 
6 4 4 47 43 51 5 4 
6 4 5 56 61 55 5 6 
2 4 3 44 46 46 4 6 
3 4 4 48 50 42 5 5 
3 3 4 47 65 49 5 7 
7 5 4 61 54 36 6 4 
5 6 6 48 54 51 4 4 
6 3 5 62 60 59 4 5 
4 6 5 41 64 36 2 5 
5 5 4 62 47 57 2 5 
5 6 5 32 56 51 4 6 
5 5 4 48 44 49 5 5 
5 5 3 55 46 37 5 5 
4 4 4 43 38 74 6 5 
5 5 4 43 33 45 4 5 
6 4 4 55 54 65 4 4 
6 5 6 45 47 51 6 4 
5 4 5 50 55 51 5 6 
5 5 5 63 70 42 5 5 
5 4 5 60 46 75 5 4 
4 6 4 50 63 57 6 6 
5 5 5 44 49 32 5 4 
4 3 4 49 48 38 7 3 
4 5 4 55 59 45 5 6 
2 4 5 64 62 29 5 3 
6 2 5 51 65 48 7 3 
4 5 6 56 45 50 4 5 
4 5 4 62 60 44 5 5 
5 4 4 64 43 41 4 4 
4 3 5 49 63 39 5 4 
5 4 5 46 45 45 5 6 
4 5 6 39 49 55 4 7 
5 4 4 30 47 50 6 5 
6 4 5 47 44 49 3 5 
5 5 4 70 52 54 3 5 
4 5 4 51 48 57 6 5 
5 5 5 53 50 45 6 4 
6 4 4 51 47 39 3 5 
6 3 5 53 45 43 5 5 
4 5 5 46 48 58 3 4 
4 5 5 43 30 47 5 6 
3 4 5 50 50 49 4 4 
5 4 5 37 78 47 3 3 
4 5 2 57 52 50 4 4 
3 5 5 48 56 47 4 6 
5 6 4 47 53 31 5 4 
4 2 5 55 41 38 5 6 
3 4 6 59 32 50 2 6 
5 6 5 34 49 62 4 3 
4 5 5 51 50 59 5 4 
5 6 4 46 45 52 4 4 
5 4 7 46 38 37 4 4 
4 4 7 58 56 63 6 4 
3 5 4 58 53 51 4 3 
7 5 5 44 42 57 5 4 
5 4 5 46 49 63 2 4 
6 5 4 47 46 43 4 5 
4 3 4 53 54 57 6 4 
4 3 4 61 56 48 5 4 
4 6 6 53 43 45 5 4 
5 4 5 43 43 57 4 5 
6 4 5 49 50 49 6 4 
4 6 6 54 49 55 3 7 
6 5 4 62 41 42 3 3 
5 4 4 51 61 65 3 5 
3 4 4 50 48 50 4 3 
5 5 6 39 52 52 3 2 
5 5 4 37 56 43 3 4 
4 5 7 35 38 47 3 4 
6 3 4 59 37 28 5 6 
5 4 5 48 58 54 5 4 
4 5 4 49 52 39 6 3 
6 5 3 41 62 56 4 5 
5 5 4 34 27 51 5 5 
3 3 6 55 50 54 4 6 
6 3 6 53 46 42 2 5 
3 4 5 70 52 55 5 5 
3 4 4 32 59 45 5 4 
5 5 4 62 45 48 6 6 
5 3 4 53 42 49 5 4 
4 5 7 42 37 56 5 6 
5 4 6 37 64 50 3 5 
5 4 6 48 42 48 4 4 
5 6 4 43 66 76 4 5 
5 7 4 41 50 33 5 6 
4 6 2 39 61 53 5 4 
3 4 5 28 40 55 5 3 
4 5 6 39 76 28 3 5 
4 5 4 59 45 52 4 6 
6 5 8 54 51 54 7 5 
4 6 6 39 47 48 6 3 
4 5 4 43 41 48 5 5 
7 5 4 61 65 39 5 3 
3 4 5 61 48 29 7 3 
4 5 6 49 56 35 4 4 
3 4 7 48 52 57 3 4 
4 4 5 61 48 51 3 5 
7 4 5 40 73 69 3 6 
2 5 4 46 56 49 5 4 
5 4 5 65 64 58 5 4 
5 4 4 57 44 57 5 4 
5 2 4 58 45 53 5 4 
6 5 4 48 57 53 5 4 
6 6 6 53 64 61 4 4 
4 3 4 43 35 33 4 4 
5 3 3 56 35 50 4 4 
5 5 5 54 56 61 6 2 
4 4 5 43 55 34 4 6 
3 4 3 53 44 47 5 4 
5 6 5 58 53 56 4 4 
6 3 6 51 23 52 3 6 
4 5 4 47 56 61 5 2 
6 4 4 47 64 40 4 5 
5 5 4 33 63 55 6 2 
5 5 6 46 48 38 4 4 
4 4 4 43 44 55 4 4 
4 5 4 36 62 44 4 6 
3 5 3 69 58 39 4 5 
6 6 5 56 40 49 6 6 
4 5 4 46 46 49 3 4 
5 5 4 53 48 37 4 6 
6 6 4 48 50 68 3 5 
4 3 6 53 58 48 3 6 
5 2 5 49 29 40 5 5 
4 3 4 54 52 51 7 5 
3 5 5 54 37 66 5 3 
4 4 5 45 62 65 5 4 
3 4 4 54 45 53 4 4 
4 4 5 59 64 56 5 5 
5 6 3 43 50 48 5 4 
5 4 5 45 50 44 5 4 
4 4 4 46 57 56 5 5 
4 6 4 51 34 44 5 6 
5 6 4 63 63 49 6 5 
4 4 5 50 46 52 5 4 
4 3 6 38 50 55 5 3 
5 5 6 59 51 55 5 4 
3 3 5 48 41 30 5 7 
4 4 5 39 48 62 4 5 
3 4 4 53 51 50 5 6 
6 4 5 47 54 50 6 3 
6 4 5 62 43 47 3 5 
6 5 6 60 50 47 5 5 
4 4 4 45 73 53 5 3 
5 5 4 53 47 47 5 4 
6 4 3 44 43 48 4 5 
4 4 3 53 59 52 4 5 
4 5 5 50 61 58 5 6 
4 2 6 47 45 40 5 4 
4 4 4 54 64 43 4 5 
5 4 5 47 61 37 5 4 
4 6 6 51 42 45 5 4 
4 3 4 49 48 48 6 5 
5 4 7 54 46 44 5 5 
5 5 4 48 28 66 4 5 
3 5 5 44 72 57 4 5 
3 5 4 47 61 38 3 1 
3 6 4 67 49 63 4 4 
3 4 3 57 73 51 6 4 
3 4 3 59 60 38 5 5 
5 3 4 50 49 70 4 6 
5 5 5 43 60 53 4 2 
4 5 4 55 38 65 4 6 
5 5 4 43 59 63 4 5 
4 5 5 74 34 50 3 4 
4 5 3 51 47 61 6 6 
3 5 5 52 58 34 5 4 
4 4 5 44 40 57 4 5 
3 6 6 41 53 73 6 6 
4 5 6 35 46 50 4 4 
5 5 5 49 57 46 4 5 
4 4 6 50 47 59 5 5 
4 4 3 48 57 64 4 4 
5 4 4 62 44 62 5 6 
5 4 4 57 56 46 4 5 
3 4 4 82 34 36 6 5 
6 7 4 67 47 72 5 4 
3 4 4 41 41 36 4 4 
4 5 5 45 62 37 5 4 
6 4 4 54 49 35 4 5 
2 5 6 39 57 60 5 4 
4 4 3 61 52 64 4 3 
5 6 4 49 39 46 3 5 
7 6 4 63 55 48 4 5 
7 5 5 45 46 32 7 5 
6 3 6 58 28 52 5 5 
4 6 4 49 51 52 5 2 
3 4 5 45 58 40 5 5 
5 4 5 44 69 55 4 3 
5 5 4 55 38 54 5 4 
4 4 3 61 58 57 5 5 
5 5 5 33 48 62 6 7 
5 4 5 47 47 64 5 4 
3 6 5 49 65 38 4 4 
4 5 3 62 48 45 7 5 
5 4 6 51 48 39 5 4 
7 2 4 50 51 35 5 5 
6 4 5 32 46 59 5 4 
4 3 4 52 53 54 4 6 
3 4 4 36 65 53 4 5 
3 4 3 48 51 43 4 5 
3 6 3 48 41 60 5 4 
5 4 4 62 50 41 4 6 
5 5 5 46 58 53 5 6 
5 5 5 58 54 48 3 6 
4 5 4 62 45 44 5 4 
6 3 5 45 61 45 4 6 
6 5 4 35 56 40 5 3 
5 4 5 39 46 31 4 3 
6 3 4 58 41 46 5 5 
3 5 5 38 39 40 3 4 
3 4 4 30 52 56 3 3 
5 4 4 44 66 33 4 5 
6 5 5 54 45 26 4 6 
5 5 6 46 55 23 4 5 
4 4 4 49 51 45 4 4 
7 5 4 63 28 43 4 4 
4 3 4 46 48 57 5 4 
5 5 3 60 56 40 5 3 
3 5 6 49 43 52 4 3 
4 4 2 63 40 61 3 4 
5 4 3 51 60 36 4 4 
4 4 4 49 43 44 6 4 
3 5 3 53 53 35 5 4 
4 5 3 45 39 40 4 4 
5 4 5 55 43 57 5 5 
3 6 5 53 43 50 6 6 
4 4 5 38 61 35 5 4 
4 5 4 43 68 50 5 6 
5 5 5 38 54 53 3 6 
4 4 6 59 57 44 4 5 
6 6 4 58 35 66 3 6 
5 3 4 60 54 49 6 2 
5 6 5 44 49 43 4 4 
4 4 7 63 31 23 5 5 
5 6 5 39 42 58 3 4 
3 4 3 35 46 49 3 5 
5 4 4 66 56 59 5 5 
5 3 6 51 52 43 4 5 
4 4 6 73 25 44 4 5 
4 4 5 51 42 47 4 5 
7 4 4 56 50 50 6 5 
6 3 5 47 44 38 4 4 
5 5 3 56 43 67 6 3 
4 4 5 48 55 51 4 4 
4 4 4 35 56 26 5 6 
4 5 4 47 63 65 5 6 
6 4 5 45 52 57 5 6 
5 5 4 44 49 40 5 4 
4 5 4 52 53 53 6 4 
5 4 6 55 67 59 5 2 
3 4 5 42 51 56 4 3 
4 4 4 48 67 41 3 5 
4 4 5 43 39 51 5 4 
4 5 4 49 51 50 4 5 
4 5 5 41 41 51 5 5 
2 4 5 41 60 51 3 4 
5 3 5 57 38 63 4 5 
3 5 6 56 43 42 6 4 
6 4 6 55 52 61 5 5 
4 4 5 57 59 66 3 4 
4 6 4 40 64 56 4 6 
5 5 4 45 43 49 5 4 
2 3 6 54 46 58 3 4 
3 5 5 45 62 80 4 4 
5 4 5 57 44 41 5 5 
2 4 4 39 52 48 6 6 
3 4 4 27 41 58 3 4 
5 5 3 62 43 40 4 3 
5 4 5 49 44 55 6 4 
4 5 5 53 29 61 5 6 
4 5 6 52 47 44 5 1 
7 3 5 56 47 42 5 5 
5 5 4 60 32 53 5 2 
5 4 5 58 56 36 6 4 
6 4 4 35 56 49 4 6 
6 5 2 58 45 72 6 6 
4 5 5 49 37 64 6 4 
5 4 7 62 67 28 4 5 
4 5 5 46 29 30 6 4 
6 5 5 42 45 44 5 4 
4 4 3 42 42 47 4 4 
4 5 4 41 62 39 5 3 
4 5 5 56 53 46 4 5 
5 4 3 31 39 60 3 6 
5 5 4 34 50 54 5 5 
5 6 4 49 57 53 3 4 
4 6 6 52 44 59 4 3 
5 4 3 45 58 57 5 5 
4 5 2 41 40 53 3 3 
3 4 3 61 60 36 3 3 
6 5 4 49 65 32 5 4 
6 5 2 45 39 62 4 5 
5 6 5 49 59 46 3 5 
2 5 6 57 47 42 4 3 
6 3 6 45 46 50 3 4 
5 5 4 46 54 45 4 5 
6 5 3 48 52 68 3 6 
4 7 4 45 43 55 6 6 
4 4 4 53 49 73 4 5 
4 6 5 56 54 65 5 4 
3 5 4 35 59 37 3 4 
5 4 3 61 46 56 7 5 
5 4 5 65 58 62 5 6 
5 4 3 63 61 51 3 5 
5 4 3 52 60 47 6 6 
5 5 4 62 53 48 5 5 
4 3 5 28 47 44 4 5 
4 5 3 63 55 24 4 3 
6 3 2 45 69 50 3 4 
4 3 2 52 38 45 6 6 
4 4 5 41 44 50 4 3 
7 4 3 56 59 52 4 5 
5 5 5 36 40 35 3 3 
4 4 4 49 64 67 5 4 
6 4 6 48 66 72 3 3 
6 4 4 48 45 44 5 5 
5 5 3 56 47 42 6 3 
3 5 5 59 46 45 5 4 
6 5 3 16 43 49 3 3 
5 4 7 44 43 40 4 4 
4 4 2 58 46 63 6 5 
4 4 3 40 49 66 6 5 
3 6 3 52 48 54 2 6 
4 2 4 59 58 43 5 6 
6 2 4 28 43 70 3 5 
5 6 6 74 54 54 5 3 
2 3 4 45 54 37 3 6 
3 5 5 40 46 44 4 4 
6 4 5 59 38 25 6 4 
4 5 5 35 45 71 4 4 
6 2 5 59 65 38 5 5 
6 6 5 61 34 49 3 4 
5 6 5 56 46 56 4 3 
6 5 6 60 43 52 4 5 
3 4 2 45 51 53 4 3 
6 5 6 28 50 51 3 4 
6 4 6 50 53 53 4 4 
4 4 3 63 29 52 4 3 
6 5 4 64 36 48 5 4 
6 4 5 70 57 46 6 3 
5 5 4 57 60 32 5 6 
3 7 6 43 30 34 5 5 
5 5 4 52 44 61 4 6 
5 4 5 57 51 35 3 4 
4 4 5 46 49 57 5 5 
3 4 5 53 61 60 5 5 
6 5 5 47 55 54 4 4 
5 6 4 32 45 44 4 8 
4 4 6 51 44 48 5 5 
5 3 4 53 37 53 5 3 
5 4 5 65 30 58 6 3 
4 5 6 31 66 42 5 5 
6 4 6 63 59 46 4 4 
4 4 5 31 46 61 4 3 
5 4 5 47 57 58 5 3 
4 5 5 72 48 52 3 4 
4 5 2 50 41 44 3 3 
4 4 4 49 58 55 4 5 
5 4 4 40 52 42 4 5 
4 4 5 59 61 53 5 4 
5 4 4 43 60 54 5 4 
4 4 6 33 48 51 4 4 
5 4 5 37 56 57 6 6 
5 6 3 48 32 51 5 6 
3 6 4 56 49 26 2 5 
2 4 5 55 58 43 5 5 
6 3 4 42 51 49 5 2 
5 5 5 51 51 38 6 4 
3 5 4 44 54 41 4 3 
6 5 4 70 43 74 4 4 
5 5 6 41 72 41 4 5 
4 4 3 40 57 61 5 5 
6 6 6 51 43 61 4 5 
4 4 4 51 50 54 5 5 
4 6 3 42 65 48 5 6 
5 5 4 40 65 57 2 5 
4 5 5 69 73 46 4 4 
5 4 6 56 61 50 5 5 
4 4 4 63 46 57 5 4 
5 4 5 63 46 44 7 5 
5 6 6 57 52 49 4 6 
4 6 5 57 58 32 4 4 
3 6 6 31 50 43 4 6 
6 4 5 36 67 38 5 4 
3 4 3 56 51 44 4 5 
5 6 3 52 63 48 7 4 
4 4 6 53 36 53 3 6 
7 5 3 48 53 55 5 3 
5 5 4 44 44 65 6 5 
5 4 7 51 56 60 6 3 
4 5 5 29 60 44 3 4 
3 4 4 57 49 53 4 4 
4 3 5 56 37 49 4 3 
5 5 6 57 39 55 2 4 
3 4 5 58 52 57 5 4 
5 6 2 46 42 51 2 4 
3 4 4 46 50 42 5 4 
6 4 5 31 56 43 4 3 
4 3 5 31 53 53 4 4 
5 4 4 64 58 58 4 5 
6 3 5 46 42 19 5 5 
5 4 4 43 54 53 4 4 
7 4 5 62 51 57 3 4 
5 5 5 25 47 39 4 6 
4 4 4 62 57 54 4 6 
6 6 5 32 47 44 5 8 
5 3 4 51 73 58 4 6 
5 3 3 50 69 58 4 3 
5 5 6 48 62 55 5 5 
3 4 6 54 44 43 4 4 
4 6 6 39 36 54 5 5 
5 6 5 37 34 65 8 3 
2 3 4 41 33 57 5 4 
5 4 4 45 56 53 5 6 
3 4 5 78 44 63 5 4 
4 5 3 42 60 55 5 4 
6 5 4 66 54 48 6 4 
5 5 5 48 66 47 4 4 
5 6 3 62 46 55 3 4 
5 5 5 46 55 57 4 6 
5 4 6 48 52 44 5 3 
4 5 7 42 56 54 7 5 
4 5 4 40 61 53 3 5 
3 4 6 43 60 48 5 8 
5 4 4 43 44 58 5 6 
4 6 6 51 68 51 5 4 
4 5 6 52 63 50 4 4 
5 5 4 53 50 52 2 4 
4 5 5 38 38 47 5 4 
4 4 5 51 41 58 4 6 
6 4 5 48 40 50 6 5 
5 3 4 54 39 46 5 3 
5 4 4 57 43 44 4 4 
6 5 4 56 47 37 5 4 
4 6 7 42 52 72 3 4 
2 3 4 44 36 51 5 6 
5 5 4 38 44 32 4 4 
6 4 5 52 64 73 4 4 
6 5 4 64 39 43 4 4 
5 5 5 54 47 48 4 5 
3 6 2 65 53 59 3 6 
5 7 2 58 47 46 4 5 
3 4 5 24 35 39 4 5 
5 4 5 47 49 52 4 3 
3 1 4 58 61 61 6 4 
5 5 6 78 41 55 4 3 
5 4 3 45 67 68 6 4 
5 5 4 38 41 49 5 5 
5 4 3 32 56 51 5 6 
4 3 5 45 51 51 3 4 
6 4 5 49 64 59 4 7 
4 3 4 52 43 35 5 5 
2 3 4 41 61 63 4 6 
4 7 3 37 50 44 4 4 
5 5 5 32 68 47 6 4 
5 6 5 49 49 48 6 5 
2 5 4 50 46 48 5 4 
5 4 6 53 47 37 5 5 
2 4 5 57 44 85 3 5 
6 3 6 48 69 32 5 7 
5 4 3 60 34 48 6 3 
3 5 3 57 42 56 3 5 
5 2 4 61 24 33 7 5 
4 4 5 62 62 34 6 4 
6 3 4 66 63 47 6 4 
3 4 4 45 36 56 4 5 
6 5 5 49 49 43 5 5 
4 3 7 60 56 42 3 6 
5 6 3 35 40 57 6 5 
5 5 3 37 54 49 4 5 
4 5 5 33 42 51 6 5 
4 4 3 46 59 54 2 4 
3 6 5 69 41 46 5 4 
5 3 4 40 67 66 4 4 
4 4 7 34 60 52 5 4 
5 5 6 49 60 59 5 4 
4 4 2 54 47 64 5 5 
3 5 6 50 51 49 3 5 
4 5 3 36 38 37 5 5 
2 5 4 31 53 35 4 3 
5 4 5 53 27 41 4 4 
4 6 5 52 60 39 5 5 
4 4 5 58 35 43 4 6 
5 4 5 68 43 55 4 5 
6 4 2 52 51 53 5 4 
4 5 4 28 42 42 5 4 
5 4 4 34 48 50 5 5 
6 5 5 42 56 53 3 3 
5 3 3 30 52 50 7 6 
5 5 5 46 42 48 6 6 
6 4 4 58 48 58 5 3 
4 3 4 42 62 47 4 5 
6 4 3 55 44 54 4 3 
4 4 5 34 39 36 4 6 
4 5 4 24 62 46 6 6 
6 6 7 63 61 47 5 3 
3 5 4 40 58 57 5 2 
5 6 5 48 56 74 4 6 
5 3 3 67 35 39 3 3 
4 5 4 32 42 54 4 4 
3 5 2 55 54 70 4 4 
4 6 2 56 74 41 6 4 
4 5 4 36 70 37 3 6 
6 4 5 44 45 35 4 6 
4 3 5 44 56 65 6 5 
5 6 5 44 59 55 5 5 
3 6 3 46 49 61 4 6 
4 6 4 39 47 74 3 5 
4 5 5 49 58 59 6 4 
5 5 3 47 51 44 4 4 
5 5 5 54 39 68 5 4 
4 3 5 42 83 58 4 7 
4 3 5 42 54 48 5 4 
6 4 4 53 55 61 5 6 
5 5 2 47 52 30 7 6 
4 4 3 35 63 61 5 6 
5 4 5 58 44 45 3 5 
5 5 5 24 42 44 4 6 
3 4 3 62 46 46 3 5 
5 4 4 21 46 48 3 3 
5 4 5 47 36 49 6 6 
5 4 4 50 54 62 4 5 
4 4 4 47 48 59 3 4 
4 3 6 49 51 36 5 6 
5 6 4 17 59 62 3 4 
4 4 5 42 77 40 3 5 
5 5 3 52 76 52 4 4 
6 3 6 29 46 48 3 6 
4 5 3 35 61 58 6 5 
4 5 4 50 58 59 6 3 
4 6 4 43 50 41 4 4 
6 7 4 46 32 54 4 5 
4 4 5 37 59 43 4 5 
3 6 5 48 56 65 5 5 
5 6 4 45 60 47 5 5 
6 3 4 70 39 46 4 6 
5 5 3 55 36 58 4 3 
6 4 4 42 32 19 5 6 
5 4 4 48 57 50 6 5 
5 6 3 42 53 52 4 5 
5 4 4 63 48 31 4 5 
5 6 5 55 66 76 4 5 
5 5 5 43 60 58 4 4 
4 4 3 34 29 37 5 4 
4 5 5 39 41 47 4 5 
5 5 3 44 50 50 4 4 
5 4 4 49 52 53 5 4 
5 5 4 48 41 51 5 7 
5 1 6 38 43 47 5 5 
5 5 5 55 53 52 6 5 
5 3 4 34 48 29 3 2 
6 3 4 46 50 50 4 4 
4 4 5 49 49 52 6 5 
6 5 4 51 50 43 4 5 
5 3 5 56 54 56 4 5 
5 4 4 46 33 44 6 6 
4 7 2 40 48 51 5 4 
4 6 6 70 39 51 5 5 
5 3 4 32 35 47 6 6 
5 4 5 70 34 40 6 5 
6 4 6 57 58 46 5 5 
4 5 6 49 33 49 4 5 
6 3 3 54 63 55 3 5 
4 5 3 43 50 47 4 2 
3 4 4 50 71 44 4 6 
5 2 5 49 42 34 3 4 
4 4 6 54 35 41 4 6 
4 4 4 35 56 52 4 4 
6 4 5 53 40 42 4 4 
5 5 4 55 53 44 4 7 
6 6 4 63 38 60 5 5 
5 7 7 54 45 45 4 6 
5 4 5 37 46 38 6 8 
5 4 5 44 56 44 4 5 
4 5 4 46 39 45 5 4 
4 5 5 57 29 51 6 4 
4 5 4 56 45 54 4 4 
4 5 5 52 52 62 6 6 
5 5 3 52 50 49 5 5 
5 3 5 58 64 75 5 5 
3 4 5 32 62 39 4 6 
3 3 5 34 47 39 5 6 
4 3 3 44 57 37 4 4 
5 5 3 50 62 47 5 4 
5 3 5 60 57 44 5 4 
4 6 3 42 71 38 5 3 
4 4 3 56 51 51 5 4 
4 4 5 49 26 50 3 4 
4 6 5 66 72 55 4 5 
5 5 5 64 45 42 5 4 
5 5 4 54 54 39 4 4 
5 4 3 53 66 47 5 4 
4 4 6 33 47 47 5 4 
6 4 4 46 57 56 3 4 
4 5 4 46 49 58 4 4 
5 5 2 33 45 54 5 5 
3 4 5 51 62 45 3 6 
4 5 5 64 36 49 4 4 
4 3 4 47 60 83 5 5 
6 4 4 55 35 53 5 4 
5 4 4 52 62 57 6 4 
3 6 5 54 47 35 5 6 
4 4 2 42 35 35 4 5 
5 5 5 42 46 62 4 4 
4 6 5 40 54 47 5 6 
5 4 4 61 58 62 5 5 
3 5 5 69 40 46 5 4 
3 6 5 57 49 53 4 5 
5 4 3 50 42 50 5 5 
3 4 3 37 36 50 6 4 
4 5 4 61 46 48 5 4 
4 3 2 46 27 53 5 4 
4 4 4 69 49 64 6 7 
4 5 4 55 39 51 4 6 
7 4 3 48 42 51 5 3 
5 5 5 53 37 56 4 4 
4 4 5 47 48 65 4 3 
3 4 3 43 74 34 3 4 
6 3 6 59 42 56 5 5 
4 4 4 56 45 63 4 6 
5 2 4 36 64 43 5 5 
4 5 6 38 56 48 5 4 
5 3 5 49 56 34 6 5 
4 2 5 70 34 36 4 5 
5 6 7 46 62 29 4 4 
5 6 3 40 40 49 6 6 
5 4 4 49 35 49 4 4 
5 5 5 39 40 52 4 4 
3 2 5 69 44 57 5 5 
5 3 4 49 51 48 6 3 
5 6 3 50 46 47 5 4 
6 4 4 59 66 53 4 5 
3 6 4 45 47 37 4 4 
5 4 3 44 58 51 5 4 
5 3 4 56 64 50 4 5 
6 4 4 54 48 56 5 5 
4 5 5 36 46 53 3 4 
6 5 4 48 33 67 5 3 
4 4 5 45 66 55 6 2 
5 5 7 62 57 53 4 5 
4 5 4 47 66 66 3 3 
4 4 3 52 33 48 5 5 
5 6 4 29 49 56 5 5 
5 6 6 48 45 38 4 4 
5 4 3 41 44 46 4 4 
6 6 4 41 39 38 5 4 
5 4 4 40 60 59 4 6 
5 3 4 59 59 43 4 3 
5 5 4 39 31 49 4 6 
6 6 3 26 34 54 5 4 
4 4 4 55 65 58 4 5 
5 4 5 51 58 35 6 5 
6 6 5 58 53 43 6 4 
4 5 5 51 42 53 6 4 
4 6 4 57 60 62 4 6 
7 5 6 61 53 61 6 5 
7 7 5 53 45 54 5 5 
6 5 6 39 54 53 6 4 
5 4 4 53 43 65 5 6 
5 4 4 47 55 56 4 4 
3 5 6 64 55 47 6 4 
4 4 5 70 55 53 3 4 
6 5 5 47 57 44 6 5 
5 3 4 35 46 59 4 5 
4 5 3 43 57 49 7 7 
5 4 4 56 49 37 6 5 
3 3 4 52 50 34 5 3 
5 3 6 35 51 42 6 4 
5 3 4 79 44 37 4 4 
5 4 5 60 50 58 5 5 
4 5 5 28 39 17 5 6 
4 6 5 57 61 47 4 3 
5 5 3 54 39 37 4 5 
3 5 3 30 41 59 4 5 
6 3 5 50 50 52 5 6 
6 4 4 58 47 42 4 7 
4 5 5 50 39 69 3 6 
5 5 4 31 39 49 4 6 
5 6 2 49 60 56 5 6 
3 6 4 40 40 48 3 4 
6 4 6 45 35 42 5 3 
4 4 5 55 46 49 3 4 
5 4 6 59 46 47 4 4 
4 5 5 42 62 44 6 5 
5 4 4 52 61 70 6 4 
5 3 4 39 68 45 5 4 
4 5 5 57 56 44 2 4 
3 5 5 53 56 50 5 5 
4 4 4 55 43 57 5 5 
5 4 3 44 46 56 4 5 
4 6 5 40 54 45 5 5 
3 5 5 47 59 58 2 5 
5 5 5 43 31 58 4 5 
6 4 3 58 49 35 6 4 
5 7 5 44 68 51 5 4 
4 4 6 41 53 64 3 6 
5 6 5 42 45 40 5 5 
4 6 4 53 51 38 3 3 
5 2 6 41 50 58 7 3 
5 5 5 54 34 66 6 5 
3 5 3 74 42 47 4 5 
5 7 3 63 56 58 4 5 
4 4 4 60 44 36 4 7 
4 6 5 47 40 55 7 5 
4 5 6 62 43 61 3 4 
7 4 4 42 54 42 5 5 
3 4 5 54 51 55 4 6 
6 5 6 57 50 60 4 4 
4 4 6 45 46 44 4 3 
3 3 3 51 41 66 4 4 
6 4 5 46 48 65 4 2 
4 4 4 54 51 38 6 5 
5 5 4 42 46 44 4 4 
3 5 4 45 38 64 5 4 
4 3 7 45 56 47 4 4 
5 4 5 55 39 60 4 6 
2 6 5 42 52 52 6 3 
5 3 3 64 47 45 4 5 
6 5 5 39 50 36 6 6 
5 4 2 46 48 44 3 3 
5 4 5 44 48 41 4 5 
5 6 5 58 42 58 5 5 
3 5 5 43 36 64 4 4 
6 3 4 43 42 59 4 3 
3 4 6 45 57 56 4 5 
3 4 4 42 32 60 5 6 
3 4 4 41 66 40 7 4 
4 3 3 59 55 42 5 3 
4 4 4 33 33 64 5 6 
4 5 4 55 58 53 6 4 
5 5 5 65 37 36 3 6 
5 5 5 36 60 40 4 3 
5 4 5 50 50 48 5 4 
6 2 5 71 46 54 5 6 
6 4 4 40 63 44 6 3 
5 5 4 43 51 54 6 4 
6 4 4 45 32 57 3 7 
6 4 4 39 51 57 5 4 
6 4 6 37 39 58 6 5 
4 4 3 72 45 38 4 6 
3 6 6 39 38 40 5 5 
3 4 5 55 35 52 4 3 
5 5 3 47 32 39 5 6 
5 4 4 36 36 16 4 7 
5 4 3 26 39 67 6 6 
3 4 5 47 56 51 6 3 
4 5 4 77 53 57 5 6 
5 5 4 60 46 70 4 6 
5 4 4 54 42 55 4 6 
5 5 5 41 43 37 5 3 
4 4 3 44 57 34 6 3 
6 6 3 50 51 36 4 4 
4 5 4 45 53 56 5 5 
5 5 3 56 48 37 7 5 
4 4 5 53 51 44 3 6 
5 6 6 57 51 38 5 5 
4 4 5 44 45 45 4 5 
5 3 2 50 47 45 5 3 
3 4 6 51 39 48 6 7 
4 6 6 50 52 47 4 3 
5 6 3 59 50 45 5 5 
5 6 3 45 54 36 4 4 
4 3 4 44 44 37 2 4 
3 5 6 59 54 37 6 6 
4 6 5 53 55 45 6 4 
4 6 3 44 57 70 4 5 
4 5 5 32 69 56 5 6 
5 4 6 40 63 55 5 5 
3 5 4 55 42 61 5 4 
3 6 5 60 49 38 4 5 
5 4 5 30 55 37 4 5 
5 5 3 47 50 64 3 6 
4 3 6 64 49 46 5 2 
4 9 5 56 40 58 5 6 
5 6 3 53 33 43 6 5 
4 6 3 50 46 62 6 4 
6 3 4 57 33 68 5 6 
5 4 5 45 52 41 4 5 
3 4 3 52 49 59 4 5 
5 6 4 56 27 51 6 4 
3 4 6 49 67 66 3 7 
4 6 5 47 49 37 4 6 
4 3 2 45 52 44 5 4 
2 5 5 35 38 52 7 3 
4 1 6 52 55 60 4 6 
4 3 5 33 51 34 5 6 
6 4 5 39 63 52 6 3 
3 4 5 54 39 50 2 5 
5 6 6 34 62 37 6 5 
6 4 5 52 47 39 7 4 
3 4 5 49 42 49 3 4 
5 5 5 39 48 47 4 3 
5 5 5 44 53 57 6 4 
6 2 4 46 32 58 4 5 
4 4 5 23 25 50 4 5 
4 4 6 63 49 42 6 5 
4 4 5 48 35 65 6 5 
3 5 4 56 50 45 4 3 
3 6 4 40 63 50 5 4 
3 5 4 41 65 59 4 4 
5 4 4 50 50 41 5 5 
6 6 4 42 46 36 5 3 
3 5 5 34 38 57 6 4 
4 4 4 62 61 52 3 4 
4 4 3 35 61 51 6 3 
6 5 3 56 53 56 5 4 
4 4 6 57 50 53 4 5 
3 6 5 55 54 57 4 5 
4 6 3 44 60 51 4 5 
4 5 4 42 63 50 4 5 
3 6 4 70 41 58 4 5 
3 4 6 50 57 57 5 4 
6 6 4 45 65 65 4 4 
6 2 5 46 37 68 5 4 
6 3 3 31 46 54 5 4 
5 3 2 44 50 37 3 6 
5 4 3 49 37 38 4 5 
4 5 5 58 36 57 5 5 
6 6 5 66 44 62 4 5 
5 6 7 73 47 56 5 5 
5 5 4 40 69 72 5 5 
6 4 4 43 45 47 4 5 
4 5 4 31 52 50 3 6 
4 4 3 34 54 74 6 4 
3 4 5 51 43 56 4 5 
4 6 5 53 61 58 4 5 
3 4 5 46 46 44 5 5 
5 5 4 57 55 58 4 5 
5 3 5 43 59 49 3 7 
5 4 5 44 51 54 5 6 
4 3 5 33 60 49 6 7 
3 4 4 50 35 41 7 7 
4 4 4 53 47 62 3 7 
5 5 5 51 41 39 5 4 
5 6 5 50 58 71 7 4 
4 3 5 58 27 34 2 3 
6 4 5 43 53 49 3 2 
4 4 5 59 58 62 5 6 
5 2 5 63 53 58 5 5 
4 5 5 46 57 52 3 4 
4 5 6 58 47 50 5 4 
4 6 5 41 57 43 5 3 
4 6 4 58 44 62 5 5 
4 6 4 52 45 32 3 5 
6 3 4 34 54 45 4 4 
5 4 5 56 44 52 5 4 
6 4 5 56 56 60 5 4 
3 6 4 33 46 55 5 7 
2 5 4 33 73 67 4 4 
5 4 4 64 40 53 5 5 
4 3 5 56 60 35 5 4 
5 3 6 47 33 34 4 4 
5 6 5 48 54 48 4 5 
7 5 6 47 44 52 6 4 
5 5 4 38 39 57 4 4 
6 4 5 38 44 50 5 4 
3 5 6 51 48 55 5 4 
5 5 5 42 43 38 5 3 
5 4 4 43 37 54 5 3 
6 4 5 42 45 52 5 4 
4 5 6 40 55 42 2 4 
5 4 4 48 38 47 5 4 
3 4 6 54 48 50 5 3 
3 3 4 52 45 45 5 6 
4 4 6 53 49 54 6 4 
5 4 3 57 29 35 4 5 
3 4 7 54 56 50 5 5 
5 1 6 71 70 50 4 4 
5 4 4 64 50 50 5 2 
4 5 4 43 61 50 4 6 
5 5 3 47 37 50 4 3 
6 4 4 47 53 60 4 3 
4 6 3 56 65 45 7 4 
4 5 3 40 37 54 3 6 
5 5 5 47 65 38 5 5 
6 5 4 43 41 51 6 2 
4 6 4 58 66 46 4 5 
5 4 6 51 46 43 2 4 
3 2 4 54 44 57 4 3 
6 5 5 40 51 43 4 5 
5 4 4 61 43 64 4 6 
5 3 7 43 45 60 4 4 
3 4 6 33 47 76 3 4 
4 5 5 58 43 32 5 5 
5 6 5 55 32 42 3 4 
5 4 4 41 56 44 4 6 
4 6 4 40 34 57 5 6 
3 4 3 51 55 48 4 6 
4 5 5 44 54 34 4 4 
5 4 5 49 53 50 6 5 
4 5 4 55 37 39 1 6 
5 3 3 51 50 59 4 3 
5 4 4 44 45 52 4 5 
4 3 3 59 53 62 5 5 
4 4 3 61 35 40 5 5 
5 6 5 65 41 50 4 5 
4 3 5 52 43 44 3 4 
3 6 4 43 61 66 7 4 
4 4 4 65 65 54 5 4 
5 4 6 60 45 70 5 3 
6 4 5 43 60 40 6 5 
4 5 4 30 46 57 6 2 
5 4 4 34 63 45 6 4 
3 4 7 39 52 35 4 4 
5 7 4 46 14 55 4 6 
5 5 4 50 52 66 5 6 
4 6 5 32 43 57 3 4 
4 5 4 30 50 58 4 6 
4 5 4 54 60 43 4 2 
4 3 5 54 79 59 5 5 
6 4 4 47 45 37 5 4 
4 4 3 63 53 55 4 6 
5 3 5 28 39 52 6 5 
5 4 5 43 35 55 4 5 
6 5 3 53 41 59 4 3 
4 5 2 54 36 41 3 5 
6 6 4 47 58 44 5 5 
4 5 5 39 59 59 6 6 
5 5 4 56 36 56 5 4 
5 5 4 60 52 54 5 5 
5 5 4 53 60 34 5 4 
4 5 5 41 38 32 6 5 
3 5 5 45 57 62 4 5 
6 5 6 66 55 59 4 5 
4 5 6 43 46 60 4 5 
3 6 5 63 43 28 5 6 
4 5 5 37 48 50 5 5 
5 3 2 68 54 40 4 5 
4 4 5 42 49 69 4 4 
5 5 6 34 39 51 5 4 
5 4 5 55 57 48 4 4 
5 2 6 48 54 31 4 5 
7 5 4 63 46 52 4 4 
4 5 4 55 52 51 7 6 
3 4 6 56 45 52 5 6 
4 5 3 41 41 40 4 3 
5 6 4 45 58 58 6 3 
3 5 5 60 38 76 4 5 
4 4 7 44 46 50 6 3 
4 4 4 59 66 48 3 4 
3 6 4 51 60 40 4 4 
4 7 6 48 54 41 5 5 
4 5 5 57 55 43 5 4 
5 6 3 56 42 69 5 5 
5 5 2 46 52 47 5 6 
3 6 4 38 52 53 6 3 
5 5 3 40 47 69 5 3 
4 5 4 45 38 54 5 6 
3 5 6 55 54 65 5 6 
4 5 6 45 49 48 5 4 
5 5 5 57 60 55 3 6 
5 6 4 58 52 48 4 4 
4 4 5 51 51 42 4 4 
4 4 5 51 41 61 4 4 
4 5 5 41 54 50 5 5 
7 6 5 52 58 57 6 4 
4 4 5 26 40 34 5 5 
5 5 4 42 53 57 3 4 
4 5 5 47 34 39 4 3 
4 4 5 43 54 58 6 5 
6 4 5 41 59 56 4 4 
5 5 6 53 39 65 5 3 
6 5 5 53 33 42 4 4 
5 3 6 40 41 44 6 5 
5 4 5 47 50 42 5 5 
4 6 4 43 37 47 5 5 
5 4 6 51 44 69 4 4 
4 3 4 55 61 40 6 6 
5 3 4 55 36 58 4 4 
5 5 5 24 59 57 4 5 
4 3 3 25 58 44 4 5 
4 5 5 42 41 62 6 5 
5 5 3 51 56 41 4 4 
3 4 3 56 49 55 3 5 
6 4 6 59 56 45 5 4 
5 5 6 58 49 43 5 5 
4 4 4 45 32 45 7 4 
4 5 6 39 41 55 3 5 
3 4 5 45 47 61 6 5 
6 5 6 59 32 52 5 5 
3 5 5 40 56 42 5 4 
5 6 5 22 35 67 4 3 
5 5 4 46 66 55 3 5 
4 5 4 55 70 43 5 5 
5 4 5 54 50 46 4 4 
5 4 4 59 60 49 4 5 
4 5 3 63 33 61 6 1 
5 5 6 50 56 36 5 4 
3 4 4 55 50 50 5 4 
5 6 3 61 62 50 4 3 
4 5 6 43 37 45 4 6 
5 5 4 55 43 75 5 4 
3 4 4 42 47 48 4 6 
5 4 6 54 39 58 5 4 
4 5 5 48 34 43 5 4 
5 3 4 41 37 46 5 4 
5 5 4 45 29 50 4 5 
6 7 5 47 44 60 5 6 
5 5 6 61 41 52 6 4 
5 4 6 36 33 47 6 5 
4 4 6 53 40 50 3 5 
6 5 4 50 53 49 5 4 
5 4 3 49 57 49 5 5 
4 3 6 38 38 46 4 5 
4 6 4 62 39 57 5 2 
5 6 4 38 43 48 4 5 
5 5 5 63 27 45 6 5 
4 4 4 51 54 56 5 5 
5 5 4 51 56 66 5 3 
4 4 5 47 56 54 5 6 
5 4 5 52 39 50 7 4 
3 5 3 42 55 53 3 4 
4 5 4 55 45 41 4 5 
3 4 3 53 63 47 4 4 
5 6 4 34 46 17 3 5 
5 5 5 42 42 56 4 5 
6 5 5 54 61 61 3 5 
5 5 4 34 50 38 4 6 
5 5 3 46 56 42 3 3 
5 3 3 55 42 47 2 3 
4 6 4 44 49 52 4 5 
7 5 6 47 40 48 4 3 
4 4 5 42 66 51 3 3 
6 5 6 50 62 33 3 4 
3 4 6 52 60 43 5 4 
3 4 5 51 59 42 5 5 
5 5 5 49 54 63 4 6 
7 4 3 41 60 44 4 5 
4 4 5 61 53 50 6 4 
4 4 5 50 58 56 4 6 
4 5 6 61 47 70 4 4 
4 6 6 54 39 42 6 5 
4 5 3 48 38 45 5 5 
4 3 6 49 62 27 4 3 
5 4 4 51 46 66 5 5 
3 6 5 39 56 59 4 4 
5 7 4 59 62 55 4 4 
6 4 4 43 40 48 3 4 
3 4 5 35 54 39 5 5 
5 6 4 60 51 45 6 5 
4 5 3 54 44 46 4 6 
7 6 3 56 46 35 5 4 
4 5 6 45 28 54 4 3 
4 6 4 49 33 66 6 4 
4 6 3 74 56 49 4 7 
4 5 5 49 61 34 6 5 
6 2 4 52 29 36 4 5 
7 3 6 34 35 44 3 6 
3 4 4 47 47 45 5 4 
4 4 4 56 40 43 4 4 
7 4 4 54 53 51 5 5 
6 5 5 44 61 45 4 6 
5 3 5 32 42 48 5 2 
6 4 6 36 53 57 5 4 
5 4 4 44 59 56 4 3 
5 4 5 31 36 53 5 5 
5 3 4 62 39 53 6 4 
4 6 6 50 48 69 5 5 
4 5 4 43 52 53 5 4 
3 4 4 30 50 52 4 4 
5 4 6 36 37 49 4 6 
5 5 6 56 44 42 4 5 
5 2 5 62 48 57 6 5 
3 4 5 48 49 52 5 4 
4 4 3 44 54 51 4 4 
3 5 7 42 52 42 3 4 
4 4 5 47 58 42 5 3 
4 5 4 50 56 45 6 4 
4 6 7 61 61 59 4 4 
5 3 6 53 55 67 5 5 
4 6 4 54 61 45 5 3 
4 5 5 59 42 63 5 2 
4 5 4 53 44 62 6 5 
4 4 3 48 50 44 4 5 
4 6 5 45 45 48 4 3 
4 5 4 56 50 56 4 7 
6 6 5 48 55 58 5 3 
4 4 4 43 51 60 6 5 
5 6 5 28 59 66 4 6 
3 4 4 47 52 44 4 5 
6 4 4 59 53 50 4 5 
5 3 5 58 30 54 3 4 
4 4 4 45 47 60 3 5 
5 4 6 50 30 42 4 5 
5 3 4 51 41 37 6 5 
5 6 4 54 51 44 3 6 
4 6 5 54 64 44 4 6 
5 3 6 43 52 37 5 5 
5 4 6 46 46 53 4 6 
6 5 5 64 69 57 5 3 
5 6 5 43 54 40 5 4 
4 6 5 49 60 41 5 4 
5 5 4 54 45 51 5 2 
4 3 5 43 44 41 4 3 
4 4 5 28 44 53 6 3 
3 4 4 39 59 60 4 4 
3 5 5 39 50 49 4 4 
4 5 5 53 54 82 3 4 
3 3 3 52 40 80 4 6 
4 5 4 45 42 53 3 2 
6 6 4 59 65 56 5 5 
2 4 4 50 60 54 6 5 
3 5 3 48 38 51 5 4 
4 4 5 56 49 64 4 4 
5 4 6 45 62 50 5 4 
5 6 3 40 47 57 5 4 
6 4 4 58 39 70 5 3 
5 6 4 41 56 43 3 4 
3 5 4 47 57 39 4 5 
5 6 4 41 38 48 6 4 
4 6 4 52 57 38 3 1 
6 4 4 51 41 62 5 4 
6 3 5 49 62 61 6 4 
2 6 4 59 46 57 5 6 
3 5 5 58 44 48 3 3 
4 5 4 66 59 63 5 4 
5 6 6 51 59 35 6 4 
3 5 4 45 73 36 4 6 
4 6 4 56 31 41 2 6 
5 5 5 52 58 57 4 4 
7 5 5 56 45 49 4 6 
3 5 4 52 64 63 4 4 
3 5 3 43 48 61 5 4 
5 5 5 51 49 58 5 6 
4 6 5 37 46 67 6 4 
4 4 3 37 60 29 5 3 
4 4 5 63 60 69 4 5 
4 4 5 46 62 64 5 4 
4 4 4 25 78 47 5 4 
6 4 6 58 52 64 2 4 
5 4 4 53 37 58 4 5 
5 4 5 47 46 49 4 4 
3 4 6 54 50 55 3 5 
4 4 5 58 45 51 5 5 
6 5 4 44 35 49 4 4 
3 5 4 67 46 66 5 5 
3 6 5 41 49 46 2 5 
6 3 5 46 47 55 3 3 
6 2 4 24 37 68 3 4 
4 4 3 50 50 65 3 5 
4 3 5 51 62 60 5 4 
8 3 4 45 43 39 3 4 
3 5 5 53 23 65 3 4 
6 5 4 48 48 54 5 4 
6 5 7 50 53 33 5 5 
4 4 4 58 40 58 6 4 
4 5 4 64 41 48 4 4 
5 6 4 52 45 39 6 6 
6 7 3 41 29 49 4 5 
5 5 5 54 45 52 5 5 
4 5 5 31 56 46 4 5 
5 4 5 48 50 36 7 4 
6 5 4 50 61 51 4 4 
5 5 4 50 40 46 5 3 
5 4 4 28 46 47 4 3 
3 4 5 35 31 29 5 5 
6 5 4 56 51 50 3 6 
6 7 3 52 41 56 4 4 
4 5 5 51 51 59 5 5 
4 4 3 46 58 37 6 4 
7 5 5 51 55 26 4 5 
4 5 3 70 51 56 4 4 
4 6 3 53 48 59 5 3 
6 4 7 56 52 48 6 4 
5 6 5 52 39 66 4 5 
4 6 4 34 43 48 6 5 
5 3 4 53 53 48 4 4 
4 4 5 47 44 36 6 5 
4 4 6 45 40 44 6 5 
4 3 5 45 57 57 6 4 
6 4 5 52 42 32 4 6 
5 4 5 46 42 42 5 3 
5 5 4 36 41 56 5 3 
4 4 5 60 67 25 6 4 
6 3 5 64 45 37 4 7 
3 4 4 50 46 41 2 5 
5 6 6 56 62 68 6 3 
5 5 4 45 50 46 5 5 
5 5 2 61 43 58 5 5 
3 5 3 53 62 35 5 4 
4 5 5 43 40 43 5 4 
5 5 5 46 38 52 5 4 
6 5 4 41 45 46 3 5 
4 5 5 37 55 44 6 5 
4 3 5 47 56 66 6 5 
5 4 5 47 15 44 6 5 
5 3 6 37 44 55 2 5 
4 4 4 47 37 69 5 6 
4 4 5 50 50 61 5 6 
3 4 5 35 51 46 4 3 
6 5 5 74 40 49 5 4 
5 5 5 54 47 51 5 5 
5 5 3 49 54 50 5 3 
6 4 6 37 53 60 4 5 
4 4 6 43 52 62 5 4 
4 5 4 43 66 59 6 6 
3 4 4 61 53 46 4 5 
5 6 4 67 48 62 6 5 
5 5 4 44 35 33 5 4 
5 5 4 31 56 56 4 5 
5 4 4 64 46 42 4 3 
5 6 3 49 45 50 5 4 
3 5 3 61 41 58 4 6 
5 5 5 36 31 40 4 4 
5 4 4 46 61 49 4 4 
4 4 4 67 45 56 5 4 
3 5 6 53 59 23 6 3 
3 6 3 50 71 38 4 5 
3 6 4 45 44 42 5 4 
2 4 4 41 49 51 5 5 
3 5 5 63 43 36 6 6 
4 5 5 37 66 44 5 5 
3 6 4 39 63 47 4 6 
7 6 7 60 50 42 4 5 
3 4 6 41 60 53 4 4 
4 2 5 55 51 50 4 5 
3 4 4 67 49 55 7 6 
5 6 5 53 75 37 6 5 
3 5 4 43 68 48 4 5 
4 3 3 59 52 55 3 4 
3 5 5 38 67 43 4 6 
5 4 4 48 62 51 2 5 
3 5 4 58 45 59 4 5 
2 6 4 55 46 50 5 4 
4 4 4 38 55 49 5 6 
4 5 5 53 57 51 6 5 
4 4 4 37 46 61 4 6 
5 5 4 54 58 33 5 3 
5 4 6 63 54 56 5 5 
4 4 4 51 42 49 4 5 
5 5 3 53 43 48 5 4 
5 3 5 35 57 45 6 5 
2 5 4 38 46 60 3 5 
4 4 6 39 48 62 5 3 
4 5 5 57 64 37 5 4 
4 4 4 51 62 47 5 4 
6 4 5 40 55 57 5 4 
3 5 2 42 53 53 6 5 
6 6 4 54 43 39 5 3 
4 6 4 43 66 54 5 4 
5 4 4 76 44 47 6 4 
4 6 6 30 44 57 4 3 
3 6 6 49 37 44 6 3 
4 5 4 50 33 52 5 6 
4 3 4 61 44 48 4 3 
6 5 4 48 48 31 4 5 
5 3 4 46 47 50 3 4 
5 5 5 53 37 57 5 5 
4 3 5 63 46 47 4 4 
4 5 5 52 61 45 4 5 
6 5 6 47 59 48 4 4 
5 3 4 50 42 49 5 3 
4 3 4 43 46 44 5 4 
3 6 5 31 44 71 6 6 
3 5 4 37 36 34 3 7 
6 3 5 55 39 48 4 4 
3 6 5 61 44 53 4 5 
4 3 3 41 48 51 4 4 
6 4 3 52 40 62 5 6 
4 6 4 47 45 45 5 4 
5 5 5 66 34 46 4 5 
4 5 5 44 45 61 5 4 
4 4 5 60 55 54 5 4 
6 5 2 45 34 47 4 4 
7 4 3 58 60 41 4 5 
6 4 3 51 53 59 5 3 
5 5 3 53 61 55 5 4 
5 4 3 48 63 67 3 5 
5 5 5 56 48 44 6 4 
5 5 6 63 50 52 6 4 
4 5 4 52 44 39 5 6 
4 6 5 39 47 42 5 4 
5 3 5 63 50 55 6 5 
5 4 3 51 61 61 5 6 
4 5 5 61 42 47 4 4 
4 6 5 37 45 35 3 3 
5 2 4 43 56 46 5 5 
3 4 5 66 27 51 4 4 
3 4 4 56 54 34 3 4 
5 4 4 35 45 42 4 5 
4 4 5 51 62 63 4 6 
6 5 5 48 61 61 6 5 
5 4 3 62 44 54 4 5 
4 4 4 41 42 70 5 7 
4 4 5 49 45 44 4 4 
4 5 2 53 78 48 5 5 
4 4 3 57 60 34 4 4 
5 6 4 40 63 47 4 6 
6 5 4 43 52 65 6 5 
3 5 4 30 70 43 4 4 
4 5 5 55 46 52 3 5 
5 3 6 47 39 46 5 4 
5 4 4 43 39 66 6 5 
4 5 5 35 43 69 6 5 
6 5 4 47 60 53 2 4 
6 4 3 37 50 50 6 5 
5 4 7 44 57 46 4 4 
6 6 4 54 45 57 4 5 
5 4 6 69 39 63 5 4 
5 4 4 52 44 46 4 4 
5 4 4 35 55 66 3 4 
4 4 2 55 37 55 5 3 
4 3 3 38 41 45 4 3 
5 4 5 28 57 52 4 6 
5 3 5 61 39 40 3 5 
3 4 6 52 67 54 4 6 
5 4 3 72 54 59 6 5 
5 5 5 42 44 50 3 5 
4 5 4 43 50 57 5 4 
4 5 5 60 66 55 5 3 
4 6 4 50 45 50 4 4 
4 5 4 57 47 63 4 6 
5 5 5 41 49 45 4 4 
2 5 4 49 32 72 3 6 
4 4 4 38 50 49 6 5 
6 7 6 48 62 48 5 6 
7 4 5 73 41 49 4 5 
3 4 3 33 69 58 5 3 
4 2 6 45 55 45 5 5 
6 3 4 58 53 44 5 5 
5 4 5 41 34 58 7 4 
2 6 3 49 42 57 6 7 
7 6 3 34 56 26 4 5 
5 5 4 53 43 55 5 3 
5 4 3 59 54 45 5 6 
2 7 7 29 45 46 4 4 
5 6 5 49 53 48 4 4 
5 5 6 44 56 47 4 4 
5 4 5 51 27 44 4 5 
4 4 3 40 60 29 5 3 
4 5 4 52 64 65 5 6 
6 5 3 51 49 40 5 5 
2 4 4 63 36 61 4 3 
5 5 5 43 49 45 5 4 
6 5 5 65 58 47 5 4 
5 3 4 43 54 54 5 4 
5 4 5 52 48 55 5 4 
4 4 6 49 64 56 4 4 
3 4 4 54 53 61 4 5 
3 6 5 42 51 38 6 5 
5 4 4 36 55 55 6 5 
4 5 2 59 46 31 3 4 
4 4 3 58 54 39 5 5 
3 4 4 46 53 68 4 6 
5 4 6 63 71 52 4 5 
5 6 4 52 41 49 4 5 
4 5 5 48 41 48 5 4 
4 3 4 47 52 63 6 3 
4 5 4 41 54 43 4 4 
4 2 4 38 39 54 3 4 
5 5 6 55 39 47 6 5 
4 4 3 66 44 65 5 4 
4 6 4 68 51 47 4 3 
4 3 6 48 56 51 4 4 
5 3 4 39 52 67 4 5 
5 6 6 36 64 47 4 3 
5 4 6 47 53 52 4 5 
2 5 4 41 46 49 6 5 
4 4 5 45 61 44 3 5 
5 6 5 45 64 59 3 5 
6 2 3 43 55 43 2 4 
5 3 5 50 56 53 3 3 
5 5 5 51 53 45 3 3 
4 4 4 47 42 50 4 4 
6 6 3 43 44 40 6 6 
5 4 4 49 62 50 4 5 
4 6 6 55 39 43 6 4 
5 4 5 54 67 56 5 5 
5 6 3 71 44 67 4 6 
6 4 5 45 52 44 5 6 
5 3 2 28 42 65 6 4 
3 6 5 57 58 52 6 6 
4 4 3 36 50 46 5 4 
4 5 4 61 61 49 5 4 
4 4 5 37 48 66 5 5 
6 4 5 53 45 55 6 3 
5 5 5 46 48 45 5 5 
3 5 5 59 43 56 4 4 
6 4 5 59 59 40 6 5 
4 3 6 53 35 54 4 4 
2 5 3 47 49 44 5 4 
5 7 3 59 70 50 5 5 
6 4 5 44 65 40 4 4 
5 4 5 62 48 41 2 4 
5 4 5 41 55 44 5 4 
4 3 5 57 40 41 4 3 
4 4 6 36 63 51 5 3 
3 5 4 56 40 41 3 4 
6 5 3 45 68 39 3 4 
4 4 5 50 32 48 4 5 
6 5 5 52 39 52 4 5 
5 4 5 54 33 47 4 5 
4 5 4 33 52 57 5 4 
5 5 3 24 51 23 4 5 
4 5 3 59 56 42 4 6 
5 5 2 50 46 34 5 5 
5 4 5 44 38 44 4 6 
6 5 5 45 49 36 5 3 
4 6 5 56 63 26 4 4 
5 6 4 40 57 66 7 5 
6 5 4 79 38 55 5 4 
3 6 5 47 47 28 5 4 
4 4 3 65 44 49 1 3 
5 2 3 55 50 42 5 6 
5 4 6 49 35 41 3 3 
4 3 4 48 52 37 6 5 
6 4 3 52 41 41 4 5 
4 4 5 46 57 37 5 6 
4 4 4 61 69 63 4 5 
5 5 5 58 50 48 5 5 
6 6 4 53 37 50 5 6 
1 5 4 45 48 48 4 4 
