8 3550
4 5 5 53 60 51 5 4 
3 5 4 59 50 44 4 7 
6 5 7 33 47 48 6 5 
3 5 5 52 31 50 4 5 
6 3 4 40 52 47 6 6 
5 4 7 49 56 48 5 6 
4 5 3 47 54 73 5 7 
5 5 4 57 50 58 5 4 
4 7 4 59 62 48 5 5 
4 5 6 58 54 56 4 3 
4 4 3 35 62 53 3 4 
4 5 6 49 38 32 5 5 
4 5 4 52 45 52 3 3 
4 4 4 48 57 56 7 5 
5 5 4 61 47 46 4 3 
3 4 4 53 42 39 5 5 
2 5 3 54 46 72 5 4 
5 6 4 39 49 51 6 5 
6 5 5 38 51 55 4 6 
3 4 4 52 40 41 6 4 
5 6 4 51 51 40 4 4 
3 4 3 44 50 37 5 4 
5 4 4 63 42 47 4 4 
4 4 5 33 50 42 4 5 
5 6 3 44 56 55 4 5 
4 1 4 46 53 57 5 2 
5 4 3 45 35 58 6 5 
4 5 4 43 73 61 4 3 
4 3 5 54 61 69 5 4 
6 4 4 41 52 49 6 5 
3 5 4 61 49 54 7 5 
5 5 4 51 43 42 5 5 
4 4 4 51 35 52 5 5 
4 3 4 55 36 33 7 4 
5 4 4 63 40 46 5 5 
5 6 5 39 38 43 5 4 
6 5 4 33 46 64 4 5 
6 4 5 60 79 27 3 4 
5 4 4 55 38 64 4 6 
4 4 6 60 45 35 6 6 
3 3 5 41 52 45 6 4 
5 2 6 74 54 67 3 4 
4 5 5 56 43 52 4 3 
2 4 6 46 30 62 4 5 
5 4 4 48 48 44 4 6 
3 4 5 45 52 41 5 5 
6 5 4 41 52 48 5 5 
5 6 5 39 58 41 5 5 
5 4 4 34 42 56 4 6 
4 5 7 59 40 43 3 5 
5 5 6 38 49 40 4 4 
4 5 3 40 48 48 6 5 
5 4 3 53 60 49 4 4 
6 5 4 45 52 29 6 5 
5 3 5 50 59 59 5 5 
4 4 5 56 27 52 5 6 
5 6 4 69 47 38 4 3 
5 5 5 63 47 45 4 5 
5 6 3 54 59 47 5 6 
6 5 5 28 52 60 5 3 
4 5 5 57 41 38 4 5 
6 6 4 44 43 43 5 5 
4 4 5 65 48 46 5 5 
4 5 4 46 50 52 5 5 
4 4 4 46 42 57 5 3 
4 3 7 52 53 53 3 6 
4 3 3 49 39 60 5 4 
4 5 6 62 35 46 5 5 
3 4 6 59 58 63 3 6 
2 3 6 47 55 47 5 4 
3 3 4 62 42 26 6 4 
4 3 4 43 59 56 3 5 
5 6 5 57 44 43 8 4 
5 5 4 51 47 45 4 4 
5 4 5 42 54 61 4 4 
5 6 6 48 64 65 5 4 
4 5 4 43 48 44 6 4 
3 5 6 52 58 49 6 3 
3 4 5 48 46 38 4 5 
4 6 4 52 51 53 4 4 
4 4 4 37 37 46 5 3 
5 6 5 51 44 52 5 4 
5 4 5 43 63 60 4 6 
3 7 4 57 52 44 4 5 
4 5 5 67 48 42 3 5 
5 4 4 45 42 62 4 5 
4 6 6 45 50 43 4 4 
4 5 3 61 70 51 6 4 
4 5 3 59 44 42 3 5 
5 4 4 54 41 51 5 4 
4 8 6 57 46 50 4 2 
5 5 4 61 65 48 4 4 
5 4 4 36 40 44 4 5 
4 3 6 68 61 37 6 4 
5 5 5 36 56 51 5 5 
5 5 6 50 59 59 4 3 
6 4 4 66 50 55 5 6 
5 4 5 32 32 72 6 4 
5 5 3 49 53 43 3 5 
4 3 6 61 41 34 5 5 
4 5 6 36 59 55 4 5 
6 4 3 37 52 50 4 5 
5 4 6 57 53 53 4 7 
4 5 5 53 52 50 5 5 
4 3 4 38 35 53 3 5 
6 4 6 57 50 44 6 3 
4 6 4 42 55 35 3 4 
2 5 6 47 44 63 5 4 
6 2 1 58 54 50 3 5 
3 6 7 57 48 48 5 4 
5 5 5 46 30 59 4 3 
3 4 5 39 28 39 7 3 
5 4 4 65 49 59 5 5 
5 6 4 46 73 45 3 3 
2 5 3 45 39 58 2 6 
5 5 3 37 41 68 5 4 
5 4 5 45 57 36 6 3 
4 5 4 56 48 45 5 4 
4 5 5 52 50 49 6 3 
3 5 5 53 53 48 5 4 
3 3 5 54 58 49 5 5 
5 6 4 67 45 51 6 5 
6 4 4 48 50 55 5 5 
4 6 5 48 49 35 5 4 
4 5 3 39 47 38 3 5 
5 5 3 70 53 35 5 4 
4 4 4 55 50 53 5 3 
6 4 4 74 57 52 5 5 
4 5 4 58 49 48 5 4 
3 3 5 53 22 54 4 3 
6 4 4 46 48 42 3 5 
7 3 4 40 64 63 4 3 
6 6 5 48 61 41 5 4 
5 4 5 46 24 43 4 4 
5 6 4 45 59 44 5 4 
5 5 6 48 35 47 5 5 
6 4 6 48 71 47 4 6 
6 3 3 51 38 44 5 5 
5 4 3 46 41 38 4 5 
5 3 6 50 52 46 5 3 
3 5 5 56 56 50 5 4 
3 5 5 60 44 36 4 6 
3 5 3 38 62 53 5 4 
1 6 3 42 51 61 5 5 
5 4 7 32 38 43 4 5 
5 5 5 50 63 58 3 3 
2 4 5 62 43 66 4 4 
3 5 5 32 61 48 5 5 
4 3 5 53 46 59 5 3 
5 4 4 63 59 46 4 4 
5 4 6 42 36 48 5 5 
3 5 5 60 48 37 5 5 
6 5 6 42 63 64 5 6 
4 3 7 47 69 38 7 3 
4 5 6 50 48 33 5 4 
6 5 3 53 36 44 4 4 
5 5 3 43 44 54 4 5 
5 4 5 37 57 44 5 4 
6 4 6 55 56 45 5 5 
4 3 3 49 47 38 5 4 
4 5 5 52 61 45 4 5 
3 6 4 43 39 51 3 3 
5 5 6 61 48 55 3 4 
6 2 5 38 42 54 4 4 
6 3 4 56 49 66 5 6 
5 5 3 43 59 65 4 5 
4 4 5 46 51 52 4 4 
5 6 5 58 37 54 4 4 
4 5 4 55 49 33 4 5 
3 2 4 45 53 56 6 4 
6 5 3 42 40 54 4 4 
4 4 5 46 42 52 5 5 
4 3 5 40 43 53 4 4 
5 3 3 38 46 50 4 3 
4 5 5 45 40 57 3 6 
5 3 5 62 58 44 5 3 
4 3 7 34 52 38 5 5 
4 3 3 33 74 56 5 4 
5 4 5 75 30 60 5 4 
5 4 5 39 47 42 4 7 
4 5 6 63 57 39 4 5 
5 3 5 44 64 54 5 3 
6 5 5 50 58 40 5 6 
4 5 7 66 49 41 4 4 
4 6 4 39 47 50 3 5 
4 5 7 50 52 54 5 5 
4 3 3 56 48 27 3 5 
5 4 4 47 48 34 5 5 
6 4 6 61 47 44 5 3 
4 6 5 39 63 39 5 5 
5 4 6 49 41 34 5 4 
5 4 4 53 60 29 5 3 
5 4 4 39 63 20 5 4 
5 5 4 64 53 67 3 4 
5 5 2 58 48 51 5 5 
5 5 4 33 55 51 6 5 
5 5 7 49 54 56 5 7 
5 4 5 43 54 59 5 4 
4 5 4 42 50 59 3 3 
6 5 5 58 46 58 3 6 
7 5 4 46 42 50 3 4 
5 3 6 28 29 52 4 4 
3 5 3 52 48 66 3 6 
3 5 7 60 55 36 4 4 
5 5 4 54 48 47 5 4 
7 4 6 47 36 44 4 3 
5 4 4 45 59 51 5 5 
6 5 6 74 36 36 4 8 
6 4 5 44 70 48 5 6 
6 6 2 51 42 56 5 4 
5 3 5 43 51 55 4 4 
6 5 3 45 49 47 4 5 
4 4 4 65 46 65 4 5 
4 7 5 40 53 42 6 5 
5 3 5 56 51 55 4 4 
4 5 5 32 57 52 4 5 
3 5 5 55 51 42 5 4 
4 4 4 28 65 27 5 5 
2 5 5 55 75 49 4 5 
4 4 4 41 52 18 4 5 
4 5 4 62 51 53 6 3 
2 5 5 47 43 56 5 4 
4 5 5 73 56 46 4 5 
3 4 6 51 66 48 4 5 
4 5 5 50 48 51 6 3 
7 3 3 44 61 59 3 5 
5 6 5 53 53 50 5 4 
5 6 6 44 41 32 4 3 
6 5 5 62 39 46 5 6 
5 2 4 41 51 44 4 4 
6 5 5 65 42 69 4 3 
4 4 4 43 51 27 6 5 
4 4 3 35 62 35 4 4 
4 4 6 45 32 53 5 3 
5 4 3 35 37 55 4 4 
6 3 5 60 49 57 6 4 
4 4 6 59 56 46 6 5 
6 5 5 57 63 55 4 3 
5 2 4 52 51 28 4 4 
5 4 7 40 47 55 5 3 
5 4 6 49 34 55 4 6 
4 2 6 46 59 64 5 5 
4 5 5 54 72 52 5 5 
5 6 5 42 42 55 4 2 
5 3 5 50 73 42 6 5 
3 5 4 33 34 63 3 5 
5 4 2 37 39 66 4 5 
5 5 7 52 46 47 5 5 
5 3 5 53 36 46 5 4 
4 5 6 37 55 37 3 6 
6 4 4 60 52 40 5 4 
6 5 3 48 53 43 4 3 
6 5 5 35 64 58 5 3 
5 4 6 48 38 53 3 5 
4 4 3 31 34 55 5 5 
3 4 4 41 50 32 6 3 
5 5 4 52 47 36 3 5 
6 5 4 48 62 62 5 6 
3 4 4 50 55 47 2 8 
4 4 5 46 58 59 4 5 
5 4 4 27 42 37 4 4 
5 5 6 36 52 37 5 4 
6 6 4 61 46 52 5 5 
6 4 5 50 71 44 4 4 
6 3 5 35 31 23 5 6 
4 5 4 54 50 52 5 2 
6 5 4 55 28 38 6 4 
5 6 4 52 50 47 5 5 
5 4 4 51 59 40 5 4 
7 4 5 50 64 36 4 4 
6 5 4 47 44 63 6 6 
5 4 5 53 43 37 3 2 
5 5 4 44 37 49 5 4 
4 4 6 52 49 50 4 4 
4 4 4 54 57 42 5 4 
4 3 6 53 45 71 6 5 
5 5 6 48 73 35 5 3 
4 7 4 42 52 48 3 5 
5 3 5 59 30 50 5 4 
4 3 5 50 49 54 7 5 
5 4 4 51 55 52 5 4 
3 5 5 53 49 46 4 3 
5 4 5 38 30 40 3 4 
5 5 3 47 50 57 3 5 
5 6 5 52 46 46 3 3 
5 5 5 67 57 37 5 3 
3 4 5 65 38 61 4 5 
3 5 4 41 50 40 3 5 
6 6 7 30 65 44 5 6 
4 3 3 46 61 60 6 5 
3 5 4 50 41 38 3 4 
4 6 4 50 40 57 4 2 
5 4 4 48 55 48 3 3 
4 5 4 46 69 56 4 4 
3 3 5 46 60 39 5 5 
5 5 5 42 50 65 5 6 
5 4 6 53 59 43 4 5 
4 4 6 43 45 50 3 6 
6 7 3 35 57 54 4 4 
3 5 6 39 53 42 6 5 
4 3 4 43 52 23 5 5 
3 4 4 68 49 62 4 3 
4 4 6 41 39 42 4 4 
6 5 4 49 50 44 5 6 
3 6 3 38 47 33 5 2 
5 5 3 64 44 46 5 4 
6 5 6 58 34 51 4 4 
6 4 6 56 47 40 3 3 
6 5 5 32 46 45 6 5 
5 3 4 31 57 49 4 3 
4 3 4 55 37 52 4 4 
4 4 5 48 51 53 4 7 
5 6 6 58 55 42 5 4 
4 4 4 54 45 45 5 3 
4 4 5 60 57 35 4 4 
5 5 4 56 52 55 5 3 
4 4 6 42 43 69 5 5 
4 4 4 41 66 52 6 5 
5 4 6 30 49 47 4 5 
5 2 4 62 49 50 4 4 
6 4 5 56 48 61 4 4 
5 7 3 51 62 50 2 5 
4 3 7 22 57 45 5 4 
5 4 3 52 50 52 4 5 
5 5 5 40 55 63 4 5 
4 5 6 20 40 52 5 6 
3 5 4 52 56 38 5 5 
4 6 5 39 48 63 4 5 
3 2 6 59 38 62 3 5 
4 6 5 39 49 56 5 6 
3 4 4 39 69 57 4 5 
5 5 4 48 40 47 4 5 
5 5 4 34 60 52 4 4 
4 4 5 51 47 36 6 5 
5 3 5 45 61 29 4 3 
4 4 4 55 53 42 3 5 
5 5 4 58 53 47 6 6 
5 3 5 45 41 44 5 7 
6 5 4 21 50 61 4 5 
6 3 5 62 43 43 4 3 
5 6 5 72 42 56 5 4 
3 4 4 70 42 26 5 3 
4 4 5 53 47 46 5 4 
4 2 3 64 48 51 3 5 
5 4 4 68 49 48 3 4 
4 3 2 41 58 49 4 6 
4 3 5 54 53 58 5 3 
5 4 4 52 50 43 4 6 
4 4 5 39 32 46 3 3 
6 5 4 34 37 51 5 5 
4 5 5 27 39 73 4 5 
4 4 5 50 54 35 4 5 
6 5 4 46 39 70 4 3 
4 4 5 41 41 46 2 6 
6 3 5 47 42 50 4 5 
5 5 3 49 43 62 4 5 
6 6 5 53 36 53 5 5 
5 3 6 50 51 56 5 5 
5 4 3 36 61 40 3 3 
4 4 5 52 53 54 4 5 
4 4 4 47 48 49 5 5 
5 3 6 63 57 52 4 5 
4 5 5 13 41 37 5 5 
4 4 5 52 45 55 5 5 
3 4 5 46 44 45 3 4 
3 4 5 51 50 31 6 5 
5 5 5 47 43 39 3 4 
3 4 4 60 36 60 6 4 
5 3 4 52 41 44 4 3 
6 5 5 47 56 61 5 5 
7 6 4 50 32 25 4 4 
5 4 4 45 57 38 4 6 
4 3 6 34 47 64 6 3 
5 5 5 42 43 41 4 3 
4 6 5 57 50 48 4 5 
7 3 4 70 37 60 4 5 
4 5 4 73 69 45 3 4 
4 2 5 49 54 38 4 3 
5 3 4 34 58 32 4 4 
3 6 5 61 69 69 3 6 
5 5 4 32 57 32 5 6 
4 4 4 60 48 50 4 6 
4 6 4 54 38 57 3 5 
4 4 4 47 69 45 4 3 
3 4 6 61 60 45 6 4 
3 5 5 49 54 49 5 5 
3 5 5 59 59 47 4 5 
5 5 4 51 61 43 5 6 
5 3 2 60 50 66 4 3 
4 5 5 48 51 57 4 3 
4 5 4 51 39 60 5 4 
5 3 6 56 48 65 6 5 
4 6 4 53 60 48 4 5 
6 2 4 45 34 59 5 7 
4 4 4 55 57 53 4 6 
4 4 3 52 49 55 5 5 
3 4 4 44 56 62 6 6 
5 6 7 52 56 36 4 4 
5 3 4 54 52 60 4 6 
5 5 6 46 51 42 1 5 
4 4 4 55 43 47 5 6 
4 5 4 49 67 49 5 5 
5 6 4 57 42 51 5 3 
5 4 5 60 51 38 5 3 
3 5 4 56 55 28 4 2 
4 4 4 51 45 57 4 5 
4 5 3 35 49 37 4 4 
5 6 5 46 48 57 4 5 
5 5 3 67 71 40 5 4 
3 3 4 52 54 54 5 5 
4 4 3 44 41 50 4 5 
5 5 5 50 59 47 2 5 
4 5 4 61 42 51 7 6 
4 7 2 60 49 49 5 5 
4 4 5 52 57 49 4 3 
4 5 5 46 69 58 4 4 
4 5 5 50 58 48 5 5 
5 5 4 56 50 25 3 3 
5 5 4 46 55 61 4 6 
4 4 6 67 57 68 4 4 
3 4 4 58 72 38 4 5 
4 4 5 49 61 60 4 6 
4 4 4 49 42 41 4 4 
4 2 6 64 54 26 6 5 
4 5 6 49 47 58 6 5 
4 4 5 31 45 54 4 4 
6 5 4 66 70 74 3 4 
4 4 5 58 38 54 4 5 
5 5 4 55 36 38 4 3 
5 5 4 50 74 56 5 6 
5 4 5 46 45 53 6 3 
6 3 4 56 38 42 6 5 
5 5 4 55 56 61 3 5 
4 2 5 56 58 45 6 4 
5 3 5 46 36 29 6 4 
4 5 6 57 65 59 5 5 
8 6 4 65 50 43 4 4 
4 6 5 31 41 32 5 4 
6 7 5 50 41 57 4 6 
4 4 5 45 45 45 5 3 
4 6 4 58 46 61 3 5 
5 5 4 32 69 52 4 3 
4 4 5 60 36 52 5 7 
4 5 4 57 57 56 3 4 
4 7 5 59 59 46 4 4 
4 6 5 32 58 47 5 4 
5 4 4 52 51 52 3 4 
4 4 4 52 60 40 5 5 
4 6 6 46 50 45 3 5 
4 5 5 43 43 41 4 3 
5 7 4 15 37 55 4 3 
5 6 4 52 64 54 6 6 
4 6 2 45 43 55 5 5 
5 5 4 67 45 61 5 6 
3 5 5 52 51 56 6 4 
5 6 6 36 65 47 5 5 
5 4 6 48 59 44 5 4 
4 6 5 31 54 52 5 5 
4 5 5 50 63 46 4 4 
6 2 3 37 48 29 5 5 
5 3 4 46 45 45 3 4 
5 4 3 49 43 45 5 4 
5 5 6 54 56 58 4 5 
4 5 4 39 60 46 3 4 
3 4 6 50 57 63 4 3 
4 5 5 53 40 45 3 4 
5 4 5 56 32 52 4 5 
4 4 4 55 33 58 5 4 
3 3 4 52 41 47 4 3 
4 3 3 47 65 33 3 4 
5 3 3 38 53 46 4 5 
5 5 7 38 57 31 4 5 
5 4 4 58 61 48 5 5 
6 5 5 52 53 53 6 4 
4 4 4 66 36 45 5 4 
6 4 6 53 62 56 5 6 
5 4 3 52 44 35 5 5 
5 6 5 40 52 46 6 4 
3 5 6 54 41 53 3 4 
5 4 4 71 43 49 6 4 
5 5 4 36 52 44 5 4 
5 6 4 38 48 49 3 6 
5 5 5 40 49 58 3 5 
3 7 5 49 67 50 4 6 
3 6 4 43 54 60 4 3 
4 3 5 49 47 48 6 5 
6 5 5 64 46 52 5 2 
6 4 4 52 49 39 4 4 
4 5 4 66 41 46 5 5 
3 5 5 54 38 69 4 4 
3 3 5 54 59 40 4 5 
4 6 4 38 51 38 4 6 
7 5 4 34 35 36 5 4 
4 5 4 44 40 52 7 6 
3 4 5 30 52 41 5 6 
7 6 5 64 44 63 4 3 
5 4 6 43 35 42 5 5 
2 5 4 55 45 25 4 5 
6 5 4 32 44 61 4 5 
5 4 4 51 32 57 5 4 
3 4 5 63 38 62 5 4 
5 2 4 65 55 45 5 4 
5 3 5 52 51 47 5 6 
4 5 3 46 76 50 4 3 
4 5 4 65 43 36 5 3 
3 5 5 55 37 51 3 4 
4 6 4 53 43 39 6 5 
4 4 7 48 47 56 4 5 
4 6 5 40 52 55 4 6 
4 3 6 57 60 65 5 4 
6 6 5 34 58 49 3 7 
3 3 4 56 53 48 7 4 
4 2 4 45 33 36 3 5 
5 5 6 36 48 58 5 3 
4 4 6 51 56 56 6 5 
5 4 4 49 51 55 3 5 
5 4 3 44 38 33 4 4 
4 4 6 37 58 37 3 5 
3 4 6 54 61 40 6 5 
7 4 8 57 62 65 3 6 
4 4 4 59 48 31 5 3 
4 3 3 30 62 50 3 5 
5 6 4 59 36 40 6 3 
4 6 5 51 42 53 4 4 
6 5 4 57 40 29 3 5 
4 6 6 44 52 58 4 7 
6 5 5 50 42 45 5 3 
4 3 5 47 39 57 5 4 
4 5 2 54 58 54 6 4 
5 5 4 67 64 52 4 4 
7 5 5 52 38 50 2 4 
4 4 4 40 59 45 6 5 
4 5 5 61 29 57 4 5 
5 4 4 54 31 56 6 5 
5 4 6 46 61 51 5 4 
3 5 4 36 56 32 3 6 
5 4 4 56 45 50 5 5 
6 6 4 50 37 43 4 5 
4 3 5 49 64 53 4 2 
4 6 4 35 55 56 4 5 
5 4 5 67 55 52 4 5 
4 6 5 49 48 49 6 5 
5 5 3 44 44 46 5 4 
6 6 5 58 59 59 3 4 
5 3 5 27 43 41 5 4 
4 4 5 46 59 64 4 4 
5 3 5 36 46 77 3 4 
4 5 4 62 34 60 4 4 
5 4 4 42 48 54 4 4 
5 5 5 60 50 24 5 4 
4 5 3 44 36 52 5 4 
5 5 3 68 52 30 3 4 
6 4 4 47 61 51 6 4 
5 4 3 28 43 40 5 2 
5 5 4 38 65 56 6 5 
6 4 5 59 49 46 3 5 
5 5 5 57 45 48 2 4 
3 5 4 53 47 46 2 5 
5 4 4 54 29 63 6 4 
6 3 5 52 29 33 6 6 
3 3 4 46 54 55 3 4 
4 6 4 55 47 52 3 5 
5 5 6 45 26 77 4 5 
3 5 4 48 42 47 4 4 
6 4 4 43 62 45 5 5 
3 3 3 37 43 56 5 4 
5 4 4 44 63 45 5 4 
3 5 4 50 37 63 2 4 
4 3 5 43 60 68 4 6 
3 6 3 49 55 64 5 3 
4 6 4 70 59 53 6 3 
4 5 5 61 47 53 3 5 
3 3 4 42 62 44 5 5 
4 6 5 59 41 42 5 5 
5 5 6 43 40 29 4 4 
5 4 4 73 47 43 5 6 
4 5 3 51 63 31 4 5 
3 4 6 49 68 29 4 5 
7 5 4 42 46 48 3 4 
5 7 5 49 48 60 3 4 
4 5 4 54 41 47 5 5 
5 5 5 62 46 38 4 3 
4 6 4 52 39 52 6 5 
5 4 6 57 36 53 6 5 
5 3 3 60 42 52 5 5 
5 5 5 52 41 51 4 4 
4 5 5 43 52 53 6 5 
6 5 3 56 56 52 4 3 
4 5 2 62 45 36 6 5 
4 5 3 45 54 43 4 2 
3 5 3 32 36 46 5 3 
5 5 3 57 45 58 3 4 
5 3 6 41 40 31 5 6 
5 4 4 24 56 62 3 2 
4 5 6 56 43 46 5 6 
2 7 3 75 42 31 6 3 
5 2 5 58 52 50 6 5 
5 5 5 55 44 37 5 4 
6 5 4 43 41 37 4 4 
5 5 3 53 52 52 4 4 
6 5 5 43 49 60 6 4 
4 6 5 54 51 42 5 5 
4 4 3 42 24 39 5 5 
3 6 4 56 45 41 3 4 
4 4 4 65 51 52 5 4 
6 5 4 58 45 44 2 4 
3 4 3 49 69 45 3 4 
4 5 4 48 37 42 4 5 
3 6 3 36 47 35 6 5 
5 6 4 53 51 59 4 5 
5 6 3 47 52 61 5 3 
5 3 7 52 65 52 5 6 
5 5 4 77 37 48 3 6 
4 3 6 54 54 51 3 6 
7 7 3 53 38 50 3 4 
4 4 5 55 51 29 5 6 
4 4 4 59 30 69 6 4 
5 5 4 48 65 50 4 5 
5 5 5 53 34 56 6 5 
5 5 4 60 29 54 5 6 
3 4 3 39 39 59 3 6 
6 4 4 59 48 33 5 5 
4 6 4 71 48 48 6 4 
4 5 6 53 41 48 4 4 
6 4 6 64 48 39 5 4 
5 4 5 43 45 61 5 4 
5 4 4 48 37 38 4 3 
5 5 4 58 50 30 3 4 
4 4 3 45 54 57 5 7 
5 3 5 30 54 47 3 5 
5 5 4 49 33 48 2 4 
3 6 5 49 46 64 3 4 
5 5 4 29 42 55 4 4 
3 5 5 44 49 48 5 5 
5 3 4 47 57 47 4 3 
6 4 3 45 47 65 5 4 
3 4 4 59 66 49 5 5 
3 3 5 52 66 59 2 5 
6 3 4 54 62 49 3 4 
5 5 3 65 54 55 5 6 
3 5 5 39 45 47 5 4 
5 5 4 60 49 55 5 4 
4 4 3 57 43 49 5 5 
2 5 6 43 58 36 5 3 
4 6 3 46 48 62 3 5 
4 4 5 67 50 26 2 3 
6 6 3 59 43 54 5 3 
6 5 6 66 49 35 5 3 
6 5 4 43 48 48 3 5 
5 5 4 53 26 56 3 4 
5 4 4 39 46 42 4 5 
4 4 5 60 65 48 5 4 
4 4 4 56 61 71 6 3 
3 4 5 50 64 40 5 5 
4 5 4 50 57 50 3 3 
3 5 5 42 30 34 5 5 
5 4 4 41 42 54 2 4 
5 5 3 52 42 69 5 5 
4 5 6 52 57 48 4 6 
4 4 4 33 40 40 2 6 
8 5 5 44 59 63 3 5 
5 4 6 37 57 58 3 6 
3 6 3 44 51 42 5 4 
5 4 6 41 31 42 3 4 
6 5 3 34 52 50 3 5 
6 5 5 46 60 60 4 6 
4 4 3 69 21 47 4 7 
3 4 4 63 56 35 5 6 
6 4 6 62 44 49 5 3 
5 4 5 45 63 48 4 4 
5 4 4 73 43 58 5 4 
5 4 3 56 36 45 5 3 
4 6 4 50 64 62 4 4 
4 5 3 53 55 33 4 5 
4 5 5 60 58 42 5 4 
6 3 4 47 58 50 4 4 
4 4 4 37 64 59 4 6 
4 4 5 40 50 59 5 5 
5 5 6 42 51 53 6 4 
5 3 5 53 54 45 3 7 
5 4 3 44 61 59 4 4 
3 4 5 52 50 48 4 6 
5 5 4 41 49 49 5 5 
5 4 3 53 62 49 2 5 
3 2 3 51 49 55 4 5 
5 4 6 50 33 66 5 5 
5 4 4 49 55 59 3 4 
5 4 3 25 50 46 4 4 
3 4 4 58 44 24 5 6 
5 3 5 48 37 60 6 5 
5 5 3 34 53 33 5 5 
5 6 4 53 70 59 4 3 
5 4 5 44 38 66 1 5 
6 3 4 56 39 42 5 5 
5 2 5 56 45 33 4 5 
6 5 4 53 48 55 5 5 
3 5 3 49 51 67 3 6 
3 3 5 61 46 59 3 3 
4 4 6 52 45 69 4 3 
4 5 4 39 36 46 6 3 
6 4 4 49 57 51 8 5 
4 4 4 64 52 54 5 6 
3 4 4 59 58 48 5 6 
7 5 8 52 47 36 5 3 
4 6 5 58 51 58 5 6 
4 4 4 39 46 60 4 5 
3 5 5 39 84 46 4 4 
4 6 4 37 36 44 5 5 
5 7 5 51 41 32 4 3 
6 6 5 56 48 27 3 3 
4 3 3 52 49 48 4 6 
4 2 5 64 52 46 4 5 
3 4 6 46 48 61 3 4 
4 5 4 51 50 41 2 4 
3 4 5 56 69 55 5 5 
5 5 3 46 54 46 3 6 
5 4 4 42 54 55 4 4 
6 5 4 50 33 56 4 4 
4 5 4 50 43 53 5 4 
4 7 6 46 52 41 3 5 
3 5 4 47 46 57 6 4 
4 5 5 47 36 27 5 6 
7 5 3 61 40 53 4 5 
5 4 6 42 48 49 2 4 
5 4 7 56 42 53 3 5 
5 4 5 55 50 47 5 4 
7 3 3 64 29 44 4 4 
5 3 6 69 50 49 4 4 
5 4 5 50 55 44 4 3 
5 3 5 36 51 71 5 4 
6 5 4 42 47 63 5 4 
6 5 3 63 63 77 6 5 
6 4 3 32 52 56 4 5 
4 3 3 49 50 56 6 5 
5 6 6 42 49 59 4 5 
5 4 5 47 39 55 5 5 
4 4 4 46 42 53 6 5 
5 4 6 67 57 63 5 4 
3 6 4 47 52 47 6 5 
4 4 3 50 53 57 3 4 
3 4 4 67 36 43 4 3 
5 4 7 65 43 35 3 4 
5 2 6 49 73 62 4 4 
5 4 7 49 55 48 6 5 
5 3 7 56 44 54 5 5 
3 5 8 32 42 60 4 3 
6 4 3 55 48 71 5 3 
5 4 5 45 37 31 4 5 
6 4 4 60 54 58 6 6 
4 4 5 48 36 60 5 6 
4 6 5 55 56 72 5 5 
2 6 5 41 39 46 4 4 
4 6 6 45 31 46 5 5 
4 5 6 61 51 42 3 3 
5 4 5 33 48 60 5 4 
3 4 7 51 60 52 4 5 
4 7 6 38 71 51 5 6 
6 2 5 40 47 58 4 5 
5 5 6 31 46 51 5 6 
6 7 5 66 51 62 3 4 
4 5 6 41 42 49 5 4 
6 4 4 32 54 39 6 3 
4 3 5 65 43 74 5 5 
4 5 6 50 49 49 5 6 
5 3 6 48 24 54 5 4 
5 4 6 56 54 47 5 5 
3 5 6 25 72 45 6 5 
6 6 4 46 56 67 4 6 
5 6 5 58 41 55 3 4 
5 5 4 42 28 41 6 3 
5 3 3 52 44 65 3 5 
5 6 5 41 50 47 4 5 
6 4 7 56 47 44 3 3 
6 3 5 37 64 47 6 4 
6 4 4 52 74 49 6 5 
5 4 5 46 59 45 5 4 
4 4 4 34 46 33 5 5 
4 4 5 39 48 63 5 3 
4 6 4 39 52 68 4 5 
5 3 4 52 57 28 4 2 
5 2 4 53 50 49 5 4 
5 3 5 63 63 51 4 5 
5 7 5 64 38 65 4 6 
5 4 4 51 47 58 5 5 
4 3 6 38 47 51 5 3 
3 4 5 48 65 51 5 5 
4 5 4 50 57 39 3 3 
4 5 4 34 60 58 4 6 
4 4 3 44 33 65 6 5 
4 6 5 42 60 47 5 3 
6 4 5 58 50 55 4 3 
3 6 6 42 55 45 5 3 
4 6 6 56 29 52 4 5 
5 4 4 42 42 50 6 4 
4 5 4 40 55 61 4 3 
5 6 4 58 32 52 4 3 
4 4 5 60 61 54 3 3 
6 4 6 56 55 56 4 5 
3 4 5 48 52 39 4 4 
5 3 3 39 46 54 4 6 
3 4 5 44 53 61 5 5 
5 4 5 30 51 59 5 4 
5 3 4 49 42 36 5 5 
4 5 5 64 47 54 4 4 
5 6 6 38 42 45 5 6 
4 4 6 57 51 35 4 3 
4 4 4 52 68 50 2 3 
6 3 5 51 43 39 5 4 
6 4 2 25 60 55 5 6 
4 5 5 64 43 44 4 4 
8 5 4 45 51 63 5 5 
6 6 3 36 54 53 5 3 
5 4 5 49 51 45 5 5 
6 5 2 53 42 47 5 6 
4 6 5 40 48 79 5 3 
5 5 7 65 53 57 7 5 
4 6 6 41 43 49 4 6 
4 5 5 54 54 64 3 3 
5 6 4 41 56 42 6 6 
5 5 5 37 44 59 3 4 
3 5 5 67 43 39 5 5 
5 4 6 66 52 36 3 6 
5 3 5 43 52 49 4 4 
4 5 5 40 42 50 4 5 
4 4 4 57 52 65 6 5 
5 6 4 54 34 44 3 5 
4 4 3 56 62 38 5 5 
4 3 5 54 44 31 6 5 
4 5 6 71 64 42 5 5 
4 3 4 51 40 45 4 4 
3 4 4 59 44 47 4 3 
5 4 5 54 45 45 3 4 
5 3 4 62 56 58 4 4 
4 5 4 46 36 52 5 5 
5 4 4 66 37 74 5 6 
4 5 6 38 72 45 6 6 
5 5 5 35 45 56 3 4 
6 4 5 60 50 19 4 6 
7 4 4 43 63 61 3 3 
4 5 4 50 48 52 6 4 
4 5 4 52 45 58 5 4 
4 4 5 52 37 51 7 5 
6 5 5 49 40 44 4 6 
5 4 4 27 48 51 6 5 
4 6 4 63 51 47 4 5 
3 5 3 71 41 56 4 6 
6 4 6 50 36 58 6 5 
4 5 3 52 37 41 4 7 
5 3 4 29 50 48 4 5 
4 4 6 60 48 47 4 5 
5 4 4 58 49 39 5 5 
6 6 3 40 60 65 4 5 
6 4 5 51 67 47 4 3 
5 5 3 51 35 55 3 6 
4 5 4 41 43 57 4 5 
4 3 5 42 28 42 5 6 
5 6 6 54 68 49 5 4 
5 5 4 48 52 60 6 5 
5 6 4 53 46 47 3 5 
5 3 4 50 40 56 3 5 
6 6 4 34 48 47 6 5 
5 6 4 54 57 61 5 4 
5 4 3 68 55 48 5 4 
5 4 4 64 41 38 5 6 
6 4 4 43 46 61 4 3 
5 5 6 47 56 42 5 6 
4 4 6 34 54 47 4 5 
5 5 4 75 54 33 4 4 
5 3 4 38 46 52 3 6 
4 3 3 49 77 54 4 5 
2 4 4 68 51 39 3 5 
4 4 4 59 48 31 5 4 
4 5 5 17 52 47 4 6 
5 4 5 60 46 46 3 6 
4 5 4 76 44 43 4 3 
4 4 6 48 53 44 3 4 
6 4 5 55 52 71 5 4 
5 5 6 51 55 66 4 4 
5 3 6 48 35 57 3 5 
5 5 4 53 60 60 6 5 
4 4 4 47 44 31 4 4 
4 6 5 57 30 37 4 4 
3 5 4 49 56 29 5 5 
4 6 3 38 35 51 4 4 
3 5 4 67 51 54 5 5 
5 5 4 60 61 45 5 5 
5 5 5 52 64 37 6 5 
6 4 6 46 41 56 5 5 
5 4 6 36 54 56 5 4 
5 5 5 62 53 38 4 4 
3 4 4 69 53 60 5 6 
4 6 5 43 53 38 3 2 
4 5 6 43 34 49 6 4 
4 3 4 51 27 59 3 4 
4 4 4 48 56 55 7 5 
3 4 4 49 63 44 5 4 
6 4 5 51 43 57 5 5 
4 6 5 53 40 38 5 4 
5 4 5 60 46 47 7 3 
4 4 5 56 44 41 4 4 
5 5 4 47 47 60 3 4 
6 5 4 56 38 70 5 4 
6 3 4 45 54 62 3 4 
5 3 4 39 46 64 5 4 
5 3 5 46 43 47 2 5 
5 6 4 48 66 29 6 4 
5 4 6 49 49 38 3 5 
5 7 4 64 71 44 3 3 
6 5 4 43 38 46 6 5 
4 5 3 56 44 49 4 3 
5 3 4 54 42 63 5 5 
6 4 5 70 42 39 5 4 
4 4 4 45 51 35 4 5 
6 3 3 58 39 45 5 2 
4 4 5 51 40 30 6 3 
4 4 5 36 52 60 6 4 
3 4 4 36 63 31 4 5 
4 5 6 56 50 37 3 4 
3 4 5 65 53 59 4 4 
4 5 4 54 45 54 3 4 
4 6 5 54 58 50 5 3 
5 4 4 34 37 38 4 5 
5 4 7 52 38 63 3 4 
4 5 4 63 36 51 4 4 
4 5 3 39 54 66 6 3 
6 4 4 51 52 45 3 6 
6 4 6 43 51 54 4 6 
5 3 5 49 56 56 6 4 
3 5 4 48 62 44 2 6 
5 3 5 38 42 44 5 5 
4 3 5 54 42 43 5 5 
5 4 3 45 49 40 5 5 
2 5 3 41 62 39 4 4 
4 4 5 60 36 59 5 5 
5 4 5 61 44 47 3 6 
6 4 6 58 56 44 4 5 
5 5 3 41 47 33 5 3 
4 5 7 46 47 55 4 3 
3 5 4 41 50 56 4 6 
5 6 5 64 48 50 5 6 
3 3 4 38 50 45 4 5 
5 5 4 65 64 53 5 3 
5 4 4 40 56 45 5 5 
3 5 4 53 36 34 6 4 
4 4 5 48 42 46 4 7 
5 5 6 52 66 57 6 4 
7 3 4 45 55 57 7 6 
6 4 3 57 62 64 5 4 
5 4 6 50 41 39 4 6 
7 5 5 44 39 49 5 4 
5 5 6 51 48 47 4 3 
5 5 6 38 46 45 4 4 
3 6 4 54 52 60 6 3 
4 5 3 42 61 44 4 4 
5 4 5 58 56 33 6 6 
3 5 6 42 39 50 3 3 
4 5 4 43 37 52 3 4 
4 4 6 60 48 57 4 5 
5 4 3 54 50 52 6 5 
5 5 4 56 50 55 5 5 
5 3 5 52 43 53 6 6 
4 2 4 65 37 37 4 2 
6 6 4 46 48 51 6 6 
2 4 4 50 37 65 6 4 
5 5 4 43 58 68 3 4 
5 4 3 37 39 50 3 4 
3 5 6 51 64 54 5 4 
6 3 2 40 51 53 5 5 
5 5 5 34 55 44 4 6 
6 3 5 49 56 45 5 3 
6 3 4 45 60 51 4 4 
4 4 4 44 51 45 3 5 
6 4 3 69 50 47 4 4 
5 4 4 48 40 72 5 5 
3 5 3 61 50 39 4 3 
6 4 4 50 58 48 2 5 
4 6 5 63 41 48 4 7 
5 6 4 62 49 38 5 4 
6 4 3 60 52 48 4 5 
5 5 4 45 57 51 6 5 
6 5 3 48 31 43 3 5 
5 5 4 32 56 69 2 6 
3 4 8 63 53 54 4 3 
3 3 3 46 52 54 5 5 
4 5 4 31 48 57 5 4 
3 4 5 39 48 32 5 5 
5 5 4 42 44 59 4 6 
3 4 4 56 52 40 3 4 
5 4 5 61 50 64 6 3 
6 4 3 33 51 58 6 4 
5 6 2 37 28 46 4 6 
6 4 3 63 28 40 5 3 
4 3 3 44 56 52 2 3 
4 4 5 48 61 45 5 4 
2 4 5 47 69 40 5 4 
5 5 5 69 50 42 5 6 
5 5 4 42 60 43 4 4 
5 5 3 47 42 48 3 4 
5 3 5 48 47 45 6 4 
3 4 5 51 45 32 5 5 
5 4 6 50 21 55 5 5 
4 5 6 56 38 45 5 4 
5 4 4 41 29 51 6 4 
4 3 4 41 65 47 4 5 
7 5 5 55 52 40 5 4 
8 4 5 63 45 38 4 4 
3 4 7 55 46 62 4 7 
6 6 4 50 55 33 3 4 
5 6 6 54 45 39 4 6 
4 3 5 47 43 39 5 6 
3 5 4 30 47 54 6 4 
3 6 6 57 56 55 5 4 
4 3 5 45 52 47 4 4 
4 3 4 46 39 62 5 5 
4 6 5 28 60 38 5 6 
4 3 5 28 62 57 5 5 
5 4 4 44 72 59 5 7 
4 5 3 47 32 50 5 4 
3 4 4 58 48 44 6 5 
7 3 6 42 62 55 4 3 
3 4 5 59 47 34 3 4 
6 5 4 68 46 47 3 5 
4 5 4 33 47 48 3 2 
5 5 6 45 37 43 5 4 
6 3 5 64 61 43 4 5 
3 3 4 36 53 32 3 4 
6 5 5 44 45 62 2 4 
5 2 5 76 44 53 4 4 
2 5 3 36 57 53 5 6 
5 5 4 59 47 31 4 5 
3 6 4 54 61 57 5 5 
5 6 5 51 44 66 4 4 
3 4 3 61 40 39 4 5 
4 4 3 39 60 67 4 4 
6 4 4 51 56 48 5 5 
3 5 4 50 69 39 4 4 
5 3 3 52 54 41 4 6 
3 4 2 48 50 56 3 5 
5 4 3 48 34 46 5 5 
4 4 5 59 59 39 4 5 
5 7 3 38 57 53 4 4 
6 4 4 42 48 55 3 6 
5 4 6 40 33 47 6 5 
4 6 5 50 61 49 4 4 
4 5 6 54 41 48 4 5 
5 5 4 36 59 24 4 4 
4 4 4 40 47 42 4 3 
5 7 4 41 38 55 5 5 
3 3 5 58 56 41 4 5 
5 5 5 52 46 51 5 5 
3 4 5 64 57 40 4 4 
4 5 4 58 49 40 6 3 
4 5 6 49 51 43 4 6 
2 5 6 34 50 48 6 6 
4 3 7 31 50 58 4 4 
6 4 7 35 38 47 5 4 
5 4 2 40 79 37 4 4 
3 5 6 50 67 66 5 5 
4 3 5 47 50 56 6 6 
6 5 4 47 48 45 5 3 
4 6 4 51 62 36 5 5 
5 2 3 54 54 59 3 5 
3 5 4 53 40 65 4 4 
5 3 4 52 44 46 4 3 
6 4 4 58 49 63 5 4 
4 6 6 42 39 46 4 6 
4 6 5 61 51 52 4 5 
4 5 2 58 35 45 5 5 
5 3 4 54 37 55 6 4 
5 3 4 41 56 38 5 4 
4 4 4 38 58 61 4 4 
5 5 4 45 56 40 4 5 
6 4 2 31 60 43 4 5 
4 3 7 64 33 41 5 6 
5 5 6 31 42 39 5 5 
4 5 4 52 45 58 5 4 
5 4 4 62 38 36 6 3 
4 5 3 33 62 49 6 6 
7 5 5 56 50 74 4 3 
6 5 4 53 72 79 5 5 
6 4 5 54 35 39 5 3 
4 5 5 48 64 61 4 4 
5 4 4 54 40 50 5 4 
5 1 4 49 51 64 4 5 
4 4 4 54 50 45 5 4 
3 3 5 42 44 55 4 6 
4 4 3 57 69 62 3 5 
4 5 3 43 74 44 6 3 
5 4 6 58 41 53 5 6 
4 5 4 64 46 58 3 5 
4 5 7 33 76 63 5 4 
4 4 3 40 57 44 5 4 
4 6 3 42 39 67 5 4 
5 4 5 44 40 48 5 4 
6 5 7 49 30 36 4 3 
4 5 3 53 51 37 4 4 
4 5 6 59 53 48 6 4 
6 4 4 54 52 51 4 4 
4 3 6 39 69 50 4 4 
5 6 4 65 35 61 6 5 
4 7 5 47 46 39 4 4 
2 4 5 59 69 32 5 4 
5 4 3 56 48 66 5 3 
5 4 4 59 56 62 5 5 
4 6 4 53 41 46 3 5 
4 5 5 45 53 52 3 5 
5 4 4 50 54 49 4 5 
7 5 5 60 37 50 4 5 
5 4 4 64 52 46 2 4 
5 4 5 41 34 71 4 5 
5 3 3 36 50 52 6 5 
5 4 6 52 67 65 4 3 
5 5 5 57 46 34 4 3 
3 6 5 64 56 54 5 6 
3 5 5 49 53 39 4 4 
5 3 4 57 48 31 6 4 
5 6 4 54 50 55 6 5 
5 4 3 51 53 32 4 5 
4 6 4 36 47 55 6 4 
5 5 4 37 55 67 5 5 
5 4 7 46 53 65 6 6 
6 4 3 45 47 62 4 4 
4 6 6 38 61 33 4 5 
5 4 5 43 65 36 3 5 
4 5 5 44 48 43 5 5 
4 6 4 69 39 52 5 6 
6 4 6 59 59 63 5 4 
6 4 4 55 49 37 4 4 
5 4 5 50 37 52 4 4 
5 3 4 63 69 36 5 5 
5 7 5 45 48 40 4 4 
2 5 4 53 43 39 2 3 
3 4 5 44 39 44 3 5 
2 5 5 55 43 47 4 3 
6 5 5 42 67 48 3 4 
5 7 3 53 45 51 5 6 
6 6 5 38 67 52 3 5 
4 4 5 49 22 49 3 3 
4 4 4 51 35 70 4 3 
4 3 3 47 36 44 3 6 
3 4 5 66 54 66 6 5 
4 6 5 63 50 51 5 4 
5 4 6 29 45 64 4 3 
5 5 4 58 58 55 3 7 
3 5 4 51 44 55 4 3 
6 3 6 53 50 42 5 3 
5 5 5 49 58 43 5 5 
4 4 4 47 60 38 5 4 
5 4 6 66 53 43 3 3 
5 4 5 51 51 63 4 5 
5 2 3 46 24 60 5 5 
4 5 3 59 29 46 4 5 
6 4 3 39 40 49 4 3 
5 5 5 45 46 68 3 4 
5 5 5 46 54 57 4 6 
5 6 5 39 41 37 5 4 
5 5 5 46 44 60 3 3 
6 4 5 40 39 33 7 5 
5 5 3 42 50 50 4 4 
5 4 4 60 59 43 3 5 
6 5 4 47 60 41 5 4 
4 5 6 47 46 64 5 4 
7 7 5 66 64 56 3 4 
4 5 5 63 70 48 5 5 
6 4 3 51 58 52 2 4 
5 4 3 56 59 67 5 3 
4 4 3 27 45 49 5 5 
4 3 5 47 40 37 4 4 
4 3 5 55 37 47 5 5 
5 4 6 67 29 62 4 4 
4 3 5 63 48 35 4 5 
5 6 6 58 47 34 3 5 
6 4 5 17 56 68 3 4 
3 4 5 61 49 48 3 4 
6 4 5 60 48 55 5 3 
5 4 4 38 41 69 5 4 
6 3 5 53 61 37 3 3 
5 4 4 44 60 45 4 4 
4 5 5 51 40 53 4 3 
4 4 4 57 44 60 4 3 
6 4 4 59 38 61 4 6 
5 6 5 47 55 35 4 4 
4 5 3 34 55 41 5 4 
4 4 4 52 54 47 5 2 
4 5 6 49 64 58 5 5 
4 4 5 40 33 57 4 4 
3 6 4 58 50 55 3 7 
5 4 6 58 62 60 5 3 
3 5 4 54 50 58 2 4 
5 5 3 58 46 60 2 4 
2 6 4 60 68 50 5 5 
4 4 5 46 37 52 4 4 
5 4 5 52 43 38 5 7 
3 5 4 51 45 49 5 3 
5 3 6 36 62 55 6 5 
5 4 4 51 54 37 5 4 
4 5 4 77 56 49 3 5 
6 5 5 49 76 45 6 5 
5 5 5 72 55 46 6 3 
4 5 3 63 59 48 5 4 
5 3 5 47 50 54 4 4 
4 6 4 53 61 42 3 3 
4 5 3 35 47 62 4 4 
4 5 5 35 32 42 6 3 
4 4 4 49 52 62 4 4 
6 3 6 41 50 46 4 3 
6 5 5 41 42 54 6 5 
4 4 5 31 60 63 5 3 
5 5 5 50 48 51 6 4 
6 4 4 39 39 49 4 4 
5 5 5 49 64 52 3 5 
4 4 3 56 33 58 4 2 
5 3 3 63 50 27 3 5 
5 5 4 58 34 48 4 4 
4 3 3 54 43 47 5 6 
6 5 5 63 56 59 5 4 
5 5 6 32 40 41 4 4 
4 5 3 64 44 55 3 3 
3 4 5 46 47 62 3 5 
5 5 3 53 40 50 3 4 
6 5 3 58 48 39 3 2 
4 5 6 57 64 54 5 5 
4 6 5 64 62 59 5 6 
4 5 3 46 67 50 4 4 
3 5 6 45 64 52 3 4 
5 4 4 57 48 46 5 3 
5 5 3 51 40 36 4 6 
5 3 4 59 46 40 5 4 
5 5 4 73 48 60 4 5 
2 4 4 60 59 39 5 4 
3 5 4 64 59 36 4 3 
5 7 4 41 58 63 5 5 
5 4 4 40 46 52 5 5 
5 3 5 52 40 37 5 5 
4 4 5 66 57 61 4 5 
3 4 5 63 55 56 5 6 
5 4 4 51 62 62 5 3 
5 6 5 43 47 52 6 6 
2 5 3 34 43 45 5 4 
4 4 5 57 43 38 2 5 
3 5 5 34 58 44 2 4 
3 5 4 45 42 43 3 5 
4 4 4 59 56 52 4 4 
3 4 5 45 59 47 4 4 
4 3 4 51 61 53 2 5 
4 4 5 53 43 28 6 3 
3 2 5 35 48 51 3 5 
5 6 7 54 57 48 5 2 
4 5 3 46 59 64 3 3 
6 3 5 76 55 53 3 3 
3 4 6 53 41 51 5 4 
7 3 4 52 63 32 5 5 
5 4 6 51 42 22 6 6 
4 3 4 51 65 45 5 4 
4 5 4 61 46 35 4 3 
5 5 5 39 62 60 7 5 
6 5 3 61 39 43 4 4 
6 4 5 51 43 69 4 5 
5 4 4 47 47 32 5 4 
6 5 4 54 51 67 4 3 
3 6 5 34 56 49 3 5 
4 5 3 40 46 29 4 4 
4 4 6 47 52 46 5 3 
4 6 5 48 45 42 6 4 
5 4 5 38 40 46 3 4 
4 4 6 61 43 46 4 6 
6 6 3 52 61 50 3 6 
3 4 3 48 52 49 5 5 
5 4 5 71 36 51 2 3 
6 5 5 54 44 50 4 5 
6 5 4 68 45 24 5 4 
5 5 4 39 56 52 4 6 
4 5 6 52 37 43 4 4 
5 6 4 38 49 70 4 5 
7 4 4 44 29 56 5 4 
5 4 4 37 68 38 3 5 
4 6 4 46 61 58 7 6 
3 5 4 61 61 54 5 5 
4 5 5 51 45 53 5 7 
5 4 3 63 41 61 3 3 
4 5 4 26 59 57 4 6 
3 4 4 64 59 59 5 3 
3 4 6 43 35 34 2 4 
4 4 3 26 39 58 4 6 
4 3 5 34 41 55 5 5 
5 5 3 58 52 53 6 6 
4 3 4 52 50 43 6 3 
4 4 5 42 42 54 5 5 
3 4 5 54 55 55 5 4 
5 5 4 44 66 44 4 5 
6 5 5 54 51 34 4 5 
2 6 5 37 45 46 3 5 
4 5 4 55 46 61 7 4 
4 3 4 25 39 36 6 4 
8 4 6 63 38 48 4 4 
4 5 4 33 50 47 3 5 
5 3 4 41 43 59 6 4 
3 4 4 38 35 42 5 4 
3 6 4 49 35 45 4 6 
4 5 5 49 24 55 4 5 
2 4 4 47 45 47 4 4 
5 6 5 65 53 45 3 2 
6 3 3 44 38 40 4 7 
7 5 3 41 57 64 5 3 
4 4 4 53 47 59 4 4 
5 5 4 48 56 34 4 3 
3 3 2 50 62 60 6 2 
3 4 4 47 49 42 7 6 
5 4 4 54 49 81 5 3 
5 4 4 59 65 57 5 5 
5 6 5 41 47 39 5 2 
4 6 5 50 55 56 3 5 
5 3 3 64 47 53 6 5 
4 4 6 42 47 53 4 5 
4 5 6 53 61 65 4 4 
5 5 5 25 65 55 5 3 
5 4 6 43 53 30 5 5 
6 4 4 56 51 50 5 5 
5 5 5 46 51 66 4 6 
6 5 5 55 68 62 5 4 
5 6 5 51 36 59 6 4 
4 6 6 37 44 38 5 5 
5 4 5 78 70 55 5 3 
6 4 4 46 48 70 4 5 
4 6 3 45 54 23 5 6 
5 4 5 53 42 54 4 4 
4 4 4 40 52 47 4 5 
4 6 5 48 55 37 5 4 
5 4 4 41 58 52 4 5 
5 4 4 40 54 64 5 4 
4 4 4 24 33 50 6 4 
5 5 2 48 34 48 5 4 
5 6 5 39 58 42 4 4 
5 6 4 38 45 42 3 5 
5 3 3 64 53 59 5 3 
6 5 4 62 41 35 4 6 
5 3 5 43 44 53 5 5 
5 5 5 61 53 57 6 5 
4 7 4 57 30 54 5 4 
3 5 5 66 57 49 5 3 
5 5 5 38 49 28 5 5 
5 4 5 60 38 51 5 5 
5 5 5 46 29 40 4 6 
4 4 5 75 53 56 5 3 
5 5 5 45 35 37 4 6 
4 4 5 69 45 42 5 3 
5 5 6 51 58 45 4 6 
4 3 6 55 54 48 4 6 
4 4 3 52 63 51 6 5 
5 4 4 52 61 19 6 4 
5 5 5 52 57 57 4 4 
6 6 4 36 68 60 3 4 
5 4 4 48 40 42 5 6 
5 7 5 61 53 49 5 5 
5 5 5 52 35 60 4 5 
6 3 4 42 52 49 5 6 
5 3 5 55 43 33 6 5 
2 4 4 47 45 56 5 5 
4 5 3 56 46 25 5 4 
4 7 4 52 45 52 4 5 
3 5 4 34 56 54 5 3 
5 5 5 51 39 36 5 4 
5 5 3 60 47 67 4 4 
3 3 6 60 55 47 5 5 
6 5 5 48 58 61 3 4 
5 5 5 46 37 56 4 4 
6 5 6 52 36 49 5 4 
6 6 4 38 35 43 4 6 
4 5 5 52 47 23 4 6 
4 4 5 48 50 38 5 3 
5 6 6 31 51 31 4 5 
4 4 3 58 50 44 3 4 
3 3 4 66 74 69 5 5 
5 5 4 31 50 66 4 4 
6 4 5 52 56 64 2 5 
4 5 2 45 42 38 4 5 
6 6 5 50 59 53 3 6 
4 3 6 53 65 32 5 2 
4 4 6 49 68 58 4 4 
5 4 5 51 57 56 4 3 
5 6 6 52 44 33 5 4 
4 5 4 50 37 59 5 5 
4 5 7 53 51 49 5 6 
5 4 5 64 45 44 6 5 
6 4 4 56 32 40 3 5 
5 5 4 54 37 53 5 5 
6 3 6 41 42 41 6 4 
6 4 4 53 70 58 5 5 
4 5 4 42 32 58 6 5 
4 5 5 47 44 53 5 3 
5 6 5 61 41 31 5 6 
4 6 5 60 67 32 6 5 
5 5 6 70 50 41 4 4 
4 5 5 62 46 51 4 5 
4 5 3 71 63 45 4 6 
4 5 4 36 46 74 6 3 
6 5 4 27 45 56 6 5 
4 2 3 73 44 42 4 5 
4 4 5 56 36 45 3 3 
4 6 3 54 40 75 6 4 
4 4 4 39 46 50 3 2 
3 3 5 63 51 52 4 6 
5 3 4 55 54 58 5 4 
6 5 4 32 63 53 5 4 
4 4 5 62 56 52 3 4 
5 4 5 43 46 55 4 5 
6 3 5 42 47 31 5 6 
4 5 3 62 37 16 5 5 
4 4 4 35 40 45 4 3 
5 3 5 39 75 61 4 4 
5 4 6 39 39 53 5 5 
5 5 3 59 49 50 4 4 
6 5 5 45 42 42 3 4 
4 3 6 43 15 40 6 3 
4 3 4 56 55 29 4 4 
3 4 6 44 54 40 4 5 
3 5 7 50 54 33 6 5 
5 5 4 43 48 49 5 4 
5 5 4 44 47 43 4 4 
3 5 3 49 69 45 4 5 
6 5 5 70 61 59 5 5 
4 4 3 64 48 44 5 5 
4 5 5 38 48 43 4 3 
5 5 5 40 28 44 5 4 
4 6 4 59 47 56 4 4 
5 6 4 63 56 37 3 3 
5 4 5 30 39 46 4 4 
4 5 4 52 34 65 4 5 
4 4 7 53 24 42 5 3 
3 5 3 60 49 57 6 5 
3 4 5 52 44 62 4 5 
3 4 6 58 33 60 6 5 
5 4 5 45 45 50 5 3 
4 5 3 58 56 21 6 2 
3 5 5 45 35 44 4 4 
6 4 4 58 56 50 4 4 
5 5 5 53 43 40 5 4 
4 5 6 45 51 40 5 3 
5 6 5 70 59 42 5 4 
2 6 4 50 68 59 6 6 
4 3 5 54 59 41 4 6 
4 3 4 62 72 61 6 4 
5 4 3 56 44 48 3 5 
3 6 4 36 55 31 5 4 
5 6 6 38 50 37 3 3 
5 4 2 53 78 54 2 5 
4 5 3 66 58 46 4 6 
4 3 5 50 70 48 4 6 
3 4 5 60 34 61 4 5 
5 4 6 52 45 53 4 4 
3 4 4 56 57 56 5 5 
6 5 4 44 53 55 4 3 
4 3 5 42 57 63 5 6 
4 4 3 38 47 42 3 5 
4 2 5 59 67 54 5 4 
5 5 5 46 51 53 5 3 
3 7 5 50 46 65 5 3 
5 4 4 67 66 61 3 5 
6 5 5 38 59 45 4 4 
5 5 5 57 61 34 6 4 
4 5 4 33 51 65 5 5 
5 6 4 64 34 56 4 4 
4 3 2 40 60 52 5 4 
4 5 5 39 57 52 4 6 
3 5 5 38 45 59 5 3 
5 6 4 41 52 50 4 3 
5 5 4 65 64 42 3 3 
3 3 6 42 51 69 5 4 
7 5 3 47 33 53 4 5 
5 5 4 50 55 60 3 4 
6 4 5 54 59 49 4 3 
4 3 6 39 51 65 5 3 
3 4 3 59 41 56 4 4 
4 4 5 47 55 53 4 5 
5 4 3 37 55 70 6 5 
2 2 3 42 39 47 4 4 
4 3 3 51 55 71 3 7 
7 5 5 58 64 56 4 4 
3 4 4 29 42 60 4 3 
6 7 5 50 45 35 5 4 
4 7 4 52 44 59 4 6 
3 6 5 56 47 35 4 5 
7 5 5 53 46 55 4 5 
3 3 4 74 64 61 4 5 
4 4 4 38 24 36 6 5 
4 5 4 38 65 50 6 5 
4 4 5 41 40 47 6 5 
3 4 5 40 71 48 4 6 
5 3 4 50 56 52 4 3 
4 4 5 62 60 53 4 3 
6 4 4 45 46 45 5 5 
3 4 4 58 40 78 5 2 
5 4 4 42 41 61 4 5 
3 5 6 59 46 58 5 4 
4 5 5 44 46 60 3 4 
4 5 4 36 30 55 5 5 
3 5 4 58 47 45 7 4 
4 6 2 64 29 40 4 4 
5 4 3 39 37 39 3 4 
2 6 4 56 53 61 5 4 
4 5 6 46 57 25 4 4 
5 6 4 60 50 56 6 6 
3 6 4 43 26 47 6 7 
5 4 4 68 48 42 3 5 
4 3 3 35 57 53 2 5 
4 2 5 44 38 57 4 5 
7 5 4 41 40 44 4 4 
6 4 5 35 47 34 4 4 
2 5 4 59 66 37 5 5 
4 5 5 31 41 60 4 4 
5 3 4 37 26 37 4 3 
3 5 3 46 43 53 4 4 
2 5 4 50 29 50 4 3 
5 4 5 67 57 62 5 4 
5 5 4 39 45 60 4 6 
6 4 5 69 62 49 4 5 
7 5 5 42 43 40 2 5 
4 4 5 50 67 45 3 4 
4 5 3 67 53 46 6 5 
4 5 5 43 48 43 4 4 
4 4 6 44 52 42 5 5 
6 3 3 54 45 73 4 3 
3 5 5 70 52 25 4 5 
5 5 5 54 35 48 6 5 
5 5 4 34 64 54 3 2 
5 6 5 38 47 45 4 5 
5 4 4 67 43 46 5 5 
5 3 7 58 39 50 4 3 
4 6 3 61 40 54 5 4 
6 6 4 47 47 65 5 5 
6 2 5 60 56 40 2 3 
6 5 6 42 49 39 6 4 
6 5 3 41 43 70 5 4 
6 6 6 48 73 46 6 4 
3 4 7 52 45 52 4 7 
3 5 5 40 59 53 3 4 
5 6 6 40 42 45 3 4 
4 3 5 65 56 35 4 3 
4 2 4 50 63 45 6 4 
4 6 6 53 46 49 6 7 
5 4 3 53 54 34 3 6 
4 5 5 42 43 43 3 5 
6 4 3 58 54 53 5 5 
2 6 5 45 46 61 5 6 
3 4 4 50 44 51 5 4 
4 5 4 30 60 35 5 6 
4 5 4 42 60 38 3 6 
4 5 4 43 69 26 6 5 
5 4 6 38 66 51 4 4 
3 4 4 42 45 49 5 6 
3 3 5 52 42 60 4 4 
6 4 2 48 61 62 5 5 
4 6 4 33 54 52 6 5 
4 2 3 74 55 41 3 4 
6 4 6 66 46 51 5 4 
4 5 6 64 54 53 4 4 
5 4 5 54 58 42 5 3 
4 3 4 47 52 33 4 4 
4 4 5 61 60 42 6 5 
3 4 4 64 60 64 3 5 
3 4 4 44 49 59 5 5 
4 5 3 52 69 40 5 4 
5 4 3 73 42 53 3 5 
3 5 6 34 43 42 5 4 
5 7 5 43 57 52 4 5 
4 5 5 52 37 28 4 5 
4 4 4 46 61 66 5 5 
5 6 4 60 54 61 4 5 
4 4 4 55 56 52 5 3 
6 6 4 66 47 71 5 5 
4 4 5 39 56 49 5 4 
4 5 5 52 35 60 4 4 
5 6 3 46 51 33 5 3 
3 5 5 58 42 53 6 4 
5 6 4 41 44 60 4 5 
5 5 5 52 29 48 5 5 
4 4 5 44 47 45 4 3 
6 5 5 50 52 56 4 5 
5 6 4 45 28 47 5 5 
5 6 4 52 50 39 6 4 
4 4 3 40 38 36 3 4 
5 3 6 70 47 54 5 3 
3 4 3 38 44 46 3 4 
4 4 3 51 33 47 2 7 
3 5 5 58 56 45 4 5 
4 6 3 42 43 60 5 5 
4 4 4 54 56 37 4 5 
6 4 4 65 55 53 6 4 
5 6 5 50 55 39 5 4 
5 5 3 46 47 60 6 5 
4 3 3 40 34 46 5 3 
5 4 7 42 48 72 3 3 
3 4 6 47 54 62 3 5 
5 5 4 48 50 30 5 4 
4 5 3 68 19 49 4 4 
4 4 5 56 49 68 5 4 
6 3 4 28 32 47 5 4 
3 4 4 42 50 62 6 5 
8 5 8 41 55 29 6 3 
6 6 4 42 55 51 3 3 
4 2 4 50 51 56 5 3 
6 5 4 41 54 41 5 4 
5 3 4 52 38 64 5 5 
4 5 4 53 55 70 5 4 
4 5 3 52 45 44 4 3 
4 5 3 40 66 44 4 4 
6 6 3 38 73 46 3 4 
3 4 4 51 57 54 6 6 
6 6 3 49 56 53 6 5 
6 7 6 61 31 62 5 5 
5 5 4 44 40 45 4 4 
5 3 4 54 74 56 5 4 
5 5 4 57 46 50 4 3 
3 4 4 32 55 47 5 4 
3 4 4 59 38 62 4 4 
5 6 7 47 38 53 6 5 
6 6 4 54 43 43 6 6 
5 5 3 45 47 57 6 3 
6 4 5 56 45 46 6 5 
5 4 6 49 55 37 4 5 
4 4 4 49 54 48 5 4 
5 4 6 35 37 49 4 6 
5 4 4 50 63 42 3 4 
5 3 6 31 63 53 4 4 
4 5 5 35 32 44 6 4 
4 5 5 40 52 73 4 5 
3 4 5 45 59 43 4 6 
5 4 5 62 54 59 6 4 
4 4 3 44 39 70 4 5 
4 4 4 33 54 66 5 4 
4 5 5 31 53 41 4 5 
5 5 5 33 24 23 2 5 
5 4 4 46 56 38 5 5 
6 5 3 58 64 41 5 5 
5 5 6 37 63 54 5 5 
5 3 6 62 55 39 3 3 
4 3 5 69 44 42 2 5 
6 5 5 44 45 41 3 5 
4 4 4 58 64 64 4 5 
5 4 5 42 48 68 4 3 
6 4 5 60 54 63 4 3 
5 4 4 42 50 49 5 4 
5 4 4 55 41 45 4 4 
5 4 5 55 46 39 5 5 
5 3 4 49 36 49 4 4 
5 5 4 53 40 61 6 3 
3 6 6 67 42 37 5 4 
3 5 3 50 57 52 5 3 
5 4 5 38 42 53 3 4 
4 5 4 43 47 43 4 4 
5 4 5 52 44 48 5 5 
6 6 3 47 43 52 4 6 
4 4 5 54 48 37 4 5 
7 6 6 36 47 66 4 3 
4 5 4 49 58 67 4 5 
6 3 6 46 66 50 4 5 
7 3 7 35 42 58 5 4 
4 3 5 45 45 36 6 4 
5 3 3 54 57 32 5 4 
5 5 5 53 52 46 6 3 
3 4 5 78 32 62 4 5 
4 5 4 59 62 53 5 5 
3 7 4 58 43 51 5 5 
3 4 5 47 56 53 6 5 
3 5 4 54 40 50 3 5 
3 6 5 48 25 66 5 4 
6 4 6 46 55 43 4 3 
4 3 5 31 46 44 4 4 
5 4 4 66 60 49 3 4 
3 5 5 48 44 42 5 5 
6 5 4 38 56 59 3 4 
4 4 4 59 55 52 5 5 
4 5 5 33 48 59 5 4 
3 4 5 34 60 61 5 4 
4 5 6 47 57 75 4 4 
4 4 5 38 44 54 6 4 
3 4 3 57 64 51 5 4 
4 3 4 62 72 58 4 4 
4 4 5 48 36 59 4 3 
6 3 3 54 39 49 4 2 
6 6 6 49 43 47 4 4 
3 4 6 49 54 43 5 5 
4 5 5 59 57 53 3 5 
5 6 5 37 42 52 5 6 
3 4 2 38 48 60 6 4 
3 5 5 48 33 51 4 4 
4 5 5 44 66 61 3 6 
6 4 4 41 51 47 2 5 
6 6 3 50 63 62 5 5 
6 6 5 58 47 44 2 6 
6 5 4 42 49 41 5 4 
5 6 3 43 60 37 5 5 
6 5 4 47 65 44 4 4 
4 5 3 59 55 39 5 3 
4 3 3 35 44 56 3 4 
6 4 4 61 55 65 4 3 
3 7 6 51 50 42 4 3 
3 3 5 42 39 71 6 2 
5 3 4 59 57 49 5 5 
4 5 4 60 54 37 5 4 
5 5 3 51 42 34 3 5 
3 4 3 28 45 38 4 6 
5 3 5 42 52 46 4 7 
4 6 3 50 43 49 6 4 
5 3 5 53 46 47 4 5 
4 5 6 51 64 60 7 4 
6 4 4 51 45 66 4 8 
3 5 4 41 57 28 4 6 
5 6 7 61 59 46 6 4 
3 4 3 43 50 35 6 5 
5 4 6 52 52 62 4 5 
5 4 5 53 44 53 5 5 
3 4 6 65 45 41 4 4 
5 5 3 58 50 50 6 5 
6 6 4 55 45 60 4 5 
3 5 5 49 62 34 4 4 
3 4 6 24 55 50 4 4 
5 4 5 50 43 56 4 5 
7 4 5 40 54 53 6 4 
4 3 3 54 58 53 3 4 
6 5 7 52 67 41 5 5 
6 5 5 71 46 69 3 4 
6 5 5 56 53 34 4 3 
6 6 5 51 58 40 4 6 
5 6 6 60 67 46 5 5 
4 5 3 61 46 55 3 5 
3 3 3 36 51 38 5 4 
4 6 3 54 52 38 6 5 
4 5 5 42 35 65 4 5 
6 6 4 53 39 38 4 3 
3 5 4 57 31 62 5 8 
6 4 4 45 48 66 3 5 
6 4 6 63 36 50 5 6 
4 3 2 30 42 55 4 5 
5 4 4 36 36 45 5 5 
3 3 5 50 52 57 5 3 
4 4 6 36 68 68 5 5 
4 4 4 41 42 38 5 4 
3 6 5 51 52 32 4 4 
5 4 4 37 31 43 4 5 
4 4 3 62 52 43 5 5 
3 4 5 54 63 58 4 3 
5 5 4 26 63 41 5 4 
3 3 5 64 46 43 3 3 
6 5 4 61 52 71 4 4 
6 3 4 50 58 62 4 4 
4 4 5 59 39 51 4 5 
3 4 4 59 51 76 5 6 
3 5 5 53 38 49 3 4 
3 4 4 53 52 40 5 5 
4 4 4 32 76 47 4 5 
4 6 5 38 58 50 3 4 
4 6 5 34 39 57 4 6 
6 5 5 61 56 56 4 7 
5 4 4 60 44 45 5 4 
5 4 4 41 54 46 4 4 
6 5 4 61 39 45 4 3 
5 6 8 55 59 54 3 4 
3 6 5 54 45 51 4 6 
5 5 4 40 41 53 6 6 
5 5 5 42 43 46 3 6 
5 7 3 46 56 56 5 4 
5 4 5 47 60 45 3 5 
4 5 5 39 51 52 4 4 
5 5 3 60 49 56 5 4 
5 6 5 56 39 44 5 4 
3 6 5 31 42 49 5 4 
5 5 4 59 56 41 4 5 
5 4 4 35 64 44 4 5 
5 3 4 43 57 59 4 4 
4 6 5 28 50 53 6 5 
5 4 3 71 54 51 4 5 
6 5 6 65 43 49 4 6 
5 1 5 46 57 63 5 5 
4 5 4 58 42 49 4 5 
4 5 3 45 49 57 3 2 
5 5 6 40 44 39 5 5 
1 6 6 41 36 66 3 5 
4 6 6 70 49 36 4 6 
5 7 5 45 42 60 5 4 
5 3 2 48 29 63 5 5 
6 4 4 46 40 41 4 4 
4 2 4 56 40 54 4 5 
4 5 4 54 56 43 5 5 
5 4 3 42 73 36 3 4 
3 5 4 45 70 40 5 2 
4 6 4 60 49 58 5 4 
5 5 5 38 58 49 5 6 
6 4 5 37 68 44 5 5 
5 5 3 56 45 67 6 6 
6 3 4 39 39 54 5 3 
4 4 3 40 56 43 4 4 
4 6 4 47 18 51 5 3 
2 4 4 60 56 52 4 4 
3 6 5 48 52 45 5 4 
6 4 5 41 43 41 4 5 
5 5 6 41 38 63 4 4 
4 5 2 58 68 48 4 5 
6 3 3 54 47 48 5 4 
5 7 5 49 52 35 6 4 
6 5 4 44 61 53 3 4 
6 4 5 33 56 46 3 5 
6 5 6 52 53 43 4 5 
4 6 4 46 49 61 3 5 
3 4 4 42 50 38 6 5 
3 6 5 53 51 57 6 4 
3 4 5 47 43 57 4 4 
5 3 3 55 56 57 3 5 
5 5 1 33 68 32 4 4 
4 4 4 45 56 48 5 4 
4 6 5 55 49 49 6 4 
4 3 4 57 39 45 5 5 
4 5 5 42 39 50 4 5 
5 5 4 44 55 34 4 4 
4 6 4 57 49 46 5 5 
5 4 5 36 46 53 7 4 
7 4 6 58 37 41 4 3 
4 4 5 50 61 37 4 5 
5 5 4 30 58 43 5 4 
2 5 5 53 47 62 3 4 
5 5 3 44 57 60 4 3 
3 6 4 40 43 37 5 5 
4 3 6 46 37 52 4 6 
5 5 5 57 44 45 4 5 
3 6 6 57 41 60 5 3 
5 5 5 46 44 56 5 2 
6 3 4 63 59 31 6 5 
3 3 6 64 53 29 3 3 
5 4 5 50 57 65 4 5 
4 4 2 49 46 60 5 5 
5 6 3 37 51 43 3 5 
6 5 4 36 49 41 5 5 
4 4 6 52 57 39 4 5 
3 6 5 71 55 62 4 4 
4 3 4 60 48 47 5 4 
4 5 4 44 50 55 7 5 
5 4 3 51 37 42 6 5 
6 5 6 48 49 44 6 3 
4 5 4 64 44 38 3 5 
5 4 4 46 37 52 3 4 
4 6 7 75 57 46 6 4 
5 4 5 49 53 68 5 6 
5 5 5 73 61 57 6 4 
4 4 4 54 46 39 5 5 
4 4 5 49 49 46 5 7 
5 5 5 51 39 34 3 5 
3 3 5 44 34 60 2 3 
6 7 4 39 44 57 4 5 
4 5 4 38 48 30 5 5 
3 6 5 45 59 56 5 4 
4 3 4 53 59 74 7 5 
5 4 5 45 48 49 1 3 
4 5 6 52 72 56 4 5 
6 5 5 44 44 46 4 6 
6 5 3 41 57 69 4 6 
5 4 5 61 55 68 5 6 
4 5 4 38 35 46 4 3 
3 4 4 44 68 65 5 3 
4 4 6 50 56 56 4 7 
4 5 3 49 40 59 6 5 
3 4 2 40 58 32 4 4 
4 5 4 56 32 62 5 5 
4 5 4 38 55 73 5 6 
6 3 6 39 59 42 3 6 
4 5 4 45 48 60 4 5 
4 4 4 40 56 52 7 4 
4 5 7 40 47 64 5 5 
3 6 4 54 39 49 4 4 
4 4 5 44 54 46 4 4 
4 4 2 45 56 57 4 4 
5 4 5 52 34 45 5 6 
5 4 5 51 42 54 4 5 
5 6 5 51 45 48 4 2 
4 4 6 54 61 62 4 4 
6 4 6 32 37 55 5 4 
7 5 4 37 69 35 4 6 
5 5 3 38 48 86 4 5 
5 4 3 54 70 46 5 4 
5 7 3 54 50 54 5 4 
5 6 3 45 39 65 6 5 
3 5 4 53 45 60 5 3 
5 4 4 41 46 44 5 4 
7 6 5 53 57 54 2 6 
3 5 3 57 25 77 4 5 
5 4 5 64 52 55 7 4 
4 4 5 44 62 52 6 5 
4 2 5 62 58 31 4 4 
4 5 3 37 52 50 3 5 
5 5 6 60 50 50 3 5 
4 6 3 40 48 55 7 3 
4 5 3 48 60 54 5 4 
5 3 4 44 58 40 5 5 
3 6 4 62 50 60 3 6 
5 5 3 60 52 45 5 4 
5 6 5 61 61 54 4 5 
3 3 5 39 38 54 4 5 
5 5 4 39 49 55 4 5 
4 5 4 38 51 42 4 4 
5 3 5 39 52 53 6 5 
3 3 2 48 48 51 6 4 
4 5 4 54 56 38 5 4 
4 4 5 52 39 37 4 5 
4 4 4 57 46 70 4 4 
5 3 4 48 43 41 4 5 
5 5 3 33 35 55 5 4 
4 5 5 58 56 51 5 3 
5 5 4 62 50 43 5 4 
6 3 5 51 51 39 4 5 
5 4 5 39 37 60 4 4 
5 5 4 40 75 48 6 4 
6 4 4 49 30 43 5 3 
5 3 3 64 37 65 5 3 
5 4 4 52 61 61 4 5 
5 7 5 46 65 49 7 3 
5 4 4 60 56 49 5 4 
6 3 6 41 55 47 3 5 
5 4 5 52 44 48 5 6 
5 8 4 35 54 22 4 4 
5 3 6 59 58 41 4 5 
4 5 5 53 30 48 5 4 
5 4 5 47 57 63 7 5 
5 5 4 35 52 73 4 7 
4 5 5 51 33 43 5 4 
5 4 5 46 40 52 4 3 
5 4 3 64 54 57 6 4 
6 4 4 44 42 41 5 5 
4 4 5 30 26 49 5 3 
5 6 4 50 51 53 7 4 
4 4 4 62 43 45 3 4 
3 4 5 43 45 44 4 5 
3 6 4 55 38 44 7 4 
5 4 3 42 60 57 4 5 
6 4 5 42 61 43 3 5 
6 4 4 78 48 56 5 3 
5 3 6 53 28 43 5 3 
3 6 4 57 68 27 3 5 
5 6 5 70 51 28 4 3 
4 6 2 55 42 46 4 5 
5 5 5 52 43 61 5 6 
4 5 4 41 60 48 5 5 
5 3 3 52 44 57 5 4 
6 4 5 50 50 57 6 5 
6 2 4 50 35 63 5 5 
4 4 4 37 51 54 4 2 
4 5 4 53 51 46 6 4 
5 2 4 52 55 73 4 5 
3 4 6 59 48 39 6 7 
3 5 6 51 46 64 4 5 
4 5 5 53 41 47 4 5 
5 4 5 52 34 36 4 4 
7 4 5 57 47 39 4 3 
6 5 5 34 36 41 4 4 
6 4 4 47 48 50 6 5 
4 4 5 50 54 56 5 4 
4 5 7 56 56 41 5 5 
6 5 3 63 51 56 5 4 
6 4 3 44 35 66 4 5 
3 6 5 53 72 32 4 5 
3 4 4 56 42 52 4 5 
4 5 4 59 31 46 3 3 
6 5 4 48 51 47 5 6 
4 4 3 54 40 43 4 4 
4 3 4 38 58 48 5 5 
4 4 3 44 40 56 4 4 
6 7 5 44 61 62 4 6 
6 4 5 47 45 66 4 6 
5 5 4 49 55 48 5 4 
4 4 4 51 50 33 6 5 
4 2 3 38 40 45 3 4 
5 5 3 37 40 63 6 6 
4 3 5 61 35 36 5 4 
4 4 5 59 44 30 4 4 
5 6 5 42 46 71 4 3 
4 4 5 63 53 40 4 5 
5 5 4 41 48 48 5 5 
5 4 4 42 43 40 4 4 
5 4 5 52 54 44 4 4 
6 3 5 39 51 60 5 4 
3 6 3 61 35 61 5 5 
4 4 5 57 57 54 6 5 
5 5 4 55 61 58 6 6 
3 4 5 33 37 59 5 5 
5 3 5 51 74 45 5 4 
5 4 3 44 36 54 5 5 
4 3 4 53 65 53 3 5 
2 3 7 42 41 74 6 4 
5 4 4 52 65 51 4 3 
4 3 4 38 43 28 5 4 
4 5 6 47 60 58 4 5 
5 7 6 64 41 45 5 4 
3 7 5 48 45 49 6 3 
4 5 4 36 57 52 4 4 
5 5 4 63 35 55 3 4 
5 4 5 56 66 41 3 3 
4 5 4 47 55 64 4 4 
2 4 6 52 60 62 5 3 
6 5 5 53 48 39 5 5 
5 5 6 58 53 74 4 4 
4 4 5 50 74 49 5 5 
4 6 4 51 67 63 5 6 
4 6 2 57 44 46 5 5 
6 5 3 36 49 47 4 4 
5 5 5 59 42 46 4 4 
5 6 4 44 45 33 6 3 
5 6 4 71 39 45 5 5 
5 5 4 53 44 70 4 4 
4 4 5 51 70 50 6 4 
5 3 5 38 44 44 4 3 
5 5 5 56 50 45 5 5 
6 5 5 54 62 49 5 6 
4 6 4 35 59 46 7 3 
5 6 6 46 45 54 4 3 
4 6 6 38 53 53 4 3 
5 3 4 48 52 68 3 5 
4 4 4 55 57 45 4 7 
4 4 3 44 52 57 4 6 
4 3 6 47 42 37 5 4 
5 6 3 44 39 40 4 5 
6 5 4 56 50 51 4 3 
5 5 5 47 53 64 6 5 
6 5 5 41 45 29 1 5 
5 5 4 52 59 45 5 4 
5 3 4 33 40 50 4 5 
3 5 3 65 49 48 4 6 
4 5 3 30 41 46 5 3 
5 6 5 47 54 38 7 4 
5 5 3 48 47 57 5 5 
4 4 4 53 73 70 3 6 
7 6 5 54 44 40 4 5 
6 4 5 47 49 48 5 3 
4 5 4 53 42 43 4 5 
5 4 4 43 38 36 4 4 
4 4 3 41 42 53 4 5 
6 4 4 54 55 58 4 4 
4 5 4 56 66 43 5 3 
5 4 5 50 46 45 5 4 
5 5 5 43 47 53 3 8 
5 4 4 57 57 45 5 4 
5 3 6 45 38 41 3 4 
4 6 5 41 54 53 5 6 
4 4 3 47 52 43 4 4 
5 4 4 54 55 63 3 3 
3 6 6 29 48 63 4 4 
3 5 5 61 48 67 6 4 
5 3 5 47 34 75 4 5 
5 6 5 36 62 38 4 5 
3 4 3 41 36 64 5 6 
4 4 5 30 48 54 4 4 
5 6 5 40 57 55 4 3 
5 4 7 54 54 31 3 4 
5 4 5 40 41 52 5 3 
5 4 8 49 56 47 6 5 
3 5 5 47 40 43 3 4 
4 6 4 37 52 62 5 4 
5 3 4 54 61 57 6 5 
6 5 4 73 53 56 5 2 
5 6 4 40 52 64 4 4 
4 4 5 60 63 58 3 4 
3 5 3 39 46 50 4 5 
5 4 5 49 71 44 4 5 
3 5 4 31 40 75 5 4 
5 5 4 69 46 46 4 4 
5 5 3 38 55 40 3 4 
4 5 5 45 42 28 6 6 
5 3 5 52 54 43 3 5 
3 3 5 47 49 47 4 3 
5 4 4 51 36 64 4 6 
5 6 2 56 43 30 4 6 
5 4 4 50 53 52 6 6 
4 4 3 58 63 63 5 4 
3 5 5 67 49 64 1 4 
4 4 6 42 49 56 4 6 
3 5 4 32 48 47 5 3 
6 4 5 22 45 39 6 4 
7 4 5 63 57 31 3 4 
5 5 2 42 65 46 3 4 
5 3 2 59 29 59 7 4 
7 3 5 43 47 50 5 4 
6 5 4 56 42 73 4 4 
4 4 6 58 57 32 3 4 
4 5 4 43 48 32 5 5 
4 6 4 17 55 65 6 5 
3 4 4 30 61 50 3 6 
6 5 5 62 61 55 4 7 
4 3 5 44 62 54 5 5 
4 4 6 31 57 60 5 6 
5 5 4 47 49 35 4 4 
4 5 7 39 46 61 5 5 
3 6 4 36 50 62 5 5 
4 6 4 47 51 46 5 4 
5 6 4 56 76 35 5 5 
3 2 4 44 49 57 3 5 
4 5 5 56 54 52 3 3 
5 5 5 54 50 52 5 4 
4 4 4 56 45 66 6 4 
5 6 5 60 60 45 4 4 
4 4 5 51 35 51 4 5 
4 7 3 49 52 48 6 4 
4 6 5 43 54 58 5 5 
5 5 5 55 41 59 5 4 
3 4 3 53 38 49 5 3 
4 4 7 34 55 58 4 5 
4 6 5 50 71 38 4 5 
4 5 6 54 67 69 4 3 
6 6 4 41 32 65 5 5 
4 6 4 70 53 60 3 6 
4 5 4 46 47 44 6 5 
3 4 3 44 58 57 4 5 
4 5 5 43 59 50 4 3 
5 2 3 43 46 38 4 4 
4 3 5 55 43 43 4 5 
4 4 6 62 45 43 5 4 
5 6 4 61 39 51 5 3 
4 5 4 66 48 41 5 5 
4 4 4 40 49 50 6 5 
5 6 6 55 53 51 4 4 
5 3 4 41 51 46 5 5 
5 3 5 47 52 46 4 5 
8 3 4 28 62 42 4 4 
5 6 4 60 39 53 4 3 
4 5 5 50 52 63 2 5 
5 6 4 45 39 55 6 4 
5 6 7 37 32 48 5 4 
4 6 4 71 62 70 3 4 
5 4 6 58 57 60 5 7 
5 5 3 42 73 47 6 5 
5 4 2 49 49 60 5 5 
6 5 4 51 35 44 5 5 
5 6 6 42 35 77 3 5 
4 4 5 56 50 33 5 5 
6 4 5 47 39 43 5 4 
4 5 5 33 36 52 7 6 
4 5 4 42 56 57 6 4 
6 4 4 56 47 44 3 5 
5 3 3 35 44 51 3 5 
3 4 4 58 44 56 3 6 
4 5 3 28 59 37 4 5 
6 4 6 74 49 62 4 6 
4 5 7 44 52 61 4 4 
5 2 4 71 54 46 4 4 
5 5 6 54 55 42 6 3 
5 5 5 60 63 53 4 6 
6 5 4 43 30 56 5 5 
4 5 4 38 55 45 3 4 
5 4 5 49 49 87 4 4 
6 4 4 54 50 48 5 6 
4 3 4 49 39 60 5 5 
5 5 3 57 47 52 4 7 
6 3 4 45 47 28 4 4 
4 5 4 69 39 62 3 5 
4 5 3 49 30 47 6 5 
4 5 6 53 43 48 5 5 
2 4 3 58 20 59 6 4 
4 5 4 54 57 44 4 6 
4 4 6 57 55 51 6 5 
4 5 5 47 38 66 3 5 
6 4 3 47 45 46 5 4 
4 4 5 56 53 55 6 4 
5 4 3 58 41 51 5 3 
6 5 6 68 50 43 6 5 
3 4 5 82 51 40 3 5 
5 4 2 68 53 55 5 5 
5 6 4 53 51 37 4 5 
5 4 5 42 52 46 4 3 
6 6 5 46 67 61 5 4 
3 5 6 64 49 25 2 7 
3 4 5 35 39 39 4 4 
4 5 5 38 51 52 4 7 
5 3 6 50 35 43 4 3 
5 3 4 59 53 59 5 5 
3 4 4 56 52 51 5 4 
4 6 4 57 47 51 4 3 
5 4 4 51 55 40 5 4 
4 3 5 40 45 54 5 5 
5 5 4 49 47 65 4 5 
6 5 4 31 63 57 5 6 
5 5 4 48 75 49 5 6 
5 4 4 56 44 39 4 6 
5 5 4 50 40 55 5 4 
5 4 6 56 80 35 5 6 
7 5 5 44 50 69 5 5 
4 5 7 53 44 75 5 2 
3 6 4 43 45 59 5 3 
5 5 4 42 43 32 6 5 
5 5 5 40 45 45 6 5 
4 3 4 44 37 61 3 4 
4 3 5 56 53 51 3 4 
3 4 6 60 41 28 5 5 
5 5 6 51 49 45 5 4 
4 5 3 46 50 37 5 4 
5 5 5 44 44 53 3 4 
5 4 4 45 43 37 5 6 
5 5 5 50 48 42 5 4 
5 5 3 45 43 42 5 4 
3 5 5 41 58 29 6 4 
3 5 6 39 50 51 7 7 
4 4 2 34 47 38 2 5 
6 3 4 62 38 40 4 2 
6 4 6 44 39 65 5 5 
5 6 6 51 44 40 3 4 
3 6 5 37 33 70 5 5 
4 2 5 39 49 50 4 6 
6 3 5 54 35 50 4 4 
4 5 4 61 42 34 4 6 
5 5 6 61 29 49 6 4 
4 4 2 65 40 48 6 3 
6 5 5 69 25 46 4 4 
2 5 5 45 45 58 4 7 
4 6 5 57 48 73 6 3 
5 6 6 45 51 57 4 5 
7 6 4 55 63 46 4 6 
6 4 5 66 73 49 4 5 
4 7 4 62 69 60 7 5 
4 3 4 36 63 59 5 5 
5 4 5 42 54 37 4 3 
6 5 4 28 63 22 3 6 
5 4 3 63 45 73 4 6 
6 5 2 35 44 60 4 6 
4 4 5 37 55 35 5 4 
4 6 6 38 77 39 3 5 
5 5 6 39 32 59 6 4 
5 3 5 50 37 60 6 4 
4 5 5 46 32 48 3 5 
5 4 5 42 26 36 5 3 
4 5 4 58 64 37 5 4 
5 4 3 56 47 46 4 5 
3 5 6 31 44 50 3 3 
4 4 6 64 46 54 5 5 
4 5 5 56 40 59 4 6 
5 4 6 44 69 44 5 6 
5 3 5 51 48 41 5 5 
5 4 4 40 33 40 5 4 
5 7 3 41 42 48 5 5 
4 5 3 44 24 66 3 4 
5 4 7 42 51 59 5 5 
4 5 6 49 40 66 5 4 
5 4 6 58 64 52 4 4 
4 3 5 62 55 48 4 6 
4 3 4 49 60 44 4 4 
4 5 4 59 45 48 5 5 
5 4 5 61 44 56 4 4 
4 5 4 43 32 63 6 4 
5 6 5 52 38 50 4 6 
5 4 4 70 56 47 3 4 
3 5 3 57 38 47 4 4 
4 3 5 50 40 37 5 6 
5 4 4 41 36 42 4 4 
3 5 6 40 60 44 4 4 
2 4 5 61 64 62 5 7 
2 6 4 52 59 70 3 4 
4 4 5 45 43 61 6 5 
2 5 5 60 63 51 5 5 
6 4 4 55 66 63 3 3 
3 3 3 45 68 47 5 3 
5 3 6 37 42 50 4 4 
5 5 4 48 50 40 4 2 
4 7 3 40 41 30 4 5 
5 6 3 33 34 53 6 4 
3 4 4 49 66 54 5 3 
5 5 4 51 64 60 5 5 
5 5 5 62 45 30 5 4 
6 4 6 46 38 42 5 3 
8 3 5 47 52 45 4 4 
4 4 4 66 63 57 4 5 
4 5 4 51 56 48 4 4 
4 5 6 63 35 45 4 5 
4 4 6 84 76 61 3 4 
4 4 4 62 47 58 5 5 
5 4 6 55 41 54 4 8 
3 4 3 50 50 40 3 5 
5 3 6 55 35 53 3 5 
5 6 6 42 47 61 3 5 
5 4 4 47 45 63 5 4 
4 4 4 47 67 40 4 6 
2 4 4 45 33 41 4 6 
4 4 4 53 52 71 4 5 
4 4 5 46 48 49 4 3 
4 5 5 49 48 31 4 5 
6 5 5 55 59 52 2 7 
6 4 3 63 47 33 1 6 
5 7 4 38 59 68 5 3 
3 5 4 45 37 67 3 5 
5 4 5 47 27 46 6 3 
5 6 5 47 50 55 5 4 
3 6 6 57 35 44 4 4 
3 5 5 42 31 52 5 4 
5 4 3 33 46 43 3 5 
5 5 5 38 67 53 4 5 
5 6 3 54 46 37 3 6 
6 5 3 48 49 48 5 4 
5 4 5 59 54 38 4 4 
2 4 3 59 48 33 3 4 
5 4 6 51 46 62 5 5 
5 5 5 55 31 58 5 4 
4 4 5 57 35 41 6 4 
5 4 5 43 64 58 5 6 
7 5 5 44 61 60 4 4 
4 3 3 29 41 47 5 5 
3 4 3 64 53 56 3 6 
5 4 4 62 48 44 4 6 
4 5 5 58 56 31 5 4 
2 7 2 50 37 63 5 4 
5 5 5 56 55 57 5 5 
4 5 3 54 33 41 6 4 
4 5 3 48 48 55 3 5 
4 4 4 18 44 49 4 4 
5 5 5 67 55 53 7 5 
4 4 6 50 56 54 5 6 
4 4 4 31 58 36 6 6 
1 4 4 49 55 43 4 5 
5 5 6 35 43 50 5 4 
3 5 7 57 40 60 3 7 
5 3 3 52 55 62 6 5 
4 5 5 30 38 62 5 6 
3 6 5 48 60 55 4 3 
4 6 5 47 41 38 4 5 
4 5 5 42 55 36 5 6 
5 3 4 42 44 47 3 6 
2 3 5 33 49 43 6 5 
2 3 2 64 39 27 4 4 
5 3 4 62 58 43 3 3 
5 4 5 60 47 56 4 4 
5 5 4 56 43 45 6 5 
3 4 5 62 75 40 6 5 
6 4 5 45 54 60 3 5 
5 6 3 54 53 46 3 4 
5 5 3 54 53 25 4 5 
4 5 3 54 55 56 5 3 
4 4 4 40 60 51 3 4 
5 4 3 39 53 52 6 4 
5 4 5 48 58 36 6 6 
4 5 7 53 50 50 6 5 
3 5 6 55 53 66 6 5 
4 5 4 37 32 59 5 4 
5 4 4 65 34 42 4 5 
6 4 3 51 46 44 4 3 
4 4 3 55 53 71 4 3 
4 5 4 58 61 51 3 5 
6 5 6 49 46 34 3 5 
4 5 4 43 53 38 4 4 
5 4 4 66 37 33 5 5 
3 3 5 43 67 41 5 7 
5 4 5 49 39 53 4 3 
5 5 5 54 46 53 3 5 
6 6 4 62 48 50 4 5 
3 3 3 55 40 68 4 5 
5 4 5 43 46 63 6 3 
2 4 5 44 48 60 6 4 
5 4 4 62 54 43 4 5 
5 5 5 63 67 38 4 7 
3 4 3 37 50 54 5 5 
2 5 5 53 51 39 4 4 
6 5 5 40 42 62 5 6 
5 4 3 54 65 47 3 6 
4 4 3 36 63 33 5 6 
5 5 4 48 58 44 3 4 
3 5 5 53 45 51 5 5 
6 4 6 59 53 61 5 3 
2 5 5 45 48 44 4 4 
3 4 4 43 50 54 5 3 
3 6 3 37 50 28 4 4 
5 6 3 49 48 44 4 2 
3 4 5 45 41 46 4 5 
6 4 6 47 80 41 5 5 
6 4 5 36 66 45 4 3 
4 5 4 48 51 60 4 4 
6 5 4 51 54 39 4 3 
4 6 4 46 51 52 4 4 
4 4 4 25 48 49 4 6 
4 3 3 75 48 56 6 6 
5 5 4 70 58 42 4 4 
3 3 3 51 33 35 5 5 
5 6 4 42 38 64 4 5 
4 5 3 64 67 61 5 4 
4 5 4 50 46 49 5 6 
5 5 4 54 64 38 4 7 
3 6 2 59 47 46 3 5 
4 3 5 43 39 59 4 6 
4 4 4 44 42 55 6 6 
4 4 4 41 68 45 6 5 
5 3 3 72 46 60 6 5 
3 5 5 42 39 58 3 5 
5 5 6 47 50 56 5 6 
5 3 3 43 47 47 3 4 
4 3 4 58 51 36 4 5 
6 5 5 34 54 53 4 3 
5 4 5 51 58 47 6 5 
4 4 6 55 48 38 5 3 
4 6 5 42 35 45 3 4 
5 6 4 66 70 63 5 5 
4 5 5 41 58 47 4 4 
5 3 3 62 48 49 4 3 
5 4 4 63 54 47 6 5 
3 5 5 49 58 49 6 5 
3 5 4 50 45 54 6 4 
4 6 4 42 49 50 4 4 
6 3 4 51 34 42 3 5 
5 4 5 57 37 47 6 5 
3 3 4 51 44 49 3 5 
4 3 6 41 56 47 5 6 
4 6 6 47 41 41 4 5 
5 3 5 55 45 38 5 5 
4 5 4 51 57 35 5 6 
5 5 4 50 48 68 5 5 
5 4 5 56 48 40 5 5 
6 4 5 39 62 58 4 4 
5 3 6 67 53 50 6 6 
5 6 7 51 51 51 5 3 
5 5 4 58 59 58 4 5 
5 5 4 42 37 43 6 4 
3 5 4 52 55 44 6 2 
5 3 3 60 48 58 3 5 
5 3 6 53 49 59 5 3 
4 5 5 60 43 56 3 5 
6 4 5 48 56 47 2 4 
4 3 5 57 59 50 4 4 
5 5 5 45 44 45 7 4 
5 6 5 57 44 65 3 4 
5 5 4 53 32 54 3 5 
4 5 4 52 49 54 5 5 
5 5 5 55 34 49 3 3 
5 5 5 52 61 50 5 5 
4 3 7 51 49 54 4 4 
6 4 4 51 54 41 5 4 
5 5 4 41 45 55 6 4 
5 6 3 38 59 45 5 3 
4 3 5 49 52 53 5 4 
3 3 5 74 42 51 5 5 
4 7 5 55 44 46 6 3 
6 4 5 35 50 52 6 4 
5 4 4 59 42 22 5 4 
5 5 4 68 67 41 5 5 
6 6 3 41 44 33 4 4 
4 3 4 63 45 61 4 4 
4 5 5 40 49 62 4 4 
4 4 5 61 40 56 4 4 
5 3 3 64 54 63 4 5 
5 6 5 41 36 74 4 5 
4 5 3 53 45 31 4 5 
5 6 4 50 39 56 4 6 
5 4 5 51 50 43 5 4 
5 6 5 55 49 55 5 4 
5 3 4 52 49 47 4 4 
6 4 5 47 35 43 4 5 
6 6 4 41 52 53 5 6 
5 4 4 52 58 67 6 3 
4 4 5 62 18 47 5 3 
2 5 5 62 53 51 4 5 
4 5 4 41 58 56 6 6 
6 4 6 56 44 54 5 4 
6 5 3 45 38 48 2 5 
3 3 3 51 53 52 2 6 
6 5 5 54 54 62 5 2 
5 6 4 48 53 63 2 4 
5 4 7 56 61 43 5 4 
4 4 5 46 38 43 6 3 
7 4 3 45 53 57 5 6 
5 5 5 34 62 56 5 4 
4 4 4 34 63 72 6 4 
5 5 4 67 45 46 4 5 
7 2 5 63 55 53 5 5 
4 4 3 35 45 54 4 4 
6 4 4 44 51 31 5 3 
4 4 4 31 46 59 5 5 
2 4 4 49 69 49 4 4 
4 5 5 65 56 55 4 4 
4 3 5 43 39 41 5 6 
3 4 4 55 38 25 3 6 
4 5 6 50 56 45 7 3 
3 4 4 54 45 57 3 5 
5 5 5 44 42 48 5 4 
5 3 4 55 38 54 7 5 
3 5 4 45 46 48 4 5 
3 4 5 59 46 52 6 4 
5 3 5 50 58 57 7 5 
4 4 5 62 40 46 3 3 
3 5 5 42 40 39 3 3 
4 4 4 42 58 57 5 5 
4 3 4 42 54 36 6 4 
2 5 5 47 29 38 4 7 
3 5 6 49 41 44 4 5 
4 5 3 48 75 46 6 4 
5 5 7 49 46 56 4 5 
4 5 5 45 51 47 4 6 
6 3 5 47 38 54 3 5 
5 5 3 44 50 51 4 6 
4 5 7 58 61 51 5 4 
4 7 4 58 43 34 4 6 
5 5 4 51 54 48 3 6 
4 6 4 55 52 38 5 3 
2 3 4 48 40 55 5 4 
3 5 4 59 40 63 6 6 
4 4 5 62 60 31 3 4 
6 4 6 45 50 50 3 4 
3 6 4 37 49 60 5 4 
5 6 4 44 58 47 3 6 
4 3 6 38 33 62 4 5 
4 2 7 48 40 49 4 5 
4 5 7 45 67 36 3 5 
4 5 5 50 52 58 4 5 
6 6 5 44 61 49 6 6 
5 5 6 53 63 37 6 4 
3 4 5 57 54 43 5 4 
3 4 4 45 51 51 3 5 
4 5 3 41 36 56 4 3 
3 4 5 50 48 58 6 5 
5 4 5 72 41 44 2 6 
5 4 5 51 60 56 5 6 
4 4 6 23 32 56 4 5 
6 5 5 38 58 47 5 5 
7 5 4 54 44 50 3 5 
4 4 4 55 38 40 5 4 
5 4 4 41 38 67 6 4 
5 4 5 52 48 59 5 3 
6 5 5 20 45 53 4 5 
5 4 5 55 66 60 5 4 
6 5 5 53 35 63 4 4 
3 6 3 43 44 41 4 2 
7 3 5 42 41 56 6 6 
3 5 5 45 37 49 4 5 
4 5 4 62 59 56 2 4 
5 3 7 57 38 40 5 5 
5 3 5 55 36 59 4 5 
5 6 5 51 64 65 5 4 
5 4 4 47 66 58 6 4 
4 5 6 48 46 36 4 5 
3 5 4 51 53 47 5 4 
3 7 5 43 71 51 6 4 
6 3 2 41 57 81 5 4 
6 5 5 45 61 54 7 6 
4 3 5 61 52 51 5 4 
5 2 5 44 35 30 5 5 
4 5 5 54 56 33 6 4 
3 5 4 53 47 51 6 6 
4 4 5 35 53 47 6 4 
5 4 6 56 50 63 3 3 
4 6 5 41 49 55 5 6 
6 7 5 49 56 45 4 4 
3 5 6 49 45 49 4 3 
4 4 3 60 50 58 3 4 
4 5 5 35 48 38 3 7 
7 4 5 55 62 58 3 4 
3 4 3 53 69 53 3 6 
4 5 6 71 44 38 3 6 
5 3 5 62 51 39 5 4 
3 6 3 61 40 54 5 5 
4 6 5 59 43 25 3 5 
4 6 4 47 49 43 4 5 
4 4 4 47 57 59 4 5 
4 4 6 48 48 50 3 5 
4 6 4 65 36 51 5 3 
5 4 4 42 47 37 5 8 
6 3 4 44 52 40 4 5 
5 1 4 62 52 58 5 2 
5 6 3 53 62 34 4 4 
5 4 4 45 50 44 4 5 
5 5 5 46 46 47 6 3 
3 6 4 44 50 62 5 5 
6 5 5 62 39 54 4 4 
3 4 7 66 38 42 7 5 
5 4 4 56 68 47 5 3 
4 6 3 41 47 41 5 2 
4 5 4 52 53 40 5 6 
5 4 4 62 45 59 5 4 
5 5 5 37 53 49 5 4 
5 5 5 53 44 47 4 4 
4 5 5 36 52 53 5 3 
5 3 6 32 52 49 5 6 
6 4 5 34 49 47 5 3 
5 5 4 54 53 52 5 3 
3 5 5 39 33 61 4 3 
4 5 5 64 46 49 4 5 
4 5 3 64 61 47 4 4 
4 6 3 74 39 46 7 5 
4 4 4 70 43 39 6 3 
5 4 6 64 58 43 5 5 
6 5 5 51 54 48 5 4 
3 5 5 55 58 50 6 3 
5 5 5 47 50 58 6 5 
4 5 4 53 45 55 4 5 
5 4 3 38 65 28 5 4 
4 4 4 58 64 33 4 5 
4 3 4 64 59 39 5 4 
5 5 6 42 53 58 5 5 
4 3 4 44 44 42 5 4 
5 5 6 48 56 66 3 5 
5 4 4 56 51 59 4 4 
3 6 6 56 38 50 3 4 
4 5 4 47 50 52 3 8 
5 3 4 45 52 32 5 5 
4 4 5 39 66 28 6 4 
4 5 4 48 64 53 7 5 
5 5 4 80 56 51 5 5 
6 4 4 66 56 49 4 6 
2 4 5 50 45 31 4 5 
3 4 6 43 59 59 5 5 
3 5 4 48 65 50 5 5 
6 6 4 49 70 54 4 5 
5 4 4 41 50 50 5 6 
5 5 4 47 33 50 4 5 
4 5 5 54 63 44 5 4 
5 4 6 52 67 44 4 4 
5 2 4 41 35 55 3 4 
3 4 5 55 56 61 5 4 
4 5 5 53 58 55 5 5 
4 5 3 54 53 41 3 4 
5 4 5 34 85 50 3 4 
8 3 4 51 42 47 6 5 
4 4 5 38 53 46 4 5 
6 4 4 61 44 51 3 5 
4 7 4 66 43 48 3 4 
5 5 4 41 46 58 5 5 
5 3 3 55 49 56 5 5 
4 4 5 52 54 52 4 4 
6 3 4 46 46 32 4 5 
5 7 4 59 50 54 5 3 
3 4 3 55 56 54 4 4 
4 4 3 52 45 52 6 3 
4 4 5 52 48 38 6 5 
6 5 4 37 41 55 4 6 
3 4 4 59 48 41 4 4 
3 6 5 36 59 62 4 5 
4 6 6 36 55 40 3 5 
5 3 2 47 44 67 5 6 
4 3 6 32 47 43 5 3 
5 7 5 51 49 59 7 5 
5 7 4 54 38 32 5 5 
5 4 4 66 67 52 4 4 
5 3 5 56 53 31 4 5 
5 6 4 57 38 35 5 5 
5 5 4 52 43 51 4 4 
5 4 6 33 43 32 4 5 
4 6 5 51 25 44 5 3 
5 4 6 44 45 64 4 5 
5 6 5 58 49 50 6 3 
4 4 3 52 61 46 4 3 
5 6 5 73 43 53 4 3 
5 4 4 44 66 47 5 4 
4 4 5 29 42 57 6 5 
6 5 6 41 63 44 3 4 
4 7 4 51 43 53 4 3 
4 3 6 67 21 46 4 4 
5 5 3 60 58 48 6 5 
5 5 4 65 39 36 4 3 
3 4 5 57 65 45 4 4 
6 3 5 42 40 54 4 5 
5 3 4 38 51 54 6 4 
4 5 4 46 45 50 3 4 
4 6 5 52 50 55 5 3 
5 4 4 39 50 31 3 4 
5 7 4 45 36 50 6 4 
4 5 6 41 40 60 6 3 
5 4 6 61 53 56 5 4 
3 3 5 45 53 52 5 5 
5 7 4 45 60 48 4 5 
4 3 5 34 38 46 6 3 
4 7 3 59 52 45 6 3 
4 6 4 51 52 58 4 5 
5 4 3 47 29 64 4 5 
4 6 5 67 32 44 6 4 
5 4 4 41 37 51 4 4 
3 4 4 38 46 64 5 5 
4 5 4 33 37 55 4 5 
5 3 3 51 50 37 3 4 
6 4 5 54 52 46 6 5 
6 5 3 47 65 51 4 3 
5 3 4 58 58 49 6 5 
5 4 5 40 45 41 4 6 
3 4 5 48 51 68 6 5 
4 5 4 54 46 45 3 4 
4 5 5 41 62 43 4 5 
3 4 3 61 75 58 5 3 
4 6 4 52 54 63 5 4 
5 6 5 64 60 41 4 3 
4 4 5 31 31 39 5 3 
5 4 5 53 48 45 4 4 
5 5 3 47 62 59 5 6 
5 5 5 53 58 35 4 4 
5 5 5 56 57 47 5 5 
6 5 4 41 34 57 3 4 
5 5 4 42 60 26 5 5 
5 6 6 50 55 57 5 3 
5 6 6 53 57 68 4 4 
4 5 5 54 60 45 5 6 
4 4 5 52 27 53 6 4 
6 5 4 45 70 65 3 5 
6 7 3 48 51 70 5 4 
6 6 3 49 45 53 4 5 
3 5 5 43 46 52 5 5 
4 6 4 50 44 39 2 6 
4 5 6 52 50 32 6 5 
6 4 4 41 50 49 6 4 
5 6 3 75 58 35 5 5 
6 7 4 41 40 40 5 4 
3 5 5 43 47 51 4 4 
5 7 5 70 67 48 4 4 
4 3 6 66 49 48 3 6 
5 4 5 45 49 59 5 5 
4 5 5 39 62 32 4 4 
4 5 6 32 22 42 5 5 
6 5 5 46 38 55 5 5 
7 5 5 38 58 48 5 5 
5 4 4 75 40 46 5 5 
6 5 3 44 56 47 4 6 
5 5 4 62 61 39 3 4 
6 5 4 39 54 44 5 4 
5 5 6 61 54 38 5 5 
6 5 3 50 47 34 4 5 
4 4 6 58 63 61 5 6 
6 4 6 53 41 40 4 4 
7 3 2 48 60 54 5 4 
3 4 4 48 47 48 6 7 
6 5 5 67 43 50 4 4 
5 5 4 64 43 56 4 4 
3 5 6 45 43 61 5 5 
5 4 4 66 40 34 4 5 
3 4 4 45 47 48 5 4 
5 6 4 60 45 52 6 5 
4 3 5 70 57 61 6 4 
5 5 2 61 40 44 4 4 
4 6 4 50 45 57 5 3 
4 5 4 53 63 50 5 4 
5 4 4 30 36 69 5 4 
5 6 2 38 49 48 4 4 
5 5 4 38 60 60 4 5 
3 5 5 37 42 34 2 5 
6 5 5 65 45 55 4 3 
3 4 5 52 57 45 5 4 
4 4 5 59 58 30 6 5 
5 6 4 45 41 64 4 4 
5 3 5 49 72 37 4 5 
5 6 5 54 55 68 5 5 
4 5 5 49 44 50 3 4 
4 3 4 32 64 55 4 3 
6 5 5 36 41 37 4 3 
5 5 6 25 57 66 5 5 
4 5 5 46 55 70 4 4 
3 5 4 50 59 59 2 6 
3 5 5 42 34 43 6 4 
5 6 5 66 53 44 5 5 
4 3 5 71 47 56 2 5 
5 5 4 44 38 46 4 3 
5 5 5 48 47 48 6 3 
4 2 5 50 51 54 5 6 
5 5 5 53 43 51 4 6 
5 4 4 51 61 50 6 5 
5 3 4 56 53 49 3 3 
4 6 5 42 61 48 6 3 
4 4 4 55 46 42 4 4 
4 4 5 46 37 48 5 6 
5 6 5 40 57 64 4 4 
4 5 4 43 42 55 4 5 
3 4 4 41 45 45 4 4 
3 5 5 70 57 46 6 2 
3 5 5 53 61 41 4 5 
5 5 5 56 60 64 4 4 
4 5 4 65 42 72 5 3 
4 5 5 30 51 66 7 6 
5 3 5 68 49 48 4 5 
4 4 4 33 33 56 3 3 
3 6 4 40 55 42 4 4 
6 4 4 41 68 55 3 5 
3 3 5 24 42 74 5 4 
5 3 4 58 54 37 5 6 
4 5 5 61 37 53 4 5 
3 4 5 53 61 56 3 5 
5 5 5 58 49 39 6 6 
4 6 5 41 42 39 5 3 
4 4 6 35 48 43 5 3 
4 3 4 57 55 41 3 5 
4 2 3 49 50 47 4 5 
6 5 5 45 53 33 5 5 
5 5 5 64 54 40 3 5 
3 4 6 50 63 40 4 5 
4 4 4 45 41 60 3 4 
6 6 4 37 50 49 4 5 
6 4 4 49 52 49 6 4 
5 3 4 69 47 63 4 5 
2 4 4 45 51 65 4 6 
5 2 5 61 45 61 4 7 
4 4 4 53 52 36 4 6 
4 5 4 65 39 60 5 5 
5 5 4 60 39 52 4 2 
3 6 5 47 47 43 5 5 
4 3 5 45 52 69 4 5 
3 6 5 26 52 54 5 5 
5 4 6 44 52 43 6 5 
5 4 6 49 44 47 5 4 
5 3 4 60 52 39 4 5 
5 4 4 33 48 55 3 6 
4 2 4 60 36 52 4 4 
5 5 5 62 52 46 6 4 
5 6 3 46 59 55 3 6 
5 3 6 50 60 34 4 6 
5 5 4 37 23 44 4 4 
4 3 4 46 37 51 6 6 
6 5 4 48 58 53 5 5 
5 5 5 39 40 40 5 4 
5 4 6 28 67 58 4 4 
3 2 3 34 51 63 3 4 
6 4 6 47 49 56 5 4 
3 3 6 61 57 28 4 1 
5 5 6 49 49 38 3 3 
6 6 4 62 42 50 4 2 
6 3 4 42 32 60 3 6 
5 3 4 31 45 36 4 4 
4 7 3 49 45 46 4 3 
5 5 6 38 56 53 5 3 
4 5 4 51 45 60 5 5 
4 4 4 48 36 60 3 6 
4 4 2 51 41 60 3 5 
3 5 4 54 62 40 4 5 
4 4 3 62 48 50 6 6 
3 5 6 57 60 34 4 3 
4 5 5 57 38 40 5 5 
5 6 6 49 62 61 4 4 
5 4 4 56 41 61 4 3 
5 4 4 51 42 49 3 6 
4 7 5 45 66 45 5 6 
4 5 5 45 45 37 6 5 
5 5 4 49 55 64 4 6 
4 3 2 45 40 48 4 6 
5 3 4 49 51 65 4 3 
3 5 3 67 39 46 4 5 
4 5 3 50 38 48 4 6 
5 5 5 28 66 59 3 3 
6 6 5 57 69 59 5 5 
6 4 4 37 44 56 5 4 
5 4 5 58 37 32 6 5 
5 4 6 43 63 31 4 6 
4 4 7 52 52 46 3 3 
4 5 4 46 59 41 5 3 
7 5 7 46 43 70 3 5 
4 5 4 41 60 48 7 5 
5 5 3 57 70 52 6 5 
3 4 4 36 46 51 5 4 
4 3 4 49 51 60 4 3 
6 5 5 66 45 30 3 3 
6 3 4 40 50 63 4 6 
6 3 4 46 65 52 4 5 
5 2 5 56 62 54 5 5 
6 4 5 45 49 45 5 6 
3 4 3 63 43 55 6 5 
4 5 4 64 51 51 5 5 
4 4 5 52 84 29 5 5 
5 5 5 63 41 54 6 5 
4 5 3 54 64 58 4 5 
4 6 5 52 57 37 4 4 
3 5 4 49 37 53 4 4 
3 4 4 52 40 62 4 5 
5 4 4 40 35 62 4 4 
6 4 4 69 50 45 5 5 
3 5 5 47 51 50 5 4 
2 5 4 37 59 33 5 3 
6 4 5 48 37 42 5 4 
4 4 4 49 55 65 5 5 
5 4 5 36 53 67 4 4 
6 4 5 42 53 62 5 6 
4 3 5 39 45 41 4 3 
4 5 3 49 45 44 4 6 
5 6 4 45 38 60 3 5 
5 4 4 48 39 63 7 4 
3 4 3 51 52 45 4 5 
3 4 4 63 52 37 4 3 
4 4 5 55 57 41 3 5 
4 3 4 59 56 59 6 3 
4 5 5 54 49 40 2 4 
5 6 4 51 39 64 4 7 
5 5 4 69 45 52 5 6 
5 4 6 49 60 43 5 8 
5 4 4 65 43 58 5 4 
6 4 5 49 55 40 3 5 
4 5 6 77 52 51 4 4 
4 7 6 60 28 29 6 5 
6 4 6 47 46 36 5 4 
6 4 5 56 52 45 4 5 
5 3 6 53 47 66 5 3 
5 4 4 46 38 55 5 3 
4 3 5 45 33 47 5 4 
6 5 4 49 55 53 6 5 
4 4 6 50 28 43 4 5 
3 4 3 34 35 53 4 5 
5 4 6 63 70 63 4 3 
5 5 4 53 39 66 4 4 
4 4 4 44 42 51 3 5 
5 6 5 56 31 70 3 4 
5 5 5 42 51 32 4 4 
4 5 4 57 43 34 5 3 
8 6 3 41 54 46 6 6 
5 5 4 53 48 33 5 3 
5 4 6 48 67 45 5 6 
3 4 5 22 33 33 3 6 
4 4 4 62 34 30 4 5 
4 4 7 46 46 49 4 4 
4 4 5 40 57 45 7 5 
4 5 6 40 51 54 4 5 
1 7 4 50 45 56 4 4 
4 6 5 36 54 43 5 4 
5 6 6 48 55 35 4 6 
5 4 3 43 53 35 5 6 
3 5 6 51 43 58 5 4 
5 4 4 35 51 38 3 3 
6 3 7 51 60 31 6 7 
2 6 4 28 64 41 6 5 
3 4 3 53 50 49 3 4 
4 5 3 84 61 64 5 6 
5 4 4 61 62 52 4 4 
4 5 6 50 48 53 5 4 
4 5 4 49 60 48 4 4 
4 4 3 70 32 45 6 5 
5 6 6 45 51 54 5 3 
7 6 5 42 48 48 5 4 
5 5 4 51 36 53 4 4 
4 4 5 50 46 33 5 6 
6 6 4 54 69 52 5 4 
5 5 5 49 39 52 4 5 
5 4 6 49 50 51 5 4 
6 4 3 54 51 62 3 5 
4 5 5 61 71 53 5 5 
3 4 5 52 52 45 3 4 
5 4 4 43 50 42 7 5 
4 4 4 52 45 41 4 5 
4 5 3 38 43 58 4 3 
4 6 5 38 52 52 4 4 
3 4 5 44 49 57 4 3 
5 5 4 56 62 46 4 2 
3 5 4 43 67 64 4 5 
6 4 4 41 42 52 6 4 
4 7 2 62 48 53 6 5 
3 5 6 35 28 45 5 3 
5 2 5 47 64 62 5 6 
3 5 5 69 47 57 5 4 
5 5 6 61 51 60 6 4 
5 4 5 62 58 68 4 3 
4 5 3 47 42 51 4 6 
6 5 5 67 47 38 5 5 
4 5 4 49 57 42 5 3 
5 4 3 45 35 50 5 6 
4 5 3 38 52 55 6 6 
4 6 5 53 49 58 7 4 
4 5 3 65 60 55 5 3 
3 4 4 49 52 57 6 4 
5 5 4 45 50 41 6 5 
4 3 4 42 43 51 3 5 
6 3 5 67 48 83 6 5 
6 5 3 50 52 43 4 5 
5 3 2 57 41 62 5 5 
5 5 6 46 48 44 5 5 
3 5 5 54 43 44 5 3 
5 6 6 56 49 44 5 5 
4 4 5 64 66 55 6 4 
7 3 6 59 45 55 4 3 
4 4 5 53 44 59 6 4 
5 5 4 44 53 54 4 4 
3 4 6 44 48 72 5 3 
5 5 4 48 51 42 6 4 
5 5 5 45 44 55 2 5 
4 4 4 49 43 52 4 5 
4 3 4 48 39 46 6 4 
4 4 4 45 52 64 5 3 
4 6 2 60 48 50 5 3 
5 2 4 32 64 55 6 3 
4 4 4 46 41 43 4 6 
4 4 4 54 43 47 7 6 
5 4 3 55 63 36 6 5 
4 4 3 69 59 59 3 4 
4 5 5 53 76 27 7 6 
4 5 5 50 35 27 4 4 
5 6 2 45 66 49 5 6 
4 4 4 40 59 40 5 4 
6 2 6 57 45 50 5 6 
4 6 6 66 45 52 5 6 
4 4 4 33 54 52 5 4 
4 4 5 30 63 42 3 6 
5 3 4 45 36 51 4 4 
6 5 3 40 48 53 5 6 
5 6 6 40 52 53 5 4 
6 4 5 42 61 48 5 3 
4 4 4 43 42 46 4 3 
6 5 5 39 52 59 5 5 
3 4 6 48 61 46 5 4 
5 5 3 38 35 55 4 6 
5 5 6 54 42 55 3 5 
4 4 5 42 46 62 4 4 
5 5 5 62 46 39 4 4 
6 6 4 52 53 57 5 6 
3 4 6 48 51 25 4 4 
4 3 5 55 32 45 5 5 
5 4 2 57 44 71 4 4 
4 4 5 48 48 42 4 6 
4 5 4 53 61 54 4 6 
5 4 4 30 60 46 5 5 
5 6 4 51 43 43 3 4 
7 5 5 48 61 28 4 5 
4 5 5 38 31 47 5 5 
3 3 6 52 41 37 6 4 
4 5 4 36 43 38 5 7 
5 6 5 58 56 45 5 4 
3 5 6 46 29 41 4 4 
6 3 5 57 42 40 7 4 
4 4 6 52 51 37 5 5 
5 6 5 38 63 49 3 5 
5 4 7 45 47 57 5 6 
4 5 5 52 47 62 4 6 
3 3 5 52 47 37 3 5 
3 4 4 46 42 37 5 5 
3 4 7 55 71 44 6 5 
4 4 4 54 37 35 6 2 
2 4 5 53 46 65 5 5 
5 4 5 34 55 48 6 5 
5 4 2 49 59 41 4 4 
4 3 5 65 58 40 4 4 
5 4 6 52 46 49 5 4 
4 4 4 58 54 41 3 7 
5 4 5 41 44 41 5 5 
3 2 5 46 63 56 4 6 
5 5 4 68 44 29 4 4 
4 2 6 58 41 39 5 5 
4 3 5 69 46 51 4 5 
5 5 3 53 50 47 5 3 
3 6 4 54 58 34 6 7 
5 3 4 50 43 28 5 6 
5 5 4 69 45 49 6 5 
5 4 5 45 66 53 4 4 
4 5 5 46 46 60 6 5 
5 5 6 62 48 62 5 5 
5 3 5 43 64 50 5 5 
3 6 3 45 53 45 3 4 
3 5 5 48 48 53 3 3 
3 5 4 39 54 40 4 5 
6 4 3 51 50 55 4 4 
4 5 3 30 45 48 4 5 
3 7 4 30 38 48 5 3 
4 4 5 43 52 55 6 5 
6 3 5 57 48 42 5 5 
5 6 4 57 56 62 6 4 
5 4 4 47 69 40 3 4 
5 4 4 50 22 46 4 3 
6 4 5 44 49 71 6 5 
4 5 5 55 40 43 4 5 
3 5 5 45 40 50 2 4 
5 5 4 49 50 47 6 4 
7 6 5 69 38 39 4 4 
4 6 3 55 55 45 5 4 
5 5 5 44 41 40 3 7 
4 6 4 56 42 60 7 4 
5 2 5 54 50 46 6 6 
5 4 5 58 51 60 5 3 
4 6 3 29 44 61 5 4 
5 5 4 56 48 63 4 5 
6 3 6 59 55 45 6 3 
5 6 6 56 37 43 5 5 
3 4 4 42 38 55 6 4 
3 6 4 47 51 33 6 3 
4 4 3 54 36 36 3 3 
4 4 3 46 41 62 7 5 
5 5 3 45 57 54 3 5 
5 3 4 33 51 35 5 6 
5 5 3 42 52 63 6 4 
4 5 5 60 54 62 6 7 
5 6 5 33 54 50 4 5 
6 5 5 45 68 67 5 5 
4 5 5 51 57 45 3 4 
5 4 4 46 63 45 5 4 
5 5 6 48 73 42 4 5 
3 4 5 40 43 27 5 4 
4 4 5 42 39 45 4 4 
3 4 4 52 51 54 5 6 
2 6 5 54 48 38 5 5 
4 7 5 50 42 52 5 4 
1 6 5 43 49 40 4 6 
4 4 5 43 40 54 3 6 
2 4 4 55 40 54 4 6 
5 5 4 49 53 65 4 5 
5 6 4 31 58 71 4 2 
5 4 5 34 37 50 5 5 
3 5 3 33 59 50 6 4 
6 4 4 43 44 51 6 5 
4 4 5 59 81 62 2 2 
3 5 6 41 54 50 4 6 
4 5 4 65 44 62 6 7 
4 5 4 47 35 31 3 3 
3 5 4 50 57 41 5 4 
6 5 5 50 50 54 5 6 
4 4 5 49 33 76 6 4 
6 3 3 40 56 46 4 5 
3 4 5 63 54 55 3 6 
4 5 4 51 61 45 4 5 
6 5 3 47 45 55 4 3 
5 6 4 35 45 41 4 3 
5 4 6 54 55 39 3 4 
7 5 4 53 45 58 6 4 
5 6 5 50 50 35 3 4 
4 4 4 43 49 46 5 3 
4 4 5 72 49 57 4 4 
5 4 6 52 43 30 5 7 
5 5 5 42 54 43 4 4 
6 4 5 42 47 58 4 5 
3 3 5 48 31 58 4 5 
3 4 4 45 42 55 4 4 
3 4 7 45 45 38 6 4 
5 6 4 63 50 38 4 4 
4 4 6 47 53 55 3 4 
5 5 5 52 69 42 4 4 
4 5 3 46 44 27 5 3 
4 5 4 41 38 51 5 4 
5 5 7 61 58 40 3 5 
4 3 4 53 46 44 3 4 
4 6 5 54 50 41 3 4 
4 3 5 45 43 40 4 5 
5 6 5 45 34 52 5 6 
5 6 4 36 28 53 4 4 
4 4 3 40 63 58 5 5 
4 5 6 41 44 54 4 6 
3 4 4 45 53 31 6 3 
2 6 4 44 60 36 3 5 
4 5 5 43 62 40 6 3 
4 6 4 36 57 54 5 6 
4 5 5 58 48 56 7 6 
6 4 6 45 34 31 4 5 
6 5 4 51 44 45 2 6 
6 4 3 31 59 62 5 4 
5 6 5 58 58 52 5 5 
6 4 4 48 49 49 4 5 
4 5 5 66 46 23 4 5 
4 5 3 49 65 54 7 4 
4 5 5 53 55 54 6 6 
4 5 6 42 46 53 5 5 
5 4 5 56 43 39 4 4 
6 5 4 59 52 67 4 5 
6 2 5 66 45 47 5 3 
3 3 3 48 53 58 7 5 
5 3 5 52 59 55 4 5 
4 5 3 66 40 55 4 3 
5 5 4 22 34 44 3 5 
4 6 6 43 52 51 4 5 
4 3 3 49 45 40 6 5 
5 5 4 59 33 54 5 4 
5 5 4 41 48 33 5 4 
4 6 5 40 49 48 3 5 
4 3 5 40 49 56 5 4 
5 2 6 58 51 57 5 4 
4 4 4 63 50 33 3 4 
4 4 5 50 45 54 5 5 
4 5 4 54 25 41 6 5 
5 4 5 35 40 43 5 5 
5 4 5 59 50 55 3 4 
5 4 3 51 47 51 4 6 
5 4 5 31 41 56 4 5 
3 4 7 50 56 49 2 5 
2 6 5 48 35 53 4 4 
5 5 6 72 57 73 5 6 
7 4 4 46 56 61 3 3 
4 5 3 49 48 50 4 4 
5 3 4 25 49 38 2 4 
4 5 4 50 67 53 3 5 
4 5 4 63 43 34 3 4 
5 4 4 37 53 78 4 6 
5 6 4 44 52 48 4 4 
3 4 4 57 62 62 3 4 
5 3 5 51 53 48 5 5 
6 5 5 56 55 62 6 5 
5 4 5 42 50 75 3 4 
6 3 5 57 45 44 7 4 
3 6 4 31 44 42 5 4 
4 5 5 48 53 41 5 3 
3 5 5 39 38 51 4 4 
4 4 5 43 68 57 7 4 
5 3 5 65 25 42 5 5 
5 5 6 64 61 47 6 5 
5 4 6 28 44 60 5 5 
4 4 4 52 61 33 5 4 
6 3 6 53 43 54 3 3 
3 4 5 49 52 46 5 6 
5 3 3 45 52 49 6 5 
6 5 5 55 63 55 5 5 
5 5 7 70 41 64 5 5 
3 5 5 46 50 31 4 4 
2 2 4 47 51 39 3 4 
4 5 5 41 61 61 5 2 
4 6 4 67 71 43 3 4 
3 5 4 41 55 37 4 3 
4 6 4 71 40 45 4 4 
3 4 5 47 42 55 6 6 
7 5 6 44 30 60 4 6 
3 6 5 55 69 42 4 5 
6 6 3 40 79 57 3 5 
6 6 5 51 38 50 5 5 
5 6 3 51 45 59 4 2 
6 3 4 57 54 47 3 4 
3 6 3 38 58 64 5 5 
5 4 2 61 67 54 4 5 
6 3 4 33 45 47 6 5 
3 4 4 50 50 67 4 4 
5 3 3 38 42 42 5 3 
5 6 3 50 36 50 3 5 
4 5 5 32 57 49 6 4 
3 5 4 43 69 54 4 4 
5 4 5 67 24 52 2 6 
5 5 6 56 47 49 5 4 
3 4 5 66 50 50 3 5 
6 5 5 42 41 55 5 4 
4 4 5 59 39 46 6 4 
4 5 6 42 61 25 5 3 
4 6 5 52 51 63 6 5 
6 6 5 38 41 58 2 6 
5 3 5 35 56 44 5 6 
6 4 5 56 63 61 6 5 
6 4 4 36 46 41 4 6 
4 4 3 62 36 36 6 6 
6 6 3 48 58 44 3 5 
4 4 3 44 54 66 6 4 
5 4 3 57 36 44 5 5 
6 5 5 43 71 54 4 5 
4 5 5 44 45 43 4 2 
3 3 4 50 36 58 4 6 
4 2 4 52 53 56 3 5 
4 3 3 53 50 47 5 6 
5 2 5 53 57 59 4 5 
5 7 7 69 57 69 4 5 
3 6 4 50 49 60 4 5 
4 6 3 43 38 52 3 4 
5 6 4 49 41 58 2 4 
5 4 5 44 46 52 4 3 
4 4 4 44 51 53 4 6 
3 4 4 57 54 30 5 5 
4 4 5 50 76 40 5 6 
4 5 4 33 56 47 6 5 
5 5 3 59 20 40 5 6 
4 4 4 46 43 55 3 5 
5 6 6 45 51 33 4 5 
4 4 5 29 55 57 5 4 
5 5 3 49 73 44 4 5 
4 3 4 32 52 67 4 5 
4 5 4 44 41 47 5 5 
4 4 5 58 62 60 5 6 
4 5 5 54 73 39 4 6 
4 6 3 42 33 53 5 5 
3 5 5 58 32 40 4 3 
4 5 6 37 71 55 3 3 
3 5 6 57 58 42 4 5 
4 2 6 67 53 23 4 5 
4 5 4 53 55 51 5 4 
4 5 5 26 41 43 4 4 
5 5 5 38 44 38 6 3 
4 4 5 42 47 29 5 5 
6 6 5 33 53 34 4 5 
4 4 6 41 62 50 5 5 
5 5 7 44 43 49 4 5 
1 5 5 39 38 39 6 5 
5 6 5 59 24 52 4 4 
4 4 3 42 51 33 4 4 
5 4 6 49 34 43 4 4 
3 4 4 47 40 40 5 4 
4 5 5 33 30 65 4 4 
6 4 6 57 45 47 4 7 
3 5 5 50 55 62 4 6 
3 5 4 55 36 40 5 5 
5 4 5 39 61 53 5 5 
4 4 4 53 35 46 7 5 
5 2 3 68 39 59 4 6 
6 6 4 41 55 46 5 5 
4 4 3 55 51 31 3 5 
6 4 4 52 64 53 4 5 
6 3 4 63 52 73 3 4 
4 5 4 46 58 41 4 4 
4 6 3 42 55 75 6 5 
4 4 2 61 50 60 3 6 
4 5 4 55 46 42 4 4 
3 4 3 57 46 56 4 5 
5 4 5 47 45 58 3 4 
4 4 4 41 48 33 5 6 
5 4 6 39 45 57 4 4 
5 4 5 46 34 44 4 3 
5 4 4 37 47 21 5 6 
7 6 2 45 50 67 5 5 
6 5 3 41 46 54 7 5 
4 3 3 54 48 50 5 3 
5 5 4 49 47 58 5 4 
5 4 3 57 49 51 4 4 
3 5 5 58 64 51 3 4 
5 5 5 56 40 59 3 3 
5 7 4 60 44 47 5 6 
4 4 5 38 39 37 3 3 
3 7 5 53 76 51 7 5 
6 4 3 56 62 37 5 5 
3 4 5 45 60 24 5 4 
5 6 4 48 39 51 3 3 
6 4 4 45 34 45 5 4 
3 5 5 58 46 40 4 6 
3 4 5 47 28 57 5 5 
5 5 6 40 57 59 5 4 
5 4 4 33 59 53 6 6 
4 4 4 67 31 80 4 4 
6 4 7 32 49 46 5 3 
5 7 6 48 46 45 5 7 
5 4 5 47 73 60 6 5 
5 4 3 54 69 62 5 5 
5 5 5 43 46 69 3 5 
5 3 6 57 60 52 4 4 
3 4 5 46 65 63 4 5 
7 4 4 45 49 30 5 4 
5 5 5 43 34 32 5 5 
6 5 4 39 40 47 5 5 
6 4 5 36 54 47 5 5 
4 4 5 52 34 57 3 5 
4 5 4 62 47 48 3 7 
5 3 6 56 70 53 5 5 
5 6 3 36 53 42 3 5 
6 5 4 43 60 61 4 5 
3 5 6 61 40 23 4 4 
3 4 5 36 53 48 3 4 
3 5 6 44 49 53 5 4 
5 4 5 63 63 49 5 5 
5 3 4 35 49 54 3 6 
4 5 5 42 62 54 3 6 
5 4 4 57 49 43 5 4 
3 5 4 51 46 55 5 5 
3 3 5 63 46 52 3 5 
4 5 6 54 59 46 2 5 
5 4 4 46 61 38 3 2 
5 5 5 58 46 45 5 5 
4 5 6 51 35 58 6 4 
3 5 3 58 52 51 4 2 
4 3 6 56 64 47 4 4 
4 4 3 45 49 60 5 4 
4 5 5 37 55 64 3 6 
3 5 4 42 66 56 2 4 
4 5 7 37 43 56 6 4 
6 6 5 47 47 32 4 4 
5 4 5 61 53 43 3 3 
5 4 4 58 53 39 4 3 
5 4 5 58 41 33 3 6 
3 5 5 53 77 36 5 5 
4 5 6 35 31 52 7 7 
4 4 3 51 57 45 5 5 
4 4 5 50 30 42 4 5 
5 2 4 43 43 45 6 5 
6 5 7 49 43 42 4 5 
3 5 5 47 30 50 5 7 
5 4 3 49 61 39 4 4 
6 6 5 53 53 63 6 5 
4 5 4 59 38 31 5 5 
6 4 3 41 47 59 5 7 
4 3 5 59 24 49 8 5 
6 5 5 26 38 46 6 4 
3 4 4 36 50 46 6 4 
5 4 5 55 59 57 5 4 
6 5 5 59 37 34 4 3 
5 5 4 35 62 52 4 3 
4 4 2 49 67 53 4 4 
4 3 4 55 46 34 5 4 
4 3 2 62 58 27 5 4 
6 6 4 62 46 37 7 7 
3 4 6 72 39 48 3 2 
4 5 4 53 43 44 4 3 
4 5 5 60 56 54 4 4 
6 4 3 61 50 59 3 3 
4 4 2 51 55 41 6 4 
4 4 4 50 61 40 5 5 
5 6 5 58 44 63 4 4 
4 3 4 31 44 37 7 6 
5 4 6 50 50 54 7 2 
6 4 5 56 43 43 2 2 
3 5 6 61 51 56 4 5 
5 4 5 31 41 49 5 2 
5 6 5 45 42 67 3 4 
4 5 5 44 59 61 5 4 
4 4 4 32 49 40 5 3 
4 6 5 40 53 41 6 6 
4 6 4 55 40 51 4 5 
4 5 4 54 55 47 5 7 
6 3 4 50 55 40 4 6 
4 4 4 45 51 55 4 7 
4 4 3 49 32 44 5 6 
6 4 5 62 36 48 7 4 
6 5 5 34 55 52 5 4 
5 3 5 51 41 38 4 4 
3 3 5 34 47 52 4 6 
5 3 6 65 49 25 4 5 
5 4 4 65 54 63 3 4 
4 5 5 58 57 64 4 6 
4 4 5 61 51 38 5 4 
6 5 5 63 56 65 5 3 
5 3 4 62 39 48 5 5 
5 4 5 41 29 31 4 5 
4 6 5 30 55 80 3 5 
5 3 3 53 64 51 7 6 
4 4 4 37 50 59 4 6 
6 5 6 60 51 43 7 5 
6 5 6 36 45 55 5 5 
6 6 4 52 42 41 4 4 
5 6 3 48 51 59 4 4 
4 5 5 43 52 37 5 6 
6 4 5 62 36 55 4 5 
5 4 6 57 52 52 5 4 
6 5 6 53 51 54 4 4 
5 4 5 43 55 38 4 3 
2 6 5 41 49 51 4 4 
4 5 3 47 38 51 7 5 
7 4 5 57 42 35 6 5 
3 5 4 52 47 30 4 5 
6 5 5 24 57 55 4 5 
5 2 4 48 37 40 3 5 
3 4 2 60 48 39 7 5 
6 4 4 39 50 44 4 5 
3 4 5 35 63 67 4 5 
6 3 3 68 42 53 5 4 
4 4 3 51 41 62 3 6 
5 3 4 36 51 57 6 5 
4 3 5 45 59 40 4 4 
6 4 3 35 61 60 5 4 
5 5 6 65 53 41 5 5 
3 3 6 47 51 55 5 6 
2 4 4 60 36 51 4 3 
5 3 5 43 54 58 4 3 
6 4 5 59 65 56 5 4 
6 4 3 29 59 56 5 3 
4 6 5 57 39 29 3 4 
5 5 4 46 40 34 7 5 
4 5 3 54 46 32 6 4 
6 4 6 55 47 32 6 3 
6 4 5 65 61 40 5 5 
3 5 4 51 32 59 3 6 
6 5 3 54 60 38 5 4 
6 5 4 30 50 49 5 5 
5 3 4 48 34 42 6 5 
3 5 5 67 45 66 4 5 
2 6 3 43 43 37 3 4 
3 5 6 52 44 38 5 4 
4 5 3 42 47 44 5 2 
5 6 6 41 41 65 5 5 
4 6 4 53 42 49 5 5 
6 4 4 65 47 52 3 4 
4 6 6 43 72 41 5 3 
4 7 5 40 45 44 4 6 
4 5 6 46 60 58 4 5 
4 5 4 56 63 41 4 6 
2 4 2 49 48 41 4 7 
3 3 4 50 63 63 4 4 
4 2 5 44 67 74 6 4 
5 5 8 47 65 44 6 4 
7 6 4 37 42 52 5 4 
5 5 5 36 27 53 5 5 
6 4 5 48 52 60 5 5 
3 4 4 46 39 61 5 5 
5 3 5 70 51 54 5 4 
5 6 6 51 55 26 5 4 
4 5 6 48 58 49 5 5 
6 7 4 40 41 51 6 3 
4 2 5 62 53 35 4 5 
5 5 4 42 52 39 4 4 
5 6 3 65 70 50 6 5 
6 5 5 48 28 49 4 4 
2 3 5 34 43 39 5 5 
4 5 3 34 50 56 4 4 
3 4 4 42 45 49 5 5 
4 6 4 47 45 42 5 5 
5 5 5 57 68 71 6 5 
5 6 5 52 36 50 4 5 
5 2 6 49 47 52 5 5 
4 4 4 37 59 64 5 5 
4 4 5 46 28 58 4 4 
5 5 3 38 62 62 5 5 
4 5 4 23 38 80 2 5 
4 5 6 50 42 20 5 4 
5 5 3 52 44 46 4 6 
6 6 4 37 46 44 5 3 
4 4 5 53 15 41 3 4 
4 6 4 52 49 44 5 4 
3 4 5 51 41 44 4 4 
5 6 4 55 39 39 5 6 
5 5 3 53 78 33 5 5 
5 5 6 60 51 64 5 5 
4 4 6 57 58 73 5 5 
4 3 5 50 62 39 5 4 
4 4 4 43 41 57 4 6 
4 4 3 59 29 47 5 5 
4 5 6 45 49 47 4 3 
4 3 8 52 51 42 5 5 
6 6 4 45 51 67 3 4 
5 3 6 47 31 48 4 4 
5 5 4 52 34 53 5 4 
5 6 6 54 76 32 6 5 
3 4 5 39 52 45 4 3 
5 5 3 52 35 43 5 5 
5 5 4 25 69 49 5 3 
4 7 4 57 48 48 5 5 
5 4 4 52 57 51 5 5 
5 4 4 55 54 61 4 5 
6 4 5 55 35 58 4 6 
1 5 4 36 68 43 4 6 
5 4 5 38 32 47 5 5 
4 6 6 59 60 60 3 4 
4 4 6 48 58 50 5 5 
4 5 5 43 64 51 5 4 
6 5 5 52 75 47 4 4 
4 5 4 53 35 56 5 3 
4 5 3 48 47 60 6 4 
5 6 5 43 47 21 6 5 
6 6 3 50 42 76 3 6 
5 3 6 62 56 36 5 6 
4 3 3 53 67 38 4 5 
3 3 5 69 51 33 3 5 
3 5 5 43 43 59 4 3 
5 5 5 66 59 67 5 2 
4 2 4 42 67 49 5 4 
4 5 5 46 51 59 5 3 
5 4 5 37 49 48 4 4 
6 5 5 61 35 66 4 7 
6 7 5 48 50 47 5 5 
5 6 3 55 49 58 5 5 
4 4 4 44 49 61 2 4 
5 5 4 47 59 38 5 4 
3 4 5 51 49 44 3 5 
5 4 5 66 63 42 5 5 
5 5 7 45 62 44 5 3 
5 4 3 55 42 65 4 5 
3 3 4 39 45 33 5 5 
4 4 5 52 52 54 5 6 
5 5 4 39 49 47 5 3 
4 5 4 70 55 56 4 4 
3 2 4 40 60 53 5 5 
6 5 5 60 67 46 6 5 
5 5 4 68 39 51 3 5 
6 5 4 54 50 50 6 5 
4 5 4 58 47 40 6 5 
5 3 5 51 51 50 4 5 
4 4 4 31 51 43 6 6 
5 5 4 52 39 45 6 5 
6 5 6 39 48 56 5 3 
6 4 4 52 40 63 5 5 
5 4 4 41 40 46 6 3 
4 6 4 49 45 60 5 5 
3 4 4 41 61 45 5 4 
4 6 5 54 46 63 5 6 
5 5 6 56 44 62 5 7 
5 4 4 66 62 47 3 5 
4 3 4 52 38 57 5 6 
4 4 6 46 63 53 4 5 
3 4 3 40 42 48 5 5 
5 3 4 48 46 43 5 4 
5 4 4 41 54 33 3 5 
4 4 5 55 38 46 4 4 
5 5 5 59 43 40 4 4 
4 5 4 38 52 56 5 5 
6 3 4 59 53 31 4 3 
4 4 4 45 47 69 3 4 
4 6 5 54 42 39 3 3 
5 6 6 48 57 58 5 1 
