8 4950
6 5 5 63 35 61 2 3 
6 4 5 47 56 49 3 3 
4 6 4 26 60 49 4 3 
4 4 5 56 32 51 5 6 
5 5 4 43 81 45 5 5 
4 5 4 45 45 44 5 4 
5 4 5 61 44 47 5 6 
6 4 6 65 51 45 4 5 
4 4 4 44 62 49 3 5 
6 5 5 49 60 31 3 4 
5 4 4 38 41 59 4 6 
4 5 5 53 47 40 4 4 
4 3 3 46 56 38 5 6 
5 5 4 52 52 47 5 4 
5 4 6 60 44 64 3 7 
4 5 5 44 42 54 4 5 
5 6 4 42 39 50 5 4 
4 4 4 62 40 52 4 6 
6 4 5 43 49 41 4 5 
3 6 7 51 62 45 4 5 
3 5 4 42 35 57 5 4 
4 5 4 51 58 42 4 8 
6 5 4 50 46 28 5 5 
4 6 6 48 42 40 5 4 
4 3 4 44 40 54 4 3 
6 6 6 37 62 47 5 5 
5 3 5 51 58 58 5 5 
6 5 5 59 48 31 6 4 
4 6 5 55 58 63 5 4 
5 3 3 72 60 45 5 5 
3 4 5 43 38 59 4 3 
6 6 4 34 51 55 4 5 
6 3 5 55 47 52 6 4 
3 3 5 50 47 55 5 4 
6 5 5 53 40 73 4 5 
5 5 5 50 52 58 4 3 
4 3 3 53 38 52 6 4 
6 5 5 44 66 39 4 6 
4 4 5 35 37 41 2 5 
6 4 4 63 56 49 6 2 
1 5 5 50 37 50 3 6 
7 5 4 48 55 43 5 5 
5 4 3 59 45 33 3 4 
5 3 2 39 72 33 5 4 
4 6 4 59 56 50 5 6 
4 4 7 45 37 38 2 5 
3 4 3 58 26 60 5 5 
3 3 4 68 57 49 5 4 
5 4 5 36 61 34 4 5 
4 5 4 45 57 42 4 5 
5 5 5 49 69 37 3 5 
5 5 5 48 52 41 3 3 
5 5 5 49 52 58 5 6 
4 6 4 51 66 59 6 4 
4 4 5 55 57 58 4 6 
5 4 4 35 52 41 4 5 
3 3 4 38 38 50 5 5 
3 7 5 35 55 44 4 4 
4 5 5 53 50 30 6 4 
4 7 5 52 52 59 4 5 
4 5 4 48 54 44 3 3 
5 5 2 54 48 35 6 4 
4 4 4 42 32 56 7 3 
4 4 6 63 49 36 6 6 
5 4 6 41 55 46 5 4 
5 4 2 43 46 48 5 6 
4 4 5 44 54 49 5 5 
6 4 3 47 56 50 6 4 
6 4 7 47 45 61 6 3 
3 5 3 44 50 50 5 4 
3 4 4 38 42 56 5 3 
6 5 5 46 57 36 3 5 
5 5 5 50 55 45 3 5 
5 6 4 36 47 69 3 5 
3 3 6 53 56 44 1 6 
3 4 5 61 50 58 5 4 
7 3 3 43 45 56 5 5 
5 5 6 58 34 39 2 4 
5 6 4 66 48 49 3 5 
5 3 6 48 55 51 4 3 
5 5 4 59 53 33 5 4 
4 6 5 46 49 46 5 4 
6 4 3 48 50 52 3 5 
5 6 4 37 54 57 6 5 
6 4 6 64 54 60 4 3 
7 4 6 38 70 37 4 5 
6 5 4 33 53 47 6 5 
3 5 3 44 47 47 5 5 
3 4 4 54 47 51 5 4 
5 3 5 44 57 45 6 4 
6 5 5 45 59 51 4 3 
3 4 4 38 55 44 4 5 
5 5 6 45 42 57 3 6 
4 4 3 51 35 37 5 5 
6 6 4 55 38 46 6 2 
5 3 4 54 46 46 6 3 
4 5 4 66 58 60 5 5 
3 4 5 65 44 59 4 4 
5 4 5 52 41 43 5 6 
5 5 3 54 49 43 4 5 
4 5 4 33 43 56 3 2 
4 4 5 56 61 49 6 5 
3 4 4 54 47 41 4 4 
5 4 4 52 58 50 4 3 
5 4 4 53 49 45 5 3 
3 3 4 50 49 32 4 5 
5 4 4 57 33 63 5 3 
5 6 5 44 51 36 4 3 
7 3 5 38 56 58 4 3 
3 3 7 56 52 47 5 4 
5 7 3 60 59 49 5 4 
5 3 4 42 46 71 4 5 
6 6 5 39 45 54 5 3 
5 4 6 54 54 39 6 5 
5 5 5 40 57 61 4 5 
7 6 4 41 48 45 4 6 
4 3 4 50 30 57 4 5 
7 5 5 54 56 52 4 3 
3 5 4 27 38 58 5 4 
4 4 4 34 58 54 6 4 
6 6 4 44 55 34 4 6 
5 3 6 39 51 50 5 4 
6 4 4 34 59 43 5 4 
4 5 6 29 54 39 5 4 
4 3 6 20 54 42 5 5 
4 6 5 67 38 49 5 5 
2 5 4 51 54 54 5 5 
4 3 5 51 64 58 5 5 
7 4 5 56 50 73 5 4 
5 4 5 59 52 46 4 5 
4 4 5 59 35 39 6 5 
5 5 4 58 34 65 7 5 
4 4 4 50 37 47 5 3 
6 2 2 52 49 47 3 5 
3 5 4 66 34 63 3 5 
7 6 5 36 47 49 5 5 
4 5 4 47 59 47 7 4 
6 4 3 44 49 34 5 4 
4 4 5 51 51 55 6 5 
6 7 3 36 47 81 6 4 
5 4 7 48 52 60 6 6 
2 5 4 56 58 43 5 3 
5 4 5 55 46 41 6 5 
3 4 4 47 47 50 4 4 
4 6 4 65 44 58 4 7 
5 4 5 42 69 55 5 3 
5 5 5 55 46 41 4 5 
5 3 5 52 44 52 3 5 
5 5 5 42 54 42 4 4 
4 2 6 27 52 50 2 5 
5 5 7 49 46 52 4 4 
4 4 5 18 48 51 4 5 
4 6 5 53 65 34 2 5 
5 4 4 56 53 46 4 5 
5 7 5 46 49 54 3 4 
6 5 6 48 43 58 4 5 
5 5 4 51 68 39 7 3 
3 4 6 59 35 52 5 6 
5 5 5 50 50 46 5 6 
6 4 4 32 41 36 6 5 
5 6 3 46 51 66 5 2 
4 4 5 44 41 42 6 5 
5 6 4 69 49 33 4 4 
4 4 5 27 64 54 4 4 
3 3 6 35 47 44 4 4 
6 4 3 53 50 39 5 4 
3 3 3 55 40 40 6 3 
5 6 4 57 64 41 4 4 
6 5 5 46 61 55 6 5 
5 5 6 55 43 35 5 2 
4 5 5 28 49 41 5 4 
7 4 4 55 59 38 5 4 
6 4 3 55 47 64 4 2 
6 4 5 64 59 51 4 5 
5 5 7 52 54 51 5 6 
5 4 4 55 46 28 5 3 
5 5 7 42 67 54 3 5 
4 3 3 63 35 51 5 4 
2 3 3 66 43 55 5 5 
7 5 4 47 58 54 5 3 
5 5 3 46 50 41 4 5 
6 3 5 37 31 67 6 4 
4 6 5 40 54 43 6 5 
3 4 5 43 40 36 6 5 
5 3 6 58 52 38 5 4 
6 4 3 53 33 51 4 4 
3 3 3 55 51 51 3 4 
4 4 5 32 64 30 5 5 
4 5 4 36 39 59 6 5 
4 4 6 62 57 60 3 4 
4 5 5 47 27 82 4 4 
5 4 5 59 44 51 5 4 
4 2 4 37 44 42 5 5 
6 3 5 37 55 44 6 6 
4 6 4 52 53 53 6 4 
5 5 7 44 41 48 6 3 
5 3 3 23 51 62 4 5 
4 5 5 52 55 27 6 5 
4 5 2 38 60 42 5 6 
4 5 5 47 55 50 5 4 
4 5 5 40 51 41 7 4 
5 5 6 36 40 46 6 5 
4 4 4 63 63 65 5 4 
5 5 4 37 37 26 5 5 
4 4 3 49 56 46 4 4 
6 5 4 50 49 47 4 4 
4 5 5 42 56 46 4 3 
6 5 4 71 62 54 5 5 
6 4 7 35 51 36 4 7 
4 4 5 48 39 50 5 3 
5 5 3 50 54 42 4 3 
5 5 4 54 76 59 5 4 
4 5 5 52 50 46 3 5 
5 5 4 46 46 33 5 4 
5 3 3 40 34 46 5 5 
3 4 5 57 39 55 5 6 
5 5 4 46 33 39 5 5 
5 6 5 37 55 31 3 4 
5 6 3 61 47 52 3 5 
4 4 5 40 30 53 6 6 
7 3 6 44 59 61 4 3 
3 4 6 60 66 51 3 5 
4 5 4 38 37 48 4 6 
4 5 4 57 48 26 5 4 
4 4 5 48 32 39 4 5 
4 4 6 56 49 44 3 3 
5 4 6 39 58 58 5 5 
5 4 5 65 57 68 5 4 
6 5 5 43 44 58 4 4 
6 4 4 50 38 68 6 7 
3 3 5 54 43 49 3 5 
6 3 5 42 66 52 4 3 
4 4 5 23 57 51 3 4 
4 6 4 62 42 31 4 4 
6 4 3 42 44 46 6 5 
4 4 5 44 51 61 3 6 
3 3 4 33 55 23 5 5 
3 6 4 46 52 42 6 5 
6 5 3 51 47 46 6 4 
6 5 4 40 36 37 6 5 
5 3 4 45 63 55 5 3 
4 3 5 49 44 39 4 3 
4 5 3 52 42 41 4 4 
5 4 5 53 42 72 5 6 
6 5 5 42 59 43 4 4 
4 5 4 45 53 36 4 4 
5 6 5 35 45 44 5 5 
4 5 5 55 53 30 4 4 
6 4 4 69 54 58 4 4 
4 4 6 52 60 53 5 4 
6 3 4 47 41 56 5 2 
4 6 4 50 47 46 6 4 
5 5 4 61 40 49 5 7 
3 5 6 50 26 57 4 3 
7 2 5 45 50 49 5 4 
3 5 5 52 43 55 5 5 
5 4 5 63 46 50 4 5 
6 2 4 52 56 63 3 5 
4 5 5 38 57 55 4 6 
5 3 4 63 43 59 3 2 
6 5 3 62 32 55 4 6 
5 3 4 56 58 61 3 4 
4 3 6 57 42 54 5 5 
4 4 4 47 45 56 5 5 
4 3 6 52 40 44 4 4 
5 5 4 36 62 59 5 3 
5 4 6 29 47 33 4 4 
4 5 5 42 35 57 5 5 
4 5 5 47 66 65 5 3 
5 4 4 44 55 70 6 5 
4 2 5 61 40 59 6 3 
5 6 4 43 44 39 5 6 
5 7 4 56 54 41 3 4 
4 7 4 26 52 37 4 4 
5 5 4 46 58 45 4 2 
3 6 4 51 38 51 5 4 
4 6 4 48 35 42 4 3 
2 4 5 49 45 62 4 3 
5 5 5 58 56 35 5 4 
4 5 5 43 40 61 4 4 
5 3 3 46 33 36 6 5 
4 3 3 51 59 52 4 5 
5 2 3 73 48 56 4 4 
5 5 5 35 41 57 6 5 
4 4 3 70 46 39 4 4 
5 4 4 46 29 64 6 3 
5 4 4 50 46 51 5 5 
3 4 4 62 45 52 6 6 
5 5 3 53 53 56 5 3 
6 5 5 56 53 54 5 4 
3 3 6 40 36 37 4 4 
5 5 5 54 43 53 4 4 
4 4 4 49 51 53 5 3 
6 6 5 52 49 51 4 5 
5 1 4 37 55 55 4 4 
5 5 4 55 58 54 3 4 
5 4 4 45 39 46 3 4 
5 5 5 31 60 58 5 5 
5 4 4 39 38 42 3 4 
4 6 3 60 61 42 5 3 
4 5 4 44 49 39 6 5 
5 4 5 61 59 58 7 6 
4 5 3 25 47 45 5 4 
4 4 5 38 47 62 4 3 
6 3 4 64 62 33 5 5 
5 4 4 41 42 30 4 6 
5 5 5 48 43 56 7 3 
4 7 3 60 40 54 4 5 
4 7 6 45 35 47 4 2 
5 4 5 38 44 38 5 3 
4 3 5 32 47 43 3 6 
5 6 6 69 38 64 5 5 
4 3 5 32 50 61 4 4 
4 6 4 50 46 65 4 6 
4 5 3 57 37 52 4 4 
4 4 6 45 47 38 3 4 
6 6 6 45 60 41 3 5 
5 4 5 49 58 57 3 5 
5 5 5 47 49 55 5 5 
4 5 6 43 53 60 5 3 
2 6 5 66 46 37 4 5 
5 4 5 57 46 39 4 5 
4 5 3 60 52 48 5 3 
6 5 4 65 62 59 4 6 
4 5 6 48 42 59 6 2 
4 4 3 59 57 71 4 4 
4 5 5 53 40 63 4 4 
3 5 4 55 52 56 3 4 
4 4 5 62 60 62 5 6 
7 5 5 36 49 49 5 3 
4 5 5 60 44 65 5 5 
6 4 5 42 14 56 4 4 
4 5 4 47 57 67 4 5 
4 4 6 49 58 52 5 6 
4 5 4 51 59 36 5 4 
5 6 5 38 57 38 3 5 
4 5 5 28 48 28 4 4 
4 5 4 57 46 51 4 5 
3 3 4 37 42 47 5 6 
5 4 4 57 42 57 5 5 
3 6 7 40 59 47 3 3 
4 5 5 54 57 51 4 4 
3 4 4 50 44 53 5 5 
5 5 5 47 26 54 4 5 
4 6 4 51 75 68 4 7 
2 6 4 49 55 58 4 4 
5 5 5 49 45 31 4 5 
5 4 6 58 45 40 4 5 
5 5 5 48 55 55 5 5 
4 5 5 25 37 35 5 5 
4 4 5 61 45 69 4 4 
6 6 5 68 47 40 3 4 
4 5 7 38 41 54 4 4 
5 4 6 60 43 61 4 4 
4 4 4 41 47 43 4 2 
6 6 5 26 67 54 4 5 
6 4 4 58 61 55 4 4 
5 3 4 54 41 47 6 5 
4 6 7 74 37 48 4 4 
5 5 3 54 41 57 5 5 
4 5 3 38 45 31 5 5 
4 5 7 56 57 65 5 4 
5 4 4 53 61 37 6 3 
4 5 3 42 66 55 5 5 
4 5 5 61 39 56 4 2 
5 5 5 45 67 49 5 3 
5 4 3 29 60 44 4 5 
6 5 6 59 59 50 8 6 
4 6 5 43 47 45 4 6 
5 3 4 32 55 46 6 7 
5 5 4 57 49 62 4 4 
5 4 4 45 50 34 4 6 
4 5 4 61 35 57 5 5 
4 3 6 52 41 32 4 4 
5 6 3 52 53 71 4 5 
4 5 5 56 39 46 4 7 
5 5 5 46 49 46 4 6 
5 3 5 47 57 49 5 4 
4 5 5 52 36 43 4 4 
4 5 6 40 53 52 4 6 
6 4 5 45 39 52 4 5 
5 4 4 41 40 37 5 7 
4 1 3 55 44 39 5 6 
4 5 6 54 64 63 4 6 
2 4 4 55 50 54 5 5 
4 6 4 61 58 62 3 5 
5 5 5 56 64 42 5 6 
6 3 6 47 50 50 5 4 
6 4 5 44 56 40 4 6 
5 3 5 52 50 53 4 5 
5 5 6 46 49 44 6 2 
3 3 4 29 50 59 5 3 
4 4 4 45 36 41 5 4 
3 4 4 45 51 47 5 5 
6 5 5 58 40 58 4 5 
4 3 6 46 36 48 3 4 
6 5 5 63 48 38 4 5 
5 5 4 45 35 47 5 4 
5 5 3 52 46 57 4 4 
4 5 3 58 53 42 3 3 
4 5 4 47 46 31 4 3 
3 4 6 33 39 47 5 3 
3 3 5 46 46 57 5 5 
7 3 5 31 44 54 5 4 
4 5 6 48 57 52 6 5 
5 5 5 53 62 46 4 4 
4 6 3 45 54 43 6 4 
6 5 6 56 56 62 5 4 
3 5 4 35 53 56 5 6 
5 4 5 46 63 48 3 5 
6 5 4 53 39 46 5 4 
4 7 4 49 63 47 5 5 
4 3 5 44 56 44 5 6 
4 3 4 49 39 68 5 5 
5 4 4 58 38 52 3 7 
5 4 6 50 44 67 3 6 
4 4 5 60 42 37 4 3 
5 4 4 48 60 56 6 5 
5 6 4 52 51 28 6 4 
4 5 4 39 44 45 4 5 
4 6 4 46 52 50 3 5 
5 5 3 69 44 45 3 3 
5 5 5 40 44 51 4 6 
4 3 5 38 43 61 7 5 
4 3 3 36 58 49 4 5 
4 4 4 52 70 62 3 4 
5 3 5 41 53 63 7 6 
5 6 4 63 48 35 5 4 
6 4 3 42 53 50 2 5 
4 5 4 25 48 51 6 5 
4 3 4 61 49 56 5 4 
4 5 3 57 50 45 3 4 
5 6 3 62 52 40 5 2 
4 6 5 45 53 47 5 3 
5 5 5 47 50 69 4 5 
3 4 7 50 41 38 4 5 
4 6 4 36 50 36 3 5 
5 5 3 51 36 47 4 6 
4 5 4 39 65 59 4 4 
7 4 4 56 45 53 4 6 
5 4 5 55 43 67 4 3 
6 5 6 65 53 46 6 6 
5 3 5 49 33 70 3 3 
4 5 5 48 78 47 4 2 
4 4 3 36 36 54 5 5 
6 3 4 58 53 35 4 4 
6 5 5 56 66 53 5 4 
4 4 5 55 34 54 5 4 
3 4 3 33 42 47 4 4 
6 3 5 37 34 50 3 4 
6 5 6 40 64 54 7 4 
8 5 6 65 37 64 4 4 
4 5 4 31 50 34 4 3 
3 3 6 50 39 57 5 6 
4 5 3 40 69 39 4 6 
5 5 4 53 44 45 6 5 
4 5 4 29 37 55 4 6 
6 4 5 58 42 77 6 5 
5 5 4 45 59 36 4 3 
5 4 3 57 51 41 4 5 
2 5 5 54 60 43 5 5 
4 6 6 52 49 47 7 5 
5 5 3 50 28 40 4 4 
4 4 5 45 60 54 4 5 
5 6 2 57 49 58 5 4 
4 5 3 56 64 59 5 4 
6 4 6 51 55 42 3 5 
4 3 5 32 34 63 5 4 
4 5 4 50 52 51 6 6 
4 5 3 43 47 51 4 3 
5 4 6 53 47 29 4 6 
4 3 5 56 46 56 5 4 
5 6 5 52 43 50 4 6 
5 4 4 49 61 57 5 5 
3 4 4 46 50 48 6 6 
5 5 5 59 34 48 5 3 
5 2 4 41 54 49 4 4 
5 4 5 64 49 42 5 3 
5 3 4 77 31 49 4 5 
4 6 3 60 47 41 5 4 
4 4 4 54 49 43 5 5 
5 6 5 24 55 46 4 5 
3 4 3 52 56 46 5 5 
3 6 5 30 32 49 6 4 
4 4 6 51 67 45 5 4 
3 2 4 40 54 28 5 5 
4 3 6 56 65 53 6 4 
5 5 4 46 31 55 5 5 
5 5 4 48 24 40 3 5 
4 5 4 46 25 58 5 4 
4 5 2 63 61 42 6 3 
5 5 2 33 61 65 3 3 
4 4 5 55 35 49 4 6 
4 5 4 52 36 53 5 5 
6 4 2 77 49 59 3 5 
4 4 4 47 47 41 6 4 
4 4 6 45 53 54 3 3 
3 3 4 56 50 42 5 4 
4 4 6 45 53 46 3 5 
4 5 3 63 25 46 4 3 
5 4 6 68 49 64 3 6 
3 4 5 64 54 37 4 6 
4 7 5 53 60 35 4 5 
5 6 4 53 35 50 3 3 
4 4 6 44 50 57 4 6 
5 5 4 42 55 52 5 5 
6 4 4 29 49 49 5 4 
4 7 4 43 52 60 4 5 
3 5 6 31 43 58 3 4 
6 4 6 29 41 59 7 5 
4 4 4 48 36 42 5 7 
5 4 4 60 38 44 4 5 
4 5 4 47 54 53 5 5 
5 6 4 38 45 30 4 6 
4 5 3 52 60 55 5 4 
6 5 3 53 63 57 5 3 
3 6 4 52 50 57 5 5 
5 5 4 51 48 49 4 5 
5 4 5 53 61 59 6 5 
3 5 5 52 40 38 4 5 
2 6 4 36 62 56 4 5 
3 4 5 43 47 29 3 5 
3 3 3 46 54 39 5 5 
3 5 4 58 39 45 5 3 
6 4 4 31 50 62 5 4 
4 2 5 62 39 26 4 5 
6 5 4 46 54 69 2 7 
3 7 4 31 62 32 5 2 
5 5 5 50 62 55 5 5 
5 5 4 37 56 48 6 5 
4 4 4 37 45 48 5 5 
3 5 5 52 43 48 6 5 
5 4 4 60 65 48 4 6 
5 5 5 42 51 59 4 4 
3 4 2 39 55 50 3 6 
4 5 4 41 38 48 4 4 
4 6 5 52 55 43 6 5 
4 5 4 44 28 40 3 4 
3 4 6 45 39 47 4 5 
4 4 3 42 48 59 3 6 
3 3 4 35 60 52 5 6 
4 5 5 59 42 55 5 6 
3 4 5 61 51 33 5 3 
7 5 6 52 53 61 5 5 
4 7 3 48 39 68 4 3 
6 5 5 51 33 61 7 7 
3 5 3 50 37 43 4 4 
5 5 5 29 51 60 4 4 
4 5 3 69 61 44 5 5 
4 4 6 50 45 51 5 5 
5 5 3 56 68 54 5 5 
4 6 2 54 52 62 3 4 
3 3 3 59 34 65 6 4 
4 5 4 33 55 55 4 6 
4 7 4 48 60 48 4 5 
6 5 4 48 43 43 6 4 
6 6 4 39 58 45 5 4 
5 4 4 61 51 40 5 4 
4 4 3 38 42 39 5 5 
4 5 5 30 37 46 4 4 
3 4 5 57 59 75 5 3 
5 3 5 47 36 59 5 5 
4 4 3 48 26 41 3 6 
5 4 4 64 36 42 5 5 
4 2 4 55 45 40 3 5 
5 4 4 48 56 56 5 3 
4 4 5 47 47 39 6 4 
3 4 4 65 50 46 3 4 
4 5 6 49 55 57 3 3 
5 5 6 59 25 55 6 3 
4 5 6 49 35 48 5 5 
3 6 5 55 58 62 3 5 
5 3 4 47 50 49 5 5 
4 6 4 55 50 48 4 4 
3 5 4 49 53 54 2 5 
6 4 5 36 55 36 4 6 
3 4 4 62 34 51 4 4 
5 6 5 26 29 36 6 6 
3 5 4 54 53 35 6 5 
6 6 4 35 53 39 6 5 
4 4 4 48 32 52 5 5 
4 5 2 56 39 43 5 4 
4 3 4 42 44 55 4 4 
5 6 6 48 56 40 4 4 
4 5 6 71 61 39 3 4 
5 5 6 40 54 51 4 5 
4 5 5 50 32 39 3 5 
5 4 3 34 56 52 5 4 
4 4 4 54 28 42 5 5 
3 5 4 69 53 54 4 5 
6 5 5 48 46 63 4 4 
4 3 4 40 27 65 8 5 
5 4 5 63 37 51 5 4 
6 3 5 58 36 66 3 6 
3 4 5 42 51 48 5 4 
6 4 3 42 38 46 6 5 
3 3 5 50 32 58 6 5 
5 4 6 60 42 61 4 4 
3 6 2 47 48 75 3 4 
4 6 5 35 52 68 6 4 
6 6 4 49 53 33 5 4 
5 4 6 48 47 46 5 4 
4 7 4 58 51 42 5 4 
3 5 3 45 54 38 4 6 
4 5 6 62 44 41 4 5 
3 5 5 33 44 57 4 5 
5 6 5 42 53 40 6 3 
4 4 5 50 45 46 4 4 
4 3 6 59 45 60 4 4 
5 4 5 59 59 55 5 5 
6 4 5 53 62 48 5 3 
5 5 5 45 35 71 5 4 
3 4 6 59 42 48 3 4 
5 5 5 48 42 61 5 5 
4 4 4 49 54 52 5 4 
3 5 6 49 24 52 3 2 
3 5 4 55 49 52 5 4 
6 5 3 66 52 58 5 4 
4 4 5 59 38 49 5 4 
3 2 5 46 43 48 3 4 
4 5 4 24 56 67 5 3 
5 4 3 60 61 53 5 5 
3 3 5 33 53 50 5 6 
4 5 7 59 43 38 5 4 
5 4 3 66 17 52 6 3 
4 5 3 42 53 51 5 2 
5 5 4 33 41 51 6 5 
4 5 4 55 55 53 3 5 
3 4 5 67 31 61 3 3 
5 6 4 59 32 33 4 4 
6 5 4 69 42 35 4 5 
4 3 3 46 64 35 6 4 
4 4 5 51 80 57 4 4 
4 6 5 54 50 62 3 4 
4 5 5 48 53 64 7 5 
8 5 4 36 51 30 4 6 
5 5 5 58 58 60 4 4 
4 3 4 60 47 50 3 5 
5 3 8 46 47 45 4 6 
4 3 3 44 50 51 5 7 
5 5 4 32 44 37 6 6 
5 5 4 27 39 39 4 3 
3 5 4 48 48 67 4 2 
5 6 5 46 41 50 3 4 
6 4 4 61 38 45 4 5 
4 5 5 41 23 48 3 4 
5 5 6 55 52 55 5 5 
3 4 5 46 34 60 5 4 
4 4 5 55 40 46 6 5 
4 5 3 56 46 43 4 5 
4 5 4 53 53 43 4 7 
6 4 5 41 37 54 3 5 
4 4 4 57 62 44 4 5 
5 4 3 27 58 63 7 5 
3 6 4 53 47 53 5 4 
6 4 4 49 29 42 5 4 
7 5 4 53 38 59 5 4 
5 5 5 47 52 44 7 3 
3 6 2 44 42 46 5 3 
6 6 5 49 49 46 5 4 
5 5 5 44 48 36 5 3 
5 3 5 71 54 48 6 5 
4 4 4 63 51 41 6 5 
3 6 6 77 64 52 6 4 
3 3 5 56 46 51 4 3 
3 4 5 56 60 57 5 6 
6 4 4 59 40 54 5 4 
5 4 3 55 55 50 4 4 
4 4 4 53 64 52 5 4 
6 6 5 63 54 44 3 6 
4 4 5 47 63 55 4 4 
3 5 5 57 35 42 3 4 
4 6 3 43 43 30 5 4 
7 6 4 35 39 44 5 2 
6 4 7 62 49 45 5 4 
7 4 5 48 64 56 5 3 
7 5 4 54 59 53 3 5 
8 3 4 60 41 36 6 4 
3 5 4 71 51 36 5 4 
5 4 3 31 42 53 6 4 
4 6 5 58 62 64 4 4 
5 4 3 60 54 61 4 6 
5 5 5 72 52 56 2 6 
5 4 3 46 41 46 4 6 
6 4 3 46 54 53 4 5 
6 6 5 42 35 37 5 4 
5 3 4 60 51 48 3 4 
7 5 6 52 46 50 4 7 
6 3 7 51 54 65 6 2 
5 4 4 58 43 53 5 5 
6 3 4 51 50 63 6 7 
5 6 5 62 38 43 4 5 
6 4 4 49 55 42 6 4 
4 3 5 39 61 38 4 3 
5 6 4 74 55 58 4 5 
6 5 4 49 55 63 5 3 
6 4 2 54 50 47 5 4 
6 5 5 47 56 55 3 5 
6 2 7 45 61 54 6 6 
4 4 5 67 44 60 5 6 
5 5 4 55 35 45 5 5 
4 4 2 41 66 37 5 3 
3 5 4 65 39 55 5 6 
5 4 5 47 47 55 6 4 
7 5 4 44 35 31 6 3 
5 3 6 47 60 48 6 4 
4 5 7 49 63 50 5 4 
5 4 5 45 58 47 4 4 
4 3 4 33 55 52 4 4 
5 3 4 63 59 37 4 6 
4 3 5 68 40 57 5 3 
4 5 5 28 47 26 5 2 
4 5 5 49 52 47 5 3 
5 6 6 51 42 54 5 7 
5 6 3 65 47 68 5 4 
4 5 4 58 51 54 4 3 
6 3 4 51 50 33 3 4 
5 4 6 51 59 51 4 5 
4 5 5 39 35 36 4 5 
4 3 6 58 48 66 4 4 
3 4 3 65 62 55 4 6 
5 4 6 47 53 32 6 4 
5 5 5 55 40 32 3 6 
6 4 5 45 56 34 4 6 
6 5 2 52 47 51 5 4 
4 4 4 50 62 46 4 5 
4 4 5 61 46 34 5 6 
4 5 3 52 40 35 4 4 
5 6 6 54 36 36 6 4 
6 5 5 56 49 54 3 4 
5 4 5 39 45 40 5 3 
3 3 4 54 49 63 3 4 
5 4 5 61 50 59 5 4 
5 3 5 59 53 47 5 3 
4 4 4 36 51 50 4 5 
5 6 4 54 45 49 5 6 
6 3 4 45 51 65 4 4 
6 5 5 35 43 30 4 4 
4 5 6 50 28 38 6 3 
5 5 4 39 59 41 6 4 
2 2 6 55 54 63 4 5 
5 6 4 44 49 41 8 5 
4 4 5 63 50 50 6 6 
3 3 5 53 51 35 5 4 
5 4 5 45 50 52 6 5 
2 5 4 47 54 64 4 6 
5 4 4 79 54 39 5 5 
7 6 5 57 70 53 4 6 
6 4 4 49 45 62 4 5 
5 5 5 64 38 33 5 6 
4 4 5 42 68 66 5 5 
5 3 4 59 30 48 3 5 
5 6 4 39 59 54 5 4 
6 6 5 36 32 69 5 3 
5 4 5 49 45 40 4 5 
5 4 4 50 46 54 4 4 
4 5 5 65 61 57 5 6 
4 5 3 44 34 51 4 4 
3 5 6 38 57 53 4 3 
5 5 4 31 67 55 4 5 
6 7 6 42 56 51 4 3 
4 5 4 45 40 47 3 4 
4 5 4 47 41 39 5 4 
5 5 4 45 39 42 5 3 
4 6 5 58 47 42 4 5 
4 4 3 52 50 51 5 4 
4 6 3 74 51 67 4 5 
6 3 7 45 63 64 5 5 
5 3 4 56 32 49 6 4 
5 6 5 19 47 69 7 4 
4 4 6 61 33 37 4 5 
4 5 4 52 60 45 4 5 
4 5 4 58 57 44 4 4 
5 5 3 51 73 54 6 5 
5 4 4 44 40 64 5 4 
4 2 4 51 64 50 4 6 
4 6 5 47 47 56 3 5 
3 7 4 56 49 60 6 4 
6 5 3 58 62 58 4 5 
3 5 3 41 43 74 5 3 
4 2 5 48 45 59 4 4 
6 6 4 47 43 54 5 4 
4 5 4 39 59 58 6 6 
3 4 6 65 45 53 6 4 
5 5 6 47 48 32 5 5 
3 5 3 55 39 60 4 5 
4 4 4 57 42 51 4 3 
5 4 2 42 51 63 5 6 
6 5 6 49 50 48 5 5 
4 4 5 60 66 59 5 6 
4 5 4 47 37 57 5 3 
4 5 4 56 37 51 6 6 
4 3 4 47 65 50 5 6 
4 5 5 61 54 44 5 4 
3 6 5 48 50 42 5 4 
4 6 4 38 52 61 6 4 
4 4 4 61 48 38 5 5 
6 4 5 42 57 60 4 4 
6 3 5 47 42 50 5 5 
4 7 5 33 43 48 5 3 
4 3 4 52 39 61 4 3 
3 4 7 54 43 50 2 4 
4 6 5 39 38 53 4 4 
4 5 4 31 59 46 4 5 
5 1 5 47 47 64 5 4 
5 6 4 46 36 64 4 5 
4 7 4 43 44 32 4 4 
6 4 5 44 37 48 6 4 
5 5 5 71 51 42 5 5 
6 5 5 66 41 49 5 3 
6 4 3 57 30 59 5 5 
4 5 6 60 63 53 4 4 
4 4 4 31 49 43 4 6 
5 5 3 37 42 47 3 5 
4 4 5 29 57 55 4 6 
3 3 3 51 41 47 3 5 
4 6 5 54 53 58 5 5 
4 6 6 45 56 51 5 5 
5 5 6 37 63 58 6 4 
6 4 4 56 56 51 5 4 
6 3 5 56 55 46 5 5 
5 6 5 38 41 46 3 4 
4 6 5 60 51 64 4 6 
5 4 5 38 38 27 4 5 
6 4 3 49 63 48 4 3 
4 5 2 59 33 42 4 4 
4 4 5 55 75 54 3 4 
4 4 6 44 59 49 6 4 
5 5 4 57 57 58 4 6 
5 5 4 38 56 48 5 4 
5 6 4 47 70 39 4 4 
5 5 4 41 46 45 5 5 
4 4 4 60 39 43 6 5 
4 5 3 70 55 44 6 3 
4 4 5 62 34 40 5 3 
4 3 4 64 55 49 5 3 
5 4 4 47 26 53 5 6 
4 4 6 29 64 42 5 4 
6 4 4 38 39 52 5 7 
4 6 7 44 39 33 6 5 
4 4 3 46 63 53 4 5 
3 5 4 49 40 36 5 3 
4 5 4 63 51 50 6 4 
5 7 4 39 50 48 4 4 
4 4 5 35 49 50 6 3 
3 5 3 45 57 21 4 4 
5 5 4 30 62 34 4 4 
5 3 5 60 64 43 3 4 
4 3 6 31 46 51 4 5 
6 5 5 37 39 43 3 4 
5 6 5 59 49 49 4 5 
4 5 4 54 35 49 4 6 
5 5 5 50 52 38 5 4 
4 3 3 38 48 59 5 4 
7 5 3 63 39 43 4 5 
4 6 3 51 40 40 4 5 
3 3 5 66 62 39 6 4 
4 5 5 45 37 62 6 4 
6 4 5 54 44 61 5 3 
5 4 5 56 65 42 3 5 
4 4 6 44 28 61 5 3 
5 3 4 44 54 52 4 3 
5 5 4 43 53 51 5 4 
3 4 4 40 50 55 2 5 
3 4 6 39 44 43 4 4 
5 6 3 59 52 50 5 4 
5 6 4 47 36 68 6 4 
6 5 5 44 44 52 5 5 
3 4 4 33 50 33 4 5 
7 4 4 55 46 34 3 5 
4 4 5 56 43 64 5 6 
5 6 4 50 50 60 3 3 
4 3 5 45 47 58 5 5 
4 6 6 53 57 39 5 4 
4 4 5 45 56 54 3 5 
4 5 3 34 66 47 4 4 
5 4 4 46 45 74 5 5 
6 5 6 57 65 47 7 3 
4 4 5 57 71 69 6 4 
3 5 6 64 53 41 5 4 
6 5 4 39 43 60 7 5 
5 4 3 49 56 41 5 5 
6 5 4 47 44 39 5 5 
6 3 4 45 40 48 3 6 
4 5 5 60 69 32 4 5 
3 4 6 44 47 47 5 4 
5 5 5 33 60 68 3 5 
6 4 3 50 35 39 4 5 
4 4 3 52 32 42 4 4 
6 6 4 57 42 54 5 4 
3 5 5 52 65 51 5 5 
4 5 5 55 54 52 5 3 
5 5 4 53 60 65 4 2 
4 6 3 37 43 25 6 6 
4 4 4 51 63 63 2 4 
4 5 3 65 67 45 5 5 
4 4 5 68 35 40 5 4 
3 3 3 50 39 44 3 5 
6 5 6 54 57 48 6 3 
2 4 5 53 50 51 5 5 
5 3 5 44 41 65 6 3 
5 4 5 45 56 34 6 3 
4 4 6 51 48 40 4 4 
4 4 5 45 37 57 6 4 
3 6 5 47 48 48 5 4 
4 4 4 72 59 59 3 5 
3 6 5 39 47 37 6 4 
4 5 5 48 27 57 4 6 
5 6 4 48 49 71 5 6 
4 6 4 38 54 43 6 4 
3 6 5 48 47 51 5 5 
4 4 5 51 61 53 6 5 
3 4 3 43 34 50 5 5 
4 3 5 69 28 68 3 4 
8 6 5 54 47 34 3 3 
3 4 5 54 55 51 4 5 
4 3 4 57 55 48 3 4 
5 3 4 32 51 54 5 5 
4 4 4 59 42 64 3 4 
4 5 5 40 33 42 5 4 
5 6 5 64 63 33 6 4 
3 3 5 58 69 48 5 6 
2 3 2 46 45 63 6 4 
3 6 2 40 50 35 4 3 
3 4 5 52 29 33 4 4 
5 4 6 45 55 43 2 4 
5 4 6 40 56 46 5 5 
5 6 5 42 59 61 5 5 
4 4 6 43 48 48 5 5 
3 4 4 48 37 43 5 3 
5 4 4 45 61 45 3 4 
5 5 4 32 57 56 5 4 
6 5 2 55 56 54 4 5 
6 5 3 45 51 42 5 4 
4 4 2 51 63 46 4 3 
4 4 6 47 42 50 7 5 
5 5 5 40 58 49 8 4 
5 6 4 38 41 43 3 4 
7 5 4 62 40 71 6 6 
4 5 5 33 31 48 5 6 
6 5 4 39 45 65 4 3 
5 4 4 39 51 65 3 5 
4 3 4 54 67 45 3 6 
6 5 5 55 55 42 4 3 
5 4 5 47 46 42 4 3 
4 4 3 62 58 53 4 6 
5 2 6 38 54 60 4 3 
5 2 6 57 55 50 5 4 
4 4 7 59 57 75 4 5 
3 4 3 50 55 47 3 4 
4 5 4 44 62 57 7 3 
6 4 6 55 48 35 3 4 
5 5 4 34 36 44 6 5 
4 6 4 47 35 53 4 5 
4 3 4 48 35 28 5 5 
6 4 3 43 52 48 6 3 
5 6 6 43 47 54 3 3 
4 3 5 32 39 44 6 5 
5 4 4 62 28 45 5 2 
5 7 4 53 41 46 2 5 
3 3 5 53 51 69 5 5 
4 5 4 31 43 52 3 6 
4 5 6 57 56 58 5 6 
5 5 4 66 49 42 3 4 
3 6 4 39 45 53 4 4 
3 3 6 67 48 40 6 4 
4 5 5 48 54 58 3 5 
4 5 6 39 46 47 5 3 
3 5 5 41 45 65 3 4 
2 4 5 56 34 57 5 4 
3 4 3 46 58 53 4 4 
5 5 5 39 48 56 5 7 
3 3 5 53 44 44 6 4 
4 4 4 55 39 61 5 4 
6 4 3 47 64 56 4 6 
5 5 6 49 48 49 4 5 
6 5 4 48 44 56 5 5 
4 3 5 24 49 43 4 4 
4 4 4 42 49 36 5 7 
4 4 3 55 53 53 3 3 
5 5 5 41 48 50 5 5 
5 5 4 51 50 59 3 4 
5 6 5 40 40 49 4 5 
4 5 4 40 61 39 4 5 
6 4 5 43 44 61 2 5 
6 3 5 48 62 61 4 3 
7 3 5 58 42 46 6 4 
7 3 3 47 56 44 5 4 
2 4 7 37 49 45 3 5 
6 5 6 66 52 52 4 3 
5 4 5 56 61 61 6 5 
4 4 4 45 53 38 4 6 
4 5 6 36 56 54 5 2 
3 5 5 59 34 50 3 5 
4 5 4 65 45 44 5 3 
4 5 4 46 44 33 6 4 
4 5 4 63 57 43 4 6 
6 4 3 46 45 68 4 6 
5 6 5 52 45 50 4 5 
2 5 3 45 51 54 5 3 
4 5 3 55 65 44 5 3 
4 4 5 38 57 45 4 4 
4 3 5 61 47 49 5 5 
4 4 5 40 46 54 6 4 
2 3 6 43 49 55 4 3 
7 6 3 41 56 65 5 5 
6 3 4 39 51 57 4 5 
4 5 4 58 58 46 5 4 
4 6 3 36 65 39 4 5 
3 3 6 49 62 69 7 5 
5 5 5 74 44 39 6 5 
4 5 7 79 51 53 6 4 
5 5 3 39 54 39 4 5 
5 4 6 61 45 46 5 4 
4 5 4 50 56 46 5 1 
4 4 5 64 44 58 4 4 
4 5 5 45 58 42 3 3 
5 4 4 55 47 64 4 4 
3 5 6 62 39 58 4 5 
3 4 7 44 60 38 5 4 
6 5 4 53 54 63 4 5 
4 6 4 58 38 54 4 5 
7 3 7 63 56 43 4 4 
3 4 5 44 58 49 4 6 
3 4 3 67 53 48 5 4 
5 4 4 48 51 46 6 5 
7 4 3 36 45 39 4 5 
3 5 5 37 46 44 4 5 
6 5 5 48 63 47 6 4 
4 5 5 51 46 49 4 3 
6 3 6 50 43 49 5 6 
4 6 3 61 61 50 4 7 
5 4 4 39 44 44 2 4 
5 5 6 32 54 47 5 4 
3 5 4 66 59 35 5 4 
4 5 5 62 59 55 4 6 
4 5 4 46 39 57 4 5 
5 4 5 52 38 55 5 4 
4 5 5 49 48 50 7 5 
5 6 3 50 48 57 5 4 
4 6 5 46 25 41 5 4 
5 4 3 71 47 59 5 3 
3 3 5 52 64 52 5 4 
6 5 6 65 49 38 5 5 
5 5 4 34 49 39 3 6 
5 6 5 54 54 68 3 5 
5 4 5 39 42 49 5 3 
4 5 4 31 61 47 5 6 
4 5 5 55 63 56 5 4 
3 5 5 32 47 55 4 6 
4 3 4 55 67 42 5 5 
4 3 5 67 59 54 5 4 
7 4 5 65 62 62 6 4 
3 4 4 62 47 47 4 6 
6 3 6 33 40 54 5 4 
5 4 6 36 30 55 4 5 
5 4 4 43 59 50 4 6 
4 6 3 52 57 60 6 4 
6 5 5 63 52 40 6 4 
4 5 4 37 48 46 5 4 
5 5 3 52 49 49 5 3 
4 6 6 36 50 59 5 7 
5 4 4 40 45 44 2 5 
4 5 4 39 28 39 3 4 
5 4 3 44 39 59 2 5 
5 5 4 47 44 34 6 5 
5 4 6 48 35 44 5 7 
3 5 4 51 54 63 6 6 
5 3 6 52 34 57 4 4 
5 4 2 49 35 31 4 4 
4 5 3 70 48 35 4 3 
3 4 3 44 37 67 3 4 
5 6 5 66 62 54 4 6 
5 6 5 51 50 45 5 4 
6 2 4 64 42 38 5 5 
4 5 5 55 38 73 3 5 
4 5 4 55 48 37 6 3 
6 5 5 42 56 34 5 5 
5 4 5 43 52 50 4 4 
4 4 6 38 57 42 5 4 
6 6 5 43 39 30 5 4 
5 5 5 63 47 55 5 2 
3 4 2 60 54 57 4 5 
3 5 2 46 41 53 6 4 
3 3 4 49 49 36 5 5 
5 4 4 68 39 40 5 5 
5 4 5 57 41 65 5 6 
5 3 4 37 58 40 5 5 
5 4 4 60 32 35 6 4 
5 4 3 33 74 57 5 5 
3 4 5 50 47 48 5 4 
4 6 5 43 31 51 6 5 
4 4 6 41 50 45 4 5 
6 4 4 64 55 40 7 7 
5 6 6 56 39 45 4 5 
5 6 7 48 52 50 6 4 
3 5 5 52 29 49 5 4 
3 5 5 67 59 36 4 4 
3 2 4 49 50 55 4 3 
5 4 4 37 48 42 4 3 
5 5 3 47 55 50 5 4 
6 6 2 62 47 41 4 3 
5 6 4 35 42 51 5 6 
6 5 4 34 33 52 6 4 
5 1 5 68 39 44 3 4 
5 6 4 48 37 44 6 4 
5 6 4 55 51 36 5 4 
4 3 4 69 59 48 6 3 
5 5 6 37 34 31 5 4 
4 4 6 45 47 42 4 5 
5 5 4 53 47 35 4 4 
4 5 4 60 43 38 6 4 
4 5 3 61 45 63 5 6 
5 4 5 35 46 46 4 5 
3 3 5 41 59 44 4 4 
4 5 5 47 52 29 4 5 
6 4 6 58 58 50 4 4 
5 4 3 57 47 43 3 6 
4 5 5 55 31 75 5 4 
6 5 6 60 58 38 3 5 
4 5 5 58 24 48 5 5 
3 5 4 60 20 43 2 6 
4 6 6 50 50 54 4 4 
5 4 3 52 48 48 5 4 
5 5 4 38 50 73 3 5 
4 5 4 49 58 30 5 3 
6 3 6 55 60 55 5 4 
4 5 5 37 59 40 4 5 
4 7 5 49 31 57 6 5 
5 4 7 45 60 56 5 5 
5 7 5 46 62 38 4 5 
3 6 5 48 50 40 5 3 
5 4 5 54 40 40 4 6 
4 5 6 42 39 35 4 5 
3 3 4 62 46 49 4 5 
5 3 3 42 62 30 4 4 
4 4 5 62 42 46 6 3 
6 4 5 46 40 35 6 5 
5 4 4 54 63 53 4 4 
5 3 6 63 51 35 5 5 
5 5 4 51 60 48 6 4 
4 3 3 49 46 49 5 5 
5 4 6 52 38 53 4 4 
3 5 3 58 47 21 5 3 
3 6 5 27 31 53 5 5 
4 5 3 48 44 49 4 3 
3 5 4 47 57 60 6 5 
5 6 5 59 57 47 5 5 
6 3 4 41 43 47 4 5 
3 6 4 55 34 37 3 4 
5 4 4 62 37 59 5 5 
3 5 4 50 39 40 6 5 
3 5 4 39 32 29 4 5 
6 5 6 54 50 52 4 6 
5 6 6 59 51 65 4 5 
3 4 6 50 49 49 3 5 
6 4 6 52 39 44 5 4 
4 5 4 46 52 37 5 5 
3 5 4 36 45 61 5 3 
4 5 4 40 51 47 5 5 
4 7 4 60 42 57 2 4 
4 6 5 39 58 41 3 5 
4 6 5 36 42 32 5 7 
4 4 5 63 57 56 5 4 
4 4 4 52 56 51 5 3 
5 5 4 37 58 52 4 4 
5 6 5 61 48 54 3 4 
5 6 5 56 52 60 5 4 
4 5 6 62 51 38 5 6 
5 4 4 52 62 60 2 5 
3 3 4 45 57 44 4 4 
5 5 4 38 27 52 3 5 
5 3 5 44 26 49 3 5 
4 4 4 43 34 55 4 4 
4 5 5 52 40 42 3 4 
5 4 5 47 49 42 4 3 
4 5 6 53 23 53 4 4 
5 5 4 28 65 37 3 2 
5 3 4 51 30 57 5 6 
7 5 5 48 52 27 4 5 
3 4 5 64 38 38 6 3 
5 7 5 53 37 35 3 4 
6 5 4 51 54 49 7 3 
4 5 6 32 58 50 5 4 
6 5 4 22 66 68 4 3 
4 5 6 45 51 48 4 5 
4 6 4 35 41 37 5 5 
5 3 6 60 75 50 6 5 
3 6 3 43 46 41 6 4 
5 5 4 69 45 57 5 4 
4 4 4 32 56 42 6 5 
4 5 5 67 42 39 3 6 
5 3 5 49 38 55 4 5 
3 4 4 29 42 49 4 4 
6 4 5 46 58 35 4 6 
5 4 4 42 65 41 5 4 
5 3 4 46 37 46 4 4 
6 6 4 46 42 60 6 6 
3 5 6 50 37 61 3 4 
3 4 5 49 56 52 5 4 
5 7 3 51 27 35 6 5 
5 5 4 50 42 59 6 5 
4 6 4 24 54 43 5 5 
4 3 5 52 41 61 4 5 
6 5 3 43 46 44 5 6 
4 3 4 70 45 56 7 4 
4 4 2 56 50 49 5 4 
4 3 6 38 39 50 4 6 
4 4 6 58 73 66 3 5 
4 6 6 54 53 59 4 5 
5 5 4 53 54 70 5 4 
3 6 4 61 30 31 4 5 
4 2 5 57 46 65 3 4 
4 6 5 59 50 35 3 4 
6 4 3 34 26 43 4 4 
3 2 3 58 47 65 4 3 
5 3 4 55 58 59 5 5 
3 5 5 53 60 64 4 3 
4 5 5 43 62 30 4 4 
5 4 4 54 50 51 3 4 
5 5 5 55 55 46 5 5 
4 4 6 44 43 51 6 5 
5 5 5 34 49 57 2 6 
5 3 4 46 31 50 4 5 
4 5 4 61 72 49 4 3 
4 2 3 36 60 48 8 4 
6 6 3 48 46 40 4 5 
4 3 5 47 36 59 5 3 
4 4 4 59 68 43 3 4 
4 3 3 42 53 48 3 6 
4 4 3 45 45 67 4 5 
5 4 2 55 45 52 2 4 
4 4 4 47 42 45 5 6 
5 6 5 45 38 24 6 3 
3 4 3 40 41 70 7 5 
3 4 5 64 58 35 4 4 
4 5 4 59 43 45 5 5 
4 4 5 34 47 37 3 3 
2 5 6 60 66 29 3 4 
4 4 4 42 71 62 5 4 
4 5 4 81 52 39 5 4 
4 5 6 57 51 53 5 6 
5 4 4 39 50 26 4 6 
5 5 5 56 39 54 5 3 
3 6 4 53 66 55 4 4 
6 4 4 53 45 56 4 5 
6 5 6 65 48 40 5 5 
5 2 6 55 51 38 5 4 
6 4 5 30 57 58 6 4 
4 5 5 50 54 52 5 5 
5 4 5 66 48 62 6 5 
5 5 6 62 53 45 5 6 
5 5 3 59 63 42 4 6 
6 3 4 38 57 51 5 4 
5 7 7 55 58 38 6 4 
4 4 4 70 41 55 4 6 
3 4 5 23 57 60 5 4 
5 5 4 54 45 47 4 4 
4 4 5 47 46 57 4 6 
5 4 5 37 59 46 5 4 
4 4 5 52 42 50 5 4 
4 4 5 64 58 44 4 4 
4 2 3 50 65 47 5 5 
2 4 3 48 54 46 5 6 
5 3 5 42 48 48 5 6 
4 3 4 42 34 56 5 3 
3 6 5 59 53 34 6 5 
4 6 4 35 47 62 5 3 
5 4 4 53 51 55 5 5 
5 6 5 57 61 55 4 7 
4 5 3 54 55 42 3 5 
5 6 5 49 55 37 5 5 
5 3 4 28 52 58 5 4 
5 6 3 51 59 51 5 5 
5 4 2 40 47 65 4 4 
5 7 5 56 50 36 5 5 
5 4 3 37 47 60 4 4 
5 6 4 42 55 37 5 5 
6 5 5 45 47 60 4 3 
6 5 5 48 46 60 4 4 
3 5 6 51 62 57 5 4 
4 5 6 19 61 44 5 5 
5 5 5 57 43 49 6 6 
4 3 6 60 34 40 5 4 
4 4 4 42 51 63 5 7 
5 6 5 49 57 59 5 5 
5 5 3 60 48 52 6 3 
4 4 5 49 55 63 5 3 
5 5 4 33 62 56 2 4 
4 4 4 56 52 57 4 5 
3 5 4 25 54 46 4 7 
4 5 4 52 41 51 3 5 
4 3 5 54 52 31 5 5 
5 5 3 36 54 43 5 5 
3 6 4 67 44 42 3 3 
6 6 5 47 51 55 6 5 
5 4 5 61 38 48 5 5 
5 4 3 56 43 49 6 5 
6 5 3 49 59 45 6 6 
4 3 3 43 45 65 4 5 
5 5 4 23 47 68 4 4 
5 4 5 38 58 31 5 6 
6 3 5 31 41 57 4 4 
3 5 5 44 36 43 3 3 
4 6 7 69 51 51 5 5 
4 3 5 66 44 45 6 4 
5 5 5 64 29 57 4 5 
2 4 4 38 49 52 6 6 
5 5 5 53 35 61 4 3 
6 5 6 32 53 26 4 4 
6 4 6 58 45 40 5 4 
5 5 5 56 45 34 5 6 
6 5 4 33 53 40 4 5 
4 5 3 59 53 51 4 5 
7 5 5 49 51 60 5 4 
5 6 4 44 61 58 6 4 
4 5 3 40 34 50 5 5 
4 5 3 53 54 52 6 3 
6 4 4 41 67 49 6 4 
4 5 7 58 50 54 4 5 
4 4 3 58 61 50 4 5 
5 4 4 53 50 30 5 6 
5 6 4 31 52 60 4 6 
5 6 6 32 61 52 5 5 
6 7 5 41 47 46 4 5 
5 6 4 51 47 55 4 5 
3 7 6 45 47 61 4 5 
4 3 4 74 64 36 6 5 
4 2 4 56 61 55 4 2 
3 7 4 42 45 52 4 4 
5 5 3 45 38 38 4 6 
3 5 4 75 67 44 4 4 
4 3 4 50 33 23 3 3 
5 6 5 52 48 65 5 3 
4 5 5 58 58 44 6 5 
4 3 6 53 57 48 4 4 
5 6 5 52 32 41 5 4 
5 4 4 55 44 53 6 3 
5 4 4 31 51 65 4 5 
3 6 3 16 58 58 4 4 
4 3 4 45 40 38 5 3 
5 3 7 61 44 48 5 4 
6 3 3 53 55 56 5 5 
3 5 4 50 47 43 6 5 
5 4 4 42 35 46 4 3 
6 4 1 40 69 37 4 3 
4 5 5 29 44 44 3 4 
6 4 5 40 45 55 3 5 
7 5 5 33 61 51 5 5 
4 4 4 49 55 47 5 5 
4 4 4 43 45 40 3 5 
3 4 6 45 44 52 6 5 
5 7 6 59 51 50 4 4 
3 6 4 44 58 56 4 5 
5 3 4 43 44 39 5 5 
5 4 2 44 50 42 4 6 
4 5 4 56 48 40 5 6 
4 6 5 37 39 32 5 4 
5 3 3 46 48 45 4 5 
4 5 3 65 42 53 4 4 
7 5 2 42 52 38 3 5 
3 6 4 57 61 50 3 4 
5 5 4 62 40 54 3 4 
6 5 3 60 68 51 5 4 
5 4 4 50 51 37 4 5 
3 5 5 21 62 28 3 5 
5 4 3 44 45 48 6 4 
4 5 5 50 45 48 5 5 
5 5 4 40 54 48 4 5 
6 4 5 40 53 34 5 6 
5 7 5 42 52 45 2 6 
4 5 6 59 68 67 4 3 
5 5 5 41 42 67 4 3 
4 6 7 61 63 47 5 4 
3 5 4 48 32 54 3 6 
4 3 5 31 55 46 5 6 
6 3 5 37 33 36 5 4 
2 5 7 54 29 59 4 5 
3 6 5 46 49 60 4 3 
5 5 7 48 49 67 3 4 
5 6 3 61 46 53 5 4 
6 5 4 53 40 44 3 4 
4 5 5 56 52 52 6 5 
4 4 5 55 49 38 4 3 
5 4 5 63 55 60 4 4 
3 3 4 42 38 54 4 2 
5 5 6 54 55 44 5 5 
5 4 5 53 52 36 3 7 
5 5 4 65 50 30 5 4 
4 6 6 61 35 58 6 5 
5 3 5 45 48 42 5 5 
5 5 6 34 65 43 4 5 
4 3 5 65 52 53 5 6 
4 6 3 56 41 46 4 3 
2 4 6 52 53 40 4 5 
5 3 5 52 43 62 3 5 
5 3 4 59 52 39 5 6 
4 4 5 50 46 33 5 5 
4 6 6 42 38 35 3 3 
6 4 5 69 51 43 7 5 
3 4 3 53 48 51 5 5 
4 5 5 60 34 44 6 4 
5 5 5 49 49 30 4 3 
6 3 5 65 59 39 3 4 
3 5 4 56 47 42 4 4 
5 4 5 53 41 54 5 4 
3 3 5 70 67 59 2 2 
3 4 3 47 43 40 4 3 
3 5 5 71 38 72 7 5 
5 5 6 56 49 48 3 4 
4 2 4 60 45 37 6 7 
5 5 4 35 50 44 4 7 
4 5 4 59 42 60 3 6 
5 5 4 35 45 51 7 5 
5 5 4 55 49 55 3 3 
4 7 6 61 41 50 4 4 
4 3 2 36 61 56 4 5 
4 3 6 50 66 51 4 4 
5 4 4 47 64 50 3 4 
5 4 7 48 41 66 5 3 
4 5 5 52 43 39 4 4 
5 6 6 53 41 39 6 4 
4 4 4 45 58 55 3 4 
4 5 4 78 55 26 5 4 
4 4 4 61 43 57 3 5 
6 5 4 58 50 45 4 5 
5 4 4 60 32 49 4 5 
4 3 3 55 53 57 3 5 
4 5 4 45 77 41 4 6 
2 6 2 40 47 41 5 4 
3 3 3 39 35 40 2 6 
4 5 5 61 57 40 4 5 
6 4 5 25 48 49 5 6 
4 6 5 56 65 60 3 6 
4 4 2 47 68 77 5 4 
4 6 4 42 36 57 4 3 
3 3 5 53 23 55 4 2 
5 4 3 57 41 56 7 5 
4 4 4 44 41 48 6 4 
5 3 4 34 41 42 2 5 
4 5 6 37 57 51 4 5 
5 3 4 60 45 45 5 3 
4 3 2 37 42 34 3 5 
3 4 4 53 43 43 2 5 
4 5 2 50 40 39 5 4 
5 6 5 62 50 49 5 5 
4 3 4 60 49 60 6 4 
5 6 6 49 44 59 7 5 
5 4 4 40 26 54 4 4 
5 5 6 45 39 49 4 5 
3 6 5 46 69 50 4 5 
5 4 4 43 49 40 4 4 
6 4 5 42 50 55 6 3 
3 5 4 73 48 37 3 5 
5 7 5 25 40 55 5 5 
5 5 3 48 67 57 5 5 
4 3 6 54 39 24 5 6 
5 3 4 45 45 50 5 4 
4 6 4 46 59 55 5 3 
7 5 3 50 49 38 4 6 
3 6 4 54 59 43 6 6 
4 4 4 65 56 50 6 2 
5 6 5 40 27 37 6 5 
6 4 4 39 64 43 6 5 
3 4 4 70 57 49 6 6 
6 4 7 46 60 49 3 4 
7 5 4 52 48 70 3 5 
5 4 5 53 36 42 5 6 
6 4 4 45 37 46 4 3 
5 6 5 35 46 39 4 2 
4 5 6 45 68 42 4 6 
6 5 4 49 60 70 5 4 
3 5 5 34 33 66 4 5 
5 4 4 43 34 50 6 4 
3 5 5 53 53 52 2 6 
5 4 4 61 57 63 3 4 
4 5 4 51 56 46 4 5 
4 3 6 35 53 68 4 5 
4 4 6 38 35 63 4 5 
4 4 6 26 63 53 5 4 
6 3 6 51 44 48 3 4 
4 4 4 49 54 60 3 3 
5 5 4 60 47 49 6 4 
2 4 6 62 59 54 4 6 
4 3 5 52 64 53 4 2 
3 7 5 41 35 49 6 4 
6 6 4 51 52 42 4 5 
6 6 5 53 49 43 5 4 
5 5 5 42 51 35 4 3 
4 4 5 33 48 43 4 4 
5 6 6 42 61 52 3 4 
4 6 6 64 39 56 3 4 
4 4 4 59 59 51 4 5 
3 5 6 40 53 46 5 4 
3 7 4 53 36 55 3 5 
6 3 4 42 54 48 5 7 
5 4 5 52 48 53 4 5 
5 5 3 28 43 52 4 4 
4 4 6 66 55 53 5 6 
4 6 5 61 40 55 4 4 
4 5 5 52 52 37 6 6 
4 6 4 71 59 50 4 4 
5 3 5 49 51 48 4 5 
5 5 3 60 46 42 5 6 
3 4 5 33 50 32 3 5 
5 5 4 53 62 46 5 6 
4 4 4 60 44 54 5 5 
5 5 2 48 53 53 4 4 
5 4 4 45 49 37 6 5 
5 5 5 56 43 52 5 6 
4 4 2 47 54 53 5 6 
4 5 5 39 67 40 4 4 
3 4 3 36 36 43 5 3 
6 7 4 54 50 37 3 4 
3 3 4 46 32 48 4 4 
3 5 3 47 29 71 3 5 
5 5 5 45 40 51 4 6 
3 4 4 60 52 55 4 4 
4 5 5 37 45 55 6 4 
4 6 5 53 62 49 5 6 
5 5 5 39 51 47 5 5 
3 4 4 60 64 53 4 3 
3 4 3 46 54 31 5 4 
7 4 4 72 38 34 3 4 
6 4 5 62 31 54 5 5 
4 4 5 30 59 40 4 5 
3 6 1 49 47 45 4 4 
5 5 4 68 50 49 6 3 
4 2 3 47 57 47 3 4 
4 4 5 62 64 56 8 5 
8 4 5 29 64 37 6 6 
4 4 5 51 37 39 4 2 
4 5 5 56 54 36 6 5 
4 4 5 41 50 49 5 3 
4 5 3 64 56 56 4 5 
4 5 5 70 51 40 4 5 
3 5 4 44 44 37 4 5 
3 4 6 44 43 40 6 6 
3 3 7 46 36 47 3 4 
4 5 5 54 68 60 6 6 
3 4 5 53 62 52 6 7 
6 6 3 62 57 57 5 5 
4 4 4 45 48 43 5 3 
4 5 7 56 58 46 5 5 
4 5 4 50 42 37 3 4 
4 3 5 47 52 48 3 4 
4 5 3 62 46 47 5 6 
7 4 3 53 69 51 6 6 
4 5 4 43 62 61 5 5 
3 4 4 57 65 38 6 4 
5 5 4 46 65 52 5 4 
6 4 5 37 43 59 4 4 
4 4 5 48 50 41 5 4 
6 3 3 49 47 66 5 4 
4 5 6 42 39 47 5 3 
6 3 6 53 49 42 4 5 
5 3 3 44 63 41 4 5 
5 4 5 73 44 55 3 4 
5 4 5 43 43 64 5 4 
5 6 5 59 60 49 4 4 
3 4 3 70 48 59 4 4 
4 3 5 66 54 42 4 5 
5 3 5 41 42 58 5 5 
5 3 2 23 29 51 5 4 
4 4 5 38 52 56 6 5 
3 5 6 41 51 58 5 5 
6 3 6 54 54 54 5 3 
6 6 5 39 31 38 4 3 
5 6 4 42 21 53 6 5 
5 4 4 41 35 50 4 4 
4 5 6 64 44 55 5 4 
5 4 4 68 44 34 6 4 
5 6 5 63 46 39 5 4 
4 4 5 49 51 42 5 4 
4 5 4 45 49 47 5 4 
5 5 4 39 58 51 5 3 
4 4 3 49 49 42 5 5 
4 5 4 61 62 37 3 6 
6 6 4 37 53 48 3 5 
3 5 5 52 52 32 5 4 
5 3 4 53 36 47 4 5 
4 4 4 43 42 42 5 4 
5 5 4 48 51 51 6 6 
3 4 4 52 40 60 4 4 
5 5 4 37 40 53 7 6 
6 3 4 66 47 31 4 5 
4 4 5 67 44 58 6 3 
6 4 6 50 44 52 7 3 
7 3 4 58 55 45 4 3 
5 4 4 36 68 48 5 3 
3 5 5 32 59 44 5 5 
5 5 5 46 68 39 3 4 
5 7 3 62 40 59 4 5 
4 5 6 53 58 57 3 7 
4 5 4 51 53 58 3 4 
5 4 5 53 68 53 3 5 
4 5 4 50 31 55 3 6 
5 4 2 66 51 48 6 4 
6 4 5 43 46 36 4 3 
5 3 4 44 40 46 5 4 
4 6 6 49 33 48 3 5 
5 4 4 42 54 52 6 5 
4 3 5 59 38 46 4 4 
4 5 5 52 52 54 4 5 
5 3 4 59 52 44 3 4 
5 3 6 61 52 47 4 5 
6 4 5 75 41 46 4 4 
5 3 4 54 64 45 3 4 
3 5 6 51 59 44 4 3 
4 6 7 58 47 41 4 4 
5 4 3 59 47 39 6 3 
3 5 3 49 44 26 6 6 
6 4 4 47 47 41 3 4 
6 4 5 43 53 50 4 5 
5 5 5 53 39 53 5 6 
5 3 4 52 51 66 3 4 
2 3 4 60 62 42 3 5 
5 4 3 51 47 44 4 5 
5 4 6 61 37 65 6 4 
4 4 5 47 24 52 6 6 
3 5 6 62 56 52 6 6 
5 5 4 44 27 61 6 5 
4 4 4 41 52 40 5 6 
3 4 6 37 52 51 6 5 
4 4 6 44 43 43 4 5 
3 5 5 39 52 33 4 3 
3 3 4 56 39 49 6 4 
4 6 5 65 48 38 3 7 
6 5 5 42 45 34 3 3 
5 4 3 71 62 24 5 3 
4 5 5 49 56 59 4 5 
4 6 5 37 54 49 5 5 
3 5 4 34 34 51 3 4 
3 2 4 38 42 64 5 3 
5 4 5 46 47 77 4 6 
3 5 4 49 60 47 5 3 
5 5 4 47 40 51 4 5 
6 5 6 60 72 44 6 4 
4 5 4 66 45 80 3 5 
4 4 5 28 49 61 5 6 
7 6 5 46 67 49 3 4 
3 4 5 35 69 55 5 4 
6 5 5 62 48 58 5 4 
5 5 4 53 50 58 3 4 
6 6 4 41 40 44 5 5 
3 5 5 50 60 51 6 6 
4 5 4 60 46 58 3 5 
5 4 6 34 49 49 3 4 
6 2 5 50 49 49 5 4 
5 5 4 56 48 52 7 4 
5 4 5 53 67 45 4 3 
3 5 5 53 39 48 6 5 
7 5 6 41 51 51 6 5 
5 7 4 69 39 45 6 5 
5 5 5 34 43 33 6 6 
5 5 5 40 43 69 5 6 
6 6 6 46 56 59 4 5 
3 6 4 55 39 50 3 3 
3 3 5 38 51 41 4 6 
3 5 5 38 63 57 4 5 
5 4 3 65 44 58 6 6 
4 5 3 38 44 34 3 5 
4 5 3 62 58 80 6 4 
4 4 4 66 38 53 6 4 
6 6 3 50 51 60 4 3 
2 3 4 55 41 58 5 4 
4 3 3 45 52 59 3 3 
5 5 5 57 51 38 4 4 
6 3 6 68 50 52 4 4 
4 4 4 38 59 41 3 6 
5 5 5 32 43 41 5 4 
4 3 3 43 44 51 4 4 
3 6 5 43 50 59 3 4 
5 5 6 58 47 39 5 5 
4 2 6 41 50 43 3 3 
5 6 4 43 38 36 6 5 
4 6 5 71 41 49 6 3 
4 5 5 62 49 49 4 4 
5 5 3 51 47 58 3 4 
4 5 5 76 59 63 3 5 
5 5 3 49 35 48 3 4 
4 5 5 40 53 52 4 4 
4 3 7 47 49 51 4 6 
5 3 5 50 32 44 4 6 
5 3 3 57 48 66 6 5 
5 6 5 56 42 79 5 4 
4 6 4 45 55 44 5 4 
4 4 5 46 44 47 6 5 
4 6 3 45 49 38 5 6 
8 5 5 54 36 45 3 6 
5 5 4 51 48 61 5 5 
4 4 4 53 63 60 5 5 
5 4 4 46 37 64 5 7 
3 4 5 56 56 47 5 4 
5 4 6 45 30 52 4 5 
5 3 5 52 43 48 5 5 
3 6 4 56 51 46 5 6 
5 5 3 44 58 47 3 6 
5 3 4 49 51 43 5 5 
4 5 5 41 49 50 5 4 
4 3 6 44 42 51 5 3 
4 4 5 59 48 45 4 6 
5 2 5 53 69 54 5 4 
3 7 5 51 42 50 6 5 
6 6 4 49 40 60 5 1 
5 4 5 63 58 54 4 5 
4 5 4 49 47 54 4 5 
3 4 4 57 32 25 5 5 
6 4 4 39 53 54 1 6 
6 4 3 66 33 54 4 6 
6 7 4 36 46 64 5 7 
5 4 4 60 50 48 5 3 
2 4 2 63 51 52 6 4 
4 4 4 41 43 41 4 2 
4 5 4 54 43 53 4 5 
4 5 5 43 52 50 5 4 
3 4 7 36 39 49 3 5 
4 4 7 40 54 22 4 6 
4 6 4 58 59 41 5 5 
5 3 5 49 56 66 6 4 
5 3 6 44 57 59 5 5 
3 5 4 67 60 64 6 3 
4 3 3 54 57 36 4 4 
3 4 5 43 46 46 4 6 
4 4 1 51 51 39 2 4 
4 6 5 52 49 43 3 6 
5 4 5 45 50 47 6 4 
5 4 4 41 48 54 5 5 
6 4 3 63 47 44 4 5 
2 5 6 48 44 57 6 3 
3 5 4 48 51 42 5 7 
5 4 5 35 65 45 6 5 
4 4 6 53 36 49 6 4 
5 3 5 46 30 50 6 5 
6 5 5 43 41 52 4 6 
4 4 4 61 32 58 3 4 
4 4 5 38 65 54 3 6 
5 5 5 57 62 41 3 4 
5 4 4 57 41 46 5 3 
3 5 5 57 32 58 5 5 
1 3 6 32 41 41 4 4 
4 4 5 48 53 46 4 6 
5 5 4 49 63 45 4 3 
4 5 3 45 52 57 4 5 
5 4 3 50 43 59 5 5 
4 4 5 34 47 43 4 6 
4 5 4 46 52 52 5 4 
5 3 4 53 79 48 7 4 
6 5 3 41 42 39 4 4 
5 5 6 37 47 50 5 5 
4 3 5 43 50 41 2 5 
5 5 4 62 39 49 5 5 
3 4 5 60 44 32 3 6 
4 4 4 37 59 56 4 3 
6 4 3 52 44 64 5 5 
5 5 4 45 48 57 3 6 
6 5 4 60 57 36 5 5 
5 4 4 56 54 21 6 3 
4 6 5 31 65 56 3 3 
6 6 5 29 30 36 5 4 
5 5 5 65 49 59 4 4 
2 4 4 60 52 52 5 6 
3 3 5 43 35 55 6 5 
4 3 4 41 51 55 4 4 
6 5 5 39 45 50 3 6 
5 7 5 62 44 46 4 3 
4 6 4 47 57 41 4 5 
4 4 5 55 72 53 5 4 
3 5 3 42 68 50 6 5 
6 4 4 44 67 35 4 5 
4 6 4 38 39 51 5 4 
4 4 3 52 32 42 4 6 
7 7 5 46 66 45 5 4 
5 4 5 68 50 67 5 5 
5 7 6 57 61 48 4 4 
4 5 4 39 53 50 4 4 
5 4 4 46 53 71 5 5 
5 5 3 34 38 56 3 3 
5 4 3 60 20 39 6 7 
4 3 4 57 40 52 4 5 
4 3 4 30 56 52 3 6 
5 4 5 56 52 44 4 3 
4 5 5 74 70 54 5 4 
5 4 4 49 18 30 4 5 
6 5 7 56 42 54 6 5 
5 4 4 46 44 66 6 5 
3 4 5 69 46 60 5 4 
5 6 5 68 57 63 4 5 
4 3 3 46 45 37 3 4 
4 4 6 65 51 32 4 4 
6 5 5 56 44 70 4 5 
3 4 4 59 60 52 3 4 
2 4 5 32 44 40 4 5 
4 5 3 62 58 53 4 5 
4 3 5 73 50 63 6 3 
6 3 5 42 37 62 4 5 
4 4 4 60 46 51 4 4 
4 4 5 52 70 47 4 5 
7 4 4 64 59 51 3 6 
4 5 3 49 44 43 4 4 
5 4 5 46 46 40 4 4 
2 4 5 57 42 48 5 4 
5 5 3 45 52 68 5 4 
5 5 4 54 49 56 5 6 
5 5 4 48 47 28 4 4 
6 5 6 62 46 46 6 4 
6 3 3 55 52 44 7 5 
4 3 6 35 47 61 5 5 
3 3 4 86 49 52 5 4 
3 5 7 46 55 41 5 7 
3 5 5 54 53 45 5 6 
3 4 3 65 69 58 3 5 
4 5 4 60 55 38 5 4 
4 4 4 44 54 47 7 6 
5 5 5 54 29 60 3 5 
3 5 2 77 49 53 5 4 
5 6 5 55 71 44 4 4 
5 4 6 52 62 54 4 2 
5 6 5 31 47 45 4 5 
3 3 5 50 33 53 5 5 
6 6 5 50 35 55 4 6 
3 4 4 55 70 38 4 5 
3 4 6 54 53 49 5 3 
4 4 5 40 52 59 3 6 
4 6 5 60 38 65 5 5 
3 6 5 45 53 48 5 6 
5 6 6 54 47 52 3 3 
5 3 3 54 42 50 5 5 
4 3 4 55 42 53 4 5 
4 3 5 42 46 45 5 3 
5 3 5 53 65 59 3 3 
2 4 4 51 62 40 4 5 
4 5 5 38 54 44 4 4 
5 5 3 37 47 54 4 4 
4 5 4 70 42 49 5 3 
4 4 4 41 46 51 5 5 
3 3 3 55 50 41 4 5 
5 5 5 51 57 35 5 5 
4 6 5 43 55 49 6 3 
5 5 5 39 43 51 5 4 
5 3 3 60 47 44 5 5 
4 4 7 48 63 41 6 4 
4 4 3 43 54 39 5 3 
3 6 3 65 52 37 5 4 
4 5 6 61 44 56 5 7 
5 4 6 49 71 35 5 4 
4 6 5 49 58 49 6 3 
6 4 5 47 36 56 5 4 
5 5 4 48 54 65 5 8 
4 3 5 22 47 48 5 3 
6 5 5 41 47 55 4 5 
5 5 3 48 56 44 5 4 
5 4 5 63 74 54 5 5 
4 3 5 73 41 70 4 5 
5 5 3 43 50 44 5 4 
5 4 4 52 47 32 5 4 
3 6 5 57 61 43 6 4 
4 4 4 41 53 58 4 4 
5 3 2 49 59 30 5 6 
4 5 5 53 72 45 4 4 
4 6 4 45 38 40 3 4 
5 4 4 44 45 59 3 6 
4 5 3 44 76 45 5 4 
3 4 6 57 40 50 6 4 
5 4 6 43 31 55 6 4 
4 7 4 56 53 39 5 3 
6 5 2 43 52 30 3 6 
4 5 6 27 36 59 5 6 
5 7 5 28 45 30 4 6 
2 5 4 46 42 57 5 5 
5 5 4 61 52 62 4 5 
4 4 6 48 58 55 5 3 
3 5 4 57 51 45 6 4 
5 5 5 57 62 50 6 2 
4 5 3 63 51 52 4 4 
4 3 5 54 49 26 4 5 
4 5 5 46 62 41 5 2 
4 5 5 73 45 53 3 4 
6 5 4 39 64 77 3 5 
6 5 4 64 42 59 4 5 
5 5 4 47 45 53 5 4 
5 5 3 36 44 45 7 4 
5 5 4 39 46 30 6 5 
5 3 3 41 49 44 6 4 
4 4 4 50 65 54 4 4 
5 5 5 56 58 49 4 5 
7 5 5 41 56 50 6 5 
3 6 5 56 58 48 6 4 
3 4 3 66 45 51 3 6 
5 5 7 32 42 59 3 4 
4 5 4 52 47 54 4 5 
4 5 3 46 35 34 6 5 
4 4 5 47 53 62 4 4 
3 5 4 43 49 42 4 3 
4 3 5 48 57 53 4 4 
3 4 4 56 47 40 6 7 
5 4 6 62 46 60 6 4 
5 4 4 66 45 64 5 5 
4 4 5 48 58 40 4 4 
4 5 5 33 63 59 4 2 
3 3 4 45 36 45 5 5 
3 3 4 63 69 63 4 3 
5 6 3 36 50 45 4 4 
5 5 4 30 41 42 5 6 
5 4 4 71 43 31 4 4 
5 6 5 40 42 56 5 5 
4 4 4 48 53 51 5 4 
4 4 4 40 42 45 5 4 
5 5 5 44 44 45 6 3 
5 3 5 60 51 44 3 6 
3 6 3 61 52 58 4 4 
5 5 5 54 67 57 5 5 
4 5 6 58 63 66 3 4 
5 3 3 59 52 52 5 3 
5 5 7 45 55 48 5 4 
3 4 3 54 51 52 4 3 
4 5 6 53 35 52 2 3 
7 4 4 74 64 48 5 4 
4 5 6 51 43 36 4 3 
4 3 4 28 50 46 4 5 
6 4 6 58 42 57 5 7 
6 6 4 45 50 40 3 7 
5 4 4 49 65 35 4 5 
4 3 5 52 41 45 5 5 
4 6 3 55 38 44 5 4 
5 5 6 41 30 37 4 5 
4 4 5 64 44 40 2 4 
6 5 6 62 59 35 6 5 
5 5 4 39 53 51 5 5 
6 5 5 74 47 48 4 4 
5 5 7 49 55 57 4 6 
4 5 6 63 54 64 4 6 
2 5 4 46 53 51 6 5 
3 3 4 47 48 43 5 5 
5 5 4 46 43 40 5 6 
4 4 4 33 62 39 5 6 
4 7 3 45 54 52 5 5 
4 5 4 70 43 45 4 4 
5 5 7 50 60 44 5 3 
5 3 4 44 41 38 5 5 
5 5 5 45 57 54 6 5 
5 5 6 49 59 61 4 6 
4 3 5 46 71 39 5 6 
6 4 4 54 48 38 4 6 
6 3 5 53 40 32 5 3 
4 4 5 68 31 50 4 4 
4 5 5 45 49 70 4 4 
3 4 5 57 40 67 4 3 
6 4 4 37 52 48 5 6 
3 4 3 40 42 51 6 5 
4 5 5 51 47 36 5 5 
5 4 5 64 63 58 6 5 
5 4 4 29 18 50 5 5 
4 5 5 45 51 41 5 3 
4 3 4 50 45 51 3 5 
3 6 4 48 46 64 4 5 
3 3 4 46 53 38 5 6 
5 4 5 38 71 45 5 5 
3 4 4 57 50 50 4 4 
4 5 7 70 32 69 7 6 
5 5 4 40 48 59 6 4 
5 4 4 48 58 38 4 5 
4 5 4 43 45 55 5 4 
4 4 3 36 48 47 4 4 
3 4 4 53 41 51 6 4 
4 5 5 58 48 46 4 5 
4 5 6 43 59 39 5 4 
5 5 4 45 54 49 5 5 
5 4 4 53 39 81 5 4 
4 5 5 45 56 48 5 3 
6 4 3 41 36 47 4 6 
5 4 5 53 58 64 4 4 
3 4 5 43 45 41 5 4 
4 5 5 63 37 39 3 6 
6 2 4 63 48 44 3 5 
5 6 4 67 66 42 5 3 
5 4 3 75 47 56 5 6 
5 3 6 38 46 52 3 4 
3 4 3 64 53 62 4 4 
5 3 4 54 48 48 5 6 
5 4 5 55 46 33 5 4 
7 5 5 31 35 49 5 4 
5 4 4 52 54 39 5 4 
8 4 5 47 61 57 3 5 
5 4 4 43 31 48 4 6 
4 3 5 62 58 47 5 3 
4 5 6 57 67 53 6 5 
4 7 5 56 57 29 5 6 
4 4 5 64 48 43 4 4 
5 6 6 58 31 47 3 5 
3 3 4 50 43 52 5 4 
5 4 7 44 48 58 3 5 
4 3 4 75 59 46 5 5 
4 6 4 46 42 47 5 5 
3 3 5 40 34 48 4 5 
5 4 4 28 65 60 5 3 
5 5 5 43 32 55 3 3 
5 4 4 47 41 30 5 4 
4 5 3 64 48 61 5 6 
2 5 4 30 42 69 5 4 
4 5 5 52 63 61 4 4 
3 5 6 63 56 46 3 5 
5 6 4 64 18 44 4 4 
6 4 4 56 49 61 3 5 
4 3 4 47 51 33 6 4 
5 2 4 39 60 40 7 4 
5 6 5 31 37 41 5 5 
2 4 6 46 39 41 5 3 
2 5 2 59 70 43 7 3 
5 4 4 50 50 45 6 5 
4 5 4 73 42 49 4 4 
6 5 5 32 37 42 4 5 
4 4 4 32 54 54 4 6 
4 1 5 65 69 57 3 4 
4 3 6 50 36 65 6 5 
5 6 6 55 49 72 4 3 
5 4 6 54 52 51 4 4 
6 3 5 60 59 63 5 5 
4 4 4 35 40 46 4 5 
7 3 4 61 54 50 3 6 
4 3 5 62 54 54 4 6 
4 4 5 46 54 48 5 6 
4 5 7 35 53 53 3 2 
4 4 4 57 30 52 4 5 
5 5 5 52 32 39 5 5 
5 5 5 52 58 48 4 4 
4 5 4 66 64 45 5 6 
5 6 6 45 46 48 4 4 
5 5 3 51 43 50 4 7 
3 4 5 48 62 48 4 6 
5 4 5 58 54 52 5 5 
5 5 4 59 54 44 3 4 
3 5 3 49 52 34 4 4 
7 3 5 58 49 51 4 6 
5 5 7 38 42 58 4 5 
6 5 6 69 40 31 6 6 
4 4 3 65 57 54 4 6 
4 7 5 60 36 64 4 5 
4 4 4 44 62 52 3 4 
3 4 5 57 43 54 4 5 
5 4 5 50 45 36 5 2 
3 4 4 38 40 47 4 3 
5 5 4 43 44 54 4 4 
6 6 4 43 58 42 5 6 
4 6 3 51 59 36 4 5 
4 6 4 41 59 52 4 4 
4 4 4 50 65 50 5 6 
6 5 5 51 49 43 5 3 
4 4 5 46 52 50 5 3 
5 4 5 46 47 58 8 3 
4 2 6 42 42 40 5 6 
4 6 3 53 45 39 4 5 
5 5 5 63 28 54 5 6 
4 4 3 55 68 44 5 6 
7 3 3 48 54 43 4 6 
4 7 6 70 30 48 5 4 
6 5 5 60 53 72 5 5 
3 4 7 47 62 52 5 4 
2 4 4 60 55 54 6 5 
4 5 3 44 51 55 5 6 
6 4 3 77 35 58 4 4 
5 5 5 33 54 56 6 4 
5 4 3 43 52 47 4 5 
5 3 3 52 75 61 4 5 
4 4 5 57 66 47 6 4 
4 5 4 44 38 52 5 3 
3 3 4 51 37 50 3 4 
4 5 4 56 37 67 4 5 
3 2 5 37 45 51 6 4 
6 7 4 62 49 63 4 5 
7 4 5 61 44 44 5 2 
4 7 5 46 43 40 5 5 
6 5 5 42 64 31 5 5 
5 6 6 53 43 67 6 5 
4 4 3 56 55 56 4 5 
4 3 5 45 37 47 5 4 
5 4 4 87 45 43 6 4 
4 5 5 48 57 61 4 3 
4 4 3 60 57 54 5 5 
3 5 4 52 47 71 6 3 
4 4 4 28 44 41 4 5 
4 6 3 62 36 53 4 5 
3 4 3 47 62 52 4 5 
6 5 4 48 54 52 2 4 
3 5 2 59 65 49 4 5 
4 5 5 44 49 62 4 4 
6 5 5 51 62 52 4 5 
5 4 3 66 38 50 6 4 
3 4 4 46 52 47 4 4 
5 5 5 55 66 47 5 4 
3 5 4 51 54 31 6 5 
6 6 5 43 63 54 3 4 
5 8 5 40 37 56 5 4 
2 6 5 55 50 53 5 6 
4 5 5 37 41 55 5 4 
5 4 5 46 40 32 6 6 
5 4 6 61 53 44 3 5 
6 6 4 25 22 72 3 4 
5 3 3 39 41 44 4 5 
5 3 5 52 40 70 5 3 
6 5 3 43 46 38 5 3 
4 5 5 59 56 58 3 4 
4 5 5 51 54 47 4 6 
4 5 4 51 43 37 5 4 
4 5 5 40 58 46 4 3 
5 4 4 54 54 54 5 5 
4 4 4 65 46 54 6 5 
4 3 6 57 50 61 5 5 
4 4 7 49 54 60 5 4 
4 5 4 39 46 64 5 5 
4 5 4 55 57 44 5 4 
6 5 8 35 51 65 7 5 
5 4 5 69 52 51 4 5 
7 5 4 75 53 26 3 6 
4 4 4 59 52 39 5 5 
4 4 4 32 61 55 5 5 
5 4 4 45 67 57 4 3 
4 4 3 61 34 46 4 3 
5 5 5 51 36 49 3 4 
6 6 4 28 54 51 5 5 
6 5 4 45 54 46 4 5 
3 4 5 37 55 44 5 5 
5 4 4 53 31 45 5 4 
4 4 4 37 56 61 5 5 
5 5 4 42 50 47 5 5 
3 4 4 42 55 46 3 5 
5 4 5 29 60 47 3 5 
6 3 5 51 73 72 4 4 
2 3 4 38 27 52 6 3 
4 6 3 40 47 26 6 4 
6 4 3 65 55 58 5 6 
6 5 4 40 37 49 3 6 
5 3 3 70 55 57 4 2 
5 3 4 50 43 65 6 3 
5 5 3 50 43 48 4 5 
4 6 4 34 44 65 5 5 
6 6 2 49 63 47 4 4 
2 6 4 48 63 38 6 5 
5 6 2 46 46 48 2 5 
5 4 4 58 41 75 4 6 
5 5 4 73 62 38 5 6 
6 4 5 57 45 52 7 6 
4 5 6 46 49 64 6 4 
5 6 7 49 45 58 4 7 
4 6 6 60 70 54 4 3 
4 3 6 59 51 58 5 4 
5 4 5 37 46 38 6 5 
4 2 6 22 35 60 5 4 
3 6 4 73 42 62 6 5 
2 3 4 60 44 60 4 4 
5 3 5 35 51 41 4 6 
6 3 7 39 36 54 5 5 
6 3 3 59 64 41 5 3 
5 5 3 60 61 42 4 5 
5 4 3 48 38 51 5 4 
5 4 2 36 56 38 4 5 
4 5 6 37 53 48 5 4 
3 5 4 46 42 57 3 5 
6 3 4 50 30 33 4 4 
6 6 4 54 52 58 4 5 
5 5 4 59 47 62 5 4 
6 4 6 44 53 61 5 3 
5 5 4 41 50 52 5 4 
4 4 3 40 54 48 5 7 
3 4 4 48 59 51 4 5 
3 4 2 66 34 42 5 4 
7 4 5 59 53 51 4 5 
6 4 4 66 58 40 5 4 
6 5 6 52 44 43 4 3 
5 6 5 48 41 67 4 3 
4 4 6 44 42 43 4 5 
4 5 4 48 53 58 5 4 
5 6 4 56 47 48 4 5 
4 4 3 63 69 41 5 6 
5 5 3 50 47 62 5 4 
4 7 5 47 38 47 3 5 
3 5 3 47 47 48 4 3 
5 5 4 37 54 64 5 4 
4 4 3 42 43 42 3 5 
6 4 6 44 47 40 2 4 
5 6 6 62 53 73 2 6 
4 5 5 70 39 44 4 4 
5 4 4 61 62 51 2 5 
5 6 6 51 53 55 6 4 
4 5 6 63 32 38 3 3 
3 4 6 47 54 34 5 3 
6 3 4 50 43 48 5 5 
4 4 5 40 43 27 4 7 
3 4 4 30 47 50 5 6 
3 3 3 53 61 46 3 4 
4 4 6 54 52 39 5 5 
4 5 6 60 52 51 5 5 
5 6 4 30 56 45 6 4 
6 4 3 42 59 34 8 3 
5 4 5 45 44 42 4 4 
4 6 6 57 46 52 4 5 
4 5 5 48 46 43 4 5 
6 6 3 45 47 54 4 4 
6 8 7 61 30 48 4 4 
4 6 4 58 59 58 5 4 
6 5 4 54 41 81 3 4 
3 5 5 40 37 51 5 3 
6 5 3 53 38 56 5 6 
6 4 4 61 32 51 5 4 
4 4 4 63 51 45 4 4 
4 4 6 40 44 66 2 4 
4 4 3 41 49 62 4 4 
4 5 5 71 43 51 4 4 
5 4 4 49 40 38 4 5 
5 4 4 31 40 55 6 5 
5 5 5 52 29 71 6 4 
3 6 4 33 19 67 5 7 
4 3 5 68 50 37 3 5 
4 4 3 67 32 54 5 4 
5 4 2 46 64 39 5 6 
5 4 5 55 52 45 3 6 
6 5 3 44 45 47 3 5 
5 4 3 52 51 40 5 4 
3 3 4 43 37 59 5 5 
5 3 6 53 43 51 5 6 
3 5 4 37 32 62 6 5 
3 4 4 48 54 41 5 4 
5 5 5 38 41 43 2 4 
3 5 4 33 38 49 5 4 
6 5 4 62 50 59 5 5 
5 5 3 58 57 42 4 4 
5 5 3 41 62 49 5 4 
5 4 6 58 51 64 7 5 
5 4 6 60 41 49 4 3 
3 2 4 47 56 51 3 4 
3 6 5 56 37 67 5 4 
4 6 4 44 49 61 4 5 
5 5 5 31 51 41 2 7 
2 5 3 63 52 44 5 5 
5 5 5 57 52 57 4 5 
3 5 3 41 63 49 4 5 
3 4 4 55 32 58 4 4 
4 1 4 49 45 45 5 5 
5 6 5 53 72 59 4 4 
6 5 5 54 58 60 4 4 
4 3 5 36 64 67 1 4 
4 4 5 43 49 51 5 5 
6 3 4 50 50 42 3 5 
7 5 4 60 34 70 5 3 
3 5 5 62 64 53 4 5 
5 3 3 62 53 64 3 6 
5 4 6 55 49 34 4 6 
5 4 4 38 45 51 4 5 
5 4 5 36 55 63 5 3 
4 4 4 47 31 60 2 3 
5 3 4 43 61 55 2 3 
2 6 3 27 43 46 5 3 
4 6 5 43 39 33 5 4 
5 6 4 56 48 41 5 5 
4 5 4 45 64 51 3 4 
5 6 7 40 61 54 6 4 
5 4 5 60 33 53 5 6 
3 5 5 46 34 47 5 5 
3 5 5 25 44 50 4 5 
3 5 5 56 50 32 4 4 
4 4 6 51 39 41 5 4 
3 3 5 52 67 46 5 4 
5 4 5 36 69 60 4 5 
7 5 5 50 60 52 3 5 
6 5 5 66 65 51 4 5 
4 3 3 59 56 45 5 4 
4 6 3 42 47 50 6 4 
3 5 4 44 42 33 4 4 
3 5 5 71 48 38 4 5 
4 5 6 51 35 56 6 5 
6 4 4 34 37 54 4 5 
4 4 5 38 44 46 5 4 
4 6 3 33 50 53 3 3 
5 4 6 41 57 73 5 4 
5 4 3 53 41 37 5 5 
5 5 4 53 35 58 6 6 
4 6 4 50 45 57 3 3 
3 5 4 68 45 52 5 4 
5 4 4 63 62 37 2 4 
5 4 4 60 63 46 5 4 
4 6 5 43 48 57 5 5 
5 6 6 38 43 78 3 4 
3 3 5 54 58 50 2 5 
5 5 5 39 47 48 6 5 
5 4 4 62 57 62 5 4 
3 5 6 47 39 65 4 4 
3 3 6 33 56 60 5 5 
4 4 5 44 39 47 3 5 
5 5 4 51 59 54 6 4 
6 5 5 61 56 39 2 5 
5 4 4 44 41 45 3 4 
4 4 5 54 51 33 3 6 
3 3 5 28 44 41 5 6 
3 4 4 44 45 26 3 4 
5 4 4 46 44 52 6 4 
6 4 8 41 59 50 6 4 
5 3 6 45 46 31 4 5 
4 4 5 60 47 44 6 5 
4 5 5 39 44 36 4 6 
4 4 5 52 43 49 4 4 
4 2 4 49 46 63 4 3 
3 7 4 56 63 60 5 5 
4 7 5 42 42 44 3 3 
3 5 3 35 58 59 5 6 
4 4 3 64 48 56 4 5 
3 6 6 61 50 47 4 5 
4 5 4 49 59 62 5 5 
4 5 6 38 47 72 3 6 
2 5 4 46 34 59 4 3 
5 4 3 59 49 60 4 4 
4 4 4 55 60 67 4 4 
4 4 6 45 63 50 5 3 
3 7 4 60 62 52 3 5 
5 4 3 58 32 58 5 5 
6 4 5 56 58 60 5 3 
3 4 4 47 32 45 4 3 
4 5 5 36 47 55 6 5 
5 3 5 53 48 37 5 4 
5 5 5 47 66 56 4 4 
6 5 4 38 51 34 4 6 
5 4 3 45 36 40 5 6 
4 6 7 63 50 55 4 5 
5 4 5 47 40 49 5 3 
3 6 4 49 46 31 5 4 
4 6 5 47 65 56 3 5 
5 4 5 49 63 59 3 5 
4 5 4 54 60 45 4 6 
4 4 4 50 41 40 6 3 
4 5 3 42 30 50 5 4 
5 5 3 47 60 55 3 3 
4 5 4 49 33 53 4 3 
6 4 5 47 57 60 4 6 
6 4 4 41 47 55 5 3 
5 5 4 38 53 55 4 5 
4 5 5 35 53 60 5 5 
4 5 4 68 54 55 5 4 
5 5 4 40 56 57 6 4 
5 3 6 58 45 47 5 3 
6 6 5 50 66 60 5 6 
7 5 5 51 52 37 5 5 
4 5 5 58 48 59 5 5 
4 4 3 43 64 45 3 5 
4 5 5 44 62 25 5 3 
3 6 4 58 39 57 5 3 
6 5 4 59 54 37 4 5 
5 6 4 56 33 52 6 4 
5 4 5 47 29 41 4 3 
5 5 5 50 44 43 5 5 
5 4 4 45 72 48 5 6 
5 5 4 65 36 43 5 5 
4 5 3 54 34 59 4 5 
4 5 4 54 53 51 5 5 
5 5 3 49 35 39 5 5 
5 5 6 50 58 53 4 3 
7 5 4 54 41 49 6 4 
4 5 5 41 58 48 5 5 
4 4 4 55 69 46 5 6 
3 3 5 45 52 32 4 3 
5 4 5 53 55 47 3 3 
5 7 4 51 58 56 4 7 
5 5 4 46 63 37 6 4 
5 3 5 52 68 43 5 4 
4 5 4 22 53 43 5 5 
4 6 6 41 56 56 6 6 
3 4 4 33 47 40 4 3 
4 6 4 61 45 47 4 5 
5 4 4 62 49 46 4 4 
5 6 4 56 46 44 5 3 
3 6 5 63 44 57 5 6 
5 4 3 74 46 51 4 5 
3 5 4 31 40 55 5 6 
4 5 3 56 49 64 5 4 
5 5 5 43 58 41 5 6 
5 5 4 55 55 44 5 3 
4 5 4 47 44 43 6 4 
5 4 3 43 41 56 6 6 
4 4 5 53 53 66 5 4 
4 5 5 67 62 38 4 4 
5 6 1 47 56 34 2 5 
5 6 5 51 43 58 4 5 
4 4 5 56 69 63 6 4 
6 5 4 54 53 48 6 5 
3 4 3 48 27 55 3 3 
3 5 5 52 28 68 6 5 
5 5 5 62 56 25 5 6 
4 4 5 63 27 43 5 4 
7 5 6 43 53 43 4 4 
5 4 3 43 64 33 7 4 
3 4 5 57 53 68 5 5 
5 3 6 56 53 48 4 4 
4 3 6 72 62 45 5 5 
4 6 4 46 45 50 7 2 
5 6 5 53 54 50 4 4 
3 3 4 54 40 42 6 4 
4 4 5 31 59 38 4 4 
4 3 4 59 53 54 2 4 
4 4 6 49 47 47 4 5 
5 6 5 55 44 46 4 3 
5 4 3 41 55 60 3 4 
4 5 3 25 37 61 4 5 
6 5 5 45 76 35 3 4 
4 5 4 57 37 57 5 5 
5 4 4 48 59 40 5 3 
4 5 3 54 75 52 3 5 
4 4 4 48 45 58 3 4 
5 5 4 52 62 46 5 3 
5 5 5 57 72 55 4 4 
5 6 4 46 39 31 3 5 
5 4 4 39 37 38 4 4 
4 4 5 57 56 57 4 3 
4 4 5 36 62 43 2 5 
5 4 2 38 49 70 3 5 
6 4 4 44 42 55 4 5 
3 4 7 46 62 45 5 5 
7 4 4 56 44 53 4 5 
5 4 5 47 44 60 6 3 
5 4 3 54 31 52 5 5 
3 4 5 51 40 65 4 5 
7 5 6 51 56 40 4 7 
4 5 4 34 43 61 5 5 
4 5 5 48 35 67 4 6 
4 5 5 38 58 33 2 3 
4 4 4 55 56 47 3 5 
4 5 4 63 62 60 4 4 
5 6 6 31 36 47 6 4 
6 4 5 50 34 41 3 6 
4 3 4 60 56 41 5 6 
4 4 5 47 39 68 4 3 
6 3 3 62 45 56 4 2 
7 4 4 49 49 57 4 5 
7 4 6 36 35 56 4 5 
5 5 5 58 48 55 6 6 
5 4 6 49 60 60 5 5 
6 5 6 37 68 47 3 4 
5 5 5 43 54 44 3 4 
4 4 5 51 39 59 4 5 
3 4 3 56 48 39 3 4 
5 5 4 58 61 52 5 4 
5 7 4 44 24 62 5 4 
5 5 6 56 55 63 4 4 
6 2 3 56 45 59 6 5 
5 3 5 47 52 54 7 5 
4 5 4 50 39 59 4 4 
4 5 3 40 50 42 5 4 
4 4 3 67 61 42 5 4 
5 5 4 59 51 39 6 5 
5 2 4 53 45 55 5 4 
5 5 6 60 59 43 6 5 
5 5 3 63 45 44 3 6 
3 4 4 41 48 26 7 3 
5 4 4 56 66 61 3 5 
5 4 3 49 41 50 4 5 
4 6 5 56 26 47 5 3 
7 5 3 40 54 50 5 3 
5 5 3 59 48 55 5 6 
5 5 6 65 56 46 5 4 
4 4 6 58 61 42 4 5 
6 4 4 36 48 54 3 5 
4 5 5 47 57 49 3 7 
5 4 7 51 61 44 6 3 
2 4 5 81 58 49 6 5 
5 4 6 54 73 60 4 3 
5 6 5 51 51 46 5 2 
5 4 3 30 52 51 4 5 
5 5 5 33 67 43 3 5 
4 5 4 51 62 69 4 4 
5 3 5 47 65 48 5 4 
6 5 5 63 39 31 4 6 
5 4 4 55 53 62 6 7 
5 4 5 45 45 49 3 5 
6 4 4 49 46 31 4 4 
3 6 5 58 36 44 4 5 
5 3 4 38 39 72 7 4 
5 5 6 58 31 48 3 4 
3 5 6 53 34 67 4 5 
6 7 4 38 37 61 5 3 
5 6 5 39 59 45 3 6 
3 6 4 54 50 59 4 6 
5 5 4 25 39 51 4 6 
4 4 4 43 49 52 4 4 
4 4 5 59 43 50 4 4 
6 4 4 50 38 53 4 6 
4 6 3 51 52 38 5 4 
4 4 4 37 51 86 6 3 
4 4 5 40 43 51 5 1 
4 6 5 58 54 25 5 6 
3 5 6 34 40 47 5 4 
4 4 5 44 45 54 5 5 
5 4 4 47 68 36 3 6 
4 4 5 62 54 52 6 5 
5 6 3 54 41 43 3 4 
7 6 3 42 70 53 5 4 
4 5 6 47 56 31 4 6 
3 4 4 41 58 28 4 5 
4 5 5 40 52 62 5 4 
4 6 4 59 51 43 5 5 
5 3 5 49 58 41 5 5 
5 5 4 47 40 48 4 5 
5 3 5 53 55 36 5 3 
6 3 5 49 55 61 6 4 
5 3 4 47 50 35 5 5 
4 5 5 52 58 38 3 5 
5 3 3 61 47 38 4 5 
5 6 4 49 40 56 4 5 
3 6 6 47 43 42 4 6 
3 7 3 46 72 52 4 4 
4 7 4 39 61 39 5 4 
6 6 5 43 52 59 6 5 
5 5 5 48 56 43 3 5 
5 5 5 50 63 37 5 5 
5 4 5 58 65 52 4 5 
4 5 4 55 45 56 5 4 
3 3 6 28 58 45 4 4 
4 5 6 33 40 50 4 3 
4 6 5 39 59 48 5 5 
6 4 5 58 55 54 4 3 
4 4 4 42 59 42 5 5 
6 4 5 66 36 57 5 4 
4 5 5 59 41 49 3 6 
6 5 3 50 33 44 4 5 
4 4 5 52 35 81 5 3 
4 4 5 32 57 50 4 4 
5 3 6 28 66 47 4 5 
4 4 6 53 77 54 5 5 
4 8 5 51 52 59 6 4 
4 6 5 49 49 67 2 4 
5 5 4 31 49 53 3 4 
6 4 5 59 59 54 3 5 
4 4 6 50 59 52 6 6 
4 4 7 54 48 59 5 4 
4 4 5 50 59 65 5 5 
4 4 3 50 45 53 4 5 
5 5 6 44 55 46 5 4 
6 5 6 44 47 45 5 2 
4 4 3 55 36 47 3 4 
5 5 5 61 51 48 4 5 
5 5 5 55 52 57 4 5 
3 5 5 41 35 43 5 4 
5 3 8 50 36 42 8 3 
4 5 4 47 64 54 4 4 
5 3 5 46 45 56 6 4 
4 6 4 51 36 53 4 7 
4 6 4 48 35 49 5 5 
4 4 4 58 50 51 5 3 
3 5 4 56 55 59 4 4 
5 5 5 52 45 45 6 3 
4 4 4 32 43 56 5 7 
4 5 5 54 51 39 3 4 
3 5 5 54 45 44 4 4 
3 5 4 52 62 33 4 4 
5 5 4 38 60 50 6 5 
4 3 4 55 47 66 3 4 
4 5 4 41 46 46 3 6 
5 3 5 62 46 50 4 6 
6 3 5 40 39 52 5 3 
2 4 4 67 55 63 4 3 
6 3 4 43 51 34 5 7 
5 5 4 59 74 51 5 7 
4 5 3 32 51 52 5 4 
4 6 6 52 48 45 5 3 
5 5 5 31 48 58 5 6 
4 5 3 35 52 52 5 5 
4 5 4 51 46 44 5 4 
6 3 4 32 49 50 4 6 
5 5 2 44 59 33 5 4 
6 4 4 64 47 59 5 6 
5 5 4 50 66 33 4 4 
3 5 6 46 45 32 5 6 
5 7 4 53 48 34 5 4 
4 4 6 47 53 46 4 4 
5 2 4 57 60 53 6 5 
6 4 6 44 31 49 4 7 
4 5 4 53 42 31 4 3 
6 6 2 46 42 46 5 5 
3 6 5 48 65 50 5 5 
4 6 3 36 42 39 3 4 
5 5 6 45 40 47 6 3 
5 4 4 54 47 57 5 3 
4 3 5 54 61 46 4 5 
4 4 4 50 38 43 4 6 
5 5 5 55 50 33 5 4 
4 3 5 31 38 49 5 7 
4 4 3 50 66 42 4 5 
6 4 4 60 68 39 5 4 
6 6 5 56 51 42 3 3 
5 4 5 52 55 50 5 7 
4 4 6 48 44 56 4 3 
5 3 3 46 67 39 4 7 
3 5 5 45 66 31 4 6 
4 5 5 58 41 54 5 4 
3 4 2 64 41 54 4 6 
5 6 3 44 60 49 5 4 
4 4 3 51 49 47 3 4 
4 3 4 64 57 57 4 5 
4 3 3 55 40 51 5 3 
3 5 5 37 34 48 6 4 
5 5 5 46 66 53 6 5 
3 4 6 51 43 37 5 3 
4 5 5 49 65 51 5 4 
5 4 4 41 43 62 3 4 
5 4 5 68 65 52 4 5 
4 5 4 45 38 45 4 5 
5 4 6 43 41 57 3 4 
3 6 7 58 52 36 4 6 
4 5 5 63 55 46 5 6 
5 6 6 41 41 38 4 4 
5 3 3 39 51 32 5 4 
5 5 4 45 47 45 5 5 
3 4 6 59 55 66 5 5 
5 5 5 35 47 48 5 5 
5 5 5 47 58 58 6 5 
4 4 3 57 33 49 5 5 
4 4 6 26 53 51 5 6 
6 5 5 57 50 36 5 6 
6 5 5 68 47 49 4 5 
5 5 6 45 55 62 4 4 
5 5 2 53 66 47 6 5 
4 4 7 65 32 59 6 7 
3 4 5 70 54 47 6 6 
3 4 4 53 46 58 3 5 
5 4 4 52 56 55 4 6 
4 5 4 39 27 65 4 5 
6 5 5 32 60 56 6 4 
4 4 5 49 62 46 5 6 
3 7 5 35 58 58 6 7 
4 4 4 40 55 47 3 5 
5 4 4 51 45 40 5 7 
5 7 6 48 47 44 4 3 
6 6 4 48 34 63 5 4 
5 4 4 59 53 52 4 5 
5 3 6 32 47 45 4 5 
6 3 2 42 57 53 6 5 
5 4 3 55 57 54 7 5 
5 3 5 48 55 50 5 4 
4 7 4 46 52 52 6 5 
3 4 5 47 40 60 5 5 
4 6 6 39 30 47 6 5 
4 3 5 44 51 43 5 5 
6 6 5 38 57 57 6 5 
3 5 4 34 48 50 4 4 
6 5 6 61 53 62 6 4 
6 5 4 40 42 49 7 3 
2 4 6 54 52 46 3 4 
4 4 4 48 62 71 6 5 
5 6 4 50 46 44 5 5 
4 6 4 56 47 40 3 5 
6 4 4 61 50 52 5 4 
4 6 4 34 47 59 3 4 
4 4 4 48 56 45 5 6 
4 6 4 52 67 56 4 3 
5 7 5 61 60 46 5 5 
2 6 4 44 41 41 4 6 
4 5 4 57 53 37 4 5 
4 5 6 50 58 41 5 4 
4 3 3 69 50 43 5 6 
2 3 4 48 42 49 5 5 
4 3 6 60 43 53 3 5 
5 3 4 34 24 56 6 5 
5 6 4 55 41 32 3 4 
5 5 5 45 56 43 4 4 
5 5 5 30 62 57 5 6 
4 4 4 64 47 41 5 3 
5 4 7 37 46 56 5 6 
5 5 5 68 52 57 4 5 
5 4 4 50 32 45 4 3 
4 3 6 55 42 39 6 5 
5 3 4 37 42 37 5 5 
6 2 5 66 54 57 4 5 
5 4 5 70 47 47 3 5 
4 5 5 59 26 63 3 5 
5 4 3 43 63 47 5 6 
5 6 5 44 54 57 4 3 
5 7 4 56 29 54 5 5 
4 4 3 46 49 39 5 5 
5 4 4 48 62 33 4 2 
5 5 5 54 50 62 5 5 
5 5 4 51 40 68 5 4 
4 5 6 50 69 52 5 3 
4 5 5 49 33 39 4 6 
5 4 6 48 69 34 4 4 
4 5 4 42 45 44 4 4 
5 4 3 48 53 65 5 6 
5 4 5 64 47 46 4 5 
4 4 4 55 41 52 3 4 
4 4 4 45 47 44 3 5 
5 7 5 46 63 27 3 5 
5 5 6 41 44 50 5 5 
5 5 6 64 47 40 4 5 
4 6 4 72 57 38 4 5 
5 3 5 66 74 64 5 3 
5 6 4 48 42 55 4 4 
4 3 3 56 31 37 3 6 
4 4 5 42 42 46 6 4 
4 4 6 55 37 51 3 3 
5 2 4 74 55 48 5 3 
4 5 5 37 56 62 4 5 
5 6 3 53 48 50 3 4 
5 5 6 56 38 56 5 5 
5 5 4 39 63 68 4 6 
5 4 4 39 58 38 4 4 
6 3 4 43 52 36 4 3 
4 5 5 41 34 56 4 2 
3 4 5 47 41 52 6 5 
5 4 5 33 55 59 5 5 
5 6 5 40 35 57 3 4 
6 5 6 40 49 50 4 4 
4 4 4 60 38 44 6 6 
4 3 5 49 49 57 6 4 
4 4 5 49 62 47 5 3 
4 6 4 63 46 54 2 4 
4 4 5 65 41 61 5 2 
5 6 4 61 40 72 4 4 
4 5 5 36 43 60 4 5 
4 6 3 60 56 56 5 5 
4 6 3 52 41 26 3 6 
5 4 4 43 53 57 4 3 
5 4 5 69 49 56 3 6 
5 2 5 54 55 57 5 4 
6 4 5 43 60 56 5 4 
6 4 4 47 53 44 5 3 
4 6 5 39 43 56 5 4 
4 3 4 55 39 61 4 2 
4 6 3 52 44 49 5 5 
5 6 5 46 66 46 5 6 
3 4 5 55 39 60 5 3 
6 5 6 34 46 63 5 5 
4 3 2 44 46 41 4 3 
4 4 3 51 63 66 6 5 
4 4 5 53 50 54 5 5 
5 3 4 40 52 45 5 4 
6 2 6 58 43 43 3 2 
3 3 5 63 36 40 6 4 
6 4 4 56 51 42 3 3 
6 6 5 28 46 16 5 5 
6 4 4 38 38 37 6 6 
4 6 4 50 41 29 6 3 
4 4 3 60 35 66 5 3 
4 3 4 36 47 48 4 7 
3 4 4 46 48 34 5 5 
6 3 5 53 51 38 4 5 
4 5 4 60 54 54 4 4 
4 4 3 60 31 65 4 4 
2 5 4 60 37 57 3 5 
4 5 6 40 44 55 4 4 
3 6 4 50 65 68 3 5 
6 5 6 34 48 38 4 5 
5 5 3 40 50 52 5 6 
6 4 6 61 45 42 5 4 
4 5 4 61 42 39 5 4 
4 5 4 49 37 63 4 7 
5 4 6 45 56 65 4 5 
5 4 4 37 64 50 5 5 
4 4 5 64 47 61 4 3 
2 4 4 48 46 61 5 3 
4 4 5 65 47 33 3 5 
3 6 3 46 45 56 4 5 
3 5 3 48 47 61 5 5 
5 2 6 59 34 39 6 6 
5 5 6 59 53 55 6 4 
4 3 4 56 53 48 5 4 
5 5 3 32 60 50 5 4 
6 4 6 31 47 61 4 4 
7 5 5 46 37 39 4 5 
4 4 5 41 59 39 7 5 
7 4 4 70 39 58 4 5 
4 4 6 48 71 58 5 5 
3 5 7 52 64 55 3 4 
4 3 4 51 53 46 4 3 
4 4 5 60 43 39 6 5 
5 6 4 30 37 38 6 3 
4 4 5 63 47 63 6 3 
4 4 6 52 47 53 5 2 
5 5 6 54 55 51 6 4 
5 4 4 45 57 60 3 4 
3 6 4 55 61 51 4 5 
4 6 5 51 51 52 4 4 
5 5 8 29 59 56 5 5 
5 6 4 54 66 53 4 5 
3 5 6 58 47 54 4 6 
5 5 5 37 48 44 3 5 
4 4 3 53 43 45 3 4 
4 5 4 62 42 50 5 4 
4 4 3 62 42 44 6 4 
4 6 5 45 55 51 3 5 
5 4 5 50 50 42 2 5 
4 3 5 33 51 38 6 4 
5 4 3 42 54 40 4 4 
4 4 5 65 59 52 5 4 
5 3 5 67 49 41 6 4 
5 4 5 62 58 63 4 3 
5 3 4 41 45 37 4 5 
3 4 4 44 46 61 5 6 
4 4 3 60 31 59 5 4 
4 4 3 63 71 40 3 4 
3 5 5 45 42 54 3 4 
4 6 5 37 45 37 4 4 
5 5 5 41 38 55 4 3 
4 5 5 59 63 39 4 5 
5 5 4 40 20 45 5 6 
4 5 3 64 47 72 5 5 
4 6 4 52 52 63 5 4 
6 4 6 43 58 84 5 4 
4 6 4 58 59 48 6 4 
5 4 5 40 39 54 4 5 
6 7 5 51 47 45 4 7 
6 6 2 29 65 53 6 4 
6 4 4 36 50 42 6 4 
5 5 5 45 44 54 5 3 
6 5 4 66 59 31 5 4 
4 4 3 55 55 37 4 3 
5 4 3 47 56 46 6 5 
4 4 5 53 63 56 4 4 
6 5 2 43 45 52 3 4 
3 3 3 53 40 51 5 4 
6 6 7 63 40 39 5 5 
4 5 3 66 48 44 4 4 
4 4 4 51 32 55 5 6 
5 5 3 70 37 45 5 5 
5 4 5 32 48 41 4 5 
4 5 4 34 55 36 8 6 
3 4 5 46 62 63 5 5 
4 5 4 33 53 33 5 4 
6 4 6 45 59 61 3 4 
5 2 3 33 34 63 4 4 
4 6 3 30 42 50 4 4 
7 4 4 49 47 42 4 4 
5 4 5 45 77 58 4 5 
6 4 5 54 43 53 1 7 
4 5 4 56 46 45 4 6 
5 3 5 43 56 44 5 6 
6 4 5 35 44 65 5 4 
3 4 5 35 50 68 3 5 
6 5 4 58 52 47 5 4 
4 3 5 38 36 30 6 3 
7 5 6 31 60 70 2 6 
4 2 6 41 64 59 3 4 
3 5 5 49 33 41 4 5 
3 8 6 64 56 63 5 4 
4 6 6 52 46 40 4 5 
6 5 4 53 57 49 4 5 
4 4 6 48 49 40 4 4 
3 7 3 45 64 54 5 6 
6 4 5 54 58 33 7 6 
5 4 4 48 58 49 5 5 
4 5 3 53 47 40 4 4 
5 5 4 33 51 69 6 6 
4 5 6 52 56 43 5 5 
5 4 3 52 47 59 5 4 
6 4 5 51 52 48 6 4 
3 5 5 62 37 55 4 5 
5 6 7 53 52 56 3 4 
5 5 5 45 35 45 5 4 
4 4 5 42 72 56 4 4 
4 5 4 41 48 55 4 5 
3 3 4 58 47 38 4 6 
5 3 5 52 45 41 3 4 
5 4 4 57 43 37 5 5 
4 5 6 46 48 25 3 5 
4 4 6 64 44 57 6 4 
4 4 4 52 63 47 4 7 
2 6 4 53 61 56 3 5 
6 3 2 45 50 32 5 2 
5 4 6 62 55 63 3 5 
5 6 4 57 53 46 5 5 
6 6 5 60 63 45 5 4 
5 6 5 68 44 38 4 5 
3 4 4 51 42 60 6 5 
5 6 4 38 50 59 4 5 
4 4 5 42 51 39 5 4 
3 4 3 50 52 63 4 5 
3 3 5 55 68 62 4 6 
5 5 4 58 71 47 4 5 
3 6 6 55 50 36 3 4 
4 4 5 57 66 44 5 5 
4 4 5 41 65 50 4 3 
4 4 4 51 38 57 6 3 
5 6 4 83 65 58 6 5 
3 5 5 43 49 55 5 3 
2 5 4 62 59 54 5 5 
6 4 4 44 56 55 3 5 
5 5 4 44 55 35 5 6 
6 5 4 44 52 53 4 4 
5 6 6 55 62 49 7 3 
6 5 4 55 45 37 4 4 
5 5 4 59 64 46 5 5 
4 4 5 54 40 49 3 4 
6 4 4 72 53 38 5 5 
4 4 5 42 62 42 5 5 
5 4 4 55 22 52 4 4 
4 4 4 52 45 59 4 3 
4 4 3 46 61 49 4 4 
4 4 5 64 53 31 4 6 
2 6 4 50 54 38 5 2 
4 3 6 55 62 36 4 4 
4 4 4 43 49 64 4 4 
4 5 4 47 73 63 5 4 
3 5 6 36 60 55 4 4 
3 6 5 59 35 44 4 5 
5 5 7 27 74 66 4 5 
5 5 3 27 45 40 5 6 
2 4 6 49 55 61 4 4 
4 4 5 40 56 49 6 2 
6 5 4 50 59 60 4 6 
6 6 4 52 53 60 4 4 
4 3 5 52 53 46 4 4 
5 3 6 42 37 61 5 3 
4 4 3 51 48 41 6 5 
3 4 4 53 54 67 5 6 
6 4 5 53 58 45 6 4 
5 4 6 48 52 34 4 4 
4 4 4 46 48 38 6 5 
5 3 5 59 51 57 3 4 
6 4 6 46 59 48 5 5 
3 3 3 55 47 68 5 5 
6 5 4 55 36 52 4 4 
5 4 4 62 49 47 5 5 
5 6 4 39 49 42 6 6 
4 5 5 57 52 68 3 4 
6 4 5 25 41 43 4 3 
5 5 3 45 59 53 5 4 
2 5 4 71 42 40 4 4 
5 4 4 42 45 61 4 5 
4 5 6 54 46 67 5 4 
4 3 6 46 52 59 5 6 
4 5 4 43 38 42 7 5 
5 4 6 28 41 56 4 5 
5 3 3 47 53 53 3 3 
6 5 4 37 67 42 4 5 
4 3 4 38 52 74 5 6 
5 5 5 45 52 45 3 5 
6 4 2 41 44 44 6 3 
5 5 4 40 72 47 4 4 
6 5 5 37 55 52 5 6 
5 3 6 49 35 50 5 4 
7 4 4 57 56 65 4 5 
5 5 4 62 48 62 3 3 
5 5 4 37 35 53 3 4 
4 4 4 37 51 57 3 4 
7 5 7 44 67 59 4 4 
4 5 3 35 61 29 2 4 
5 5 4 65 54 55 5 4 
5 3 5 48 67 51 5 4 
2 4 5 41 48 48 4 3 
5 6 5 40 45 48 5 4 
6 5 4 49 55 48 4 4 
4 5 5 41 37 70 5 4 
5 4 4 41 54 54 3 2 
5 4 6 56 48 61 5 5 
4 6 4 29 45 47 4 2 
6 5 4 39 58 59 4 3 
5 6 4 51 40 56 5 5 
3 5 5 47 54 39 3 6 
4 5 5 34 63 71 5 3 
4 5 4 28 55 64 5 5 
4 6 4 49 61 57 5 4 
5 4 6 53 41 46 4 5 
5 4 4 60 63 50 5 5 
6 6 4 62 50 53 5 3 
5 4 6 50 56 56 3 6 
3 4 5 45 34 45 3 5 
5 4 4 53 38 38 3 5 
4 3 5 40 48 58 6 4 
3 5 5 55 46 48 4 5 
3 3 4 48 43 57 3 7 
4 3 3 48 58 35 4 4 
5 4 5 55 62 56 6 3 
5 5 4 42 51 53 5 6 
4 5 5 62 61 43 5 4 
4 4 6 40 37 47 5 4 
4 5 2 46 43 37 6 4 
5 4 4 71 68 57 4 5 
5 5 4 43 48 52 3 5 
5 4 4 50 20 42 5 5 
4 4 5 47 60 42 7 6 
5 6 3 39 45 49 4 6 
3 5 5 45 56 43 5 5 
5 4 4 40 37 73 4 6 
4 5 4 60 71 47 5 2 
5 5 5 46 64 61 5 4 
5 5 5 60 57 35 4 6 
3 2 4 61 59 45 5 5 
4 5 4 63 43 52 6 3 
6 5 5 45 60 37 5 6 
6 5 3 43 54 51 3 4 
4 4 3 55 67 47 3 6 
4 4 5 33 64 35 4 4 
3 5 3 36 37 38 4 4 
3 4 4 62 71 53 5 5 
3 4 5 54 31 53 5 3 
4 3 5 35 53 66 5 5 
3 4 5 63 61 48 4 5 
5 6 5 62 60 73 5 6 
5 3 5 50 42 52 6 5 
5 4 6 67 55 52 4 5 
5 5 5 45 33 41 5 4 
4 4 6 45 53 47 5 5 
6 4 7 42 44 50 3 4 
5 4 4 27 51 41 4 4 
5 4 3 45 40 43 3 4 
4 5 5 54 51 64 2 6 
5 5 4 38 54 57 4 7 
5 5 4 52 52 41 1 6 
5 4 4 40 46 60 4 4 
5 4 4 54 34 60 2 4 
4 5 4 54 42 60 5 5 
4 4 5 65 49 54 5 6 
4 3 5 71 47 24 5 4 
5 3 3 50 50 57 3 5 
3 3 5 50 67 48 6 4 
4 4 4 51 68 52 4 4 
5 5 8 62 27 27 3 5 
6 4 5 50 49 62 4 5 
4 6 4 62 61 70 4 5 
4 4 3 31 38 34 3 5 
4 5 5 41 52 41 6 5 
5 5 5 54 51 65 4 4 
5 4 3 76 66 45 6 3 
3 4 5 46 45 50 3 4 
5 6 5 55 31 60 4 5 
4 5 6 45 41 56 6 5 
3 4 4 55 49 38 5 6 
4 3 4 41 46 39 5 4 
6 5 5 39 38 46 7 5 
4 5 4 58 61 44 5 6 
5 5 5 35 31 45 4 4 
4 4 4 46 59 31 4 4 
5 7 4 57 46 46 5 4 
6 5 4 30 52 71 5 5 
5 4 5 43 49 40 6 4 
5 4 4 58 40 55 3 3 
5 4 3 58 41 53 3 4 
4 4 4 55 45 40 3 4 
7 4 4 38 60 41 5 6 
4 6 5 38 46 44 4 4 
6 4 5 55 38 46 5 5 
5 5 6 42 43 48 4 5 
3 4 4 27 56 35 4 5 
4 4 3 51 58 48 5 5 
7 6 5 40 30 52 4 3 
4 5 4 44 35 42 4 6 
5 5 5 41 38 45 4 3 
5 4 4 40 46 59 5 6 
5 4 3 52 53 60 5 6 
4 3 2 53 43 44 4 4 
3 4 6 58 51 52 4 5 
6 4 4 54 43 60 3 4 
4 4 5 31 61 30 2 6 
4 4 6 36 38 58 4 5 
5 4 6 40 64 36 4 6 
4 3 5 54 52 63 4 5 
5 5 4 56 70 65 6 4 
6 4 3 31 42 52 6 5 
4 5 4 45 23 65 6 4 
3 3 5 62 59 45 5 6 
5 5 5 52 51 52 6 4 
4 4 4 49 46 50 4 5 
5 6 4 23 46 53 4 5 
3 4 6 54 72 46 4 5 
5 5 5 54 64 60 4 5 
6 4 4 53 50 53 5 4 
5 5 4 39 47 42 6 5 
4 5 5 67 47 52 6 2 
5 6 4 47 52 32 3 3 
3 4 5 58 71 59 5 3 
5 5 5 55 49 58 4 5 
3 6 4 55 49 36 5 5 
4 2 3 44 37 55 4 6 
6 4 5 51 45 57 4 3 
3 4 4 40 60 54 5 5 
4 5 3 54 51 46 5 5 
4 4 4 33 52 40 4 6 
5 4 4 48 36 59 4 3 
5 4 4 56 55 47 5 2 
6 5 5 57 53 45 4 4 
4 6 5 33 38 40 4 4 
5 5 4 54 55 57 4 5 
4 5 2 41 67 50 5 4 
5 3 4 43 57 55 5 4 
5 5 5 55 36 44 5 4 
3 5 4 51 41 63 5 4 
5 3 4 56 46 53 3 4 
7 5 5 49 23 57 2 6 
5 4 3 53 44 47 5 5 
6 7 5 73 52 64 7 4 
4 4 5 61 38 39 4 5 
3 4 4 50 46 42 5 3 
4 2 4 38 23 41 4 5 
4 5 6 53 36 56 4 5 
4 6 4 34 36 42 5 4 
4 3 5 78 41 63 5 6 
4 4 5 48 43 48 3 4 
4 5 6 62 37 44 5 3 
5 5 5 48 58 52 6 5 
5 5 5 62 65 56 5 4 
5 4 5 75 34 48 6 3 
5 5 4 44 71 47 3 6 
4 3 4 42 50 45 4 5 
5 4 5 41 57 39 3 5 
5 3 3 51 47 44 4 4 
5 4 6 57 72 48 5 3 
5 6 2 42 54 59 5 5 
6 6 6 47 61 58 5 4 
6 2 4 60 53 53 4 4 
4 5 6 33 50 46 6 3 
6 5 4 54 35 36 3 4 
5 4 5 46 55 65 5 3 
3 4 5 49 67 59 6 5 
5 5 6 55 52 55 5 5 
7 7 4 64 54 55 3 5 
5 4 5 31 45 49 2 2 
4 4 5 39 35 45 4 5 
5 4 6 61 50 28 4 6 
4 6 7 43 34 49 3 5 
4 4 5 37 44 30 4 6 
4 7 4 45 43 49 3 4 
5 4 4 55 62 61 7 5 
6 4 3 60 46 69 3 6 
5 5 6 42 44 51 6 6 
3 4 7 57 33 54 6 6 
5 5 3 50 50 57 5 6 
3 5 4 59 46 28 6 3 
4 5 5 47 38 42 3 6 
3 3 5 64 56 51 5 4 
2 6 6 54 46 58 6 3 
4 3 4 47 60 54 3 4 
4 5 5 67 45 45 5 3 
3 3 4 42 52 36 5 6 
3 5 3 50 33 55 4 5 
5 3 5 49 61 43 3 5 
4 4 6 54 47 48 5 4 
5 6 2 52 29 62 5 5 
6 5 4 49 51 44 3 4 
5 6 5 50 39 58 6 5 
5 4 4 55 58 47 4 4 
5 5 3 46 63 40 4 5 
6 4 6 25 59 34 4 6 
5 5 5 63 64 57 6 6 
5 3 4 58 26 64 5 3 
5 3 5 44 56 64 6 4 
5 5 6 61 61 51 6 4 
4 3 4 41 45 61 4 4 
3 6 3 36 61 64 6 6 
3 4 5 44 31 51 4 4 
3 4 5 66 61 49 5 4 
3 5 3 44 58 51 6 5 
5 4 7 54 41 50 4 5 
5 4 4 43 47 27 3 3 
4 5 3 58 42 60 4 2 
4 5 5 56 38 56 4 3 
3 5 5 47 51 60 5 2 
5 5 5 59 46 51 5 7 
7 6 5 69 48 54 3 6 
4 5 4 60 44 51 4 6 
3 4 3 52 39 49 5 6 
4 4 4 58 25 41 5 4 
5 4 4 52 40 35 4 4 
4 4 5 53 42 61 3 4 
4 5 5 30 54 59 4 4 
5 5 7 40 53 60 4 5 
4 3 5 47 62 57 5 5 
3 5 2 40 50 66 4 4 
4 4 4 55 39 56 5 6 
6 4 5 33 48 53 4 4 
5 2 5 57 51 49 5 5 
3 4 7 44 41 56 4 3 
4 3 5 67 48 52 4 5 
4 4 4 47 53 54 4 4 
5 5 6 60 55 64 4 5 
5 5 7 39 40 60 4 6 
3 4 3 53 58 51 3 5 
5 5 3 40 46 39 4 5 
6 3 7 55 36 35 3 5 
6 5 5 42 48 53 4 2 
6 6 5 23 47 52 4 5 
4 5 5 51 54 48 4 5 
5 2 4 43 48 45 5 5 
5 3 4 38 67 30 4 4 
5 4 4 29 53 53 6 6 
5 3 5 34 49 59 4 4 
6 4 6 50 50 51 5 5 
7 4 4 49 48 59 1 5 
5 3 3 39 65 52 5 6 
5 5 2 52 45 42 4 4 
3 4 5 33 46 47 5 4 
6 4 3 43 46 45 3 4 
4 4 4 40 58 43 4 5 
5 3 3 65 42 49 6 4 
6 5 4 47 41 71 3 5 
5 5 5 62 47 61 3 5 
4 5 3 40 55 52 5 4 
5 3 6 53 50 50 4 4 
4 5 3 46 72 58 5 2 
3 6 3 59 40 62 6 6 
4 4 5 46 54 50 4 4 
3 5 5 31 33 59 6 4 
4 5 6 53 43 57 6 3 
4 6 5 73 36 40 4 5 
4 4 5 41 46 45 4 6 
3 4 5 75 66 50 4 4 
2 6 5 60 37 60 4 5 
4 5 4 42 40 48 3 4 
3 5 4 56 49 52 5 4 
5 4 4 58 39 43 4 4 
4 4 4 33 52 62 5 4 
6 3 4 57 48 45 5 4 
5 4 3 44 48 32 5 4 
4 3 4 21 53 60 7 6 
2 4 5 67 51 56 6 5 
3 4 4 54 72 51 4 3 
3 5 4 50 57 37 5 5 
4 4 4 58 57 43 5 4 
3 5 4 51 48 47 3 5 
5 5 6 51 33 46 5 5 
5 5 4 59 38 36 5 7 
4 6 4 47 59 62 4 4 
5 3 3 37 30 39 3 7 
5 5 7 51 73 57 6 4 
3 5 6 37 56 58 3 4 
5 4 6 24 51 46 5 6 
4 4 3 51 36 37 6 4 
4 4 3 45 54 45 3 5 
5 5 4 40 46 63 3 4 
5 4 2 57 52 52 5 5 
6 4 5 59 53 48 5 4 
4 3 5 53 63 63 4 4 
4 6 3 80 48 49 6 4 
7 3 4 46 51 38 5 7 
6 4 4 45 55 71 5 4 
5 4 7 60 63 55 5 4 
3 5 6 62 52 50 5 5 
5 4 4 69 39 54 5 3 
6 5 6 52 46 43 3 4 
5 4 6 63 46 56 7 4 
4 4 4 30 56 44 5 5 
5 4 3 32 57 50 6 5 
4 3 4 47 51 58 6 4 
5 3 5 47 52 58 4 4 
5 5 3 57 32 50 4 5 
4 6 4 48 32 75 5 3 
6 5 7 53 51 57 5 6 
3 3 5 42 33 52 6 5 
4 4 6 61 47 54 3 5 
6 6 4 23 47 48 3 4 
5 3 5 48 34 49 3 5 
6 4 4 53 52 48 5 4 
5 6 6 49 55 50 5 3 
4 3 4 54 31 60 4 5 
5 4 6 54 35 60 5 4 
4 5 4 43 51 45 3 5 
4 5 4 55 56 51 3 3 
5 6 4 52 32 58 4 5 
6 5 5 46 28 55 5 4 
4 4 6 38 35 27 5 5 
5 5 4 45 54 52 4 5 
6 5 3 58 61 41 3 5 
3 5 5 51 49 28 4 3 
6 5 6 47 48 48 4 4 
3 4 4 60 54 42 4 5 
5 3 5 64 39 63 3 5 
4 4 6 56 28 46 4 5 
7 3 4 56 67 43 6 6 
5 4 4 32 44 46 5 4 
5 6 5 43 36 36 5 4 
4 5 5 39 48 39 5 4 
5 5 4 33 39 64 3 5 
5 5 7 36 51 53 4 5 
6 3 3 52 77 70 4 4 
3 5 5 45 53 53 4 4 
5 5 3 42 41 58 5 2 
4 4 4 45 60 56 6 5 
7 4 4 42 44 57 3 5 
5 4 3 50 52 71 5 4 
3 4 6 39 49 43 6 6 
5 5 5 63 62 53 4 5 
4 5 3 31 51 56 6 4 
3 4 4 59 53 77 4 3 
5 5 2 49 80 54 6 5 
5 2 3 46 66 41 3 4 
4 3 5 46 67 48 5 4 
5 5 5 57 50 45 6 5 
5 5 3 34 44 39 5 5 
4 3 6 52 45 32 4 4 
2 4 6 53 40 42 4 3 
4 5 4 34 55 47 4 3 
2 6 5 27 50 46 6 6 
4 6 4 37 70 74 3 4 
6 7 3 48 33 20 4 5 
4 5 4 44 44 36 4 5 
5 6 5 54 42 45 6 4 
3 6 5 59 37 38 4 4 
2 5 5 41 64 42 4 4 
4 5 6 40 56 59 5 6 
5 5 4 63 43 42 4 3 
4 3 4 37 74 67 5 4 
6 5 5 54 72 22 6 4 
5 5 4 43 24 27 3 5 
6 6 5 56 43 59 5 4 
5 3 4 49 51 24 5 6 
5 4 4 67 39 42 4 5 
5 4 5 61 57 40 4 4 
4 3 4 40 54 36 4 6 
5 4 5 41 63 65 4 6 
4 5 4 51 49 55 4 5 
4 5 5 47 52 72 6 3 
4 5 5 40 41 60 4 4 
4 4 5 55 47 75 4 4 
3 4 3 44 59 62 6 4 
5 6 3 48 75 45 6 5 
5 3 5 52 57 43 5 3 
5 5 4 38 42 49 3 3 
5 3 4 52 49 64 5 3 
6 6 4 25 41 57 5 4 
4 6 5 63 32 45 4 5 
5 5 5 64 41 62 4 4 
5 6 5 38 51 44 6 5 
5 6 5 65 57 37 5 3 
4 6 3 48 52 53 5 4 
5 4 2 31 48 57 4 6 
5 3 5 80 32 50 5 3 
3 5 6 51 77 67 4 4 
4 3 5 59 42 60 6 5 
6 6 5 43 71 53 6 5 
6 3 4 55 56 52 6 6 
4 5 4 41 42 47 5 6 
3 4 5 59 40 44 4 5 
5 4 5 37 53 62 6 4 
5 6 3 55 49 58 5 4 
6 5 5 52 57 43 6 5 
6 5 5 54 43 48 5 4 
5 4 5 38 42 37 2 6 
5 4 4 51 48 47 4 5 
3 4 3 51 70 55 7 4 
5 5 4 35 61 57 3 5 
4 5 4 30 48 50 6 5 
5 2 5 55 40 50 5 2 
4 4 3 40 39 50 3 4 
2 6 4 39 70 53 6 4 
4 3 5 44 46 52 3 4 
5 3 6 67 41 57 6 3 
3 6 4 53 57 41 4 4 
3 5 4 62 32 64 5 3 
4 3 5 57 61 52 4 3 
5 4 5 40 46 46 6 4 
3 3 6 60 55 49 5 5 
6 6 5 41 59 55 3 3 
6 4 5 55 56 65 2 4 
4 6 3 51 45 36 5 3 
5 4 5 58 45 39 6 4 
5 5 6 56 54 44 6 4 
3 2 5 56 52 38 4 6 
5 5 3 29 36 48 5 5 
4 4 4 34 78 55 4 5 
3 5 4 32 68 46 6 4 
6 5 4 32 64 37 6 4 
5 6 6 40 58 50 3 5 
4 5 3 59 33 63 6 5 
3 5 6 38 54 42 6 5 
4 3 5 49 51 52 5 3 
4 4 3 42 61 54 3 5 
5 6 4 66 42 53 2 6 
3 4 4 37 35 42 3 5 
6 5 4 38 52 43 4 5 
3 4 4 44 51 25 5 6 
6 4 4 65 52 51 4 6 
4 5 4 49 55 54 6 4 
4 6 4 52 34 43 4 6 
6 4 7 41 56 38 4 7 
5 4 4 44 42 62 4 5 
6 4 6 58 47 51 4 5 
4 5 6 41 41 65 2 4 
2 4 4 41 47 72 3 3 
4 5 6 63 48 40 4 2 
5 4 6 74 68 43 5 5 
8 4 6 44 60 43 7 6 
4 3 4 52 59 46 5 5 
5 3 2 53 52 54 6 4 
5 4 5 60 54 57 3 4 
4 4 3 61 55 52 5 3 
5 7 5 54 50 46 5 6 
6 5 5 26 51 49 4 5 
6 4 5 49 52 57 6 7 
4 4 4 51 61 36 4 2 
5 6 5 35 41 59 5 5 
4 4 5 39 41 43 5 6 
3 6 7 50 62 58 6 5 
5 4 2 49 46 48 2 3 
5 3 4 39 55 56 4 5 
3 3 5 56 48 48 3 4 
4 4 4 49 56 59 4 6 
4 4 4 42 52 55 5 5 
5 5 6 71 61 58 5 6 
5 5 3 50 40 51 5 2 
6 4 4 52 50 55 4 4 
4 3 5 64 55 50 4 4 
5 4 2 58 44 49 5 5 
3 3 6 62 50 54 4 5 
4 2 3 80 24 56 4 5 
6 5 4 20 57 48 5 5 
3 5 4 46 40 63 6 6 
4 3 4 44 52 32 4 4 
5 5 1 41 33 45 4 6 
4 5 4 44 52 42 3 4 
5 5 4 44 48 46 5 6 
4 5 3 39 55 65 5 5 
3 5 7 33 51 57 5 5 
6 6 5 64 53 50 4 4 
6 5 5 73 54 57 4 3 
5 5 6 39 51 40 4 4 
4 4 4 57 47 62 4 4 
3 5 2 47 52 50 4 5 
6 4 4 47 48 34 4 3 
8 5 5 42 56 55 6 6 
4 4 5 67 37 47 5 3 
6 4 3 48 42 41 5 5 
4 5 3 53 56 40 5 6 
6 5 7 32 63 50 3 4 
5 3 5 45 47 35 5 5 
3 5 3 43 52 54 5 5 
4 2 6 49 51 35 4 7 
4 5 4 48 52 53 5 4 
4 5 5 51 55 58 5 4 
4 5 5 61 44 54 6 4 
5 5 3 58 49 65 1 5 
4 3 6 43 49 60 5 4 
5 3 3 47 54 53 4 6 
6 5 6 60 38 45 4 4 
6 4 5 50 52 51 4 5 
5 4 6 51 58 46 6 5 
5 5 7 47 49 42 4 5 
4 5 3 56 57 36 4 5 
3 4 4 60 61 43 5 6 
5 4 4 21 60 54 6 6 
3 5 4 76 37 64 5 3 
6 6 5 36 52 63 4 3 
3 5 6 38 44 55 3 3 
5 6 5 33 38 52 3 5 
5 4 4 59 45 38 5 5 
5 6 5 67 52 23 4 2 
4 4 6 49 53 45 4 5 
5 4 5 59 56 38 5 4 
5 3 4 48 45 42 6 5 
5 6 3 66 42 71 6 7 
5 4 5 47 58 59 5 6 
3 5 4 58 50 51 4 4 
4 4 4 61 27 45 5 5 
4 4 5 38 50 47 3 4 
5 5 4 44 32 57 5 4 
5 6 6 42 52 58 5 5 
7 4 6 44 58 36 5 4 
3 5 4 65 43 55 3 3 
4 3 4 33 55 51 4 4 
5 5 5 54 54 64 5 5 
4 3 4 47 58 32 4 5 
4 7 5 56 43 40 3 2 
4 4 6 53 50 56 6 5 
5 6 6 46 60 58 5 5 
4 6 3 51 38 52 6 5 
4 5 5 50 62 56 4 5 
4 5 4 40 61 59 5 3 
5 5 5 50 42 55 4 4 
4 3 5 43 61 63 5 5 
4 5 3 45 62 50 6 5 
6 3 4 56 55 39 6 4 
4 5 4 63 56 52 5 4 
4 4 4 46 60 30 4 6 
4 4 4 60 50 52 3 4 
4 4 6 45 56 44 4 6 
5 5 4 63 55 61 5 5 
6 5 4 62 52 74 5 4 
4 6 6 47 34 54 4 3 
4 5 3 57 50 63 4 4 
6 4 6 53 48 51 3 4 
3 4 4 48 55 51 5 3 
4 4 4 43 50 40 5 4 
4 4 5 33 38 54 4 4 
5 5 3 46 46 40 5 5 
5 5 4 40 42 43 4 5 
4 3 5 56 58 57 6 3 
4 5 5 31 43 38 4 4 
4 4 4 69 39 42 4 6 
5 5 4 39 35 37 5 6 
6 4 5 58 50 19 7 4 
6 4 3 38 42 43 4 5 
5 5 5 52 48 41 4 5 
6 4 4 58 40 43 5 4 
5 4 6 60 43 56 3 6 
5 4 5 49 46 47 5 5 
4 3 5 51 61 40 4 5 
5 5 5 40 58 45 4 4 
6 6 4 31 42 62 6 4 
4 3 5 54 58 58 4 5 
6 4 6 63 54 53 5 4 
3 4 4 39 58 47 5 4 
5 3 4 28 61 45 4 3 
3 2 4 61 53 44 5 6 
6 5 5 49 39 55 4 7 
5 6 3 61 49 40 5 4 
4 4 5 63 50 55 3 6 
3 4 4 50 42 32 3 3 
4 4 4 41 54 52 5 3 
4 3 3 50 51 44 4 4 
6 4 4 65 49 59 5 4 
5 4 4 57 41 62 4 5 
3 5 3 49 42 52 3 2 
4 5 6 39 69 27 4 5 
5 3 5 43 57 52 4 4 
6 5 4 43 52 55 6 5 
5 3 5 54 62 36 5 4 
4 2 3 52 50 51 6 6 
6 6 5 46 43 48 4 4 
5 4 3 42 62 41 1 4 
6 2 6 46 39 51 5 3 
5 5 7 70 46 61 4 5 
5 5 5 48 64 57 4 3 
4 5 4 48 32 56 4 4 
4 4 7 47 39 50 4 4 
5 5 4 52 67 33 4 4 
6 5 6 49 52 41 6 3 
4 5 5 47 35 46 5 5 
6 4 5 63 34 41 3 5 
6 5 6 70 37 30 3 2 
5 5 5 54 59 55 4 6 
4 6 4 57 52 31 5 6 
4 5 4 55 57 52 5 2 
3 5 4 44 37 48 2 3 
5 5 4 54 57 36 5 5 
4 3 4 53 60 64 4 4 
5 5 6 50 54 54 3 5 
5 5 5 57 44 45 5 5 
3 5 3 48 45 46 4 4 
4 4 7 48 60 53 4 3 
4 4 5 52 33 46 3 6 
7 5 4 42 56 56 5 3 
4 4 5 57 45 38 5 4 
4 5 3 49 68 37 4 4 
3 4 5 44 43 35 4 5 
5 5 7 37 43 40 4 5 
5 3 3 67 37 25 5 3 
5 5 5 55 49 48 4 6 
4 3 4 67 45 75 5 5 
5 6 5 39 42 45 4 4 
3 6 7 74 69 53 3 3 
5 6 5 48 49 51 5 3 
6 4 5 51 47 42 4 6 
5 4 6 45 40 47 4 5 
6 3 5 57 51 56 3 4 
4 5 5 48 43 67 5 7 
3 5 5 56 46 44 5 4 
4 6 6 52 45 57 5 4 
5 7 5 47 55 51 5 4 
3 5 5 49 63 44 5 5 
5 5 4 48 41 60 3 6 
4 5 4 46 63 60 4 6 
6 3 5 49 56 40 2 5 
2 6 6 67 51 65 5 5 
2 4 7 53 54 65 3 5 
4 5 4 46 53 59 4 5 
3 5 5 48 45 23 5 4 
3 4 6 44 35 58 5 3 
5 4 5 53 48 56 4 5 
4 3 5 39 52 39 6 3 
5 5 5 42 52 46 6 2 
3 3 5 63 38 59 4 4 
4 3 6 48 42 36 5 6 
4 4 4 54 58 30 5 3 
4 3 4 56 57 54 4 4 
6 6 5 41 47 40 4 3 
2 5 4 46 43 52 3 5 
5 2 5 45 39 48 3 4 
5 5 5 39 41 61 4 6 
4 7 6 49 52 55 3 5 
4 4 5 41 37 59 5 4 
4 5 4 34 48 43 7 4 
5 5 5 46 56 47 5 6 
3 4 7 21 41 39 4 5 
3 3 6 48 44 56 4 4 
5 4 5 48 33 46 2 6 
4 4 6 48 49 60 5 2 
5 6 5 26 55 43 3 4 
4 4 4 55 66 38 7 4 
5 4 5 70 46 55 6 5 
5 4 5 41 45 56 6 4 
5 4 4 59 49 34 4 5 
3 5 4 54 45 45 5 4 
6 6 3 55 31 39 4 4 
5 4 7 55 61 57 6 4 
6 4 5 63 46 53 7 6 
4 5 5 29 43 46 5 5 
4 5 6 35 65 53 2 4 
5 5 2 44 52 44 4 5 
4 3 4 55 56 49 7 4 
5 6 5 36 37 44 5 5 
5 6 6 37 66 40 3 2 
2 2 3 49 45 36 3 5 
5 5 4 50 56 41 6 3 
5 5 4 54 42 50 4 6 
4 6 4 35 59 61 4 6 
3 5 6 50 53 41 4 6 
5 5 4 48 73 51 4 4 
3 4 5 37 40 45 5 4 
3 4 5 48 59 47 3 5 
4 5 4 62 49 35 5 5 
5 8 3 47 49 67 3 4 
4 5 6 59 45 46 4 4 
6 6 6 70 48 61 3 4 
6 5 5 40 55 65 3 4 
5 4 5 51 59 68 5 4 
3 4 5 39 56 51 4 3 
4 5 5 34 38 46 3 5 
4 4 3 55 54 49 3 4 
5 3 3 48 36 42 3 5 
5 5 3 46 51 28 5 4 
6 4 4 44 56 53 6 4 
5 6 3 45 39 49 6 5 
5 4 4 54 58 48 7 6 
4 4 4 44 50 59 5 6 
5 4 6 38 55 46 5 4 
4 5 4 67 38 32 6 6 
4 5 7 70 64 57 4 4 
3 5 7 34 59 22 4 5 
4 5 3 64 54 58 3 5 
5 4 6 49 50 50 4 6 
6 4 4 52 48 57 4 4 
4 3 3 77 61 39 5 6 
5 5 5 35 51 38 5 5 
5 6 5 39 43 46 5 3 
4 5 6 48 65 57 6 4 
5 5 6 47 46 34 4 4 
6 5 5 38 49 63 4 5 
4 5 4 54 62 52 6 4 
5 5 4 56 60 47 3 6 
7 2 3 60 31 48 5 4 
5 4 6 47 52 48 5 4 
5 3 4 39 61 55 4 4 
4 7 5 67 55 33 5 5 
3 5 6 56 62 40 5 6 
5 5 6 36 36 46 4 4 
4 3 3 51 37 57 5 4 
5 4 7 54 72 41 5 5 
6 4 4 49 65 60 5 2 
5 4 4 50 50 51 4 6 
4 4 4 52 43 47 5 4 
5 4 5 50 55 61 6 4 
5 5 4 57 47 51 2 4 
4 5 5 47 44 53 6 4 
3 6 5 59 65 44 5 5 
6 5 4 58 45 57 3 4 
3 4 5 51 70 51 3 6 
5 4 5 65 31 64 4 4 
5 3 6 47 46 50 6 3 
4 6 3 40 30 39 7 5 
6 4 6 66 47 43 4 4 
6 2 5 54 55 50 4 6 
4 2 5 43 54 30 4 5 
7 4 6 39 48 55 4 3 
5 5 4 53 62 57 3 6 
4 2 4 50 50 56 6 5 
5 6 5 47 41 57 6 5 
3 3 5 57 65 38 4 4 
5 5 5 43 40 40 5 4 
3 3 4 50 59 41 6 3 
3 3 5 27 52 46 5 6 
4 4 5 48 38 50 3 4 
4 2 5 48 49 54 4 4 
4 3 5 45 50 50 5 7 
5 3 4 51 44 55 5 7 
5 4 5 53 55 40 5 4 
5 5 6 59 30 31 6 6 
5 5 4 45 61 48 4 3 
4 4 6 55 64 43 4 5 
6 3 6 33 35 36 6 5 
6 6 6 59 34 70 3 6 
3 5 4 45 50 40 4 6 
5 5 4 60 64 46 5 5 
5 5 6 64 21 41 4 4 
5 5 5 47 62 36 4 5 
4 5 5 65 43 40 5 5 
3 4 5 58 35 57 5 2 
5 3 5 49 56 43 5 5 
4 5 4 42 55 45 4 5 
5 4 6 34 45 51 3 5 
4 7 6 37 53 57 6 4 
5 4 4 45 43 56 3 3 
6 5 4 49 45 58 4 6 
4 4 3 46 46 68 5 3 
3 2 6 37 37 39 5 5 
3 3 5 67 52 54 4 4 
5 3 6 61 44 52 6 3 
4 5 5 45 54 52 4 4 
3 7 5 45 45 47 4 5 
3 5 6 52 45 37 5 3 
4 5 4 46 55 30 5 4 
4 5 6 47 53 39 5 3 
5 3 5 66 36 45 3 3 
5 3 5 50 33 64 4 4 
5 5 3 62 55 67 5 4 
3 5 4 30 47 45 4 5 
4 4 4 27 72 50 4 5 
5 5 4 62 48 55 4 4 
3 4 4 51 52 46 4 6 
5 5 4 81 43 46 5 4 
4 6 5 45 35 51 5 6 
5 4 5 57 54 54 3 5 
3 5 6 33 48 45 5 4 
5 4 2 40 71 54 4 3 
5 4 4 66 66 17 5 6 
4 4 5 53 56 47 3 4 
5 6 6 42 56 62 4 5 
4 3 5 43 61 34 2 4 
5 6 4 47 41 40 4 4 
4 5 4 55 49 56 4 4 
3 4 6 66 44 26 5 4 
6 4 6 28 60 64 3 5 
4 4 5 50 42 50 5 5 
6 4 4 55 62 70 4 4 
3 3 4 57 38 51 4 4 
5 3 4 52 40 30 4 5 
5 4 6 55 53 42 5 5 
4 3 4 40 46 48 6 4 
4 6 4 53 43 46 4 4 
6 5 5 51 56 60 4 4 
3 2 3 54 55 28 5 5 
5 4 4 46 58 41 3 5 
5 5 3 55 35 45 5 4 
6 3 3 51 52 50 5 3 
3 4 5 51 50 47 6 5 
5 4 5 50 59 62 3 5 
4 5 5 34 37 54 5 2 
4 4 7 51 45 36 4 4 
5 6 3 46 66 51 5 3 
4 3 5 52 42 57 3 3 
5 6 5 63 57 54 5 3 
4 5 4 49 48 47 4 5 
6 6 5 50 38 54 5 6 
5 4 6 52 50 46 2 4 
6 4 7 38 41 24 5 4 
3 4 4 38 48 52 4 4 
6 6 5 58 57 74 5 5 
3 4 5 37 58 41 5 5 
4 4 5 38 57 53 5 5 
5 6 6 42 44 42 5 4 
4 5 5 64 70 69 5 4 
5 5 5 48 60 51 5 4 
3 5 4 43 41 48 3 5 
5 5 4 60 55 43 4 5 
6 5 5 55 39 48 5 6 
4 4 4 49 48 53 6 2 
2 4 5 65 66 53 6 4 
6 5 5 49 37 57 4 3 
5 6 4 52 20 40 5 6 
3 3 5 51 55 36 5 3 
4 5 3 37 53 50 3 5 
4 4 6 50 52 37 5 3 
4 5 4 63 24 39 4 4 
4 3 6 72 55 33 5 3 
4 3 4 34 56 48 4 4 
6 4 4 57 43 44 5 4 
4 6 6 44 71 49 6 6 
4 6 5 36 52 68 5 4 
5 5 5 37 54 58 3 3 
3 4 5 44 43 38 5 4 
3 7 3 50 37 39 6 3 
5 5 4 53 63 44 4 4 
4 3 6 58 26 44 3 5 
5 5 6 53 50 48 5 5 
5 4 5 38 43 53 6 5 
4 5 5 47 74 38 4 6 
5 4 5 73 45 44 4 4 
4 6 5 57 72 48 3 5 
5 5 3 47 43 60 4 6 
6 5 4 48 45 30 4 4 
5 5 4 51 65 42 5 6 
6 5 4 57 53 60 5 4 
4 4 5 43 43 49 5 6 
4 5 5 42 43 48 3 4 
5 6 5 42 52 62 5 4 
4 3 4 52 53 38 3 3 
5 5 5 50 43 45 5 5 
5 5 4 53 64 32 4 6 
6 3 5 38 64 51 4 5 
5 3 5 54 45 50 5 4 
4 6 4 67 44 57 4 4 
5 3 4 20 62 38 2 4 
5 4 6 57 42 52 4 5 
4 3 3 52 31 42 4 6 
3 4 4 56 53 52 5 4 
4 5 3 71 44 56 6 5 
4 4 4 36 35 48 4 3 
5 4 4 63 60 32 3 6 
2 5 6 71 45 53 5 4 
4 6 3 62 59 47 4 5 
4 5 5 43 49 52 6 4 
3 5 5 57 48 41 4 4 
5 4 4 52 51 57 4 4 
4 5 4 34 40 54 5 4 
5 3 3 58 46 40 4 4 
3 4 4 55 57 47 4 6 
4 6 4 49 50 61 4 5 
2 4 4 53 54 52 7 4 
5 5 5 48 52 36 6 6 
4 3 6 38 55 55 3 4 
4 5 4 32 37 53 6 5 
3 6 5 55 61 54 4 3 
4 5 3 57 36 56 5 3 
5 5 4 39 44 59 5 6 
5 5 5 58 52 52 4 5 
5 7 5 49 45 54 4 4 
3 4 5 42 37 59 4 5 
5 5 4 56 35 58 4 5 
4 4 4 53 37 51 2 4 
4 6 5 58 70 45 4 5 
4 5 4 51 61 52 4 3 
4 2 5 72 53 34 6 4 
4 3 5 43 60 39 6 3 
5 4 4 58 53 16 5 3 
5 3 6 31 53 47 7 5 
5 5 5 33 41 49 5 4 
4 6 3 39 54 34 6 4 
5 3 4 49 39 40 4 3 
3 4 4 57 52 35 5 5 
4 4 4 52 43 52 5 4 
4 4 5 59 64 41 6 6 
4 5 3 45 58 38 4 4 
6 3 3 54 50 48 5 5 
4 4 4 64 57 68 5 5 
5 4 5 33 50 62 5 5 
6 2 6 31 52 60 5 4 
6 8 4 72 61 56 4 4 
4 4 6 45 61 36 4 6 
4 7 4 59 66 48 3 4 
5 5 2 26 61 42 5 4 
5 5 2 49 68 54 5 6 
4 4 6 67 48 49 4 5 
4 5 3 53 62 58 5 6 
5 6 3 43 43 50 3 6 
5 3 4 56 49 34 4 5 
4 4 5 27 86 51 4 4 
3 5 4 54 66 30 4 4 
5 5 6 39 45 39 5 4 
3 5 4 55 61 57 4 3 
5 5 3 57 58 34 4 6 
5 2 3 53 41 65 5 5 
4 4 4 47 67 52 5 4 
4 5 4 60 48 45 5 4 
4 5 5 42 47 34 3 3 
4 4 7 62 47 48 4 5 
4 3 3 37 51 55 5 5 
3 5 6 32 41 60 3 3 
4 5 4 58 44 49 4 3 
4 5 4 45 57 69 4 4 
6 5 3 24 52 54 3 5 
3 4 3 42 67 59 3 5 
6 5 5 53 30 58 5 2 
6 4 4 59 46 65 4 4 
4 5 5 60 61 36 6 5 
3 4 4 36 40 60 5 4 
4 3 6 50 53 54 5 4 
7 5 4 58 48 48 3 5 
7 4 4 33 59 52 5 4 
6 6 5 55 47 40 5 4 
4 5 5 53 50 57 6 4 
2 6 5 56 39 59 5 5 
3 3 5 56 52 53 2 4 
5 3 6 72 40 38 5 6 
5 6 5 65 48 40 5 6 
5 4 5 58 41 49 4 5 
5 7 3 65 48 41 5 4 
7 5 4 50 52 59 3 3 
7 6 3 34 57 74 4 5 
5 5 4 52 58 42 3 4 
6 4 4 57 36 68 4 4 
4 3 6 57 43 60 4 6 
5 5 5 53 40 51 3 4 
6 4 5 41 52 63 5 3 
7 5 5 55 49 63 4 6 
5 3 5 56 55 34 4 6 
3 6 2 37 43 43 4 5 
5 5 3 54 47 45 4 5 
6 3 5 37 58 53 5 4 
5 4 4 57 43 49 3 5 
3 3 4 64 59 38 5 5 
3 5 3 49 63 65 5 6 
5 4 4 47 56 59 4 5 
3 6 6 52 58 45 3 5 
5 4 4 54 50 65 5 3 
4 5 5 64 41 40 5 5 
5 4 3 56 48 63 6 5 
4 6 4 28 47 45 4 5 
5 4 4 46 52 67 5 5 
6 4 5 50 61 26 5 5 
4 3 5 33 58 46 5 6 
4 5 5 56 35 52 4 5 
3 6 5 49 57 49 3 4 
5 4 4 43 46 48 6 3 
5 5 6 56 60 43 4 4 
3 4 3 64 63 29 4 5 
6 6 4 60 41 52 4 5 
5 6 4 44 50 52 5 5 
4 3 6 53 73 44 4 4 
4 5 4 70 58 51 5 3 
6 4 5 47 39 48 6 4 
5 3 4 46 59 64 4 7 
4 7 4 46 43 67 4 4 
4 5 4 51 34 45 5 1 
3 6 3 64 47 55 6 4 
4 6 2 44 53 53 6 6 
4 5 5 44 46 47 3 6 
2 4 4 58 58 42 4 3 
5 4 4 46 57 52 3 6 
4 3 6 60 42 49 5 2 
5 2 7 64 57 41 3 7 
5 3 5 56 60 48 5 4 
4 5 5 37 45 47 4 5 
4 4 6 40 40 54 5 4 
7 4 4 47 63 42 4 7 
4 3 5 46 72 30 6 5 
6 5 3 36 55 48 3 4 
4 4 4 55 43 50 5 3 
6 4 6 68 51 43 6 4 
3 4 4 52 59 44 3 5 
5 4 3 52 53 39 5 4 
4 5 3 46 44 51 3 3 
6 5 2 54 32 51 6 4 
6 6 7 49 53 51 5 5 
5 5 4 42 52 35 5 5 
5 3 5 47 45 55 1 3 
5 6 5 52 42 54 4 3 
7 3 6 54 36 42 4 4 
4 4 5 42 47 54 4 3 
4 5 2 37 54 53 5 4 
6 5 5 42 51 53 4 4 
5 4 5 53 43 34 4 4 
3 7 5 63 54 47 5 3 
3 6 5 68 51 53 4 5 
5 4 4 51 52 52 4 3 
4 5 3 44 39 51 5 4 
5 3 4 49 52 42 5 6 
5 6 3 43 60 38 6 5 
5 5 5 60 57 41 6 4 
5 4 3 48 44 50 3 4 
3 2 6 48 43 51 4 5 
3 3 5 44 37 37 4 4 
6 5 3 45 62 45 3 4 
6 5 4 58 54 58 4 4 
6 5 6 37 61 51 5 5 
5 5 3 50 68 45 4 5 
4 4 6 56 61 43 5 6 
5 4 5 40 59 51 4 4 
4 4 5 46 74 51 3 4 
5 5 4 57 42 48 3 6 
4 3 5 56 50 38 5 5 
6 4 4 65 54 47 3 6 
5 4 5 45 53 50 5 4 
3 4 5 50 45 42 4 5 
6 4 4 44 63 47 3 5 
7 3 5 35 50 48 5 5 
5 5 4 44 57 53 5 5 
4 3 4 64 30 35 5 5 
3 7 4 44 55 54 3 5 
4 4 4 48 43 60 6 4 
4 6 4 56 53 52 4 6 
3 5 6 53 49 68 4 4 
4 5 4 59 54 54 4 4 
5 4 4 47 60 59 5 6 
3 3 4 63 60 49 5 4 
5 6 6 43 37 54 2 4 
5 5 5 54 62 38 4 4 
5 7 4 55 52 31 5 4 
5 4 6 44 53 45 5 6 
3 5 5 40 59 41 4 3 
5 3 6 58 58 36 5 4 
5 4 6 52 40 60 5 6 
5 5 3 54 57 70 4 2 
5 6 5 43 57 44 5 4 
5 7 6 49 27 63 3 4 
4 4 4 56 43 42 6 4 
6 4 5 43 55 43 2 6 
4 6 6 46 38 36 4 6 
4 3 3 33 50 56 6 6 
5 5 4 29 51 54 5 6 
6 6 3 53 54 40 4 6 
5 6 5 55 45 51 4 5 
6 3 3 50 55 50 4 3 
5 3 5 60 42 60 4 5 
5 5 5 37 53 62 5 5 
5 4 4 62 32 62 4 6 
4 5 6 48 49 56 5 7 
4 5 6 42 64 52 3 3 
4 4 3 45 73 46 4 1 
3 4 5 57 41 47 5 3 
3 5 4 44 66 50 4 6 
3 5 5 45 56 61 5 6 
4 4 4 46 68 56 5 4 
6 6 5 45 58 48 4 2 
5 3 4 30 35 59 5 4 
4 2 4 54 47 50 4 5 
5 5 5 45 45 51 4 4 
4 6 6 43 63 53 5 6 
5 5 5 56 45 59 5 5 
4 5 6 40 44 75 5 7 
5 5 4 46 62 36 5 6 
6 4 5 47 43 50 5 2 
4 6 3 47 38 62 4 3 
5 5 5 44 37 65 6 4 
3 4 4 30 26 49 4 4 
6 7 6 63 45 53 5 6 
6 3 4 56 54 50 6 4 
5 6 5 54 65 49 5 5 
2 4 2 54 49 49 6 3 
4 5 3 53 40 44 4 5 
6 3 5 61 22 44 3 5 
4 4 2 57 49 36 4 4 
4 7 4 44 49 59 3 4 
3 3 3 59 35 61 5 5 
5 3 6 59 35 56 4 5 
3 5 3 57 42 51 5 6 
4 4 5 51 42 49 5 3 
4 4 5 54 53 52 5 5 
6 5 5 48 40 79 5 5 
2 6 5 56 51 64 4 5 
5 4 2 30 46 46 5 4 
5 3 5 49 72 52 5 5 
5 3 6 48 55 59 5 4 
4 4 4 48 53 38 4 5 
5 4 4 41 45 61 5 6 
4 4 6 44 37 52 3 5 
4 5 5 55 49 55 4 6 
5 5 5 50 53 36 4 5 
4 4 5 42 47 50 4 4 
4 5 6 50 38 64 4 6 
5 6 6 44 41 30 4 5 
5 5 6 54 58 47 3 2 
2 5 5 42 52 53 3 6 
3 5 3 47 43 52 5 4 
4 6 3 48 40 44 5 4 
5 5 4 42 57 36 4 6 
3 5 5 58 75 59 4 5 
6 4 5 41 35 72 6 3 
4 4 4 63 32 52 6 6 
4 5 6 48 33 56 4 4 
3 5 4 63 26 43 5 4 
5 3 4 54 60 38 5 6 
5 5 5 29 31 41 2 4 
4 6 3 36 38 49 3 5 
5 4 4 56 47 50 5 5 
5 6 3 51 53 63 5 4 
5 3 6 30 37 34 5 6 
6 5 4 35 39 44 4 4 
3 5 5 57 40 69 4 5 
5 6 4 67 48 44 4 5 
5 4 5 44 56 55 4 5 
4 6 5 68 58 39 4 4 
3 5 6 58 60 51 5 5 
5 5 7 43 42 35 3 2 
4 4 4 59 48 53 6 5 
4 4 5 57 51 54 3 7 
5 5 4 52 48 48 4 5 
3 4 5 52 41 59 4 5 
4 5 3 40 50 48 6 5 
5 4 5 64 49 58 5 4 
4 5 4 40 43 40 4 4 
3 6 4 48 40 61 5 5 
3 5 5 53 58 38 5 4 
4 5 3 65 54 44 3 4 
5 5 6 31 64 42 6 5 
7 6 3 52 56 64 4 3 
3 5 4 47 40 70 5 3 
5 6 6 29 36 56 5 4 
5 3 2 55 66 45 4 3 
5 5 3 45 72 51 3 3 
6 5 6 67 48 54 4 4 
4 4 2 44 33 48 5 6 
3 5 5 52 66 48 4 4 
6 5 3 62 47 48 4 6 
4 4 5 59 44 54 3 2 
5 4 4 56 67 51 5 4 
4 7 6 48 50 61 6 5 
4 5 4 26 61 48 6 5 
5 3 5 37 53 48 6 6 
4 5 3 37 51 46 6 3 
4 5 4 45 45 67 3 5 
5 4 4 43 55 49 3 4 
6 4 4 48 45 59 7 6 
3 5 6 41 45 66 5 3 
6 4 4 34 57 63 5 4 
5 3 4 36 59 42 4 5 
5 6 3 56 43 32 6 3 
4 5 5 32 59 46 3 4 
6 5 4 55 70 54 4 5 
4 5 6 45 44 47 3 5 
3 6 6 63 44 40 6 5 
3 3 5 53 36 49 2 4 
5 4 5 50 31 42 5 5 
5 4 5 54 49 58 4 6 
5 5 4 57 47 42 4 5 
4 5 5 43 28 39 5 5 
4 5 5 51 52 45 5 5 
4 4 7 48 60 47 5 3 
2 3 5 37 64 53 3 4 
4 5 5 41 27 42 4 6 
3 3 4 30 47 47 3 5 
6 5 5 14 58 57 3 5 
5 5 4 56 69 68 6 5 
4 6 3 54 46 61 4 6 
4 4 3 43 51 30 6 4 
4 4 6 57 36 44 4 5 
4 5 5 44 54 36 4 4 
5 4 5 27 56 54 3 5 
5 4 3 45 48 31 3 5 
3 5 5 56 30 56 3 5 
6 4 4 80 59 49 4 5 
4 6 4 38 61 43 5 4 
3 4 4 37 35 55 5 4 
4 5 4 50 44 62 5 5 
4 5 5 40 37 43 5 4 
4 6 5 38 56 52 2 6 
4 4 3 27 45 61 4 6 
4 3 5 63 56 47 5 4 
4 4 6 57 43 58 5 5 
3 3 5 42 50 58 5 4 
3 5 5 58 60 52 5 6 
4 5 4 49 38 37 4 5 
5 5 6 58 64 39 5 3 
4 4 3 53 60 45 6 4 
5 6 4 37 46 57 5 5 
3 4 3 46 65 42 4 4 
5 3 3 30 73 61 4 4 
5 5 7 33 58 33 5 4 
6 5 5 46 41 59 3 4 
4 5 5 39 47 44 6 5 
4 2 7 49 57 54 6 5 
6 6 5 31 65 53 5 5 
5 3 4 63 39 31 1 3 
6 5 4 46 64 54 4 5 
6 5 6 51 60 49 7 4 
5 4 6 50 56 40 3 3 
5 4 5 30 67 29 5 5 
4 4 4 33 35 33 2 5 
4 4 5 46 46 43 5 4 
6 3 6 60 48 64 5 6 
4 4 5 46 46 45 4 6 
5 6 3 19 61 54 3 4 
5 3 6 45 41 47 6 4 
4 5 4 52 50 51 6 3 
5 5 5 61 39 32 3 6 
3 4 6 55 52 44 5 5 
7 2 2 38 47 60 5 5 
4 3 4 24 52 29 5 7 
4 6 5 47 40 42 4 4 
4 2 4 48 36 45 4 6 
5 5 4 59 60 57 5 5 
3 7 6 48 62 57 6 5 
4 4 5 46 48 40 4 4 
4 5 6 55 37 62 5 4 
4 4 4 46 64 42 5 2 
4 5 5 64 56 72 4 4 
7 5 4 80 60 54 6 5 
4 3 4 47 46 52 6 4 
3 5 4 54 30 53 3 7 
5 6 4 61 54 52 6 6 
5 5 4 42 45 46 6 6 
6 3 6 63 61 61 5 4 
4 5 5 55 42 37 6 4 
4 4 5 53 38 56 6 4 
6 5 5 42 22 57 3 5 
4 6 6 61 47 58 6 4 
5 4 5 58 68 40 4 4 
5 4 5 53 61 63 5 5 
4 4 5 42 42 23 3 2 
5 5 5 43 52 47 4 3 
5 4 5 52 56 64 7 4 
4 6 3 50 41 44 5 3 
2 4 4 48 51 48 4 4 
5 7 3 33 65 45 5 7 
4 5 3 35 39 43 5 4 
5 4 4 46 60 50 3 3 
5 4 5 32 25 46 6 5 
3 6 5 42 74 51 4 5 
4 4 5 55 52 60 4 5 
4 3 5 50 55 45 5 4 
4 4 5 38 52 55 6 5 
6 4 4 55 55 46 5 6 
5 4 3 42 63 39 3 6 
4 5 6 39 44 45 3 5 
6 4 4 43 46 61 4 5 
4 5 2 28 49 64 4 6 
4 4 4 53 48 48 5 7 
3 3 5 57 50 40 4 5 
2 4 6 64 40 35 4 5 
5 4 3 52 60 51 4 6 
3 4 5 59 38 43 4 5 
5 5 4 43 50 51 6 3 
6 4 5 40 31 48 5 6 
5 3 4 41 61 54 6 4 
6 3 6 63 45 38 4 4 
6 4 3 52 55 47 5 6 
2 5 5 43 58 45 3 4 
7 6 4 55 40 43 4 5 
4 6 4 48 65 34 5 4 
6 5 4 61 47 41 5 4 
5 3 3 36 51 42 6 4 
5 4 5 41 55 46 5 5 
4 5 5 36 58 79 5 4 
4 4 4 45 50 64 5 5 
5 4 5 45 52 55 6 6 
5 5 4 36 61 45 4 5 
5 6 4 58 50 50 4 4 
5 5 4 48 28 35 4 3 
4 5 7 44 46 39 5 3 
5 5 8 64 36 51 5 4 
4 4 4 50 62 46 6 6 
6 5 4 43 62 41 6 2 
4 7 5 47 38 56 3 5 
6 4 5 54 48 42 5 4 
4 6 5 41 53 22 4 3 
5 5 4 60 55 27 5 6 
4 5 6 40 47 38 5 4 
3 5 4 37 38 53 5 4 
5 4 4 70 51 47 3 4 
4 5 5 54 54 50 5 3 
5 4 5 36 41 45 5 4 
5 5 5 33 31 66 3 3 
4 6 4 51 44 36 4 4 
5 5 5 63 62 39 5 5 
5 5 6 47 54 47 4 4 
5 5 3 35 40 40 6 3 
5 3 4 64 49 46 3 4 
3 3 4 64 44 26 4 6 
3 3 5 44 41 50 4 5 
3 4 6 50 35 64 5 5 
4 4 4 43 40 51 5 5 
4 5 5 61 49 53 3 8 
5 4 6 45 60 41 5 5 
4 6 4 49 57 44 4 4 
3 3 6 37 57 46 6 6 
6 5 5 44 39 57 5 2 
4 5 5 55 63 47 5 3 
5 6 6 61 58 57 4 4 
5 3 4 39 48 34 4 3 
5 3 4 37 47 35 3 7 
4 2 4 49 51 74 4 4 
5 5 2 50 58 40 5 4 
4 4 4 52 63 55 6 5 
5 4 3 58 38 49 4 5 
5 6 7 36 69 51 4 5 
5 4 5 41 46 54 4 5 
4 4 3 41 43 61 5 3 
5 4 5 49 66 38 4 4 
4 4 5 44 61 51 3 4 
3 7 3 48 48 57 4 3 
3 7 4 44 41 40 5 4 
5 5 4 62 61 55 6 4 
4 5 3 58 59 53 5 4 
5 5 6 77 51 45 5 6 
5 5 6 56 50 30 3 5 
6 4 5 45 44 49 5 4 
5 4 5 56 58 44 3 4 
2 5 4 47 45 42 5 3 
6 5 6 34 38 49 4 4 
5 3 3 41 55 49 6 4 
4 3 4 70 62 54 3 4 
5 3 4 52 41 55 5 6 
5 5 6 58 76 40 3 5 
6 5 4 53 52 46 6 4 
7 3 5 33 56 46 6 5 
5 5 5 54 59 38 4 4 
7 5 7 51 43 63 5 5 
6 3 4 32 51 37 3 4 
4 6 5 50 55 54 6 4 
5 4 4 53 55 56 5 4 
5 5 4 28 56 49 5 3 
3 4 4 54 58 73 5 4 
6 4 4 44 50 57 5 2 
4 4 5 55 22 55 6 4 
4 5 4 59 46 64 3 5 
4 3 3 46 43 36 6 4 
5 3 2 56 42 31 6 5 
4 4 6 35 30 51 4 4 
5 5 6 49 40 60 4 5 
2 4 3 53 56 40 4 7 
5 4 6 48 59 45 5 4 
5 3 6 60 49 48 5 3 
5 4 5 46 51 55 4 5 
5 5 6 52 52 46 6 5 
5 5 5 59 38 60 7 3 
2 3 6 49 54 71 5 4 
4 4 5 53 43 36 4 4 
5 4 4 58 37 52 5 5 
4 5 5 57 46 40 4 3 
6 5 5 67 42 44 4 3 
6 5 4 49 42 59 5 4 
5 5 4 45 42 59 3 5 
4 2 3 50 59 55 3 5 
3 3 7 37 59 49 6 2 
5 5 6 66 47 49 5 5 
4 4 3 53 62 58 7 3 
5 5 5 61 62 54 4 4 
5 5 5 36 56 61 5 4 
2 4 4 41 61 45 5 5 
3 5 4 58 37 56 3 4 
4 4 3 56 48 67 5 4 
5 3 4 59 49 42 3 5 
4 2 4 33 53 43 5 5 
5 4 4 47 57 74 4 5 
5 3 3 44 50 44 5 2 
5 3 5 48 57 60 5 3 
3 4 6 43 47 36 3 4 
4 4 4 49 53 59 6 2 
5 4 4 52 45 45 5 4 
4 4 3 53 42 64 5 4 
5 5 4 34 41 48 6 4 
5 4 4 73 46 46 4 4 
3 6 5 47 69 48 3 4 
3 4 4 56 52 50 5 4 
4 5 6 55 44 54 6 5 
6 4 5 42 55 46 5 4 
5 6 5 47 47 46 5 4 
6 5 7 62 58 63 4 6 
6 5 4 33 56 34 3 5 
4 4 6 63 55 59 5 6 
3 4 6 29 53 53 5 5 
6 7 5 46 58 54 3 5 
5 5 5 38 63 56 4 4 
5 3 3 38 48 49 5 4 
5 4 5 42 46 54 3 4 
4 3 3 48 45 44 3 6 
3 5 5 69 54 49 4 3 
3 5 4 54 57 52 5 6 
4 5 4 58 36 59 4 5 
4 5 4 45 41 49 5 6 
4 6 5 56 25 46 6 6 
6 4 4 40 51 47 4 5 
6 6 6 49 53 56 5 4 
5 5 3 50 59 52 4 3 
5 5 5 43 61 39 5 5 
4 4 4 45 49 47 4 5 
6 5 5 56 49 63 4 4 
6 6 5 46 36 49 4 4 
4 7 5 52 41 45 6 4 
6 4 3 53 47 50 4 4 
5 5 5 53 41 59 3 5 
5 5 4 46 56 49 5 5 
3 4 5 39 50 51 4 5 
5 4 6 47 59 34 3 3 
4 3 6 45 52 53 5 5 
4 5 4 62 37 56 4 5 
4 3 5 38 37 46 5 3 
4 6 5 50 48 36 6 4 
5 5 5 45 31 45 5 5 
4 3 5 51 45 37 7 5 
4 4 3 38 51 61 7 3 
4 5 4 50 43 45 5 4 
6 4 3 53 45 38 4 6 
3 6 6 54 45 56 4 4 
4 5 4 51 42 50 5 4 
6 3 6 48 47 76 4 4 
3 4 4 36 74 56 4 2 
6 6 3 63 58 33 4 4 
5 5 5 44 52 67 5 5 
5 6 2 53 51 53 4 5 
5 5 4 68 27 43 3 4 
4 5 5 67 66 60 4 6 
4 6 5 48 41 47 7 3 
4 4 4 65 47 41 4 3 
3 4 5 57 51 58 4 5 
5 6 5 42 51 58 3 3 
7 3 4 45 55 55 3 6 
5 4 4 65 41 52 5 5 
4 5 3 42 61 58 5 4 
4 6 5 41 56 43 5 5 
4 4 4 51 48 67 5 4 
4 3 5 45 55 44 5 4 
5 5 2 45 59 38 4 4 
6 5 4 55 51 59 3 5 
5 6 3 77 37 33 5 5 
5 3 3 37 45 37 5 3 
6 4 6 35 62 45 5 4 
3 4 4 36 42 59 5 5 
5 6 6 53 54 62 5 5 
5 4 5 44 67 59 5 4 
5 5 4 34 56 56 6 5 
6 5 4 45 43 57 4 4 
7 3 3 43 51 50 6 5 
5 4 6 59 46 63 5 3 
4 5 6 48 65 49 4 5 
6 3 5 42 39 48 4 5 
5 3 4 77 45 45 3 6 
5 5 5 41 47 54 6 7 
3 5 4 51 59 38 4 5 
5 4 6 47 69 30 4 5 
3 5 4 62 61 52 5 3 
4 4 4 52 49 63 4 4 
5 5 3 37 51 43 7 4 
4 4 5 45 52 46 3 5 
5 5 7 49 52 44 6 6 
5 4 4 61 54 32 5 3 
3 5 5 38 37 53 6 4 
5 4 3 51 46 48 5 5 
6 5 4 30 41 46 4 6 
4 5 3 46 42 73 4 6 
4 4 3 39 37 48 5 4 
5 4 5 53 41 41 6 5 
5 4 6 76 42 49 4 5 
2 3 5 33 47 47 5 7 
3 5 4 45 66 52 3 4 
5 5 4 33 45 53 3 4 
6 4 4 42 57 40 2 3 
4 3 4 55 51 60 4 4 
4 6 5 46 60 47 3 3 
4 5 5 51 46 58 5 5 
3 4 3 35 44 48 7 3 
4 7 4 50 49 56 3 4 
4 5 5 54 51 47 3 4 
2 4 2 48 60 52 5 4 
6 4 6 42 42 46 5 5 
5 4 4 50 48 55 5 3 
5 4 4 46 59 31 4 4 
5 5 5 41 53 57 4 6 
3 3 4 62 48 51 4 4 
5 3 3 43 51 50 4 4 
4 3 6 48 75 37 5 4 
5 5 3 49 32 54 4 3 
5 5 4 50 44 48 4 5 
4 5 4 55 55 69 6 5 
5 5 4 64 51 67 4 5 
4 4 3 45 54 51 5 3 
3 4 5 65 42 59 5 3 
6 2 5 37 37 50 4 6 
6 5 4 34 60 47 5 5 
3 5 3 51 45 44 4 5 
5 4 3 51 44 64 3 4 
3 4 5 55 36 67 7 6 
4 4 6 59 57 65 5 5 
5 6 6 35 23 59 5 4 
4 3 3 42 32 69 3 5 
4 5 4 37 50 55 3 4 
5 4 4 56 47 42 4 5 
4 4 4 47 60 42 5 6 
6 3 6 52 52 55 4 5 
6 5 5 36 51 58 7 4 
3 4 5 55 45 57 5 4 
6 4 4 42 56 39 5 4 
4 2 5 37 36 48 4 6 
4 3 6 63 53 46 6 6 
6 5 4 44 48 55 4 6 
5 4 4 38 59 36 5 4 
5 5 4 45 35 55 6 4 
4 5 4 46 66 60 5 6 
3 5 3 56 41 45 3 5 
3 4 4 63 42 52 5 5 
5 5 3 42 41 52 5 3 
4 4 4 48 50 54 4 5 
5 5 3 67 54 36 3 4 
3 5 6 41 57 44 2 5 
3 3 5 58 52 50 6 4 
4 6 3 70 51 47 3 5 
4 3 3 50 48 39 6 4 
4 4 5 53 71 55 4 6 
4 5 6 51 44 46 5 5 
4 4 5 56 78 33 4 5 
5 2 3 45 55 49 4 3 
4 6 4 25 56 52 6 4 
5 5 5 58 56 45 4 5 
3 5 5 48 46 61 6 5 
6 5 4 73 46 34 5 5 
2 6 5 51 46 44 5 5 
5 6 4 49 56 59 4 5 
3 5 5 58 59 68 5 5 
4 6 4 41 61 43 6 4 
4 4 6 63 58 39 4 5 
5 4 4 67 44 36 3 4 
4 5 5 68 47 32 5 5 
6 4 6 49 42 70 6 3 
4 4 4 60 63 50 5 2 
3 3 5 38 44 64 5 3 
3 5 5 61 53 78 4 4 
4 6 6 41 56 39 4 7 
6 5 6 51 43 49 6 3 
5 4 3 51 55 38 5 3 
5 5 3 63 51 47 5 4 
4 5 5 48 61 32 6 4 
3 6 4 60 48 24 4 3 
6 5 5 44 44 40 4 5 
4 4 3 61 47 53 5 4 
5 6 6 63 31 56 4 5 
6 5 4 42 32 44 2 4 
4 4 5 38 56 36 4 4 
4 4 4 48 52 45 6 5 
5 7 6 53 50 65 4 6 
5 4 5 49 69 58 5 1 
4 3 5 45 54 42 4 4 
4 5 5 59 42 52 3 5 
4 5 3 50 59 50 3 4 
4 6 5 40 55 30 4 6 
4 4 3 50 50 37 5 6 
4 5 4 50 61 61 3 5 
5 5 6 47 53 47 4 5 
4 5 4 50 38 44 5 5 
4 4 4 49 51 44 6 4 
3 6 3 67 43 53 4 5 
6 5 4 52 48 54 3 6 
3 4 5 49 49 40 2 6 
6 4 5 47 63 49 2 4 
6 4 5 34 62 48 6 4 
4 4 5 47 45 41 3 5 
5 4 4 50 60 50 4 4 
5 4 5 59 50 61 4 5 
4 4 7 47 57 42 3 3 
4 5 5 57 42 51 5 4 
6 4 5 33 34 42 5 6 
5 4 5 59 49 49 4 4 
5 4 6 61 65 56 5 5 
5 6 4 61 39 53 5 4 
6 5 4 42 41 66 3 7 
3 4 4 33 64 34 4 5 
4 2 5 49 46 61 4 2 
6 5 6 41 43 63 4 6 
3 4 5 48 54 50 4 4 
5 5 6 69 53 47 5 6 
6 3 6 46 60 43 4 6 
5 4 5 62 52 46 5 4 
6 5 5 51 44 53 5 5 
3 4 4 53 50 45 5 4 
5 3 4 49 48 64 3 5 
3 7 6 49 44 44 6 6 
6 4 3 33 49 58 5 5 
5 4 5 51 50 46 6 5 
6 5 5 49 59 45 6 5 
5 5 3 54 33 52 3 3 
5 4 2 47 58 56 5 5 
4 3 4 37 57 56 5 5 
4 4 4 53 41 42 5 5 
7 4 5 43 49 43 4 4 
5 3 5 45 54 46 4 5 
6 5 5 54 43 72 6 4 
6 6 4 56 55 44 6 6 
4 5 5 47 54 57 3 4 
5 4 4 60 56 56 4 4 
4 5 5 46 68 40 5 6 
3 6 4 46 56 40 5 3 
6 3 4 63 43 71 4 3 
5 3 5 52 46 43 4 4 
6 5 5 52 66 52 4 6 
4 4 3 34 55 59 2 6 
5 4 3 53 44 43 6 5 
3 6 7 52 47 43 5 5 
5 4 4 58 36 54 5 4 
5 4 6 30 46 61 6 4 
5 4 4 57 49 46 4 3 
5 5 4 50 43 47 5 5 
5 4 6 35 36 35 4 4 
3 6 3 46 61 42 5 5 
3 4 4 52 48 48 4 5 
5 3 5 44 44 50 4 5 
4 5 5 46 55 30 5 4 
4 3 3 57 51 55 5 5 
4 4 4 45 37 34 4 5 
6 4 5 61 52 43 4 4 
3 5 5 48 43 48 5 6 
3 5 6 49 50 63 4 4 
5 6 5 53 39 22 5 5 
5 3 4 51 46 21 5 3 
5 5 7 53 58 57 4 4 
4 5 6 24 56 59 6 3 
4 4 6 35 48 57 4 6 
5 4 2 41 65 46 5 6 
3 7 6 56 40 48 4 7 
6 5 2 40 56 35 4 5 
5 7 4 65 67 54 6 6 
4 5 4 45 69 49 4 4 
4 4 5 38 63 32 4 3 
5 3 5 47 29 52 4 3 
6 3 5 46 50 48 4 4 
5 4 2 61 83 45 5 4 
5 2 4 68 41 61 3 3 
4 6 3 44 37 51 4 4 
5 5 6 35 48 51 4 6 
6 3 5 66 55 64 2 6 
5 7 5 63 37 50 4 4 
4 4 5 53 60 44 7 4 
4 4 4 26 51 59 3 3 
5 4 4 50 61 42 4 4 
3 4 5 53 55 36 5 4 
5 5 4 48 36 47 4 4 
5 5 5 43 28 64 4 6 
4 5 5 51 63 45 5 4 
4 4 5 47 52 56 4 4 
5 5 5 55 49 57 4 6 
4 5 3 47 40 43 3 5 
5 4 4 41 47 51 4 6 
5 7 6 47 59 51 4 3 
5 6 4 53 52 47 6 6 
5 4 4 45 48 42 6 4 
5 4 3 54 37 42 4 5 
2 3 5 51 62 63 5 5 
5 4 5 40 47 59 4 4 
4 5 4 42 56 28 5 5 
4 5 5 34 77 51 4 2 
6 5 5 54 63 43 3 4 
4 4 6 63 51 57 5 5 
4 3 3 32 49 54 4 6 
4 4 4 48 52 54 6 3 
4 5 3 49 47 43 4 4 
5 4 4 43 55 62 5 4 
5 5 4 27 51 51 4 4 
4 5 4 59 44 68 3 3 
4 4 4 36 50 64 4 5 
4 7 5 61 60 36 2 3 
4 5 4 49 46 43 4 5 
4 5 5 36 50 34 6 3 
3 6 5 50 54 58 5 3 
4 7 2 58 70 61 6 5 
4 5 5 49 43 54 5 5 
4 4 5 32 55 42 7 5 
4 5 4 40 68 48 3 4 
5 4 5 47 57 32 4 5 
5 6 4 69 46 50 2 4 
3 6 4 49 64 54 3 6 
4 4 4 39 55 37 4 4 
4 4 3 64 54 58 4 5 
6 5 5 41 39 55 5 5 
4 5 4 66 45 46 5 6 
4 5 6 30 55 39 4 3 
5 2 6 42 54 38 5 4 
4 3 4 43 46 62 4 4 
3 5 7 41 37 47 3 5 
4 4 5 52 46 50 5 5 
4 4 5 50 53 45 5 4 
5 3 6 55 45 60 4 5 
5 3 4 56 56 49 5 5 
3 5 4 64 48 52 5 5 
4 2 7 60 51 47 5 4 
5 6 6 58 66 45 5 6 
5 5 3 61 42 51 4 3 
6 4 3 50 65 61 5 4 
5 5 5 53 42 63 4 6 
6 6 4 49 47 73 5 3 
4 4 4 47 42 57 5 4 
4 5 5 54 49 49 3 4 
5 3 5 40 50 57 6 4 
5 3 5 51 48 63 5 6 
4 5 5 47 61 57 6 3 
5 3 5 55 42 70 5 4 
5 4 5 43 31 51 5 4 
6 3 6 36 55 56 5 5 
6 4 4 54 49 47 5 5 
4 5 6 39 47 52 5 3 
5 6 4 55 63 43 4 3 
3 3 6 50 43 47 3 4 
3 4 6 39 55 62 6 4 
6 6 5 62 65 50 4 5 
6 5 5 50 52 58 5 4 
4 7 5 38 48 38 4 5 
5 7 6 69 61 45 5 4 
4 6 4 50 44 63 5 5 
4 5 3 66 44 55 5 5 
3 4 4 55 41 41 5 4 
6 4 4 29 33 59 4 4 
6 4 4 57 43 42 5 5 
5 4 5 53 50 50 5 4 
5 5 6 45 46 59 4 6 
3 4 4 63 42 65 5 4 
5 4 3 48 61 38 5 5 
5 5 5 39 49 46 6 6 
6 6 5 75 42 47 5 3 
4 4 4 62 60 31 4 6 
4 5 2 56 52 33 6 5 
5 5 5 52 65 53 4 5 
3 4 4 33 37 48 6 4 
4 5 5 49 34 33 4 6 
4 2 6 51 64 58 4 5 
5 5 4 63 25 45 7 6 
5 5 6 66 40 47 3 2 
3 6 4 56 37 47 5 5 
5 5 4 54 42 50 4 5 
5 7 2 52 42 53 7 4 
5 6 5 46 54 34 4 5 
5 6 5 47 36 31 4 5 
5 4 3 49 61 44 5 5 
3 7 5 39 57 45 5 5 
4 5 5 54 65 68 3 5 
4 4 6 58 48 61 5 2 
4 4 4 47 42 58 2 3 
5 4 4 47 45 55 6 5 
4 5 3 47 69 65 6 5 
6 6 4 47 60 53 4 3 
2 5 5 37 25 53 5 5 
5 2 5 44 54 38 5 5 
5 6 4 47 36 44 5 6 
5 7 4 46 53 33 4 3 
4 6 4 63 52 70 6 5 
4 5 6 45 65 57 5 6 
4 5 4 61 55 48 4 4 
4 1 4 46 48 49 3 4 
5 4 3 38 46 42 5 3 
4 5 4 54 38 43 6 5 
4 3 4 44 51 65 5 3 
6 7 3 36 55 49 5 3 
4 6 7 48 47 56 5 5 
3 4 4 65 62 45 4 4 
5 4 4 57 53 62 5 4 
4 4 2 60 43 65 4 5 
4 4 6 55 59 48 4 4 
4 6 4 27 41 64 3 5 
4 4 5 48 30 45 7 4 
7 4 5 61 57 60 4 6 
4 5 5 59 44 49 4 5 
6 7 5 40 66 47 5 5 
4 4 6 53 50 43 5 3 
4 6 5 47 57 60 3 2 
5 5 3 60 53 49 4 4 
6 5 5 51 43 58 5 4 
4 2 5 64 50 44 4 5 
5 5 6 57 40 55 5 3 
4 4 4 58 52 62 6 6 
5 5 7 37 31 51 4 3 
3 5 4 49 60 46 4 5 
4 3 6 50 65 47 5 4 
6 4 4 35 53 48 5 4 
5 4 5 50 49 57 4 4 
5 4 4 50 70 43 5 4 
6 3 4 55 58 39 5 5 
5 6 5 31 32 55 5 4 
5 6 5 45 44 48 4 4 
4 5 4 57 32 59 4 4 
4 4 5 40 33 51 6 5 
4 3 5 51 49 52 5 5 
5 7 5 53 42 51 5 4 
5 4 5 68 60 48 6 5 
6 5 5 55 42 41 5 5 
5 2 3 32 58 56 5 4 
4 5 3 59 61 53 4 5 
5 3 4 48 57 61 4 4 
4 5 6 50 45 35 4 4 
4 3 6 41 47 53 3 5 
5 5 6 64 47 47 4 4 
5 5 5 49 65 38 3 3 
4 3 5 60 40 43 6 3 
5 4 6 54 45 61 5 4 
5 3 4 41 37 47 5 6 
4 4 4 42 60 39 5 4 
4 4 6 39 48 58 5 6 
5 4 4 55 50 59 4 4 
3 5 4 56 52 45 4 4 
6 4 5 65 40 49 4 4 
4 4 5 43 38 43 6 4 
5 4 5 56 47 27 5 5 
4 5 4 50 53 68 3 4 
5 4 4 30 55 66 4 3 
6 4 5 48 48 59 5 6 
3 6 5 47 41 68 4 6 
5 3 6 42 49 41 5 5 
3 5 6 47 48 47 4 3 
6 4 4 44 70 60 6 5 
5 4 4 62 42 52 5 5 
6 4 5 46 62 37 6 6 
6 3 5 45 38 65 6 5 
5 3 4 58 38 47 4 4 
3 5 4 40 76 54 5 5 
4 5 6 38 52 55 1 5 
5 4 6 69 31 43 5 5 
6 6 6 71 78 41 4 6 
5 3 3 64 53 48 3 4 
4 5 5 51 53 39 6 4 
4 5 4 36 59 46 6 4 
4 5 5 55 34 48 6 5 
5 5 4 52 32 35 6 5 
3 4 2 48 61 48 6 4 
3 5 4 45 25 52 3 4 
5 4 5 49 39 75 4 5 
5 5 6 47 68 43 4 4 
5 4 5 41 48 64 6 5 
4 4 4 44 44 42 4 4 
5 4 7 52 41 46 7 4 
7 4 6 53 52 38 5 5 
6 4 5 40 37 40 4 6 
5 6 3 28 60 47 5 5 
5 5 5 60 69 55 4 5 
5 4 4 54 49 70 5 4 
3 5 6 49 46 37 5 5 
6 4 4 55 65 44 5 5 
5 4 5 37 45 49 5 6 
6 5 5 54 42 47 4 6 
5 5 3 43 55 46 7 4 
5 6 3 53 46 39 4 3 
4 5 3 68 51 41 4 5 
4 3 5 64 51 36 4 5 
6 4 4 48 45 63 6 4 
3 5 5 32 59 48 5 5 
4 4 3 35 55 46 4 3 
5 4 3 54 38 56 7 5 
6 3 5 56 37 44 3 3 
5 4 5 47 64 55 4 3 
4 6 5 48 54 40 5 4 
4 5 4 60 69 41 5 5 
4 4 3 45 41 69 5 6 
5 4 4 38 56 42 5 3 
4 5 3 26 47 47 4 5 
4 5 3 36 42 57 1 5 
4 6 2 60 62 47 5 6 
7 5 5 50 41 64 3 5 
4 5 5 50 50 51 5 5 
6 3 5 60 62 49 7 5 
5 4 4 43 36 55 5 5 
3 4 4 28 34 52 4 6 
4 4 3 59 44 57 4 4 
5 3 5 53 48 64 4 6 
4 3 5 58 68 25 4 5 
5 4 6 55 58 26 3 4 
4 3 5 63 43 39 4 4 
4 4 6 60 46 39 6 5 
4 5 3 67 44 50 4 7 
4 5 5 42 37 40 5 4 
7 4 7 48 38 37 3 5 
4 3 3 50 41 60 4 4 
2 6 6 55 35 49 5 4 
4 3 5 37 16 60 5 5 
5 7 4 52 52 53 4 4 
4 5 5 50 48 51 3 5 
4 3 5 56 36 58 4 5 
4 6 5 45 55 42 3 5 
5 5 5 73 62 38 5 5 
3 4 5 36 43 73 4 4 
6 5 5 40 49 45 5 3 
5 4 5 51 53 40 5 4 
7 5 4 49 50 72 4 3 
5 4 4 53 53 55 3 5 
4 5 5 49 51 49 4 4 
4 5 6 56 60 53 3 6 
5 2 5 54 36 52 1 5 
4 5 4 29 51 45 3 3 
4 4 5 53 41 54 3 4 
5 4 5 47 36 67 7 3 
5 4 5 65 42 58 3 5 
6 5 4 40 37 55 6 4 
3 5 4 61 43 57 5 6 
4 5 4 48 71 51 5 5 
4 3 5 56 40 54 6 5 
5 5 5 49 44 47 4 3 
4 6 4 55 52 38 4 4 
5 3 5 53 50 54 4 3 
3 6 5 61 54 49 3 5 
5 6 5 54 52 54 5 4 
7 4 4 49 55 59 3 4 
6 5 4 41 49 35 6 5 
4 4 3 43 65 43 3 5 
4 4 5 44 37 42 5 5 
4 3 4 47 51 50 6 3 
4 5 6 53 64 59 4 4 
6 6 3 43 64 38 4 3 
4 5 4 52 64 43 6 4 
5 5 4 51 33 41 4 5 
4 4 5 51 49 72 5 4 
5 3 7 45 49 41 5 5 
5 4 5 58 54 53 5 4 
4 4 4 48 42 40 5 5 
6 4 5 50 58 52 4 3 
5 3 5 37 47 42 6 5 
6 5 2 51 35 41 5 5 
3 5 5 52 36 54 6 4 
5 5 4 58 58 43 4 4 
5 5 4 58 42 66 5 6 
6 5 2 50 49 30 4 6 
3 5 2 38 32 51 4 7 
3 3 4 58 48 53 5 5 
5 5 4 71 63 48 5 3 
5 4 5 62 53 44 5 4 
5 6 5 63 55 59 3 4 
4 5 3 56 41 62 5 4 
6 5 4 62 45 67 6 5 
4 3 5 28 47 66 5 4 
5 4 4 51 36 48 6 3 
4 5 6 59 45 54 4 3 
5 5 3 50 42 58 4 6 
5 4 5 46 38 43 3 5 
3 5 5 30 58 44 4 4 
6 4 4 63 43 43 6 5 
4 6 5 44 33 52 5 4 
4 4 4 54 58 46 3 3 
5 5 4 58 50 48 5 4 
6 4 3 63 42 47 3 6 
5 5 3 39 62 44 5 5 
4 4 6 55 55 59 6 4 
3 6 6 39 41 48 4 3 
5 4 6 35 40 67 5 4 
3 3 6 29 41 45 3 4 
5 5 3 47 56 43 4 6 
5 3 5 64 48 45 5 5 
4 6 5 48 44 44 6 4 
4 5 5 48 50 49 5 3 
5 4 4 45 56 54 6 4 
5 4 7 63 51 50 4 3 
4 5 5 60 58 51 5 5 
5 5 6 29 44 40 3 6 
4 5 6 51 43 55 4 3 
4 5 4 44 42 56 4 5 
4 4 5 40 59 54 4 4 
5 4 5 53 32 46 5 5 
4 4 4 35 39 73 4 4 
3 6 5 59 51 44 4 3 
4 3 4 70 66 50 5 3 
4 3 4 49 27 35 5 5 
4 3 7 62 48 43 5 4 
4 5 5 76 59 46 5 5 
4 5 4 43 35 37 4 3 
5 3 4 49 52 67 5 5 
3 6 5 47 75 52 5 6 
4 6 5 58 47 52 6 6 
4 5 3 58 48 40 5 5 
5 5 5 64 51 37 2 6 
6 6 4 58 63 53 5 6 
4 3 4 53 40 38 4 4 
5 5 4 63 13 46 4 4 
5 5 4 47 55 42 6 6 
5 3 6 47 42 46 5 4 
4 4 5 61 49 44 5 5 
4 6 3 39 74 46 6 3 
4 4 4 61 45 59 4 3 
3 3 3 52 43 58 7 4 
5 4 5 48 49 48 5 3 
4 4 7 49 44 39 5 4 
5 4 4 41 52 37 5 4 
3 6 3 43 52 28 5 4 
5 6 7 54 63 41 4 6 
4 3 6 57 59 36 4 5 
6 6 5 48 43 48 4 5 
5 5 5 59 60 57 4 5 
6 2 3 45 76 67 3 3 
4 4 3 55 47 47 4 5 
3 5 4 69 60 53 4 3 
5 4 3 58 61 55 5 6 
6 6 6 31 41 54 4 6 
5 5 6 56 45 49 4 5 
5 4 6 41 59 56 5 6 
5 4 4 24 55 50 6 6 
5 4 6 47 52 58 3 2 
4 5 5 65 46 53 4 5 
6 4 4 45 53 43 6 4 
4 4 6 56 62 51 5 4 
4 4 5 53 65 46 5 6 
4 5 5 54 47 47 5 5 
4 4 5 36 36 63 3 6 
3 2 4 41 49 52 5 3 
5 5 6 48 45 59 5 5 
4 5 6 53 59 38 4 4 
5 4 6 43 43 56 5 4 
4 4 3 56 58 55 5 5 
6 5 4 56 47 39 3 5 
5 3 5 44 49 60 4 3 
4 5 7 17 54 47 4 4 
