50		2568	2669	1801.82		2696	0.00287955		2821	0.000174455		2795	0.000194589		2872	2.6e-05	         2981	4.7272e-05		2919	0.00059999		2820	0.0001376	
100		5061	5233	1800.6		5225	0.00610232		5560	0.000723648		5456	0.000789238		5570	5.2082e-05		    5812	8.9647e-05		5703	0.00251786		5548	0.0004924
150		7523	8140	1800.81		7947	0.00422371		8211	0.00164496		8109	0.00181914		8432	9.7659e-05		    8849	0.000129272		8540	0.00458316		8162	0.0011203
200		10039	10637	1801.38		10541	0.00580796		10823	0.00296563		10869	0.00324334		11160	0.000140339		    11727	0.000172734		11307	0.00963459		10788	0.002
250		12616	13299	1802.13		13057	0.00858478		13483	0.00464274		13483	0.00555613		13916	0.000218818		    14525	0.000215039		14042	0.0128623		13439	0.003
300		15068	16605	1804.29		15861	0.00866229		16310	0.00669431		16352	0.00731286		16905	0.00025373		    17546	0.000279019		17103	0.0190915		16243	0.004
350		17749	18456	1807.79		18281	0.0171162		18876	0.00913832		18880	0.0108942		19667	0.000365279		    20328	0.000310821		19583	0.0261431		18790	0.006
400		20032	21406	1805.66		20905	0.0224271		21568	0.0120424		21565	0.014165		22337	0.000366234		    23366	0.000341537		22640	0.0328306		21517	0.007
450		22570	26035	1807.18		23337	0.0216385		24133	0.0151858		24086	0.0163573		24864	0.000506858		    26061	0.000443333		25039	0.043632		24111	0.010
500		24943	28993	1809.07		25990	0.0274701		26698	0.0187252		26700	0.0220115		27764	0.000565005		    28939	0.000426374		27970	0.0506959		26634	0.012
550		27910	32080	1811.24		28811	0.0191111		29426	0.022685		29420	0.0266106		30728	0.000686667		    32067	0.000481682		30818	0.0584579		29349	0.015
600		29854	34724	1813.61		31182	0.0237434		31987	0.0270081		31996	0.0316325		33236	0.000912575		    34620	0.000534476		33382	0.0741376		31889	0.018
650		32163	37658	1816.72		33458	0.0515405		34413	0.0314259		34596	0.0341766		35771	0.00105102		    37514	0.000565076		36007	0.0833665		34350	0.021
700		34780	40425	1819.46		36418	0.024193		37277	0.0366505		37279	0.0431365		38590	0.00104113		    40380	0.000590319		38902	0.0989789		37055	0.024
750		37371	43476	1822.73		39093	0.0304171		40134	0.0420286		40095	0.0452552		41431	0.00122289		    43451	0.000576551		41760	0.119146		40008	0.028
800		39694.7	46076	1825.49		41359	0.0381721		42460	0.0479498		42486	0.0563407		44191	0.00147206		    46023	0.000664142		44543	0.129714		42348	0.032
850		42112	49274	1828.96		44158	0.0346704		44972	0.0540706		45263	0.0581784		46499	0.00165391		    48972	0.000639192		47066	0.145		44830	0.0367937
900		44800.2	52144	1833.18		46743	0.0336594		47687	0.060625		47973	0.0652294		49751	0.00171218		    52097	0.000777799		50216	0.159593		47606	0.041
950		47766	55449	1837.37		49716	0.0400797		50734	0.0675547		50746	0.0794886		52850	0.00183359		    55389	0.000741305		53146	0.18002		50564	0.0460061
1000		49758.2	58006	1842.9		51925	0.0473379		53078	0.0748751		53253	0.0805229		55366	0.00201165	 57768	0.00304089		55859	0.202597		52980	0.050246 	
1050		51997	60627	1847.34		54313	0.0481773		55629	0.0824198		55629	0.0973125		57987	0.00254784	 60600	0.000804344		58182	0.227541		55471	0.055977 	
1100		54718	63823	1850.67		56975	0.0593411		58266	0.0910492		58253	0.107315		60613	0.00296433	 63763	0.00089554		61063	0.24181		58182	0.0614223	 	
1150		57577	66796	1878.26		59897	0.0578374		61235	0.105477		61430	0.10808		63601	0.00288824		 66933	0.000919785		63938	0.271272		60977	0.0672973
1200	    0		69107	1865.84		62079	0.0533008		63459	0.108458		63463	0.12773		65833	0.0034265		 69092	0.000934298		66678	0.292787		63246	0.072706 
1250	    0		72166	1869.46		64820	0.0533917		66305	0.119134		66305	0.141406		69038	0.00332932	 72294	0.00107011		69510	0.314363		66066	0.0788358	
1300	    0		75197	1986.54		67483	0.0630992		69285	0.127129		69270	0.150327		71760	0.00346493	 75204	0.00101568		72296	0.347288		68969	0.0857594	
1350	    0		78245	1947.9		70240	0.0630547		71901	0.137703		71918	0.148153		74433	0.00353214	 78319	0.00106142		75148	0.372625		71560	0.0920472	
1400	    0		81065	2668.55		72691	0.0750091		74564	0.147032		74561	0.173699		77464	0.00380799	 80985	0.00110673		78013	0.411663		74221	0.0990275	
1450	    0		84305	1895.71		75785	0.0567603		77187	0.158205		77018	0.169639		80422	0.00406434	 84275	0.0012612		80637	0.441315		76992	0.105707 	
1500	    0		86836	1902.22		77801	0.0820549		79895	0.169331		79941	0.201891		82761	0.00452311	 86866	0.00136767		83233	0.47521		79583	0.113226	 	
1550		0	0	8.1e-08		81337	0.0577026		82740	0.179807		82367	0.194083		86220	0.00466536		     90190	0.00120213		86490	0.50091		82373	0.120902	 
1600		0	0	9.5e-08		82892	0.0911315		84583	0.191429		85341	0.206445		88350	0.00475947		     92578	0.00124779		88967	0.531621		84213	0.128884 
1650		0	0	1e-07		85996	0.0807473		87895	0.20384		87716	0.219686		91349	0.00524577		         96026	0.00145142		91588	0.576836		87545	0.136613 
1700		0	0	7.9e-08		88475	0.073483		89814	0.217988		90118	0.233679		93763	0.00564091		     98593	0.00157471		94301	0.617574		89467	0.145331 
1750		0	0	8.2e-08		91067	0.1024		93207	0.229202		92878	0.247275		97051	0.00626576		         101914	0.00153585		97207	0.656416		92873	0.154083 
1800		0	0	7.9e-08		93577	0.0883892		95003	0.242858		95803	0.261515		99475	0.00633737		     104092	0.00157957		100099	0.674345		94712	0.163028 
1850		0	0	8.6e-08		95627	0.0947092		97375	0.256151		97386	0.302307		101936	0.00761862		     106844	0.00141455		102197	0.73606		96970	0.171668	 
1900		0	0	8.5e-08		98920	0.0978111		101198	0.270444		101190	0.319764		105270	0.00759072		     110458	0.00146055		105610	0.760457		100700	0.181683 
1950		0	0	8.2e-08		100794	0.10642		102558	0.285349		102585	0.335772		107366	0.0086551		         112352	0.00153842		107851	0.809769		102167	0.19085	 
2000		0	0	8.5e-08		103917	0.109436		105508	0.299628		106411	0.322854		110574	0.00770983		     115958	0.00155687		111169	0.848369		105137	0.200784 
2050		0	0	9.6e-08		107083	0.0884049		108954	0.31482		108951	0.371035		113398	0.0077872		         118920	0.00197216		113578	0.888301		108469	0.21081	 
2100		0	0	8e-08		109353	0.107411		111792	0.330301		111828	0.389106		116146	0.00872595		     121934	0.00199196		117080	0.93008		111374	0.221398	 
2150		0	0	8.6e-08		111783	0.121165		114289	0.346649		114327	0.407988		118880	0.00887931		     124546	0.00174285		119354	0.996252		113844	0.232119 
2200		0	0	5.4e-08		114122	0.138769		115991	0.363054		116994	0.392107		121294	0.0100051		     127277	0.00181651		122102	1.04016		115688	0.242708	 
2250		0	0	8e-08		116968	0.146919		119268	0.37991		119494	0.409285		124472	0.0105422		         130654	0.00207428		125063	1.10145		118890	0.254526	 
2300		0	0	7.1e-08		119622	0.13323		121334	0.396602		121367	0.467047		126763	0.0108033		         133344	0.00237863		128141	1.12764		120911	0.265544	 
2350		0	0	9e-08		122608	0.130808		124580	0.413693		124799	0.445873		130124	0.0110863		     136672	0.00191826		130654	1.20757		124164	0.276652	 
2400		0	0	8.4e-08		125200	0.112335		126879	0.432327		126761	0.465123		132657	0.0106517		     138814	0.00235107		132930	1.22219		126492	0.289009	 
2450		0	0	8e-08		128204	0.109829		130170	0.449881		130134	0.530752		135732	0.0109468		     142019	0.001993		136613	1.27713		129682	0.300531	 
2500		0	0	8.1e-08		130230	0.152276		131862	0.468382		131854	0.551921		137960	0.0139608		     144759	0.00237521		139359	1.35796		131239	0.31304		
2550		0	0	9.3e-08		132521	0.169737		135402	0.488245		135393	0.57402		140937	0.0120646		         147755	0.0020729		141501	1.42543		134884	0.325907	 
2600		0	0	8.2e-08		135244	0.141004		137463	0.50662		137430	0.597112		143606	0.0134476		         150530	0.00216109		144340	1.46731		137049	0.338008	 
2650		0	0	7.8e-08		137780	0.148947		139810	0.526319		139816	0.620549		146300	0.0153322		     153357	0.00218047		146898	1.53677		139213	0.351814	 
2700		0	0	9.8e-08		141726	0.121453		142509	0.54676		142503	0.643908		149336	0.0171449		         156659	0.00226463		150395	1.58453		141960	0.365219	 
2750		0	0	7.9e-08		142833	0.157077		144877	0.568014		144814	0.66767		151503	0.0176177		         158810	0.00225049		152552	1.67684		144325	0.379065	 
2800		0	0	8.9e-08		146212	0.172966		149025	0.58776		148598	0.634292		155237	0.0150966		         163014	0.0023239		156041	1.72958		148499	0.393203	 
2850		0	0	6.9e-08		147807	0.184999		150202	0.609563		150843	0.657181		157327	0.0163871		     164823	0.00229219		158155	1.79757		149651	0.407291	 
2900		0	0	8.8e-08		151624	0.164169		153187	0.630945		153167	0.742142		160570	0.0157086		     168085	0.00241898		161680	1.84799		152570	0.421857	 
2950		0	0	9e-08		153154	0.18479		155474	0.652824		156108	0.704288		162784	0.0161398		         170643	0.00246995		163615	1.97107		154835	0.43525		
3000		0	0	8.1e-08		156806	0.186955		159563	0.675698		158991	0.728803		166479	0.017368		     174505	0.0024733		167342	1.99085		158944	0.450829	 
3050		0	0	7.7e-08		159007	0.192727		161386	0.698032		161548	0.752834		168727	0.0172841		     177092	0.00267854		170200	2.08595		160966	0.466158	 
3100		0	0	8.5e-08		160372	0.212204		162603	0.72081		162529	0.849031		170226	0.0191455		         178403	0.00254156		171084	2.12559		162017	0.481429	 
3150		0	0	1.01e-07		164455	0.19594		166794	0.744527		166859	0.8766		174666	0.0207247		         182714	0.00258972		174997	2.25527		166252	0.497071	 
3200		0	0	8.2e-08		166114	0.23022		169101	0.768271		169110	0.905158		176797	0.0191077		         185110	0.00276408		177594	2.26048		168586	0.512783	 
3250		0	0	8.2e-08		169356	0.221909		171801	0.791999		172165	0.855487		179493	0.0231164		     188784	0.00270417		180928	2.3825		171391	0.529072	 
3300		0	0	1.2e-07		172127	0.192866		174430	0.817224		174406	0.961817		182514	0.0213706		     190851	0.00324279		182783	2.50467		173848	0.544335	 
3350		0	0	7.7e-08		174147	0.223703		176887	0.841916		177140	0.909009		184997	0.0225522		     194083	0.00347193		185549	2.55392		176102	0.561156	 
3400		0	0	7.6e-08		176334	0.224417		178319	0.867815		178227	1.02135		186704	0.0226158		         195767	0.00286293		187736	2.62415		177651	0.578908	 
3450		0	0	8.6e-08		179731	0.236428		182214	0.893734		182525	0.971637		190760	0.0228542		     200448	0.00314985		191775	2.72684		181724	0.595668	 
3500		0	0	1.01e-07		183017	0.23184		185895	0.919877		185499	0.991883		193624	0.0221411		     203479	0.00340398		195351	2.7755		185143	0.612878	 
3550		0	0	9.2e-08		184732	0.250947		187539	0.945592		187747	1.02143		196329	0.0260515		         206064	0.00295306		197504	2.88436		187030	0.632024	 
3600		0	0	8.7e-08		188696	0.224768		191156	0.972769		190664	1.04896		199643	0.0257277		         209158	0.00295262		200770	2.98434		190574	0.649053	 
3650		0	0	7.2e-08		190341	0.250409		192751	1.00098		192647	1.17572		201752	0.0251765		             211792	0.0030122		202535	3.11914		191933	0.666547	 
3700		0	0	8.1e-08		193454	0.256582		196589	1.02862		195753	1.11399		205353	0.0303912		             214764	0.0030747		206125	3.19682		195789	0.684975	 
3750		0	0	7e-08		195840	0.247881		198660	1.08533		198200	1.16455		207412	0.0313578		             217620	0.00309545		207972	3.28371		197842	0.704051	 
3800		0	0	7.6e-08		198287	0.275286		200251	1.08458		200336	1.27959		209909	0.0303976		             220168	0.00316704		211284	3.32694		199559	0.72273		
3850		0	0	8.1e-08		201203	0.260755		203561	1.12202		203700	1.20729		213167	0.0268353		             223729	0.0032542		214371	3.48226		203100	0.740494	 
3900		0	0	8e-08		202447	0.28932		204768	1.14646		204769	1.34656		214457	0.0293768		                 224980	0.0033131		215464	3.56898		204047	0.760154	 
3950		0	0	8.6e-08		205386	0.320299		208528	1.17239		209081	1.26498		217708	0.030249		             228876	0.00336696		218996	3.63966		207691	0.780537	 
4000		0	0	8e-08		208228	0.262757		210105	1.20172		210056	1.41343		220118	0.0312423		             230555	0.00331002		221083	3.68033		209324	0.802439	 
4050		0	0	9.6e-08		210965	0.298824		214285	1.23121		213685	1.32764		223631	0.0326299		             234518	0.00347709		224971	3.8736		213367	0.821225	 
4100		0	0	8.9e-08		212749	0.309344		215270	1.26185		215234	1.48464		225444	0.0317552		             236573	0.00364655		226718	3.86577		214636	0.841443	 
4150		0	0	8.7e-08		216069	0.317014		219438	1.29247		218775	1.39518		229268	0.0390311		             240320	0.00376532		230326	4.0806		218539	0.861791	 
4200		0	0	7.8e-08		220046	0.302779		222820	1.3237		222227	1.42927		232821	0.0326405		             244127	0.00372131		234080	4.10397		222054	0.884791	 
4250		0	0	8.4e-08		221650	0.328056		224349	1.3566		225014	1.46378		234732	0.0368242		             246921	0.0048818		235926	4.2932		223356	0.909325	 
4300		0	0	7.7e-08		223890	0.336069		227181	1.38897		227143	1.63344		237846	0.0385357		             248843	0.00435763		238438	4.30383		226333	0.928426	 
4350		0	0	1.13e-07		226141	0.382926		229883	1.42019		229875	1.53428		240795	0.0341221		         252582	0.00419792		241887	4.45398		229070	0.946207	 
4400		0	0	9.4e-08		229867	0.313172		232471	1.45606		232411	1.71059		243360	0.0348708		             255188	0.00378912		244172	4.52859		231508	0.968374	 
4450		0	0	8.6e-08		231689	0.379618		234863	1.48696		235450	1.60476		245747	0.0376494		             258242	0.00448384		246658	4.74859		233896	0.99095		
4500		0	0	7.9e-08		233498	0.415347		237802	1.52481		237763	1.79244		249094	0.036988		             260695	0.00508093		249368	4.77991		236664	1.01436		
4550		0	0	8.8e-08		238085	0.324771		239978	1.55459		240713	1.67663		250861	0.0369468		             263750	0.00386173		252437	4.95656		239049	1.03698		
4600		0	0	9.1e-08		238071	0.42547		241621	1.58756		242766	1.71614		253056	0.0408078		                 265584	0.00467954		254812	5.01971		240701	1.059		
4650		0	0	8.9e-08		242272	0.400478		245515	1.62463		245663	1.75365		257476	0.0387015		             270198	0.00522922		258210	5.18583		244702	1.08658		
4700		0	0	8.7e-08		244644	0.423509		247519	1.65897		247578	1.95075		260221	0.0396045		             272924	0.00531987		261187	5.29075		246470	1.10627		
4750		0	0	9e-08		247253	0.40579		250374	1.69462		251142	1.83017		262055	0.041762		                 275272	0.00447776		263055	5.41904		249319	1.12988		
4800		0	0	9e-08		249666	0.42293		253443	1.72968		253427	2.03462		265226	0.0444111		                 277897	0.0041169		266100	5.47369		252463	1.15421		
4850		0	0	1.06e-07		252454	0.424333		256040	1.76703		255959	1.90681		267980	0.0474664		         281207	0.00433132		268843	5.7211		255119	1.17801		
4900		0	0	8.5e-08		255677	0.400491		259068	1.80283		258985	2.1203		271141	0.0445465		             284004	0.00455591		271560	5.89644		257905	1.20118		
4950		0	0	8.8e-08		257639	0.425736		260802	1.84171		261683	1.98663		273291	0.046553		             286885	0.0045205		274401	5.94666		259725	1.2268		
5000		0	0	8e-08		260571	0.385351		262679	1.87824		263860	2.02794		274726	0.0456849		             288937	0.00466066		276739	6.03724		261605	1.25095		
