50		3846	3847	1800.17		3848	0.00188971		3872	0.00017444		3984	0.0001942		3854	2.9194e-05		    3868	    5.2904e-05		3972	0.000599281		3878	0.000
100		7463	7463	96.5817		7495	0.00332581		7486	0.000719667		7614	0.000789719		7490	6.4299e-05		    7496	    7.8873e-05		7664	0.0022863		7501	0.000
150		11130	11131	446.895		11181	0.00555136		11155	0.00163748		11292	0.00179671		11157	0.00012674		    11169	    0.000120268		11372	0.00561352		11161	0.001
200		14757	14773	1801.5		14850	0.00549462		14788	0.00293408		14924	0.00321551		14783	0.000177548		    14802	    0.000146466		15051	0.0104452		14792	0.001
250		18612	18655	1802.17		18706	0.00601374		18635	0.00464178		18778	0.00504552		18638	0.000253845		    18643	    0.000186032		18923	0.0171426		18648	0.003
300		22534	22581	1803.06		22574	0.0109972		22556	0.00678018		22700	0.00733776		22559	0.000332696		    22575	    0.000236073		22880	0.0244659		22569	0.004
350		26202.2	26941	1804.17		26330	0.0102123		26225	0.00917747		26376	0.00990202		26223	0.000423127		    26250	    0.00028068		26609	0.0346311		26237	0.006
400		30022.9	30997	1805.59		30149	0.0104631		30044	0.0119842		30197	0.0129862		30043	0.000538398		    30074	    0.000341217		30407	0.0454922		30055	0.008
450		33545.7	34075	1812.87		33647	0.0170379		33568	0.0151615		33723	0.0163925		33570	0.000643787		    33608	    0.000357843		33995	0.0541138		33581	0.010
500		37295.9	38430	1812.97		37391	0.0154976		37318	0.0188395		37473	0.020246		37319	0.000750928		    37344	    0.000398961		37765	0.0678938		37328	0.012
550		40973	41410	1811.31		41131	0.0147983		40992	0.0227912		41151	0.0243876		40994	0.000917454		    41034	    0.000385253		41382	0.0819301		41002	0.015
600		44785.8	48463	1813.69		44912	0.0195553		44807	0.0270162		44966	0.0289578		44815	0.001059		    44839	    0.000476154		45204	0.0923672		44808	0.018
650		48370	49451	1817.19		48528	0.0212593		48388	0.0317156		48548	0.0340588		48392	0.0012117		    48416	    0.00049175		48878	0.11567		48397	0.0216188
700		52133	56391	1819.2		52195	0.0245335		52151	0.036615		52311	0.0394356		52149	0.00134512		    52197	    0.000487661		52600	0.13597		52163	0.0249091
750		55751	58802	1822.03		55908	0.0283065		55770	0.0420746		55929	0.0453162		55775	0.00158624		    55800	    0.000556765		56229	0.152049		55771	0.028
800		59518.8	64411	1825.34		59642	0.0300388		59540	0.0477371		59699	0.0520391		59539	0.00177483		    59571	    0.000638201		60004	0.169619		59540	0.032
850		63241.8	68335	1829.76		63411	0.0249535		63263	0.0553938		63422	0.0597066		63265	0.00209979		    63304	    0.000670673		63787	0.190119		63263	0.037
900		67086.8	72532	1833.79		67284	0.0268543		67118	0.060868		67295	0.0657923		67120	0.00221271		    67152	    0.000671649		67602	0.213345		67118	0.041
950		70864.8	76748	1838.9		71104	0.0284486		70897	0.0680918		71076	0.073606		70900	0.00248515		    70943	    0.000696928		71359	0.225284		70899	0.046
1000		74500.8	80594	1843.23		74729	0.0384788		74533	0.0749621		74712	0.0829562		74535	0.00283746	 74556	0.0033127		75023	0.26217		74535	0.050786	 	
1050		78132.8	84594	1845.08		78387	0.0356715		78164	0.0824076		78344	0.0895535		78171	0.00309103	 78213	0.000745209		78642	0.273508		78174	0.056895 	
1100		81794.8	88467	1850.16		82226	0.0331174		81828	0.0906994		82006	0.0976356		81827	0.00325307	 81867	0.00118708		82308	0.295386		81830	0.0620962	
1150		85555.8	92549	1854.06		85931	0.0296365		85589	0.0993214		85767	0.107291		85594	0.00358399	 85606	0.000825534		86049	0.316892		85597	0.0679913	
1200		0	96666	1861.73		89715	0.0346508		89385	0.107856		89563	0.116524		89394	0.00375579		 89449	0.00085157		89887	0.371223		89392	0.0735392
1250		92852.8	100406	2269.57		93168	0.0410059		92886	0.117104		93064	0.12651		92895	0.00403942		 92927	0.000899557		93348	0.395762		92887	0.0796368
1300		0	104496	1872.66		97084	0.0387413		96704	0.133283		96878	0.137019		96719	0.00451747		 96758	0.000956425		97189	0.405672		96712	0.0878592
1350		0	108669	1882.17		100775	0.048847		100509	0.139451		100683	0.147282		100519	0.00489393		 100570	0.000980473		100992	0.450485		100512	0.0929034
1400		0	112637	2256.85		104587	0.0468627		104191	0.146476		104377	0.158553		104194	0.00523665		 104273	0.00100309		104726	0.52649		104192	0.0999209	 
1450		0	116795	2301.1		108474	0.0563694		108084	0.157174		108270	0.170335		108093	0.00544208		 108145	0.00104549		108594	0.503708		108085	0.106791 
1500		0	120720	1899		112124	0.0518268		111678	0.169408		111864	0.18188		111687	0.00601077		     111741	0.00107413		112189	0.588874		111679	0.114075 
1550		0	0	8.2e-08		115519	0.0592122		115190	0.180202		115376	0.194528		115204	0.0062608		     115252	0.00195701		115701	0.604703		115197	0.120916 
1600		0	0	8.6e-08		119284	0.0583578		118913	0.191978		119099	0.208713		118925	0.00672507		     118976	0.00115387		119386	0.629009		118914	0.128449 
1650		0	0	9.6e-08		123227	0.0569887		122723	0.204044		122909	0.220889		122732	0.00709214		     122787	0.00119027		123215	0.694249		122724	0.137034 
1700		0	0	7.8e-08		125516	0.0677393		125240	0.216893		125405	0.236019		125218	0.00746633		     125313	0.00123589		125734	0.730541		125230	0.145272 
1750		0	0	8.6e-08		129127	0.0656199		128715	0.229826		128880	0.247721		128697	0.00792225		     128778	0.00128341		129189	0.737122		128705	0.15377	 
1800		0	0	8.5e-08		132899	0.0620144		132442	0.243138		132607	0.262519		132430	0.00834297		     132505	0.00133711		132940	0.796428		132433	0.162874 
1850		0	0	9.7e-08		136734	0.0714946		136231	0.256681		136395	0.27739		136214	0.00877988		         136272	0.00136637		136709	0.880365		136221	0.172248 
1900		0	0	8.6e-08		140402	0.0710886		139945	0.274775		140109	0.292957		139933	0.00937104		     139995	0.00135864		140451	0.888307		139935	0.181814 
1950		0	0	5.7e-08		144017	0.0747346		143524	0.284992		143692	0.30879		143507	0.00979936		         143592	0.00157366		144019	0.925788		143514	0.191018 
2000		0	0	8.1e-08		147793	0.0776109		147306	0.300023		147489	0.324404		147299	0.0101992		     147378	0.00146408		147806	0.97491		147296	0.20064		
2050		0	0	8.8e-08		151462	0.0847187		151091	0.315202		151274	0.340458		151087	0.0108084		     151092	0.00155243		151576	1.03152		151081	0.211227	 
2100		0	0	8.8e-08		155475	0.0787053		154965	0.330767		155148	0.358827		154948	0.0113013		     155035	0.00155277		155453	1.08199		154956	0.221169	 
2150		0	0	7.4e-08		159359	0.0790105		158723	0.346999		158906	0.373892		158714	0.0117238		     158790	0.00159455		159252	1.11996		158715	0.232285	 
2200		0	0	8.6e-08		163075	0.0866639		162426	0.362552		162609	0.391571		162414	0.0123168		     162501	0.00165654		163013	1.18469		162418	0.244564	 
2250		0	0	8.2e-08		166706	0.096466		166200	0.380488		166383	0.411064		166188	0.0128652		     166201	0.00171187		166726	1.18651		166192	0.254028	 
2300		0	0	9.1e-08		170241	0.108666		169792	0.397911		169977	0.430298		169778	0.0134983		     169869	0.00174003		170310	1.33123		169789	0.265022	 
2350		0	0	7.8e-08		174548	0.0868793		173675	0.414894		173860	0.449536		173666	0.0141174		     173678	0.00177041		174252	1.35393		173668	0.276671	 
2400		0	0	9e-08		178403	0.0852568		177506	0.431927		177691	0.467242		177503	0.0147108		     177583	0.00182975		178059	1.38347		177499	0.288062	 
2450		0	0	7.7e-08		181616	0.0997108		180954	0.451413		181139	0.488412		180940	0.0154547		     181043	0.00186245		181504	1.49985		180947	0.300805	 
2500		0	0	7.6e-08		185059	0.112187		184530	0.469308		184715	0.507506		184519	0.0159068		     184618	0.00189595		185032	1.52989		184525	0.313555	 
2550		0	0	9.1e-08		188843	0.112183		188260	0.487847		188445	0.527588		188246	0.0166724		     188337	0.00215147		188785	1.61707		188256	0.326349	 
2600		0	0	8.5e-08		192485	0.115764		191921	0.506544		192106	0.547776		191906	0.01744		         191924	0.00202381		192443	1.65779		191915	0.338795	 
2650		0	0	1.08e-07		196220	0.11651		195549	0.526057		195734	0.56969		195534	0.0181038		         195612	0.00201011		196171	1.75608		195546	0.351913	 
2700		0	0	1.02e-07		199507	0.143655		199033	0.547699		199218	0.591786		199024	0.0186217		 199124	0.00217365		199552	1.91533		199026	0.365134	 
2750		0	0	8.5e-08		203586	0.11978		202786	0.568461		202971	0.613487		202767	0.019424		         202877	0.00212743		203286	1.97145		202780	0.381429	 
2800		0	0	8.3e-08		207188	0.133412		206489	0.588571		206674	0.638223		206482	0.0203124		     206492	0.00240163		207002	1.9882		206482	0.392786	 
2850		0	0	9e-08		210715	0.145456		210178	0.609771		210363	0.660935		210173	0.0208584		     210181	0.00217426		210696	2.01566		210171	0.407079	 
2900		0	0	7.8e-08		214517	0.147834		213859	0.631386		214044	0.683726		213843	0.0215913		     213949	0.00222668		214377	2.08467		213853	0.420999	 
2950		0	0	8.8e-08		218052	0.152268		217525	0.653628		217710	0.707829		217517	0.0222548		     217618	0.00229987		218125	2.2106		217518	0.436384	 
3000		0	0	8.5e-08		221846	0.142143		221061	0.676006		221246	0.732804		221053	0.0232382		     221156	0.00233968		221574	2.22897		221054	0.451152	 
3050		0	0	8e-08		225330	0.155392		224640	0.698728		224825	0.756113		224632	0.0239997		     224734	0.0023573		225184	2.31091		224633	0.46615		
3100		0	0	7e-08		229275	0.145951		228340	0.72256		228525	0.782078		228332	0.0245324		         228343	0.00240548		228861	2.45409		228333	0.480612	 
3150		0	0	1.07e-07		233002	0.139088		231901	0.744565		232086	0.807537		231893	0.0252613		 231992	0.00239477		232426	2.56369		231894	0.49697		
3200		0	0	8.4e-08		236166	0.168108		235466	0.769127		235651	0.833352		235448	0.0258691		     235469	0.00250687		235994	2.68871		235458	0.512998	 
3250		0	0	8.5e-08		240197	0.146927		239040	0.792515		239225	0.859225		239032	0.0268554		     239043	0.00256195		239553	2.62728		239032	0.528877	 
3300		0	0	9.9e-08		243727	0.170106		242801	0.817736		242986	0.885414		242794	0.0275949		     242876	0.00256323		243396	2.81255		242793	0.544501	 
3350		0	0	9.7e-08		247471	0.162646		246504	0.842668		246689	0.912873		246496	0.0286917		     246588	0.00258746		247010	2.90258		246497	0.56117		
3400		0	0	7.9e-08		251678	0.150402		250305	0.868499		250490	0.940404		250292	0.0297454		     250384	0.00263338		250911	2.90279		250299	0.578674	 
3450		0	0	7.7e-08		255055	0.173309		254080	0.893649		254265	0.967832		254062	0.0301584		     254149	0.00267044		254598	3.07779		254072	0.595772	 
3500		0	0	7.1e-08		258743	0.188753		257793	0.919483		257978	0.99582		257780	0.0313019		         257796	0.00275664		258330	2.99585		257785	0.613097	 
3550		0	0	8e-08		262304	0.191071		261444	0.945535		261629	1.02466		261431	0.0324536		         261447	0.00278526		261961	3.32513		261436	0.630363	 
3600		0	0	7.9e-08		266414	0.172423		265263	0.973371		265448	1.05323		265250	0.033084		         265266	0.00283994		265809	3.26792		265256	0.650252	 
3650		0	0	7.6e-08		269911	0.204746		268986	1.00047		269171	1.08306		268973	0.0338717		             268989	0.00283305		269508	3.46858		268978	0.667105	 
3700		0	0	1e-07		273569	0.21659		272745	1.02894		272930	1.11303		272741	0.0351808		                 272828	0.00290075		273265	3.40908		272738	0.685134	 
3750		0	0	9.8e-08		277344	0.21994		276418	1.0566		276603	1.14236		276414	0.0357129		                 276527	0.00294492		276935	3.7848		276410	0.704717	 
3800		0	0	9.7e-08		281104	0.210874		280129	1.0847		280314	1.17368		280117	0.0369258		             280234	0.00292113		280746	3.72703		280121	0.723363	 
3850		0	0	1.18e-07		284823	0.220176		283717	1.11351		283902	1.20627		283720	0.0376358		         283810	0.0029761		284293	3.87131		283709	0.741406	 
3900		0	0	7.8e-08		288328	0.229154		287243	1.14219		287428	1.23738		287246	0.0385691		             287246	0.00311172		287761	3.95503		287236	0.760819	 
3950		0	0	7.8e-08		291965	0.247844		291011	1.17193		291196	1.26748		291014	0.0393282		             291014	0.00312086		291563	3.96057		291003	0.781117	 
4000		0	0	8e-08		295661	0.260538		294786	1.20162		294971	1.29806		294789	0.0405255		             294882	0.00361058		295303	4.24408		294778	0.801096	 
4050		0	0	9.2e-08		299831	0.225552		298538	1.23241		298723	1.33234		298541	0.0415489		             298541	0.00321452		299070	4.27016		298531	0.820321	 
4100		0	0	1.05e-07		303256	0.260926		302277	1.26297		302462	1.36479		302280	0.0428825		         302280	0.00378966		302816	4.54774		302269	0.84114		
4150		0	0	8.9e-08		307221	0.252461		306089	1.29341		306274	1.39872		306092	0.0441412		             306193	0.00387628		306739	4.71143		306082	0.861973	 
4200		0	0	8.4e-08		310839	0.26887		309916	1.32511		310101	1.43363		309919	0.0445631		                 309919	0.00336969		310474	4.56591		309908	0.883258	 
4250		0	0	7.6e-08		314604	0.267599		313576	1.3566		313766	1.46789		313575	0.045668		             313685	0.00346086		314088	4.52838		313576	0.903929	 
4300		0	0	7.8e-08		318617	0.261553		317438	1.38963		317628	1.50448		317437	0.0467966		             317454	0.00350775		317961	4.96558		317438	0.926198	 
4350		0	0	1.03e-07		322513	0.276924		321302	1.4231		321493	1.53896		321307	0.047819		         321319	0.00357547		321830	4.83511		321303	0.947446	 
4400		0	0	1.17e-07		326130	0.285472		324945	1.45569		325136	1.57196		324956	0.0487496		         324962	0.00373127		325514	5.01725		324946	0.968748	 
4450		0	0	8e-08		329378	0.305018		328371	1.48745		328562	1.60835		328374	0.0497873		             328388	0.00384728		328909	5.19382		328374	0.992045	 
4500		0	0	8.2e-08		333240	0.307543		332196	1.52234		332387	1.64279		332200	0.0507942		             332213	0.00377103		332742	5.32794		332197	1.01373		
4550		0	0	9.2e-08		337145	0.309245		336113	1.55879		336304	1.67902		336124	0.0522427		             336130	0.00366377		336617	5.50411		336114	1.03683		
4600		0	0	7.5e-08		340861	0.304597		339790	1.5961		339981	1.71996		339807	0.0531683		             339807	0.00446934		340344	5.65811		339791	1.05915		
4650		0	0	7.9e-08		344685	0.323415		343531	1.62562		343722	1.76135		343533	0.053912		             343548	0.00447705		344093	5.66775		343533	1.0825		
4700		0	0	8.1e-08		348458	0.316183		347197	1.66142		347388	1.79739		347199	0.0550001		             347214	0.00487978		347798	6.2052		347198	1.10565		
4750		0	0	8.2e-08		352034	0.336607		350948	1.69985		351139	1.83192		350959	0.0563894		             350965	0.00430724		351503	5.89257		350949	1.13011		
4800		0	0	9.2e-08		356179	0.305255		354776	1.73893		354967	1.87396		354787	0.0575668		             354793	0.00543917		355431	6.29323		354777	1.15322		
4850		0	0	8.8e-08		359582	0.340657		358400	1.76887		358591	1.91727		358411	0.0582913		             358417	0.00512827		358918	6.58681		358401	1.17909		
4900		0	0	8.6e-08		363274	0.342453		361940	1.80937		362131	1.95034		361941	0.0599178		             361957	0.00435306		362655	6.48548		361941	1.20178		
4950		0	0	9.7e-08		367089	0.341615		365707	1.8471		365898	1.99334		365708	0.0606856		             365724	0.00503805		366330	6.31872		365708	1.22866		
5000		0	0	8.7e-08		371149	0.319937		369321	1.87939		369508	2.03536		369338	0.0620418		             369338	0.00437077		369866	6.8299		369322	1.25135		
