n_50.dat      3868	    5.2904e-05		3972	0.000599281		3878	0.000149862		
n_100.dat     7496	    7.8873e-05		7664	0.0022863		7501	0.000492184		
n_150.dat     11169	    0.000120268		11372	0.00561352		11161	0.00112173		
n_200.dat     14802	    0.000146466		15051	0.0104452		14792	0.00198627		
n_250.dat     18643	    0.000186032		18923	0.0171426		18648	0.00314083		
n_300.dat     22575	    0.000236073		22880	0.0244659		22569	0.00449722		
n_350.dat     26250	    0.00028068		26609	0.0346311		26237	0.00608215		
n_400.dat     30074	    0.000341217		30407	0.0454922		30055	0.00806964		
n_450.dat     33608	    0.000357843		33995	0.0541138		33581	0.0101031		
n_500.dat     37344	    0.000398961		37765	0.0678938		37328	0.0127561		
n_550.dat     41034	    0.000385253		41382	0.0819301		41002	0.0155723		
n_600.dat     44839	    0.000476154		45204	0.0923672		44808	0.018301		
n_650.dat     48416	    0.00049175		48878	0.11567		48397	0.0216188		
n_700.dat     52197	    0.000487661		52600	0.13597		52163	0.0249091		
n_750.dat     55800	    0.000556765		56229	0.152049		55771	0.0288034		
n_800.dat     59571	    0.000638201		60004	0.169619		59540	0.0324864		
n_850.dat     63304	    0.000670673		63787	0.190119		63263	0.0372011		
n_900.dat     67152	    0.000671649		67602	0.213345		67118	0.0413366		
n_950.dat     70943	    0.000696928		71359	0.225284		70899	0.0460824		
n_1000.dat 74556	0.0033127		75023	0.26217		74535	0.050786		
n_1050.dat 78213	0.000745209		78642	0.273508		78174	0.056895		
n_1100.dat 81867	0.00118708		82308	0.295386		81830	0.0620962		
n_1150.dat 85606	0.000825534		86049	0.316892		85597	0.0679913		
n_1200.dat 89449	0.00085157		89887	0.371223		89392	0.0735392		
n_1250.dat 92927	0.000899557		93348	0.395762		92887	0.0796368		
n_1300.dat 96758	0.000956425		97189	0.405672		96712	0.0878592		
n_1350.dat 100570	0.000980473		100992	0.450485		100512	0.0929034		
n_1400.dat 104273	0.00100309		104726	0.52649		104192	0.0999209		
n_1450.dat 108145	0.00104549		108594	0.503708		108085	0.106791		
n_1500.dat 111741	0.00107413		112189	0.588874		111679	0.114075		
n_1550.dat 115252	0.00195701		115701	0.604703		115197	0.120916		
n_1600.dat 118976	0.00115387		119386	0.629009		118914	0.128449		
n_1650.dat 122787	0.00119027		123215	0.694249		122724	0.137034		
n_1700.dat 125313	0.00123589		125734	0.730541		125230	0.145272		
n_1750.dat 128778	0.00128341		129189	0.737122		128705	0.15377		
n_1800.dat 132505	0.00133711		132940	0.796428		132433	0.162874		
n_1850.dat 136272	0.00136637		136709	0.880365		136221	0.172248		
n_1900.dat 139995	0.00135864		140451	0.888307		139935	0.181814		
n_1950.dat 143592	0.00157366		144019	0.925788		143514	0.191018		
n_2000.dat 147378	0.00146408		147806	0.97491		147296	0.20064		
n_2050.dat 151092	0.00155243		151576	1.03152		151081	0.211227		
n_2100.dat 155035	0.00155277		155453	1.08199		154956	0.221169		
n_2150.dat 158790	0.00159455		159252	1.11996		158715	0.232285		
n_2200.dat 162501	0.00165654		163013	1.18469		162418	0.244564		
n_2250.dat 166201	0.00171187		166726	1.18651		166192	0.254028		
n_2300.dat 169869	0.00174003		170310	1.33123		169789	0.265022		
n_2350.dat 173678	0.00177041		174252	1.35393		173668	0.276671		
n_2400.dat 177583	0.00182975		178059	1.38347		177499	0.288062		
n_2450.dat 181043	0.00186245		181504	1.49985		180947	0.300805		
n_2500.dat 184618	0.00189595		185032	1.52989		184525	0.313555		
n_2550.dat 188337	0.00215147		188785	1.61707		188256	0.326349		
n_2600.dat 191924	0.00202381		192443	1.65779		191915	0.338795		
n_2650.dat 195612	0.00201011		196171	1.75608		195546	0.351913		
n_2700.dat 199124	0.00217365		199552	1.91533		199026	0.365134		
n_2750.dat 202877	0.00212743		203286	1.97145		202780	0.381429		
n_2800.dat 206492	0.00240163		207002	1.9882		206482	0.392786		
n_2850.dat 210181	0.00217426		210696	2.01566		210171	0.407079		
n_2900.dat 213949	0.00222668		214377	2.08467		213853	0.420999		
n_2950.dat 217618	0.00229987		218125	2.2106		217518	0.436384		
n_3000.dat 221156	0.00233968		221574	2.22897		221054	0.451152		
n_3050.dat 224734	0.0023573		225184	2.31091		224633	0.46615		
n_3100.dat 228343	0.00240548		228861	2.45409		228333	0.480612		
n_3150.dat 231992	0.00239477		232426	2.56369		231894	0.49697		
n_3200.dat 235469	0.00250687		235994	2.68871		235458	0.512998		
n_3250.dat 239043	0.00256195		239553	2.62728		239032	0.528877		
n_3300.dat 242876	0.00256323		243396	2.81255		242793	0.544501		
n_3350.dat 246588	0.00258746		247010	2.90258		246497	0.56117		
n_3400.dat 250384	0.00263338		250911	2.90279		250299	0.578674		
n_3450.dat 254149	0.00267044		254598	3.07779		254072	0.595772		
n_3500.dat 257796	0.00275664		258330	2.99585		257785	0.613097		
n_3550.dat 261447	0.00278526		261961	3.32513		261436	0.630363		
n_3600.dat 265266	0.00283994		265809	3.26792		265256	0.650252		
n_3650.dat 268989	0.00283305		269508	3.46858		268978	0.667105		
n_3700.dat 272828	0.00290075		273265	3.40908		272738	0.685134		
n_3750.dat 276527	0.00294492		276935	3.7848		276410	0.704717		
n_3800.dat 280234	0.00292113		280746	3.72703		280121	0.723363		
n_3850.dat 283810	0.0029761		284293	3.87131		283709	0.741406		
n_3900.dat 287246	0.00311172		287761	3.95503		287236	0.760819		
n_3950.dat 291014	0.00312086		291563	3.96057		291003	0.781117		
n_4000.dat 294882	0.00361058		295303	4.24408		294778	0.801096		
n_4050.dat 298541	0.00321452		299070	4.27016		298531	0.820321		
n_4100.dat 302280	0.00378966		302816	4.54774		302269	0.84114		
n_4150.dat 306193	0.00387628		306739	4.71143		306082	0.861973		
n_4200.dat 309919	0.00336969		310474	4.56591		309908	0.883258		
n_4250.dat 313685	0.00346086		314088	4.52838		313576	0.903929		
n_4300.dat 317454	0.00350775		317961	4.96558		317438	0.926198		
n_4350.dat 321319	0.00357547		321830	4.83511		321303	0.947446		
n_4400.dat 324962	0.00373127		325514	5.01725		324946	0.968748		
n_4450.dat 328388	0.00384728		328909	5.19382		328374	0.992045		
n_4500.dat 332213	0.00377103		332742	5.32794		332197	1.01373		
n_4550.dat 336130	0.00366377		336617	5.50411		336114	1.03683		
n_4600.dat 339807	0.00446934		340344	5.65811		339791	1.05915		
n_4650.dat 343548	0.00447705		344093	5.66775		343533	1.0825		
n_4700.dat 347214	0.00487978		347798	6.2052		347198	1.10565		
n_4750.dat 350965	0.00430724		351503	5.89257		350949	1.13011		
n_4800.dat 354793	0.00543917		355431	6.29323		354777	1.15322		
n_4850.dat 358417	0.00512827		358918	6.58681		358401	1.17909		
n_4900.dat 361957	0.00435306		362655	6.48548		361941	1.20178		
n_4950.dat 365724	0.00503805		366330	6.31872		365708	1.22866		
n_5000.dat 369338	0.00437077		369866	6.8299		369322	1.25135		
