../../instances/bininstances/orders_reparsed/orderpool_0814_parsed.txt 4736		592486	0.669594	1	4427		605123	8.12589	1	3822		594508	7.76937	1	3885		584211	0.313362	1	4529		600299	5.24286	1	3910		610356	10.7566	1	3715		605880	8.1665	1	3942		
../../instances/bininstances/orders_reparsed/orderpool_0815_parsed.txt 3080		399548	0.316211	1	2899		395533	3.01665	1	2626		395299	3.04994	1	2569		399580	0.280726	1	2881		395671	2.10572	1	2602		402103	4.16323	1	1989		395443	2.98574	1	2577		
../../instances/bininstances/orders_reparsed/orderpool_0816_parsed.txt 3320		417342	0.491425	1	3100		412000	3.67993	1	2735		406428	4.06332	1	2950		413415	0.353657	1	3076		414744	2.54372	1	2885		415464	5.63585	1	2364		412298	3.61582	1	2789		
../../instances/bininstances/orders_reparsed/orderpool_0817_parsed.txt 4928		621584	0.917908	1	4639		623051	8.30119	1	4338		619694	8.62449	1	4375		617287	0.934735	1	4764		620494	6.17364	1	4290		633517	12.8252	1	4410		621560	8.16404	1	4333		
../../instances/bininstances/orders_reparsed/orderpool_0820_parsed.txt 6960		923389	1.15989	1	6511		914645	16.1536	1	5672		914089	15.8437	1	6011		925505	1.28242	1	6478		913712	12.1577	1	5794		931064	26.1547	1	6231		916685	16.2575	1	5749		
../../instances/bininstances/orders_reparsed/orderpool_0821_parsed.txt 7016		807856	3.75551	1	6607		799659	17.0743	1	6045		799697	17.1213	1	6230
../../instances/bininstances/orders_reparsed/orderpool_0822_parsed.txt 5936		697354	1.80928	1	5572		700475	11.9789	1	5111		700488	11.9753	1	5041	
../../instances/bininstances/orders_reparsed/orderpool_0827_parsed.txt 8128		990562	1.91867	1	7690		999206	24.357	1	6994		984453	25.8842	1	7153	
../../instances/bininstances/orders_reparsed/orderpool_0828_parsed.txt 7336		920142	1.18184	1	6854		931870	20.4063	1	6000		915843	17.8416	1	6496	
../../instances/bininstances/orders_reparsed/orderpool_0829_parsed.txt 6640		802145	2.8889	1	6175		803432	15.3641	1	5173		802002	14.3728	1	5194		790010	0.451672	1	6220		801119	10.7895	1	5091		843037	22.995	1	5429		804143	15.7369	1	5431		
../../instances/bininstances/orders_reparsed/orderpool_0903_parsed.txt 10032		1239022	2.82487	1	9155		1256272	35.8866	1	8475		1233511	37.7268	1	8539		1215629	0.898646	1	9661		1253810	25.304	1	8467		1284681	53.2754	1	7850		1261595	35.6389	1	8551		
../../instances/bininstances/orders_reparsed/orderpool_0904_parsed.txt 7696		960722	2.20315	1	7117		960778	17.9799	1	5551		965168	20.6771	1	6455		951401	1.38912	1	7190		987407	16.067	1	6353		981109	29.3058	1	5499		958990	18.0484	1	5463		
../../instances/bininstances/orders_reparsed/orderpool_0905_parsed.txt 7656		978644	0.961552	1	7108		975155	16.8532	1	5493		974095	19.2767	1	5891
../../instances/bininstances/orders_reparsed/orderpool_0906_parsed.txt 7384		925234	1.85214	1	6930		931097	17.804	1	5802		924831	19.5579	1	6504		914770	0.567768	1	6953		952716	13.0076	1	6388		967320	28.2985	1	5804		931097	17.8282	1	5802		
../../instances/bininstances/orders_reparsed/orderpool_0910_parsed.txt 6360		822771	1.81996	1	6039		819617	14.5751	1	5230		821747	13.4928	1	5386	
../../instances/bininstances/orders_reparsed/orderpool_0911_parsed.txt 7448		937266	1.4991	1	6859		936436	18.0108	1	5727		939148	19.3489	1	6252	
../../instances/bininstances/orders_reparsed/orderpool_0913_parsed.txt 4272		576890	0.718891	1	3959		577516	5.53976	1	3369		568097	5.58637	1	3621		577256	0.585247	1	3862		574874	3.63155	1	3671		583734	8.73878	1	3355		572237	5.54362	1	3248		
../../instances/bininstances/orders_reparsed/orderpool_0918_parsed.txt 7136		921617	2.45281	1	6762		909636	18.2479	1	5977		901878	19.3287	1	6305		915642	1.57345	1	6796		910601	12.162	1	5988		943143	27.1379	1	5279		909075	17.7825	1	5941		
../../instances/bininstances/orders_reparsed/orderpool_0919_parsed.txt 5832		771641	1.42121	1	5441		766281	11.6789	1	4594		767288	11.0695	1	4713		768943	1.39782	1	5443		773357	7.88491	1	4637		792800	16.5403	1	5108		765576	11.7398	1	4595		
../../instances/bininstances/orders_reparsed/orderpool_0920_parsed.txt 6048		777222	2.6667	1	5530		771914	11.4822	1	5067		770215	11.566	1	4932		773888	0.632491	1	5605		770663	8.19154	1	5027		788951	18.9542	1	5049		773832	11.3067	1	5008		
../../instances/bininstances/orders_reparsed/orderpool_0921_parsed.txt 5360		683932	0.800915	1	5010		687843	8.87359	1	4391		685085	9.13841	1	4408		682191	0.708974	1	4963		687807	6.59644	1	4306		712582	12.713	1	4586		687721	9.04622	1	4343		
../../instances/bininstances/orders_reparsed/orderpool_0922_parsed.txt 5864		752990	1.70249	1	5429		744357	10.2442	1	4506		742390	11.129	1	4701		746293	1.74621	1	5263		742935	7.43654	1	4752		759500	17.0441	1	4645		748453	10.2998	1	4509		
../../instances/bininstances/orders_reparsed/orderpool_0923_parsed.txt 7488		868419	4.37012	1	6915		858025	18.5603	1	5844		857955	17.1068	1	5721		852968	0.588304	1	6719		857587	13.1018	1	5498		870280	28.2709	1	6614		858025	18.7847	1	5844		
../../instances/bininstances/orders_reparsed/orderpool_0925_parsed.txt 7056		913102	0.921663	1	6441		909417	17.3845	1	5343		910927	15.2264	1	5557		908883	0.487622	1	6684		909307	11.7925	1	5376		928452	27.3035	1	5885		909602	16.9071	1	5444		
../../instances/bininstances/orders_reparsed/orderpool_0926_parsed.txt 8144		1033199	4.44585	1	7550		1026924	23.7597	1	7060		1028575	22.157	1	6968		1031590	1.42207	1	6819		1032394	16.128	1	6710		1055752	35.5829	1	6606		1026731	23.6826	1	6935		
../../instances/bininstances/orders_reparsed/orderpool_0927_parsed.txt 6896		882690	1.54336	1	6377		884353	16.5997	1	5819		879803	16.6525	1	5836	
../../instances/bininstances/orders_reparsed/orderpool_0928_parsed.txt 6720		836083	4.40477	1	6374		815380	15.0538	1	6062		809931	13.8896	0	4977	
../../instances/bininstances/orders_reparsed/orderpool_0929_parsed.txt 5056		647762	1.76081	1	4821		631651	9.02476	1	4750		626074	9.25458	1	4840		645617	1.72597	1	4870		630893	6.80738	1	4756		632017	13.4827	1	4576		631021	8.9639	1	4758		
../../instances/bininstances/orders_reparsed/orderpool_1002_parsed.txt 5264		679096	3.07702	1	4914		666472	9.72804	1	4788		665430	8.74764	1	4699	
../../instances/bininstances/orders_reparsed/orderpool_1003_parsed.txt 5968		738803	3.33771	1	5694		715096	12.6631	1	5159		714416	12.4658	1	5516		737264	2.0844	1	5667		723365	8.74308	1	5284		719327	18.746	1	4784		713007	12.8132	1	5315		
../../instances/bininstances/orders_reparsed/orderpool_1004_parsed.txt 6504		891222	2.50518	1	6138		880920	13.4545	1	5328		878808	15.5705	1	5487		893496	2.78312	1	6185		877459	10.3419	1	5207		889221	21.8185	1	4637		881188	13.2412	1	5390		
../../instances/bininstances/orders_reparsed/orderpool_1006_parsed.txt 6576		885002	3.29723	1	6081		862240	15.3113	1	5819		851886	15.1224	1	5892		873828	1.93481	1	6057		861089	10.5166	1	5923		870453	23.5683	1	5647		864641	15.2284	1	5837		
../../instances/bininstances/orders_reparsed/orderpool_1010_parsed.txt 9280		1140225	3.64421	1	8756		1131890	30.2229	1	7403		1122776	31.2926	1	7858		1127315	2.04831	1	8566		1137288	24.2713	1	7526		1150972	46.1581	1	7418		1133659	30.4767	1	7326		
../../instances/bininstances/orders_reparsed/orderpool_1011_parsed.txt 8784		1098701	2.40356	1	8272		1091047	28.5	1	7310		1098221	28.1741	1	7441	
../../instances/bininstances/orders_reparsed/orderpool_1012_parsed.txt 8672		1134285	2.25906	1	8101		1125219	28.9399	1	7241		1123162	24.031	1	7414	
../../instances/bininstances/orders_reparsed/orderpool_1013_parsed.txt 9448		1146802	2.83092	1	8879		1166494	31.8166	1	7517		1156037	35.2993	1	7417		1138553	1.31254	1	9031		1161204	24.2412	1	7474		1192133	50.0759	1	7697		1166521	31.7759	1	7485		
../../instances/bininstances/orders_reparsed/orderpool_1014_parsed.txt 9992		1210433	5.20761	1	9361		1212488	36.0377	1	7879		1201560	39.7259	1	7660	
../../instances/bininstances/orders_reparsed/orderpool_1016_parsed.txt 8984		1164564	3.61054	1	8387		1175595	31.2635	1	6933		1167440	29.2711	1	7157		1148851	0.710866	1	8537		1167924	17.1036	1	7182		1189609	41.8349	1	7843		1175595	30.9008	1	6933		
../../instances/bininstances/orders_reparsed/orderpool_1017_parsed.txt 9272		1222653	2.11329	1	8622		1218289	35.6384	1	7243		1217451	29.6145	1	7513	
../../instances/bininstances/orders_reparsed/orderpool_1018_parsed.txt 8968		1078734	2.48047	1	8336		1080928	27.1366	1	6800		1070538	28.8688	1	7272		1075672	1.46661	1	8309		1082529	17.2651	1	6962		1103428	41.7349	1	6776		1081810	27.2966	1	6766		
../../instances/bininstances/orders_reparsed/orderpool_1019_parsed.txt 8360		1151364	1.40736	1	7714		1143896	21.7546	1	6335		1143364	23.5689	1	6684		1156631	2.30776	1	7706		1142087	16.6618	1	6486		1171612	36.2203	1	5814		1143259	21.8267	1	6292		
../../instances/bininstances/orders_reparsed/orderpool_1024_parsed.txt 6328		767236	2.90351	1	5630		777512	13.1601	1	5165		771315	12.3924	1	5384		759014	0.486882	1	5591		794182	8.13779	1	4679		772767	17.8794	1	4590		777135	13.0591	1	5194		
../../instances/bininstances/orders_reparsed/orderpool_1026_parsed.txt 5592		705875	1.26285	1	5195		707695	10.5013	1	4496		699552	9.94377	1	4258	
../../instances/bininstances/orders_reparsed/orderpool_1027_parsed.txt 4832		669873	0.984986	1	4559		663375	8.30078	1	4028		659902	7.75483	1	4186		671141	0.877453	1	4480		670807	6.1184	1	4070		694464	10.4808	1	4530		663363	8.44289	1	3930		
../../instances/bininstances/orders_reparsed/orderpool_1028_parsed.txt 6728		893708	1.28977	1	6266		888142	16.2379	1	5075		890119	15.1784	1	5421		884138	0.417577	1	6435		887201	11.474	1	5366		911381	22.0987	1	5741		888142	15.9833	1	5075		
../../instances/bininstances/orders_reparsed/orderpool_1029_parsed.txt 6728		798478	2.19791	1	6257		792974	15.4999	1	5403		787523	15.052	1	5469	
../../instances/bininstances/orders_reparsed/orderpool_1030_parsed.txt 5464		735979	1.13972	1	4978		743133	10.9437	1	4478		726209	9.92569	1	4701		734155	1.01361	1	5099		742955	7.07838	1	4637		757959	16.1714	1	4674		742390	10.8215	1	4703		
../../instances/bininstances/orders_reparsed/orderpool_1031_parsed.txt 4112		528388	0.843892	1	3804		528945	5.2599	1	3185		528890	5.52074	1	3412		527848	0.421732	1	3713		527859	4.06904	1	3170		541385	8.17808	1	3432		528385	5.251	1	3216		
../../instances/bininstances/orders_reparsed/orderpool_1032_parsed.txt 4744		687625	0.391728	1	4359		696999	6.94047	1	3529		692252	7.0607	1	4007		697839	0.676485	1	4407		705685	4.90621	1	3509		701161	10.192	1	2957		695223	7.1048	1	3612		
../../instances/bininstances/orders_reparsed/orderpool_1102_parsed.txt 4824		639492	0.617603	1	4387		649954	7.19454	1	3737		636926	7.12875	1	3559		641607	0.791774	1	4416		650151	4.34841	1	3842		642023	10.4434	1	2941		649954	7.11467	1	3737		
../../instances/bininstances/orders_reparsed/orderpool_1103_parsed.txt 4256		540348	0.720961	1	3861		544620	5.43308	1	3021		545504	6.12351	1	3509		531334	0.110488	1	3741		555842	3.7416	1	3274		549953	7.32503	1	2631		544360	5.37746	1	3034		
../../instances/bininstances/orders_reparsed/orderpool_1104_parsed.txt 5976		735928	1.90044	1	5568		731696	12.6027	1	4879		733355	11.2483	1	4788	
../../instances/bininstances/orders_reparsed/orderpool_1106_parsed.txt 5416		654330	0.85423	1	4936		660956	9.2723	1	4278		655833	9.63256	1	4163		660120	1.19046	1	4412		660129	6.99697	1	4158		668283	13.8843	1	4139		660098	9.08018	1	4263		
../../instances/bininstances/orders_reparsed/orderpool_1107_parsed.txt 4608		591254	0.794417	1	4209		594237	7.08671	1	3450		589506	6.04078	1	3820		601033	1.36333	1	4224		591906	5.60794	1	3558		605669	7.93888	1	4295		592705	7.1344	1	3460		
