orderpool_0814_parsed.txt 4736		580446	0.292006	594399	0.390938	1	4412		635806	1.74062	605123	6.44257	1	3822		622977	1.83963	594508	5.89666	1	3885		575239	0.0509926	584211	0.259237	1	4529		690834	0.00344909	600299	5.23005	1	3910		599505	5.6627	610356	4.9492	1	3715		635790	1.73452	605880	6.45301	1	3942		
orderpool_0815_parsed.txt 3080		394589	0.0538165	400997	0.289489	1	2883		409711	0.737216	395533	2.29552	1	2626		415140	0.779243	395299	2.24456	1	2569		393602	0.0225993	399580	0.258409	1	2881		427368	0.00209837	395671	2.10628	1	2602		404050	2.58699	402103	1.55436	1	1989		409705	0.736292	395443	2.26584	1	2577		
orderpool_0816_parsed.txt 3320		403259	0.121463	417433	0.393927	1	3143		431982	0.853676	412000	2.8638	1	2735		420443	0.907171	406428	3.15055	1	2950		402265	0.0258419	413415	0.32756	1	3076		465297	0.00226357	414744	2.53907	1	2885		415442	2.74186	415464	2.84706	1	2364		431982	0.856594	412298	2.77151	1	2789		
orderpool_0817_parsed.txt 4928		605147	0.326015	618012	0.557634	1	4630		642955	1.87927	623051	6.47539	1	4338		670574	2.02477	619694	6.54388	1	4375		602285	0.0546658	617287	0.878389	1	4764		700709	0.00350624	620494	6.15796	1	4290		634524	6.49285	633517	6.20784	1	4410		642959	1.87977	621560	6.37095	1	4333		
orderpool_0820_parsed.txt 6960		913576	0.264902	924409	0.867781	1	6527		933306	3.75428	914645	12.534	1	5672		953649	3.97132	914089	11.764	1	6011		912329	0.104475	925505	1.16498	1	6478		1007284	0.00506024	913712	12.0814	1	5794		921945	14.2854	931064	11.6754	1	6231		931384	3.74421	916685	12.5564	1	5749		
orderpool_0821_parsed.txt 7016		782409	0.499165	809952	2.89934	1	6483		814932	3.80687	799659	13.4185	1	6045		834293	4.04613	799697	13.0568	1	6230		orderpool_0822_parsed.txt 5936		684592	0.40168	698141	1.33225	1	5586		754526	2.7256	700475	9.3836	1	5111		716233	2.89831	700488	9.07572	1	5041		orderpool_0827_parsed.txt 8128		973950	0.875443	990581	0.992987	1	7682		1067130	5.24939	999206	19.4185	1	6994		1024526	5.41279	984453	20.7647	1	7153		orderpool_0828_parsed.txt 7336		909893	0.474866	921422	0.824748	1	6831		935800	4.16267	931870	16.3622	1	6000		1010367	4.48919	915843	13.3753	1	6496		orderpool_0829_parsed.txt 6640		785826	0.433128	802220	2.52628	1	6191		814524	3.40778	803432	12.0649	1	5173		850885	3.62453	802002	10.8003	1	5194		781960	0.09308	790010	0.351598	1	6220		897306	0.00482882	801119	10.7539	1	5091		819613	12.8774	843037	10.043	1	5429		814310	3.40842	804143	12.5555	1	5431		
orderpool_0903_parsed.txt 10032		1214255	1.13285	1237875	1.81284	1	9139		1281572	7.84003	1256272	28.1814	1	8475		1281025	8.27794	1233511	29.3764	1	8539		1202605	0.206557	1215629	0.671245	1	9661		1437982	0.00758805	1253810	25.0976	1	8467		1242639	28.7647	1284681	24.1965	1	7850		1281266	7.7744	1261595	28.0902	1	8551		
orderpool_0904_parsed.txt 7696		945367	0.635881	960375	1.42973	1	7124		975016	4.58966	960778	13.6237	1	5551		1051129	4.85092	965168	15.7893	1	6455		933336	0.122503	951401	1.25665	1	7190		1118178	0.00555968	987407	16.1271	1	6353		970548	16.5502	981109	12.7149	1	5499		974419	4.57685	958990	13.7144	1	5463		
orderpool_0905_parsed.txt 7656		972047	0.412519	979930	0.512054	1	7107		1017696	4.53476	975155	12.4688	1	5493		1018035	4.85796	974095	14.4219	1	5891		orderpool_0906_parsed.txt 7384		909200	0.726442	926793	1.02396	1	6956		1014955	4.23569	931097	13.859	1	5802		962550	4.46163	924831	15.0712	1	6504		903360	0.112938	914770	0.446292	1	6953		1089572	0.0053258	952716	12.9426	1	6388		931809	15.3281	967320	12.7822	1	5804		1014955	4.23042	931097	13.7437	1	5802		
orderpool_0910_parsed.txt 6360		809910	0.413008	823730	1.4676	1	6001		836887	3.1469	819617	11.6928	1	5230		867282	3.31375	821747	10.1582	1	5386		orderpool_0911_parsed.txt 7448		921608	0.512878	938381	1.16295	1	6889		994238	4.2988	936436	14.0446	1	5727		970275	4.58477	939148	14.9311	1	6252		orderpool_0913_parsed.txt 4272		561512	0.183465	577578	0.476888	1	3965		582507	1.41507	577516	4.19991	1	3369		628735	1.49862	568097	4.11872	1	3621		560322	0.0393402	577256	0.543835	1	3862		639742	0.00312953	574874	3.64366	1	3671		572229	5.05617	583734	3.7622	1	3355		582551	1.42328	572237	4.23799	1	3248		
orderpool_0918_parsed.txt 7136		901231	0.43769	920340	1.41537	1	6732		946895	3.99092	909636	14.4832	1	5977		928289	4.17179	901878	15.1237	1	6305		898309	0.105781	915642	1.45421	1	6796		1004154	0.00523842	910601	12.2124	1	5988		927426	15.0395	943143	11.9648	1	5279		946893	3.93402	909075	13.9721	1	5941		
orderpool_0919_parsed.txt 5832		762087	0.273831	770218	1.01498	1	5429		787426	2.62988	766281	9.15851	1	4594		816536	2.79607	767288	8.27719	1	4713		759299	0.0605432	768943	1.33671	1	5443		841034	0.00426843	773357	7.91118	1	4637		780604	10.2633	792800	6.32295	1	5108		788089	2.63756	765576	9.25975	1	4595		
orderpool_0920_parsed.txt 6048		760265	0.303673	777455	2.29849	1	5589		810071	2.86119	771914	8.81836	1	5067		795235	2.99462	770215	8.56311	1	4932		757546	0.0783569	773888	0.550894	1	5605		858584	0.00429001	770663	8.23864	1	5027		780563	9.92544	788951	8.99944	1	5049		810265	2.82866	773832	8.67006	1	5008		
orderpool_0921_parsed.txt 5360		673751	0.32018	682475	0.34186	1	4982		725028	2.24272	687843	6.7949	1	4391		733633	2.38552	685085	6.84186	1	4408		671539	0.0532547	682191	0.652244	1	4963		774431	0.00378765	687807	6.61104	1	4306		687281	7.95394	712582	4.76257	1	4586		725026	2.2227	687721	6.95982	1	4343		
orderpool_0922_parsed.txt 5864		727421	0.347272	749092	1.09797	1	5425		780180	2.69178	744357	7.7452	1	4506		769181	2.81677	742390	8.3123	1	4701		720631	0.0724474	746293	1.66872	1	5263		830032	0.00429319	742935	7.50472	1	4752		738118	9.16388	759500	7.9462	1	4645		778535	2.66075	748453	7.82553	1	4509		
orderpool_0923_parsed.txt 7488		852592	0.38862	870471	4.27798	1	6788		857200	4.34326	858025	14.6204	1	5844		891566	4.60762	857955	12.5434	1	5721		846221	0.103743	852968	0.478191	1	6719		920469	0.00530025	857587	13.1859	1	5498		882291	16.1793	870280	12.1591	1	6614		857200	4.34812	858025	14.5645	1	5844		
orderpool_0925_parsed.txt 7056		906245	0.290856	912995	0.540876	1	6462		916477	3.84837	909417	13.4923	1	5343		965398	4.09259	910927	11.0406	1	5557		905342	0.10353	908883	0.373922	1	6684		988100	0.00515634	909307	11.7364	1	5376		937823	15.3879	928452	11.5697	1	5885		911978	3.84763	909602	12.9807	1	5444		
orderpool_0926_parsed.txt 8144		1017535	0.457381	1032137	3.79064	1	7586		1042797	5.12828	1026924	18.4572	1	7060		1073894	5.45045	1028575	16.6464	1	6968		1016193	0.137005	1031590	1.28151	1	6819		1127703	0.00584236	1032394	15.9059	1	6710		1041893	19.6486	1055752	15.787	1	6606		1042436	5.15172	1026731	18.7452	1	6935		
orderpool_0927_parsed.txt 6896		865057	0.517697	881005	0.837068	1	6406		898343	3.70981	884353	13.1513	1	5819		927564	3.91234	879803	12.8765	1	5836		orderpool_0928_parsed.txt 6720		800785	0.481026	838104	4.15716	1	6401		831345	3.50707	815380	11.6716	1	6062		845198	3.69992	809931	10.1768	0	4977		orderpool_0929_parsed.txt 5056		619633	0.288491	649629	1.47171	1	4821		664521	2.0031	631651	7.0669	1	4750		652641	2.12029	626074	7.09253	1	4840		616063	0.0546264	645617	1.69062	1	4870		709188	0.00363262	630893	6.8356	1	4756		630426	6.51255	632017	6.90164	1	4576		664543	1.98043	631021	6.94595	1	4758		
orderpool_1002_parsed.txt 5264		653932	0.339855	678709	2.59761	1	4963		705120	2.17195	666472	7.64614	1	4788		687321	2.27195	665430	6.42035	1	4699		orderpool_1003_parsed.txt 5968		693643	0.459883	741308	2.87124	1	5698		751755	2.7789	715096	10.0339	1	5159		754513	2.92951	714416	9.53539	1	5516		688542	0.0748037	737264	2.01676	1	5667		805337	0.00437446	723365	8.73433	1	5284		715195	9.26621	719327	9.37141	1	4784		751732	2.75401	713007	10.1405	1	5315		
orderpool_1004_parsed.txt 6504		873504	0.323898	892181	1.9879	1	6144		915948	3.27888	880920	10.0095	1	5328		906874	3.46539	878808	11.9976	1	5487		870344	0.0887744	893496	2.64993	1	6185		962978	0.00472704	877459	10.2946	1	5207		898845	11.9306	889221	9.69564	1	4637		915948	3.26856	881188	9.97685	1	5390		
orderpool_1006_parsed.txt 6576		847890	0.318376	882533	2.63441	1	6093		885261	3.3512	862240	12.0137	1	5819		914159	3.5426	851886	11.5502	1	5892		844394	0.0907112	873828	1.83391	1	6057		956287	0.00482841	861089	10.4858	1	5923		854870	12.5211	870453	10.8454	1	5647		885261	3.38948	864641	11.9687	1	5837		
orderpool_1010_parsed.txt 9280		1102943	1.05095	1135484	2.11882	1	8744		1160626	6.67995	1131890	24.0364	1	7403		1175663	7.11305	1122776	24.0561	1	7858		1094583	0.178173	1127315	1.83713	1	8566		1306319	0.00703437	1137288	23.7188	1	7526		1177893	24.7242	1150972	20.5598	1	7418		1160494	6.66022	1133659	23.7923	1	7326		
orderpool_1011_parsed.txt 8784		1079679	0.748284	1098218	1.47319	1	8233		1133161	5.96636	1091047	22.5294	1	7310		1143773	6.34264	1098221	21.167	1	7441		orderpool_1012_parsed.txt 8672		1112857	0.590745	1134294	1.68419	1	8092		1128073	5.81478	1125219	23.3585	1	7241		1166798	6.18162	1123162	17.8326	1	7414		orderpool_1013_parsed.txt 9448		1131856	0.984904	1149550	1.70637	1	8889		1230239	6.91966	1166494	25.0361	1	7517		1195421	7.31393	1156037	27.9	1	7417		1122449	0.18331	1138553	1.11513	1	9031		1314545	0.00711115	1161204	23.9717	1	7474		1158705	25.3388	1192133	24.5712	1	7697		1230275	6.89524	1166521	24.9717	1	7485		
orderpool_1014_parsed.txt 9992		1189707	0.998385	1208710	4.19916	1	9342		1248618	7.73709	1212488	28.5633	1	7879		1261216	8.34009	1201560	31.0638	1	7660		orderpool_1016_parsed.txt 8984		1146595	0.747479	1167031	2.89715	1	8374		1179558	6.25564	1175595	24.9194	1	6933		1228303	6.71897	1167440	22.1813	1	7157		1140301	0.132876	1148851	0.566854	1	8537		1318461	0.00672547	1167924	17.0108	1	7182		1198808	26.3162	1189609	15.365	1	7843		1179558	6.23477	1175595	24.7975	1	6933		
orderpool_1017_parsed.txt 9272		1210948	0.726422	1218358	1.18162	1	8628		1223853	6.72052	1218289	28.4244	1	7243		1286560	7.17671	1217451	22.3276	1	7513		orderpool_1018_parsed.txt 8968		1066733	0.780124	1080335	1.5952	1	8299		1132885	6.23438	1080928	21.2716	1	6800		1115058	6.59172	1070538	22.2648	1	7272		1062424	0.166805	1075672	1.2779	1	8309		1200548	0.00684563	1082529	17.104	1	6962		1096867	23.8184	1103428	17.3447	1	6776		1127123	6.21558	1081810	21.1867	1	6766		
orderpool_1019_parsed.txt 8360		1142459	0.340158	1150726	0.886322	1	7790		1190834	5.40527	1143896	16.5638	1	6335		1156074	5.7454	1143364	17.8175	1	6684		1139911	0.145087	1156631	2.16316	1	7706		1229884	0.0062287	1142087	16.677	1	6486		1176673	23.4541	1171612	12.5795	1	5814		1190807	5.40711	1143259	16.642	1	6292		
orderpool_1024_parsed.txt 6328		755198	0.406424	769015	2.67376	1	5659		805699	3.09926	777512	10.2285	1	5165		824930	3.34375	771315	9.10217	1	5384		750006	0.084858	759014	0.397259	1	5591		855619	0.00464237	794182	8.14512	1	4679		769171	10.8287	772767	6.82354	1	4590		805710	3.09904	777135	10.1242	1	5194		
orderpool_1026_parsed.txt 5592		688435	0.362732	708288	0.984487	1	5196		788187	2.42707	707695	8.16791	1	4496		716635	2.56324	699552	7.33928	1	4258		orderpool_1027_parsed.txt 4832		650952	0.288542	668021	0.667404	1	4533		664468	1.80833	663375	6.57726	1	4028		718090	1.92096	659902	5.83673	1	4186		649449	0.0508169	671141	0.823403	1	4480		752859	0.00350996	670807	6.10419	1	4070		684508	7.01181	694464	3.36205	1	4530		665910	1.80559	663363	6.58452	1	3930		
orderpool_1028_parsed.txt 6728		881138	0.384045	893184	0.731123	1	6277		893645	3.50967	888142	11.9828	1	5075		932686	3.7104	890119	10.832	1	5421		878310	0.0952437	884138	0.29528	1	6435		984313	0.00483017	887201	10.8988	1	5366		906608	12.9542	911381	8.44188	1	5741		893645	3.49869	888142	11.9697	1	5075		
orderpool_1029_parsed.txt 6728		779096	0.510372	798248	1.30321	1	6235		799815	3.50107	792974	11.4436	1	5403		839613	3.71936	787523	10.8778	1	5469		orderpool_1030_parsed.txt 5464		716030	0.330387	738986	0.811699	1	4991		729382	2.31004	743133	8.45048	1	4478		804238	2.46913	726209	7.1584	1	4701		709351	0.0640312	734155	0.91118	1	5099		853282	0.00400625	742955	6.80873	1	4637		727707	8.57233	757959	6.88393	1	4674		729408	2.30868	742390	8.28646	1	4703		
orderpool_1031_parsed.txt 4112		522236	0.169458	527671	0.554817	1	3799		556816	1.3114	528945	3.84517	1	3185		552685	1.38571	528890	3.9653	1	3412		520945	0.0376484	527848	0.371419	1	3713		583560	0.00289204	527859	3.94284	1	3170		538517	4.52941	541385	3.29949	1	3432		556925	1.30719	528385	3.78365	1	3216		
orderpool_1032_parsed.txt 4744		682742	0.212997	686923	0.136929	1	4355		729975	1.74036	696999	4.98578	1	3529		693733	1.85074	692252	4.94957	1	4007		681479	0.0413761	697839	0.6126	1	4407		796851	0.00339816	705685	4.74693	1	3509		697926	7.35634	701161	2.43951	1	2957		729975	1.74014	695223	5.12895	1	3612		
orderpool_1102_parsed.txt 4824		630235	0.21008	641401	0.472915	1	4394		685768	1.799	649954	5.19933	1	3737		654934	1.9135	636926	4.96187	1	3559		628610	0.0506006	641607	0.721649	1	4416		729960	0.00347241	650151	4.24342	1	3842		641071	6.74579	642023	3.36273	1	2941		685768	1.79939	649954	5.19218	1	3737		
orderpool_1103_parsed.txt 4256		531611	0.23599	539534	0.447302	1	3847		559246	1.40118	544620	3.83867	1	3021		568420	1.51155	545504	4.37603	1	3509		529147	0.0401187	531334	0.0642642	1	3741		604074	0.00307774	555842	3.57112	1	3274		549446	5.09869	549953	1.88535	1	2631		559272	1.40122	544360	3.85657	1	3034		
orderpool_1104_parsed.txt 5976		724666	0.352722	735427	1.32578	1	5440		735890	2.76187	731696	9.26045	1	4879		763673	2.97618	733355	7.74697	1	4788		orderpool_1106_parsed.txt 5416		643866	0.374892	656063	0.491924	1	4977		686238	2.26916	660956	6.98699	1	4278		681237	2.40957	655833	7.11711	1	4163		638863	0.0628561	660120	1.10185	1	4412		743622	0.00386205	660129	6.98499	1	4158		660075	7.52926	668283	6.20081	1	4139		686010	2.26828	660098	6.91034	1	4263		
orderpool_1107_parsed.txt 4608		578466	0.244597	592445	0.556834	1	4224		597269	1.64275	594237	5.54128	1	3450		627475	1.76959	589506	4.28636	1	3820		577049	0.0462957	601033	1.28724	1	4224		659665	0.00329709	591906	5.6021	1	3558		600851	6.23516	605669	1.61285	1	4295		597269	1.64164	592705	5.58305	1	3460		
