order_n10.txt 456		67241	0.0162496	68017	0.00394157	1	405		68445	0.0165629	67529	0.0323411	1	366		69576	0.0176739	67541	0.0356412	1	356		67195	0.000492281	68239	0.00809686	1	431		69702	0.000275238	68093	0.0360971	1	383		68397	0.0461408	68921	0.0193616	1	305		68445	0.0161755	67506	0.0327835	1	365		
order_n11.txt 592		86724	0.00263883	88174	0.0340046	1	530		87051	0.0272079	87050	0.0585358	1	507		88216	0.0290334	87394	0.0636852	1	525		86637	0.000759814	89200	0.0248703	1	514		88722	0.000379124	87226	0.0599421	1	520		88292	0.0779679	88374	0.0422425	0	504		87051	0.0272514	87050	0.0583878	1	507		
order_n12.txt 760		108075	0.00970484	112694	0.0620402	0	675		116577	0.0455178	112637	0.0908723	0	558		112958	0.0480836	111254	0.0797133	0	602		107995	0.00114724	111660	0.0686145	0	675		118832	0.000468344	111025	0.0936019	0	666		117699	0.157751	116524	0.0707143	0	539		116577	0.0449538	112637	0.0910753	0	558		
order_n13.txt 568		84369	0.0114724	89461	0.0382468	0	491		90503	0.0253813	88658	0.0487991	0	477		86236	0.0267482	89691	0.0531092	0	489		83599	0.000810848	91177	0.0287907	0	491		91355	0.000348064	87856	0.0543754	0	462		91652	0.0791639	89880	0.0204427	0	390		90503	0.0250378	89089	0.0482255	0	480		
order_n14.txt 1072		147799	0.0210811	154311	0.0799274	0	965		155970	0.0899365	153651	0.201819	1	853		155317	0.0947671	153576	0.177339	0	809		146890	0.00250692	154398	0.0546535	0	973		164774	0.000694874	154087	0.186675	0	915		159924	0.303732	160614	0.0820292	1	617		155970	0.0892275	153957	0.19861	1	838		
order_n15.txt 1160		144433	0.0244015	155922	0.140914	0	1041		154342	0.10496	150479	0.218566	0	878		159356	0.111514	152248	0.259809	0	913		143647	0.0026232	155059	0.074348	0	1047		161764	0.000743444	151539	0.256436	0	987		160192	0.34468	161396	0.198589	1	1092		154342	0.103947	150479	0.219382	0	878		
order_n16.txt 1800		266314	0.0423531	277946	0.241453	0	1658		286076	0.251677	272775	0.585496	0	1420		270229	0.265628	272856	0.524335	0	1385		264753	0.0065014	282680	0.319591	0	1641		290945	0.00118832	275598	0.584658	0	1483		291276	0.887222	290815	0.24866	0	1206		286076	0.250894	272741	0.583395	0	1400		
order_n17.txt 1456		189184	0.0359922	199695	0.314458	0	1290		201347	0.165191	196037	0.411441	0	1313		199899	0.174617	195943	0.41712	0	1229		187917	0.00477105	200501	0.297042	0	1338		206604	0.000958985	196557	0.410236	0	1228		197283	0.46336	200245	0.389165	0	1155		201347	0.164954	196037	0.41305	0	1313		
order_n18.txt 1816		223346	0.0333544	226379	0.048715	1	1685		241091	0.26533	230530	0.671497	1	1422		230310	0.276104	227990	0.558413	1	1353		222282	0.00607704	223974	0.020305	1	1643		243351	0.00122232	227736	0.627048	1	1394		237039	0.883639	237082	0.0474303	1	440		241091	0.254784	230530	0.655748	1	1422		
order_n19.txt 1872		234740	0.039429	238926	0.468425	0	1729		243993	0.271136	239566	0.543529	0	1389		238957	0.289002	239506	0.629492	0	1359		234272	0.00637456	237657	0.520379	0	1663		259407	0.00120743	238757	0.618864	0	1521		246031	0.827019	242215	0.477279	0	1104		243993	0.270664	239566	0.542093	0	1389		
order_n20.txt 1992		273222	0.0338645	282741	0.255914	1	1872		282431	0.307522	275837	0.835697	1	1696		281109	0.328533	274368	0.903222	1	1795		273054	0.00938991	281052	0.154964	1	1917		293631	0.00137664	275434	0.778816	1	1760		282614	1.00308	284831	0.55829	1	1229		282407	0.307374	276381	0.839524	1	1700		
order_n21.txt 2376		327786	0.0789893	346891	0.797716	0	2209		353694	0.436638	341173	1.04055	0	1878		356584	0.465349	341790	0.98075	0	1848		324451	0.0115992	344708	0.684687	0	2206		378700	0.00162409	340288	1.1734	0	1996		350569	1.478	352325	0.831039	0	2154		353694	0.436417	339563	1.02528	0	1858		
order_n22.txt 2328		317803	0.0456462	321936	0.146799	1	2152		328095	0.420841	321251	1.08408	1	1902		327185	0.444655	321823	1.08415	1	1981		316758	0.0105285	318914	0.105623	1	2137		336842	0.00161027	321040	1.0415	1	1870		335995	1.42498	336651	0.347573	1	2263		327591	0.419661	321214	1.02172	1	1827		
order_n23.txt 2592		357939	0.0831484	378433	0.637496	1	2480		386055	0.52002	367786	1.40405	1	2192		383305	0.552314	365967	1.52661	1	2298		356720	0.0137982	377930	0.433449	0	2446		407513	0.00179357	368645	1.40081	0	2357		378854	1.66572	377717	1.33462	1	2200		386055	0.519586	366708	1.3933	1	2174		
order_n24.txt 2904		416872	0.0824162	436199	0.709189	1	2760		423713	0.654088	423802	2.13072	1	2481		434785	0.701476	428689	1.81184	1	2434		415531	0.0147759	434707	0.31111	1	2805		460728	0.00197992	424681	1.82043	1	2529		438862	2.30957	437831	1.37071	1	2442		423713	0.660508	423802	2.10652	1	2481		
order_n25.txt 3512		459679	0.123104	483735	0.947051	1	3311		475205	0.958881	470192	3.01505	1	3015		495218	1.0107	470536	2.79806	1	3020		455369	0.0271446	479908	0.581499	1	3338		511602	0.00246177	469488	2.66986	1	3136		493886	2.92894	480567	2.67543	1	2879		475127	0.956932	471370	2.94439	1	3003		
order_n26.txt 2912		412560	0.101958	432872	0.806409	0	2701		440109	0.655736	419168	2.06804	0	2622		432518	0.697146	420126	1.85456	0	2592		408212	0.0156864	431210	0.664503	0	2787		457355	0.00202882	419476	1.83232	0	2564		435065	2.06334	429731	1.76878	0	2540		440109	0.654846	419168	1.94489	0	2622		
order_n27.txt 3984		522831	0.22511	545262	0.634793	1	3734		550435	1.22736	552225	3.73151	1	2861		554196	1.30516	544759	2.79344	1	2837		519572	0.0275683	540167	0.379646	1	3674		611072	0.00279462	546034	2.84655	1	3140		557723	3.82284	554636	2.04042	1	2604		550435	1.23408	553724	3.51923	1	2847		
order_n28.txt 4064		555444	0.200681	567102	0.613507	1	3791		600497	1.29313	574633	3.85275	1	3373		586913	1.37355	569374	3.95589	1	3466		550638	0.0307635	560795	0.52031	1	3838		633556	0.00280537	572209	3.49442	1	3382		600973	4.42295	593510	1.5518	1	2566		600497	1.28137	574633	3.76598	1	3373		
order_n29.txt 4784		636981	0.260584	658601	1.04599	1	4549		685695	1.78828	659033	4.59204	1	3173		647980	1.89318	660568	4.05098	1	3463		634760	0.038666	658530	0.928786	1	4551		730643	0.00344572	652980	3.74418	1	3815		678828	7.63646	688976	2.66092	1	2573		685695	1.76932	659582	4.54745	1	3190		
order_n30.txt 3096		445037	0.114609	469203	1.41799	0	2903		480186	0.743021	460101	2.16614	0	2682		474111	0.785359	455261	1.8903	0	2568		442767	0.018442	471912	1.40517	0	2925		504671	0.00219438	460069	1.88531	0	2600		488475	2.89852	479163	0.897185	0	2125		480186	0.742156	459789	2.17089	0	2798		
order_n31.txt 4536		615591	0.228243	643541	2.38218	0	4378		647300	1.5939	627916	4.41859	0	3739		625186	1.71427	627824	4.15975	0	3507		614329	0.0360554	648370	3.02262	0	4354		684236	0.00316694	628856	4.54563	0	4020		653398	6.53366	652389	3.52911	0	3222		646684	1.58984	627542	4.49612	0	3670		
order_n32.txt 5688		754856	0.369888	797739	2.50669	1	5460		803961	2.51571	771103	7.16146	1	4859		796867	2.66151	776961	6.45496	1	5065		750558	0.0529537	797047	2.09435	1	5499		865890	0.00408143	773719	7.12806	1	5141		827923	8.37694	792837	6.41524	1	5053		803229	2.53957	770320	7.24671	1	5010		
order_n33.txt 4328		546582	0.246556	585179	1.06284	1	4146		575830	1.45475	576063	4.35035	1	3427		601818	1.53687	574587	4.22995	1	3339		539948	0.0328477	582906	1.2843	1	4093		646677	0.00308392	576863	4.21387	1	3592		582488	4.56461	587939	4.11357	1	3334		576586	1.44867	576385	4.31046	1	3481		
order_n34.txt 6232		812830	0.3763	836278	1.55263	1	5969		855367	3.05353	826012	10.0515	1	5243		861516	3.25107	829573	9.03904	1	5233		810533	0.0685706	832878	1.03588	1	6019		907207	0.00450798	824463	9.37864	1	5352		842458	10.5773	837770	7.19199	1	4874		855367	3.04206	824976	10.1817	1	5294		
order_n35.txt 6664		873080	0.447618	901331	3.21496	1	6417		912782	3.45814	900220	11.0243	1	5219		917358	3.66067	895020	9.2075	1	5054		867471	0.0781035	903080	1.84396	1	6396		990548	0.00470527	893756	10.4911	1	5555		905061	12.6313	917551	7.7134	1	4259		912782	3.43425	900220	10.1803	1	5219		
order_n36.txt 5928		821503	0.4079	860410	3.46961	1	5565		879625	2.71657	852478	7.83551	0	4983		889868	2.92988	848128	7.24266	1	4730		813745	0.0568804	860354	2.68283	1	5657		937891	0.00422128	846627	7.68625	0	4900		861211	9.12302	861055	4.43309	1	4953		878711	2.7453	848072	7.26669	0	4789		
order_n37.txt 6568		868482	0.241681	889950	2.94987	1	6224		882527	3.38731	872836	11.1213	1	5532		876109	3.56772	868819	11.2225	1	5735		866712	0.0772217	886747	1.29664	1	6359		921456	0.00471311	872502	10.3609	1	5830		906031	14.2641	910202	5.01818	1	3669		882527	3.33347	871905	10.2532	1	5590		
order_n38.txt 7920		1032361	0.628754	1074848	3.71595	1	7616		1065488	4.8656	1071672	16.2282	1	6213		1088277	5.2215	1050186	14.4089	1	6562		1029685	0.121917	1069675	2.24997	1	7587		1147711	0.00574762	1053098	14.7307	1	6774		1097588	17.0661	1081507	12.9037	1	6491		1065488	4.84822	1071672	14.8622	1	6213		
order_n39.txt 6736		864919	0.507628	892518	1.53716	1	6409		910453	3.52747	889571	10.7339	1	5136		921013	3.78879	901622	9.28602	1	4832		852865	0.0905575	878606	0.874767	1	6574		992591	0.00499708	901763	10.4818	1	5500		898646	11.4868	898696	6.90857	1	4954		910491	3.50769	896201	10.6143	1	5182		
order_n40.txt 7144		974526	0.432786	1015406	2.5736	1	6917		990700	3.96597	983164	12.7277	1	6112		1045516	4.19245	992095	12.8145	1	6287		971702	0.0927033	1017017	2.89686	1	6907		1099748	0.00506947	983330	12.406	1	6339		1058619	16.8627	1046003	8.91251	1	6971		989252	3.94563	983229	12.7104	1	6114		
