37

109
132
49
80
94
166
79
12
166
101
40
182
145
164
177
78
71
46
95
31
37
41
164
2
133
57
24
144
152
55
60
95
3
12
22
61
137

9
4
4
5
2
1
4
6
2
9
9
9
7
5
7
3
7
9
4
1
4
5
7
5
3
6
3
9
7
5
9
5
3
3
6
6
2

0.70 1.65
1.15 1.18
0.50 1.92
1.76 1.93
1.16 0.50
1.00 1.76
1.24 0.64
1.24 0.81
1.57 1.97
1.28 0.75
1.68 1.75
1.98 1.66
1.07 0.81
1.26 1.19
1.72 0.76
0.87 1.03
1.37 1.33
1.31 0.55
1.62 1.11
1.41 1.95
1.43 0.58
0.84 1.73
1.41 1.86
1.78 0.96
0.79 0.88
0.85 1.97
1.82 1.19
1.45 0.85
1.14 1.05
0.63 1.58
1.60 0.70
1.39 0.98
0.75 0.89
0.70 0.56
1.07 1.25
1.84 0.70
1.32 0.74
