36

37
9
38
152
63
43
51
175
80
76
165
104
133
11
138
96
39
36
17
113
107
55
1
123
78
140
120
31
164
1
178
3
122
25
61
143

9
6
10
4
10
2
9
4
6
9
9
1
1
3
9
8
2
8
10
6
3
1
7
2
6
5
3
7
6
4
10
8
8
7
3
8

1.52 0.73
0.62 0.85
0.55 0.66
0.67 1.53
1.19 1.44
1.84 1.74
0.53 0.86
1.16 1.75
0.67 1.19
1.11 1.54
1.20 1.61
0.89 1.51
1.83 1.40
1.25 0.67
1.70 1.90
1.43 1.91
0.65 1.00
1.13 1.89
1.64 1.78
1.67 1.83
1.11 0.96
0.81 1.70
0.92 1.70
1.92 1.61
1.92 1.74
1.50 1.22
0.96 0.81
1.48 1.13
1.34 1.75
1.86 0.84
1.72 1.19
0.50 1.20
0.67 1.23
1.56 1.55
0.66 0.78
1.62 1.74
