33

46
130
11
57
27
66
54
7
25
95
88
165
43
10
159
96
102
97
112
158
32
42
50
85
116
80
81
84
144
153
34
141
122

5
5
7
2
2
3
5
2
7
7
4
7
9
7
7
7
10
8
5
8
7
5
9
3
1
5
1
10
7
5
7
4
9

1.86 1.17
1.18 0.57
0.95 1.27
1.34 1.61
1.18 1.32
1.04 1.26
1.80 0.52
1.35 0.66
0.70 1.51
1.66 1.21
1.61 1.82
0.68 1.70
1.57 0.71
1.82 1.99
0.56 1.16
1.89 1.77
1.73 1.08
1.53 0.75
0.51 0.69
1.03 1.18
0.59 1.49
1.11 0.71
0.85 0.88
0.59 1.69
0.97 1.39
1.80 1.46
1.34 1.88
1.64 1.07
1.74 1.65
0.83 1.06
1.30 1.00
1.00 1.22
0.62 0.84
