40

101
175
186
85
151
35
81
94
132
33
175
199
28
26
113
78
182
194
150
117
53
117
139
117
171
54
185
137
102
77
113
74
31
17
120
181
197
63
178
155

8
10
10
9
6
8
10
6
2
9
1
8
8
2
1
3
4
2
8
1
4
10
4
8
9
3
2
2
6
7
7
6
1
1
3
2
1
5
4
9

1.42 1.49
1.54 1.79
1.79 1.36
1.99 1.97
1.19 1.08
0.75 1.36
0.77 0.89
1.21 1.20
1.34 1.78
1.49 1.17
0.92 0.76
1.02 1.35
0.69 0.83
1.38 1.12
1.35 0.92
1.65 1.50
1.62 1.41
1.40 0.93
0.77 1.30
1.14 1.53
0.60 1.73
1.45 1.70
0.79 1.64
1.64 1.43
1.79 1.94
1.49 1.45
0.79 0.83
1.41 0.75
1.14 0.89
1.06 1.14
1.44 1.46
1.41 0.90
1.54 1.09
1.59 1.86
1.21 0.65
1.35 1.25
1.13 1.45
1.53 1.78
1.04 1.35
1.34 1.32
