33

62
51
59
17
164
22
59
36
154
34
65
106
53
91
43
27
65
49
113
34
128
135
102
90
36
142
50
127
34
23
120
155
122

9
9
3
10
9
1
3
9
5
2
9
10
3
6
3
4
6
2
3
10
8
5
7
6
6
6
6
7
4
4
7
8
5

0.69 1.61
0.97 1.42
1.22 0.70
0.82 1.75
1.84 0.77
1.98 0.75
1.24 1.42
1.27 1.42
0.51 1.62
1.29 0.75
0.68 1.07
1.05 1.44
0.97 0.84
1.96 1.44
1.63 1.41
1.16 1.25
1.86 0.88
1.11 1.22
0.55 1.19
1.35 1.34
1.91 0.76
0.69 0.77
1.13 1.61
1.02 1.33
0.72 1.06
1.98 1.19
0.74 1.27
1.00 1.56
1.70 0.92
1.06 1.22
1.69 1.35
1.35 1.90
1.84 0.60
