39

15
20
162
169
130
64
163
143
163
84
58
134
74
152
159
121
88
188
18
181
83
128
54
23
118
133
11
137
13
48
57
110
184
105
42
148
57
144
151

1
7
5
5
7
6
9
3
5
8
5
2
4
6
5
7
9
4
9
1
2
1
3
6
2
9
1
5
1
7
6
7
10
9
9
7
2
1
5

1.01 1.65
0.61 1.24
1.82 1.04
0.90 1.94
0.50 1.15
0.77 0.55
1.73 1.14
1.06 1.50
0.67 1.46
1.07 0.63
1.20 1.01
0.67 1.25
1.48 1.59
0.74 0.58
0.72 1.64
1.81 0.53
0.95 1.07
0.93 1.28
1.54 0.50
1.44 0.57
1.78 1.10
0.98 1.13
1.94 1.39
1.68 1.73
1.82 1.13
1.10 0.67
1.54 1.42
1.55 1.82
0.75 1.78
1.11 1.08
0.85 1.40
1.01 0.53
1.24 0.82
1.28 1.34
0.77 0.98
1.28 0.52
1.65 1.87
0.91 1.34
0.58 1.65
