38

186
95
107
35
177
155
51
73
55
178
33
124
189
94
44
17
21
105
49
27
190
164
188
29
131
184
22
69
1
10
47
172
185
51
101
151
36
150

2
5
8
4
2
3
6
8
4
7
1
8
3
6
4
5
4
7
10
2
10
9
9
9
9
9
5
5
7
10
5
4
6
6
9
10
7
6

1.56 1.21
0.60 0.72
1.08 1.35
1.01 1.73
1.11 1.35
0.92 0.57
1.11 1.73
1.19 1.05
1.26 1.87
1.70 1.83
1.40 0.88
1.08 1.71
1.67 0.51
1.15 1.03
0.64 1.42
0.84 1.86
1.35 0.90
1.26 0.85
1.46 1.48
1.42 0.97
0.81 1.98
0.79 0.63
0.68 1.08
0.82 1.98
0.89 0.59
1.14 1.71
1.99 1.72
1.82 1.69
1.11 0.79
0.69 1.71
0.90 1.50
1.67 0.58
1.23 1.36
1.25 1.36
1.76 0.83
0.69 1.07
0.94 0.69
0.99 1.06
