33

44
122
52
91
107
83
1
127
18
149
69
61
56
132
21
65
39
132
98
107
11
2
112
50
8
152
50
130
50
147
115
156
123

2
5
2
4
4
2
5
5
10
2
7
10
10
2
8
9
3
3
1
7
6
3
5
5
4
4
10
3
9
9
7
5
5

0.63 0.94
1.17 0.89
0.87 1.67
1.78 0.59
1.69 0.87
1.02 1.34
1.28 1.99
1.06 1.35
1.25 1.55
0.75 1.06
0.51 1.15
1.11 0.58
1.00 1.84
0.87 1.47
1.47 0.99
0.75 1.42
1.46 1.65
0.64 0.64
0.72 1.41
1.61 0.52
1.30 1.73
1.71 1.14
0.69 0.88
0.93 1.00
0.93 1.28
1.74 0.53
1.01 0.51
0.87 1.08
0.90 1.98
1.09 0.63
1.01 1.80
1.30 1.55
1.35 1.75
