40

95
151
43
168
154
100
134
57
79
126
139
136
165
74
102
71
116
151
96
179
198
86
74
52
104
198
17
47
75
69
15
63
5
77
91
70
155
41
168
155

10
5
1
2
6
6
2
3
10
10
3
7
6
7
10
5
7
9
1
2
6
8
8
2
1
8
6
4
3
5
2
2
9
4
2
3
3
5
2
10

0.76 1.22
0.95 1.82
1.77 0.79
1.56 1.05
1.68 1.53
1.87 1.75
1.46 1.42
1.57 1.54
1.92 1.82
1.36 0.96
1.70 1.94
1.04 1.13
0.80 0.67
1.92 0.65
1.47 0.98
1.30 1.63
1.61 0.68
1.20 1.01
1.23 1.09
0.86 0.93
1.79 0.71
1.24 1.87
1.42 0.68
1.63 0.92
1.90 1.33
0.83 1.35
1.59 1.41
1.67 0.93
1.91 1.57
0.63 1.90
1.07 1.95
1.79 1.74
1.05 1.56
1.65 1.82
0.52 1.87
1.95 0.90
0.63 1.58
0.87 0.52
1.51 1.72
1.30 0.88
