35

6
90
123
87
26
23
45
25
160
142
131
26
52
142
162
20
154
48
111
158
12
83
70
45
50
113
138
59
46
75
7
104
131
98
134

3
1
7
7
7
9
1
5
2
7
4
10
10
8
1
1
8
4
3
2
8
8
10
2
4
7
1
10
3
7
6
8
6
1
3

1.63 1.26
0.71 1.65
1.30 1.85
1.11 0.51
1.81 1.23
1.06 0.68
0.88 1.14
1.63 1.11
0.61 1.00
1.36 1.15
1.08 1.79
1.34 1.86
1.03 1.10
0.95 0.83
1.62 1.11
0.56 1.06
1.54 0.56
1.19 1.65
0.94 1.28
0.69 0.56
1.06 1.62
0.75 1.19
1.08 0.81
1.37 1.23
1.38 1.61
0.80 0.76
1.51 1.42
0.69 1.57
1.16 0.76
1.61 1.18
1.16 0.75
1.33 0.55
1.12 1.15
0.74 1.45
1.29 1.89
