41

54
145
116
80
199
24
157
127
115
106
136
69
49
26
62
14
36
174
40
104
43
168
88
122
136
46
151
157
148
187
146
77
112
198
156
126
126
74
108
157
129

1
5
7
4
1
2
9
9
4
6
5
10
10
2
1
5
9
5
1
1
10
1
3
6
2
9
5
9
2
5
5
9
1
6
6
2
5
5
10
3
5

0.79 1.41
1.00 0.84
0.53 1.30
0.53 1.87
1.10 0.69
1.31 1.18
1.92 1.15
1.95 0.77
1.93 0.56
0.66 1.96
1.48 1.72
0.86 0.86
0.71 1.71
0.82 0.74
1.15 0.97
0.52 1.06
1.76 0.80
1.15 0.54
1.27 1.75
1.44 1.70
0.53 1.82
1.08 1.71
1.73 1.78
1.70 1.50
1.44 0.95
1.82 0.97
0.64 1.87
0.93 1.19
0.89 0.64
1.03 1.30
1.72 1.73
1.12 0.98
1.34 0.79
1.29 1.59
1.61 1.94
0.78 1.18
1.66 1.51
1.89 1.74
0.79 1.25
1.48 1.60
0.52 1.06
