37

25
6
17
165
113
126
184
177
118
59
103
77
114
63
127
4
132
170
66
25
104
38
113
180
46
23
95
69
25
179
142
71
7
3
173
57
140

4
1
7
3
3
10
10
7
8
3
5
3
8
9
6
6
3
5
6
9
10
6
10
8
9
8
7
10
7
4
8
5
9
5
10
10
2

0.76 1.33
1.07 0.50
1.48 1.13
1.04 1.72
1.93 1.51
0.67 1.58
1.10 1.33
1.98 0.52
1.15 1.68
1.75 1.06
1.50 1.56
0.64 1.82
0.61 1.91
1.66 0.52
1.21 1.26
1.20 0.70
1.54 1.59
0.91 1.86
0.69 1.70
1.14 0.95
0.81 1.42
1.15 1.06
0.75 1.69
1.38 0.94
0.92 0.77
0.67 1.07
1.90 1.39
0.97 1.78
0.52 1.97
1.71 1.72
1.26 0.88
1.42 1.11
1.25 1.97
1.37 1.85
1.95 1.02
1.23 0.51
1.05 0.58
