39

3
3
170
185
182
53
123
132
157
27
148
13
6
39
88
141
35
177
148
161
178
104
57
147
51
186
87
172
135
170
181
5
177
195
166
133
169
179
149

10
3
6
8
3
7
5
2
3
10
8
5
6
3
6
7
10
2
8
7
5
1
10
9
10
5
6
1
9
8
3
8
1
2
9
4
5
3
6

1.47 1.92
1.95 1.34
1.03 1.03
1.30 1.52
0.62 1.52
1.07 1.96
1.41 1.96
1.27 1.15
0.52 0.56
0.73 1.72
1.36 1.03
1.99 1.53
1.05 0.86
1.24 1.09
1.74 1.93
1.15 0.51
0.50 1.66
1.37 1.04
0.76 0.72
1.14 0.77
1.19 1.22
1.69 1.25
1.75 1.51
1.91 0.82
1.02 0.56
1.98 1.33
1.25 1.68
1.33 0.83
0.55 1.32
1.80 1.64
0.50 1.83
1.68 1.91
0.86 0.57
1.20 0.87
1.73 1.62
0.72 0.92
0.91 0.69
0.70 1.77
1.13 1.46
