34

117
107
120
165
37
28
93
26
106
15
87
137
90
165
51
16
71
9
11
169
38
155
90
54
107
92
170
82
86
149
14
101
142
132

5
5
1
7
3
6
5
5
9
4
8
5
3
5
1
4
3
9
7
9
2
2
2
1
9
1
1
10
7
4
8
10
2
1

1.25 1.72
1.46 1.92
1.74 1.75
1.83 1.99
1.03 0.98
1.39 1.12
1.41 1.48
1.16 1.86
0.88 1.89
1.90 0.96
1.16 1.45
1.12 0.85
1.84 0.71
1.12 1.20
1.25 1.99
0.83 1.85
1.20 0.52
0.90 1.75
0.75 1.45
1.39 1.00
1.98 1.03
1.89 1.34
0.71 1.11
0.85 1.18
1.12 0.77
1.55 0.85
1.90 0.76
1.14 1.57
1.06 0.85
0.72 1.66
0.69 1.74
1.17 1.70
1.76 1.77
1.57 1.41
