37

86
92
133
158
172
165
93
147
105
11
23
58
92
51
125
138
11
5
110
111
184
172
149
7
148
79
62
171
156
179
177
150
53
37
153
37
144

3
1
9
6
9
3
7
4
9
2
7
8
5
1
10
9
10
6
5
8
7
6
7
3
6
2
7
9
2
9
6
8
10
3
5
10
6

1.90 1.32
1.17 0.83
1.53 1.47
0.83 1.84
1.96 0.59
0.96 0.62
0.75 1.98
0.89 1.99
0.79 1.72
0.60 0.88
1.98 1.68
0.63 0.75
0.63 1.54
0.94 1.07
1.35 1.18
1.03 0.60
0.90 1.61
1.06 0.57
1.25 1.69
1.23 0.58
1.47 0.73
1.54 1.71
1.68 1.44
1.13 1.44
0.99 0.56
1.79 1.08
1.50 0.78
0.80 1.17
0.88 1.04
0.96 0.73
1.67 1.04
1.25 1.25
0.73 1.03
1.49 1.70
1.06 0.63
1.28 1.47
0.59 1.28
