32

148
52
117
138
39
129
123
156
49
158
65
23
2
119
149
103
6
66
96
112
86
83
31
34
44
84
31
107
139
81
129
125

9
9
3
9
6
10
4
1
6
5
1
2
5
8
3
6
6
1
7
1
3
7
2
10
8
4
6
7
7
8
5
5

1.26 1.61
1.01 1.97
1.20 0.86
0.88 1.51
1.18 1.38
0.85 1.98
1.33 0.60
0.90 1.40
1.34 0.61
1.79 1.05
0.74 1.54
0.70 1.46
0.93 1.23
1.60 0.67
0.91 1.71
0.75 0.62
1.98 0.85
0.57 1.80
1.88 0.77
1.45 1.68
1.19 1.28
1.38 0.51
0.72 0.70
1.28 0.57
1.77 1.43
1.44 0.78
0.83 1.29
1.58 0.96
1.85 0.57
1.90 1.60
1.68 1.79
0.62 1.12
