39

65
56
176
192
107
187
11
151
114
191
90
129
168
84
62
14
90
181
117
46
162
68
102
75
131
132
78
13
169
145
44
117
42
54
128
165
24
8
152

10
10
10
1
10
5
1
1
5
6
4
5
4
6
8
7
1
4
6
5
6
10
9
5
8
8
8
5
4
3
6
9
10
3
8
7
5
6
10

1.98 0.88
0.82 1.12
1.00 1.68
1.79 1.16
1.39 0.86
0.88 0.99
1.24 1.14
1.95 1.85
0.79 1.63
1.10 0.65
1.14 0.68
1.38 0.63
0.97 1.43
0.98 1.43
1.56 1.23
0.71 1.22
0.80 0.64
1.02 0.61
1.31 1.13
1.79 0.63
0.61 1.29
0.62 1.24
1.65 1.31
0.79 0.75
1.96 1.64
0.93 1.07
0.79 1.30
1.76 1.71
1.12 1.61
0.86 1.48
0.80 0.55
0.84 1.63
1.33 0.89
1.71 1.59
0.66 1.47
1.26 1.01
1.89 1.87
0.88 0.53
1.81 1.74
