n20r2m2.txt 72	0.0008008		72	2.8115e-05		72	4.313e-05		72	5.2755e-05		72	2.318e-05		72	9.9685e-05		72	3.488e-05		
n20r2m3.txt 124	0.000884576		124	3.785e-05		125	6.0205e-05		124	5.563e-05		124	2.858e-05		124	0.000143106		124	4.5135e-05		
n20r2m4.txt 107	0.0019044		124	5.2585e-05		111	7.6255e-05		107	5.6875e-05		128	3.506e-05		126	0.000193401		124	5.8015e-05		
n20r3m2.txt 87	0.001036		95	2.891e-05		87	4.635e-05		87	5.223e-05		97	2.4075e-05		96	0.000117021		95	3.4735e-05		
n20r3m3.txt 94	0.00105474		98	6.618e-05		98	6.0185e-05		96	5.677e-05		99	3.012e-05		97	0.000148865		97	4.524e-05		
n20r3m4.txt 98	0.0019639		111	5.1635e-05		99	7.6575e-05		113	5.673e-05		122	3.644e-05		118	0.000229671		118	5.7676e-05		
n20r4m2.txt 78	0.00107283		82	2.908e-05		78	4.5595e-05		78	5.2685e-05		82	2.3185e-05		84	0.000118105		82	3.5105e-05		
n20r4m3.txt 91	0.00127645		99	3.822e-05		99	5.989e-05		99	5.5075e-05		107	3.0245e-05		95	0.000165835		91	4.5685e-05		
n20r4m4.txt 111	0.00152846		135	5.148e-05		125	7.5435e-05		137	5.539e-05		126	3.792e-05		128	0.000214376		129	5.809e-05		
n25r2m2.txt 89	0.000725281		89	3.7245e-05		89	6.2765e-05		89	5.4914e-05		89	2.547e-05		89	0.00013798		89	4.8335e-05		
n25r2m3.txt 156	0.000875576		156	5.3995e-05		157	8.823e-05		156	6.0705e-05		156	3.244e-05		156	0.00020038		156	0.000104641		
n25r2m4.txt 136	0.00284481		156	7.715e-05		137	0.000112935		135	6.199e-05		160	4.038e-05		154	0.00031089		156	0.00010942		
n25r3m2.txt 107	0.00102838		117	3.9175e-05		107	8.7455e-05		107	8.895e-05		119	4.2731e-05		118	0.00022596		117	7.9965e-05		
n25r3m3.txt 120	0.0013769		125	5.4585e-05		125	8.6545e-05		122	6.243e-05		126	3.4245e-05		125	0.000221405		124	6.426e-05		
n25r3m4.txt 121	0.0029326		141	7.737e-05		125	0.00011271		136	6.3456e-05		153	4.2696e-05		145	0.000444609		149	2.421e-05		
n25r4m2.txt 97	0.00024428		103	8.475e-06		97	2.4683e-05		97	3.1801e-05		103	5.941e-06		105	4.5528e-05		103	2.0767e-05		
n25r4m3.txt 112	0.000317501		124	1.3285e-05		124	2.0935e-05		122	1.4969e-05		127	8.331e-06		118	5.7947e-05		112	1.5652e-05		
n25r4m4.txt 138	0.000455921		166	1.6598e-05		153	2.4472e-05		167	1.37e-05		172	9.436e-06		157	6.8462e-05		157	1.8409e-05		
n25r5m2.txt 95	0.000221932		99	8.956e-06		95	1.508e-05		95	1.315e-05		100	6.001e-06		101	3.9824e-05		99	1.1051e-05		
n25r5m3.txt 115	0.000332346		129	1.2454e-05		129	1.9883e-05		128	1.3365e-05		141	7.947e-06		128	6.5662e-05		131	1.3963e-05		
n25r5m4.txt 143	0.000433157		168	1.8096e-05		151	2.635e-05		187	1.5276e-05		172	1.0296e-05		168	7.2193e-05		164	1.9925e-05		
n30r2m2.txt 107	0.000180269		107	1.2779e-05		107	1.9707e-05		107	1.615e-05		107	7.907e-06		107	4.4461e-05		107	1.4979e-05		
n30r2m3.txt 184	0.000198479		184	1.6774e-05		185	2.6607e-05		184	1.6001e-05		184	9.306e-06		184	6.0575e-05		184	1.8745e-05		
n30r2m4.txt 161	0.000435612		184	3.0175e-05		161	4.3658e-05		157	1.9471e-05		188	1.4481e-05		182	0.000111525		184	3.2367e-05		
n30r3m2.txt 128	0.000319356		140	1.495e-05		128	2.4788e-05		128	1.9085e-05		142	9.999e-06		141	6.4351e-05		140	1.6896e-05		
n30r3m3.txt 142	0.000253845		148	1.7355e-05		148	2.5349e-05		144	1.5603e-05		149	9.341e-06		147	6.7182e-05		147	1.7508e-05		
n30r3m4.txt 143	0.000413424		167	3.5789e-05		148	4.6315e-05		171	2.4196e-05		180	2.0434e-05		175	0.000109253		176	3.5248e-05		
n30r4m2.txt 117	0.000224325		125	1.7998e-05		117	2.6683e-05		117	2.1383e-05		125	1.1713e-05		127	5.665e-05		125	1.9018e-05		
n30r4m3.txt 129	0.000371283		143	2.8976e-05		143	4.1023e-05		141	2.1922e-05		149	1.5924e-05		135	8.5448e-05		130	2.884e-05		
n30r4m4.txt 163	0.000660335		193	3.2446e-05		177	4.1845e-05		219	2.1836e-05		200	1.8721e-05		195	0.000111572		185	3.2987e-05		
n30r5m2.txt 115	0.000234041		121	1.8278e-05		115	2.7255e-05		115	2.2067e-05		122	1.2536e-05		123	6.6694e-05		121	2.0145e-05		
n30r5m3.txt 134	0.000395703		149	2.7072e-05		149	3.596e-05		147	2.3077e-05		163	1.5717e-05		146	8.8861e-05		148	2.8449e-05		
n30r5m4.txt 176	0.000441632		195	3.3182e-05		180	4.1383e-05		224	2.2659e-05		200	1.8666e-05		191	0.000110999		188	5.5003e-05		
n30r6m2.txt 115	0.000275065		125	2.0121e-05		125	3.0821e-05		115	2.4278e-05		131	1.2385e-05		131	6.6234e-05		119	2.3303e-05		
n30r6m3.txt 151	0.000468664		165	2.5781e-05		165	3.4625e-05		164	2.3081e-05		169	1.5377e-05		174	7.4031e-05		161	2.7296e-05		
n30r6m4.txt 165	0.0006143		182	3.2706e-05		176	6.9743e-05		204	2.375e-05		193	1.718e-05		201	0.000145848		187	3.4833e-05		
n35r2m2.txt 124	0.000229757		124	3.2546e-05		124	4.3067e-05		124	3.326e-05		124	2.1403e-05		124	9.1474e-05		124	3.4562e-05		
n35r2m3.txt 216	0.000295702		216	4.3484e-05		217	5.891e-05		216	3.5243e-05		216	2.7507e-05		216	0.00011835		216	4.5764e-05		
n35r2m4.txt 189	0.000478005		216	4.423e-05		187	6.2048e-05		186	2.6048e-05		220	2.1747e-05		216	0.000162176		216	4.6621e-05		
n35r3m2.txt 151	0.000353333		167	2.1792e-05		151	3.432e-05		151	2.5059e-05		167	1.3826e-05		168	9.0442e-05		167	2.4007e-05		
n35r3m3.txt 162	0.000457767		170	5.503e-05		170	8.0928e-05		164	2.7917e-05		170	1.8128e-05		170	0.000186293		169	3.3988e-05		
n35r3m4.txt 166	0.000605628		195	4.4448e-05		170	6.2488e-05		196	2.6949e-05		210	2.2406e-05		204	0.000170049		206	4.6356e-05		
n35r4m2.txt 136	0.000249985		146	1.6986e-05		136	2.6711e-05		136	1.8906e-05		146	1.0781e-05		148	7.3703e-05		146	1.8751e-05		
n35r4m3.txt 150	0.000512058		167	2.4661e-05		167	3.6867e-05		164	1.9984e-05		175	1.3644e-05		156	0.000114446		151	2.3751e-05		
n35r4m4.txt 189	0.000582556		224	3.3787e-05		204	4.6542e-05		252	1.9315e-05		204	1.6241e-05		227	0.000142951		217	3.491e-05		
n35r5m2.txt 135	0.000212041		143	1.5417e-05		135	2.4013e-05		135	4.8723e-05		144	2.0269e-05		145	8.6752e-05		143	1.6776e-05		
n35r5m3.txt 156	0.000392545		175	2.4599e-05		175	3.7044e-05		172	1.9709e-05		191	1.4189e-05		171	0.000114615		175	2.6452e-05		
n35r5m4.txt 192	0.000806023		224	3.2302e-05		208	4.38e-05		255	1.9172e-05		222	1.5423e-05		228	0.000128327		220	3.2906e-05		
n35r6m2.txt 134	0.000230777		146	1.5471e-05		146	2.4331e-05		134	1.8153e-05		150	9.89e-06		152	7.0521e-05		135	1.6668e-05		
n35r6m3.txt 174	0.000517921		189	2.3111e-05		189	3.4743e-05		187	2.0191e-05		195	1.3681e-05		196	0.000103429		182	2.5081e-05		
n35r6m4.txt 191	0.000470843		218	3.1995e-05		201	4.4148e-05		231	1.8776e-05		222	1.5494e-05		243	0.000139509		213	3.2984e-05		
n35r7m2.txt 135	0.000409331		140	1.692e-05		136	2.6114e-05		135	1.9758e-05		158	1.0689e-05		159	8.3039e-05		142	1.6789e-05		
n35r7m3.txt 174	0.000388863		181	2.3312e-05		181	3.4456e-05		184	1.9466e-05		200	1.3516e-05		194	9.9754e-05		183	2.4922e-05		
n35r7m4.txt 193	0.000397908		198	3.483e-05		202	4.8197e-05		248	2.3768e-05		234	1.6283e-05		234	0.000154283		209	3.3084e-05		
