34

107
108
149
149
84
339
66
220
340
325
235
231
27
279
306
123
311
288
97
293
105
20
126
138
149
210
286
27
112
335
115
128
269
135

6
1
10
1
6
4
1
7
2
7
1
8
1
6
6
6
7
8
2
8
9
1
8
5
1
10
2
6
8
7
4
8
4
3

1.12 0.67
1.75 1.76
1.73 0.97
1.70 1.24
0.65 0.67
1.44 0.61
1.38 1.51
0.87 0.88
0.96 1.10
1.82 0.52
1.35 1.33
0.71 1.79
1.85 1.46
1.66 1.60
1.50 0.86
1.34 0.63
1.66 1.91
0.89 0.67
1.85 0.81
1.34 1.09
1.41 1.54
0.66 0.50
1.14 0.94
1.76 1.04
0.77 1.19
1.58 1.17
0.79 0.97
1.47 1.29
1.17 1.67
0.57 1.36
1.94 1.73
1.06 0.70
1.86 0.54
0.85 1.98
