32

188
100
208
84
78
99
275
105
24
294
277
92
275
266
61
263
184
302
162
230
305
172
142
7
112
164
239
279
164
104
306
127

7
5
7
1
6
7
1
5
2
5
1
7
5
7
9
3
5
9
1
5
3
7
4
1
8
10
10
6
8
10
1
6

1.63 0.58
0.57 1.77
0.62 1.49
1.52 0.55
0.91 0.71
1.43 1.38
1.27 1.83
1.63 1.48
1.64 0.64
0.61 0.68
1.77 1.11
1.83 1.51
1.55 0.97
1.57 1.35
1.30 0.68
1.39 0.99
0.63 1.91
0.56 1.18
0.58 1.68
1.55 1.11
1.23 1.23
1.01 0.55
0.72 1.85
0.82 1.29
1.98 0.72
1.86 1.94
1.61 1.09
1.79 1.66
1.81 0.70
1.00 1.35
1.64 1.02
1.25 0.64
