38

163
91
359
188
229
378
128
309
289
42
236
137
117
257
346
345
200
16
32
324
332
10
314
163
42
311
352
265
305
328
205
164
339
186
45
212
11
150

4
3
1
5
1
9
4
9
6
4
1
10
7
6
7
2
10
7
4
7
7
7
6
10
8
6
2
4
10
10
9
10
5
10
3
1
7
10

1.81 1.08
1.14 1.88
1.90 1.28
1.72 0.86
1.25 0.60
1.56 0.68
1.80 0.83
1.06 1.16
1.17 1.09
1.21 0.65
1.02 1.30
1.58 0.54
0.61 0.92
1.89 1.18
1.18 0.87
1.15 1.20
0.91 1.84
1.47 1.83
1.74 1.77
0.50 0.96
1.13 1.82
0.70 1.25
1.08 1.73
0.96 0.98
1.02 1.89
0.98 1.04
0.98 0.59
1.18 1.16
1.65 1.33
1.91 1.58
1.39 1.07
0.61 0.64
1.64 0.92
1.85 1.72
1.52 1.94
1.22 0.99
1.07 1.43
1.11 1.90
