8 4650
1 9 87 79 4 2 9 1 
5 5 50 24 1 6 4 5 
7 7 68 81 7 0 5 4 
2 8 48 60 7 1 4 6 
0 8 33 97 9 0 5 1 
3 8 99 78 5 3 0 0 
8 3 47 91 1 9 3 7 
2 0 58 73 6 3 1 6 
9 5 97 90 1 2 4 8 
2 3 26 33 9 1 2 9 
2 0 73 15 6 2 0 4 
7 0 20 85 1 1 9 6 
0 5 59 23 4 2 3 4 
5 8 59 86 4 0 0 3 
6 6 20 83 9 8 6 7 
5 9 63 23 9 4 6 0 
0 5 33 26 7 0 0 4 
9 9 55 97 4 1 2 6 
8 6 32 30 8 3 5 3 
4 4 59 37 6 5 3 6 
9 9 81 19 9 7 5 8 
8 6 70 11 1 9 9 5 
8 7 48 21 0 3 8 9 
4 3 39 43 6 9 0 7 
6 6 73 95 8 4 4 5 
3 4 18 88 3 9 7 1 
1 1 77 31 7 3 8 7 
8 2 54 98 3 6 5 9 
9 0 34 44 0 4 0 9 
1 0 72 59 8 9 5 0 
0 7 18 95 2 6 3 2 
4 5 74 67 1 2 6 3 
8 9 94 100 1 2 9 8 
9 0 51 76 3 0 1 7 
1 2 14 36 8 8 3 5 
1 8 45 83 4 9 5 9 
1 4 22 11 3 9 2 0 
1 0 43 53 6 5 0 4 
7 1 27 54 3 3 8 8 
8 8 61 37 5 5 1 5 
3 4 99 78 7 5 3 5 
7 1 30 21 2 9 5 8 
5 4 46 100 4 1 4 3 
2 4 37 90 8 5 2 6 
0 9 95 22 1 4 1 5 
7 7 59 97 7 4 3 0 
3 7 98 81 7 4 0 2 
5 3 79 48 4 5 3 1 
9 9 47 45 6 8 9 0 
9 5 34 26 9 4 7 8 
9 1 87 88 7 6 3 1 
7 9 99 93 0 8 4 2 
2 0 33 70 9 3 8 9 
3 8 30 99 9 3 6 9 
6 7 49 28 7 5 9 5 
0 9 92 87 6 5 3 4 
3 3 60 25 9 3 2 4 
6 2 50 80 1 0 5 8 
2 7 92 54 4 3 8 9 
7 3 89 82 8 8 9 7 
5 2 77 50 5 5 5 2 
3 2 47 38 3 7 6 5 
5 7 12 55 1 6 2 9 
4 2 76 30 0 2 0 7 
7 8 67 20 1 0 1 7 
2 7 48 12 9 4 1 5 
6 8 83 81 6 6 5 9 
4 0 37 21 5 0 8 0 
1 5 90 63 1 3 2 4 
2 7 22 16 3 0 7 1 
7 9 95 50 5 1 6 3 
7 7 43 95 1 1 6 8 
5 5 21 40 0 6 2 8 
4 6 91 39 9 4 3 1 
5 1 12 86 6 3 4 5 
6 8 64 87 9 4 3 8 
3 7 87 84 7 8 3 8 
3 2 55 69 2 2 6 9 
3 8 10 79 3 8 3 2 
8 5 40 70 8 3 0 9 
6 1 42 69 2 0 9 5 
0 5 77 79 5 3 1 5 
7 8 89 88 1 3 5 2 
3 9 58 75 1 6 5 9 
8 2 38 30 1 6 4 1 
1 9 63 28 8 5 5 7 
5 5 63 69 1 5 9 9 
3 0 61 17 2 9 1 3 
4 2 70 87 3 2 4 3 
3 3 80 29 4 0 1 1 
8 6 35 60 4 6 4 4 
4 9 67 98 7 9 6 0 
9 7 60 11 1 2 4 1 
1 7 56 87 2 9 2 2 
5 7 64 42 2 3 2 0 
9 6 46 14 0 6 9 4 
2 0 71 87 8 6 2 6 
4 6 37 78 2 1 8 2 
2 7 41 84 2 0 8 9 
2 6 41 17 2 7 3 6 
6 1 94 19 2 1 9 3 
6 8 36 82 5 7 9 0 
6 4 99 78 3 2 1 3 
7 5 27 15 0 8 3 0 
7 1 22 22 6 6 3 7 
4 9 40 47 9 5 6 0 
5 6 91 25 1 6 8 9 
9 6 68 33 7 8 7 0 
3 9 30 27 5 9 6 5 
1 6 84 96 9 5 5 8 
9 2 35 70 1 3 5 9 
2 7 71 86 7 1 4 0 
2 2 71 93 4 3 4 6 
7 9 43 86 4 2 5 9 
4 0 31 21 5 4 1 9 
9 5 37 86 1 4 7 9 
4 1 93 94 5 3 8 2 
0 6 25 51 7 0 4 5 
3 1 96 67 9 1 1 1 
8 2 92 59 1 0 5 1 
8 6 83 16 3 5 5 2 
9 1 62 99 5 8 6 7 
6 0 59 50 5 6 0 4 
3 4 77 16 5 0 1 8 
7 2 12 60 4 7 2 7 
0 8 60 38 8 1 6 2 
0 1 63 82 8 8 1 6 
9 1 100 21 6 3 1 5 
1 7 71 97 6 4 5 9 
2 9 10 95 7 4 1 8 
0 7 89 72 5 7 6 3 
9 8 81 97 8 3 6 0 
9 4 78 68 1 6 1 6 
1 6 66 75 1 4 0 3 
0 4 94 90 8 7 4 0 
9 8 84 69 2 2 1 0 
2 0 42 52 8 1 2 5 
2 6 85 94 6 7 7 2 
5 3 56 38 3 4 6 0 
5 5 53 57 9 2 8 4 
8 5 98 95 6 4 3 9 
4 9 46 46 8 4 0 3 
2 0 94 81 7 9 7 7 
1 8 87 14 5 5 3 5 
0 6 50 69 0 9 9 3 
7 1 51 22 6 8 9 5 
6 2 58 48 2 6 6 3 
6 5 57 51 6 6 9 4 
1 8 16 85 6 8 9 5 
3 6 99 31 1 2 8 2 
9 5 82 95 2 8 7 6 
2 2 98 24 3 4 9 0 
0 6 38 45 7 2 8 3 
9 7 33 69 7 0 5 6 
3 5 19 92 1 3 3 0 
5 9 81 10 1 1 7 5 
2 4 57 68 6 5 2 7 
2 8 87 19 5 4 0 3 
3 7 32 73 6 7 4 7 
8 7 79 48 0 0 2 2 
1 9 93 34 5 4 4 2 
7 1 65 50 5 2 9 8 
4 7 32 51 2 1 5 0 
2 7 95 95 1 5 7 8 
8 9 32 86 0 5 1 7 
5 8 85 66 2 0 1 3 
5 0 46 32 8 1 5 4 
6 5 36 45 3 9 2 4 
4 3 58 41 9 9 0 7 
9 3 85 28 3 2 7 0 
5 4 63 73 6 4 4 6 
9 8 31 71 2 3 9 1 
5 9 61 66 8 8 0 1 
2 0 65 61 2 1 6 8 
2 0 67 19 2 6 2 3 
9 9 21 28 6 0 2 5 
2 3 42 57 5 7 9 8 
7 9 38 11 5 3 7 1 
2 0 29 10 0 7 0 5 
6 2 14 83 0 3 7 2 
1 2 56 43 0 7 6 8 
6 2 96 84 3 1 3 7 
8 5 37 79 7 6 3 7 
3 8 98 60 8 0 9 8 
9 4 65 95 6 9 8 8 
9 4 81 47 5 8 0 4 
0 2 77 14 0 5 1 0 
7 5 93 12 2 8 4 5 
3 1 92 62 4 5 8 5 
9 5 38 64 3 5 0 8 
4 0 90 26 6 1 9 4 
0 2 50 73 0 3 5 8 
2 1 17 34 7 2 3 0 
1 5 46 11 0 2 5 8 
0 3 83 90 6 2 3 8 
4 1 73 64 5 8 0 7 
5 8 27 88 9 2 4 5 
1 6 80 71 2 0 2 9 
3 2 30 76 4 7 2 4 
7 6 11 13 2 8 5 2 
2 4 49 51 9 2 1 9 
0 3 70 22 4 5 4 6 
6 7 69 77 9 8 8 1 
6 0 21 82 5 8 1 7 
0 3 35 36 8 1 7 3 
0 3 87 45 9 2 7 1 
7 9 41 23 0 4 0 2 
3 3 53 39 9 6 9 3 
4 4 30 17 3 8 8 3 
5 4 26 83 5 1 1 9 
1 0 95 43 5 4 0 3 
6 3 52 52 8 0 8 6 
0 6 57 23 7 9 7 4 
5 3 80 25 1 0 9 3 
1 8 65 48 6 0 3 9 
1 6 94 90 0 4 7 6 
4 5 15 34 9 7 2 0 
8 4 15 88 5 3 4 2 
0 4 38 97 4 2 6 6 
4 5 79 64 5 4 1 1 
7 1 39 33 4 6 1 0 
9 6 57 94 4 0 5 3 
5 0 71 37 4 3 6 9 
6 9 77 86 6 9 2 9 
0 7 90 89 6 8 7 7 
2 3 42 28 9 2 1 6 
6 9 56 93 3 6 7 9 
0 2 56 44 4 5 8 4 
2 0 67 37 9 3 2 5 
0 1 76 43 4 3 2 1 
7 1 78 24 0 3 7 1 
0 2 58 83 8 3 9 0 
0 7 26 96 3 2 2 4 
9 9 22 42 9 4 8 4 
5 7 58 86 3 5 1 9 
4 5 53 69 9 0 2 3 
4 6 98 24 0 2 3 7 
6 3 82 28 3 9 9 3 
8 3 44 96 6 3 6 1 
2 1 67 52 3 5 8 6 
0 2 47 13 6 0 2 0 
7 7 32 60 3 0 8 5 
8 8 100 70 7 5 6 3 
3 6 85 12 4 7 3 5 
2 0 13 22 6 3 1 4 
7 7 86 80 1 9 2 4 
1 8 58 12 4 6 7 7 
0 3 19 45 8 1 2 6 
6 1 29 36 7 0 2 0 
6 0 42 96 4 9 8 4 
1 7 18 13 2 4 4 9 
8 3 42 54 4 3 9 6 
9 6 44 44 4 3 5 9 
5 6 63 93 3 5 5 2 
1 1 65 96 1 1 0 0 
1 4 25 13 7 9 8 1 
9 7 85 85 9 0 7 6 
6 2 63 83 9 7 7 9 
7 8 100 94 4 2 4 7 
0 8 93 96 2 5 8 7 
5 9 30 13 4 6 9 4 
1 0 100 69 2 6 1 4 
3 6 97 49 6 2 7 8 
5 8 43 77 0 3 4 3 
8 8 17 98 4 1 3 0 
9 6 59 88 9 5 6 6 
2 4 30 72 8 7 9 4 
0 7 91 82 8 6 7 2 
2 5 49 70 2 0 3 5 
9 1 83 26 7 2 8 2 
7 6 71 56 1 5 3 9 
8 8 99 82 3 0 5 6 
3 9 100 85 9 3 4 4 
6 5 65 56 2 0 8 2 
4 3 18 28 7 8 3 9 
9 9 99 89 5 9 3 2 
1 8 49 15 7 8 7 7 
4 8 87 92 7 6 7 8 
2 9 72 92 0 8 2 1 
6 8 12 22 7 3 6 3 
6 6 73 55 9 2 8 8 
8 0 63 80 2 1 2 7 
5 8 74 62 0 6 4 5 
0 8 70 48 2 6 5 7 
2 8 81 83 0 4 9 8 
1 2 93 55 9 1 4 0 
0 7 53 73 5 9 8 0 
4 2 44 52 3 7 1 6 
2 7 20 82 1 5 5 8 
3 3 16 51 8 6 3 0 
7 7 87 85 6 2 3 6 
0 0 90 12 3 1 7 6 
4 6 13 99 6 5 7 0 
1 9 14 70 0 3 8 5 
8 4 86 16 7 8 8 1 
2 3 91 29 8 2 3 8 
2 6 54 37 7 3 6 8 
6 5 39 47 6 8 6 3 
9 2 83 31 7 2 2 6 
2 1 60 66 4 0 6 7 
4 9 19 40 0 3 4 5 
8 3 77 85 6 3 1 8 
5 2 16 26 2 2 6 6 
4 6 95 18 0 4 4 3 
1 6 91 20 8 3 2 2 
8 4 52 42 4 2 7 7 
9 1 49 30 5 2 2 3 
8 0 87 39 5 5 2 8 
0 3 57 38 4 2 9 2 
4 1 18 22 9 3 0 3 
5 5 18 61 1 0 0 6 
1 5 53 89 7 6 2 4 
5 2 64 31 2 3 4 0 
3 4 98 92 3 1 8 5 
7 9 86 26 6 0 8 8 
9 3 37 59 2 2 0 4 
8 6 64 80 7 4 5 3 
3 9 41 66 9 3 8 7 
2 3 45 41 0 1 4 4 
6 3 77 34 2 0 4 4 
2 5 18 62 3 8 8 2 
8 2 54 79 3 1 5 2 
2 8 72 36 5 1 7 2 
1 0 44 18 4 0 5 2 
0 2 14 50 3 4 5 6 
7 7 79 71 3 0 9 1 
9 1 84 79 4 6 0 5 
3 5 17 76 1 7 7 0 
2 5 35 38 9 1 0 9 
8 1 86 65 5 3 5 8 
3 5 78 64 6 4 1 3 
6 3 14 90 5 1 9 2 
4 7 81 52 7 4 6 2 
8 2 30 61 6 9 2 3 
5 8 63 94 5 7 6 5 
7 5 26 49 2 7 2 0 
1 9 52 44 0 8 8 6 
2 0 50 13 9 0 6 6 
9 8 52 53 2 6 3 5 
2 7 12 78 0 9 4 8 
3 6 93 94 0 7 0 9 
7 5 64 95 7 5 4 4 
8 7 97 14 6 0 4 8 
8 2 78 35 5 2 4 5 
4 8 97 61 7 4 9 8 
3 5 87 75 2 1 0 0 
1 4 97 58 4 3 1 9 
5 8 30 54 1 0 8 0 
2 0 87 13 5 7 0 1 
2 3 38 66 0 7 7 3 
6 2 42 13 2 6 8 3 
4 1 28 23 9 1 3 9 
0 2 84 65 6 7 8 6 
1 6 71 71 7 2 8 3 
6 4 60 43 8 2 1 6 
0 7 68 57 1 5 0 9 
6 3 83 52 3 0 9 2 
3 5 52 42 9 5 7 1 
1 0 18 89 4 5 2 3 
9 5 73 63 6 7 9 3 
2 7 52 80 7 2 0 2 
8 2 13 81 1 8 2 3 
7 2 51 56 2 9 6 2 
5 5 22 15 9 2 9 8 
0 1 52 31 1 0 7 0 
6 2 56 37 2 0 4 5 
9 5 17 29 3 8 4 2 
9 1 20 44 5 6 4 7 
3 6 91 32 5 1 7 0 
8 5 63 29 9 5 2 7 
0 5 71 30 0 8 8 2 
6 3 60 99 7 6 7 0 
6 3 27 94 8 1 3 2 
4 5 20 12 1 1 9 5 
3 2 51 42 4 5 3 0 
6 4 49 52 4 8 5 5 
8 9 55 72 6 3 1 1 
8 6 99 51 0 0 1 2 
9 7 36 43 4 2 7 9 
3 9 85 88 8 2 2 2 
2 2 16 52 2 0 0 7 
3 3 70 37 0 4 1 7 
4 5 55 14 8 2 4 2 
9 9 70 38 2 2 0 5 
1 4 79 48 1 4 4 6 
8 3 49 45 6 1 0 3 
1 2 49 72 6 9 6 4 
6 5 12 78 1 9 1 0 
2 0 72 36 8 4 4 5 
5 7 13 50 8 3 6 5 
2 4 21 42 4 4 5 5 
5 8 55 19 6 4 1 2 
4 0 50 84 0 2 3 9 
7 6 43 90 3 2 7 6 
0 6 40 74 5 5 8 0 
0 7 15 76 4 7 5 7 
3 0 30 58 8 2 2 2 
4 1 28 39 6 9 2 1 
7 8 28 93 7 6 6 3 
5 3 74 23 6 6 8 2 
9 7 100 98 1 3 4 0 
9 1 21 45 4 7 6 4 
3 4 76 56 2 5 6 2 
5 3 66 96 7 7 6 2 
3 3 21 11 8 6 1 8 
5 8 95 84 3 5 8 9 
5 1 58 70 4 9 5 6 
4 5 64 68 3 5 9 4 
4 0 69 45 1 4 1 8 
9 9 71 57 8 5 8 3 
7 7 55 57 2 3 7 6 
8 3 30 36 5 2 3 9 
4 2 34 37 9 9 9 3 
6 0 28 21 5 4 6 0 
4 3 55 93 3 3 4 5 
3 7 12 14 3 1 6 0 
4 3 91 38 6 6 8 1 
6 2 97 35 2 2 8 0 
9 3 88 76 4 4 7 9 
7 2 55 18 9 6 3 4 
9 5 12 85 4 7 8 6 
4 5 57 21 8 8 3 5 
0 7 12 49 7 1 9 9 
5 1 79 44 4 2 0 9 
0 3 70 56 8 2 4 1 
1 8 79 64 8 6 5 6 
6 9 16 61 7 2 1 3 
0 0 91 68 7 5 5 5 
7 8 31 63 7 4 7 5 
4 6 45 34 9 9 6 1 
6 4 28 72 9 3 6 4 
0 6 27 34 8 2 9 9 
1 0 89 71 3 9 1 8 
4 9 65 43 3 0 4 3 
1 8 37 18 2 7 8 0 
7 4 27 28 0 7 1 9 
4 0 22 25 6 7 2 1 
5 8 21 37 0 9 5 4 
4 6 14 88 7 4 5 5 
8 1 13 69 9 8 3 3 
7 1 45 100 9 1 1 9 
1 0 37 74 0 6 8 7 
1 8 48 40 8 4 5 8 
4 8 65 27 5 5 4 5 
0 8 57 55 6 1 3 8 
5 7 76 55 0 8 5 5 
5 7 94 27 9 8 0 7 
6 5 77 47 4 4 2 6 
8 9 15 50 6 0 7 3 
7 0 46 28 2 6 5 5 
6 2 82 64 5 5 1 9 
5 3 57 82 7 6 3 6 
7 1 32 16 1 2 6 0 
4 1 94 84 0 7 0 1 
9 9 92 57 3 2 1 8 
6 8 91 33 6 3 5 4 
5 3 100 61 1 5 5 6 
7 3 12 72 3 8 1 9 
8 9 99 28 7 9 1 7 
9 3 57 78 6 8 0 1 
3 6 94 75 0 6 6 9 
8 0 75 22 0 4 2 7 
3 7 94 46 2 5 4 5 
2 8 19 38 8 9 4 8 
3 8 81 66 5 3 3 5 
9 4 39 88 1 7 0 7 
4 2 88 16 7 4 5 8 
5 0 58 32 6 7 9 4 
4 7 53 95 9 6 9 2 
4 4 13 31 6 0 9 0 
2 4 86 14 2 5 7 3 
5 7 81 52 4 4 1 2 
5 6 73 93 6 1 9 3 
8 1 78 18 3 5 0 0 
4 6 95 84 4 3 0 4 
1 5 84 36 1 6 1 1 
1 9 41 86 2 4 9 6 
2 5 87 66 8 2 5 3 
2 9 38 99 3 3 7 9 
6 3 53 67 3 7 6 0 
1 0 36 21 6 4 8 9 
0 3 71 93 7 8 7 8 
6 3 91 72 1 0 8 4 
2 5 87 43 3 4 7 1 
9 8 34 16 4 5 3 6 
7 8 30 82 4 0 8 2 
1 5 81 35 2 9 7 8 
7 4 17 12 8 1 6 6 
3 6 89 15 2 4 2 7 
6 5 35 25 1 0 0 9 
7 9 21 43 6 6 7 9 
6 7 28 72 6 1 1 3 
6 0 26 48 2 3 9 7 
0 8 71 96 3 6 1 7 
5 8 90 36 8 0 7 6 
7 9 58 87 1 0 1 4 
9 1 96 60 9 8 5 3 
9 5 80 93 8 5 4 2 
2 6 40 44 9 1 9 2 
4 4 74 82 2 1 5 7 
3 3 84 30 8 8 2 8 
4 4 100 61 3 8 1 0 
0 2 11 65 0 1 8 6 
9 9 39 76 0 7 7 1 
3 1 89 32 4 0 2 4 
6 1 47 69 3 8 4 6 
2 9 10 48 4 4 8 1 
9 1 58 33 1 0 1 3 
7 7 91 34 4 0 6 6 
3 7 99 95 0 4 3 0 
3 5 63 41 7 4 2 7 
5 3 27 77 6 8 5 3 
7 7 31 13 3 9 8 5 
7 9 46 86 8 5 0 1 
5 1 11 72 5 0 2 2 
3 4 89 88 2 8 4 3 
0 8 60 48 9 8 6 3 
9 6 25 73 2 2 7 7 
7 9 86 100 1 6 2 3 
9 9 47 48 8 5 1 5 
0 8 15 84 2 5 6 6 
1 7 52 95 2 4 2 0 
9 7 11 12 3 3 5 9 
2 6 19 12 0 9 5 6 
4 6 35 30 3 7 2 0 
3 9 12 92 0 7 7 3 
5 1 88 92 5 9 8 6 
2 5 54 87 4 7 9 0 
7 3 80 75 3 8 9 2 
2 9 44 77 9 9 4 0 
1 0 70 50 3 4 9 9 
1 2 48 61 6 8 9 1 
3 5 22 62 9 7 4 1 
7 2 59 11 5 9 8 2 
5 5 32 97 2 0 7 3 
4 3 53 72 3 9 2 7 
3 1 69 62 8 1 2 3 
3 4 17 82 3 6 9 6 
4 4 97 99 9 5 3 7 
1 4 34 74 6 3 2 2 
5 3 88 24 2 4 5 6 
7 9 63 32 9 0 8 2 
7 6 92 78 4 5 5 0 
8 7 36 81 0 3 0 2 
8 5 44 97 8 0 1 0 
2 0 56 12 2 1 3 7 
8 3 80 71 2 3 0 4 
0 4 11 13 3 0 2 1 
7 8 18 65 1 6 6 9 
7 0 32 38 3 8 3 2 
8 1 93 62 4 4 4 9 
5 4 10 63 7 4 6 4 
5 7 47 17 8 3 2 3 
0 6 80 29 4 3 4 0 
0 0 13 39 3 5 7 8 
4 9 100 46 7 5 4 0 
2 9 89 12 5 1 2 2 
7 7 87 86 5 5 5 7 
5 9 52 64 0 7 1 7 
8 0 12 46 2 1 8 6 
0 0 74 30 3 2 0 4 
7 5 28 89 7 9 0 4 
6 0 98 94 3 4 0 5 
9 0 40 37 9 7 9 1 
6 8 80 92 6 7 4 6 
7 6 95 23 7 9 9 3 
2 2 77 64 4 5 6 4 
1 3 46 53 3 3 3 5 
5 8 67 69 7 9 3 2 
3 6 68 21 9 0 2 1 
1 7 75 83 1 9 5 4 
0 0 13 33 1 2 5 2 
9 2 83 87 3 4 5 1 
2 0 79 87 9 5 5 6 
5 4 89 82 9 7 2 7 
9 4 78 40 4 1 1 4 
2 4 62 91 2 0 1 1 
9 8 64 34 2 7 1 4 
3 3 13 64 9 6 9 0 
4 6 77 21 1 7 2 8 
8 2 86 83 9 0 4 4 
4 2 94 36 2 4 9 4 
2 5 35 64 3 5 0 2 
7 5 19 54 5 2 5 8 
3 3 96 10 5 1 8 9 
1 5 48 86 1 9 1 1 
2 4 68 78 0 7 5 3 
0 6 61 37 0 6 1 4 
5 3 90 12 0 7 4 1 
8 9 83 25 4 2 3 7 
1 1 92 92 6 9 0 9 
0 5 10 78 5 6 2 3 
5 0 95 55 1 0 4 7 
9 5 34 20 4 8 4 4 
6 6 43 96 8 3 8 1 
4 7 35 55 7 3 1 5 
2 1 16 68 3 0 8 5 
9 7 96 74 5 5 6 1 
0 5 87 38 8 4 6 4 
2 2 84 21 1 7 3 7 
8 6 11 10 2 3 6 1 
2 5 45 15 5 5 3 9 
3 6 92 31 1 1 2 2 
5 1 62 59 4 8 2 4 
6 8 16 33 0 9 3 2 
9 3 80 85 0 5 4 4 
6 1 64 16 2 1 8 2 
7 2 38 97 0 8 8 4 
4 5 95 94 7 7 1 8 
1 6 35 72 4 4 3 5 
4 4 83 35 5 6 0 5 
4 1 74 67 1 9 1 5 
6 2 44 48 4 5 7 9 
9 0 39 64 2 4 2 1 
9 9 97 75 5 9 8 0 
8 5 14 94 7 3 1 1 
6 6 85 12 2 9 8 6 
9 8 96 29 5 3 8 5 
1 7 82 17 9 1 2 7 
7 5 64 28 8 1 7 1 
9 3 74 94 1 3 3 7 
2 3 93 40 8 0 7 9 
4 0 82 20 3 7 1 6 
4 6 38 20 8 0 9 6 
0 5 51 45 0 9 3 8 
7 8 97 13 5 5 7 2 
5 6 97 68 3 9 6 8 
0 4 43 41 7 8 8 2 
7 3 63 13 6 3 6 4 
8 9 45 16 5 9 0 1 
0 6 38 44 1 0 3 9 
8 7 92 79 4 0 4 6 
3 2 41 70 9 0 7 9 
4 2 47 16 6 2 3 2 
3 8 18 46 2 0 4 7 
4 4 85 89 0 6 0 2 
2 5 46 28 2 7 7 4 
4 6 74 80 1 5 9 9 
6 8 21 52 5 2 4 4 
8 6 45 38 4 1 3 5 
2 4 12 80 0 5 8 8 
8 6 26 84 2 6 3 8 
9 1 58 15 8 5 8 6 
6 2 38 41 3 4 5 3 
3 2 95 17 5 9 2 6 
9 6 22 87 9 6 5 5 
9 6 80 74 6 3 6 9 
4 4 43 25 9 7 5 6 
2 6 56 14 6 6 0 7 
0 8 87 72 4 1 5 0 
3 0 94 80 0 7 2 7 
5 9 28 98 0 6 0 7 
9 4 23 68 2 0 4 8 
0 1 39 92 1 3 1 5 
3 1 76 79 6 6 3 2 
6 5 93 65 0 2 6 0 
9 1 38 56 3 0 6 5 
4 9 83 49 9 6 7 7 
4 1 75 64 5 3 4 1 
6 4 71 49 0 6 6 2 
7 2 71 60 4 3 5 8 
2 4 58 83 6 4 8 0 
8 5 32 14 9 5 4 9 
2 3 21 45 8 3 4 0 
3 6 59 62 2 6 3 8 
8 2 36 69 2 1 4 4 
8 9 69 92 4 9 5 3 
2 2 35 71 5 7 9 6 
1 4 13 92 3 4 6 2 
6 8 91 36 6 4 1 4 
7 4 85 68 3 0 1 8 
8 5 39 76 7 8 6 6 
6 0 85 55 9 2 8 1 
4 0 83 17 2 0 2 3 
6 4 52 70 7 9 3 4 
6 9 94 72 5 9 3 6 
7 0 35 85 4 9 7 4 
1 8 50 82 2 8 0 3 
5 1 67 92 1 8 8 0 
0 0 45 56 5 1 8 4 
0 6 98 74 3 7 9 8 
5 5 68 70 1 6 5 7 
2 1 21 45 9 1 3 3 
5 7 48 69 2 1 4 8 
2 0 64 69 9 5 6 0 
3 0 19 58 2 9 3 4 
8 4 84 67 8 8 2 8 
9 3 31 18 7 7 6 9 
0 0 79 74 2 1 2 2 
9 0 38 35 5 3 1 7 
5 8 24 64 8 7 1 4 
2 9 81 32 7 7 1 9 
6 7 55 88 3 1 0 8 
9 1 52 82 9 9 6 4 
0 4 55 74 1 0 5 3 
5 8 85 75 5 5 8 2 
8 8 59 65 5 1 5 3 
9 6 35 32 4 2 3 6 
2 2 53 87 0 8 6 6 
1 4 82 92 8 3 7 4 
3 9 98 24 0 7 9 4 
8 7 13 65 7 8 4 0 
2 1 41 77 5 6 1 1 
1 2 28 11 8 3 4 4 
6 6 51 53 9 2 4 4 
1 0 87 37 0 4 0 4 
8 5 58 53 2 7 1 0 
1 6 42 83 3 3 6 8 
1 3 90 48 5 3 4 7 
1 7 37 19 0 8 3 8 
0 0 46 63 3 0 8 7 
9 8 25 46 9 3 5 5 
4 2 11 83 3 9 1 1 
9 0 14 79 6 5 6 1 
5 9 60 95 1 0 3 1 
5 1 86 80 4 0 9 1 
9 7 55 81 5 4 6 6 
5 0 37 84 9 4 1 3 
0 9 98 82 2 5 2 3 
4 7 99 91 5 3 9 5 
1 2 48 46 7 8 4 4 
4 6 16 20 9 2 8 3 
2 2 94 86 9 4 6 9 
4 8 90 53 2 8 4 0 
1 1 31 61 6 7 9 1 
5 7 82 90 3 7 0 7 
7 9 93 72 2 8 5 4 
2 2 43 75 2 1 9 4 
7 2 38 62 0 7 9 2 
3 8 12 98 7 2 3 7 
2 3 68 45 6 1 5 8 
5 6 91 29 8 9 4 7 
5 3 20 50 4 9 5 2 
3 8 30 57 3 8 1 0 
4 1 51 57 2 3 8 8 
6 8 96 39 2 7 5 7 
9 7 95 77 5 2 5 5 
4 7 84 31 4 1 9 1 
4 1 65 80 6 2 2 1 
6 0 96 96 8 8 3 7 
0 7 29 47 0 8 8 0 
4 5 37 54 2 3 2 8 
3 4 58 88 4 4 4 5 
7 6 56 94 5 3 1 9 
3 9 20 97 1 7 8 2 
2 0 59 38 8 7 8 6 
1 1 38 81 8 8 2 4 
4 3 38 39 8 4 3 6 
9 7 83 61 1 0 3 4 
7 7 87 12 9 7 4 3 
4 9 40 18 3 5 6 4 
0 8 43 97 3 2 1 3 
3 9 47 11 8 1 2 1 
2 8 72 55 1 2 3 8 
5 2 89 28 7 4 5 2 
3 2 70 91 0 0 0 6 
5 5 52 72 2 4 5 4 
6 2 40 68 5 4 7 0 
0 7 50 72 7 4 3 2 
2 4 77 84 0 6 3 4 
3 3 81 80 5 1 4 8 
3 7 82 77 0 0 7 7 
2 1 77 80 1 6 1 4 
7 2 78 24 2 7 8 3 
1 3 92 33 4 4 4 4 
5 3 28 80 4 4 0 0 
9 3 39 51 2 9 6 9 
3 1 31 60 5 1 1 8 
2 9 72 57 0 0 0 9 
5 6 50 60 9 6 6 0 
2 6 82 93 0 5 8 4 
3 0 90 53 6 4 0 1 
4 4 12 79 3 6 9 5 
2 5 91 72 8 5 4 9 
3 7 92 37 4 5 7 0 
8 3 85 88 4 7 9 5 
7 3 32 17 5 0 6 8 
6 2 68 90 9 9 7 7 
8 2 90 80 5 9 6 3 
4 6 66 44 1 4 1 5 
1 2 34 41 1 1 6 7 
1 3 31 84 7 3 4 2 
6 2 10 84 7 7 5 0 
2 3 60 69 9 8 4 1 
0 0 100 80 8 5 4 3 
1 9 71 15 4 9 2 2 
3 4 52 17 1 4 2 2 
2 5 51 97 4 3 9 9 
6 6 28 27 6 8 9 5 
1 9 92 22 8 0 0 5 
9 4 86 37 8 2 5 0 
8 5 53 13 7 1 8 3 
3 7 93 52 1 3 0 8 
7 7 66 72 5 7 6 5 
8 7 63 32 4 4 3 5 
3 0 27 44 8 3 1 9 
3 2 79 28 9 0 2 1 
0 7 30 89 5 3 8 2 
1 6 83 71 7 6 5 3 
4 6 31 90 1 4 9 1 
1 3 14 11 9 6 7 3 
1 0 27 95 0 6 7 5 
2 8 70 50 3 4 3 1 
6 3 100 35 1 4 2 7 
1 2 79 45 3 0 1 4 
3 1 25 12 3 5 6 1 
8 5 45 85 3 2 4 2 
5 6 40 11 5 8 2 7 
9 6 38 11 1 8 2 8 
9 5 15 97 9 9 7 6 
1 4 46 95 5 3 8 6 
5 8 77 35 8 0 3 4 
8 3 24 70 0 4 9 1 
1 4 78 90 6 4 8 0 
9 8 56 71 2 8 2 9 
4 0 72 64 4 9 8 0 
7 4 14 47 0 5 8 3 
3 7 73 94 9 3 6 6 
2 6 95 85 2 6 0 4 
2 9 84 64 4 5 7 7 
0 7 74 46 0 3 6 8 
7 1 73 37 4 9 5 3 
0 4 47 82 1 8 8 5 
4 8 92 40 5 7 6 9 
8 7 53 57 7 7 9 8 
1 1 43 55 3 1 7 5 
8 8 20 16 2 8 6 1 
7 3 19 85 2 8 9 7 
0 6 84 63 7 3 2 4 
8 1 15 60 4 6 1 3 
6 0 61 11 1 4 4 9 
7 6 14 17 0 0 3 0 
0 9 53 28 0 4 7 1 
1 8 34 57 3 7 5 3 
7 9 24 75 3 6 4 1 
1 9 94 99 8 5 0 3 
7 1 31 80 1 3 9 7 
1 5 85 22 8 8 9 8 
8 8 28 98 2 0 5 2 
5 2 48 13 1 6 1 1 
5 1 35 91 1 0 9 3 
5 8 15 54 8 6 4 5 
3 7 45 75 5 9 4 2 
5 8 12 25 8 5 2 7 
9 5 37 58 6 8 2 1 
5 9 47 75 8 7 5 8 
9 8 58 24 2 5 6 6 
1 6 81 53 0 4 8 1 
8 0 32 42 3 0 6 7 
3 6 84 69 9 6 1 4 
4 4 84 22 1 1 3 5 
1 2 19 29 9 8 5 8 
5 4 34 26 0 2 2 5 
5 0 16 71 4 8 3 2 
8 8 91 16 4 3 9 1 
1 2 11 17 9 7 7 3 
2 1 76 87 9 7 8 9 
7 3 73 89 4 6 6 7 
9 6 28 93 4 8 3 8 
4 2 40 21 0 0 8 3 
5 3 44 99 4 3 2 5 
6 7 79 70 1 0 9 8 
3 6 22 86 4 4 5 9 
1 4 29 77 7 8 1 2 
8 4 43 28 7 5 1 2 
4 7 74 54 6 7 4 6 
2 7 28 62 4 7 7 2 
5 7 75 51 5 0 4 3 
3 6 60 98 0 0 3 3 
8 6 72 95 6 4 6 7 
8 5 93 83 2 6 2 9 
9 6 73 95 6 6 1 9 
4 9 62 66 5 7 8 2 
7 2 54 88 4 1 1 7 
8 6 75 54 2 6 0 6 
0 7 62 40 3 9 4 7 
4 4 93 93 6 9 7 1 
6 9 30 26 5 1 2 4 
9 1 97 41 2 3 1 3 
9 8 34 71 9 8 1 6 
5 5 32 76 7 8 8 8 
8 0 55 42 3 5 8 1 
6 5 72 46 4 7 4 2 
6 4 94 11 6 8 5 3 
3 1 18 53 1 0 1 2 
1 6 17 36 5 7 9 1 
1 8 29 57 3 5 4 7 
2 9 71 37 8 0 6 1 
9 1 83 98 0 1 3 1 
1 2 49 47 1 5 9 0 
6 9 100 66 4 6 5 6 
3 7 82 37 5 4 9 6 
1 6 67 35 3 5 0 7 
9 5 32 77 9 8 6 6 
1 9 54 90 4 2 8 7 
7 4 100 65 5 5 9 2 
5 5 88 93 0 5 1 7 
4 0 13 40 0 2 0 8 
1 7 46 59 4 6 9 9 
5 0 60 85 2 6 1 5 
3 7 50 13 1 9 5 2 
5 5 46 30 3 3 7 6 
4 8 20 37 9 7 9 9 
8 2 16 43 7 6 7 2 
7 0 97 48 2 2 6 7 
4 3 71 60 1 2 1 3 
2 2 59 10 8 6 4 9 
6 6 34 62 9 3 1 6 
7 8 88 29 3 1 3 0 
5 8 21 14 6 2 9 3 
8 2 55 94 0 1 3 9 
9 9 28 12 2 6 1 4 
4 1 11 47 8 1 1 7 
4 6 95 92 2 6 2 8 
4 4 88 82 8 8 4 9 
1 7 57 53 0 1 4 5 
9 2 45 22 5 3 5 4 
0 5 91 70 4 5 1 3 
3 7 84 65 4 1 1 7 
8 6 28 77 7 9 6 4 
3 3 28 46 8 3 3 4 
1 5 95 99 7 1 3 6 
2 1 25 94 3 2 3 5 
5 8 67 79 9 1 4 8 
4 3 81 35 8 7 6 9 
6 7 99 80 8 7 5 4 
5 3 43 73 5 6 6 5 
1 6 84 83 6 3 1 9 
9 4 64 17 2 4 2 5 
9 2 81 91 2 8 2 7 
2 7 18 19 5 3 2 9 
0 1 58 55 4 0 6 2 
3 3 97 16 6 8 2 9 
6 8 12 66 9 0 3 5 
0 1 97 44 3 5 1 8 
7 9 87 41 8 1 0 7 
3 6 73 98 6 2 2 1 
0 3 97 57 7 1 5 1 
9 5 90 60 0 2 3 2 
6 4 56 19 7 2 7 4 
4 1 43 41 7 1 7 3 
0 5 20 53 3 9 3 1 
5 5 68 53 1 9 2 3 
9 8 80 71 2 1 6 0 
8 2 98 31 3 8 4 6 
4 0 54 86 8 5 8 2 
3 9 14 48 6 9 7 6 
2 5 37 94 6 1 8 9 
2 9 58 93 1 6 5 7 
2 7 46 49 3 1 9 7 
3 3 28 62 7 9 5 3 
5 4 78 71 9 0 7 8 
4 9 40 21 9 4 5 1 
0 2 51 88 8 9 5 8 
7 0 20 52 9 1 4 6 
6 9 71 37 8 3 1 0 
1 7 34 97 4 2 9 2 
3 3 79 31 9 5 3 8 
1 2 61 85 3 1 5 6 
2 1 98 97 3 8 7 0 
9 8 40 31 3 8 7 4 
5 2 65 87 7 9 8 0 
9 9 59 34 7 1 0 8 
3 1 77 18 9 3 5 2 
3 3 16 43 9 0 3 0 
9 7 38 36 5 5 5 3 
1 8 95 10 7 5 1 8 
7 1 18 24 9 2 7 3 
3 2 21 87 8 3 0 9 
9 7 45 29 8 4 2 8 
7 1 33 40 7 9 3 0 
1 5 92 42 8 0 1 0 
6 6 11 17 0 0 0 2 
8 8 10 24 8 0 1 1 
9 4 64 98 4 8 4 2 
9 6 10 45 8 6 2 3 
5 8 19 30 8 5 3 0 
5 3 73 74 8 6 6 2 
7 9 99 67 9 5 7 3 
3 4 41 26 4 5 3 2 
2 0 44 35 9 5 8 3 
6 1 88 99 6 5 9 7 
0 8 85 59 9 3 2 2 
1 7 38 92 6 0 8 3 
2 3 28 33 5 9 1 9 
3 8 72 15 9 8 7 0 
1 3 90 69 2 1 4 7 
7 9 92 37 4 9 8 1 
6 5 84 98 0 9 7 5 
1 7 74 92 4 8 6 3 
1 0 97 27 2 6 8 2 
4 8 31 63 1 6 9 9 
7 5 48 72 8 1 0 0 
7 3 84 69 9 8 5 3 
1 6 74 60 8 3 8 0 
0 5 92 95 1 0 7 4 
5 1 53 94 3 2 8 8 
1 3 27 72 9 5 2 6 
7 1 10 38 3 7 2 1 
7 2 42 69 3 1 9 5 
6 3 76 69 1 4 5 3 
8 2 32 67 9 5 3 5 
5 2 55 81 0 2 1 1 
0 7 10 92 1 8 2 8 
6 4 28 69 3 6 3 9 
5 2 55 76 6 1 9 6 
0 1 11 55 0 4 7 1 
6 9 16 73 3 1 9 8 
2 4 66 86 0 6 3 7 
2 6 17 29 7 5 8 1 
6 6 95 81 4 3 0 0 
3 5 16 46 0 5 4 8 
3 5 68 82 7 0 4 3 
3 9 50 63 6 5 6 7 
9 6 72 87 2 1 0 4 
1 9 69 72 8 3 7 9 
1 3 68 15 1 8 3 4 
1 0 96 18 7 7 0 7 
9 6 90 42 0 3 7 0 
1 3 38 96 5 1 4 8 
6 8 73 50 9 0 7 4 
7 4 55 17 5 5 4 9 
6 3 28 29 5 9 8 8 
0 5 13 51 4 1 0 4 
9 4 57 64 6 3 1 6 
2 8 37 54 4 3 4 7 
6 1 87 86 8 1 7 9 
0 8 98 74 5 0 2 2 
0 6 94 96 4 9 3 5 
0 1 28 98 3 1 6 5 
8 1 89 10 2 9 3 8 
2 0 81 38 5 8 9 9 
5 1 56 63 5 3 2 0 
2 7 20 65 2 0 5 0 
2 9 54 14 5 6 5 0 
7 0 70 72 9 6 5 3 
0 8 95 42 9 6 7 7 
3 6 46 62 9 9 9 9 
6 7 59 56 9 0 3 0 
8 9 22 96 3 5 2 9 
5 5 17 35 9 9 8 4 
5 0 20 67 4 1 4 2 
3 2 12 26 8 7 2 8 
6 4 100 63 1 3 0 1 
0 7 85 26 8 1 1 1 
7 0 95 11 8 7 6 7 
9 7 84 99 7 0 9 8 
1 1 74 19 8 9 2 2 
7 5 87 68 2 7 3 5 
8 0 16 32 2 9 4 8 
5 1 57 63 2 2 4 5 
7 1 49 59 6 5 0 3 
6 4 22 12 6 5 8 4 
4 5 88 49 8 7 7 8 
6 1 58 91 5 3 2 0 
2 6 37 61 4 9 0 6 
9 1 96 27 9 2 7 8 
0 7 76 92 1 8 8 6 
6 0 44 68 6 4 4 1 
6 5 79 50 2 9 1 1 
3 3 23 57 4 5 5 1 
7 3 74 53 8 4 6 6 
5 6 95 79 9 2 1 5 
1 5 71 98 0 9 7 4 
1 9 89 96 6 8 5 3 
4 2 54 55 6 6 1 8 
3 1 77 55 7 1 4 1 
9 1 58 10 2 3 9 4 
5 3 76 23 6 8 4 9 
6 2 24 20 3 1 4 1 
0 5 72 67 7 7 0 5 
6 2 60 52 3 0 3 9 
7 5 94 84 5 7 7 4 
9 5 79 43 0 5 0 6 
5 7 28 23 7 9 2 6 
6 0 51 16 7 3 9 9 
6 0 93 25 2 6 4 8 
8 6 50 15 8 0 4 4 
3 5 82 48 9 0 2 8 
8 0 93 97 1 8 3 7 
4 4 58 47 1 7 2 6 
7 7 27 39 6 8 8 8 
0 4 52 33 9 0 1 6 
0 5 72 23 9 0 0 9 
8 9 63 86 2 8 9 1 
9 1 42 20 7 5 4 6 
7 7 31 87 1 9 3 4 
1 1 54 45 4 4 9 3 
7 5 90 40 3 8 3 7 
2 3 84 89 4 8 5 8 
6 7 94 56 4 9 3 2 
1 0 75 41 2 7 0 0 
3 2 69 39 6 4 4 8 
7 4 53 29 0 7 9 8 
5 9 84 92 8 0 5 1 
4 1 54 42 2 2 4 1 
9 8 61 25 9 2 3 1 
7 0 45 64 0 4 7 1 
7 8 71 12 8 8 0 9 
1 4 63 27 4 0 3 9 
1 6 97 10 9 5 8 1 
6 6 36 94 2 3 4 9 
6 9 97 57 3 5 0 0 
1 4 58 68 5 6 4 1 
2 3 42 97 8 0 1 0 
5 7 17 83 7 5 9 3 
8 2 26 47 1 0 4 6 
5 6 83 59 5 4 6 6 
4 6 65 67 2 6 8 9 
8 5 93 54 7 0 2 4 
4 9 60 54 5 7 7 1 
0 1 22 67 3 0 1 6 
1 5 21 77 6 3 4 3 
6 9 67 50 6 4 6 5 
4 0 65 85 9 9 4 0 
8 7 22 74 4 3 5 5 
4 9 19 52 6 9 6 2 
2 8 42 76 8 8 2 3 
5 0 83 75 0 8 2 1 
5 8 94 36 9 5 3 0 
5 2 74 70 6 4 7 2 
3 6 74 65 3 8 6 6 
9 8 21 69 6 7 3 0 
5 8 99 21 7 6 9 7 
9 3 69 82 7 8 1 1 
8 4 79 100 3 8 7 9 
7 2 38 95 5 7 6 4 
5 0 19 35 9 5 7 2 
7 3 59 55 5 4 4 0 
1 3 84 70 1 6 7 6 
0 2 23 70 4 9 4 0 
9 5 25 85 2 8 7 0 
8 2 90 18 0 1 1 6 
5 1 25 95 5 6 1 9 
7 7 68 98 7 1 0 1 
2 0 78 78 0 3 8 3 
6 8 16 74 0 1 4 4 
8 8 18 89 4 4 6 7 
3 1 42 49 1 7 8 3 
7 5 86 24 1 2 0 6 
7 5 46 60 4 5 2 2 
1 4 94 24 6 0 5 5 
0 5 40 50 8 7 7 1 
6 4 43 67 8 3 4 6 
2 5 65 32 6 5 4 3 
1 9 30 31 0 7 8 6 
6 0 55 56 6 3 3 1 
4 3 41 95 1 2 6 2 
8 2 13 57 1 1 6 1 
3 3 63 10 1 3 8 2 
9 9 59 14 7 5 9 7 
8 3 16 33 9 0 2 2 
1 2 23 51 3 0 4 2 
3 3 40 46 8 9 0 4 
3 1 59 99 7 6 8 0 
7 0 61 99 9 6 5 8 
2 7 94 25 8 7 1 9 
0 3 57 18 3 3 8 2 
6 8 99 45 6 0 2 5 
9 5 75 16 8 2 6 8 
5 5 81 25 6 2 3 4 
2 7 89 58 5 7 5 8 
1 9 88 57 6 1 7 5 
8 1 70 19 3 9 9 9 
6 4 42 64 9 0 4 8 
2 8 100 51 6 0 6 9 
3 3 42 22 2 2 9 9 
4 7 43 71 5 1 4 8 
8 6 40 62 4 5 4 9 
7 5 67 41 5 0 8 7 
0 6 45 66 5 4 4 8 
0 0 98 88 5 8 0 1 
8 4 82 61 3 7 5 6 
8 6 63 58 7 1 6 4 
5 4 64 54 1 4 9 3 
9 4 15 73 2 7 2 5 
4 7 86 13 2 3 6 5 
2 2 52 35 3 6 4 6 
1 7 22 100 7 2 7 3 
6 8 67 40 1 7 1 2 
9 9 45 66 7 0 2 0 
4 7 26 66 6 4 8 3 
4 1 100 38 9 5 2 3 
8 2 12 34 7 7 3 6 
3 1 37 34 4 2 4 4 
3 4 72 38 9 6 7 3 
6 3 13 49 4 9 0 1 
3 0 55 53 0 7 9 7 
6 4 51 51 6 9 6 0 
5 5 75 62 2 0 8 8 
6 0 28 54 0 2 3 5 
0 5 59 73 5 0 4 8 
7 3 27 88 0 1 5 0 
3 0 59 13 7 3 7 0 
6 1 55 42 5 9 9 3 
8 2 17 11 8 2 7 4 
5 3 52 56 2 7 5 7 
8 3 18 13 1 5 3 8 
1 7 85 84 4 9 6 2 
8 1 88 41 7 7 6 4 
3 8 20 31 8 3 3 2 
8 2 49 18 0 4 3 3 
8 4 89 74 4 9 2 6 
0 7 36 22 2 7 6 0 
8 7 37 11 6 8 9 8 
2 2 45 73 7 0 5 4 
4 4 51 78 5 5 7 6 
5 6 59 58 7 3 2 2 
7 1 45 50 9 3 4 6 
6 2 57 11 9 8 4 6 
9 4 53 55 4 9 1 7 
8 2 52 33 2 3 1 6 
3 0 87 12 4 1 0 6 
5 3 46 44 1 7 3 1 
2 2 67 88 5 4 5 6 
5 4 30 27 2 5 6 5 
1 7 27 97 8 0 1 2 
8 4 19 78 4 6 2 6 
8 7 97 65 1 7 3 8 
1 3 92 12 8 6 3 6 
8 5 17 97 6 7 2 8 
8 6 21 52 1 1 0 5 
4 9 89 13 3 3 1 4 
0 5 83 50 9 9 3 5 
5 2 18 80 2 2 7 3 
8 1 23 33 2 9 9 4 
1 7 94 31 7 0 4 2 
2 6 89 71 2 5 0 7 
0 9 94 81 5 9 7 7 
9 4 47 46 0 7 6 7 
4 5 46 73 1 1 9 0 
1 7 17 62 6 1 8 4 
7 8 67 29 2 3 8 8 
5 9 32 64 1 7 1 2 
0 8 33 90 7 7 3 0 
6 5 31 75 7 1 4 2 
8 0 86 84 7 3 3 3 
1 3 66 36 6 5 5 4 
9 0 44 80 1 1 5 5 
7 9 30 93 4 0 0 4 
5 9 99 17 6 2 5 6 
5 0 16 42 1 3 4 6 
9 3 100 26 1 6 0 2 
0 9 29 69 8 2 8 8 
3 6 20 53 6 5 6 5 
0 6 52 93 0 1 2 4 
0 8 28 53 4 5 1 9 
8 3 76 23 7 7 5 7 
1 0 16 43 8 2 2 0 
3 0 48 17 8 6 2 6 
3 1 78 88 4 4 0 4 
0 0 75 11 0 5 3 3 
4 2 68 75 3 1 5 9 
1 7 21 96 4 8 9 1 
5 7 42 97 0 5 9 9 
9 1 58 14 9 9 5 6 
1 2 10 24 7 7 5 4 
7 7 79 79 8 9 5 4 
8 4 20 11 3 1 5 7 
9 2 60 38 4 8 5 5 
7 9 84 26 5 0 1 3 
3 2 27 49 4 3 0 0 
8 8 49 20 5 7 5 1 
1 4 12 51 9 8 5 7 
2 2 34 53 7 1 4 9 
2 8 90 17 7 4 8 0 
3 0 39 84 8 6 7 6 
4 6 21 24 0 2 5 1 
9 6 15 23 3 7 3 7 
3 1 28 82 4 7 1 5 
0 4 78 42 9 4 3 6 
4 3 69 58 5 3 8 5 
8 1 33 91 7 4 3 7 
5 4 35 76 4 1 4 7 
4 0 71 53 7 9 2 8 
0 6 16 51 6 9 8 2 
7 8 71 50 6 1 3 7 
7 3 60 17 8 0 7 3 
7 8 73 36 2 1 6 4 
7 5 37 58 4 4 1 9 
2 6 34 17 8 4 7 7 
0 4 23 72 8 7 3 8 
1 4 21 26 5 1 6 3 
4 8 51 90 6 6 6 7 
2 5 51 23 1 7 7 4 
5 6 100 36 7 2 3 5 
9 9 21 50 4 7 2 6 
8 3 96 35 9 0 7 5 
4 5 10 65 1 1 1 1 
2 8 33 96 6 3 6 9 
0 2 72 83 4 2 4 6 
1 3 49 78 7 7 7 8 
8 5 51 58 4 2 4 2 
9 0 53 84 9 8 4 4 
5 2 83 26 2 6 4 1 
3 0 69 40 5 3 5 1 
0 7 98 54 4 7 6 9 
0 5 65 49 6 5 3 5 
9 6 52 25 8 3 2 6 
6 3 49 47 7 0 4 2 
0 1 42 68 3 7 2 4 
6 7 36 64 2 1 0 4 
8 4 22 19 5 9 9 9 
1 1 10 66 5 6 5 9 
4 4 45 23 3 1 4 1 
2 8 83 82 5 1 0 3 
7 6 10 22 9 8 6 3 
7 7 18 82 6 0 0 5 
6 2 52 31 5 7 6 1 
3 9 23 85 3 6 9 0 
8 3 29 40 6 1 5 0 
4 5 83 14 6 8 3 6 
7 1 80 73 8 5 6 0 
7 7 83 37 3 3 2 2 
2 3 90 72 4 6 9 7 
1 4 80 89 3 1 9 7 
8 9 50 34 7 7 3 5 
8 9 13 99 1 1 9 9 
9 6 70 48 9 2 6 5 
5 2 68 67 2 1 1 6 
9 8 89 76 6 4 9 7 
6 5 25 12 8 7 1 5 
8 4 43 58 4 8 2 3 
0 3 18 37 0 8 7 2 
9 2 83 27 4 4 8 2 
5 3 99 65 3 5 0 2 
1 5 98 63 2 5 4 1 
2 0 57 58 8 3 5 8 
3 9 100 54 1 2 0 7 
5 1 57 31 1 2 5 7 
1 5 52 92 0 7 0 8 
5 4 88 89 7 9 3 3 
2 4 54 61 7 5 9 9 
3 5 23 77 3 0 2 5 
4 8 89 49 4 1 3 3 
6 5 22 32 8 4 1 4 
4 9 98 93 3 5 4 4 
6 6 64 20 1 6 0 1 
9 1 74 63 7 4 7 5 
2 9 53 51 4 3 7 0 
3 4 77 36 5 6 9 3 
9 8 33 89 6 7 7 7 
3 2 79 75 2 8 8 1 
3 2 47 50 8 7 9 4 
2 4 99 92 8 8 6 1 
9 1 18 86 7 3 5 5 
3 4 61 25 3 6 0 6 
4 6 22 65 4 9 9 2 
0 5 14 62 4 5 8 4 
7 4 54 62 5 6 8 4 
6 4 97 93 3 9 5 9 
6 6 38 17 0 8 8 0 
5 7 22 30 2 1 2 9 
1 5 54 41 5 3 2 3 
9 6 49 50 7 9 9 7 
8 4 11 43 0 9 3 8 
2 1 75 40 1 7 6 4 
3 7 48 15 3 8 2 2 
0 6 26 40 4 1 8 8 
3 0 33 19 9 7 7 6 
9 7 26 43 1 8 5 1 
1 9 98 36 0 4 9 2 
4 3 23 72 4 5 1 3 
8 8 19 71 1 9 4 0 
6 0 18 69 4 1 0 1 
8 1 68 16 8 0 5 4 
3 0 64 93 8 3 1 3 
8 0 68 64 9 1 5 2 
4 4 87 27 1 7 2 8 
7 9 62 45 9 3 4 1 
3 4 21 36 5 4 3 2 
6 4 73 13 8 2 5 6 
1 5 70 95 5 2 3 9 
1 2 17 59 5 2 2 6 
3 1 52 49 0 6 6 2 
2 8 13 81 8 4 1 4 
7 3 47 52 2 7 8 4 
8 1 81 62 1 2 9 0 
1 1 89 50 6 5 3 6 
5 1 17 79 5 1 0 6 
6 6 53 80 4 9 7 3 
0 4 44 86 2 4 1 9 
0 9 10 38 5 9 5 4 
8 0 91 67 6 7 3 9 
0 8 58 64 7 8 2 8 
0 7 53 74 9 8 0 5 
8 1 55 22 5 0 8 7 
4 3 100 31 6 7 7 6 
9 0 72 57 1 2 8 6 
4 2 15 41 6 2 5 1 
5 8 26 35 1 2 3 3 
6 9 90 29 5 6 0 2 
0 8 73 48 0 5 3 7 
2 1 29 44 2 3 0 2 
1 7 59 95 1 2 3 0 
2 8 87 47 8 9 7 8 
8 8 52 70 8 9 5 7 
3 9 11 65 7 9 0 8 
8 3 17 10 4 6 5 7 
3 4 26 89 7 5 5 0 
5 5 25 19 4 3 2 9 
4 8 27 24 4 8 7 5 
8 4 66 34 3 8 4 7 
8 1 83 16 8 5 9 0 
5 9 79 20 1 5 6 1 
5 7 84 81 6 3 4 2 
6 3 99 75 4 8 2 3 
3 7 88 95 2 6 0 7 
6 9 99 26 8 0 4 7 
0 4 92 30 7 6 8 3 
4 0 25 64 1 6 9 0 
4 1 40 61 2 6 7 5 
3 3 18 63 7 0 3 7 
2 3 11 70 5 9 6 5 
6 0 61 68 8 2 3 8 
4 3 33 55 0 4 2 4 
4 3 89 46 6 8 9 0 
8 3 84 52 5 1 4 6 
3 4 56 96 1 3 4 1 
1 1 99 17 8 7 1 6 
8 0 16 63 3 2 6 4 
3 7 86 33 8 3 2 1 
7 0 59 61 4 7 6 3 
1 1 38 44 9 3 1 7 
7 9 47 72 9 5 1 0 
4 5 78 64 7 6 1 1 
0 7 48 96 2 7 8 6 
2 6 62 59 6 0 0 0 
8 7 31 28 1 9 6 3 
1 0 15 48 3 8 6 5 
9 5 19 90 1 2 8 9 
3 5 99 45 7 0 9 6 
2 0 95 13 7 1 0 9 
1 2 40 70 9 8 1 3 
9 2 69 23 1 3 2 2 
8 7 73 46 2 9 4 4 
6 9 28 37 7 7 7 9 
5 2 93 74 8 6 7 3 
9 4 41 40 8 7 1 0 
8 6 59 99 3 7 2 9 
7 0 68 31 8 8 2 3 
1 5 52 53 1 3 6 8 
9 0 18 51 6 0 6 3 
5 5 81 33 1 1 9 4 
6 6 43 93 9 7 5 7 
3 6 53 40 0 3 7 9 
1 9 50 88 1 7 3 5 
7 9 18 62 3 9 6 3 
9 3 30 42 0 8 0 7 
0 2 70 20 0 6 7 9 
0 9 82 83 5 3 4 5 
8 1 84 25 0 0 3 9 
8 2 80 42 7 4 9 1 
2 8 64 31 5 7 0 6 
7 6 34 97 9 3 5 3 
5 0 17 72 7 8 7 0 
6 3 48 21 5 6 2 3 
8 5 52 73 5 1 6 5 
1 7 56 25 7 4 7 0 
4 0 54 25 9 5 2 0 
5 4 87 59 5 1 6 9 
8 3 17 64 4 6 5 8 
2 8 66 99 4 6 9 5 
4 2 41 39 9 1 4 2 
8 5 93 84 0 1 9 0 
7 1 77 31 6 6 2 5 
2 7 34 94 1 5 7 6 
4 3 100 29 3 4 7 0 
6 1 100 75 5 5 8 9 
5 1 19 71 7 1 8 0 
5 9 54 83 6 1 0 6 
1 8 92 42 2 1 3 1 
5 4 29 11 0 2 1 0 
1 5 21 68 0 8 5 9 
7 7 76 93 3 1 9 1 
9 6 14 84 9 5 9 8 
8 5 53 75 1 7 9 7 
5 8 76 85 5 4 0 9 
6 9 65 51 5 3 1 4 
3 8 34 80 4 3 5 7 
6 1 23 50 2 2 3 1 
4 3 84 45 8 8 0 6 
2 8 21 36 9 1 1 4 
4 4 27 72 1 2 5 5 
6 2 70 36 6 5 2 3 
6 4 10 22 3 5 3 9 
2 3 59 20 7 1 1 8 
3 6 96 64 6 8 1 2 
7 3 99 33 9 3 0 0 
9 0 87 14 6 4 2 7 
6 5 74 75 8 4 8 6 
1 8 23 17 5 9 6 6 
5 6 69 26 8 9 1 3 
3 8 64 31 1 1 0 0 
0 6 11 53 3 5 2 8 
1 2 11 40 9 3 9 0 
7 9 76 74 1 4 0 3 
4 2 55 73 5 2 5 4 
1 8 95 34 6 5 6 3 
3 7 57 28 6 6 1 5 
2 8 49 14 9 8 0 6 
7 0 15 61 0 6 0 9 
6 9 49 17 9 5 6 4 
1 3 86 58 2 2 2 1 
1 4 44 65 3 9 1 6 
4 5 24 78 1 8 0 7 
4 7 48 96 7 6 0 7 
8 3 81 98 5 5 2 9 
7 4 69 63 4 8 2 6 
1 3 78 22 4 5 5 4 
2 4 30 33 9 3 2 4 
7 2 85 79 4 5 5 8 
3 3 76 37 4 0 9 2 
3 2 72 73 6 6 1 5 
3 8 20 65 3 8 0 4 
1 4 11 69 9 6 1 7 
5 4 87 79 2 0 0 9 
9 0 97 63 9 8 2 1 
0 8 56 90 3 8 9 2 
5 0 76 40 5 5 8 1 
0 0 92 41 0 1 2 2 
5 4 50 14 0 0 3 8 
0 2 65 12 3 7 1 9 
5 6 51 29 8 1 6 5 
8 3 98 99 9 3 9 4 
8 9 87 43 7 6 6 6 
5 2 91 89 8 5 2 7 
6 3 40 71 0 9 6 0 
2 6 60 61 5 2 8 6 
0 8 74 46 1 1 0 8 
9 1 62 94 0 1 0 3 
7 5 24 65 7 8 5 7 
1 7 11 90 3 5 2 5 
3 4 17 63 4 5 0 8 
3 1 20 16 3 2 7 8 
0 8 81 44 5 0 0 0 
8 9 90 79 2 1 0 5 
2 4 55 95 9 3 3 6 
9 6 12 25 0 8 7 8 
6 6 65 56 6 7 5 6 
4 7 43 54 2 7 5 0 
3 8 18 91 2 8 6 4 
4 0 13 49 0 2 7 9 
6 0 57 26 7 0 3 1 
9 3 24 78 2 8 8 9 
0 2 75 55 3 2 9 7 
6 2 70 86 2 7 3 0 
2 1 69 88 5 5 8 1 
7 7 60 95 7 0 6 3 
1 2 100 72 3 1 5 4 
0 4 61 52 5 6 2 0 
3 5 76 61 9 4 0 1 
6 2 67 13 1 6 4 3 
1 4 31 10 1 4 9 4 
8 9 95 71 9 0 5 4 
9 6 61 31 3 0 8 5 
6 0 98 94 1 7 1 1 
0 6 40 11 6 7 0 4 
5 9 88 55 6 9 4 7 
3 9 85 95 3 9 6 2 
9 4 96 50 8 1 4 8 
3 5 76 37 2 7 4 2 
3 8 93 31 0 0 7 2 
2 3 29 11 4 2 7 4 
5 2 84 39 6 7 6 9 
9 9 19 13 9 3 7 2 
1 1 70 56 0 6 3 9 
4 9 32 83 9 7 0 1 
8 9 66 16 5 8 2 7 
4 6 91 72 7 8 2 1 
9 9 95 98 2 5 7 1 
8 5 20 72 0 1 1 0 
6 2 23 85 0 1 5 5 
2 3 40 30 9 2 6 7 
6 5 30 78 3 6 1 3 
7 5 54 80 6 4 3 3 
2 5 88 78 2 4 0 8 
6 3 37 90 8 7 2 7 
5 9 87 81 8 9 6 9 
7 6 92 59 3 5 6 8 
0 0 99 48 6 6 6 2 
4 4 94 82 8 2 4 2 
0 2 51 61 6 5 0 8 
5 1 94 42 5 8 1 7 
8 8 58 57 8 1 0 5 
1 1 81 11 1 0 7 6 
0 3 53 44 3 4 2 5 
0 6 17 10 2 0 2 0 
8 9 91 39 1 6 5 2 
5 0 56 42 7 9 5 0 
6 4 22 15 2 1 3 6 
8 7 40 17 0 7 4 0 
7 0 14 82 0 4 7 2 
2 4 57 93 3 2 2 4 
6 6 76 57 5 1 9 7 
8 7 28 11 5 4 7 9 
9 5 22 94 0 1 1 5 
3 6 88 98 2 4 4 5 
0 6 45 26 4 0 4 5 
4 7 11 56 6 8 0 4 
6 3 14 77 2 8 2 5 
3 5 72 94 0 6 0 3 
6 0 90 14 9 1 1 5 
3 5 46 53 7 8 5 8 
0 9 37 27 1 2 0 1 
0 3 61 15 2 5 0 2 
6 8 11 26 5 7 7 6 
2 1 59 46 3 7 4 9 
0 7 58 55 4 8 6 5 
1 6 53 100 8 4 9 1 
0 9 78 79 3 6 1 1 
8 9 62 36 0 4 8 3 
4 6 90 21 1 4 2 3 
2 8 84 64 6 5 2 0 
5 1 48 40 7 4 6 0 
7 4 88 64 2 2 0 1 
9 6 40 47 2 6 0 3 
4 3 23 92 0 1 0 1 
1 7 14 62 0 7 3 4 
0 0 24 49 3 5 5 0 
5 4 18 95 7 4 1 5 
2 0 76 96 0 3 8 0 
5 2 30 16 9 2 7 4 
4 9 51 84 7 4 0 2 
0 6 54 15 5 0 2 1 
8 9 68 96 6 5 2 6 
3 0 82 75 0 9 8 2 
3 2 30 39 3 1 1 4 
2 4 42 57 0 9 4 7 
1 4 12 72 5 7 9 8 
7 7 65 93 2 9 2 4 
9 2 46 31 8 7 6 1 
2 9 20 62 7 7 1 5 
0 8 72 38 1 5 6 1 
8 0 62 24 9 1 9 9 
4 1 27 64 2 8 7 7 
2 6 73 77 0 7 8 9 
4 0 55 51 6 8 9 2 
5 1 20 69 0 0 5 8 
0 6 30 95 1 1 9 5 
8 7 37 64 3 3 7 8 
0 4 30 30 1 2 0 6 
4 0 51 58 9 7 7 5 
1 5 56 35 9 9 4 7 
2 3 20 28 1 9 1 3 
4 7 72 99 1 0 9 6 
8 1 28 16 0 2 5 2 
9 9 85 50 4 3 2 8 
8 2 44 49 2 8 1 4 
9 3 35 83 8 0 7 8 
6 2 96 19 7 3 9 6 
0 5 66 71 4 5 5 6 
9 5 35 26 8 1 6 1 
7 8 16 56 0 2 2 2 
3 5 99 90 4 0 8 1 
8 2 55 25 5 2 6 2 
7 4 91 13 6 9 0 4 
4 5 54 97 9 1 9 9 
1 2 88 46 3 4 0 4 
2 6 51 45 2 1 9 9 
2 3 49 93 6 2 9 6 
6 5 55 22 9 1 0 4 
8 2 46 28 8 8 5 6 
0 1 96 43 6 9 6 3 
0 8 71 57 9 0 5 0 
3 6 54 39 9 5 3 8 
0 8 27 46 5 9 4 5 
5 9 54 27 2 1 4 7 
7 4 100 91 4 6 9 4 
6 5 28 29 5 0 0 3 
6 8 38 92 5 5 2 7 
2 4 51 49 5 0 3 1 
9 6 53 90 2 4 6 7 
8 5 88 18 2 4 7 8 
6 0 60 76 0 3 2 9 
4 4 53 61 3 4 2 9 
5 2 31 71 1 5 5 5 
9 0 44 22 6 1 6 5 
8 7 90 73 5 0 4 1 
9 5 68 69 7 8 1 6 
1 7 90 56 9 5 7 2 
7 8 41 100 0 3 5 3 
0 1 94 41 5 3 3 8 
4 0 82 76 6 7 6 6 
1 8 88 64 1 4 9 6 
2 1 16 12 8 4 1 0 
7 6 48 92 6 1 6 5 
0 4 34 26 4 5 9 5 
6 1 50 43 2 5 7 6 
1 5 39 83 7 0 0 6 
4 5 21 38 3 7 8 2 
2 5 91 77 5 3 1 5 
1 2 46 76 1 2 5 0 
7 3 38 16 3 0 4 0 
3 5 82 18 4 3 7 5 
5 1 43 100 1 9 8 9 
4 1 79 60 8 7 4 7 
8 4 19 13 1 6 5 0 
3 6 68 13 4 2 9 5 
5 2 89 64 3 6 3 3 
2 4 29 23 5 9 3 2 
0 1 24 80 7 5 3 4 
0 6 41 73 6 4 7 1 
4 8 18 68 2 2 4 0 
3 1 66 55 3 4 7 0 
8 3 91 13 4 6 3 0 
0 6 87 39 3 0 3 1 
8 5 75 68 7 9 5 0 
2 1 45 13 1 5 1 7 
7 9 39 10 2 5 8 0 
5 9 94 75 7 1 3 8 
0 6 13 28 0 8 6 1 
2 6 95 53 0 5 8 1 
7 8 78 15 4 2 0 0 
9 7 29 78 0 9 5 0 
7 7 68 86 5 5 9 3 
5 1 93 18 6 6 3 9 
3 9 28 85 1 8 7 7 
5 0 77 16 4 2 2 3 
3 6 67 77 2 8 4 9 
3 6 80 33 6 3 8 1 
5 6 72 69 7 3 7 3 
8 3 11 93 1 6 3 7 
0 1 25 37 5 4 5 7 
3 9 89 24 3 9 9 3 
3 8 26 82 2 6 6 9 
9 1 13 62 4 2 2 0 
5 2 69 73 5 7 3 4 
4 4 95 93 3 6 6 9 
5 3 80 53 6 0 3 1 
6 1 52 44 8 9 4 2 
8 7 46 21 7 1 5 0 
8 5 76 19 4 7 4 6 
9 9 10 90 4 4 4 2 
7 0 79 92 9 0 2 6 
9 7 94 72 4 7 1 2 
1 5 84 41 9 6 2 6 
0 5 75 63 0 3 3 1 
8 5 28 40 2 5 3 3 
1 8 79 28 6 7 9 0 
0 4 92 96 0 1 1 9 
8 9 76 81 2 8 3 4 
5 7 58 57 3 3 6 8 
4 8 76 94 1 8 2 4 
9 2 70 61 8 4 7 3 
2 7 70 35 0 8 0 5 
4 6 78 99 0 8 8 3 
8 7 46 76 8 0 2 8 
8 6 17 70 0 1 7 3 
9 9 63 16 0 9 5 3 
5 6 27 75 8 9 7 2 
1 2 79 77 4 7 6 8 
2 6 93 90 4 3 5 6 
1 1 10 30 1 4 2 2 
6 5 50 43 8 2 0 6 
2 4 87 95 8 6 6 1 
0 1 26 81 0 7 9 8 
3 8 63 96 6 5 5 8 
2 8 30 97 3 6 3 7 
9 8 88 23 8 7 2 3 
2 2 28 86 4 3 9 7 
4 6 97 29 2 4 1 2 
7 2 42 57 0 4 8 2 
4 9 51 18 9 6 9 1 
9 1 52 81 4 0 9 7 
9 8 28 84 1 4 7 4 
2 9 25 39 2 9 9 2 
6 9 62 52 8 1 6 3 
0 5 47 63 9 7 0 8 
5 8 71 81 2 7 9 3 
7 0 64 62 0 4 8 2 
7 4 24 61 7 4 3 5 
0 3 12 59 1 3 0 1 
2 0 11 12 0 3 4 5 
7 3 24 90 4 9 1 3 
0 6 66 38 2 9 2 8 
2 3 89 77 1 1 9 8 
6 2 24 48 8 4 0 2 
4 4 40 62 0 1 8 0 
7 2 94 66 9 2 6 9 
9 1 71 49 5 8 1 9 
0 9 40 22 7 1 7 2 
9 7 15 19 4 4 0 6 
6 3 77 15 7 5 8 4 
0 7 10 54 4 0 0 5 
1 7 82 11 5 9 8 0 
6 3 25 59 4 1 1 6 
5 3 64 90 1 6 6 7 
5 7 73 29 6 0 3 0 
9 9 33 80 3 6 6 3 
8 3 10 12 8 4 6 9 
7 7 60 18 8 0 0 2 
4 9 18 80 0 4 4 4 
4 5 76 86 7 3 5 6 
5 9 88 59 2 2 9 9 
6 8 76 94 6 3 7 7 
6 3 33 38 3 9 8 2 
2 4 48 100 6 8 3 9 
3 6 90 13 0 2 4 8 
2 4 46 53 4 6 9 0 
1 3 36 25 0 7 9 3 
4 9 71 66 1 7 2 2 
9 5 89 27 5 5 9 0 
7 2 96 78 7 7 2 5 
3 1 62 90 0 3 5 7 
8 7 52 22 7 0 8 6 
3 5 72 44 2 0 3 4 
6 1 99 85 5 7 1 9 
2 4 30 30 1 8 0 6 
4 7 18 99 0 8 2 6 
3 8 84 59 0 7 3 2 
7 0 60 15 7 6 6 7 
1 3 33 84 2 3 4 3 
3 1 81 45 2 8 9 3 
0 7 35 86 7 8 9 3 
3 3 10 87 2 2 3 7 
4 4 79 91 9 5 1 5 
0 4 86 66 1 3 1 5 
3 8 80 27 6 0 4 5 
0 0 83 43 6 2 2 2 
7 1 18 36 1 9 7 2 
4 3 15 44 7 2 8 6 
1 4 29 15 5 3 9 8 
6 4 85 95 1 2 7 8 
1 0 69 56 4 7 9 3 
9 3 97 50 6 4 2 0 
1 8 11 96 7 2 6 9 
8 8 86 85 4 2 6 0 
3 2 10 59 5 7 6 7 
9 6 32 40 6 7 9 6 
5 6 10 28 6 9 8 4 
2 3 17 32 0 7 9 7 
4 0 13 87 9 9 0 9 
6 7 33 27 3 5 9 2 
5 1 58 14 9 7 4 3 
9 3 60 27 6 5 9 8 
1 1 85 95 5 9 1 1 
5 2 32 100 8 1 9 8 
7 1 67 13 7 4 8 4 
8 3 10 82 8 4 0 5 
6 1 87 65 6 3 9 2 
9 5 57 94 2 2 9 6 
4 0 81 37 5 9 4 1 
8 8 68 47 9 4 9 8 
4 9 66 85 6 0 7 7 
0 6 96 89 1 3 1 5 
7 9 85 27 5 3 6 4 
4 9 35 93 9 3 9 6 
3 6 72 70 0 2 3 1 
6 7 53 25 1 3 0 3 
6 9 56 65 0 8 7 9 
0 4 45 76 0 8 3 2 
7 6 29 18 2 3 5 2 
4 8 38 65 5 4 0 5 
6 9 34 82 0 0 0 2 
5 6 68 71 2 9 0 6 
0 5 61 94 2 0 3 7 
1 4 21 21 1 9 1 1 
7 2 15 51 6 7 4 4 
8 3 28 58 0 2 6 5 
6 0 59 48 2 9 7 9 
7 2 16 27 5 9 6 3 
0 8 85 71 3 9 6 7 
1 7 13 62 4 1 3 8 
6 3 43 47 6 9 2 5 
5 9 60 55 4 1 0 0 
4 3 79 43 6 9 8 7 
5 7 43 87 0 5 6 1 
0 6 45 27 6 9 6 4 
4 7 80 60 0 2 6 8 
3 3 89 20 1 3 9 2 
7 9 53 95 0 6 5 4 
4 2 21 93 0 1 5 5 
8 2 27 72 3 0 5 2 
5 1 45 60 7 9 5 5 
2 0 69 65 3 4 8 4 
5 4 94 75 3 4 1 2 
0 0 70 11 9 2 0 4 
4 6 20 58 3 1 6 5 
4 7 91 66 2 6 6 8 
7 1 40 53 6 6 7 6 
2 2 75 98 1 3 9 7 
3 2 92 37 5 9 6 9 
8 7 80 34 5 4 6 2 
0 6 53 74 4 7 8 2 
2 9 66 77 1 8 6 0 
1 4 57 77 5 9 8 5 
3 4 19 97 7 7 3 9 
2 1 43 21 4 2 5 5 
4 3 53 65 6 1 3 4 
7 2 73 27 8 7 6 3 
6 4 87 73 8 3 1 5 
9 0 30 30 1 2 3 7 
8 7 84 24 4 2 3 3 
1 3 57 52 7 0 5 8 
3 9 86 97 6 9 3 0 
4 5 84 85 1 4 7 1 
4 7 81 96 2 4 0 7 
3 0 66 77 2 1 9 9 
7 8 97 11 6 8 4 5 
8 4 37 92 3 5 1 4 
3 6 34 83 5 9 1 6 
1 0 46 34 9 6 6 2 
7 9 43 41 9 2 5 9 
6 2 23 58 8 7 1 8 
4 6 89 44 6 3 1 1 
4 4 55 37 8 7 8 4 
6 7 21 32 3 5 7 2 
3 5 41 67 7 6 8 7 
3 5 51 88 3 1 7 3 
5 8 72 20 8 8 1 8 
4 9 31 78 7 8 0 3 
6 1 88 74 7 4 3 6 
5 4 35 89 0 1 6 4 
2 7 90 94 6 3 9 8 
2 4 44 18 1 6 2 8 
3 8 63 49 0 7 1 0 
5 4 37 90 1 1 6 9 
6 8 93 83 3 1 8 0 
9 6 51 24 3 9 1 3 
7 5 22 49 4 2 6 2 
5 4 61 42 5 6 0 0 
4 8 11 37 6 5 2 5 
3 8 50 60 4 6 2 7 
1 9 92 93 4 6 4 8 
9 7 100 82 0 6 4 3 
3 3 97 52 0 5 5 3 
9 4 93 20 0 1 1 0 
3 4 94 42 0 9 2 7 
6 9 30 100 6 4 5 4 
0 4 54 86 9 7 1 1 
4 5 47 91 3 9 0 1 
2 7 98 71 3 0 5 9 
3 6 60 59 5 2 3 3 
5 2 19 42 3 4 0 0 
2 0 79 24 3 9 2 8 
1 7 94 38 6 8 7 1 
9 2 31 49 2 3 6 9 
8 8 80 68 0 0 9 2 
2 9 47 71 1 5 3 1 
1 2 62 70 8 6 4 2 
3 9 66 63 2 8 1 9 
7 8 74 95 0 8 4 7 
4 0 89 59 4 5 5 9 
8 2 63 15 2 7 5 0 
4 4 63 99 2 8 7 1 
7 2 94 64 5 6 8 5 
2 6 16 56 2 3 3 0 
4 9 68 32 7 5 5 1 
3 5 79 57 9 5 3 4 
7 8 94 41 1 7 8 5 
5 7 18 98 7 3 4 1 
8 6 24 44 1 0 9 9 
2 3 11 10 9 8 3 2 
2 4 23 85 2 1 4 3 
4 6 85 89 1 1 5 8 
1 4 48 42 8 4 6 5 
2 5 62 18 6 9 9 2 
1 3 26 21 7 1 1 8 
0 1 17 76 8 4 1 7 
2 8 33 68 6 7 0 5 
1 4 89 93 2 3 0 2 
2 5 100 66 5 1 8 2 
4 8 25 37 9 4 4 9 
0 0 96 34 6 8 9 8 
7 2 83 11 2 8 4 3 
1 0 62 47 9 1 6 1 
9 9 31 83 6 9 7 8 
1 8 35 67 6 7 2 6 
1 4 84 85 3 4 7 6 
7 9 76 23 0 7 3 2 
3 1 22 34 7 0 9 8 
3 4 94 73 4 1 8 7 
8 7 28 90 0 0 6 7 
2 8 32 59 7 5 2 3 
3 3 88 16 1 2 8 2 
0 3 64 31 0 0 8 8 
3 3 28 62 8 6 5 5 
7 0 11 47 6 8 4 9 
9 3 45 11 3 0 5 1 
6 3 98 54 3 3 2 0 
7 1 81 40 4 3 2 7 
1 6 89 99 6 9 3 9 
1 1 59 18 2 7 4 9 
3 7 85 17 4 5 1 2 
8 1 76 80 2 7 8 5 
6 8 29 91 7 0 0 6 
0 2 27 52 6 4 0 1 
4 4 13 93 4 3 6 0 
7 6 92 97 1 3 4 1 
9 7 84 34 5 6 1 2 
9 7 38 46 3 5 2 3 
8 9 76 88 2 7 0 8 
5 3 99 94 9 9 7 0 
5 7 90 47 0 0 1 7 
4 2 95 42 7 6 2 1 
2 0 16 21 7 8 1 5 
6 8 48 41 6 5 2 0 
1 9 68 23 4 2 0 7 
2 3 50 39 2 7 8 7 
7 8 52 47 0 6 5 5 
6 5 75 67 1 5 4 4 
9 1 39 18 2 8 1 1 
6 7 80 48 4 1 3 4 
7 7 85 61 6 0 0 3 
4 6 17 18 7 8 1 0 
9 3 17 44 8 2 2 4 
7 0 56 66 6 1 5 3 
0 4 40 85 7 2 8 0 
6 3 50 91 2 8 0 0 
7 0 51 60 6 3 2 6 
6 0 27 22 3 0 1 5 
4 7 59 39 1 2 0 1 
1 1 93 67 7 2 3 9 
5 3 70 64 0 4 4 8 
7 1 83 46 4 1 1 1 
1 2 30 82 1 5 5 7 
7 1 94 67 3 7 3 6 
3 3 19 78 6 7 0 9 
8 7 80 71 9 2 2 9 
1 0 95 55 1 1 8 1 
5 0 85 81 1 3 5 2 
9 5 71 29 5 2 2 0 
8 8 93 55 5 9 1 8 
4 8 51 26 6 3 2 6 
7 7 72 60 9 5 5 8 
4 1 99 58 1 8 0 3 
3 2 54 38 5 4 0 7 
3 1 65 99 7 4 4 2 
3 8 55 95 5 8 5 0 
8 0 76 87 2 9 0 2 
2 2 59 36 9 4 0 2 
0 1 50 47 6 7 3 2 
2 5 34 26 3 9 1 5 
9 0 12 43 7 1 9 4 
3 0 61 89 4 3 3 1 
0 3 63 68 0 1 0 9 
7 8 63 44 9 4 7 8 
6 4 47 54 0 5 6 9 
0 5 90 46 0 7 4 3 
4 1 79 30 8 0 6 3 
2 6 45 50 5 9 0 1 
3 3 65 33 4 3 4 3 
1 6 90 86 8 0 4 1 
1 6 74 12 2 2 7 7 
3 7 16 24 3 1 1 6 
7 7 38 61 3 6 4 4 
5 3 77 87 5 3 1 2 
0 7 72 77 0 7 3 9 
1 2 24 45 1 2 1 2 
2 2 40 24 6 7 4 5 
9 3 13 92 3 5 6 1 
8 1 80 74 0 1 8 3 
0 5 29 44 6 2 1 2 
4 1 47 83 1 6 8 9 
1 2 50 90 0 9 8 1 
9 8 51 15 1 6 7 7 
7 4 18 64 5 0 1 8 
9 9 31 76 1 7 0 9 
2 7 44 88 8 3 7 0 
0 4 92 70 6 8 3 7 
7 7 91 27 2 8 6 8 
4 7 60 21 2 7 5 2 
6 0 43 45 7 1 1 3 
3 1 62 82 4 4 4 3 
7 6 99 14 7 9 3 4 
8 0 98 18 8 9 2 2 
9 0 51 45 8 9 1 7 
7 7 92 99 2 8 8 7 
6 7 83 36 1 3 1 3 
3 6 15 20 9 3 6 9 
3 7 73 96 2 5 9 7 
5 1 37 75 0 0 7 8 
1 9 86 79 2 9 5 8 
8 7 40 55 7 2 1 2 
2 2 54 77 4 3 2 9 
8 7 75 11 1 4 7 8 
6 8 26 17 5 0 6 8 
3 0 48 98 8 0 1 5 
5 0 63 36 9 1 7 5 
0 9 76 83 7 6 8 6 
4 7 57 88 4 1 2 6 
0 3 74 19 6 1 5 1 
9 2 82 49 6 0 8 6 
8 2 28 57 4 8 6 3 
1 3 14 65 5 7 3 6 
1 4 38 43 7 6 7 9 
2 8 96 12 4 5 1 0 
7 7 75 60 9 5 0 6 
1 0 35 83 1 2 8 0 
9 6 95 79 3 1 2 8 
9 9 91 52 4 9 7 7 
5 5 59 78 0 1 1 2 
1 2 29 33 5 1 8 1 
8 7 70 54 6 2 0 2 
1 8 75 50 1 1 9 7 
1 6 41 88 6 1 2 8 
4 5 65 31 8 1 6 4 
3 6 47 13 6 2 0 6 
6 3 22 70 9 9 7 1 
9 2 20 48 3 1 6 0 
3 0 69 93 9 7 5 6 
5 3 66 28 1 0 0 2 
5 2 90 43 4 8 6 6 
3 6 43 76 7 6 1 2 
3 3 74 47 6 8 3 6 
5 1 71 79 0 5 5 3 
9 4 85 93 9 6 4 3 
4 3 30 59 3 1 1 7 
5 3 27 71 7 4 4 9 
0 8 20 21 7 8 7 4 
1 6 82 26 2 0 3 6 
5 3 52 11 1 3 2 3 
9 0 64 31 8 5 0 8 
0 4 50 33 4 2 9 4 
7 3 45 70 3 1 0 9 
0 9 63 98 3 6 8 3 
6 9 33 80 5 7 1 0 
6 5 22 53 9 1 1 0 
4 0 41 19 2 1 9 1 
3 2 36 38 7 9 8 0 
0 5 67 51 3 4 3 0 
4 6 90 56 7 4 9 5 
5 9 79 92 1 3 4 0 
3 9 26 67 2 5 3 5 
1 0 73 67 5 1 1 5 
6 3 46 99 4 6 5 2 
8 4 22 83 5 0 8 5 
7 8 93 21 7 4 5 9 
3 8 36 57 6 9 8 1 
8 6 67 15 3 0 0 6 
8 1 71 54 5 4 9 9 
1 6 94 25 1 6 1 4 
1 2 26 47 0 9 5 8 
8 3 99 84 3 0 1 7 
8 2 98 42 2 9 5 9 
3 0 66 42 2 8 0 4 
9 6 90 40 2 8 2 8 
7 2 58 54 4 2 6 8 
8 6 12 15 4 0 0 8 
7 3 12 13 8 2 6 0 
9 9 34 89 4 7 4 0 
9 2 77 21 9 9 6 4 
7 6 47 92 7 3 3 4 
4 6 17 82 0 9 8 2 
4 9 37 75 2 5 3 9 
8 5 46 85 0 7 3 5 
5 3 69 91 3 1 3 1 
7 1 99 67 7 8 4 5 
5 9 63 35 3 9 3 8 
3 4 87 57 5 0 7 8 
1 8 50 19 5 8 9 3 
1 2 24 11 2 9 7 1 
3 6 34 25 7 0 7 9 
4 8 80 82 7 6 3 3 
5 3 38 99 9 5 8 3 
9 8 46 17 8 3 0 5 
0 3 83 99 6 2 7 8 
9 9 75 68 9 2 3 8 
2 4 17 87 1 4 2 7 
4 1 41 97 3 5 5 6 
6 3 18 79 9 9 0 1 
6 3 95 73 0 8 5 8 
9 1 96 82 2 3 2 3 
7 2 66 53 1 4 7 0 
9 6 34 29 5 2 3 3 
2 5 56 71 3 2 0 7 
4 7 52 14 4 9 3 9 
7 6 99 26 4 7 0 6 
9 8 62 61 4 2 8 2 
9 7 49 31 7 6 3 5 
2 0 96 78 3 8 5 1 
0 1 76 38 2 6 4 8 
5 4 56 36 9 6 5 2 
7 2 63 61 0 1 1 7 
9 2 19 43 7 8 8 4 
4 3 39 42 1 3 1 1 
9 8 98 91 3 0 8 5 
2 3 79 17 2 8 6 1 
8 0 10 93 9 5 8 2 
2 9 76 31 6 0 9 9 
3 4 97 92 3 8 1 6 
8 5 87 44 8 3 6 3 
1 4 71 57 5 8 0 7 
4 6 20 90 8 5 9 0 
4 7 36 46 9 6 5 7 
6 9 78 70 6 3 6 2 
3 5 14 85 8 1 8 5 
3 9 18 37 2 5 5 0 
4 0 27 55 9 5 6 5 
6 5 58 46 4 3 1 2 
4 1 55 95 0 5 2 9 
9 5 47 36 4 3 1 2 
5 3 87 62 6 3 8 1 
8 7 57 50 5 5 2 1 
1 8 46 66 8 6 0 3 
7 1 34 15 6 2 6 4 
3 0 71 44 7 0 0 8 
2 5 42 68 1 6 4 8 
7 8 12 31 2 4 2 6 
8 9 63 41 1 9 9 4 
3 3 74 58 0 1 7 8 
9 7 65 60 8 4 7 0 
8 8 56 27 1 4 1 9 
4 9 51 30 8 3 8 8 
3 3 22 23 1 7 9 2 
0 8 36 13 0 1 0 9 
0 8 92 55 4 4 9 3 
1 5 62 38 6 3 2 8 
2 0 61 70 7 7 3 3 
4 6 84 87 8 4 2 4 
6 4 61 100 6 6 3 3 
7 5 92 91 0 1 3 9 
0 4 89 73 0 0 2 7 
8 7 52 93 3 2 2 5 
4 1 37 82 8 3 0 5 
1 5 55 93 3 9 1 5 
2 6 60 81 1 7 9 6 
4 2 78 99 3 9 9 5 
8 6 56 75 0 0 3 2 
9 2 68 81 0 9 0 7 
0 2 90 34 9 8 2 5 
2 6 38 19 3 2 7 8 
2 1 21 23 0 7 4 7 
1 2 15 43 9 4 4 6 
3 6 80 46 6 1 8 2 
4 9 69 71 0 7 3 0 
3 4 19 30 2 7 7 8 
6 7 71 50 5 1 0 7 
6 6 63 49 0 7 8 1 
1 7 28 52 1 1 0 2 
9 5 90 43 4 3 3 6 
5 2 42 37 5 7 0 2 
3 8 57 81 2 0 0 0 
2 6 20 22 0 0 9 1 
0 6 32 25 6 1 3 5 
2 5 57 99 2 5 8 5 
0 0 94 100 7 5 0 1 
8 1 72 57 9 9 7 7 
0 8 19 55 5 0 8 9 
7 7 24 19 5 0 2 0 
3 6 88 67 8 9 2 0 
9 9 39 22 2 1 8 0 
6 4 10 59 4 0 6 5 
2 7 72 80 1 6 5 9 
8 7 36 86 8 5 7 4 
4 3 71 76 0 3 5 9 
2 5 54 72 3 9 1 5 
1 8 93 13 8 4 3 3 
1 8 17 81 5 5 5 6 
6 5 23 99 8 4 8 2 
3 0 100 20 1 2 9 7 
5 0 92 11 9 3 5 8 
6 5 79 35 8 2 6 5 
5 5 16 50 2 3 2 4 
0 5 81 28 1 5 0 0 
1 5 83 99 6 6 7 7 
9 7 54 80 9 3 7 9 
6 2 58 36 4 0 0 7 
4 7 15 79 3 8 3 1 
6 3 92 73 9 4 8 2 
6 2 97 70 6 1 7 3 
9 9 53 95 4 4 3 9 
8 2 69 75 3 0 5 2 
5 0 20 12 0 4 4 7 
1 7 17 22 5 7 1 2 
5 2 42 49 7 8 1 4 
4 5 78 29 9 5 7 0 
3 2 53 34 7 2 3 8 
6 4 67 81 7 0 4 3 
2 8 65 31 6 1 0 7 
1 6 35 28 0 2 9 6 
1 5 71 99 5 5 8 4 
4 6 44 13 4 5 1 3 
3 6 100 71 7 2 1 5 
9 1 56 91 7 4 2 0 
4 5 26 24 3 3 5 9 
5 9 33 81 9 5 2 0 
9 7 54 14 6 9 4 7 
5 6 79 21 5 4 0 8 
9 1 65 89 2 3 9 0 
3 4 61 70 8 7 4 5 
4 9 80 68 2 9 8 3 
7 4 55 11 3 0 0 9 
2 0 34 26 2 4 6 5 
5 1 56 84 2 9 3 8 
2 1 48 88 0 0 6 9 
9 5 38 86 7 9 2 2 
2 4 41 95 6 2 6 8 
2 5 11 15 3 4 4 9 
0 3 59 15 6 2 4 7 
1 6 10 35 3 1 1 7 
4 7 83 22 1 4 9 3 
8 9 80 62 0 7 1 4 
4 6 61 94 7 5 8 3 
2 0 24 46 9 9 7 4 
4 8 11 11 3 1 8 9 
9 3 19 78 3 7 0 0 
1 6 84 50 3 6 4 8 
4 3 71 14 5 8 0 9 
0 5 74 35 9 7 4 4 
7 2 76 72 1 7 7 0 
6 1 98 87 8 7 7 0 
2 8 93 52 5 4 9 7 
6 8 39 92 2 1 6 2 
7 2 67 65 9 2 7 5 
4 3 49 78 0 9 8 5 
8 4 39 98 6 3 2 1 
8 2 53 31 2 0 3 2 
2 6 91 15 8 7 4 9 
8 9 42 34 4 1 2 6 
9 6 77 66 2 6 3 4 
7 0 21 24 1 4 0 3 
4 4 98 61 5 5 4 9 
5 1 79 62 2 7 8 0 
1 5 50 19 3 7 1 5 
7 0 32 58 1 3 4 9 
0 3 99 61 7 7 1 7 
3 6 51 100 6 4 9 2 
2 7 43 97 6 3 4 6 
1 1 50 85 4 8 1 7 
9 4 94 14 1 1 7 3 
2 0 11 52 1 3 8 3 
2 8 63 54 1 7 8 6 
6 4 96 18 7 9 1 3 
7 7 53 46 9 8 0 2 
4 6 39 72 9 8 3 0 
3 2 55 51 7 7 1 5 
5 3 66 41 2 3 7 5 
5 2 53 36 2 5 9 1 
6 1 80 69 6 4 5 1 
0 4 95 21 7 5 0 5 
0 6 11 22 7 4 1 0 
9 6 39 54 2 3 5 4 
7 1 19 65 3 8 6 3 
9 3 94 20 0 9 0 4 
3 5 61 63 3 7 8 4 
1 7 62 24 6 1 4 2 
9 9 92 14 4 1 3 0 
4 0 91 39 2 8 5 7 
4 9 19 83 1 4 6 3 
2 1 95 91 9 8 9 9 
2 0 85 31 8 2 5 7 
1 8 10 62 5 4 8 6 
7 6 16 12 7 8 6 8 
7 4 31 93 5 5 0 0 
7 1 27 14 5 3 1 3 
5 1 44 90 7 0 6 1 
6 1 68 78 2 5 5 2 
0 8 85 19 5 1 1 1 
3 1 38 99 8 9 4 9 
3 3 60 61 5 8 2 4 
1 5 70 63 9 0 7 2 
0 6 45 15 9 9 4 0 
9 6 41 65 2 5 6 3 
7 1 45 63 3 3 1 1 
6 6 21 73 7 8 0 7 
3 6 37 60 8 6 9 1 
9 4 38 83 2 2 4 1 
0 3 21 63 6 5 0 6 
1 7 59 49 3 0 0 9 
7 1 30 75 9 5 2 9 
9 0 86 85 3 2 6 6 
8 6 31 37 6 1 5 1 
0 4 40 34 1 1 5 4 
6 5 99 58 8 9 6 2 
4 0 92 60 2 6 8 4 
4 2 34 79 2 4 1 6 
1 0 50 59 9 1 2 4 
3 2 14 73 9 0 0 6 
6 1 96 37 8 0 0 8 
4 0 37 96 4 6 6 4 
2 2 99 99 4 1 7 9 
5 7 51 84 6 0 1 5 
9 5 62 62 3 4 5 9 
9 8 80 33 7 2 7 7 
9 9 88 83 2 4 1 4 
1 5 34 68 8 9 2 2 
9 3 93 14 5 4 6 4 
2 9 41 89 0 1 4 2 
5 8 11 82 9 5 9 7 
6 6 49 41 6 9 1 0 
3 5 48 53 3 0 4 4 
1 4 73 71 7 3 9 8 
9 5 94 87 0 0 9 2 
0 0 46 44 2 9 7 8 
4 7 73 48 8 9 5 0 
0 8 63 67 5 4 3 0 
2 0 47 14 1 6 1 3 
5 2 83 99 5 0 2 3 
2 7 15 71 8 7 2 5 
9 8 58 15 6 4 1 2 
5 2 85 30 9 2 2 3 
4 2 30 24 7 9 0 2 
4 8 34 89 7 4 6 9 
0 5 97 62 9 3 6 0 
8 4 17 72 0 8 2 6 
1 9 45 33 7 6 0 6 
3 0 72 18 6 8 2 9 
5 7 99 48 7 7 7 1 
0 5 88 64 6 8 9 8 
3 1 97 75 0 5 9 9 
2 2 13 10 4 0 2 3 
7 0 54 19 6 0 8 0 
0 1 93 46 9 0 7 6 
7 6 100 97 9 6 2 2 
3 7 33 42 1 4 2 4 
9 8 67 93 9 0 3 1 
7 1 87 82 2 7 8 8 
6 1 71 87 7 6 7 0 
8 6 14 49 3 7 2 4 
2 4 95 27 4 5 6 4 
0 8 67 62 6 7 2 1 
4 7 17 88 4 0 1 9 
7 8 72 55 8 7 3 2 
8 6 47 51 6 1 3 0 
2 4 14 53 2 1 9 4 
3 0 12 57 1 1 8 4 
2 2 28 56 7 6 4 5 
9 3 23 70 8 9 0 0 
8 2 37 41 7 8 8 3 
7 0 93 58 1 7 2 1 
3 5 68 41 8 9 9 3 
4 5 56 11 7 0 3 4 
5 0 30 42 2 2 7 9 
7 8 71 27 2 2 3 4 
5 1 59 83 1 5 7 4 
3 6 69 46 9 2 4 8 
9 0 34 74 1 5 5 4 
0 2 71 17 6 8 4 0 
7 2 28 87 1 5 1 7 
4 9 32 33 3 2 8 7 
6 1 93 59 1 3 9 0 
7 2 68 13 0 6 8 6 
0 7 15 13 8 7 9 8 
1 9 88 98 0 8 1 0 
8 9 54 69 0 3 5 0 
7 4 48 55 4 4 0 5 
3 1 62 64 6 2 0 5 
6 4 81 61 5 2 0 4 
0 6 26 21 2 2 2 9 
1 5 99 79 4 9 9 8 
2 1 58 36 6 0 5 0 
7 2 77 98 9 2 0 7 
4 7 17 65 4 2 2 7 
0 9 49 24 1 6 3 8 
4 5 66 83 9 8 2 6 
0 0 73 64 8 2 3 1 
6 7 31 42 4 5 0 6 
6 1 21 83 3 9 8 2 
8 5 73 32 7 1 3 3 
6 1 47 75 1 0 1 8 
0 3 86 45 0 1 9 0 
4 1 83 83 6 3 4 0 
1 9 68 26 1 9 7 8 
8 2 95 41 9 3 1 8 
4 6 49 33 4 0 9 5 
0 7 80 46 4 8 9 9 
4 4 44 57 9 7 7 1 
6 5 55 64 8 5 2 8 
2 9 59 34 0 5 9 4 
3 5 27 14 0 4 2 1 
1 6 14 35 1 9 2 6 
1 4 18 25 9 8 0 1 
7 3 77 62 7 7 2 2 
2 6 45 12 9 9 5 2 
1 0 89 76 6 2 6 4 
5 8 48 22 2 0 3 6 
1 9 93 15 3 5 2 0 
3 2 71 92 1 6 7 4 
1 0 37 34 7 0 3 9 
9 8 86 35 0 5 1 9 
9 1 22 12 6 9 4 3 
3 7 49 96 6 4 1 8 
3 0 43 37 3 7 8 6 
1 3 28 96 7 8 4 5 
9 7 50 36 0 9 2 1 
1 2 15 65 5 4 2 3 
4 4 58 59 5 3 7 1 
6 9 54 89 3 4 8 3 
9 7 60 71 8 8 0 3 
8 4 96 52 0 3 2 1 
5 2 88 24 5 8 0 0 
4 4 33 88 4 1 6 3 
2 9 95 70 0 1 4 8 
9 3 22 99 8 9 6 6 
9 8 29 65 6 7 4 3 
3 1 27 72 4 1 0 8 
5 4 62 43 3 6 9 2 
7 6 14 82 9 1 5 9 
9 4 60 25 0 5 9 5 
9 1 15 99 8 9 5 2 
8 4 82 13 1 4 8 9 
4 0 79 53 4 0 1 4 
6 6 78 25 8 9 7 8 
9 2 78 10 7 8 5 4 
9 2 32 40 7 2 8 6 
6 2 91 83 6 2 0 1 
8 8 14 100 0 7 5 8 
3 1 15 22 2 8 0 3 
0 6 44 82 3 6 0 2 
3 5 32 65 8 8 2 1 
1 7 50 29 5 2 5 9 
3 3 54 33 5 6 1 0 
5 8 95 96 4 7 3 7 
6 2 12 37 5 1 5 1 
4 2 13 84 6 4 1 0 
8 0 51 44 2 2 6 6 
9 8 65 85 1 0 0 0 
3 8 72 67 6 1 6 3 
3 3 70 61 3 6 9 5 
7 4 11 73 3 3 0 0 
5 0 25 90 6 5 7 8 
9 0 62 76 7 0 9 9 
2 4 42 99 8 9 4 5 
9 6 15 82 8 6 2 1 
7 3 42 17 2 3 0 0 
4 8 86 99 7 5 1 4 
5 7 29 100 3 7 0 4 
3 6 81 23 4 6 4 8 
3 9 96 20 1 1 2 0 
1 9 26 57 1 1 2 9 
9 2 32 91 5 9 6 1 
2 7 19 71 7 7 6 2 
8 1 39 69 6 0 3 4 
2 3 75 31 4 3 2 0 
6 0 36 63 5 9 7 3 
4 2 89 31 9 9 3 7 
2 2 84 80 7 8 1 9 
6 5 82 33 6 8 0 0 
8 3 20 13 2 9 8 4 
7 2 37 36 3 7 3 4 
3 8 43 37 8 0 7 0 
7 4 80 60 0 6 8 8 
4 2 24 59 7 3 4 3 
0 5 22 17 7 0 3 6 
8 1 58 49 0 2 1 8 
3 4 90 80 7 3 1 7 
2 5 64 22 8 5 1 0 
4 0 43 90 5 3 0 4 
5 7 79 52 1 4 7 2 
2 8 90 91 9 7 4 5 
4 7 21 74 3 9 9 4 
5 4 41 64 9 0 7 3 
7 6 22 100 8 4 4 0 
9 8 16 77 0 6 0 7 
4 2 93 90 6 5 9 3 
3 5 48 63 2 9 6 5 
1 2 63 88 3 0 8 6 
8 9 29 35 1 2 2 3 
7 9 61 49 7 5 7 2 
6 2 50 73 8 8 4 9 
5 7 94 40 1 0 0 8 
3 2 65 49 4 4 4 7 
0 6 61 38 0 0 8 6 
4 6 49 89 2 3 9 6 
5 4 52 22 9 0 8 5 
4 0 86 62 1 7 3 9 
8 0 25 57 9 1 4 9 
4 1 76 30 2 2 5 8 
3 0 45 87 1 9 4 7 
0 7 90 53 0 5 0 3 
1 7 74 86 8 8 5 4 
8 5 83 48 2 2 0 3 
0 0 24 70 4 2 9 1 
4 4 90 10 9 5 4 5 
7 8 67 35 2 5 2 8 
0 3 53 74 6 4 6 1 
5 5 95 41 7 0 0 0 
8 8 71 39 3 7 6 3 
4 6 22 86 7 0 0 2 
4 8 26 58 2 8 7 4 
3 7 44 70 7 0 3 7 
1 2 81 18 0 6 3 3 
0 0 28 95 4 0 8 3 
8 4 22 78 1 8 3 8 
9 6 46 13 4 7 4 7 
0 0 93 37 6 6 3 9 
7 6 66 69 5 7 7 5 
4 7 12 99 8 7 7 6 
8 7 39 63 8 8 8 3 
4 2 80 25 2 9 2 5 
6 8 10 79 0 4 9 4 
5 2 60 22 0 7 2 4 
5 1 74 19 2 2 0 4 
7 6 99 38 8 3 4 1 
4 7 59 97 6 8 6 6 
7 9 70 90 4 1 6 9 
1 3 60 29 2 5 2 0 
5 0 88 24 0 0 7 6 
3 4 10 48 8 0 9 1 
6 5 28 86 5 5 3 2 
1 3 15 93 1 5 0 7 
1 8 32 79 3 6 3 1 
0 3 85 86 5 2 7 2 
3 9 69 34 7 2 2 8 
2 0 45 41 7 1 2 1 
3 8 56 69 0 2 3 0 
1 4 57 14 5 5 7 6 
8 5 98 80 8 1 7 7 
7 5 10 15 8 6 1 3 
1 1 26 18 7 4 2 0 
4 2 20 29 5 5 7 8 
8 1 25 80 7 3 7 4 
6 5 96 29 3 6 1 7 
9 4 59 95 5 0 4 9 
3 5 79 25 2 8 6 4 
8 6 43 90 6 4 5 6 
0 8 20 24 3 6 9 1 
3 9 65 26 8 6 9 5 
5 6 62 21 4 3 4 2 
4 6 44 68 4 4 3 1 
3 2 50 11 0 5 4 4 
8 7 24 51 1 5 4 2 
0 4 59 22 4 5 4 5 
1 7 39 100 7 4 0 9 
7 0 29 98 0 3 8 8 
0 5 19 13 5 9 5 8 
7 1 17 34 6 0 9 5 
6 1 85 50 8 7 0 3 
2 5 28 83 1 4 1 5 
4 0 51 57 1 5 5 3 
2 6 35 22 5 8 2 8 
5 4 25 69 0 1 9 9 
2 3 92 96 1 1 4 9 
7 7 87 29 4 8 9 9 
6 7 40 19 5 7 1 6 
4 9 82 27 4 0 1 2 
1 0 43 33 0 8 4 6 
1 4 66 76 2 5 2 0 
6 3 15 57 3 7 3 1 
6 8 63 24 1 5 2 0 
9 6 40 43 8 5 5 7 
1 4 79 96 2 5 1 9 
8 6 51 48 7 6 1 8 
5 9 59 94 9 2 3 7 
9 2 14 23 2 8 4 0 
1 0 84 19 4 3 0 5 
8 7 53 28 3 6 5 3 
1 2 19 47 2 2 9 8 
4 9 22 25 1 6 0 2 
3 7 88 74 6 4 7 4 
7 1 33 43 1 0 2 8 
1 6 18 50 2 8 0 0 
2 1 44 83 0 0 6 9 
8 6 64 96 3 6 0 0 
9 4 10 69 6 7 9 4 
1 5 59 63 6 2 7 9 
9 3 29 47 0 9 2 1 
0 6 30 57 9 9 5 3 
9 3 84 65 4 2 6 8 
2 2 20 91 7 8 9 6 
1 6 64 47 2 1 9 0 
8 7 51 93 6 7 4 0 
9 0 88 82 3 7 8 6 
9 3 42 77 3 2 7 2 
3 0 100 100 2 1 7 5 
1 3 29 56 6 6 6 5 
6 9 32 17 0 0 4 0 
0 0 84 57 3 2 2 4 
8 6 61 92 1 1 5 1 
9 7 13 66 8 1 1 2 
9 6 30 21 4 3 3 7 
5 4 94 78 0 3 3 8 
1 0 22 15 7 0 7 5 
9 7 98 47 3 7 2 5 
4 8 57 66 6 2 4 4 
9 5 57 46 3 9 6 7 
5 8 77 60 0 6 9 2 
8 4 28 17 3 5 3 8 
3 9 69 23 8 0 7 2 
9 2 14 78 0 5 3 0 
3 8 33 57 1 9 9 0 
7 3 82 70 5 4 4 5 
8 5 37 63 4 2 6 5 
6 5 58 26 2 9 5 0 
9 0 82 34 2 6 6 3 
8 7 29 17 8 3 7 6 
8 8 52 60 7 6 4 7 
8 7 49 71 2 6 1 9 
7 1 46 23 8 8 4 8 
0 2 34 62 7 7 4 3 
2 5 12 67 4 3 8 1 
1 8 29 27 6 1 1 8 
3 2 96 49 6 2 7 1 
3 4 28 26 7 0 5 6 
0 9 55 19 7 0 0 2 
0 4 34 52 0 1 8 2 
7 4 53 36 3 2 4 6 
3 9 16 81 7 4 2 9 
8 7 26 30 5 6 4 6 
7 0 32 37 4 2 3 9 
8 3 56 74 0 1 8 7 
6 0 20 46 7 4 8 1 
7 0 77 56 6 2 3 8 
5 9 92 17 8 9 7 5 
5 6 38 52 7 6 7 6 
6 4 17 73 8 6 5 9 
5 4 51 62 9 3 7 2 
8 6 89 77 8 9 0 6 
9 5 30 60 8 8 6 3 
1 0 66 32 4 7 6 1 
0 3 62 98 7 7 9 2 
4 6 55 82 5 9 4 5 
2 8 71 20 5 1 5 8 
5 9 72 33 4 8 3 4 
5 9 25 62 3 2 4 6 
5 5 77 81 9 8 9 3 
1 2 15 75 9 0 3 4 
1 2 35 88 5 6 9 3 
5 2 89 47 2 6 2 5 
5 8 57 32 2 7 2 0 
5 2 17 76 4 9 8 6 
8 5 17 82 9 9 1 3 
0 6 19 58 4 7 9 0 
2 6 37 11 3 4 7 0 
3 6 67 89 3 6 8 1 
9 1 21 86 5 7 5 9 
5 8 57 70 8 5 0 9 
5 9 11 19 5 2 2 9 
0 4 35 26 5 7 2 9 
8 2 10 13 7 6 3 7 
2 1 81 62 7 5 6 9 
8 8 85 55 8 3 2 0 
0 1 31 52 1 2 0 9 
4 7 83 77 6 1 5 5 
6 2 96 38 7 6 4 9 
0 6 99 92 9 2 1 3 
0 9 98 19 0 2 2 7 
3 9 95 42 9 0 7 2 
7 7 79 89 5 3 2 2 
3 7 38 39 3 4 6 1 
4 6 85 91 8 6 2 9 
4 1 78 17 2 8 5 5 
0 8 94 12 4 7 2 4 
2 0 82 25 1 2 4 9 
4 6 72 28 9 4 0 3 
2 4 14 33 6 6 7 6 
2 9 68 54 6 1 0 8 
4 9 82 57 2 6 8 9 
6 7 13 26 3 3 4 6 
8 3 10 52 2 7 5 4 
8 5 99 26 3 7 6 6 
4 4 97 73 3 3 6 6 
9 9 99 23 4 7 9 8 
4 5 70 52 6 8 8 7 
8 5 96 92 0 5 4 9 
5 5 42 82 3 4 4 7 
3 8 44 40 0 4 3 0 
5 5 26 15 0 6 9 3 
5 1 12 18 0 4 9 0 
5 3 17 18 2 6 6 7 
7 0 28 49 2 8 4 7 
0 7 67 37 0 9 4 3 
3 9 24 44 3 0 9 2 
6 9 17 70 9 7 4 2 
4 0 90 98 7 3 6 0 
2 8 79 37 8 9 9 7 
8 4 98 36 7 0 3 0 
2 8 80 59 5 2 9 4 
0 6 32 56 9 2 0 5 
3 4 67 68 0 0 1 1 
8 5 61 14 7 6 7 1 
6 9 42 90 3 1 9 8 
1 8 40 62 2 4 5 2 
7 1 79 24 5 8 6 4 
0 7 19 55 4 9 5 9 
7 7 59 23 4 6 5 7 
1 4 98 57 4 2 1 8 
7 3 53 30 5 4 3 6 
5 6 86 36 8 3 4 6 
7 2 66 33 6 2 5 0 
9 7 13 46 9 3 1 8 
6 9 62 57 0 2 7 1 
3 1 51 25 3 6 2 8 
6 7 81 55 5 4 0 5 
8 0 58 67 9 9 9 8 
8 5 33 56 7 1 8 4 
4 5 51 59 2 8 1 8 
3 0 24 91 1 9 1 3 
1 2 15 98 8 5 3 3 
8 3 35 25 4 1 4 4 
0 8 87 26 9 1 1 1 
2 3 86 16 8 4 5 4 
3 8 78 11 6 7 6 0 
3 6 15 13 9 1 1 5 
9 0 43 73 8 7 8 3 
4 7 66 20 4 8 7 4 
8 8 27 60 5 4 8 4 
8 2 96 35 7 9 6 3 
3 6 63 14 9 4 2 1 
1 3 19 93 4 5 8 2 
7 9 40 83 8 0 2 1 
5 2 37 85 2 6 8 4 
8 9 36 96 9 5 9 9 
9 3 53 35 9 9 8 1 
3 6 92 66 2 1 5 3 
9 9 69 52 8 3 5 7 
9 6 90 71 5 7 7 6 
4 3 82 95 3 1 4 9 
8 3 28 29 8 9 8 6 
6 6 65 19 6 3 1 4 
7 2 32 64 0 0 3 3 
2 3 29 45 0 4 1 5 
0 6 43 69 1 4 3 8 
5 3 80 83 6 5 3 2 
3 0 95 19 4 0 2 9 
1 3 97 51 9 7 8 5 
0 5 93 81 4 5 3 8 
8 5 29 72 7 0 6 1 
2 8 80 59 0 8 9 6 
1 5 88 66 4 0 5 7 
2 9 78 14 4 1 3 2 
9 2 15 56 4 5 8 7 
9 5 36 58 1 0 9 4 
1 7 48 58 6 2 1 1 
4 4 52 99 0 0 5 7 
9 4 18 28 8 5 9 2 
5 1 12 96 5 3 7 1 
7 8 72 59 5 8 7 6 
7 5 79 18 4 6 7 8 
1 9 18 20 3 3 5 7 
5 2 85 46 7 7 8 5 
9 6 35 16 1 8 5 3 
2 7 85 20 1 8 8 1 
1 1 33 92 3 4 4 9 
4 5 29 67 4 3 2 8 
1 8 75 30 0 5 0 4 
7 8 15 75 2 7 5 4 
4 0 35 96 8 8 0 2 
5 4 70 87 1 7 5 5 
0 0 55 54 5 5 2 2 
7 2 14 74 1 1 8 2 
1 3 31 49 9 6 1 9 
0 2 48 83 7 6 5 6 
8 5 27 98 4 4 4 8 
0 6 37 46 5 2 8 0 
0 9 58 52 4 2 3 9 
7 5 23 85 0 1 4 0 
6 6 46 37 8 4 2 1 
2 1 17 34 1 9 6 1 
6 4 89 82 2 0 2 7 
4 1 99 83 4 8 6 8 
8 8 90 23 8 7 5 3 
2 0 58 61 2 6 2 4 
7 2 66 49 6 9 3 7 
0 3 27 56 8 9 4 0 
6 6 58 19 6 7 0 3 
3 2 19 38 3 3 1 3 
1 9 60 26 9 1 0 3 
1 8 11 51 5 1 2 8 
8 2 29 94 7 3 8 3 
0 0 78 80 2 0 5 6 
2 3 53 64 9 3 3 0 
1 5 19 83 5 9 1 3 
1 2 60 24 2 1 8 2 
1 7 20 73 3 7 3 0 
7 2 11 12 2 7 2 9 
6 2 37 55 1 1 3 0 
9 5 37 74 5 7 9 5 
2 0 31 72 2 0 5 4 
8 5 62 39 5 7 8 1 
1 0 61 80 0 7 3 8 
2 2 90 15 5 7 3 7 
6 1 18 61 0 2 9 0 
2 7 14 49 6 8 3 0 
7 2 79 44 2 3 7 4 
5 6 99 39 0 1 0 9 
8 0 97 72 4 6 8 6 
1 4 28 32 6 2 4 6 
1 7 64 17 9 5 3 4 
5 1 46 82 4 0 2 7 
0 4 75 22 5 6 4 5 
3 6 75 29 5 3 0 1 
8 5 69 31 7 7 6 2 
0 9 51 100 6 7 6 2 
8 8 77 13 4 9 6 2 
5 3 10 44 1 2 2 1 
7 2 77 94 4 3 6 4 
7 7 67 74 4 0 1 3 
4 7 11 67 0 0 8 4 
5 9 61 85 4 9 0 4 
2 3 42 90 1 4 4 4 
1 0 94 55 4 0 8 8 
8 9 20 68 4 5 1 6 
4 6 25 66 9 2 7 0 
3 5 63 50 9 1 7 0 
8 1 39 89 8 6 7 7 
0 9 79 61 5 9 0 8 
3 7 76 12 4 4 8 0 
0 1 13 22 5 1 2 5 
9 2 99 34 5 6 2 7 
3 2 31 58 5 7 7 1 
9 2 69 41 4 6 3 0 
1 0 36 65 1 9 0 9 
7 0 48 54 0 1 0 3 
0 1 78 63 2 4 7 6 
3 4 93 74 9 5 1 6 
9 5 43 13 3 3 3 4 
4 2 71 74 5 8 1 4 
9 3 96 44 9 9 7 2 
3 6 44 12 8 2 7 7 
5 0 52 58 7 8 0 2 
0 1 77 69 1 4 6 6 
3 1 68 87 0 3 1 9 
6 6 46 41 7 8 5 9 
0 6 29 70 7 3 2 6 
7 4 61 15 1 1 6 1 
8 9 13 93 0 8 8 5 
2 8 99 88 7 5 0 3 
4 5 96 69 9 0 0 9 
4 0 11 97 2 2 7 6 
6 6 72 87 4 8 6 4 
8 1 44 18 3 8 0 5 
2 9 53 83 5 3 5 2 
6 3 70 33 5 2 4 0 
9 0 95 17 3 4 6 2 
3 3 98 43 7 8 9 3 
8 0 59 38 1 0 0 2 
1 0 52 71 2 6 3 9 
3 6 26 30 8 4 1 7 
7 3 62 63 7 0 0 4 
9 7 27 81 2 0 9 6 
2 8 88 51 8 0 1 4 
1 4 11 41 0 3 8 9 
6 1 32 49 5 3 2 7 
4 5 63 47 8 5 6 8 
7 1 69 49 9 5 3 2 
3 2 96 53 4 2 9 5 
9 1 52 81 8 8 9 8 
7 2 54 62 4 5 8 5 
1 4 43 22 2 8 4 7 
2 3 35 61 5 9 1 7 
0 6 32 60 1 3 4 2 
6 0 66 24 4 7 0 0 
9 0 19 26 1 3 1 3 
1 4 53 95 7 8 3 8 
5 0 32 60 4 9 0 8 
6 4 71 94 6 4 3 3 
4 6 37 99 1 1 0 0 
4 6 65 71 4 1 9 3 
8 4 37 30 1 2 7 1 
1 4 30 23 2 8 1 6 
5 3 64 53 9 0 7 8 
1 5 67 60 5 1 7 7 
7 2 49 18 5 1 0 0 
6 6 33 20 7 2 2 7 
9 1 98 98 7 1 9 0 
8 5 43 30 3 7 0 0 
5 7 75 66 1 8 1 8 
6 0 25 65 2 2 7 3 
7 6 50 36 0 9 3 3 
9 1 94 93 8 0 5 8 
2 7 66 71 3 4 8 1 
4 1 64 18 0 8 9 9 
0 9 21 41 9 7 9 6 
0 1 52 84 4 4 3 2 
0 6 31 27 2 2 4 9 
4 5 39 51 2 6 0 1 
6 2 89 47 8 0 6 6 
3 9 57 25 7 0 6 7 
6 5 74 55 2 2 7 1 
3 0 65 40 3 4 4 4 
1 0 47 49 2 7 1 0 
2 9 61 32 7 9 0 8 
1 5 81 44 5 0 7 1 
1 2 56 27 1 8 4 0 
8 6 40 43 5 4 1 3 
3 9 22 94 4 5 1 8 
7 2 71 24 6 4 4 0 
9 2 65 15 8 5 0 2 
1 8 93 37 2 0 7 2 
5 0 99 49 4 9 4 6 
3 9 29 84 6 1 1 4 
4 6 66 65 1 3 1 2 
7 4 49 19 1 2 8 0 
1 0 89 45 1 8 0 3 
4 5 61 64 6 6 5 2 
6 7 80 47 1 7 8 7 
3 4 82 86 8 9 0 7 
1 2 60 10 9 1 9 4 
2 2 12 79 0 4 9 8 
1 3 74 94 0 0 3 1 
6 0 100 78 1 5 3 5 
5 3 37 27 3 5 5 0 
2 7 41 35 9 1 8 9 
0 3 26 46 4 9 3 3 
9 3 23 11 5 1 7 1 
6 9 27 93 3 9 1 0 
6 5 29 69 1 9 2 3 
6 3 11 10 3 4 5 9 
8 6 58 64 6 7 4 6 
4 2 21 46 0 8 0 2 
2 9 61 34 3 3 8 0 
3 9 16 84 8 4 7 7 
7 0 60 73 9 5 2 4 
7 8 13 84 4 9 2 1 
1 3 47 16 4 6 7 6 
7 0 97 17 7 4 5 5 
4 2 83 25 4 7 9 8 
3 5 13 63 4 2 6 7 
5 8 38 34 1 2 3 7 
0 4 22 55 0 5 9 8 
0 2 77 22 4 4 8 8 
6 9 39 100 8 0 8 6 
4 3 28 20 8 1 6 4 
8 5 47 29 5 6 7 1 
0 8 67 72 0 5 0 7 
3 2 91 67 8 7 2 0 
6 2 54 32 0 5 5 6 
2 2 64 66 1 7 0 7 
2 5 74 56 5 3 0 0 
4 2 34 71 7 3 9 1 
8 9 40 68 0 4 9 9 
9 7 78 84 6 9 5 1 
5 5 84 99 6 9 0 5 
6 1 79 29 3 1 1 5 
5 7 17 28 3 7 2 5 
7 5 35 76 3 8 0 7 
0 4 27 86 8 6 2 7 
0 5 64 64 0 5 7 0 
6 5 59 80 8 5 0 6 
0 9 22 93 3 3 7 0 
5 7 14 18 0 2 8 9 
2 6 77 43 5 6 8 8 
5 6 34 62 8 2 0 0 
0 9 14 95 7 2 4 9 
3 9 80 22 5 1 3 6 
9 6 97 63 7 6 9 2 
4 1 19 98 7 7 3 4 
7 5 58 23 1 6 2 5 
4 2 92 51 8 2 6 7 
1 7 70 22 4 9 5 0 
3 8 76 98 3 6 0 0 
6 0 75 11 3 9 8 3 
9 7 67 57 6 1 2 4 
3 2 71 53 0 1 4 5 
3 6 12 95 3 4 6 9 
8 4 33 42 0 7 8 9 
3 7 91 46 8 3 4 4 
8 5 77 79 3 2 3 1 
7 5 35 84 8 2 0 2 
0 8 66 57 4 0 9 9 
3 8 62 31 4 9 9 7 
6 1 73 12 2 9 2 2 
0 8 62 19 0 0 1 4 
9 0 98 35 8 5 5 1 
4 8 69 62 7 7 3 1 
1 3 31 52 0 9 7 1 
2 1 56 94 7 7 5 2 
8 3 38 91 7 2 0 2 
3 6 26 78 6 8 8 4 
3 4 95 70 6 2 4 5 
0 4 81 31 1 9 6 7 
7 1 83 19 0 6 1 4 
7 4 100 29 8 7 7 1 
7 0 77 76 6 7 0 0 
8 6 86 26 0 6 4 3 
4 3 77 33 7 3 7 5 
9 8 85 47 2 6 7 1 
3 2 94 25 6 7 4 7 
7 0 38 63 1 0 0 0 
0 3 72 12 0 3 8 0 
4 8 99 32 1 8 7 6 
4 0 40 93 4 9 2 7 
2 0 38 33 6 8 4 7 
0 3 97 59 5 7 6 6 
7 4 64 100 8 4 3 6 
1 3 70 95 7 1 4 1 
0 8 92 84 3 7 3 4 
1 9 100 38 9 5 9 3 
7 9 52 12 2 7 4 0 
1 4 99 89 6 0 8 0 
4 3 45 14 7 7 6 8 
6 2 94 75 0 4 7 0 
7 1 15 24 0 3 8 6 
2 2 66 42 0 4 6 6 
7 8 74 52 5 3 0 5 
1 1 72 80 1 7 3 4 
5 5 17 10 3 0 2 0 
8 0 36 10 5 3 3 5 
7 1 76 30 8 1 3 8 
4 9 79 89 2 0 7 6 
0 1 62 51 4 5 2 9 
9 7 96 25 9 3 5 7 
7 4 33 25 3 9 5 3 
9 2 61 26 4 0 4 4 
9 5 97 14 7 6 2 5 
5 0 98 86 6 0 8 8 
5 5 74 47 1 2 5 5 
9 5 80 91 3 8 4 4 
5 6 51 14 8 5 8 3 
1 4 94 72 7 9 0 8 
4 2 25 78 4 5 9 3 
4 9 43 19 3 9 8 2 
1 1 42 58 6 0 3 2 
3 3 78 25 7 3 8 4 
5 5 30 63 8 9 5 9 
8 4 25 26 3 7 2 4 
6 9 83 33 7 5 0 9 
5 9 15 98 7 3 3 8 
6 0 10 23 5 0 3 7 
3 2 77 82 3 4 9 1 
5 8 48 66 4 6 4 0 
8 9 71 51 6 4 7 8 
6 1 10 23 2 7 3 5 
5 8 38 90 9 3 0 0 
1 2 38 13 7 9 0 1 
6 8 28 74 4 0 5 1 
2 2 39 11 9 2 3 8 
1 6 26 67 2 8 9 7 
8 8 76 14 0 8 6 7 
6 4 73 48 4 0 1 6 
2 1 61 77 6 5 0 9 
6 7 31 15 9 6 1 7 
9 7 70 52 5 0 7 2 
4 7 36 22 2 8 4 0 
7 3 79 86 5 1 9 4 
8 0 100 69 1 4 4 8 
6 8 83 28 9 4 7 0 
1 8 35 16 7 4 2 0 
8 8 23 10 1 0 0 2 
9 8 48 37 1 1 4 3 
4 8 60 62 4 4 9 3 
9 3 87 64 0 4 6 7 
7 3 59 57 4 0 3 3 
3 8 69 59 5 3 6 4 
0 6 33 31 5 7 3 3 
2 1 23 21 0 9 3 1 
6 8 61 30 8 6 1 3 
8 6 49 20 6 5 3 1 
2 6 98 16 0 0 5 0 
8 4 75 48 8 9 2 1 
2 7 14 54 7 7 1 0 
4 6 11 100 1 7 9 5 
9 5 39 66 6 9 7 2 
1 2 49 71 1 4 9 0 
3 7 44 45 8 0 8 0 
9 1 74 60 0 0 2 0 
1 9 30 51 0 0 5 8 
6 4 100 16 8 5 4 6 
2 5 34 56 8 5 2 9 
2 6 64 90 6 4 9 9 
3 6 95 56 4 7 3 0 
8 9 29 78 7 0 9 0 
3 4 96 13 7 3 8 3 
4 3 92 68 1 7 8 8 
8 4 17 82 4 5 2 6 
0 5 13 65 6 5 5 5 
2 9 52 24 0 4 6 6 
9 3 72 44 4 7 4 7 
3 3 92 73 1 0 2 0 
7 1 100 43 4 4 1 4 
2 5 80 66 5 3 9 7 
7 0 87 79 6 0 8 9 
6 4 54 92 7 5 7 1 
5 3 62 48 6 5 2 6 
5 5 40 69 5 6 6 9 
9 4 83 91 1 4 1 3 
3 8 78 42 5 6 5 7 
9 4 14 19 3 1 6 9 
2 7 55 15 2 8 0 6 
8 2 21 10 3 4 0 3 
7 4 62 40 6 6 1 0 
0 7 87 42 8 9 6 5 
7 5 46 64 6 6 5 8 
8 5 62 50 2 6 4 1 
2 2 88 75 7 5 7 3 
0 0 55 74 6 4 5 2 
1 4 14 98 3 3 6 1 
3 7 73 32 2 4 2 6 
7 2 24 32 4 0 6 5 
3 7 52 13 7 3 5 6 
3 4 87 82 2 6 0 0 
6 0 61 72 2 4 0 3 
5 6 28 66 7 5 6 2 
9 3 63 64 8 4 1 7 
2 0 43 30 5 9 0 5 
3 4 61 38 9 4 2 1 
2 6 42 18 0 6 7 5 
9 4 53 19 8 9 0 9 
0 2 82 91 3 8 1 6 
5 0 84 46 7 3 9 9 
1 8 81 26 0 3 5 7 
1 9 38 66 7 9 8 1 
0 3 55 75 4 4 0 7 
9 7 16 39 0 4 3 8 
3 1 43 21 1 8 3 1 
5 4 83 74 5 8 1 5 
0 6 56 55 6 4 5 7 
5 5 95 32 4 3 2 6 
3 7 41 51 6 9 1 4 
5 0 58 23 1 1 8 1 
6 1 83 65 4 4 2 2 
2 8 40 63 8 9 7 0 
6 5 81 93 7 5 1 0 
7 6 22 94 3 4 8 2 
5 1 63 84 1 8 6 7 
6 7 86 12 9 2 6 4 
3 2 86 54 2 6 3 6 
4 9 26 46 2 7 0 9 
8 1 19 69 4 8 3 6 
5 4 71 95 4 4 1 7 
1 4 65 66 7 2 5 0 
9 5 24 46 1 7 9 5 
9 2 57 35 3 2 5 5 
6 3 51 64 9 3 6 9 
1 5 90 56 2 9 0 9 
0 6 77 81 6 1 0 1 
7 9 43 85 0 8 4 8 
0 9 45 17 9 9 5 1 
6 9 59 48 8 3 0 4 
3 6 99 21 2 7 6 5 
4 7 74 52 6 0 3 9 
5 8 70 82 7 2 9 1 
2 4 93 30 4 9 6 1 
3 0 58 32 4 6 6 1 
6 4 11 22 2 0 7 6 
5 6 81 50 8 8 0 7 
0 0 29 80 4 0 8 6 
4 9 77 38 9 8 1 7 
1 3 63 98 6 7 8 1 
7 6 66 28 3 9 5 2 
8 5 49 74 2 6 0 2 
2 6 37 44 3 8 1 3 
1 4 35 49 7 9 6 3 
2 8 33 65 8 7 4 1 
7 1 78 42 9 3 3 0 
5 6 92 66 8 8 3 5 
1 3 25 91 8 0 0 6 
6 5 98 45 8 5 6 9 
9 9 16 93 5 1 1 2 
5 3 61 33 1 9 7 9 
2 6 93 38 9 2 1 4 
5 0 75 80 0 2 6 7 
3 6 39 46 3 6 5 7 
7 4 45 72 5 6 4 1 
5 3 10 62 8 4 0 7 
9 3 74 73 5 0 0 4 
3 3 56 41 0 9 6 7 
2 6 21 84 8 8 6 6 
2 0 81 10 5 5 1 4 
4 8 88 82 7 1 8 2 
6 3 73 38 5 9 7 5 
4 9 87 98 9 4 7 1 
4 7 22 33 3 3 2 5 
8 3 89 57 1 9 5 8 
7 8 65 21 0 1 3 8 
8 2 80 90 1 8 7 2 
8 8 29 65 0 5 8 6 
8 9 17 20 3 8 4 0 
6 6 29 17 5 4 3 5 
6 8 20 70 4 3 6 4 
0 7 27 87 9 8 9 4 
0 4 31 26 9 7 7 6 
1 9 12 80 4 3 4 1 
6 6 99 90 5 8 8 1 
7 0 66 30 0 7 2 2 
2 5 46 48 7 5 2 5 
9 1 80 21 9 5 1 7 
7 6 74 86 8 0 2 8 
3 8 78 71 2 5 1 4 
9 4 42 43 5 7 5 1 
2 8 41 81 5 0 9 8 
2 6 36 86 3 5 2 6 
4 6 59 27 6 9 3 8 
6 2 14 40 0 0 3 8 
3 0 58 88 3 4 0 6 
5 8 84 77 2 0 8 2 
9 2 24 48 0 8 3 8 
6 1 75 19 7 2 4 3 
4 3 92 87 5 8 7 9 
0 6 76 58 5 9 8 9 
2 1 63 99 1 0 5 7 
7 4 86 60 9 8 6 0 
0 6 29 65 1 2 0 0 
3 4 19 79 4 8 5 0 
9 6 75 94 5 3 5 3 
4 1 36 74 4 9 1 9 
8 0 46 47 1 0 6 1 
8 2 67 16 1 2 9 3 
3 3 17 35 2 4 4 2 
1 9 91 51 4 2 8 7 
5 9 12 100 1 0 7 9 
1 2 55 87 0 4 0 4 
9 0 96 43 3 8 3 2 
3 2 39 51 0 1 3 8 
7 3 54 75 2 5 2 2 
7 8 96 54 1 0 6 8 
9 4 74 56 4 4 0 8 
1 8 88 35 3 7 2 8 
0 5 35 67 1 4 6 5 
1 4 81 31 6 4 5 8 
0 6 18 83 8 5 8 1 
4 1 79 39 6 5 4 3 
5 6 11 30 6 6 5 0 
9 3 52 11 9 1 7 4 
9 1 44 96 0 2 9 0 
2 1 92 49 6 1 7 4 
1 5 83 11 4 9 6 9 
4 6 42 40 7 0 7 8 
2 2 35 22 0 1 9 7 
3 6 33 88 1 9 8 1 
9 0 10 34 9 0 4 1 
0 1 47 18 3 1 7 1 
9 3 93 20 1 3 1 1 
0 0 95 74 1 4 3 8 
9 0 25 58 1 2 0 6 
9 2 66 63 4 8 0 3 
1 3 98 17 2 3 1 4 
6 2 95 41 5 9 1 8 
7 3 22 10 1 5 1 4 
3 0 74 17 2 0 4 7 
8 1 57 61 8 6 5 2 
6 5 81 16 9 1 7 7 
1 2 54 58 4 8 6 7 
8 2 92 97 2 8 3 8 
7 0 45 34 1 2 0 9 
5 0 75 12 3 1 1 0 
4 5 45 67 6 7 1 2 
2 0 95 60 0 7 0 6 
6 7 33 61 0 4 1 4 
6 0 74 43 4 8 3 3 
5 8 99 35 3 5 3 9 
2 5 34 74 7 3 2 4 
3 8 82 91 1 3 5 5 
6 4 75 39 8 4 5 4 
5 3 80 67 7 6 4 2 
8 6 24 59 9 3 9 4 
2 0 39 76 0 3 2 1 
5 2 90 68 5 3 6 5 
3 3 92 47 7 4 1 4 
7 2 25 85 0 4 2 2 
6 7 69 95 8 4 5 7 
2 6 47 25 2 8 4 7 
5 5 90 19 3 7 6 7 
6 4 61 60 9 0 4 3 
4 7 27 39 9 3 8 8 
3 8 58 79 7 6 6 9 
3 1 18 22 1 4 6 4 
1 6 91 84 4 0 9 4 
8 9 49 81 2 6 7 8 
3 8 52 44 9 2 6 5 
1 9 85 62 7 0 6 3 
5 9 50 89 0 8 1 0 
0 0 39 73 7 5 5 8 
2 6 68 30 1 9 9 6 
2 6 68 82 6 9 6 6 
1 0 54 17 3 6 4 2 
0 4 100 75 5 5 9 1 
5 2 17 27 1 2 8 5 
7 7 47 28 5 9 8 5 
1 9 75 78 0 7 1 0 
6 1 96 85 3 2 7 6 
6 2 65 79 5 3 4 1 
1 2 48 60 8 9 1 4 
2 7 83 12 7 2 2 5 
0 8 30 38 1 5 1 5 
4 7 32 89 8 1 6 2 
0 6 23 24 8 2 2 6 
6 2 26 23 9 1 3 8 
7 0 64 72 3 7 5 5 
2 8 76 62 3 7 1 0 
2 0 41 16 0 1 7 0 
5 3 96 81 2 0 1 7 
2 6 74 55 8 8 6 0 
6 3 61 41 6 8 7 6 
4 6 41 94 2 9 7 7 
3 0 98 81 5 2 1 2 
1 6 85 60 5 2 6 0 
0 5 62 68 5 7 0 7 
0 0 78 30 9 2 4 6 
3 1 64 40 5 9 5 7 
0 0 22 27 9 2 7 3 
3 7 82 87 6 2 0 4 
4 2 34 66 5 0 0 6 
8 7 62 94 1 0 1 2 
8 3 32 19 6 3 9 7 
1 7 87 26 3 4 2 4 
1 9 52 94 4 7 6 6 
0 8 44 50 8 9 9 7 
3 5 36 56 0 1 1 4 
6 3 32 29 6 4 0 8 
1 8 10 33 9 2 8 2 
3 7 63 67 5 6 2 6 
1 3 43 51 2 6 5 5 
3 0 85 82 1 9 5 8 
1 2 73 43 6 1 9 2 
9 5 60 38 8 6 0 5 
3 0 28 58 7 2 2 0 
6 8 69 74 9 7 5 6 
0 2 38 77 3 6 8 3 
0 4 30 78 8 4 8 1 
4 0 53 89 9 9 5 3 
4 8 24 92 9 4 8 2 
3 8 39 37 4 9 5 4 
6 3 68 24 8 9 6 5 
9 6 53 59 1 6 7 2 
3 8 38 26 7 4 6 7 
9 9 39 89 8 7 0 5 
0 2 77 15 4 6 5 6 
1 5 71 68 5 5 8 0 
8 9 71 20 4 4 2 5 
7 8 79 62 2 8 1 7 
1 3 32 96 2 7 3 7 
1 5 83 53 3 8 0 2 
3 4 26 95 5 4 3 9 
8 7 23 99 9 5 7 8 
4 3 29 74 1 0 4 5 
8 7 52 88 1 8 3 6 
8 8 20 21 7 5 1 3 
1 0 82 45 4 3 1 1 
5 4 100 71 2 8 8 5 
6 8 37 58 0 7 8 7 
6 2 29 37 6 1 4 5 
4 7 89 72 1 7 3 7 
6 0 75 77 2 9 8 8 
9 0 80 91 6 3 2 3 
3 7 95 10 0 0 4 0 
9 3 67 46 1 3 5 7 
8 1 48 80 6 6 7 9 
3 1 91 36 3 6 9 5 
4 3 39 85 2 9 8 7 
8 9 64 55 1 3 2 9 
1 5 84 73 5 6 0 1 
4 3 24 37 9 0 2 6 
3 2 11 83 4 9 9 1 
5 2 96 52 9 1 8 5 
1 8 32 26 5 0 9 7 
3 3 26 100 4 6 5 8 
3 1 49 25 7 6 7 0 
2 7 59 47 1 7 1 5 
7 4 21 65 4 7 7 9 
9 9 47 39 6 1 5 3 
3 1 45 63 4 0 8 2 
7 4 54 39 5 9 6 6 
8 9 18 62 4 0 0 4 
4 1 90 18 8 5 7 5 
7 9 14 95 9 9 2 2 
6 9 75 50 5 2 3 1 
3 9 35 80 6 1 6 2 
4 2 56 11 7 0 1 5 
5 1 63 48 1 3 2 3 
6 2 72 93 5 8 5 8 
9 2 80 51 9 8 1 6 
4 8 100 43 2 9 0 4 
2 7 23 67 2 6 4 3 
5 5 28 26 5 1 4 3 
1 1 38 91 1 5 9 6 
7 8 89 80 9 6 7 2 
0 5 79 33 4 7 9 8 
0 1 10 39 0 2 5 1 
1 3 83 56 0 1 3 5 
6 7 16 69 7 9 7 4 
6 7 13 62 4 1 9 6 
1 9 78 69 8 5 8 1 
8 4 85 18 4 0 7 2 
8 5 93 23 6 8 8 9 
1 2 23 52 3 9 3 9 
0 3 93 57 8 6 7 0 
2 9 56 33 1 1 1 7 
5 0 38 83 8 1 1 0 
1 4 21 81 4 1 0 7 
4 1 98 63 5 0 7 6 
2 1 68 76 4 2 5 6 
0 8 80 61 8 1 4 2 
8 5 97 87 5 6 1 5 
6 2 90 92 4 1 4 7 
6 6 60 99 8 3 6 6 
8 9 17 77 3 4 2 9 
9 4 74 74 5 2 1 4 
7 9 42 44 6 7 0 7 
6 4 97 60 7 4 8 4 
2 4 50 45 6 3 4 7 
9 5 21 77 0 5 9 9 
7 8 73 27 5 5 2 4 
1 0 15 83 7 8 1 2 
1 3 29 15 8 2 3 6 
0 1 47 15 6 3 9 5 
8 3 81 95 7 1 6 6 
0 5 13 24 8 9 7 2 
7 8 97 15 2 6 1 5 
8 4 42 42 7 1 9 4 
7 8 71 98 5 5 1 5 
3 2 70 99 4 3 8 4 
6 6 68 81 1 2 1 2 
5 1 48 90 1 1 9 9 
9 7 59 62 1 7 8 8 
3 3 25 21 4 9 5 0 
4 2 41 55 4 4 5 2 
7 0 40 82 9 8 2 4 
2 6 19 81 1 0 8 6 
1 2 79 99 6 5 2 6 
0 9 57 24 7 1 7 0 
5 8 99 65 0 9 4 8 
0 5 63 28 2 0 2 3 
3 8 45 32 0 3 8 4 
4 9 84 95 7 5 1 3 
0 3 74 71 5 1 6 8 
6 3 10 11 8 8 6 0 
2 8 26 18 3 9 3 7 
0 2 11 38 0 2 7 7 
6 5 43 39 4 0 3 8 
6 4 68 33 1 5 7 6 
4 4 99 12 5 2 5 1 
3 2 79 90 8 9 8 2 
9 4 33 11 0 0 5 1 
2 4 83 83 4 0 3 5 
8 1 86 31 3 8 9 0 
7 4 13 75 3 8 0 9 
2 7 43 26 8 6 9 7 
7 1 25 46 8 0 7 3 
2 7 93 70 6 3 6 7 
2 5 84 65 0 9 9 7 
3 8 10 100 4 6 8 7 
6 8 86 34 9 0 2 9 
4 6 48 95 1 1 8 1 
0 7 96 47 6 0 6 3 
5 3 81 59 6 9 0 9 
9 8 14 41 6 7 5 4 
6 4 65 50 0 5 0 9 
1 9 91 28 4 9 7 2 
1 8 21 14 2 0 2 4 
9 9 26 11 4 4 1 2 
7 5 59 42 5 2 2 0 
5 9 84 85 6 2 2 7 
1 4 93 74 9 1 0 5 
5 6 78 36 0 6 7 1 
9 0 10 19 1 9 6 5 
4 4 48 23 1 8 6 9 
7 8 11 30 7 0 2 9 
6 9 34 72 8 5 9 8 
8 5 47 19 6 8 2 5 
6 9 15 40 6 6 6 6 
4 5 38 58 0 7 2 1 
9 6 15 59 9 7 2 1 
1 3 47 67 7 3 9 7 
5 9 42 91 4 6 1 1 
3 9 52 95 2 9 8 2 
8 0 54 80 1 4 4 5 
3 4 77 80 8 7 7 5 
7 0 58 74 0 2 7 8 
9 6 79 84 7 7 3 9 
6 8 50 58 7 1 1 4 
3 7 10 40 7 5 4 6 
0 3 42 49 4 8 2 2 
3 7 80 93 9 4 1 5 
2 6 97 47 1 5 5 0 
5 2 53 31 9 6 5 0 
8 8 88 19 1 6 5 2 
2 9 100 54 0 7 1 6 
5 5 36 84 2 2 5 9 
7 4 92 37 9 0 1 6 
7 3 44 83 7 6 6 8 
3 8 26 44 4 7 3 9 
7 6 42 11 8 0 7 3 
0 4 45 46 7 6 1 9 
5 1 46 77 3 7 8 0 
0 5 40 24 5 5 1 7 
4 9 76 67 5 6 4 7 
6 1 23 87 8 0 0 2 
7 0 42 16 6 6 4 9 
6 2 51 74 9 5 1 4 
6 0 13 62 2 1 3 7 
1 9 60 69 1 6 3 3 
9 9 82 18 5 2 5 1 
1 0 11 55 8 7 3 2 
5 8 45 74 9 3 9 7 
1 8 91 65 2 8 3 3 
2 0 49 60 4 5 8 4 
6 2 62 14 3 4 5 2 
5 9 29 54 7 2 8 9 
8 6 73 96 2 5 4 1 
0 3 43 94 1 3 6 8 
2 1 85 26 0 3 3 1 
8 9 69 44 6 1 2 5 
5 2 51 74 6 3 7 3 
3 7 47 98 4 4 4 9 
1 0 35 63 6 8 2 5 
7 1 79 25 0 5 4 2 
7 8 30 75 5 3 3 9 
4 3 62 13 9 2 6 5 
3 4 28 48 5 2 0 1 
1 8 18 80 5 3 3 9 
9 2 17 35 0 8 8 2 
8 9 55 60 7 9 8 5 
7 8 43 98 4 4 4 5 
5 0 50 91 7 8 3 2 
0 4 91 17 9 9 4 2 
0 6 10 36 8 6 1 5 
4 6 87 89 2 6 6 5 
6 2 98 32 3 6 4 4 
3 4 27 16 0 3 0 3 
2 4 32 23 6 6 4 5 
1 1 84 78 2 6 1 6 
7 2 39 41 5 7 1 9 
1 4 81 82 1 8 8 7 
4 6 40 76 3 9 7 3 
3 3 34 97 8 3 2 5 
0 8 58 42 1 4 5 0 
6 1 74 81 9 3 2 7 
2 5 35 87 4 0 7 6 
8 5 77 17 9 3 2 8 
3 0 56 76 8 6 2 9 
8 5 67 33 6 3 1 1 
8 4 63 82 4 7 8 9 
2 7 14 28 5 4 8 4 
5 4 24 75 3 6 5 3 
3 6 13 40 7 5 6 7 
8 7 15 69 0 1 5 6 
7 7 77 47 7 9 2 8 
9 1 73 99 0 0 7 4 
8 2 42 84 1 3 3 8 
9 4 48 17 0 7 6 4 
3 0 50 15 6 4 7 3 
0 7 81 99 5 2 5 9 
2 7 67 32 2 2 5 6 
9 0 66 81 8 6 7 7 
8 1 21 51 1 8 8 1 
0 2 87 64 2 4 3 6 
9 7 46 56 6 6 5 3 
4 8 53 84 2 5 8 0 
6 0 37 68 7 7 0 1 
1 0 15 74 3 9 1 1 
0 9 52 41 0 7 9 2 
3 5 10 36 3 9 8 3 
4 8 89 27 4 5 5 0 
2 7 100 89 9 3 6 6 
3 8 69 24 9 4 9 2 
7 2 96 89 2 8 8 2 
7 2 86 62 4 7 6 3 
6 9 11 28 6 0 8 8 
9 6 14 85 8 0 1 2 
4 9 52 20 2 0 0 8 
9 9 57 83 8 9 1 1 
6 4 28 25 4 3 8 8 
4 8 83 84 1 5 7 7 
7 2 62 61 9 9 6 0 
5 8 62 75 8 3 7 0 
8 5 60 25 9 1 0 1 
8 0 94 34 5 5 5 4 
0 5 20 54 1 0 4 3 
0 9 77 12 0 3 8 8 
2 2 77 97 4 3 1 3 
8 0 29 25 4 0 1 8 
6 4 65 79 9 2 8 1 
3 9 100 68 2 4 0 2 
9 4 14 92 3 1 2 0 
1 6 26 38 0 4 3 5 
1 1 13 14 2 5 7 7 
6 5 97 81 7 4 1 9 
8 7 29 28 3 8 1 6 
7 7 43 62 0 9 7 7 
0 8 55 83 4 4 3 0 
4 8 93 69 3 2 8 2 
2 0 31 52 5 3 5 6 
3 0 41 90 1 5 9 9 
5 6 97 27 2 9 1 6 
7 4 84 33 7 6 8 8 
7 2 20 17 0 1 8 9 
4 3 87 73 2 1 5 3 
1 8 59 20 0 1 2 4 
4 9 17 37 1 9 6 1 
4 9 88 61 9 1 5 1 
3 2 20 95 3 1 2 3 
6 7 55 82 4 0 3 8 
7 3 83 84 8 7 9 4 
4 4 77 67 6 4 3 1 
7 6 72 16 9 2 5 6 
5 5 88 14 8 6 7 2 
1 3 67 87 9 6 1 3 
7 7 74 56 5 4 9 2 
7 6 78 90 9 8 0 0 
5 8 67 31 5 4 5 3 
7 6 56 86 3 4 1 2 
9 7 12 41 0 4 5 1 
3 1 92 90 4 8 7 5 
5 5 96 15 4 5 2 6 
4 8 19 13 0 1 5 5 
6 5 74 22 5 6 4 5 
8 2 49 70 8 6 1 9 
3 6 66 73 1 7 0 2 
5 3 35 58 5 9 5 4 
6 4 21 98 9 8 6 1 
2 7 20 31 5 0 8 1 
5 1 27 11 8 0 3 8 
7 7 20 15 7 7 7 8 
2 3 99 54 1 4 2 9 
5 7 10 32 6 2 8 8 
3 9 49 33 7 9 7 4 
2 4 38 13 3 8 0 4 
8 7 79 90 9 3 2 4 
0 5 29 61 7 2 1 3 
3 4 24 19 2 5 7 2 
7 5 95 42 8 1 9 1 
5 0 53 19 9 2 9 0 
1 7 47 22 5 5 8 1 
8 3 30 48 2 9 0 3 
9 9 70 69 8 4 1 4 
6 6 96 49 5 3 4 0 
5 9 66 91 0 3 8 3 
1 8 18 18 7 7 5 3 
9 1 54 27 8 9 8 5 
8 6 22 33 9 4 1 7 
1 8 92 60 7 2 5 6 
0 4 100 28 0 9 7 3 
1 8 31 57 9 2 8 3 
1 3 39 46 9 9 5 9 
3 9 39 35 4 3 1 1 
0 9 63 23 2 7 8 4 
9 8 86 86 7 6 0 4 
4 0 50 76 3 8 9 5 
6 6 42 11 9 3 9 3 
5 1 43 13 3 6 9 4 
4 1 100 31 8 2 0 2 
7 9 68 78 5 1 7 2 
8 3 95 23 7 8 2 9 
9 7 100 62 7 8 7 4 
5 4 81 13 7 6 2 5 
0 4 25 71 2 9 7 9 
9 1 52 49 4 1 5 3 
6 0 55 48 8 5 9 2 
5 3 62 65 8 6 3 2 
0 5 17 75 4 0 1 1 
6 0 23 65 3 7 6 2 
0 5 20 50 8 7 9 5 
4 2 87 22 1 8 1 5 
2 1 54 32 4 6 8 6 
9 4 93 67 7 8 2 1 
9 0 66 57 6 4 5 0 
6 3 36 45 9 7 6 9 
4 0 13 85 2 7 7 4 
5 4 33 18 2 4 2 4 
4 2 21 73 5 1 0 6 
0 3 74 78 6 3 8 2 
7 9 57 68 0 7 8 8 
5 5 38 58 6 3 5 4 
9 1 81 32 3 5 8 4 
6 4 31 98 8 4 1 0 
0 6 60 58 1 2 3 4 
2 2 82 24 4 0 6 3 
7 7 26 67 2 0 1 0 
2 6 48 86 0 1 4 5 
2 0 65 41 9 8 6 4 
0 3 55 14 6 4 2 8 
7 0 97 30 1 1 3 4 
9 1 52 93 2 2 4 8 
2 0 86 34 3 6 5 2 
3 9 62 34 0 9 2 1 
9 4 38 53 8 9 9 8 
0 6 78 16 8 4 9 8 
6 5 49 95 4 6 2 1 
6 6 79 36 8 7 1 8 
6 8 39 50 5 8 5 7 
5 7 61 34 4 8 7 9 
2 2 100 28 1 6 2 4 
1 5 42 49 4 0 9 4 
5 4 41 77 3 8 4 4 
2 5 85 88 4 7 9 1 
7 7 12 33 2 4 8 8 
5 0 100 53 9 7 5 3 
7 5 23 71 7 0 3 9 
2 9 11 33 9 5 6 0 
3 1 13 35 6 6 0 0 
4 5 38 56 5 4 1 7 
8 0 98 54 9 3 8 6 
8 5 87 74 7 1 5 1 
2 0 17 89 3 3 3 5 
3 1 69 70 3 9 1 8 
5 1 38 73 1 2 1 5 
8 8 63 97 8 9 1 3 
4 9 48 94 3 9 3 9 
8 1 10 14 4 3 2 5 
6 8 83 55 4 6 4 8 
4 9 14 28 0 7 8 5 
4 1 22 59 1 8 3 8 
2 2 47 28 7 3 8 7 
7 3 86 92 8 4 7 2 
8 8 62 75 2 6 6 6 
2 2 33 55 9 5 4 7 
5 9 28 38 7 0 0 0 
6 1 47 21 8 4 1 0 
4 7 62 19 6 6 4 1 
7 0 99 46 6 8 7 7 
5 2 15 29 6 0 7 1 
8 5 37 41 4 9 9 7 
0 3 99 80 0 0 8 0 
1 4 59 82 9 1 4 2 
8 9 42 63 0 0 6 1 
5 5 88 89 7 4 6 6 
0 1 97 72 6 0 7 0 
1 1 78 17 9 1 7 1 
1 8 41 45 7 3 2 0 
5 7 34 28 0 5 2 5 
6 8 56 61 5 9 6 5 
4 7 93 47 2 4 6 8 
7 0 91 34 6 3 7 4 
4 3 29 78 3 8 5 5 
9 8 16 24 0 5 4 2 
0 4 46 45 9 0 8 7 
0 3 23 19 6 4 5 2 
9 4 80 28 2 1 8 0 
3 3 16 28 8 2 0 8 
0 2 46 57 3 6 0 7 
4 2 45 36 1 3 3 2 
1 8 50 17 3 4 6 6 
1 0 21 68 2 2 9 5 
9 4 15 96 8 5 1 8 
5 1 62 99 8 3 5 0 
8 5 39 19 7 3 8 1 
1 3 91 91 4 7 5 6 
4 7 45 24 3 4 6 9 
9 5 40 12 2 8 0 2 
3 5 22 62 4 0 2 6 
7 4 48 21 4 0 0 8 
5 9 75 57 7 3 5 1 
0 6 80 52 3 1 1 6 
6 5 52 58 3 8 0 9 
7 8 51 48 7 1 9 8 
7 1 32 81 6 0 2 9 
6 6 35 94 0 3 3 4 
5 5 87 37 9 9 7 9 
3 6 34 31 1 3 8 8 
1 3 94 50 3 3 8 4 
8 0 54 26 8 5 6 5 
6 5 24 44 3 4 4 2 
3 7 43 94 0 8 6 9 
9 0 31 70 9 2 2 5 
5 8 45 98 0 7 4 8 
2 4 49 68 3 2 9 4 
2 1 46 32 8 7 1 2 
6 0 53 66 2 5 9 3 
4 7 90 67 7 3 8 3 
6 2 83 58 9 0 7 6 
2 6 74 24 3 3 5 2 
4 3 22 50 1 0 9 6 
7 3 80 91 0 9 8 5 
9 9 86 40 5 9 5 7 
5 9 19 50 2 0 0 6 
2 8 79 95 0 0 5 1 
9 4 99 53 0 8 7 5 
5 6 58 29 9 8 0 6 
8 5 68 17 0 4 7 5 
3 9 12 49 6 9 6 2 
8 8 77 49 8 8 3 5 
4 0 48 79 0 9 5 9 
0 9 59 57 0 0 0 4 
1 6 12 13 3 3 8 4 
0 0 56 78 5 1 4 1 
8 6 99 72 5 8 7 2 
3 0 59 28 5 8 7 5 
3 3 91 60 6 9 9 8 
9 2 30 58 3 5 4 4 
7 9 44 40 8 7 7 2 
3 1 26 32 5 7 8 7 
6 9 91 53 6 1 6 9 
3 5 83 11 1 3 6 0 
0 7 52 53 9 0 6 0 
3 9 33 86 7 3 6 9 
5 5 44 54 9 3 6 5 
4 8 11 93 9 1 2 4 
0 4 42 31 5 1 1 6 
4 1 73 12 1 8 8 4 
4 6 18 47 4 4 4 4 
4 9 65 34 3 9 4 2 
4 8 97 83 6 3 0 9 
5 7 32 42 7 7 0 4 
8 1 19 79 6 5 5 1 
1 1 27 26 3 3 1 2 
6 9 33 84 6 6 5 3 
3 0 44 71 3 5 6 0 
8 0 93 59 8 5 6 2 
1 4 29 63 6 5 3 7 
4 1 61 51 9 7 8 1 
8 0 14 37 9 5 1 2 
2 3 64 10 7 5 6 8 
1 4 11 72 9 1 8 6 
2 2 22 52 7 2 3 0 
8 1 97 79 7 6 0 0 
1 4 86 73 7 8 5 4 
1 1 12 58 0 5 6 5 
6 0 54 58 2 1 5 6 
4 3 97 45 0 7 7 9 
5 0 46 90 0 8 9 2 
0 4 60 70 7 2 7 3 
2 4 41 79 0 6 3 0 
7 3 99 78 8 0 4 9 
2 1 82 80 3 5 8 3 
0 1 55 79 6 0 4 3 
3 7 49 74 3 0 8 3 
8 9 68 86 6 5 9 2 
0 7 90 35 1 0 3 8 
9 1 40 13 2 0 7 7 
5 5 95 50 6 0 4 6 
9 6 68 30 8 0 2 6 
7 3 94 70 2 1 9 0 
1 7 36 41 0 2 5 8 
7 4 20 75 2 7 7 2 
0 6 21 60 9 6 3 9 
0 0 100 54 2 9 6 5 
5 6 75 53 0 8 2 6 
1 9 84 27 9 1 9 5 
1 3 86 27 3 8 3 8 
9 6 65 12 4 5 9 5 
8 0 14 55 2 7 1 1 
6 2 17 74 6 2 1 8 
3 3 43 11 1 1 1 3 
8 7 50 33 4 8 2 7 
8 5 31 88 5 5 3 7 
6 3 40 58 3 5 5 1 
0 6 73 69 8 8 0 4 
0 9 25 42 5 4 6 2 
6 5 32 55 2 3 6 8 
0 9 100 81 0 8 6 8 
1 0 89 45 5 6 1 6 
5 8 30 70 1 3 3 9 
8 9 22 39 2 6 5 1 
4 0 51 98 2 8 7 9 
3 9 40 89 3 9 6 0 
3 4 88 77 9 8 4 9 
2 2 52 19 0 8 4 6 
2 6 35 90 2 9 1 8 
4 0 44 84 6 1 5 4 
4 8 49 37 1 7 2 1 
7 2 95 21 1 1 3 5 
0 0 24 27 0 1 1 6 
7 6 17 85 9 7 4 0 
4 8 24 36 3 8 9 5 
4 1 19 97 7 4 8 1 
9 6 10 46 3 0 6 7 
3 7 86 71 2 9 6 3 
0 6 69 70 8 0 1 2 
8 9 13 70 2 0 7 4 
6 8 38 54 9 3 5 6 
2 3 46 41 3 7 9 2 
5 9 73 35 2 0 2 3 
1 2 66 14 8 7 0 9 
3 8 57 83 3 4 5 2 
4 7 14 11 7 5 3 4 
0 6 90 75 5 7 7 6 
1 7 10 65 9 2 2 0 
1 4 20 82 8 1 8 6 
5 1 17 72 3 8 2 8 
8 6 80 89 0 4 4 8 
7 3 29 18 5 6 0 8 
4 9 96 99 1 8 7 4 
9 6 46 17 3 6 5 1 
5 6 79 83 3 2 4 6 
7 0 73 45 9 6 7 8 
8 6 85 75 8 2 6 2 
3 6 56 48 2 8 1 0 
0 4 21 28 9 4 9 6 
1 9 11 21 7 8 9 0 
2 1 31 75 9 5 2 7 
0 7 74 52 1 3 1 6 
2 0 87 14 1 4 0 9 
7 9 59 68 6 5 6 9 
7 5 20 13 6 2 5 2 
5 8 16 77 0 5 4 3 
1 0 84 49 5 1 0 9 
3 6 50 31 3 8 1 4 
2 9 89 11 4 9 8 5 
0 3 17 35 7 3 1 8 
2 3 63 54 8 2 9 2 
0 2 65 31 6 1 0 2 
2 7 69 40 9 1 6 4 
1 3 85 80 1 2 6 6 
3 7 14 44 5 0 7 7 
8 4 59 49 9 8 4 1 
9 3 85 39 3 2 3 7 
9 0 29 87 2 8 4 2 
8 4 68 41 1 7 8 6 
1 2 24 75 6 8 8 4 
7 2 33 76 9 5 3 7 
6 7 69 29 0 7 2 3 
0 4 22 52 5 1 0 0 
9 8 49 10 6 4 2 3 
2 9 25 50 4 0 4 6 
2 2 41 72 4 1 3 4 
6 8 23 83 2 3 7 5 
0 0 98 28 4 9 1 0 
4 3 28 84 6 0 4 9 
8 0 98 46 7 5 5 9 
3 6 90 95 0 1 1 3 
9 8 90 86 2 9 0 8 
5 3 39 63 6 5 2 0 
2 8 21 61 8 7 3 0 
6 1 63 39 8 6 5 0 
0 4 55 24 8 0 0 4 
6 9 22 31 2 1 1 0 
8 6 71 24 1 9 5 6 
6 2 51 53 5 0 7 2 
7 7 43 65 7 6 6 5 
9 4 34 69 0 3 9 4 
0 2 53 93 8 8 1 0 
2 9 58 17 2 0 8 1 
3 5 60 23 9 1 6 3 
5 0 50 96 5 0 3 7 
2 6 13 17 0 5 9 2 
9 0 88 26 5 0 2 2 
1 9 84 37 3 2 0 5 
5 8 75 90 1 2 2 8 
9 2 54 73 9 1 6 9 
7 6 70 90 9 3 7 2 
8 3 14 23 8 8 8 0 
7 5 35 42 0 8 8 7 
5 9 65 73 2 3 2 5 
6 3 24 21 7 4 7 5 
6 9 84 60 8 5 1 7 
0 3 93 90 0 1 5 2 
5 2 84 90 3 2 3 6 
0 2 13 11 0 7 1 1 
3 3 29 29 3 4 3 3 
0 7 65 14 2 4 8 4 
2 4 23 52 1 8 4 1 
0 4 16 48 3 7 5 3 
8 5 62 75 1 9 6 8 
6 0 42 50 0 0 0 5 
4 3 10 81 2 0 8 5 
2 3 33 17 7 8 3 7 
6 5 47 86 7 3 4 0 
9 1 72 22 1 6 8 7 
8 9 99 49 0 9 2 6 
2 2 68 100 3 5 7 1 
5 8 61 33 4 0 3 9 
0 9 79 65 9 3 5 3 
2 6 23 15 2 7 4 8 
4 7 68 83 8 3 8 5 
7 2 45 94 2 0 2 6 
2 7 51 19 4 9 2 6 
0 4 12 80 6 5 3 2 
6 4 22 64 5 1 6 1 
8 5 21 52 8 8 8 3 
8 1 21 89 0 4 5 2 
8 5 33 85 2 9 9 8 
5 6 72 46 0 1 9 0 
5 3 87 57 1 2 5 9 
0 5 93 32 2 0 8 5 
5 2 42 25 3 4 3 0 
6 0 79 42 2 1 0 8 
5 5 91 73 4 3 3 9 
6 8 22 29 8 7 9 8 
4 0 15 96 2 3 6 6 
6 6 79 70 9 9 3 7 
0 3 81 31 8 4 4 6 
1 3 61 72 7 1 7 5 
8 0 31 42 0 4 5 9 
3 8 99 31 8 8 5 3 
1 2 61 18 4 5 8 0 
9 3 100 90 2 8 6 1 
4 2 20 97 1 0 1 9 
2 8 75 55 9 6 4 7 
1 5 98 15 6 9 7 5 
9 1 93 60 8 2 3 0 
1 5 12 56 3 6 2 4 
6 3 19 60 0 1 8 1 
1 5 30 43 7 1 3 7 
2 5 100 86 1 7 6 6 
3 8 39 23 5 9 2 2 
6 7 86 69 6 6 5 0 
1 7 30 82 0 7 2 9 
0 8 83 12 7 8 3 2 
3 0 62 21 0 9 0 3 
2 2 44 55 9 3 1 0 
8 3 16 49 9 1 8 0 
9 5 81 23 5 1 3 9 
8 0 32 74 7 4 0 4 
4 7 26 88 6 3 3 0 
6 7 26 50 9 5 5 5 
1 9 37 26 9 9 7 2 
6 6 82 15 8 9 7 7 
3 2 50 34 6 3 3 1 
2 0 74 73 9 0 4 4 
1 7 61 37 8 6 4 6 
2 3 57 95 5 5 6 4 
9 6 13 33 9 2 8 2 
2 6 61 63 3 0 3 6 
6 8 35 95 8 7 3 6 
5 2 87 22 3 6 6 1 
2 2 56 95 3 8 3 3 
7 7 61 70 4 2 8 4 
3 6 62 49 7 1 6 7 
4 5 22 27 6 2 6 8 
9 5 57 76 4 2 4 9 
0 4 60 97 0 3 3 9 
2 1 89 75 8 0 9 6 
6 7 73 47 2 4 4 8 
2 3 37 25 7 7 7 8 
0 5 61 22 5 1 5 8 
0 0 19 34 8 1 4 0 
1 6 96 20 6 6 8 6 
8 0 83 92 6 6 2 5 
8 2 44 51 7 8 1 7 
2 4 74 56 0 5 3 6 
6 3 26 13 6 5 9 5 
3 7 70 58 9 1 6 1 
7 1 43 20 6 7 5 2 
1 3 85 61 8 6 8 3 
3 8 35 53 2 8 3 1 
3 5 55 21 8 9 7 5 
7 0 76 65 1 6 2 2 
3 0 84 23 2 8 1 6 
7 1 72 34 8 7 8 2 
0 7 64 53 5 6 3 1 
2 7 28 10 7 0 2 8 
2 0 80 69 6 2 9 5 
5 8 63 64 6 9 9 1 
0 9 81 62 1 0 1 5 
1 1 85 84 8 7 8 9 
6 1 48 26 8 9 9 6 
4 8 79 33 3 4 3 2 
9 0 23 15 1 8 4 7 
6 6 12 73 2 5 7 9 
2 1 78 28 6 6 0 8 
4 9 48 61 5 8 9 8 
3 8 92 15 4 0 9 5 
4 1 13 48 9 8 3 6 
6 0 53 56 6 8 7 3 
3 2 29 42 1 2 4 9 
0 6 31 30 3 1 1 8 
7 4 72 50 1 8 8 1 
9 0 87 31 2 0 5 0 
7 9 65 71 9 3 7 6 
5 3 58 28 1 7 1 2 
1 9 86 52 5 1 6 4 
6 4 74 30 6 8 5 2 
4 5 27 27 1 6 6 5 
8 2 97 44 2 1 5 3 
6 6 20 95 8 6 0 7 
3 6 88 80 7 4 4 4 
9 6 48 67 4 7 7 3 
5 6 39 70 1 4 8 8 
1 4 46 69 6 4 6 0 
2 4 10 72 7 9 2 1 
2 6 89 80 5 7 3 8 
1 8 39 56 1 6 0 1 
7 2 70 96 8 8 4 9 
4 5 74 96 1 5 7 6 
0 0 65 25 4 1 9 4 
0 3 90 52 9 7 4 8 
3 3 78 38 0 6 5 7 
7 9 100 34 1 1 0 7 
1 2 100 52 9 2 8 3 
0 8 25 32 4 3 4 2 
2 6 23 27 3 2 1 1 
4 9 57 13 7 7 5 6 
6 3 61 63 0 6 0 9 
3 4 29 97 2 7 3 4 
5 9 81 80 9 3 0 1 
8 3 57 22 6 4 6 2 
3 0 57 72 7 3 4 5 
6 2 32 90 8 4 5 1 
6 6 97 49 2 8 6 7 
1 2 99 74 2 0 5 2 
3 7 34 96 5 9 6 8 
4 8 28 55 2 4 6 4 
8 3 39 83 3 5 4 4 
0 6 44 10 1 3 2 2 
9 8 48 71 1 5 2 4 
3 6 80 88 1 9 2 6 
2 9 48 67 6 0 2 0 
6 8 35 95 2 5 8 8 
7 5 69 39 1 3 1 5 
7 8 13 24 7 7 1 3 
5 5 100 27 4 1 9 5 
1 7 30 97 8 9 3 1 
6 2 48 29 0 0 0 9 
0 6 20 38 1 1 6 5 
9 7 25 92 1 6 9 1 
2 7 99 67 9 9 3 6 
2 8 74 42 8 7 5 6 
8 8 72 22 3 1 4 2 
4 2 31 78 7 4 0 1 
1 6 74 15 6 1 2 4 
4 5 89 48 3 5 5 6 
4 8 52 51 8 8 4 4 
6 4 78 50 7 0 6 1 
7 1 39 54 7 2 3 8 
2 5 31 18 1 8 9 0 
9 9 43 61 8 4 9 0 
4 0 90 68 4 8 1 2 
8 5 76 11 9 1 1 7 
3 0 95 36 4 3 3 6 
2 3 55 18 0 7 0 2 
9 2 28 89 3 9 8 9 
2 1 30 72 5 0 4 5 
9 3 46 36 8 3 6 3 
3 9 68 31 0 6 3 4 
9 2 54 89 7 0 7 4 
2 8 76 51 0 0 6 9 
3 7 99 99 2 7 8 1 
4 5 75 47 9 8 7 4 
7 0 77 46 5 2 9 1 
4 5 22 83 4 7 7 9 
2 3 50 92 2 9 3 6 
1 4 78 87 3 1 4 2 
5 3 55 10 0 7 3 1 
7 8 20 12 2 2 6 5 
8 5 79 30 9 8 5 1 
7 7 93 17 7 3 6 2 
0 0 84 19 0 4 7 2 
4 5 58 67 9 7 9 3 
7 2 43 72 0 6 9 2 
1 1 23 37 1 9 7 0 
6 9 31 43 8 6 5 0 
0 5 59 26 0 8 3 5 
0 5 24 51 1 8 4 3 
8 1 42 18 0 6 6 9 
2 8 62 66 4 9 2 0 
7 5 57 21 7 2 1 9 
4 0 44 64 4 0 4 9 
7 0 99 17 8 1 8 2 
5 9 93 85 2 8 8 9 
5 6 38 64 6 4 0 7 
6 1 42 46 0 8 2 5 
2 3 81 19 9 5 3 9 
5 6 14 62 0 3 5 9 
4 2 75 79 5 0 2 7 
1 4 21 81 6 7 0 8 
0 7 20 87 7 2 8 1 
8 1 50 71 8 3 6 3 
8 3 13 53 7 6 3 6 
5 2 39 29 5 6 9 8 
5 3 48 80 8 4 5 0 
4 0 16 40 6 4 7 2 
5 8 21 35 5 2 2 8 
7 9 28 30 3 9 7 7 
1 4 49 49 9 3 5 2 
0 3 76 97 9 0 0 1 
5 1 40 53 0 6 7 1 
9 9 97 47 6 2 3 5 
7 1 78 88 8 5 1 9 
0 9 86 55 4 7 6 0 
0 4 63 24 4 1 3 4 
8 4 26 79 2 0 7 4 
6 7 18 20 9 9 7 4 
5 2 35 92 0 0 2 2 
6 5 54 14 1 5 1 2 
1 5 15 25 8 2 3 7 
8 4 73 85 8 9 6 9 
5 2 42 19 7 1 4 2 
3 3 68 45 8 9 6 2 
0 3 26 60 2 7 3 4 
1 6 79 97 8 4 0 5 
7 9 22 83 4 3 6 9 
5 7 15 22 4 4 0 5 
5 6 46 30 1 1 6 6 
3 6 50 17 8 3 2 3 
4 5 89 86 2 7 1 1 
2 9 29 93 0 1 9 0 
8 4 27 99 4 7 5 6 
7 8 99 83 2 2 8 5 
1 2 50 71 2 6 4 0 
9 6 16 46 7 7 5 1 
5 3 60 53 8 4 8 1 
1 4 32 88 5 5 1 0 
2 4 64 32 8 2 9 9 
1 2 67 60 9 4 1 9 
8 3 99 76 4 7 8 0 
3 8 61 51 9 3 7 1 
3 5 59 43 2 1 8 0 
4 2 17 100 5 1 7 1 
4 1 68 83 0 1 3 5 
2 5 26 27 1 7 9 7 
6 5 68 42 0 2 9 1 
6 4 24 57 4 3 5 5 
5 7 95 11 8 3 6 2 
7 0 35 84 6 5 2 5 
1 8 59 49 5 0 9 5 
0 5 83 61 7 4 4 4 
5 3 39 49 0 7 3 9 
5 3 66 88 6 0 0 8 
1 8 14 42 2 1 8 2 
1 1 75 92 2 6 7 4 
6 5 13 63 3 0 0 3 
6 1 89 28 0 6 6 3 
9 7 97 40 4 9 9 8 
4 9 14 99 9 9 3 1 
2 0 76 77 2 9 4 2 
8 8 99 97 3 2 5 3 
4 5 36 14 7 6 4 2 
2 0 78 95 8 2 6 9 
7 3 19 53 3 4 4 6 
0 6 45 37 5 9 6 7 
5 7 57 63 7 4 7 5 
9 6 86 33 2 9 8 7 
1 3 63 46 6 2 8 0 
6 5 10 61 9 8 6 0 
9 7 39 35 2 4 0 8 
1 3 37 75 7 4 6 4 
4 1 83 43 4 9 2 8 
3 9 67 88 2 2 6 2 
2 9 18 12 3 7 5 7 
2 2 44 11 4 8 0 5 
8 5 18 74 3 8 7 0 
4 9 19 51 3 3 7 5 
5 3 35 94 3 2 3 0 
3 6 10 67 7 5 9 4 
2 7 14 12 7 4 1 2 
1 1 24 76 5 3 3 1 
0 1 21 88 1 2 1 5 
2 2 71 29 5 8 7 0 
5 5 40 24 3 1 6 2 
5 2 26 15 5 8 6 6 
5 6 14 77 2 1 6 3 
3 9 31 97 5 6 9 7 
4 3 70 90 7 8 7 8 
7 6 10 75 9 1 4 5 
9 5 70 18 4 0 9 6 
1 4 99 58 7 6 5 4 
6 3 84 40 2 0 4 9 
7 4 13 92 3 2 5 3 
5 9 78 67 8 6 1 1 
4 4 85 57 8 6 8 3 
5 3 88 80 2 8 3 5 
2 2 81 27 6 0 3 7 
7 7 10 89 3 9 7 0 
6 8 71 84 7 3 1 6 
9 1 27 84 7 2 9 7 
3 6 68 91 4 0 8 6 
7 1 10 61 2 5 3 3 
1 4 78 44 0 8 7 1 
2 9 13 98 6 1 7 2 
5 8 61 51 6 8 4 8 
2 0 32 40 1 3 1 9 
2 8 19 20 4 3 6 8 
4 1 28 43 4 2 3 6 
3 9 81 61 6 2 9 7 
1 9 89 91 8 4 1 4 
3 3 73 73 1 7 3 2 
4 4 10 50 8 3 4 4 
6 8 100 41 6 9 6 9 
4 8 39 34 2 5 7 2 
5 1 100 88 9 4 0 2 
7 8 30 61 9 3 1 7 
1 2 55 60 2 3 3 8 
1 8 91 18 3 1 7 5 
8 0 68 54 7 9 5 5 
7 0 65 27 5 0 6 3 
9 8 23 96 7 3 4 5 
3 9 99 72 8 9 1 7 
3 2 74 10 4 9 5 5 
7 9 63 81 5 7 7 4 
2 4 34 87 9 8 9 0 
3 0 26 64 9 0 9 4 
0 8 77 82 5 2 3 2 
5 6 41 74 9 4 3 8 
5 4 68 79 8 0 5 0 
5 5 17 51 4 3 4 4 
2 2 81 64 6 8 3 7 
0 4 76 42 2 1 4 3 
6 8 99 86 0 0 3 8 
3 0 20 30 4 9 6 8 
4 1 89 79 0 6 4 4 
3 6 70 98 1 4 9 2 
7 0 81 79 6 6 6 9 
3 5 54 52 6 7 4 5 
4 6 13 49 6 7 8 6 
9 7 95 60 3 6 6 9 
4 2 59 95 7 0 9 0 
2 5 57 37 8 0 4 3 
3 0 56 10 6 8 5 2 
1 0 59 13 7 9 0 6 
2 8 89 19 1 2 8 5 
0 6 94 58 6 7 9 5 
7 9 82 83 6 4 4 9 
4 2 38 53 7 6 3 9 
6 2 28 96 8 3 4 7 
8 1 78 87 1 5 5 7 
1 2 64 73 8 6 8 9 
0 0 43 93 8 8 6 1 
0 0 55 88 8 6 0 1 
1 5 52 44 2 4 5 3 
2 7 91 24 7 1 7 5 
1 5 10 91 9 7 8 3 
8 3 74 74 9 6 4 9 
9 1 24 56 3 8 7 9 
8 8 47 45 2 1 0 4 
8 9 85 56 3 6 1 8 
8 1 34 87 7 5 9 6 
7 7 79 75 4 4 2 4 
6 0 15 20 2 7 4 7 
1 6 59 90 0 1 9 9 
3 6 27 84 4 4 5 1 
0 4 43 65 8 2 3 2 
8 9 21 17 8 8 2 5 
9 0 42 79 8 1 3 8 
0 4 30 95 0 1 7 0 
7 5 62 92 5 1 3 1 
1 8 52 32 6 5 0 3 
7 6 78 37 8 3 1 6 
5 0 46 70 2 7 0 2 
3 8 96 46 3 4 6 2 
6 2 81 86 1 3 5 8 
6 7 46 32 9 1 5 6 
7 6 65 85 9 4 8 0 
0 9 65 66 4 3 6 7 
0 2 41 34 3 0 4 5 
3 8 31 88 4 8 4 8 
8 7 42 16 9 1 5 7 
2 2 97 10 7 9 6 9 
9 0 35 62 5 0 9 4 
1 6 26 84 3 7 8 5 
4 4 49 80 5 2 1 8 
9 4 49 11 7 0 6 4 
0 9 64 69 2 5 3 7 
3 3 46 65 1 4 1 0 
2 7 98 52 3 1 5 9 
8 0 52 33 0 6 0 6 
3 0 40 91 0 4 1 7 
1 7 33 10 0 4 5 7 
7 9 84 55 0 2 8 6 
1 8 46 34 6 9 0 1 
8 4 100 26 1 2 4 8 
3 2 76 58 3 1 7 3 
6 3 85 22 6 3 8 2 
0 3 24 100 7 3 2 7 
1 4 38 10 0 1 4 8 
4 1 97 99 3 2 9 9 
5 5 64 45 4 5 5 6 
3 2 30 93 3 7 7 3 
8 9 88 22 2 6 1 6 
5 5 95 29 5 1 6 9 
5 3 75 53 5 0 3 9 
8 9 38 21 4 4 5 5 
4 8 33 45 3 6 5 9 
1 1 29 38 9 7 2 8 
9 8 10 80 4 5 5 3 
0 9 86 40 3 3 2 8 
1 8 13 22 8 6 3 4 
3 6 48 37 2 8 7 1 
5 8 65 65 9 0 2 0 
7 6 23 46 9 8 6 3 
7 5 82 14 9 9 5 8 
0 9 82 80 2 7 3 7 
8 4 40 23 7 9 4 4 
0 9 60 50 4 2 1 3 
7 9 14 76 9 2 0 0 
5 9 21 31 8 8 5 6 
1 1 30 67 2 1 1 5 
4 0 93 65 6 4 0 1 
3 5 52 16 8 4 0 8 
8 8 17 100 7 9 9 1 
6 7 76 29 7 8 6 1 
7 7 76 99 3 4 4 6 
1 0 58 32 6 7 1 2 
0 7 10 31 9 1 2 7 
8 3 28 36 5 1 8 9 
4 1 18 18 2 6 0 8 
2 6 44 53 2 1 2 3 
4 8 69 93 5 9 9 2 
8 8 92 61 4 2 3 3 
0 0 93 91 1 5 5 2 
1 4 87 56 7 3 5 7 
2 0 85 30 4 9 1 5 
6 4 91 66 3 4 5 1 
9 6 97 28 8 0 9 0 
7 8 88 17 4 2 3 4 
9 5 79 38 0 5 3 6 
1 8 29 78 0 7 1 7 
7 0 56 60 6 7 4 2 
3 8 40 11 1 4 3 3 
9 8 65 60 2 3 3 6 
4 4 99 17 4 1 3 5 
0 7 58 80 5 7 7 5 
5 0 12 68 8 4 6 3 
0 3 97 74 6 1 6 5 
3 3 65 25 2 0 3 1 
6 6 27 73 8 8 0 7 
7 5 68 11 3 8 0 3 
1 2 48 41 7 7 4 7 
5 9 89 97 9 0 8 8 
1 0 78 67 2 3 9 7 
0 7 66 89 6 7 4 6 
3 3 71 56 0 4 6 7 
5 0 11 35 5 6 8 3 
9 7 40 93 4 0 5 2 
9 5 87 63 7 6 0 9 
7 7 93 85 5 2 1 3 
2 0 36 86 9 3 1 9 
7 1 97 13 5 9 2 3 
8 9 34 84 4 7 8 5 
6 6 44 93 9 4 1 8 
4 4 34 23 7 9 5 5 
2 9 76 14 3 2 3 3 
9 1 67 92 4 5 9 4 
1 0 11 63 1 5 3 8 
1 7 71 28 5 5 4 7 
6 8 31 44 5 6 2 9 
4 5 71 13 4 3 9 8 
0 3 100 68 0 1 6 9 
2 4 67 97 2 9 9 0 
8 3 59 11 0 1 0 5 
9 4 60 69 5 8 3 2 
4 9 93 28 7 2 0 9 
0 9 44 51 1 8 4 2 
1 2 32 48 1 4 1 3 
3 8 92 59 0 4 4 7 
6 0 78 53 3 4 4 5 
6 7 12 28 0 8 3 9 
8 5 64 14 0 2 5 5 
6 1 97 74 7 5 7 5 
5 5 79 44 3 2 9 9 
0 0 98 58 5 2 9 2 
9 9 11 30 6 7 7 6 
1 7 68 13 3 9 1 8 
6 4 94 28 4 6 8 9 
2 9 23 33 0 1 4 6 
2 1 67 29 0 7 8 9 
5 5 50 24 0 4 4 5 
9 2 31 87 0 0 7 2 
1 8 81 91 1 7 7 9 
5 1 76 48 7 3 6 5 
2 3 26 63 3 1 2 6 
4 7 26 98 3 9 2 9 
2 7 64 53 4 1 2 7 
9 4 31 66 8 1 0 9 
1 3 13 92 9 7 4 0 
2 2 81 94 0 5 3 1 
5 3 86 17 1 9 2 0 
9 8 30 21 9 4 7 8 
2 2 68 14 6 3 5 2 
6 2 14 41 6 7 0 3 
1 3 23 38 7 7 5 4 
0 2 50 64 5 1 0 0 
8 3 27 61 9 8 2 5 
4 7 16 34 0 7 2 7 
1 2 64 49 4 6 6 6 
0 3 64 52 8 3 9 0 
4 1 94 53 3 7 3 9 
3 1 26 89 4 6 6 8 
0 0 14 58 1 4 8 8 
0 2 66 20 5 0 4 6 
1 9 53 45 1 2 8 5 
9 8 10 10 6 2 3 7 
8 5 31 58 9 5 2 3 
4 2 48 92 3 4 5 6 
6 4 10 75 3 0 5 3 
3 3 74 82 7 3 1 0 
4 5 38 23 0 1 3 1 
1 7 42 80 7 6 3 8 
9 3 25 79 1 2 0 1 
3 3 72 26 4 9 6 7 
6 3 28 34 8 2 6 8 
9 8 52 90 7 7 1 7 
3 2 48 82 1 1 7 4 
1 5 97 80 2 4 0 1 
8 2 10 45 3 4 6 2 
1 3 82 84 3 0 7 4 
7 7 94 12 0 2 8 9 
3 6 98 93 8 4 7 9 
0 2 47 62 0 1 3 4 
0 5 31 90 6 7 0 5 
3 7 92 66 8 7 0 4 
2 2 54 73 2 3 8 0 
4 3 49 90 4 2 6 5 
6 9 55 68 3 4 6 2 
4 9 97 78 6 8 3 7 
3 5 55 10 7 7 2 4 
7 8 93 54 2 6 6 7 
2 6 49 17 0 4 3 3 
8 4 59 73 8 4 8 3 
1 1 84 55 4 7 4 2 
6 7 17 13 8 4 7 8 
8 6 38 37 0 7 8 2 
5 0 68 66 1 0 4 9 
5 2 61 43 4 2 1 4 
0 1 71 89 7 7 0 9 
2 6 57 60 8 8 5 6 
2 3 10 48 3 1 6 6 
7 9 62 91 2 4 6 4 
4 5 11 84 1 7 0 2 
0 3 34 20 5 2 2 5 
3 9 15 47 7 5 9 4 
3 6 42 98 9 5 0 7 
1 4 43 13 5 7 4 0 
1 7 28 26 9 4 3 9 
3 8 46 15 2 1 8 1 
8 6 59 15 8 8 4 9 
0 7 13 58 5 7 9 6 
5 5 49 38 3 1 8 8 
4 1 95 66 1 6 3 3 
5 7 59 16 7 5 2 7 
4 0 92 25 3 9 8 5 
2 6 47 90 1 5 9 8 
9 3 67 12 8 3 3 2 
3 3 80 67 9 0 3 0 
4 6 19 69 7 7 8 7 
1 1 78 66 4 0 7 3 
1 0 64 13 6 4 9 7 
3 6 75 87 0 0 0 4 
8 6 81 94 3 9 5 6 
2 1 69 97 8 0 2 3 
5 4 77 84 6 0 0 4 
0 4 41 46 2 7 5 6 
5 0 45 65 2 5 9 3 
8 5 16 31 6 4 0 2 
6 0 29 81 2 6 8 1 
3 7 74 37 3 4 9 1 
5 6 62 35 8 3 3 8 
8 0 85 10 0 1 9 6 
5 6 83 100 7 9 1 5 
5 5 41 76 4 2 1 0 
2 3 58 65 0 3 3 9 
2 4 83 80 6 8 2 8 
8 3 89 69 5 8 6 8 
3 2 17 77 3 2 6 6 
6 0 62 96 4 7 1 3 
2 6 39 27 6 6 5 3 
3 7 87 41 1 2 3 6 
2 9 85 99 7 9 2 1 
8 3 54 15 9 6 1 7 
9 0 38 13 4 4 4 2 
7 6 85 47 4 2 7 1 
6 8 83 35 6 7 4 4 
6 6 99 47 0 9 4 6 
6 5 23 59 1 7 3 4 
5 8 12 92 4 7 0 6 
1 4 62 63 9 8 0 0 
2 5 49 22 5 5 5 1 
9 5 91 69 3 3 9 5 
3 7 78 16 2 3 1 8 
1 8 55 20 1 8 8 4 
4 4 33 82 8 8 2 7 
2 1 87 97 5 0 8 1 
9 4 34 25 1 6 5 4 
6 6 24 90 7 0 5 3 
0 4 52 26 3 1 1 5 
7 9 10 53 2 1 9 4 
7 0 83 91 1 5 2 6 
5 0 89 30 5 5 5 6 
9 8 39 66 7 9 8 1 
7 4 48 46 9 6 2 2 
0 6 48 45 2 5 8 2 
5 5 65 81 5 8 8 7 
4 5 11 88 9 0 6 8 
9 5 64 60 8 0 7 1 
2 5 58 30 4 6 1 1 
7 0 81 32 0 8 6 0 
1 5 95 90 6 6 0 2 
5 6 60 58 3 7 0 9 
6 2 53 11 2 4 4 3 
2 9 66 39 4 8 9 7 
0 4 23 79 9 5 4 6 
3 5 10 81 5 9 8 4 
4 3 57 34 8 5 3 3 
0 4 96 90 4 8 9 3 
2 8 46 35 1 5 7 9 
4 8 73 22 1 7 1 0 
9 3 52 24 6 7 5 0 
