51

#order counts 
16
122
40
10
64
15
64
83
18
8
56
15
40
180
180
378
30
80
32
730
188
20
417
40
5
8
52
30
22
20
54
20
26
20
14
30
15
438
313
391
45
339
20
63
36
6
738
277
5
120
3

#ressources
1
2
1
2
2
3
1
2
3
1
4
1
1
2
4
13
1
1
1
5
3
2
14
1
2
2
2
2
1
1
4
1
1
1
2
1
3
3
4
3
4
3
1
1
1
1
8
2
1
3
3

#process times
2.53 1.76
1.23 0.88
1.18 2.1
1.02 0.75
0.96 1.55
0.9 1.3
0.82 1.18
1.04 1.71
0.9 1.2
1.68 1.33
1.14 0.92
0.88 1.57
0.85 0.74
0.98 1.27
1.49 0.65
1.24 1
1.19 1.06
1.08 1.99
0.7 1.43
0.68 1.64
1.7 0.86
1.07 1.02
1.02 1.31
1.77 0.82
1.25 1.7
1.5 0.86
1.54 0.67
0.7 1.46
1.01 1.85
1.96 0.97
0.96 1.56
0.96 1.35
1.04 1.9
2 1.3
0.9 1.68
1.22 1.2
1.5 0.98
0.84 0.85
1 1.41
1.25 1.06
0.98 1.27
1.51 0.8
1.27 1.18
1.32 0.76
1.76 0.9
1.85 1.02
0.94 0.66
1.35 1.06
2.18 1.48
0.88 0.96
0 0
