47

#order counts 
16
40
12
383
70
56
40
219
2
256
559
31
96
68
237
10
128
72
20
10
64
124
652
497
60
146
20
251
664
28
10
63
50
104
78
120
15
60
92
33
353
8
64
105
869
40
1

#ressources
1
1
1
13
1
4
1
3
1
3
4
1
2
2
2
1
2
1
3
2
1
4
8
4
1
4
1
3
5
3
1
2
1
2
2
2
2
4
2
3
2
1
1
2
14
1
1

#process times
2.07 1.3
1.41 1.06
1.48 2.4
1.27 1
0.96 1.55
0.96 1.36
1.08 1.44
0.84 1.51
0.88 1.18
1.15 0.8
0.87 0.65
1.01 1.7
1.73 1.62
1.04 1.33
1.72 0.88
2 1.76
0.83 0.7
0.84 1.75
0.88 1.61
0.7 1.66
2.17 1.33
1.05 1
0.66 0.95
1.99 1.04
0.9 1.35
1.62 0.98
1.67 0.8
1.06 1.82
0.68 1.52
1.97 0.98
1.3 1.9
0.76 1.15
0.73 1.59
1.37 0.67
1.52 2.3
0.77 0.75
1.4 0.88
0.92 0.93
1.04 1.45
1.05 0.86
1.06 1.35
2.27 1.56
1.13 1.04
1.46 0.9
1.88 1.02
1.79 0.96
0 0
