49

#order counts 
16
28
17
15
15
32
45
212
21
39
78
60
20
10
30
8
21
108
33
30
11
80
44
60
28
128
442
13
145
178
253
55
40
54
402
20
120
1114
612
7
50
22
162
96
8
50
10
370
4

#ressources
2
3
2
2
3
1
1
4
3
1
2
1
1
2
1
2
2
2
4
3
1
2
2
4
4
8
4
1
3
4
3
1
1
4
14
2
1
13
5
1
2
1
4
2
1
1
1
2
4

#process times
1.81 1.04
1.33 0.98
0.78 1.7
1.17 0.9
0.88 1.47
0.82 1.22
0.96 1.32
1.04 1.71
0.8 1.1
1.39 1.04
0.89 0.67
0.73 1.42
1.35 1.24
0.7 0.99
1.84 1
1.1 0.86
1.75 1.62
0.96 1.87
1.12 1.85
0.86 1.82
1.82 0.98
1.03 0.98
0.88 1.17
1.87 0.92
0.98 1.43
1.3 0.66
1.52 0.65
1.48 2.24
1.06 1.9
1.99 1
0.84 1.44
1.06 1.45
0.96 1.82
1.68 0.98
1.02 1.8
0.72 0.7
1.49 0.97
1 1.01
0.68 1.09
1.44 1.25
0.76 1.05
2.09 1.38
1.05 0.96
1.6 1.04
1.94 1.08
1.59 0.76
2.04 1.76
1.35 1.06
0 0
