45

#order counts 
24
40
60
30
17
34
14
8
20
32
28
36
149
44
162
850
11
36
82
158
113
10
271
961
60
60
34
51
20
36
20
989
16
18
264
55
48
653
24
430
16
90
193
54
7

#ressources
1
1
1
1
1
2
4
1
1
1
1
1
2
1
3
4
1
2
2
3
3
1
2
13
3
4
2
3
1
2
1
14
1
1
5
2
1
8
1
4
1
3
2
4
7

#process times
1.59 0.82
1.37 1.02
0.96 1.88
1.05 0.78
1.04 1.63
0.67 1.07
0.92 1.28
1.48 2.15
1.2 1.5
1.36 1.01
0.95 0.73
1.02 1.71
0.99 0.88
0.96 1.25
1.74 0.9
0.89 0.65
1.38 1.25
0.76 1.67
0.9 1.63
1.06 2.02
1.7 0.86
0.81 0.76
1.06 1.35
1.95 1
0.88 1.33
1.62 0.98
1.91 1.04
0.8 1.56
0.82 1.66
1.77 0.78
1.56 2.16
1.02 1.41
0.96 1.82
1.54 0.84
0.68 1.46
1 0.98
1.42 0.9
0.66 0.67
1.12 1.53
1.19 1
0.81 1.1
1.55 0.84
1.13 1.04
1.6 1.04
0 0
