38

#order counts 
18
7
17
4
10
15
2
15
12
108
192
166
50
85
80
10
92
325
144
109
572
11
40
360
10
10
48
252
494
144
58
10
914
64
222
10
43
21

#ressources
4
1
1
2
1
1
1
2
2
3
3
5
2
2
2
2
2
4
2
3
4
1
1
4
4
1
2
3
14
8
2
1
13
2
4
1
2
3

#process times
1.81 1.04
1.32 0.97
0.84 1.76
1.02 0.75
0.73 1.32
0.76 1.16
1 1.36
0.9 1.57
0.7 1
1.25 0.9
1.28 1.06
0.68 1.37
1.15 1.04
1.06 1.35
1.8 0.96
0.91 0.67
1.01 0.88
0.96 1.87
0.78 1.51
0.84 1.8
1.84 1
1.09 1.04
1.2 1.49
1.6 0.65
0.92 1.37
1.9 1.26
2.49 1.62
0.82 1.58
1.02 1.86
1.65 0.66
1.04 1.64
1.24 1.63
1 1.86
1.68 0.98
0.98 1.76
1.2 1.18
1.28 0.76
0.8 0.81
