49

#order counts 
28
10
40
56
15
20
68
16
40
54
30
20
120
536
21
56
455
68
10
10
4
118
3
102
623
118
2
48
32
784
86
367
237
20
25
59
392
668
31
20
108
5
654
143
888
723
204
5
2

#ressources
3
2
1
1
2
1
1
1
4
1
1
1
2
3
2
4
2
2
1
1
1
2
2
2
4
2
1
2
1
8
2
3
2
1
4
1
3
5
1
1
3
3
4
4
14
13
2
3
2

#process times
1.75 0.98
1.05 0.7
1.06 1.98
1.24 0.97
0.88 1.47
0.8 1.2
1.01 1.37
1.3 1.97
1 1.3
1.19 0.84
1.42 1.2
0.96 1.65
0.86 0.75
0.8 1.09
1.6 0.76
1.2 0.96
1.19 1.06
1.04 1.95
1.3 2.03
1.76 2.72
1.55 0.71
0.75 0.7
0.98 1.27
1.85 0.9
1.04 1.49
1.31 0.67
1.75 0.88
1.62 2.38
1.02 1.86
1.65 0.66
0.78 1.38
1.06 1.45
0.88 1.74
1.66 0.96
0.92 1.7
1.06 1.04
1.36 0.84
0.68 0.69
0.76 1.17
1.09 0.9
0.86 1.15
1.59 0.88
0.74 0.65
1.54 0.98
1.88 1.02
1.83 1
1.32 1.04
1.25 0.96
0 0
