68

#order counts 
21
47
1
6
40
60
20
60
10
40
18
24
28
40
24
48
5
2
36
43
141
24
62
48
40
146
20
375
16
4
458
3
28
129
48
10
40
98
122
20
29
15
6
4
25
150
20
150
20
212
15
34
1022
47
30
3
3
180
12
474
459
338
15
365
680
249
173
1

#ressources
2
4
1
1
1
1
1
1
1
1
1
2
4
1
1
1
1
1
2
3
8
1
2
1
1
3
1
2
1
2
14
3
4
1
2
2
1
2
4
1
2
1
1
1
1
3
1
2
1
2
3
1
13
1
1
2
1
3
2
2
4
4
1
2
5
3
4
1

#process times
1.63 0.86
1.39 1.04
0.76 1.68
1.35 1.08
0.98 1.57
1.38 1.78
1.38 1.74
0.74 1.41
0.71 1.01
1.53 1.18
1.26 1.04
1.62 2.31
1.03 0.92
1.18 1.47
1.85 1.01
1.24 1
1.13 1
0.9 1.81
0.67 1.4
0.98 1.94
1.5 0.66
1.17 1.12
0.78 1.07
1.81 0.86
0.82 1.27
1.52 0.88
1.83 0.96
0.88 1.64
0.96 1.8
2.24 1.25
1.02 1.62
0.9 1.29
0.98 1.84
1.54 0.84
0.98 1.76
1.04 1.02
1.72 1.2
0.9 0.91
0.96 1.37
0.99 0.8
0.76 1.05
2.27 1.56
1.05 0.96
1.52 0.96
2.16 1.3
1.89 1.06
1.06 0.78
1.04 0.75
1.66 0.96
1.04 1.12
0.9 1.39
1.18 0.73
1 1.51
1.94 1.06
0.86 1.14
0.7 1.63
0.82 1.46
0.84 1.71
0.97 0.7
1.42 1.06
0.98 1.49
0.65 1.4
0.88 1.09
1.41 1.04
0.86 0.68
0.8 1.23
1 1.29
0 0
