46

#order counts 
20
249
51
3
6
10
39
200
272
35
20
224
70
119
46
325
37
15
14
60
10
23
189
12
14
210
42
10
34
360
355
5
48
445
48
65
85
80
358
78
40
308
99
1218
770
7

#ressources
1
3
3
1
1
1
3
1
5
4
1
2
1
2
2
4
2
3
1
3
1
1
3
2
2
2
2
1
1
14
4
2
2
4
1
4
2
1
8
1
1
2
4
13
4
7

#process times
1.73 0.96
1.19 0.84
0.86 1.78
1.23 0.96
1.25 1.84
1.26 1.66
0.8 1.16
0.73 1.4
0.68 0.98
1.27 0.92
1.04 0.82
0.7 1.39
1.31 1.2
0.88 1.17
1.51 0.67
1.2 0.96
0.89 0.76
0.9 1.81
0.76 1.49
0.88 1.84
2.13 1.29
1.09 1.04
1.06 1.35
1.73 0.78
1.04 1.49
1.29 0.65
1.73 0.86
1.56 2.32
0.9 1.74
2.01 1.02
1 1.6
0.9 1.29
1.62 2.48
1.68 0.98
1.01 1.79
1.06 1.04
1.56 1.04
0.88 0.89
0.66 1.07
1.21 1.02
1.18 1.47
1.77 1.06
1.21 1.12
1.56 1
1.51 0.65
0 0
