53

#order counts 
5
10
10
80
20
15
16
61
84
10
20
140
47
21
1
48
18
180
60
252
14
26
1
17
126
15
40
6
167
57
245
108
14
5
15
32
18
43
12
1
25
646
20
132
360
66
280
14
44
77
608
402
2

#ressources
1
1
1
1
1
2
1
3
2
1
1
1
4
3
1
1
1
3
1
2
2
1
1
1
2
4
1
1
2
3
4
2
2
2
1
2
1
2
1
1
1
14
1
4
4
3
5
1
2
4
8
13
2

#process times
1.75 0.98
1.91 1.56
1.18 2.1
1.35 1.08
0.96 1.55
1.02 1.42
0.81 1.17
1.06 1.73
0.98 1.28
1.73 1.38
1 0.78
0.73 1.42
1.09 0.98
0.8 1.09
1.72 0.88
1.08 0.84
1.13 1
0.84 1.75
0.96 1.69
0.88 1.84
1.59 0.75
1.53 1.48
0.9 1.19
1.96 1.01
0.65 1.1
1.62 0.98
1.69 0.82
1 1.76
1.06 1.9
1.89 0.9
1 1.6
0.82 1.21
1.04 1.9
1.95 1.25
0.88 1.66
0.92 0.9
1.4 0.88
1.04 1.05
1.3 1.71
0.95 0.76
1.08 1.37
1.73 1.02
0.93 0.84
1.6 1.04
1.51 0.65
1.69 0.86
0.96 0.68
1.85 1.56
1.4 0.7
0.92 1
0.66 1.15
1.45 1
0 0
