64

#order counts 
210
2
54
12
10
10
6
108
20
10
11
5
15
6
18
22
40
170
15
52
125
90
124
38
162
10
43
90
64
135
15
82
56
15
24
270
780
16
5
30
108
853
916
68
302
18
87
108
573
62
52
15
40
66
1038
221
72
924
283
40
263
185
15
1

#ressources
1
1
4
1
1
1
3
3
2
1
1
1
3
2
4
2
1
3
4
1
1
1
2
1
4
1
1
2
2
1
1
2
1
2
1
4
4
1
3
1
2
14
13
4
2
1
1
1
2
3
2
1
2
2
5
3
1
8
3
2
3
1
1
1

#process times
1.5 0.73
1.59 1.24
0.96 1.88
1.27 1
2.7 3.29
0.9 1.3
0.98 1.34
0.82 1.49
0.7 1
1.68 1.33
0.98 0.76
0.71 1.4
1.07 0.96
0.88 1.17
1.88 1.04
1.28 1.04
0.91 0.78
0.88 1.79
0.98 1.71
1.01 1.97
1.57 0.73
1.25 1.2
0.98 1.27
2.15 1.2
0.98 1.43
2.02 1.38
2.17 1.3
0.76 1.52
0.9 1.74
1.73 0.74
0.88 1.48
1.04 1.43
1.04 1.9
1.56 0.86
0.95 1.73
1.02 1
1.17 0.65
0.96 0.97
0.88 1.29
1.15 0.96
0.78 1.07
1.73 1.02
1.09 1
1.48 0.92
1.56 0.7
2.59 1.76
1.84 1.56
1.31 1.02
1.76 1.06
0.8 0.88
0.67 1.16
1.33 0.88
1.25 1.76
1.76 0.88
0.68 0.96
0.86 1.79
0.97 1.61
0.66 1.53
1.11 0.84
1.11 0.75
1.06 1.57
1.08 1.83
0.88 1.09
0 0
