64

#order counts 
32
30
80
24
28
20
120
4
10
4
26
20
32
38
32
16
32
100
13
80
20
149
153
6
16
99
108
40
1394
70
96
15
21
67
261
10
195
734
584
30
8
21
40
49
10
36
30
2
192
238
80
24
20
11
155
1176
488
60
14
563
42
167
120
5

#ressources
2
4
1
1
4
1
1
1
1
1
1
1
1
1
2
1
1
4
1
1
2
1
3
1
1
2
3
1
13
1
2
3
2
1
4
1
2
14
4
3
1
2
1
1
1
2
1
1
2
3
2
1
1
1
2
4
5
1
1
8
1
2
3
5

#process times
1.47 0.7
1.27 0.92
0.74 1.66
1.39 1.12
0.98 1.57
1.18 1.58
0.73 1.09
0.98 1.65
1.2 1.5
1.91 1.56
1.18 0.96
1.24 1.93
1.12 1.01
0.84 1.13
1.8 0.96
1.14 0.9
0.99 0.86
1.04 1.95
1.48 2.21
0.96 1.92
1.86 1.02
1.09 1.04
0.84 1.13
2.27 1.32
0.81 1.26
1.52 0.88
1.77 0.9
1.02 1.78
1 1.84
2.55 1.56
1.62 2.22
0.98 1.37
0.78 1.64
1.67 0.97
0.98 1.76
0.86 0.84
1.5 0.98
1.02 1.03
1 1.41
1.07 0.88
1.38 1.67
1.47 0.76
0.91 0.82
1.58 1.02
2.04 1.18
1.87 1.04
1.34 1.06
1.53 1.24
1.37 0.67
1.06 1.14
0.7 1.19
1.27 0.82
1.2 1.71
2.13 1.25
1.06 1.34
0.65 1.58
0.68 1.32
0.76 1.63
1.35 1.08
1.02 0.66
0.88 1.39
1.04 1.79
0.86 1.07
0 0
