54

#order counts 
91
100
5
10
40
32
15
13
10
10
16
47
10
120
2
5
10
4
60
2
84
40
60
10
250
50
24
40
59
16
35
90
3
20
111
125
747
64
189
154
272
216
58
87
204
113
466
84
12
41
53
223
450
4

#ressources
2
1
1
8
1
1
3
13
1
1
1
2
1
1
4
1
1
1
3
1
2
1
1
1
4
1
2
1
3
1
4
2
1
1
1
4
4
1
14
4
3
3
2
3
3
2
5
2
1
1
2
2
2
4

#process times
1.81 1.04
1.08 0.73
1.56 2.48
0.93 0.66
1.06 1.65
1.02 1.42
0.88 1.24
1 1.67
1.38 1.68
2.11 1.76
1.18 0.96
0.76 1.45
1.67 1.56
1.08 1.37
1.8 0.96
1.54 1.3
2.83 2.7
0.97 1.88
0.86 1.59
0.88 1.84
1.62 0.78
0.79 0.74
0.9 1.19
2.19 1.24
0.65 1.1
1.37 0.73
2.49 1.62
1.02 1.78
0.9 1.74
2.29 1.3
0.92 1.52
0.9 1.29
0.96 1.82
1.38 0.68
0.96 1.74
1.02 1
1.56 1.04
1.33 1.34
1.02 1.43
1.17 0.98
1.06 1.35
1.51 0.8
0.76 0.67
1.44 0.88
1.7 0.84
1.71 0.88
0.96 0.68
0.94 0.65
1.41 0.71
1.04 1.12
1.04 1.53
1.43 0.98
1.06 1.57
0 0
