38

#order counts 
8
40
44
48
21
64
30
15
8
15
28
130
144
55
36
180
324
157
128
98
90
11
72
10
10
73
312
22
14
60
50
24
274
638
521
2
1062
6

#ressources
2
1
2
2
3
3
2
1
1
2
3
1
3
3
1
2
4
2
3
8
5
2
2
2
1
2
4
1
1
1
2
4
4
4
14
1
13
6

#process times
1.63 0.86
1.31 0.96
0.75 1.67
1.89 1.62
0.8 1.39
1.06 1.46
1.04 1.4
0.76 1.43
1.08 1.38
1.25 0.9
1.2 0.98
1.08 1.77
0.93 0.82
0.86 1.15
1.81 0.97
0.94 0.7
1.09 0.96
1.04 1.95
0.84 1.57
0.66 1.62
1.52 0.68
0.93 0.88
0.78 1.07
1.62 0.67
1.04 1.49
1.7 1.06
1.85 0.98
1.38 2.14
1.56 2.4
1.72 0.73
0.76 1.36
0.92 1.31
1 1.86
1.35 0.65
1.02 1.8
1.02 1
1.52 1
0 0
