54

#order counts 
32
10
24
28
15
120
1
120
16
10
74
40
30
60
50
11
122
330
66
80
107
20
100
54
15
47
364
360
50
120
94
5
45
1032
18
36
20
88
87
394
233
28
637
397
11
25
27
6
78
776
38
76
9
4

#ressources
2
1
1
3
2
3
2
3
1
1
1
4
1
1
2
1
4
3
4
1
3
1
2
2
1
1
4
2
2
1
2
1
1
14
1
1
1
2
2
5
3
4
13
8
3
1
1
1
2
4
4
2
1
4

#process times
1.47 0.7
1.31 0.96
1.12 2.04
1.25 0.98
0.86 1.45
0.88 1.28
0.78 1.14
0.86 1.53
0.81 1.11
1.73 1.38
1.18 0.96
0.92 1.61
0.99 0.88
1.01 1.3
1.72 0.88
0.95 0.71
1.11 0.98
0.8 1.71
1.12 1.85
0.96 1.92
1.9 1.06
0.78 0.73
0.75 1.04
1.71 0.76
0.88 1.33
1.68 1.04
1.87 1
0.82 1.58
1.04 1.88
1.73 0.74
0.67 1.27
0.98 1.37
0.73 1.59
1.72 1.02
1.02 1.8
0.86 0.84
1.34 0.82
0.7 0.71
1.06 1.47
0.87 0.68
0.84 1.13
1.69 0.98
1.09 1
1.22 0.66
1.76 0.9
1.71 0.88
1.04 0.76
1.37 1.08
1.6 0.9
0.65 0.73
1.04 1.53
1.49 1.04
0.88 1.39
0 0
