44

#order counts 
10
2
36
10
48
15
10
25
37
48
10
15
12
16
56
14
72
313
23
169
40
77
139
73
41
115
80
184
4
213
180
162
816
195
15
21
548
685
376
853
57
10
35
4

#ressources
1
4
2
1
1
2
1
4
1
2
1
3
2
1
1
1
2
3
1
2
1
2
4
4
1
3
3
8
1
2
4
3
3
2
3
2
4
13
5
14
1
2
2
4

#process times
1.83 1.06
1.31 0.96
0.78 1.7
1.65 1.38
1.02 1.61
0.86 1.26
1.3 1.66
0.92 1.59
1.01 1.31
1.97 1.62
1.48 1.26
0.98 1.67
1.09 0.98
0.96 1.25
1.81 0.97
1.28 1.04
1.03 0.9
1.06 1.97
0.76 1.49
1.04 2
1.8 0.96
1.09 1.04
1 1.29
1.93 0.98
1.76 2.21
1.54 0.9
1.73 0.86
0.66 1.42
0.71 1.55
2.05 1.06
1.04 1.64
0.84 1.23
0.8 1.66
1.58 0.88
0.88 1.66
0.78 0.76
1.17 0.65
1 1.01
0.68 1.09
1.21 1.02
0.84 1.13
1.46 0.75
1.11 1.02
0 0
