52

#order counts 
24
20
6
12
5
12
60
4
40
40
60
6
3
10
40
40
123
50
20
43
62
41
40
96
424
40
48
131
4
392
126
6
377
281
2
1
129
168
15
396
32
88
6
1
311
15
315
16
112
297
70
1172

#ressources
2
1
1
1
1
2
1
1
1
1
1
1
3
1
1
1
4
2
1
2
2
4
1
1
4
2
2
3
1
5
4
1
3
3
3
1
1
2
3
2
2
2
1
1
14
1
2
1
3
4
2
13

#process times
2.39 1.62
1.65 1.3
0.9 1.82
1.39 1.12
1 1.59
0.7 1.1
0.74 1.1
0.73 1.4
0.82 1.12
1.53 1.18
1.6 1.38
0.96 1.65
1.01 0.9
1.56 1.85
1.82 0.98
1.42 1.18
1.13 1
0.9 1.81
1.04 1.77
0.7 1.66
1.62 0.78
1.01 0.96
1.2 1.49
1.81 0.86
0.65 1.1
1.31 0.67
1.85 0.98
0.84 1.6
0.96 1.8
1.67 0.68
1.04 1.64
1.02 1.41
0.8 1.66
1.58 0.88
0.98 1.76
1.4 1.38
1.36 0.84
0.88 0.89
0.9 1.31
1.25 1.06
0.96 1.25
1.75 1.04
1.17 1.08
1.32 0.76
1.88 1.02
1.71 0.88
1.32 1.04
1.3 1.01
1.76 1.06
0.98 1.06
0.75 1.24
1.45 1
