58

#order counts 
2
40
32
10
10
42
7
30
21
108
66
112
24
12
105
95
4
15
120
5
15
37
56
35
90
10
738
19
106
28
10
40
5
20
20
83
329
20
5
590
85
96
329
10
105
80
13
15
66
244
17
145
90
33
103
16
700
1

#ressources
1
1
1
1
1
2
1
1
1
3
4
3
1
1
2
4
1
3
1
2
1
2
4
4
13
2
5
1
1
4
2
1
1
1
1
2
3
1
2
2
3
8
4
1
3
1
1
2
2
4
1
4
3
1
2
1
14
1

#process times
2.25 1.48
1.37 1.02
1.02 1.94
1.65 1.38
2.7 3.29
0.65 1.05
1.08 1.44
1.06 1.73
1.3 1.6
1.25 0.9
1.34 1.12
0.84 1.53
1.44 1.33
0.95 1.24
1.74 0.9
1.28 1.04
1.1 0.97
0.88 1.79
0.74 1.47
0.76 1.72
1.72 0.88
1.09 1.04
0.96 1.25
1.87 0.92
1 1.45
1.34 0.7
1.55 0.68
0.96 1.72
0.96 1.8
1.97 0.98
0.7 1.3
0.74 1.13
1.18 2.04
1.38 0.68
1.12 1.9
0.9 0.88
1.58 1.06
0.9 0.91
1.25 1.66
1.25 1.06
0.86 1.15
1.37 0.66
1.09 1
1.8 1.24
1.74 0.88
1.91 1.08
1.84 1.56
1.15 0.86
1.37 0.67
0.65 0.73
1.01 1.5
1.43 0.98
0.8 1.31
1.92 1.04
0.98 1.26
0.96 1.89
1.02 1.66
0 0
