46

#order counts 
50
14
60
22
32
15
72
5
162
108
235
33
8
32
81
338
28
152
98
10
21
84
10
24
45
21
5
14
104
40
53
21
159
207
18
15
10
8
48
212
350
53
108
1054
12
5

#ressources
1
1
1
1
1
2
3
2
4
2
3
4
2
3
2
4
4
2
8
1
3
5
1
1
1
3
1
1
2
2
3
4
4
4
2
3
1
1
2
4
14
2
3
13
2
5

#process times
1.85 1.08
1.39 1.04
0.73 1.65
1.65 1.38
0.84 1.43
0.9 1.3
0.82 1.18
0.78 1.45
0.96 1.26
1.31 0.96
1.06 0.84
1.12 1.81
0.97 0.86
0.88 1.17
1.9 1.06
0.89 0.65
1.11 0.98
1.04 1.95
0.66 1.39
1.76 2.72
1.64 0.8
0.73 0.68
0.96 1.25
1.92 0.97
0.96 1.41
1.7 1.06
1.58 0.71
1.56 2.32
0.7 1.54
1.74 0.75
0.86 1.46
0.92 1.31
1 1.86
1.68 0.98
0.98 1.76
0.9 0.88
1.28 0.76
1.08 1.09
1.62 2.03
1.23 1.04
1.02 1.31
1.47 0.76
0.99 0.9
1.56 1
1.74 0.88
0 0
