8 2000
7 1 3 79 43 37 4 9 
6 7 4 23 56 60 7 7 
8 5 7 24 39 11 4 8 
9 6 6 61 98 75 2 5 
5 5 5 62 23 75 5 4 
6 1 9 78 55 46 5 2 
7 1 7 25 32 95 7 8 
3 3 6 85 48 49 4 1 
4 6 5 28 76 71 5 4 
5 2 4 83 12 58 2 7 
6 5 5 73 56 74 9 7 
9 4 6 26 53 37 7 7 
8 5 8 26 50 31 1 5 
8 4 5 70 26 63 4 8 
4 1 8 22 93 87 8 1 
9 3 7 18 84 80 1 8 
6 1 5 66 12 38 6 3 
6 8 7 76 71 21 7 3 
1 1 6 89 29 65 3 8 
1 4 6 82 45 68 8 1 
9 6 9 39 87 32 5 2 
8 7 1 16 81 26 1 3 
7 2 6 40 34 38 1 9 
3 6 2 93 15 80 3 6 
4 2 7 33 58 12 3 5 
9 9 6 89 41 88 1 2 
3 3 5 83 29 58 2 2 
6 9 5 35 22 41 2 7 
1 1 4 31 36 61 4 4 
8 3 9 38 77 69 8 9 
5 8 8 37 62 39 1 1 
7 2 4 56 39 58 9 6 
1 9 5 67 66 27 3 2 
4 9 2 45 88 27 7 8 
8 8 3 61 64 17 8 1 
4 7 3 69 55 55 9 2 
5 3 4 50 95 96 5 2 
7 5 9 63 46 76 9 4 
4 9 8 18 21 19 8 8 
8 4 4 22 31 18 1 2 
7 7 1 62 93 62 6 10 
6 1 3 43 33 31 8 9 
3 2 1 67 62 69 5 4 
9 8 1 25 86 53 9 1 
6 2 4 20 45 22 6 4 
7 3 5 61 80 26 3 2 
6 6 5 18 12 40 8 9 
4 9 3 32 46 82 2 6 
6 8 7 56 84 69 5 4 
7 2 2 60 61 73 6 3 
7 2 4 14 21 14 2 8 
4 3 8 30 21 55 3 3 
3 1 5 23 98 84 9 7 
3 3 6 24 27 72 1 1 
1 2 2 31 86 87 3 4 
5 2 6 72 13 78 3 1 
8 3 7 26 15 88 6 1 
6 9 9 89 42 38 5 2 
9 2 7 98 24 67 6 9 
1 7 2 49 54 21 5 4 
4 4 6 75 94 79 1 8 
5 4 4 68 58 66 4 5 
9 7 7 33 79 17 6 6 
9 3 1 22 52 74 1 7 
6 1 6 72 54 99 7 6 
7 1 3 51 96 47 2 2 
4 8 6 26 62 83 1 5 
7 4 4 39 36 91 3 5 
6 2 3 94 98 55 9 5 
1 3 10 91 12 14 1 9 
2 5 9 37 36 42 1 9 
5 6 5 62 95 56 5 4 
7 5 4 13 82 19 9 6 
7 6 1 83 15 67 5 2 
4 7 6 70 20 76 6 9 
2 1 6 42 97 25 8 3 
9 6 1 53 99 72 2 8 
5 1 2 16 47 10 1 9 
4 6 9 38 12 82 6 3 
4 3 5 28 44 68 9 6 
3 4 7 29 34 95 1 4 
5 2 7 29 34 22 6 7 
7 7 8 33 45 99 2 2 
2 2 8 15 34 65 6 4 
9 4 5 23 34 56 6 8 
3 9 1 87 30 91 3 9 
3 9 2 43 56 11 4 3 
3 6 8 93 94 88 1 9 
5 8 2 22 67 22 7 6 
8 8 3 64 12 57 9 4 
9 5 9 36 75 61 5 2 
2 7 6 59 40 12 5 7 
9 5 8 80 22 12 4 8 
4 7 6 39 41 31 2 8 
4 1 9 27 57 30 5 2 
2 1 5 98 55 57 4 4 
3 3 6 50 99 54 8 9 
8 5 1 34 73 23 9 8 
6 9 8 92 95 13 4 2 
3 3 3 58 30 10 2 1 
1 6 2 23 24 64 5 4 
6 5 7 75 37 22 9 1 
6 9 6 21 66 21 9 9 
1 6 7 13 64 30 8 2 
3 1 2 53 83 71 5 2 
5 9 4 30 52 32 8 2 
3 6 2 30 38 18 4 1 
8 8 2 72 54 33 5 9 
1 3 6 27 20 91 8 6 
1 8 3 11 86 90 6 6 
1 8 3 18 32 87 5 5 
6 5 7 10 33 24 8 5 
8 9 5 72 65 72 1 3 
2 4 10 31 22 47 2 1 
4 4 7 51 37 66 4 7 
5 4 6 60 16 48 5 6 
6 5 9 30 23 56 4 9 
10 4 8 70 58 27 3 8 
9 2 1 23 37 75 3 5 
9 7 5 12 69 69 2 1 
3 8 5 49 57 23 6 6 
2 8 9 64 73 27 1 5 
4 7 8 46 32 91 3 2 
7 9 8 60 59 53 1 5 
8 6 9 24 13 74 5 4 
1 1 1 15 19 97 4 3 
1 4 4 83 94 38 5 4 
9 6 5 43 30 23 9 1 
2 6 3 61 26 47 2 6 
8 7 1 32 58 84 5 6 
9 7 9 40 61 96 9 6 
6 1 5 59 77 36 4 5 
4 3 9 10 38 77 9 4 
1 1 8 50 52 49 4 7 
1 5 3 46 80 54 5 3 
5 8 4 40 23 87 9 1 
3 1 6 88 65 18 8 9 
9 7 2 86 25 99 6 4 
7 3 6 59 38 18 6 2 
4 9 2 54 18 42 6 7 
4 7 1 49 93 59 9 7 
6 7 1 80 33 87 2 8 
2 5 7 55 10 56 6 1 
3 4 2 94 93 80 4 5 
1 1 6 95 13 73 4 5 
4 1 3 43 32 43 8 2 
5 1 1 95 33 45 2 6 
9 2 6 50 25 43 1 7 
4 1 5 72 96 29 6 2 
9 8 8 32 10 61 5 3 
5 5 9 14 43 92 5 6 
1 9 1 41 58 86 5 9 
5 8 1 88 86 10 1 4 
1 6 6 76 67 33 6 5 
1 2 7 54 91 36 8 9 
1 6 2 74 50 79 8 7 
7 4 8 83 85 57 4 6 
4 7 7 34 96 76 7 4 
4 8 1 20 90 71 4 3 
8 3 7 69 47 11 6 5 
3 2 5 46 48 53 8 4 
8 1 1 46 60 64 8 4 
4 4 8 18 53 52 5 6 
1 1 3 44 31 67 9 2 
4 1 6 63 88 89 8 8 
1 8 1 22 46 29 1 3 
7 6 3 97 59 89 6 7 
6 2 3 47 54 19 7 4 
9 8 2 79 84 14 9 8 
2 6 2 16 58 34 2 6 
9 6 1 92 23 78 8 5 
4 9 2 80 81 95 2 5 
3 9 7 47 18 50 4 7 
6 8 6 65 36 59 9 7 
3 7 1 63 43 84 2 2 
6 9 6 37 74 39 7 5 
2 2 2 83 86 34 8 8 
7 8 7 31 80 61 7 9 
9 9 9 83 72 87 4 9 
1 6 5 84 34 60 5 8 
1 5 3 66 82 15 8 4 
5 7 5 42 95 55 3 6 
9 9 5 48 57 14 2 7 
3 2 7 80 86 50 7 2 
4 5 6 82 92 24 6 10 
1 4 6 40 49 28 4 8 
6 4 1 35 30 42 3 5 
2 4 3 85 81 58 5 4 
9 1 2 19 26 34 8 6 
7 9 3 91 24 31 7 8 
8 8 2 48 93 76 7 2 
4 6 6 88 27 71 6 5 
10 2 7 61 82 49 3 5 
4 4 8 40 24 92 6 2 
8 2 3 95 58 44 2 9 
4 7 2 59 98 87 9 2 
2 8 4 30 82 92 1 5 
3 3 9 81 34 36 1 2 
4 9 7 13 30 58 4 6 
7 5 5 60 28 79 6 5 
9 6 3 36 78 15 8 5 
2 8 8 59 81 34 8 8 
3 8 5 64 89 89 8 5 
9 3 8 79 78 25 9 4 
3 7 7 99 84 64 5 2 
5 4 4 29 40 99 9 2 
4 8 6 87 94 91 3 3 
10 1 1 25 93 13 8 7 
7 7 1 99 50 37 1 8 
1 1 8 52 36 98 1 5 
3 7 7 46 25 94 6 1 
9 2 5 80 27 58 9 3 
8 1 1 55 61 14 5 5 
4 2 1 65 63 57 4 7 
4 5 1 73 56 89 9 9 
5 4 1 92 15 59 3 10 
2 7 9 36 64 86 3 2 
7 9 1 95 92 23 5 6 
3 5 8 75 55 34 3 5 
7 8 10 95 47 62 5 6 
7 1 6 71 37 77 7 8 
3 7 3 34 69 41 6 1 
2 5 6 39 36 43 2 6 
8 8 6 46 76 33 5 6 
5 1 8 52 37 86 5 4 
3 4 10 63 66 88 1 1 
7 2 4 81 82 26 3 6 
8 1 6 15 56 90 7 7 
5 1 8 78 51 95 5 4 
2 4 9 48 95 14 3 5 
2 1 5 79 25 80 8 5 
3 6 2 61 40 10 7 6 
5 9 7 87 66 52 2 7 
1 1 2 19 57 30 4 1 
9 1 5 26 53 42 6 4 
5 2 3 98 12 52 8 3 
5 3 8 78 41 78 7 5 
6 4 3 99 48 32 5 6 
7 3 3 66 27 52 9 2 
9 8 9 73 64 62 3 2 
6 4 3 95 87 37 6 4 
7 10 8 64 99 80 2 7 
8 7 5 32 80 96 6 2 
1 5 5 95 17 64 9 1 
2 8 2 74 45 53 9 4 
5 3 4 87 21 25 8 7 
5 10 9 73 39 99 2 3 
9 3 9 90 26 19 2 4 
4 8 1 75 61 96 9 7 
4 6 3 94 78 34 7 1 
4 6 4 36 15 21 1 4 
4 2 1 49 82 35 7 2 
8 5 2 19 38 27 2 1 
5 7 2 25 79 79 4 7 
2 4 6 42 10 19 3 1 
5 4 4 29 99 36 4 3 
7 5 1 16 64 59 5 9 
3 9 4 87 26 36 8 8 
2 6 4 43 16 29 3 7 
4 8 2 74 83 10 7 1 
9 9 6 64 49 11 8 5 
3 5 6 94 61 81 5 1 
4 3 4 90 94 70 1 4 
1 5 9 24 79 79 3 4 
7 2 5 66 23 35 6 10 
5 9 3 56 54 83 5 8 
6 4 7 15 23 50 5 5 
6 6 5 37 98 45 6 3 
1 4 7 73 76 86 6 6 
7 6 3 45 23 95 6 4 
3 8 8 28 46 33 1 5 
1 10 8 58 20 77 2 5 
4 3 9 83 44 44 2 2 
9 9 7 98 75 53 5 5 
5 6 1 23 18 89 8 10 
6 5 4 80 73 18 8 2 
8 3 9 24 10 95 5 9 
2 7 8 12 19 75 2 4 
1 1 5 95 66 82 1 9 
9 4 3 91 81 99 1 5 
8 2 2 46 35 99 5 1 
6 3 3 88 23 82 3 2 
4 5 2 95 29 46 4 4 
3 4 7 53 82 63 3 2 
7 8 5 79 20 45 1 4 
2 2 2 94 86 66 4 9 
8 1 5 78 57 65 7 2 
8 6 2 40 63 29 3 3 
2 8 6 70 68 78 8 2 
7 1 2 31 68 54 1 8 
1 4 8 91 55 91 3 10 
1 5 2 81 30 13 6 3 
5 7 2 77 69 73 5 5 
3 5 5 49 60 38 1 1 
4 6 2 84 14 28 3 7 
9 4 7 19 40 17 3 7 
9 4 2 17 65 93 3 1 
4 3 5 16 15 98 9 7 
9 7 7 30 55 48 8 6 
8 6 3 41 55 45 3 2 
3 7 1 19 24 76 5 5 
1 8 5 12 57 92 8 4 
2 5 3 61 67 58 9 7 
2 6 6 51 93 34 4 7 
1 3 6 74 88 82 4 7 
8 1 9 98 46 68 4 1 
5 9 5 22 67 49 1 5 
6 4 3 44 67 86 6 6 
7 4 4 58 90 14 9 4 
8 8 4 38 84 14 8 1 
8 4 2 80 88 50 2 4 
2 3 3 35 48 85 6 1 
7 1 7 36 48 99 5 1 
9 6 5 82 21 87 3 5 
2 7 8 92 10 84 8 1 
8 5 10 26 68 88 5 1 
4 8 4 76 30 87 1 1 
3 7 7 82 26 60 7 2 
4 6 9 32 74 78 7 2 
7 9 6 77 17 80 2 1 
4 7 6 30 25 50 9 7 
6 2 5 73 10 41 6 1 
1 8 8 76 63 28 6 5 
1 6 3 20 81 88 1 3 
5 2 1 68 15 35 3 8 
2 7 6 45 38 68 3 1 
5 5 5 84 80 97 10 5 
6 1 8 10 29 61 5 7 
1 2 4 49 33 42 4 9 
7 1 4 85 99 11 9 2 
4 2 4 71 30 75 7 3 
4 9 6 15 96 70 1 6 
4 2 2 97 58 87 4 5 
8 8 2 48 95 14 8 5 
7 8 7 31 62 24 8 9 
1 3 6 40 40 56 7 5 
4 7 3 25 30 65 9 8 
2 8 9 74 27 75 6 5 
1 9 7 17 37 54 7 8 
5 7 5 56 19 42 1 9 
7 8 8 86 87 62 9 7 
5 6 8 72 97 52 3 1 
5 2 5 24 77 47 4 3 
9 5 6 95 42 61 5 8 
10 5 9 19 69 33 3 1 
6 8 4 95 90 54 3 7 
8 6 9 64 46 28 3 4 
4 8 6 79 59 67 5 5 
1 7 8 44 13 59 8 8 
8 6 4 24 83 65 6 7 
5 2 1 74 83 79 5 3 
6 3 8 64 92 17 4 7 
3 7 2 89 92 98 3 9 
6 1 5 14 29 50 8 9 
6 3 9 28 22 29 6 9 
7 6 3 46 87 16 1 7 
2 6 9 13 16 41 1 5 
6 9 1 93 82 93 4 7 
1 1 5 13 53 43 9 9 
3 6 8 67 57 97 6 3 
6 2 8 29 55 22 6 7 
4 3 6 31 19 66 5 3 
8 4 9 56 16 70 5 8 
3 8 3 63 35 45 2 3 
2 5 9 24 23 96 9 5 
7 2 9 74 88 37 5 1 
9 5 3 92 64 35 2 6 
7 6 6 48 59 29 1 9 
9 7 5 44 21 29 5 7 
2 7 8 75 29 67 7 6 
9 4 2 50 68 44 3 4 
4 8 6 99 66 88 3 1 
1 7 1 39 83 93 1 5 
2 9 8 39 59 38 3 8 
9 4 4 45 54 52 4 5 
2 8 7 31 95 43 4 2 
3 3 9 72 85 81 1 5 
4 3 9 98 39 24 5 7 
6 6 2 84 59 76 1 2 
2 3 7 54 61 58 6 9 
8 5 3 17 25 27 4 8 
1 8 8 78 11 17 5 1 
7 3 9 23 92 29 2 8 
5 1 8 39 98 85 7 2 
6 7 6 84 19 65 3 3 
4 1 10 80 42 63 4 5 
5 8 2 66 29 65 4 1 
5 6 5 78 32 32 5 2 
9 3 7 13 55 47 4 5 
6 8 9 63 76 34 8 2 
4 9 4 13 40 83 7 6 
7 8 5 54 73 92 7 4 
1 6 3 97 14 16 1 3 
6 2 4 30 62 91 7 2 
2 4 7 77 93 34 5 6 
6 4 4 20 59 10 9 2 
6 9 3 77 96 19 5 1 
3 1 3 94 39 73 1 2 
1 4 5 89 57 95 4 4 
3 1 3 26 59 47 9 9 
8 1 6 47 31 26 3 7 
6 9 2 29 26 68 1 1 
5 8 6 79 62 69 8 7 
7 9 2 71 70 16 5 7 
7 10 3 25 17 86 5 4 
5 8 9 17 16 68 7 2 
9 1 4 68 95 72 6 7 
3 4 1 91 21 90 8 6 
7 4 2 94 73 51 1 2 
9 9 6 16 14 70 3 9 
2 8 7 72 97 22 6 7 
5 1 2 91 97 84 4 7 
8 5 2 17 37 47 5 5 
6 2 1 13 30 88 1 1 
5 8 4 37 41 84 2 2 
2 2 6 78 70 40 5 6 
1 2 4 69 49 48 5 4 
4 7 8 15 33 60 4 1 
6 5 5 97 18 17 2 8 
8 4 5 68 46 38 1 5 
5 7 8 45 54 83 5 9 
10 4 6 64 33 38 5 2 
6 3 8 66 39 34 2 1 
6 6 8 97 25 50 1 6 
5 1 9 15 81 78 5 3 
2 7 5 57 33 54 9 6 
1 7 3 16 74 28 8 10 
3 3 8 57 35 11 3 9 
4 9 9 99 65 68 9 1 
6 3 1 27 48 11 9 4 
2 5 1 88 96 73 6 8 
7 5 1 52 21 80 7 3 
6 3 8 91 13 90 8 8 
5 9 9 31 46 91 5 2 
9 1 2 32 49 44 4 3 
1 2 4 18 42 22 5 9 
6 9 9 69 75 23 7 2 
9 1 4 25 99 53 9 6 
2 6 5 38 89 70 9 1 
1 8 3 48 72 83 7 7 
4 8 4 27 18 60 1 6 
5 9 2 76 71 76 5 3 
8 1 4 72 15 87 1 5 
9 7 7 16 57 78 6 7 
3 7 4 36 51 97 8 8 
8 10 5 36 98 53 7 5 
6 7 2 16 50 15 5 7 
3 4 4 96 66 58 2 7 
6 6 4 21 50 72 4 1 
6 6 7 39 50 61 5 6 
9 5 4 41 27 84 5 8 
5 6 3 54 50 24 6 1 
3 7 6 71 13 35 8 2 
6 5 3 16 62 20 3 7 
8 7 8 37 75 44 3 9 
8 6 3 57 94 15 10 3 
2 6 4 71 47 82 1 8 
6 2 5 47 75 71 8 3 
9 4 3 10 18 88 8 7 
6 9 3 93 84 39 4 3 
6 7 3 65 25 75 8 9 
4 3 7 85 57 83 8 6 
6 5 4 62 68 20 8 7 
9 10 8 99 42 24 6 1 
3 9 2 83 72 85 6 6 
8 9 9 89 62 65 6 3 
4 4 7 25 94 44 1 6 
4 3 9 30 98 95 3 6 
1 2 3 53 26 84 3 7 
8 7 8 13 46 56 6 4 
1 6 7 82 58 46 5 1 
1 5 8 32 90 63 6 4 
3 3 9 55 71 47 1 4 
3 8 8 78 99 45 9 5 
4 9 6 46 19 59 6 5 
9 5 8 11 30 82 5 6 
2 9 4 10 33 24 6 5 
4 2 2 70 25 42 8 7 
2 1 2 57 45 62 9 2 
2 1 1 25 13 78 3 9 
7 9 4 95 61 71 4 1 
6 3 1 41 47 89 5 9 
3 1 3 61 32 42 6 3 
8 4 5 42 87 25 7 2 
2 5 2 25 85 15 6 5 
1 4 7 51 53 60 2 1 
3 7 6 50 56 89 6 7 
1 4 8 89 78 52 3 5 
1 9 1 86 72 59 9 2 
7 2 3 99 90 76 3 5 
4 6 6 39 81 39 8 5 
3 4 8 43 96 24 9 7 
8 3 7 86 60 20 6 5 
8 4 8 73 68 86 4 3 
2 4 8 69 15 47 6 5 
6 9 5 16 54 74 5 1 
3 5 8 33 29 66 5 4 
3 6 6 19 80 82 3 9 
7 3 7 83 50 30 8 1 
1 4 1 31 64 79 3 8 
5 9 7 16 29 95 9 9 
8 5 2 73 63 91 1 1 
6 5 9 93 90 19 1 8 
8 9 5 11 10 94 1 4 
4 6 1 56 18 28 7 8 
4 8 7 40 78 96 2 1 
9 6 5 39 35 36 4 7 
6 8 4 53 15 92 3 9 
1 6 7 73 40 56 4 7 
5 5 5 96 15 33 4 8 
9 2 4 64 36 13 2 6 
9 7 9 50 71 88 1 4 
6 1 3 96 41 99 6 9 
6 5 7 90 18 25 8 7 
7 7 1 84 97 53 4 3 
1 9 5 21 68 99 5 2 
6 5 1 18 53 64 7 8 
1 1 7 35 46 36 1 2 
2 4 8 55 58 23 7 6 
4 9 9 60 32 50 5 3 
3 6 1 26 10 81 9 1 
7 4 7 86 65 29 1 9 
9 5 5 36 40 55 9 9 
7 2 2 44 99 76 6 9 
8 2 7 65 74 54 2 6 
3 9 8 88 15 63 7 2 
3 9 6 30 46 97 5 10 
8 6 6 93 71 44 5 9 
9 5 6 14 71 36 2 2 
5 8 3 72 12 12 10 4 
2 4 9 88 13 81 5 5 
7 4 5 28 37 52 8 5 
4 8 5 18 40 27 9 4 
2 2 5 17 60 46 8 6 
9 3 2 87 18 98 7 2 
5 9 8 53 38 58 8 3 
7 3 5 66 89 67 6 2 
6 5 5 68 78 67 2 4 
5 9 8 38 78 76 2 2 
1 8 8 38 39 94 3 4 
4 8 6 53 24 47 2 3 
7 1 8 76 33 68 5 3 
8 2 5 37 88 83 4 5 
8 9 6 92 45 91 2 9 
9 8 9 50 15 83 5 4 
8 2 1 97 97 97 7 6 
7 9 3 44 88 87 5 5 
2 8 4 53 29 68 3 8 
2 4 7 41 98 63 3 9 
7 2 5 59 63 22 7 8 
4 1 4 41 47 28 2 9 
1 6 2 13 95 70 9 4 
2 2 1 33 36 38 5 1 
1 3 2 79 45 28 6 2 
1 5 8 56 55 82 8 1 
2 8 9 68 17 98 2 2 
5 8 2 33 98 67 8 6 
5 2 2 73 41 81 4 5 
6 9 6 11 11 65 6 3 
6 8 8 67 54 26 5 8 
7 6 5 31 38 45 2 7 
9 5 3 87 99 13 6 5 
6 2 3 44 43 41 7 6 
6 8 2 79 55 96 4 2 
8 8 3 55 80 52 7 3 
3 3 1 10 15 71 3 8 
2 5 4 93 58 57 9 3 
9 8 2 52 32 58 2 4 
8 2 4 86 47 31 9 8 
3 1 2 55 22 90 6 6 
4 10 8 67 93 74 1 4 
7 3 10 54 21 49 5 8 
3 5 7 84 52 14 9 7 
7 4 1 50 11 10 1 6 
1 3 4 33 79 57 8 5 
3 8 7 66 63 94 1 3 
5 5 7 21 50 91 8 9 
6 7 3 87 52 44 7 3 
2 5 7 92 67 26 6 1 
3 7 8 94 16 14 2 8 
3 5 4 43 79 88 2 1 
3 4 4 25 50 94 6 2 
3 7 3 37 39 79 4 5 
8 2 2 95 14 72 8 5 
6 2 9 87 56 60 3 2 
3 5 2 24 69 93 6 8 
8 7 3 60 80 68 7 4 
7 7 7 67 44 65 2 8 
1 6 4 30 77 48 1 5 
8 6 6 48 19 65 3 10 
3 3 9 49 75 63 3 8 
2 4 3 55 17 82 6 3 
8 5 1 30 49 89 8 1 
6 9 1 56 65 82 2 6 
8 2 7 12 92 88 3 8 
8 1 8 45 68 29 3 2 
2 2 6 69 44 87 9 4 
1 3 6 80 41 23 7 7 
8 1 6 28 68 73 7 2 
5 5 9 34 22 84 5 1 
5 2 5 38 12 87 1 5 
9 7 9 67 34 80 1 3 
8 8 3 12 38 85 6 5 
6 9 6 13 22 86 1 3 
7 5 6 54 49 19 6 2 
2 4 5 34 64 95 1 1 
5 8 9 28 18 81 8 6 
6 1 4 27 38 17 5 6 
6 9 3 93 27 87 1 4 
6 8 3 22 60 16 8 7 
4 3 2 72 55 39 7 1 
3 3 1 31 42 14 1 6 
7 2 6 42 73 40 4 6 
1 8 2 66 99 69 4 9 
1 4 8 47 60 24 3 4 
4 5 2 34 91 98 8 3 
6 6 9 74 63 23 4 2 
2 2 1 46 21 61 3 9 
2 4 4 15 92 15 1 7 
5 5 2 31 83 13 8 9 
5 1 1 77 15 72 8 5 
3 9 6 38 19 29 6 7 
6 6 1 82 24 38 6 2 
8 2 4 32 98 88 9 9 
2 7 9 36 96 27 4 7 
6 6 3 92 50 60 4 6 
3 2 9 14 11 53 2 9 
6 4 1 88 89 31 3 9 
1 10 5 13 27 97 8 3 
4 5 4 80 89 30 3 4 
7 5 8 20 28 31 2 8 
9 7 1 52 30 87 4 7 
8 7 4 37 65 30 3 9 
9 7 9 69 52 23 6 2 
1 4 2 41 54 21 7 4 
7 8 4 65 55 18 9 2 
9 9 3 56 74 92 4 1 
3 2 1 27 21 49 9 1 
8 1 4 23 83 68 6 7 
8 1 8 12 78 51 9 3 
7 6 8 16 18 30 3 3 
5 3 1 62 86 12 5 3 
5 5 1 85 10 95 8 8 
4 2 4 15 80 30 8 3 
3 8 5 74 88 29 7 6 
10 4 2 96 88 21 8 3 
7 5 7 85 73 12 3 8 
3 5 3 35 88 83 9 2 
3 5 7 27 21 45 9 4 
7 6 7 23 55 61 6 8 
7 7 9 28 43 54 6 4 
5 4 9 57 92 63 5 2 
7 8 6 95 11 88 7 1 
8 5 6 61 68 57 6 6 
1 4 7 51 94 91 1 5 
4 9 1 94 29 93 7 8 
1 9 4 33 11 73 2 2 
3 1 4 18 44 44 3 6 
9 5 9 93 37 41 5 7 
7 6 4 95 35 13 3 3 
7 7 3 83 19 25 8 2 
2 6 3 22 75 77 2 10 
2 4 6 96 11 19 8 6 
7 7 9 25 18 67 1 5 
8 8 7 25 32 15 1 9 
3 8 8 33 81 75 9 7 
9 6 4 20 72 94 2 9 
1 6 2 98 66 73 1 8 
8 2 7 31 91 10 4 9 
4 7 8 59 93 60 7 1 
8 5 5 96 58 99 3 1 
1 3 5 82 95 54 5 1 
8 4 3 31 11 37 5 6 
8 1 9 60 35 40 3 7 
6 2 1 55 49 68 8 9 
7 7 8 67 96 92 3 3 
3 4 9 25 54 18 9 3 
5 9 3 61 26 37 4 4 
2 5 4 70 87 33 2 2 
4 6 8 38 93 17 6 3 
5 5 7 11 30 81 8 7 
4 8 6 53 23 81 6 7 
8 7 8 98 23 88 5 1 
2 3 6 33 94 62 9 2 
6 1 6 83 19 40 7 2 
2 6 1 41 42 71 3 2 
9 10 4 61 73 99 4 9 
2 1 8 33 29 85 4 5 
1 8 5 37 46 45 3 3 
5 8 4 40 94 94 9 9 
2 3 1 98 99 39 5 4 
4 6 1 24 96 67 6 4 
4 9 4 21 40 50 8 5 
7 5 7 24 75 75 2 6 
8 10 5 93 61 64 5 8 
7 1 3 79 86 49 5 1 
3 8 7 97 27 35 4 7 
5 5 7 53 50 22 6 8 
3 7 8 13 37 91 3 5 
3 4 1 79 90 17 1 8 
4 8 8 65 18 93 8 10 
8 1 2 33 89 48 6 6 
3 9 2 65 81 73 4 1 
8 2 7 86 69 80 6 5 
4 7 6 85 70 78 4 6 
3 5 9 35 11 88 8 3 
9 8 7 86 23 68 4 2 
5 1 6 21 72 99 3 1 
5 7 6 79 78 29 1 2 
6 3 5 90 61 56 9 4 
3 3 2 24 55 94 3 6 
1 7 5 98 26 97 1 8 
6 7 2 89 22 41 6 6 
4 4 2 56 29 68 7 1 
8 3 8 56 78 15 9 4 
8 2 6 26 60 55 2 1 
6 1 6 45 71 59 1 9 
7 9 1 69 56 97 1 5 
5 3 2 12 15 44 3 6 
2 3 1 25 55 13 4 9 
2 9 4 60 65 28 8 7 
8 5 7 65 12 42 1 6 
1 3 7 72 56 11 7 6 
1 6 7 26 55 99 3 3 
6 6 5 10 35 60 4 4 
5 1 9 98 86 11 8 9 
9 3 10 56 34 98 5 9 
6 3 8 22 61 25 8 4 
9 8 1 54 70 61 1 5 
9 8 10 45 97 30 7 2 
9 5 9 23 51 85 9 1 
2 4 7 59 16 89 7 9 
9 6 5 66 73 78 9 6 
6 5 3 42 26 42 8 5 
3 5 5 52 63 81 7 1 
2 7 1 27 39 11 3 5 
9 7 7 88 90 62 5 1 
8 3 4 62 31 66 8 5 
4 4 4 90 39 82 8 7 
9 2 5 35 27 82 8 2 
4 7 1 25 54 79 1 9 
3 6 8 20 54 40 6 6 
1 6 2 45 87 28 6 1 
9 5 3 22 93 14 1 6 
5 1 8 50 81 19 6 7 
5 4 1 77 69 49 8 9 
8 9 1 84 79 35 5 8 
7 9 3 63 83 53 7 3 
7 7 2 20 55 71 1 5 
6 7 3 76 43 10 7 2 
4 9 7 39 20 63 7 8 
6 8 1 94 88 93 5 9 
6 6 7 21 49 41 9 8 
8 3 4 38 39 62 1 6 
2 9 2 70 63 16 3 5 
8 2 3 95 19 63 9 1 
9 6 4 22 20 72 1 5 
5 1 6 24 98 26 4 4 
5 5 9 49 89 58 2 6 
3 9 7 74 59 10 1 1 
1 10 7 59 68 42 3 8 
1 7 7 54 52 64 9 7 
2 1 1 35 74 23 2 2 
4 3 6 51 14 55 4 9 
5 3 7 63 80 21 9 8 
4 4 9 94 61 71 8 4 
10 6 9 95 99 10 6 10 
6 4 1 56 45 40 5 4 
1 8 10 18 20 25 4 8 
4 2 5 68 36 10 6 2 
8 8 5 11 58 14 6 7 
1 2 1 65 69 56 8 3 
3 8 8 27 91 10 1 9 
9 4 4 48 99 26 7 5 
2 8 2 15 68 80 3 5 
2 7 6 80 74 95 4 8 
2 3 1 89 59 45 1 5 
2 9 7 83 42 20 6 4 
6 6 3 50 24 59 1 4 
1 3 8 10 50 17 5 7 
2 7 6 60 13 28 6 8 
3 6 4 70 23 89 4 6 
7 9 6 13 87 65 2 7 
4 6 2 49 41 74 3 3 
9 4 9 35 85 41 2 5 
8 7 4 83 23 63 4 4 
9 2 5 77 41 56 9 4 
1 5 5 24 29 36 8 1 
7 6 4 32 73 30 3 3 
9 9 3 60 90 83 4 7 
5 6 1 69 96 49 7 3 
1 5 1 49 54 11 2 7 
3 1 8 31 47 29 2 9 
9 1 1 42 84 55 3 6 
8 7 1 18 84 90 7 3 
6 2 6 38 63 42 9 4 
7 6 2 16 98 41 6 1 
3 9 8 12 78 42 1 4 
6 8 5 94 89 20 7 5 
8 3 9 21 20 56 9 1 
1 6 5 42 64 43 8 8 
6 9 8 66 86 30 3 3 
9 3 4 43 62 70 7 8 
4 6 4 93 16 50 9 4 
8 7 7 47 64 18 5 7 
1 7 5 36 13 90 3 1 
3 2 2 67 86 82 5 3 
1 1 1 72 59 76 1 7 
3 7 8 64 50 79 9 3 
8 4 1 27 67 12 1 4 
6 5 9 81 25 20 2 7 
7 1 5 40 74 55 7 1 
3 5 6 17 65 60 6 5 
2 6 1 93 85 40 5 3 
5 7 7 89 93 86 3 9 
4 1 7 24 56 82 3 9 
9 9 2 53 63 88 5 6 
7 3 1 80 70 51 10 4 
3 5 8 50 23 75 6 7 
6 6 9 32 21 13 6 6 
8 8 9 74 52 35 7 7 
3 8 1 56 82 67 4 6 
8 9 2 84 32 55 5 1 
1 2 7 98 97 14 5 1 
2 6 2 75 78 25 8 4 
2 5 10 81 38 98 8 3 
8 7 8 56 35 98 7 5 
2 6 7 16 84 86 7 5 
9 7 8 65 36 35 4 3 
9 5 1 89 86 87 7 6 
9 4 2 57 68 29 5 4 
9 9 6 51 63 47 1 6 
6 4 3 77 59 25 8 7 
5 7 7 56 98 68 3 9 
5 10 10 13 43 16 7 2 
4 2 2 72 26 86 9 2 
9 6 8 71 55 88 2 4 
9 2 3 96 64 88 8 1 
1 5 5 56 23 13 4 9 
6 1 4 40 28 69 9 10 
6 6 5 14 83 96 4 1 
8 2 9 30 29 66 9 8 
7 9 6 61 30 48 10 8 
8 8 6 39 40 81 3 6 
2 10 3 31 43 12 8 8 
1 3 7 20 38 64 6 9 
3 9 5 21 95 74 8 6 
2 8 2 50 41 23 1 2 
3 7 7 28 43 12 3 3 
7 4 4 55 19 79 1 1 
2 2 5 97 83 91 7 3 
4 6 2 66 86 73 8 2 
4 6 7 34 74 89 7 5 
6 7 1 63 26 25 1 5 
8 3 8 19 72 44 8 3 
1 1 1 43 48 47 5 6 
2 3 9 89 29 83 6 9 
4 1 8 53 49 34 4 2 
9 3 2 33 17 56 10 4 
7 6 9 84 37 72 2 7 
9 1 6 27 83 50 6 7 
6 3 8 23 82 93 6 5 
1 8 4 46 54 13 2 7 
5 7 8 79 32 72 3 3 
5 3 9 56 21 16 2 3 
6 9 2 97 79 80 2 1 
10 2 5 90 59 26 4 10 
1 7 7 55 30 54 1 5 
8 1 7 15 35 72 9 7 
7 7 3 39 36 98 3 6 
1 1 7 26 80 73 7 4 
10 5 8 25 11 12 4 3 
6 4 9 25 80 33 8 1 
3 7 5 89 36 12 3 8 
5 6 9 36 90 68 3 2 
8 5 9 28 41 82 5 6 
7 6 9 99 86 61 7 8 
8 4 9 79 66 19 4 9 
6 1 7 86 57 84 8 3 
6 7 2 90 33 98 8 6 
8 9 5 51 70 68 5 4 
10 1 4 38 90 70 4 10 
5 7 2 37 44 66 3 5 
8 5 1 85 96 58 3 7 
6 2 7 95 63 41 9 9 
5 6 3 62 64 10 4 4 
7 5 1 57 28 73 6 1 
8 6 8 74 25 25 9 10 
1 9 6 50 35 45 2 3 
6 7 4 77 72 62 9 8 
1 2 2 10 22 58 8 1 
3 8 5 57 77 96 7 2 
1 7 9 61 99 15 5 7 
5 1 8 34 62 76 4 1 
3 8 1 13 41 79 5 1 
5 7 6 18 34 59 9 7 
9 9 7 54 31 64 1 6 
8 9 2 43 67 67 1 4 
3 2 4 57 23 74 9 4 
2 1 7 78 21 45 9 6 
7 6 6 51 31 96 7 9 
4 5 2 22 11 16 3 3 
5 4 7 48 12 51 5 9 
7 2 7 97 86 59 3 1 
5 9 8 16 63 42 5 5 
3 2 1 94 22 28 9 3 
8 8 7 77 43 96 8 9 
2 2 1 84 83 97 8 5 
2 1 9 63 93 87 9 8 
1 2 6 12 50 43 5 7 
4 10 1 91 79 90 7 2 
9 4 4 71 94 22 2 3 
4 7 6 35 40 89 4 3 
6 4 8 59 93 73 3 6 
1 5 3 64 59 83 4 9 
3 5 6 46 16 99 5 5 
6 7 9 51 12 60 2 2 
3 5 2 65 15 50 3 1 
2 4 4 29 27 91 5 5 
3 2 5 29 46 71 9 9 
2 7 5 88 64 65 2 5 
9 3 5 23 90 74 4 1 
1 8 5 34 99 48 8 6 
5 9 3 22 49 11 9 9 
2 4 8 98 79 67 9 5 
9 6 2 40 41 88 2 7 
8 1 5 69 14 92 5 1 
7 5 9 60 60 33 9 6 
6 8 6 12 98 43 3 3 
9 5 6 16 30 10 8 2 
9 7 4 28 98 69 6 4 
8 4 7 50 20 32 2 8 
2 6 6 48 90 26 1 1 
6 2 7 93 42 57 9 7 
2 2 4 99 66 14 4 7 
3 6 2 88 81 82 4 2 
7 2 9 45 98 40 1 5 
1 9 9 72 15 61 9 3 
8 6 7 81 78 97 6 3 
10 5 4 52 33 36 8 7 
1 5 3 71 82 37 2 8 
3 2 3 61 35 36 8 2 
8 3 5 19 94 57 8 5 
5 3 8 68 78 68 2 5 
9 5 1 46 86 77 3 7 
4 7 8 31 62 54 1 4 
3 2 1 71 44 72 1 5 
3 7 3 57 17 34 5 5 
8 1 5 33 61 38 4 5 
5 2 3 74 88 40 8 5 
7 1 1 75 59 98 5 7 
8 3 3 44 45 54 1 5 
8 9 9 40 83 16 6 2 
5 9 5 80 80 13 4 4 
6 9 7 21 35 10 1 4 
2 4 6 73 27 19 5 4 
3 2 4 59 26 70 8 1 
2 5 2 42 78 47 4 2 
1 8 5 36 51 72 6 7 
4 7 8 91 14 69 6 2 
1 7 4 78 81 56 2 1 
6 8 3 70 24 61 9 1 
4 6 8 97 86 76 4 7 
7 9 4 59 53 75 3 3 
4 8 8 84 43 36 7 5 
1 1 3 39 74 81 6 6 
8 1 1 17 81 12 4 1 
8 8 3 12 16 92 5 6 
2 4 5 78 23 98 4 6 
5 5 5 16 74 95 3 4 
2 4 6 74 55 86 1 5 
6 1 5 87 75 98 6 7 
5 9 1 71 83 34 5 4 
7 6 2 98 50 73 8 2 
6 7 2 58 43 76 4 2 
8 4 2 34 91 27 2 4 
1 5 5 18 54 97 6 6 
8 9 8 45 37 23 2 7 
8 5 1 85 79 54 9 3 
4 4 3 32 22 17 7 3 
7 7 1 38 39 31 3 3 
3 2 6 11 48 22 7 8 
1 2 4 30 17 17 6 7 
8 7 9 50 46 13 9 1 
1 5 7 87 68 59 1 2 
1 1 3 65 33 47 8 3 
9 3 4 33 99 52 1 4 
6 5 2 79 16 74 9 6 
3 4 6 35 19 19 2 9 
7 2 2 17 56 67 2 9 
8 2 3 59 38 85 1 6 
4 7 9 57 46 29 2 2 
2 2 3 53 44 73 4 6 
3 7 6 21 41 45 2 6 
2 10 4 41 68 40 7 1 
3 2 1 55 30 87 9 10 
4 6 6 39 73 62 9 2 
8 2 7 65 56 79 4 9 
2 1 3 10 98 21 8 3 
4 6 1 40 77 48 7 5 
7 9 3 27 46 41 4 2 
6 4 1 23 63 18 2 8 
5 2 5 62 84 25 4 3 
9 3 4 19 85 43 6 3 
4 9 1 94 15 72 6 6 
7 5 1 78 36 56 3 6 
8 7 9 26 44 75 5 3 
8 8 7 39 74 24 1 7 
8 2 6 26 65 25 4 2 
3 6 9 21 65 25 7 7 
1 7 7 34 62 65 1 2 
7 3 8 67 94 95 2 8 
4 2 5 92 36 72 4 3 
1 5 2 26 14 34 7 4 
6 7 4 15 76 32 5 6 
1 5 7 80 64 10 7 8 
3 7 5 20 97 28 5 1 
3 4 5 58 76 76 1 6 
7 8 5 15 56 72 4 1 
9 8 9 46 12 61 3 1 
3 4 5 10 89 34 9 7 
1 2 4 41 39 99 3 3 
1 5 6 84 61 48 6 8 
1 2 6 21 55 28 4 4 
5 8 5 88 71 73 1 1 
4 10 4 96 18 16 3 8 
8 5 7 52 27 19 1 6 
3 5 9 58 19 26 4 5 
8 8 1 57 99 45 6 3 
6 5 1 54 20 55 5 3 
8 8 1 73 35 10 2 7 
2 9 1 29 66 92 9 2 
1 6 2 58 29 35 2 9 
8 5 6 80 65 26 6 9 
7 2 8 67 64 94 5 3 
7 7 1 79 82 65 4 2 
6 10 1 58 89 11 8 7 
2 2 5 18 25 85 8 5 
1 5 2 65 39 21 3 9 
8 9 3 75 66 10 6 9 
6 8 2 78 11 65 9 1 
6 2 8 61 20 33 1 1 
6 1 5 11 50 36 4 6 
7 2 6 29 10 70 8 7 
1 8 7 81 20 45 2 2 
9 7 7 83 48 52 2 8 
8 3 2 49 82 50 6 9 
5 8 9 72 89 75 3 7 
3 4 7 60 69 36 4 7 
8 5 6 28 80 71 1 9 
3 5 2 76 46 70 9 4 
1 3 5 25 27 41 9 6 
2 6 2 72 69 22 5 9 
8 7 6 28 97 93 6 2 
3 2 7 45 82 20 8 8 
8 3 9 87 69 93 7 8 
5 6 9 29 40 54 6 2 
9 1 8 62 62 87 7 3 
5 2 8 22 97 28 1 6 
5 9 4 27 47 51 4 1 
1 1 2 70 75 74 6 10 
5 9 4 34 14 68 9 2 
3 7 7 44 88 60 6 3 
3 5 4 25 31 40 6 8 
2 2 5 20 94 70 2 6 
6 3 8 61 86 93 2 9 
8 4 5 31 54 90 5 1 
2 5 5 98 40 40 1 6 
2 6 2 34 57 68 4 3 
7 8 10 36 96 24 8 6 
1 5 1 10 89 89 9 7 
7 7 4 49 23 53 3 8 
3 5 6 98 77 24 5 1 
4 7 8 75 18 34 6 4 
2 6 7 83 13 60 1 2 
7 2 2 27 38 40 6 8 
5 1 6 72 80 64 8 6 
6 5 7 77 68 29 4 2 
1 7 7 46 79 27 5 10 
6 8 9 67 64 50 1 2 
5 1 5 46 95 52 1 2 
2 6 6 39 21 21 3 8 
7 1 1 79 61 87 5 2 
9 2 4 37 24 85 7 4 
2 5 4 65 59 44 9 9 
5 3 4 60 66 22 3 10 
8 6 1 11 86 62 1 9 
6 3 2 71 11 49 8 1 
4 3 4 43 57 34 2 3 
9 4 6 95 50 21 6 5 
1 4 8 54 40 91 9 8 
2 4 5 22 33 47 3 7 
3 8 3 39 31 10 2 8 
2 7 4 18 88 94 3 3 
6 6 7 41 67 88 4 8 
3 2 4 15 58 58 5 7 
2 3 2 75 56 12 7 2 
7 2 8 23 40 63 5 2 
8 9 9 50 83 35 6 4 
4 4 5 71 10 77 3 3 
7 5 2 58 61 25 1 6 
8 8 1 90 15 54 2 1 
9 2 4 41 81 55 3 9 
1 1 1 31 31 93 2 2 
1 8 4 62 29 51 2 9 
3 4 5 54 64 12 2 2 
6 1 7 63 64 98 8 3 
4 6 9 76 41 30 5 5 
4 8 6 15 51 77 1 4 
3 2 9 89 17 11 3 6 
1 4 6 22 93 44 5 4 
6 1 4 15 81 18 10 1 
4 6 8 43 16 21 2 6 
3 4 3 38 53 69 5 1 
4 7 3 59 80 16 4 6 
7 1 1 87 84 75 8 5 
5 2 3 80 19 42 8 7 
6 1 2 62 32 61 2 6 
2 1 5 77 27 89 7 6 
1 2 7 90 98 72 1 3 
9 6 7 40 25 12 9 5 
1 8 8 19 84 19 8 9 
6 6 1 88 16 80 1 1 
2 3 3 19 81 80 1 3 
3 4 3 39 43 75 8 4 
5 4 8 41 93 13 9 8 
9 9 6 87 79 81 1 8 
7 1 8 74 10 21 8 1 
6 5 2 34 84 19 7 5 
7 1 8 95 59 71 3 3 
3 5 8 66 69 66 1 6 
2 9 1 99 91 81 5 10 
6 4 9 97 58 33 3 10 
5 4 5 53 20 55 1 3 
2 4 5 81 61 82 4 1 
7 5 7 73 36 91 1 8 
7 3 5 70 99 87 8 5 
1 2 8 40 26 89 2 2 
9 2 8 43 81 23 8 1 
6 2 8 49 49 36 9 6 
8 9 3 36 11 55 6 1 
3 8 8 99 77 91 2 1 
5 2 3 72 66 77 7 1 
9 1 6 74 47 85 4 3 
8 9 6 28 62 39 3 3 
2 3 7 45 25 31 7 2 
2 1 2 76 68 36 1 6 
5 3 7 91 74 87 4 9 
4 1 3 36 39 96 9 3 
1 10 1 38 71 78 4 3 
1 6 2 88 86 27 6 3 
9 2 9 20 20 52 9 5 
1 7 5 36 90 91 2 9 
9 9 7 79 45 69 2 1 
8 8 6 75 62 76 5 5 
1 6 9 62 73 13 7 5 
1 5 2 16 38 37 8 3 
8 8 5 93 87 12 9 2 
8 3 7 31 20 71 7 8 
3 4 9 32 93 42 5 2 
6 8 8 68 80 11 8 4 
8 6 4 80 81 50 4 9 
3 9 1 19 44 93 2 4 
6 6 1 79 12 81 6 2 
4 6 9 27 49 35 1 1 
1 2 9 41 43 49 4 7 
1 4 8 92 51 62 9 1 
2 5 3 80 12 28 5 5 
6 6 8 70 51 54 9 7 
2 3 6 71 26 24 6 8 
7 3 7 67 10 99 5 6 
3 5 5 51 39 71 7 2 
2 9 4 24 48 92 4 5 
5 3 6 42 36 54 4 5 
6 9 8 26 78 65 1 2 
7 4 2 22 89 56 6 3 
3 4 5 39 61 62 7 1 
2 4 5 65 89 42 9 8 
9 5 4 81 48 92 3 6 
8 5 6 69 38 43 8 8 
3 8 5 38 63 47 7 3 
3 6 3 87 80 57 1 1 
7 3 4 89 71 54 3 5 
4 1 6 78 23 49 4 7 
9 4 7 92 63 35 7 7 
9 3 2 60 21 25 3 2 
9 2 7 39 89 16 7 5 
6 7 6 95 78 75 1 7 
8 1 5 23 81 48 4 9 
5 3 4 41 27 34 1 6 
5 6 2 43 20 84 3 7 
8 10 6 37 70 76 2 7 
6 3 2 94 92 78 7 5 
8 9 1 89 96 21 5 4 
1 9 7 76 88 78 7 6 
6 3 7 84 34 71 4 10 
9 6 9 47 65 90 5 9 
7 5 5 91 91 58 7 8 
3 2 6 41 87 80 5 8 
8 6 8 31 10 61 10 5 
7 4 9 77 14 56 9 2 
5 4 6 67 21 17 9 3 
3 1 3 48 69 89 3 9 
1 6 5 23 82 44 7 8 
8 3 7 83 89 21 5 7 
6 3 1 28 32 90 7 3 
4 6 2 68 92 80 9 7 
6 5 6 70 56 75 7 1 
5 2 5 16 60 25 7 1 
6 2 1 80 22 38 9 7 
1 2 3 97 92 97 1 4 
8 8 2 84 97 93 5 1 
8 2 4 80 92 35 4 5 
2 5 8 22 50 29 2 6 
3 3 8 65 62 58 4 1 
5 4 3 74 23 25 1 7 
7 8 1 72 55 42 8 2 
6 3 7 61 21 24 8 9 
5 4 9 12 86 69 6 9 
6 7 6 44 92 34 9 1 
3 3 4 97 36 70 3 8 
8 9 3 78 10 67 5 7 
8 6 3 78 23 70 6 5 
8 6 9 32 22 65 1 2 
2 1 2 20 54 55 4 9 
8 4 1 87 98 64 1 7 
2 4 9 64 84 90 9 4 
1 8 1 17 10 61 5 1 
1 2 5 55 54 53 3 3 
8 1 1 80 29 17 6 9 
6 1 7 11 81 79 9 7 
4 2 2 43 17 17 8 7 
7 6 1 61 17 17 1 5 
8 1 5 54 11 75 7 6 
2 9 8 22 66 21 6 8 
8 5 3 81 58 31 7 6 
3 1 6 83 27 94 2 3 
4 6 2 12 75 94 9 8 
5 1 8 54 55 99 2 7 
3 7 8 22 15 58 7 3 
5 6 4 67 44 36 5 8 
4 2 7 42 84 58 4 9 
5 2 7 40 39 54 7 3 
3 3 4 25 45 15 8 10 
6 6 6 10 67 28 2 6 
7 1 6 87 24 34 1 1 
7 8 7 77 85 17 1 9 
8 4 9 49 76 47 1 1 
2 1 4 25 21 53 8 4 
6 1 6 76 55 60 1 2 
7 8 6 92 79 44 7 3 
7 9 3 78 60 31 8 8 
2 7 5 63 10 47 1 5 
8 6 2 44 26 88 9 9 
6 7 1 45 52 44 7 6 
3 2 6 85 39 81 1 6 
4 9 7 12 74 70 4 3 
5 2 5 39 74 27 4 8 
3 8 8 57 58 17 3 7 
6 2 4 91 81 79 7 6 
9 9 1 45 93 88 4 5 
2 4 6 63 48 17 9 8 
8 4 4 62 19 17 1 5 
4 5 2 23 24 17 6 7 
1 5 6 10 61 96 9 5 
5 4 3 12 24 39 7 8 
4 7 1 21 81 35 2 7 
7 9 5 52 32 93 8 1 
4 2 8 37 80 50 4 8 
2 2 4 23 74 83 6 6 
8 6 1 23 69 39 7 7 
8 3 8 90 15 88 4 7 
8 9 5 48 83 91 5 8 
8 8 9 12 44 27 7 9 
9 6 7 94 97 51 4 4 
3 5 1 98 47 25 9 4 
4 4 4 68 67 95 1 9 
2 7 9 25 83 25 4 8 
3 6 1 13 43 13 1 7 
6 5 4 42 32 21 9 6 
8 1 3 67 28 62 2 6 
7 6 9 21 18 45 5 4 
5 2 4 89 38 41 2 7 
3 1 6 50 61 63 4 1 
6 2 8 71 25 23 1 9 
4 8 5 83 25 92 3 7 
6 1 1 79 87 98 3 8 
5 1 5 31 25 25 5 5 
6 10 3 72 62 72 1 8 
9 4 9 36 63 12 10 3 
5 2 8 53 47 12 8 3 
3 3 8 16 22 42 5 4 
2 5 8 68 98 67 1 3 
6 10 7 96 10 21 8 9 
3 9 5 97 85 38 8 4 
1 5 7 59 87 73 9 7 
2 2 1 89 23 91 1 5 
9 7 2 90 81 42 2 4 
5 1 6 68 16 81 8 1 
5 3 7 93 31 26 8 4 
3 6 3 86 52 89 4 8 
4 2 4 44 39 20 3 5 
8 7 4 17 16 85 6 7 
6 4 5 57 76 57 3 5 
6 2 9 87 92 87 7 1 
1 4 2 91 67 62 1 6 
5 2 8 75 91 31 4 9 
3 6 7 88 66 31 6 4 
6 3 4 37 65 51 9 9 
5 7 2 64 45 12 9 9 
9 2 8 57 37 63 3 7 
7 6 6 22 54 78 7 4 
8 8 6 76 66 19 3 3 
4 6 1 99 16 49 8 4 
9 7 7 94 45 48 6 4 
4 3 1 62 65 75 9 2 
1 1 1 66 65 87 1 7 
8 9 7 80 59 11 4 9 
2 4 2 79 85 70 8 7 
3 2 4 44 21 53 9 1 
7 2 7 81 12 79 7 9 
4 9 9 37 16 86 1 1 
3 2 8 53 74 76 8 1 
7 8 1 18 25 19 6 2 
9 6 6 22 48 82 7 4 
8 4 2 39 35 82 3 8 
9 3 9 60 76 69 8 6 
9 7 6 13 62 32 1 5 
8 9 3 55 75 57 6 7 
1 4 8 14 14 58 9 1 
4 3 5 84 64 43 6 2 
6 9 1 25 60 89 4 7 
9 1 1 93 17 80 9 3 
7 6 1 27 21 15 7 3 
2 4 4 31 20 87 8 6 
2 5 8 57 39 99 4 7 
2 3 9 16 90 93 10 8 
9 5 7 44 11 21 8 1 
3 6 4 10 47 18 7 2 
4 2 3 30 32 55 6 7 
5 4 1 92 30 53 4 1 
6 2 10 84 69 45 3 6 
7 3 8 99 18 58 5 3 
6 5 1 87 40 24 9 4 
7 9 1 57 16 72 9 3 
5 4 3 41 46 12 10 1 
2 9 2 40 11 12 2 9 
5 2 2 89 81 57 9 2 
7 9 5 60 13 28 5 6 
6 5 6 78 68 33 4 8 
1 3 3 98 94 70 8 7 
4 8 5 12 22 84 1 1 
3 3 1 44 72 23 7 6 
3 5 4 91 23 58 2 4 
3 8 3 12 83 46 4 7 
3 5 2 27 48 11 8 3 
5 5 4 46 91 90 8 9 
9 1 7 94 24 14 8 2 
1 9 1 51 53 93 3 4 
8 9 1 65 87 21 3 7 
6 9 2 94 35 74 9 6 
10 1 3 43 40 32 7 2 
1 2 10 78 23 20 4 3 
9 7 1 79 86 90 3 7 
2 5 2 49 36 78 3 1 
3 6 7 62 29 22 9 9 
5 5 7 16 64 65 2 2 
4 3 5 19 21 92 1 3 
1 4 7 66 21 59 9 5 
6 5 8 66 21 30 3 2 
9 3 9 75 82 61 2 2 
3 8 2 65 73 21 3 6 
1 8 8 66 64 67 4 8 
3 5 7 53 60 45 3 8 
4 2 2 96 26 61 4 6 
1 9 4 94 86 96 9 3 
6 1 6 75 56 53 2 8 
2 4 9 10 39 86 7 7 
5 6 9 57 99 28 5 10 
1 5 5 98 50 26 1 9 
1 1 1 95 24 62 7 1 
10 2 1 44 92 75 7 8 
6 6 3 10 34 38 7 4 
3 6 6 50 11 79 4 3 
1 9 1 73 48 95 3 2 
5 9 5 24 64 69 1 5 
8 8 9 10 29 83 4 3 
1 8 2 29 44 73 7 7 
8 4 6 35 74 56 2 7 
6 9 5 97 92 39 4 9 
4 5 4 91 64 44 9 10 
3 8 7 26 24 91 7 6 
6 9 6 47 45 81 2 1 
10 5 5 47 80 59 1 9 
6 1 9 37 43 40 3 3 
5 5 6 90 96 58 7 3 
6 7 1 30 98 22 1 2 
7 2 9 42 60 34 3 5 
6 9 3 54 14 23 9 9 
9 3 3 19 82 12 1 2 
7 1 5 33 59 23 8 1 
5 8 2 15 14 74 1 8 
8 9 3 86 26 81 9 6 
5 8 4 81 61 75 3 7 
8 3 3 83 40 31 6 7 
3 9 2 24 73 42 6 4 
4 8 10 51 27 27 8 2 
2 9 5 35 94 35 8 5 
9 7 1 76 28 67 1 2 
7 5 6 79 80 94 3 9 
1 3 1 97 11 63 1 3 
8 2 5 15 20 95 2 1 
1 3 4 50 47 30 7 3 
9 7 8 93 51 63 7 1 
5 10 3 93 39 20 6 5 
5 3 7 89 11 39 3 1 
8 3 5 91 36 36 4 1 
4 9 2 63 52 38 6 2 
8 7 8 47 17 42 9 7 
1 1 1 45 67 19 3 6 
6 1 9 36 25 51 7 3 
1 4 8 46 42 23 2 4 
9 6 3 45 88 22 2 3 
1 6 6 42 39 40 7 2 
4 8 2 88 39 38 4 8 
5 8 4 82 72 11 6 5 
3 6 7 32 78 10 2 3 
1 6 3 80 97 24 7 9 
2 3 8 10 55 16 8 1 
9 2 2 29 51 77 8 8 
7 3 6 91 58 94 7 5 
9 8 8 65 62 91 2 6 
9 7 2 89 84 82 2 8 
6 8 1 46 62 82 1 2 
2 3 3 76 92 48 9 10 
8 2 8 46 15 29 3 2 
6 7 1 47 71 84 1 1 
5 9 9 62 20 84 8 1 
9 8 7 67 17 79 6 7 
8 6 9 40 97 88 3 5 
8 3 1 31 48 46 8 8 
1 7 9 84 47 56 9 9 
1 2 4 34 62 74 8 2 
5 8 9 52 16 82 1 4 
9 1 2 61 98 21 9 4 
5 1 6 59 56 73 7 6 
9 2 2 44 25 23 7 3 
7 9 6 65 80 50 5 5 
9 1 1 49 65 81 7 8 
4 8 5 28 16 48 6 1 
5 7 9 29 32 83 9 7 
6 6 8 25 89 43 2 2 
2 8 6 30 30 17 7 6 
7 4 5 61 16 92 4 8 
6 1 8 29 79 73 7 9 
7 5 4 61 98 24 6 6 
7 5 7 52 57 99 5 5 
6 7 7 38 71 11 8 7 
9 4 6 68 31 39 7 2 
2 3 6 84 43 66 9 3 
7 4 1 21 30 52 6 8 
7 9 7 48 97 96 8 2 
9 9 10 15 54 25 2 2 
5 2 7 70 40 80 5 6 
1 7 4 80 73 60 2 7 
1 1 5 40 77 56 10 4 
6 7 7 98 16 45 2 2 
9 5 5 29 10 24 8 9 
7 5 6 77 63 50 3 10 
9 9 9 41 74 21 3 6 
6 9 2 62 35 38 2 8 
6 8 6 66 12 48 2 2 
9 2 7 47 92 48 9 7 
8 8 2 34 65 74 2 6 
5 1 1 80 14 49 4 2 
2 4 3 23 61 60 9 8 
9 4 8 55 28 69 6 1 
5 3 5 30 61 54 8 4 
6 4 4 53 91 92 8 9 
8 9 8 95 52 46 5 1 
4 4 8 99 32 81 2 6 
1 2 4 60 52 64 3 4 
3 3 8 36 19 56 2 1 
5 6 2 80 54 62 7 6 
9 6 6 73 76 66 7 7 
3 4 9 29 88 51 3 9 
8 2 4 33 32 78 2 4 
3 7 2 44 24 34 6 5 
7 9 4 57 10 47 4 7 
3 2 4 45 91 53 5 8 
3 2 3 59 66 86 2 3 
3 4 1 80 47 42 3 3 
8 9 7 95 42 49 7 4 
5 9 6 69 10 15 6 6 
6 3 6 27 30 96 8 1 
1 6 4 54 53 27 3 8 
2 6 4 70 99 40 7 2 
4 6 2 43 30 56 5 1 
3 9 1 79 93 54 10 2 
6 1 3 99 83 32 7 2 
6 8 6 32 70 15 8 1 
8 1 4 30 35 90 1 1 
10 8 8 35 15 63 9 8 
9 1 6 50 85 99 9 9 
9 6 6 13 25 28 7 1 
8 7 8 72 24 55 8 3 
2 1 2 92 69 15 5 6 
1 2 5 50 64 32 8 5 
8 6 6 33 59 38 3 6 
4 2 9 78 54 48 4 3 
7 4 2 27 39 56 3 5 
7 3 1 16 63 22 1 7 
2 8 2 57 78 25 9 3 
9 9 8 49 25 28 7 8 
2 5 3 91 65 33 8 2 
3 3 3 64 85 72 4 9 
6 8 1 22 61 30 9 5 
2 6 1 91 86 37 3 7 
1 2 2 88 40 54 4 9 
8 3 9 97 65 36 1 2 
6 7 4 92 43 72 5 3 
6 9 6 73 95 48 2 2 
4 4 4 71 54 79 2 7 
2 6 9 27 57 87 6 6 
1 6 2 33 51 63 7 5 
1 9 1 61 11 49 8 4 
1 4 2 91 11 39 3 9 
2 1 2 21 41 12 5 1 
4 1 7 36 42 93 3 5 
4 6 6 47 36 54 5 3 
5 2 6 46 49 44 4 6 
3 2 2 61 46 90 10 3 
2 6 7 91 68 47 6 3 
4 6 3 16 86 36 6 1 
8 3 7 59 82 85 5 3 
6 10 4 77 42 99 7 8 
5 8 8 59 60 77 2 8 
1 1 2 44 94 97 5 5 
5 1 8 95 67 62 1 1 
1 6 8 13 88 74 3 6 
5 3 4 18 43 76 8 4 
6 2 3 42 80 46 9 1 
5 2 5 43 33 17 1 1 
8 3 7 38 38 69 5 3 
9 6 4 28 73 99 2 5 
2 2 8 50 22 33 3 6 
6 7 1 93 47 96 4 3 
5 7 4 13 20 11 1 6 
5 7 1 53 36 69 4 2 
1 9 4 55 85 57 1 6 
3 6 8 68 10 42 3 2 
3 3 5 13 16 13 8 1 
5 8 2 86 55 39 4 2 
4 10 5 36 41 53 8 3 
6 5 9 26 10 53 2 4 
3 4 9 57 18 85 8 7 
6 3 9 80 59 63 7 7 
6 3 1 41 38 36 7 4 
6 6 2 80 76 52 5 6 
9 9 2 72 43 20 2 2 
2 2 9 60 43 73 5 9 
6 3 5 43 34 49 8 9 
7 9 6 66 99 29 2 8 
9 5 2 38 99 82 5 8 
9 6 2 60 98 53 5 6 
3 8 1 59 46 93 8 8 
9 1 1 34 43 24 9 3 
7 6 3 24 52 44 2 1 
6 7 8 17 93 26 2 6 
7 1 1 73 48 31 8 1 
8 6 2 87 28 42 8 5 
5 4 5 71 89 85 7 3 
4 8 1 86 35 83 2 7 
5 4 7 59 34 79 9 1 
6 5 2 56 72 69 3 6 
2 9 8 93 19 14 4 10 
9 6 1 28 13 96 6 5 
2 2 2 77 80 15 9 5 
4 4 3 43 11 21 4 2 
8 4 3 41 80 86 1 6 
9 8 8 95 20 38 9 9 
5 9 6 84 85 64 6 2 
2 2 6 94 69 27 8 5 
2 4 7 92 28 54 2 1 
7 6 4 19 13 92 6 8 
9 2 5 60 71 38 3 10 
4 7 5 66 24 72 5 2 
6 8 4 44 22 85 6 5 
5 8 3 26 89 75 6 6 
2 2 9 33 33 42 2 1 
6 7 5 36 74 62 5 8 
2 2 10 98 28 32 5 6 
5 4 6 97 23 82 8 9 
1 8 7 37 34 88 7 8 
4 2 8 57 96 12 8 7 
8 9 2 69 72 66 3 5 
8 1 3 42 81 30 5 7 
3 1 9 22 61 45 5 3 
3 9 3 61 28 80 6 2 
2 9 4 39 60 53 7 7 
4 5 6 30 18 47 4 3 
3 9 9 86 57 11 6 8 
2 7 4 88 23 33 9 3 
3 9 5 38 55 95 8 7 
2 5 2 70 52 93 5 6 
5 1 8 73 61 44 2 5 
6 9 7 48 11 10 9 6 
8 7 8 71 29 95 8 4 
1 2 1 33 16 20 9 1 
7 6 7 50 81 10 6 1 
5 1 6 62 26 67 7 9 
5 5 1 74 41 74 7 5 
5 2 2 11 93 24 5 2 
1 6 1 42 47 56 9 2 
5 8 5 27 93 33 2 5 
4 9 5 25 36 32 3 4 
3 8 8 72 21 66 7 1 
7 5 2 33 79 71 7 2 
8 6 7 61 72 54 8 5 
3 3 7 78 49 28 8 7 
2 3 1 65 64 39 9 1 
1 4 4 20 73 59 4 3 
1 3 9 95 71 43 3 1 
5 5 9 90 71 82 1 8 
6 5 5 45 31 55 8 3 
9 8 1 87 90 31 5 4 
6 2 4 61 11 26 8 3 
2 9 8 89 40 76 4 6 
6 4 6 38 54 56 4 5 
4 3 4 48 48 85 3 3 
10 1 3 60 63 87 10 5 
4 7 5 32 90 78 3 4 
8 5 6 29 26 35 5 4 
5 5 8 57 44 91 4 3 
7 3 7 64 29 75 6 4 
5 10 6 60 24 78 9 1 
6 6 6 37 50 76 5 8 
3 6 9 11 45 50 9 6 
2 3 3 62 66 92 9 8 
7 7 6 39 39 15 1 5 
9 4 9 59 71 30 1 9 
5 2 1 97 25 46 3 1 
6 3 4 57 62 46 3 9 
8 9 4 24 54 76 7 9 
5 5 7 60 28 47 2 4 
5 7 5 37 97 73 7 9 
3 7 2 66 21 91 1 5 
9 4 8 68 73 65 6 4 
4 3 7 28 82 23 9 8 
2 8 9 53 94 28 5 8 
9 5 6 74 29 26 3 8 
6 2 5 61 52 28 2 8 
1 8 7 41 33 84 4 5 
1 5 7 96 24 32 1 8 
9 5 2 59 68 24 3 1 
1 1 6 46 58 14 6 4 
7 1 6 10 28 30 4 1 
8 2 4 19 12 42 3 4 
9 7 1 26 57 31 8 4 
1 8 6 87 89 81 5 4 
3 3 5 22 85 86 8 4 
3 4 4 97 60 24 3 7 
9 2 8 15 34 57 9 5 
9 10 2 10 59 63 9 1 
4 5 6 47 61 80 1 2 
8 8 8 63 95 24 5 1 
7 3 8 58 60 19 8 6 
5 4 7 53 35 45 3 3 
8 3 6 73 80 13 8 8 
8 9 2 22 18 75 3 6 
8 6 3 82 81 54 4 1 
5 1 7 66 44 43 8 5 
5 2 2 78 74 63 3 2 
2 6 3 74 48 46 9 7 
9 5 8 11 86 84 7 6 
1 8 8 11 86 23 6 9 
4 1 9 37 51 66 2 8 
8 3 6 80 72 69 2 9 
4 3 3 55 51 28 3 4 
2 4 3 16 87 48 5 9 
5 9 4 43 34 80 8 9 
6 5 6 76 19 48 3 9 
7 5 3 33 59 31 5 7 
2 9 6 99 80 95 4 9 
4 7 2 43 95 78 1 4 
9 4 5 31 79 16 3 2 
2 8 2 66 95 54 4 9 
6 6 1 18 94 39 5 8 
6 6 9 62 50 10 4 5 
1 2 2 44 65 62 6 8 
4 3 4 50 61 23 8 5 
3 7 6 18 83 21 9 4 
4 5 2 76 22 34 6 5 
1 6 2 25 68 33 9 4 
2 1 3 99 14 25 3 4 
3 3 2 61 46 55 8 4 
5 9 6 88 32 49 7 1 
9 8 9 97 61 37 8 4 
4 2 8 84 88 29 9 8 
6 2 1 43 70 19 6 8 
6 8 4 99 82 19 1 9 
7 6 1 79 78 67 7 2 
7 4 5 30 20 10 1 3 
1 5 2 72 97 49 3 9 
10 4 9 26 12 18 7 6 
5 2 5 68 47 83 8 4 
8 9 9 73 48 78 6 6 
6 2 2 66 53 76 6 3 
7 6 7 65 42 40 7 6 
9 1 7 40 57 97 3 9 
2 5 8 91 41 84 2 7 
2 7 2 98 14 63 7 6 
9 1 4 39 80 13 4 8 
2 9 3 88 59 92 7 7 
7 3 5 29 78 79 5 9 
6 9 9 90 77 79 3 7 
1 7 5 60 66 78 5 6 
1 2 7 70 81 91 8 3 
1 3 6 91 28 41 4 5 
7 4 2 30 95 46 9 9 
5 2 5 66 69 79 9 8 
6 2 7 43 47 26 1 8 
4 2 9 23 87 76 2 3 
7 5 1 62 95 32 3 4 
8 4 1 48 14 27 6 2 
9 6 2 90 33 58 2 3 
1 9 10 70 48 32 8 8 
4 3 8 40 64 25 9 3 
5 6 7 45 97 72 3 8 
7 1 3 40 57 47 2 8 
7 5 1 32 51 97 9 3 
5 8 7 45 47 54 2 1 
2 2 1 79 64 68 9 4 
5 5 7 85 64 34 6 7 
5 8 8 37 46 20 1 7 
1 5 4 31 74 16 3 5 
4 5 1 58 70 52 5 3 
1 4 2 43 11 63 8 4 
9 5 8 90 78 65 9 9 
6 2 4 60 32 98 1 6 
9 8 7 74 90 90 5 7 
2 8 5 28 52 43 1 4 
5 9 4 55 57 74 9 2 
2 3 6 34 67 39 3 3 
9 1 7 55 55 97 9 6 
4 2 5 95 97 80 6 8 
1 8 5 66 15 10 2 4 
4 1 2 56 35 78 8 2 
2 7 7 15 87 99 2 1 
4 7 3 89 63 51 8 5 
7 8 8 74 11 46 8 9 
1 6 7 15 16 60 1 9 
6 6 8 22 96 26 6 4 
5 3 6 52 33 48 1 5 
10 9 5 10 95 91 1 9 
8 9 3 70 85 41 1 8 
6 3 8 23 81 39 1 9 
3 8 6 51 24 23 5 3 
4 1 2 76 55 47 10 9 
7 7 7 27 32 80 2 1 
4 8 1 69 98 84 5 8 
2 3 3 13 72 96 5 2 
6 2 8 50 49 45 9 4 
4 3 4 54 59 35 3 5 
4 7 4 48 62 22 5 8 
8 9 2 82 16 38 5 3 
3 1 2 95 50 85 1 9 
3 9 8 41 33 32 3 9 
8 4 5 69 88 37 1 4 
5 4 4 28 12 50 6 6 
2 8 8 74 34 60 4 7 
2 2 6 89 17 59 3 7 
5 2 5 70 70 59 9 4 
10 2 5 85 79 62 6 3 
8 5 3 22 80 64 8 5 
8 7 5 58 99 78 6 7 
4 1 3 84 76 64 7 7 
5 8 9 20 57 25 2 6 
1 5 8 50 23 24 5 1 
4 2 6 67 38 47 4 3 
1 3 3 66 58 82 2 6 
7 9 3 64 32 41 5 1 
7 1 4 91 16 86 5 5 
8 5 9 61 89 29 5 5 
5 2 7 23 69 87 9 4 
4 3 1 52 46 13 3 2 
5 2 2 84 64 82 6 3 
1 5 4 89 14 59 5 4 
9 1 9 85 92 39 7 5 
3 5 4 41 71 83 3 2 
4 9 1 91 43 58 2 3 
6 1 9 56 39 80 7 8 
3 8 7 73 79 16 5 10 
7 5 7 94 67 74 7 2 
5 8 5 63 21 35 4 5 
6 7 4 74 21 81 9 7 
4 3 3 58 51 39 9 8 
8 6 8 96 99 76 5 9 
3 6 4 48 27 28 9 9 
2 7 1 45 26 40 2 7 
9 3 2 64 54 45 3 4 
3 8 2 86 36 42 3 7 
8 9 2 31 94 52 1 8 
5 8 6 80 32 43 1 6 
3 5 3 24 93 22 5 4 
7 8 2 25 22 92 1 9 
4 3 2 63 51 83 9 4 
7 1 3 28 74 30 10 3 
6 7 3 65 27 65 9 2 
6 5 6 37 56 85 6 2 
8 1 2 52 13 91 4 2 
2 7 1 83 83 44 1 2 
3 6 2 30 16 90 3 1 
7 9 8 48 98 16 1 4 
9 3 8 31 32 37 1 9 
8 5 1 91 36 48 9 3 
4 5 6 46 99 26 4 3 
4 2 1 45 63 29 9 1 
6 2 9 26 87 90 1 8 
5 7 4 61 77 57 9 3 
5 6 3 39 50 58 2 1 
2 1 3 36 57 92 3 9 
5 3 4 68 56 36 4 7 
3 7 4 54 40 11 1 5 
4 3 5 51 89 45 2 6 
9 4 5 46 11 97 8 8 
3 4 5 43 37 33 9 9 
7 6 9 13 28 74 6 3 
7 5 8 19 16 23 3 7 
1 2 6 24 38 39 8 5 
6 2 8 97 30 69 2 2 
1 7 9 21 63 25 3 1 
2 2 9 11 15 78 6 8 
2 8 7 23 17 13 7 9 
3 1 9 31 33 70 3 3 
7 9 3 38 15 16 4 4 
4 9 3 21 98 48 8 5 
7 8 5 44 40 25 6 7 
4 5 2 85 42 16 4 1 
2 6 5 50 34 30 3 9 
9 5 1 53 61 78 6 8 
6 7 2 48 72 47 5 9 
6 7 1 63 77 70 4 5 
5 4 6 38 94 69 1 1 
4 2 6 97 68 52 9 5 
3 8 8 52 44 29 3 7 
3 9 3 66 48 44 8 8 
1 7 3 76 92 69 8 6 
2 2 3 24 39 67 1 3 
1 1 7 19 11 82 4 6 
2 9 4 82 27 39 9 9 
7 5 4 12 53 69 8 5 
4 1 5 37 87 12 5 6 
3 3 9 54 55 14 9 10 
7 1 7 12 34 72 1 8 
6 7 3 57 77 42 5 4 
4 7 2 35 95 67 3 3 
7 6 3 77 50 54 6 4 
4 2 8 83 22 50 9 5 
7 3 7 53 82 11 1 7 
4 6 1 43 91 55 4 4 
4 4 7 95 54 77 7 9 
1 1 3 71 64 70 3 6 
3 3 5 19 24 94 3 7 
5 2 8 24 40 95 8 6 
3 9 6 30 87 61 4 9 
9 8 5 94 93 99 6 6 
7 7 3 67 57 64 5 2 
4 5 8 23 46 66 4 7 
1 7 5 22 29 32 1 3 
2 1 8 58 49 33 10 7 
9 7 9 16 47 16 8 6 
4 2 9 57 93 44 6 3 
1 2 9 96 64 86 2 2 
6 8 5 22 80 48 1 2 
2 3 1 83 49 29 4 1 
4 3 1 81 77 94 2 8 
3 5 7 96 31 26 4 5 
8 7 7 27 17 71 1 1 
7 9 9 15 48 13 8 1 
9 3 3 94 99 45 8 6 
1 5 4 38 70 73 8 4 
2 3 6 61 39 95 6 1 
6 2 6 43 29 72 3 6 
5 9 1 66 29 23 4 5 
4 1 3 59 38 93 7 4 
7 4 5 73 82 31 3 1 
7 7 8 48 25 47 8 6 
7 9 8 26 84 79 3 3 
2 3 1 32 21 13 4 7 
9 2 5 51 60 44 9 7 
2 9 6 60 20 29 9 6 
6 5 8 87 97 79 6 9 
3 3 2 19 15 97 7 5 
7 7 5 47 64 92 1 8 
2 4 1 40 71 16 8 3 
8 4 8 33 84 35 9 9 
4 1 3 58 29 49 8 5 
7 5 1 24 97 80 1 7 
6 6 3 58 56 25 7 2 
9 7 2 37 17 69 1 7 
8 7 1 66 55 45 6 2 
9 9 7 18 97 89 2 6 
8 3 7 46 42 32 2 1 
3 6 4 23 70 85 6 2 
9 7 2 38 20 76 9 4 
9 3 1 46 98 24 5 7 
8 1 8 55 67 73 4 4 
6 4 5 68 82 97 5 6 
5 3 2 62 15 69 4 1 
9 3 8 18 89 83 3 1 
8 7 1 73 25 73 7 7 
5 3 2 49 35 15 9 6 
4 4 7 54 28 49 4 6 
5 5 5 15 42 15 9 4 
3 3 5 73 54 41 5 3 
9 6 2 89 55 93 7 7 
5 5 4 51 38 75 2 6 
1 6 9 47 54 13 5 3 
1 6 5 25 56 79 2 1 
4 7 1 51 96 83 5 6 
2 10 7 87 19 22 7 2 
6 3 10 11 41 64 6 6 
4 5 4 80 51 34 7 1 
9 6 6 96 62 79 1 3 
7 8 8 93 38 80 8 6 
7 3 5 46 55 29 3 2 
8 6 3 74 64 52 9 5 
1 1 8 67 19 68 5 2 
5 3 3 89 41 44 2 6 
5 2 7 35 76 61 6 8 
5 9 6 84 37 33 7 5 
5 1 2 85 60 64 3 3 
2 7 8 23 53 68 8 3 
4 7 1 14 80 25 6 1 
1 3 4 56 12 92 1 2 
4 10 6 92 88 29 2 2 
1 2 6 18 88 35 10 2 
9 4 3 66 74 72 7 2 
7 9 8 85 38 41 6 1 
7 5 4 12 12 38 6 2 
9 7 1 90 60 57 2 7 
1 8 3 87 83 80 2 3 
9 7 7 81 28 16 8 9 
1 7 5 52 74 85 1 3 
1 7 2 94 13 72 4 1 
2 2 6 25 19 82 5 6 
9 5 6 99 47 25 1 3 
9 8 6 46 49 32 8 7 
4 7 4 48 92 16 5 5 
2 3 2 75 19 91 7 8 
9 1 4 10 84 57 4 7 
6 3 9 90 96 67 1 1 
2 4 1 37 87 13 9 7 
8 9 5 11 17 11 3 3 
5 9 2 64 57 22 6 5 
8 8 4 55 65 46 6 4 
1 4 5 57 23 27 4 9 
9 5 9 95 49 91 1 10 
9 5 1 91 11 15 3 2 
2 6 4 56 50 86 1 9 
5 10 8 94 78 27 2 6 
3 4 9 90 36 67 8 3 
8 9 3 26 56 91 5 1 
7 7 1 52 94 19 1 8 
4 7 2 52 26 23 6 1 
1 8 1 15 92 82 5 1 
8 7 1 15 41 86 6 5 
5 5 7 12 54 65 1 4 
8 1 7 49 57 31 4 3 
10 1 2 87 10 39 3 4 
6 5 2 23 58 96 6 7 
6 6 2 26 96 69 2 3 
9 9 3 69 48 37 1 6 
5 8 3 83 60 79 8 4 
1 4 5 32 29 60 9 6 
9 9 3 91 72 96 2 8 
5 6 9 80 84 21 3 5 
1 6 7 86 74 21 5 2 
4 9 7 30 97 40 3 2 
7 8 1 93 10 11 9 1 
2 7 8 68 34 45 7 9 
4 1 2 55 19 51 9 4 
6 6 6 99 15 91 2 9 
4 4 5 37 99 30 7 6 
4 9 2 42 90 57 5 8 
8 7 9 90 40 12 9 3 
7 4 6 62 67 18 8 8 
2 9 3 60 84 72 1 7 
3 2 2 94 87 43 4 7 
7 9 8 63 37 29 7 5 
1 3 1 74 12 56 2 6 
6 4 2 44 24 48 2 7 
6 7 2 87 63 41 4 4 
8 4 7 12 84 46 1 6 
3 8 8 71 63 51 7 3 
4 4 8 16 30 28 1 7 
7 2 2 22 35 89 5 2 
2 4 8 48 19 28 9 4 
7 6 7 52 76 88 8 5 
