8 350
5 6 4 64 98 23 7 4 
5 5 8 11 34 67 5 9 
3 9 3 85 72 51 8 1 
2 7 7 49 62 77 10 7 
3 7 2 10 54 17 2 9 
8 7 4 10 62 56 1 5 
4 2 4 66 69 73 5 3 
8 4 7 37 10 19 5 7 
2 1 1 24 75 36 1 5 
5 5 5 23 35 85 7 6 
7 3 1 98 58 10 8 1 
4 5 6 76 71 58 1 2 
9 2 4 65 64 21 5 9 
4 8 9 33 32 48 8 9 
3 7 7 50 33 69 2 2 
2 5 1 25 63 48 1 7 
4 8 2 97 12 17 5 7 
9 3 4 79 54 77 7 7 
7 1 3 29 60 68 6 4 
3 3 6 24 76 24 1 6 
2 9 5 65 92 11 6 7 
5 1 4 56 79 15 4 9 
5 3 5 76 28 25 4 9 
9 3 1 21 57 24 5 1 
8 4 4 39 74 61 8 7 
8 7 4 94 64 42 5 5 
4 3 1 47 52 36 1 2 
8 5 7 87 31 74 3 4 
1 5 3 81 54 10 3 6 
4 2 9 22 81 95 2 6 
1 4 3 55 84 85 7 3 
8 6 1 13 23 79 1 5 
9 2 2 18 72 73 5 3 
7 4 2 30 49 52 8 9 
5 1 5 12 77 63 8 3 
3 5 4 46 98 97 8 8 
3 2 10 67 52 93 7 8 
5 6 2 95 83 23 1 4 
1 1 5 12 60 87 5 7 
7 7 1 27 70 41 1 2 
9 2 4 62 25 12 7 7 
7 1 6 93 93 48 5 8 
9 6 7 56 54 24 9 6 
3 5 7 70 18 59 6 7 
5 6 6 49 23 55 7 1 
1 5 3 13 32 19 4 5 
6 6 9 79 56 53 6 7 
4 5 5 73 58 34 6 3 
7 5 9 31 47 63 8 9 
7 8 5 30 22 90 3 6 
1 9 3 87 35 95 5 2 
4 7 4 19 78 18 4 4 
3 7 4 39 15 61 5 2 
2 9 8 54 43 82 2 2 
1 2 5 44 89 48 4 6 
3 1 8 90 92 91 7 2 
6 1 8 56 87 34 8 6 
4 8 5 94 47 62 7 8 
4 2 7 74 89 16 7 8 
4 1 2 47 18 70 6 8 
8 7 6 90 89 53 2 4 
4 7 2 16 22 52 7 3 
4 9 6 71 91 42 8 8 
4 1 5 53 50 54 7 9 
3 2 1 17 97 46 3 9 
8 2 2 27 40 61 4 6 
4 4 4 64 48 23 7 10 
7 4 8 83 81 43 1 5 
6 6 6 81 43 42 4 4 
7 2 3 70 86 38 2 6 
1 9 4 56 41 33 3 8 
2 6 1 51 43 24 7 6 
1 8 6 35 47 38 5 7 
8 3 5 43 14 16 2 6 
8 4 8 36 26 42 9 6 
4 5 6 95 46 14 5 6 
7 8 2 19 69 85 6 6 
9 1 9 27 97 57 3 7 
6 8 8 69 75 67 4 5 
6 3 8 49 92 34 9 2 
4 8 9 39 57 58 8 9 
6 3 9 63 21 32 8 2 
2 8 6 66 85 70 4 8 
7 2 1 70 66 50 6 1 
4 8 4 69 61 15 7 3 
4 2 1 90 99 63 1 7 
5 6 9 49 71 28 5 3 
9 3 9 52 21 96 8 2 
1 8 1 96 67 61 2 2 
8 5 6 55 57 20 9 7 
3 4 4 84 31 21 7 6 
2 8 1 19 26 42 8 7 
6 6 4 24 36 25 3 7 
4 8 6 40 49 72 8 8 
8 3 3 25 58 16 10 7 
2 2 4 79 29 49 1 9 
1 3 5 81 33 29 3 4 
2 9 7 65 61 42 9 2 
2 8 7 11 77 20 9 6 
4 4 2 39 11 92 8 4 
7 8 8 21 40 94 4 4 
1 6 7 85 54 83 6 4 
4 4 3 92 66 77 2 7 
3 6 8 38 64 21 4 2 
3 2 2 77 16 51 9 3 
2 7 1 86 23 20 8 9 
1 1 8 22 82 30 4 6 
6 1 9 83 47 12 1 9 
8 7 8 31 74 63 3 3 
1 5 4 93 12 56 4 8 
8 6 3 66 68 67 3 1 
9 2 6 60 43 20 5 2 
6 5 5 89 17 42 1 3 
8 9 8 97 83 81 8 5 
6 7 8 52 27 46 9 5 
4 5 3 90 98 22 5 7 
3 4 7 12 37 27 8 3 
7 4 8 75 61 66 8 1 
6 4 5 54 57 38 8 2 
4 4 8 15 51 78 3 9 
10 10 7 41 81 27 6 5 
3 2 6 56 77 64 10 8 
5 2 1 57 32 61 4 7 
1 8 8 39 23 76 6 4 
6 5 5 65 93 65 3 1 
6 4 1 25 64 48 6 7 
4 4 4 17 62 47 1 3 
7 6 8 57 97 15 5 1 
10 5 7 21 52 15 5 9 
4 8 10 59 21 86 2 6 
6 9 5 24 22 35 9 6 
8 1 9 95 52 35 5 4 
8 2 4 78 83 70 7 7 
3 2 7 92 24 10 2 2 
2 7 7 56 39 52 3 1 
8 5 2 68 94 89 6 2 
2 1 2 19 42 60 9 3 
1 1 8 89 92 59 2 5 
8 9 6 59 52 77 3 2 
5 4 8 97 10 37 5 9 
8 3 7 85 48 73 4 5 
5 1 4 80 33 37 2 7 
6 6 3 23 26 50 5 2 
9 4 1 25 60 98 2 4 
3 4 2 38 44 67 6 1 
4 1 5 54 35 32 4 6 
3 1 9 19 38 95 4 2 
9 2 1 96 80 29 1 3 
4 3 3 59 89 86 7 6 
7 9 8 78 31 99 3 4 
3 7 10 78 48 67 5 1 
2 8 5 93 90 36 6 9 
5 8 1 27 97 78 8 1 
5 4 9 27 30 63 9 5 
1 7 7 73 14 89 1 10 
3 5 7 77 95 72 9 2 
8 3 5 91 73 45 2 9 
2 5 4 33 82 31 6 4 
5 5 6 70 11 83 4 5 
9 7 8 78 50 46 3 7 
2 6 4 34 40 37 7 9 
8 9 1 97 14 46 2 8 
1 6 9 19 59 16 6 4 
5 4 4 60 94 72 6 1 
3 4 7 60 59 34 2 2 
4 8 3 27 47 68 5 1 
5 4 1 54 21 29 4 4 
10 9 4 49 82 98 3 6 
5 2 5 54 75 17 2 2 
4 4 3 24 87 32 9 8 
9 3 3 59 74 56 5 4 
8 4 1 92 96 61 10 4 
6 8 4 13 59 21 6 9 
7 2 6 84 36 37 9 9 
6 3 5 17 82 71 6 2 
2 2 3 27 81 88 8 1 
2 3 7 56 45 88 3 6 
8 9 9 84 79 71 8 6 
7 4 6 47 82 52 7 8 
5 3 6 52 90 48 3 5 
1 6 1 60 71 70 7 6 
9 3 8 10 17 15 9 2 
8 3 3 76 36 52 9 9 
9 3 7 71 52 52 2 5 
9 8 9 97 92 23 3 4 
7 7 7 50 47 67 6 7 
8 3 8 26 20 80 10 1 
4 8 6 95 48 95 8 4 
3 8 1 30 18 87 1 9 
8 8 5 77 99 47 2 4 
1 4 1 28 44 84 9 9 
8 4 8 75 51 47 6 6 
7 9 7 10 66 21 9 7 
3 3 5 71 33 23 7 6 
7 1 8 28 29 75 8 9 
7 7 2 29 11 85 7 2 
4 3 7 85 14 66 6 5 
1 7 1 47 58 19 6 4 
1 3 3 66 43 59 7 1 
7 1 2 52 85 40 4 8 
8 3 8 73 90 88 4 2 
5 5 4 75 97 31 2 3 
8 8 4 88 64 13 7 5 
9 4 7 24 89 37 7 2 
3 9 1 63 95 84 6 2 
1 6 6 23 16 37 6 4 
2 1 7 15 34 79 4 3 
4 9 6 72 41 23 5 6 
7 7 8 51 76 24 3 1 
4 8 9 60 61 61 9 7 
2 5 5 52 59 62 2 7 
5 4 6 12 91 78 5 4 
5 2 7 13 72 25 3 9 
7 8 3 39 68 85 4 4 
4 1 4 67 56 28 7 7 
5 4 5 21 47 83 1 5 
2 7 6 59 55 73 5 7 
9 7 9 44 66 26 5 3 
7 7 8 54 82 26 5 3 
1 5 8 40 51 70 2 6 
4 8 4 14 86 22 9 8 
8 1 9 34 76 18 8 8 
1 8 6 11 59 66 1 3 
6 3 6 83 76 76 7 2 
7 3 1 19 61 89 2 6 
3 8 1 43 63 82 4 6 
8 1 9 63 96 39 8 3 
5 2 8 74 13 16 8 2 
1 3 7 27 68 40 3 3 
1 9 3 69 29 93 1 8 
3 6 4 26 76 33 5 1 
3 5 9 97 62 89 4 8 
1 2 3 30 55 83 2 5 
2 2 6 90 54 35 2 4 
2 7 1 13 42 31 3 6 
4 4 8 36 92 38 7 6 
8 9 5 81 82 37 6 3 
1 1 7 27 49 56 3 5 
9 6 1 98 57 67 6 2 
3 2 4 93 22 45 8 2 
7 8 8 84 39 61 6 1 
8 1 4 76 39 69 5 5 
9 2 5 34 46 50 9 9 
5 2 7 56 91 63 4 7 
9 4 4 96 84 18 2 1 
8 8 8 44 41 22 3 1 
1 2 7 74 17 62 9 6 
6 10 6 15 34 43 3 3 
8 9 3 22 14 67 6 6 
5 4 9 89 16 25 8 5 
9 1 6 21 49 20 4 2 
6 4 7 33 52 61 8 2 
3 2 6 64 53 18 1 4 
8 9 4 93 33 32 4 8 
2 6 6 83 71 56 8 6 
5 4 7 27 21 60 6 7 
6 3 7 20 44 14 2 1 
2 8 4 35 85 30 2 5 
3 3 3 19 55 23 9 8 
9 7 3 30 69 24 2 7 
1 1 1 21 26 31 8 8 
3 4 5 28 69 72 1 7 
3 1 8 31 74 26 1 8 
6 1 6 94 93 89 4 3 
5 2 9 24 74 98 2 6 
6 9 1 79 27 49 5 2 
5 4 4 42 66 75 9 7 
1 8 5 47 45 68 5 6 
4 5 9 79 78 33 7 1 
6 6 9 37 15 22 5 7 
1 7 6 15 65 72 5 10 
7 6 7 12 37 51 9 4 
2 2 4 85 63 26 6 8 
1 5 7 45 49 39 3 9 
3 5 6 23 32 94 9 5 
9 5 1 34 99 91 1 1 
1 9 2 58 94 37 3 4 
1 9 5 69 50 62 9 5 
5 4 7 58 47 13 8 1 
9 6 7 67 19 83 1 6 
5 2 4 76 68 70 2 7 
6 9 2 15 62 42 9 2 
8 3 9 60 14 53 10 7 
2 8 5 10 27 16 4 1 
1 9 4 63 92 38 1 8 
6 3 4 34 52 28 4 6 
9 6 3 48 72 29 3 9 
1 4 5 22 71 29 3 2 
6 7 7 74 80 33 4 10 
2 2 2 24 85 15 3 6 
6 4 9 42 54 23 3 5 
6 8 3 95 11 87 3 9 
3 9 3 91 20 43 5 1 
4 3 3 62 84 93 9 8 
1 9 5 86 22 22 6 2 
7 6 8 87 33 64 1 5 
9 4 9 59 96 36 7 6 
5 2 2 79 60 59 4 1 
5 7 9 53 84 80 2 1 
4 8 4 75 68 39 4 3 
2 8 4 19 91 27 5 3 
5 2 2 15 55 98 5 5 
4 4 3 34 65 50 10 5 
8 9 8 50 13 34 7 2 
9 8 6 94 83 92 9 1 
4 2 3 35 35 58 3 1 
2 1 1 65 27 23 2 6 
5 4 6 50 72 75 3 2 
9 1 6 97 64 21 6 2 
9 9 1 64 71 13 6 3 
8 2 3 16 24 53 8 7 
5 2 5 91 49 30 5 3 
8 2 3 68 28 30 3 1 
4 1 8 87 27 72 5 3 
5 9 1 35 61 27 2 9 
8 6 1 84 30 11 8 9 
6 6 1 87 31 18 3 8 
5 5 6 53 77 10 3 2 
8 5 8 97 55 72 6 7 
1 3 2 47 99 31 2 4 
2 1 4 48 71 51 3 6 
4 7 5 48 67 60 1 4 
5 6 6 52 97 30 2 5 
4 9 10 48 83 70 5 2 
3 8 9 27 12 23 3 7 
3 5 9 78 50 12 6 6 
2 1 3 80 57 49 5 2 
6 6 2 85 92 64 7 2 
1 5 4 73 85 46 3 9 
3 2 7 93 83 60 5 5 
1 5 8 63 92 24 1 7 
5 4 1 10 16 15 1 9 
4 3 1 42 47 83 9 3 
5 4 9 68 57 43 3 2 
9 1 2 64 30 61 2 4 
2 6 8 72 13 32 5 8 
5 6 9 75 91 40 6 9 
9 6 6 12 54 59 7 3 
4 5 4 37 93 10 3 7 
9 4 1 10 88 50 5 4 
4 7 1 59 38 46 8 5 
5 3 5 87 43 40 2 8 
9 1 3 11 62 88 6 1 
8 9 9 78 28 86 2 10 
6 4 7 30 60 59 3 1 
6 2 4 93 21 54 1 4 
6 7 4 71 19 49 9 5 
9 7 6 72 12 80 3 8 
2 8 2 51 77 55 1 5 
6 1 3 49 26 94 9 8 
