8 4850
9 1 1 41 14 58 6 9 
1 9 8 93 46 74 1 1 
5 1 5 43 94 97 3 6 
8 6 5 97 69 30 6 2 
8 2 5 22 60 79 4 3 
6 3 1 66 54 31 8 4 
9 5 1 70 58 81 3 8 
3 6 3 45 21 38 2 5 
9 2 2 96 94 54 7 2 
9 7 8 37 57 16 9 5 
3 9 6 35 29 67 7 6 
6 4 5 29 18 90 9 7 
5 4 2 29 50 72 2 7 
8 7 2 67 78 66 9 4 
2 5 6 44 34 46 4 8 
6 10 6 88 38 12 1 7 
1 3 8 93 11 51 2 9 
8 3 5 38 34 85 9 4 
4 4 5 52 49 54 2 8 
7 3 9 43 47 26 3 3 
9 7 8 81 10 57 4 3 
9 9 3 24 55 75 6 6 
2 8 5 76 11 26 2 3 
7 5 6 58 68 95 8 5 
3 1 2 27 45 89 1 8 
8 7 1 17 54 16 7 3 
9 2 9 29 22 84 5 1 
8 3 9 85 79 29 6 7 
6 8 1 65 35 36 4 1 
10 8 4 63 43 52 5 8 
2 6 2 65 43 13 5 6 
5 7 3 32 52 20 9 3 
7 1 5 47 45 53 6 8 
9 6 7 34 80 29 4 9 
4 1 4 83 72 63 7 8 
5 5 7 92 75 42 1 6 
3 9 1 16 14 37 6 2 
4 3 6 91 71 24 2 4 
7 7 9 34 58 68 6 4 
4 2 5 10 92 25 6 9 
3 7 9 19 50 16 3 1 
3 9 3 73 13 20 1 4 
5 8 5 95 42 47 3 1 
3 2 5 47 98 94 8 1 
6 4 3 26 31 78 6 9 
2 2 2 68 18 15 5 8 
6 7 6 69 88 72 7 9 
2 7 7 16 50 73 7 10 
3 2 1 86 53 44 5 8 
9 1 1 68 72 21 9 1 
4 6 9 72 65 77 3 4 
1 9 2 90 86 65 7 4 
2 9 7 51 18 22 9 9 
6 1 1 70 31 92 2 8 
7 7 9 22 60 72 5 1 
2 9 9 84 46 75 8 5 
2 1 3 47 57 57 6 2 
1 1 3 88 12 16 5 8 
4 3 4 84 26 21 2 2 
6 7 7 40 50 63 1 2 
4 6 4 48 58 47 4 7 
8 1 3 60 41 18 6 5 
5 9 1 17 28 88 8 4 
5 6 4 38 18 55 5 7 
8 4 5 83 59 92 10 4 
6 6 3 38 53 26 6 3 
8 6 3 34 24 17 6 6 
8 9 2 50 11 61 5 1 
9 1 8 78 56 34 2 7 
5 5 3 54 91 63 1 7 
3 1 7 28 87 99 3 3 
8 5 3 11 30 95 4 9 
9 10 6 68 95 15 6 3 
1 2 4 11 93 41 2 5 
1 8 9 73 63 87 7 5 
1 5 2 80 78 31 6 3 
8 9 1 90 84 80 5 9 
9 3 4 91 57 24 9 1 
2 3 4 44 45 38 1 2 
4 1 4 22 59 98 6 9 
9 6 7 23 76 27 9 1 
4 2 10 53 93 63 2 6 
5 3 8 70 97 14 1 8 
3 4 7 83 79 77 4 8 
4 2 1 60 12 61 5 9 
2 7 7 76 54 30 8 1 
4 7 1 87 16 55 9 7 
7 1 5 78 62 74 3 7 
4 3 5 97 86 89 8 10 
5 3 9 53 74 50 6 7 
2 1 5 15 53 73 3 4 
4 9 6 58 28 74 6 6 
4 2 5 72 42 11 6 6 
7 3 5 61 56 60 9 5 
4 4 2 84 55 87 5 6 
3 5 5 24 65 19 3 7 
6 7 1 35 83 25 6 5 
3 1 6 20 35 72 8 7 
8 3 7 44 31 94 8 6 
3 5 9 15 99 37 2 6 
4 7 4 82 16 88 6 2 
5 4 7 71 83 38 9 4 
3 1 1 88 89 70 6 9 
3 9 8 39 49 35 6 7 
3 6 2 75 80 95 4 3 
7 8 5 83 86 63 6 5 
4 6 6 20 87 71 9 10 
8 10 4 24 69 11 3 9 
2 8 7 85 62 68 8 9 
9 8 6 65 65 32 4 4 
7 2 9 44 18 61 4 3 
9 3 9 95 30 60 1 2 
3 5 2 84 36 72 8 7 
8 1 4 56 65 45 1 6 
7 8 5 46 51 15 1 5 
8 3 9 63 65 40 3 3 
9 5 7 47 13 49 3 8 
8 7 10 45 90 51 4 9 
6 4 1 59 66 56 9 5 
8 1 3 82 51 62 2 9 
4 1 3 24 68 56 4 2 
2 7 2 42 89 78 2 1 
2 5 4 62 93 28 2 1 
1 2 1 78 30 94 7 9 
4 9 6 71 44 14 6 3 
1 4 4 89 59 90 3 1 
3 6 3 42 65 33 8 4 
5 4 8 25 70 21 2 5 
2 2 8 15 62 50 1 4 
7 5 5 60 25 11 3 7 
6 5 5 89 64 77 1 4 
8 8 7 52 35 56 1 9 
1 8 7 59 93 21 7 2 
3 10 9 76 36 52 4 6 
6 3 8 39 82 55 3 4 
8 4 9 24 96 73 8 3 
7 8 6 20 62 58 8 4 
8 7 6 86 40 38 2 4 
8 6 1 47 62 53 6 9 
5 1 5 74 51 12 3 5 
8 3 2 66 54 40 3 6 
6 1 8 82 35 92 7 3 
7 8 5 30 88 14 1 4 
1 3 6 79 33 89 5 9 
7 1 2 95 97 96 8 5 
2 7 6 91 15 10 6 5 
9 9 9 19 13 87 8 9 
5 1 1 94 15 48 4 6 
1 5 1 28 76 81 4 8 
7 4 7 96 28 19 9 6 
5 3 3 36 49 77 6 8 
4 5 1 92 31 91 1 6 
7 7 4 56 43 76 5 5 
5 9 1 33 43 87 9 2 
4 6 3 13 22 64 9 7 
9 5 7 88 19 46 6 1 
3 9 4 99 65 96 6 5 
7 9 1 25 82 79 7 7 
1 8 9 53 47 39 1 9 
5 2 6 99 56 28 6 5 
1 1 5 64 75 80 1 1 
7 3 4 36 18 22 2 4 
8 5 5 23 79 62 4 9 
9 6 3 50 52 30 3 6 
1 2 1 81 95 15 7 4 
7 8 6 29 11 98 9 5 
5 3 4 55 93 92 7 2 
2 4 10 76 69 91 8 2 
7 6 7 54 22 67 3 9 
8 8 1 63 78 20 3 9 
6 3 4 97 52 99 8 6 
6 9 7 44 57 91 9 5 
6 1 7 36 29 24 5 8 
3 7 1 12 99 43 2 4 
9 8 1 81 52 56 7 4 
5 2 3 52 87 53 4 8 
5 1 4 27 94 40 2 2 
5 1 6 46 87 61 9 3 
2 8 1 98 79 22 5 9 
8 5 3 58 89 35 7 3 
5 6 8 67 65 27 6 5 
5 6 7 67 24 44 5 9 
8 3 7 76 28 29 1 8 
8 3 3 94 31 42 4 8 
6 5 2 47 24 38 7 1 
8 7 3 68 55 31 8 2 
5 3 8 83 41 51 8 9 
6 9 4 91 24 90 9 8 
9 5 1 83 58 49 8 2 
1 9 9 97 77 60 7 9 
3 4 8 87 52 50 2 8 
4 5 2 68 33 83 2 4 
7 4 9 63 35 91 7 2 
5 5 6 22 72 80 4 1 
4 4 4 28 28 97 1 6 
2 1 9 70 94 47 2 2 
1 3 3 38 55 13 1 3 
2 7 4 28 68 29 1 5 
8 5 5 82 87 15 2 8 
9 6 1 98 29 23 5 8 
2 3 9 67 86 69 5 2 
2 7 4 81 47 59 6 9 
6 1 1 65 68 31 6 8 
8 6 5 26 54 84 7 6 
5 3 3 45 26 72 9 5 
3 8 10 13 64 57 6 2 
3 4 4 41 72 63 6 8 
2 7 5 96 47 29 8 8 
3 5 8 52 78 39 3 3 
1 1 1 71 31 87 2 5 
4 9 5 57 90 34 9 8 
2 5 3 58 25 40 8 2 
4 8 4 31 94 82 3 1 
2 5 2 90 61 62 4 10 
8 6 9 74 15 44 7 3 
10 5 2 49 57 84 3 5 
7 8 5 14 90 73 7 4 
1 5 1 10 18 65 1 3 
4 3 7 57 88 50 3 8 
7 6 6 94 11 38 5 5 
7 2 5 91 88 90 6 7 
3 8 5 44 71 32 2 5 
7 9 6 26 61 18 3 7 
8 9 1 14 20 83 3 5 
4 4 7 88 23 11 3 4 
4 2 5 94 67 28 3 7 
3 3 3 79 44 51 8 2 
2 9 1 72 88 59 6 2 
9 8 5 60 34 24 3 5 
2 2 6 93 65 86 8 7 
3 6 8 68 77 45 7 7 
7 6 4 65 25 85 1 6 
4 3 7 48 12 54 8 6 
6 4 1 65 31 99 3 3 
9 4 7 63 31 87 2 4 
3 5 1 82 65 32 8 5 
1 3 4 89 82 14 6 9 
1 5 6 82 23 65 8 2 
7 1 9 88 33 84 8 1 
8 4 6 29 38 23 2 2 
6 6 4 87 98 43 1 3 
6 8 4 23 73 73 8 1 
6 2 6 73 75 24 5 5 
9 3 2 84 50 15 5 2 
5 3 1 87 15 51 9 7 
9 6 3 80 18 33 8 8 
3 1 3 85 66 59 6 9 
6 1 2 86 10 38 7 5 
6 5 4 19 63 24 2 4 
5 3 6 95 10 18 5 8 
9 2 1 81 89 64 6 1 
4 2 3 17 59 66 6 9 
3 9 2 87 12 44 6 8 
3 2 6 16 86 77 4 3 
2 7 5 39 73 18 3 3 
1 3 4 14 10 60 7 2 
6 4 7 40 49 62 1 8 
2 6 10 69 44 94 1 4 
8 4 6 24 34 46 4 5 
2 3 9 98 85 30 6 6 
9 7 6 23 42 21 2 2 
1 4 2 61 38 94 2 4 
4 1 9 15 14 78 5 5 
2 3 8 13 89 90 5 1 
1 7 1 72 85 57 3 9 
6 3 1 29 64 72 6 6 
1 8 2 38 60 28 8 2 
4 3 9 88 93 92 2 7 
9 3 9 27 48 71 6 6 
3 9 5 60 48 63 3 2 
9 1 1 53 21 97 6 4 
1 8 8 31 36 93 1 10 
5 1 2 97 84 32 4 5 
4 8 8 30 34 48 7 5 
8 2 2 31 28 89 9 7 
1 5 3 87 43 70 8 7 
4 3 6 30 36 97 9 7 
9 6 5 23 69 20 1 4 
2 4 5 21 78 41 7 8 
4 6 5 18 96 20 9 9 
3 5 7 92 42 14 3 2 
1 2 2 49 93 16 8 1 
4 2 8 68 69 72 8 1 
8 1 7 51 98 33 7 6 
8 1 1 30 31 37 5 3 
1 6 8 12 55 33 5 5 
1 8 1 95 81 82 4 2 
4 1 8 30 87 35 3 8 
5 7 8 29 76 64 10 4 
2 9 8 21 88 31 7 5 
7 8 7 12 31 85 3 5 
3 3 8 83 92 27 3 5 
7 2 2 45 92 49 7 6 
7 2 5 61 62 82 7 7 
9 2 4 54 69 48 5 4 
9 5 9 63 56 26 7 8 
6 9 1 88 79 15 8 5 
6 6 6 57 68 61 1 4 
7 5 9 91 12 54 4 9 
1 9 2 93 75 86 1 9 
4 3 1 73 26 21 3 1 
4 1 4 44 38 67 9 5 
9 9 3 41 55 71 7 6 
4 9 3 13 33 30 7 7 
3 8 1 25 85 25 2 6 
3 2 7 77 23 99 2 4 
6 9 1 19 88 62 7 7 
9 2 1 67 18 56 8 8 
7 2 3 15 19 91 3 8 
8 3 8 75 97 77 9 6 
4 2 7 94 26 98 1 6 
2 9 6 73 11 87 8 2 
7 3 9 10 42 95 4 7 
8 5 9 60 76 17 8 5 
5 9 5 99 37 15 1 3 
5 8 9 54 59 10 8 4 
3 3 1 37 55 66 8 1 
9 6 3 40 34 77 6 2 
1 5 4 68 85 92 7 7 
8 6 9 92 34 35 3 4 
9 2 5 18 93 39 5 9 
3 6 2 37 49 42 2 5 
4 7 8 33 22 20 4 6 
8 3 9 17 61 30 5 5 
7 1 3 81 86 71 4 8 
6 5 2 81 67 71 8 7 
8 9 2 88 55 17 2 3 
6 3 9 62 96 22 6 1 
6 8 1 40 73 26 2 6 
1 4 4 71 35 28 9 10 
4 6 7 99 48 92 2 1 
8 3 2 85 41 54 1 8 
5 3 4 45 38 37 5 8 
4 4 9 94 98 92 2 3 
1 9 10 39 58 44 4 6 
1 2 9 67 67 48 4 9 
4 2 4 50 85 52 7 5 
7 2 7 75 29 67 8 10 
5 9 6 64 50 85 7 1 
3 7 8 49 53 16 3 8 
7 9 2 35 43 74 5 5 
7 5 5 22 67 83 3 7 
8 1 3 91 34 57 3 4 
1 7 9 17 17 85 4 8 
8 6 1 93 84 99 8 1 
2 3 8 48 63 68 3 9 
2 6 8 73 44 16 8 2 
7 8 6 80 63 54 4 7 
6 8 7 78 40 65 3 5 
9 3 1 88 84 33 9 8 
7 8 2 68 43 23 5 1 
6 2 7 99 30 18 5 7 
6 7 7 29 18 23 6 3 
5 9 6 56 93 43 3 3 
2 2 5 94 36 60 1 7 
5 9 2 97 13 83 6 7 
2 8 2 41 63 64 4 4 
2 5 2 68 79 16 8 3 
8 5 7 15 93 49 8 2 
6 2 6 55 27 13 6 1 
6 4 7 59 13 91 7 9 
1 6 5 97 18 57 5 3 
2 1 1 44 36 69 2 3 
1 2 5 13 47 92 2 9 
4 6 6 28 84 77 8 5 
7 6 1 42 10 65 1 3 
7 7 5 11 75 60 1 6 
7 2 5 99 30 31 6 6 
5 1 3 60 42 47 5 1 
9 9 8 11 87 96 9 3 
10 5 3 98 53 93 6 3 
8 2 6 25 82 45 9 8 
1 5 7 61 11 50 9 8 
10 4 9 30 79 29 9 5 
9 2 5 85 97 12 2 4 
7 5 1 89 76 95 9 6 
5 6 7 78 90 61 6 5 
3 4 2 42 86 58 3 5 
5 5 6 81 72 18 2 7 
1 2 3 11 32 53 9 7 
7 8 9 62 59 10 8 3 
4 6 3 66 81 55 4 4 
4 9 3 82 88 77 9 2 
5 3 2 82 80 26 4 7 
1 2 5 79 16 94 3 6 
8 2 5 40 68 61 1 6 
2 4 8 28 64 10 9 5 
3 2 9 14 19 62 5 1 
8 5 8 19 66 76 5 4 
1 7 6 49 88 98 8 9 
1 8 7 35 59 87 7 9 
3 6 8 53 73 30 7 7 
2 2 5 71 14 59 6 7 
3 7 4 10 71 26 4 9 
7 3 2 63 75 80 6 8 
1 9 8 93 50 94 6 6 
7 2 4 41 91 88 8 3 
4 3 3 62 13 68 2 9 
2 7 6 16 30 58 8 2 
3 9 1 63 95 17 9 6 
4 2 2 72 11 57 5 1 
6 2 9 26 40 43 5 5 
9 4 8 58 28 69 3 9 
7 7 5 10 13 16 1 10 
7 5 6 42 31 86 1 7 
7 5 5 64 90 77 2 1 
1 3 7 23 20 28 4 3 
6 5 1 55 43 93 5 3 
7 6 8 21 98 83 4 4 
9 9 6 71 80 45 10 6 
9 9 10 10 62 99 6 4 
1 5 4 40 51 45 1 8 
10 1 2 25 47 80 4 2 
5 6 3 10 65 24 8 8 
5 1 5 14 64 70 1 2 
1 6 6 56 87 35 3 8 
8 2 9 10 15 96 9 4 
4 4 10 26 79 59 2 8 
2 1 6 80 39 52 2 7 
6 8 7 95 44 80 2 3 
1 8 5 45 15 56 2 9 
7 8 4 20 62 47 6 6 
3 5 2 59 15 47 1 3 
8 1 5 17 56 71 2 7 
6 6 1 28 65 85 3 6 
4 7 2 89 44 65 7 9 
6 1 8 65 23 74 4 6 
2 4 4 74 35 39 9 4 
9 3 8 41 26 56 8 7 
4 8 2 63 46 43 9 2 
5 7 4 56 92 41 1 5 
5 2 2 36 82 14 7 6 
4 3 7 30 36 39 9 9 
3 6 9 83 47 71 5 6 
1 6 9 49 77 32 1 5 
1 4 5 11 25 77 3 1 
8 3 4 29 22 90 9 1 
1 4 8 55 32 62 8 7 
1 1 8 90 76 35 6 2 
6 3 6 42 94 41 7 6 
2 1 9 41 68 10 3 9 
8 1 7 42 10 42 6 8 
5 9 8 20 76 59 8 3 
9 2 2 56 97 15 1 6 
5 4 6 43 82 80 6 9 
8 6 8 30 31 35 9 3 
4 4 6 70 79 87 4 6 
4 9 1 50 93 43 8 7 
7 4 6 18 55 70 1 7 
5 3 1 90 34 14 3 2 
2 6 8 82 56 30 1 1 
1 7 5 76 16 74 3 7 
8 6 5 79 98 32 8 4 
1 2 6 12 12 42 6 5 
9 8 2 20 27 77 7 1 
5 4 7 55 70 17 3 5 
6 1 6 60 67 52 2 6 
1 9 8 40 59 35 5 7 
7 8 9 86 32 98 4 1 
7 2 5 82 31 90 9 9 
2 5 6 88 52 63 7 3 
1 8 7 51 99 41 3 5 
8 5 2 75 69 72 6 6 
9 3 2 13 65 62 8 8 
9 7 5 35 77 75 3 8 
1 5 8 67 44 64 8 9 
2 8 3 55 53 18 1 2 
7 9 9 14 53 17 2 6 
2 7 7 25 89 40 2 5 
10 8 3 98 89 33 8 7 
8 5 3 98 70 51 2 6 
7 1 8 86 71 59 9 7 
8 6 3 35 49 33 9 5 
1 8 8 87 77 65 9 4 
2 5 6 29 51 44 9 9 
6 5 6 47 18 69 6 4 
3 7 5 25 80 76 5 7 
7 5 9 68 34 98 5 10 
10 1 4 16 75 29 4 2 
2 7 2 86 95 22 9 6 
8 7 5 88 29 47 9 2 
3 9 6 88 83 16 1 5 
5 5 2 13 48 98 6 1 
4 4 2 69 95 99 6 6 
5 1 8 96 46 11 8 2 
9 3 2 66 95 85 7 9 
6 6 3 48 99 85 8 8 
6 3 4 81 30 68 2 10 
3 3 4 12 84 81 1 3 
7 2 3 64 61 98 3 9 
5 2 9 74 88 62 2 8 
2 5 4 23 11 21 3 7 
7 2 4 12 31 36 7 4 
4 5 1 79 15 18 2 2 
5 9 8 91 72 30 4 6 
2 6 8 73 86 24 4 6 
7 3 7 89 74 52 6 7 
1 6 2 25 14 57 8 3 
8 1 7 44 88 32 1 1 
1 4 4 47 52 62 2 3 
9 8 2 83 64 93 4 1 
8 5 4 34 46 22 9 3 
2 3 1 56 99 46 7 6 
9 8 3 72 25 75 9 1 
6 2 8 50 62 73 6 3 
8 2 8 93 63 57 1 8 
4 4 5 13 25 70 5 7 
8 7 3 72 37 39 5 3 
9 5 2 16 24 38 6 9 
2 9 7 80 25 11 10 2 
5 9 5 26 41 99 1 7 
7 5 3 54 19 53 8 1 
7 1 3 72 96 78 7 7 
3 3 3 98 37 66 1 1 
7 2 8 73 73 44 10 5 
8 2 1 12 49 32 6 4 
9 2 8 33 82 12 3 7 
5 8 3 12 31 88 5 6 
9 3 9 68 37 25 8 5 
9 2 4 82 52 63 7 6 
9 10 8 61 79 85 8 4 
9 7 6 19 48 98 6 1 
7 8 5 84 86 39 6 7 
2 9 3 98 83 62 8 9 
5 5 7 68 50 47 10 1 
4 3 9 70 47 99 5 7 
2 3 4 66 33 52 8 5 
1 8 9 58 39 71 6 2 
7 9 6 41 95 98 5 6 
3 6 6 10 45 43 7 5 
1 5 2 73 66 10 8 6 
8 7 2 25 92 99 1 9 
6 5 3 45 26 36 6 7 
4 7 7 62 95 83 1 2 
2 1 2 58 82 14 3 8 
5 5 7 96 77 22 1 7 
9 6 10 15 52 78 5 1 
8 3 6 76 44 15 3 8 
1 1 4 79 52 13 5 7 
6 1 3 59 94 78 9 9 
7 5 3 64 11 65 8 9 
2 4 6 67 14 44 3 2 
4 5 2 74 94 44 2 1 
7 7 2 45 97 66 7 6 
6 5 3 96 71 98 4 5 
2 2 1 16 37 30 5 4 
7 4 1 51 57 91 7 2 
7 9 8 59 39 12 5 9 
8 1 6 42 50 53 3 2 
1 9 2 28 92 36 8 8 
7 7 4 96 86 93 2 2 
1 8 8 97 85 53 2 1 
9 6 9 87 90 87 1 2 
6 1 5 43 52 79 4 10 
1 9 7 90 73 22 9 4 
4 7 9 22 24 31 4 7 
6 3 4 89 40 38 6 4 
8 5 9 73 30 67 1 5 
3 6 5 83 42 97 3 5 
6 4 1 99 58 53 6 7 
9 5 1 60 29 27 3 5 
2 6 1 50 33 19 2 4 
4 2 2 91 53 55 3 2 
5 2 4 71 96 97 2 7 
5 8 6 65 28 55 9 3 
5 2 9 74 40 12 1 8 
5 3 10 48 80 61 5 9 
3 2 4 11 98 97 2 4 
8 9 7 67 91 57 9 6 
2 4 4 88 29 72 8 1 
5 6 1 92 58 11 7 5 
9 6 6 33 96 69 6 8 
6 1 9 43 31 33 9 5 
6 1 3 10 80 27 9 7 
4 2 9 69 63 48 8 4 
7 5 2 32 26 84 2 6 
6 4 9 26 17 13 6 2 
7 9 4 57 95 70 2 2 
4 10 6 14 45 77 3 6 
2 8 8 82 46 24 7 2 
9 4 9 40 18 55 1 9 
9 7 1 61 91 31 8 6 
7 8 7 97 63 38 10 5 
4 5 3 36 82 79 1 5 
3 7 8 37 21 86 3 2 
3 6 3 36 84 23 8 3 
5 1 9 57 82 58 5 3 
8 6 7 68 23 50 9 5 
1 4 8 77 39 75 4 7 
8 3 6 54 13 47 3 2 
1 7 4 72 18 56 3 7 
3 5 1 34 53 55 8 1 
5 3 6 38 48 50 5 2 
3 7 8 40 80 58 7 1 
1 7 5 98 54 75 8 3 
3 4 4 54 14 52 8 9 
9 4 8 16 69 25 5 9 
5 8 8 13 44 45 6 9 
7 2 3 10 11 46 2 4 
6 7 2 19 52 44 3 2 
4 5 2 70 89 13 2 5 
2 4 7 47 43 24 1 8 
5 3 5 72 67 78 4 7 
8 9 1 69 67 23 1 7 
4 7 8 56 26 18 6 8 
3 7 2 61 96 14 4 6 
8 9 8 76 49 79 7 9 
4 5 5 75 38 36 4 8 
8 8 4 36 75 51 1 1 
3 3 7 81 63 64 8 1 
1 1 8 12 41 12 8 8 
3 1 1 92 59 67 2 4 
5 7 2 98 45 60 5 5 
5 1 7 95 36 43 2 4 
6 7 5 86 12 53 6 1 
5 8 7 98 60 77 5 9 
1 7 8 34 52 47 7 6 
2 9 5 73 83 20 6 7 
2 5 4 76 49 23 8 4 
2 3 9 27 22 47 1 5 
5 1 5 97 69 61 8 9 
8 4 3 23 27 73 8 5 
1 8 7 54 98 38 4 4 
3 3 2 17 79 36 7 7 
1 3 3 31 37 34 3 2 
6 1 4 22 76 89 1 2 
4 3 1 17 64 73 8 7 
9 5 4 13 95 12 1 5 
7 8 6 59 13 29 1 1 
3 6 3 47 84 36 9 3 
4 3 10 52 19 47 6 5 
2 7 1 74 94 64 3 4 
6 3 1 19 26 92 7 2 
2 1 5 67 20 94 8 2 
3 5 3 85 14 63 4 7 
9 5 4 29 22 20 2 2 
3 5 4 73 40 62 3 7 
6 2 4 45 28 68 2 10 
4 4 6 40 77 19 3 2 
1 5 3 87 91 99 4 6 
6 3 7 62 90 21 8 2 
7 6 5 79 47 91 2 1 
3 1 9 21 83 33 4 6 
1 4 7 48 72 53 7 9 
3 2 4 41 40 29 6 4 
1 2 6 18 20 81 5 2 
5 6 8 25 41 30 9 3 
4 1 8 43 68 39 4 9 
1 9 1 72 67 65 7 5 
1 7 3 56 36 65 8 7 
9 2 4 75 57 37 8 8 
7 3 7 24 16 75 8 2 
6 2 6 25 45 28 3 6 
9 2 6 25 79 76 1 7 
7 3 6 65 12 23 7 3 
8 6 9 95 27 80 4 2 
5 9 3 72 44 38 1 5 
2 2 1 34 71 45 6 7 
4 1 7 32 58 69 1 5 
7 8 6 10 77 86 3 7 
5 2 9 28 58 17 3 4 
5 5 7 76 12 65 7 8 
5 1 5 72 47 17 9 8 
9 4 1 61 30 11 3 4 
5 1 8 34 93 75 1 2 
4 4 3 99 39 39 1 5 
6 8 6 48 65 87 1 2 
6 2 5 28 48 46 5 8 
5 8 7 73 11 17 4 10 
4 9 1 16 33 86 8 5 
7 5 2 19 17 67 3 5 
9 5 1 26 41 56 8 8 
1 5 10 45 62 31 6 5 
1 5 2 55 59 36 8 8 
1 7 3 10 28 77 2 9 
1 2 6 92 92 24 1 6 
2 5 2 35 26 98 8 5 
6 8 6 26 63 90 7 2 
8 6 6 94 52 32 7 7 
1 7 8 65 46 20 6 10 
1 5 8 11 84 70 2 2 
5 1 2 85 88 51 1 5 
2 6 3 21 31 97 8 9 
3 7 6 10 65 90 6 8 
2 7 1 65 95 18 6 2 
8 6 2 33 17 12 6 1 
5 1 5 36 40 65 7 2 
6 2 1 70 85 76 1 8 
7 8 2 45 27 28 9 7 
7 8 4 52 28 82 8 3 
2 4 8 50 65 91 5 8 
9 7 8 75 33 71 3 4 
7 6 6 36 40 72 8 5 
6 2 8 71 18 95 3 5 
2 7 4 70 98 47 1 3 
5 2 2 41 91 60 2 6 
2 7 6 22 50 92 8 7 
6 2 9 93 67 21 3 2 
7 4 8 20 80 86 8 3 
9 8 6 93 73 87 5 6 
9 2 4 54 69 20 9 1 
8 6 6 87 77 39 5 2 
8 2 9 28 18 65 5 9 
4 2 4 51 40 15 1 1 
2 7 7 74 64 99 5 9 
4 3 1 68 94 21 3 7 
7 4 8 60 62 31 3 5 
4 2 3 40 64 82 2 2 
5 2 9 70 29 66 6 3 
8 6 8 93 27 91 8 4 
5 3 5 90 51 10 2 5 
5 9 4 40 10 63 2 6 
2 3 5 68 45 39 7 8 
10 3 9 24 84 69 1 5 
1 1 8 89 90 70 7 7 
4 4 2 53 36 87 3 5 
6 9 7 24 52 12 4 7 
8 7 1 34 61 46 2 6 
7 8 1 60 16 29 7 2 
2 2 3 40 66 85 5 1 
6 7 8 64 86 64 6 5 
7 7 6 29 44 22 1 7 
7 4 7 27 58 99 6 8 
9 6 6 50 16 24 5 1 
5 4 9 52 17 24 2 6 
6 3 2 21 36 85 7 1 
1 7 6 87 54 22 9 2 
4 3 2 85 70 41 2 5 
4 6 5 44 90 93 5 3 
4 6 6 22 38 99 8 6 
1 1 8 62 11 98 6 3 
2 7 1 49 85 15 4 3 
4 4 5 34 24 35 9 4 
6 9 5 21 62 50 1 4 
8 5 4 91 95 83 2 4 
5 2 3 47 36 74 3 8 
3 3 3 10 29 88 2 7 
4 1 8 94 33 32 6 6 
7 4 6 88 43 80 3 2 
4 1 5 58 52 75 2 3 
2 7 5 12 77 22 7 2 
8 2 4 63 51 27 8 9 
9 5 8 35 65 45 4 4 
5 7 1 77 32 30 7 5 
2 5 6 25 17 65 8 8 
1 9 1 54 23 18 9 2 
4 4 8 55 32 95 1 1 
1 3 3 93 27 22 1 8 
4 6 2 51 22 94 3 4 
5 5 6 12 22 25 6 1 
7 6 6 98 87 30 4 6 
9 7 4 30 53 57 4 8 
6 1 5 77 10 41 3 2 
9 8 1 11 36 65 1 4 
6 2 9 44 54 46 6 1 
4 1 8 18 99 18 4 6 
8 4 1 21 27 60 3 4 
3 3 5 69 54 13 4 7 
3 5 8 16 43 69 7 1 
1 8 8 75 85 53 5 2 
3 8 1 42 80 75 6 1 
2 6 3 61 27 64 2 1 
5 7 2 89 74 62 1 2 
7 9 9 72 11 38 9 6 
7 4 2 12 98 56 1 8 
8 1 8 19 83 94 6 6 
1 8 1 80 15 12 2 3 
3 1 8 80 13 37 3 4 
3 3 4 75 83 41 5 4 
8 4 9 13 96 80 9 9 
6 8 7 81 10 86 7 1 
8 7 1 21 81 18 6 5 
2 3 8 19 77 53 7 1 
8 9 5 71 36 37 3 5 
8 6 6 66 19 66 2 9 
1 10 9 81 51 99 6 4 
9 9 5 33 38 99 5 4 
5 5 2 55 11 34 2 4 
5 8 6 82 46 17 7 5 
7 7 3 91 19 86 7 3 
5 7 10 87 83 52 1 2 
8 4 2 89 25 28 9 2 
8 4 8 23 84 15 6 2 
8 4 4 36 94 64 8 9 
3 3 1 55 61 17 3 8 
8 10 7 91 21 13 5 2 
3 7 6 77 74 16 9 1 
6 7 4 85 43 32 8 9 
6 2 6 39 39 38 2 3 
7 4 2 31 76 21 2 1 
2 7 6 36 18 68 5 3 
7 9 7 87 48 95 4 1 
3 3 3 96 91 32 1 10 
1 3 7 78 49 36 1 6 
2 8 8 27 60 35 9 2 
9 2 2 52 98 58 1 7 
5 3 9 91 26 95 9 9 
7 7 4 69 22 14 8 8 
6 7 6 76 52 59 1 6 
9 6 7 13 71 51 1 5 
2 1 3 37 86 37 8 8 
5 9 8 12 94 20 8 3 
7 3 2 71 72 83 3 4 
9 3 9 42 58 23 6 8 
8 6 8 11 88 47 8 6 
4 8 8 50 49 90 3 9 
1 1 4 93 25 42 6 6 
1 7 1 81 66 20 4 6 
9 2 4 35 16 10 1 2 
9 4 4 49 42 77 1 4 
8 9 5 62 95 10 2 5 
3 8 1 28 54 50 6 6 
8 7 5 54 97 70 2 3 
6 7 2 24 63 82 7 3 
7 6 1 99 53 65 3 5 
5 5 3 71 71 25 2 9 
4 2 4 92 47 50 5 3 
6 4 3 54 45 51 6 9 
8 2 7 65 17 28 7 4 
2 2 8 56 65 35 3 4 
5 3 6 62 73 17 2 4 
5 6 8 42 98 87 9 5 
4 8 4 92 34 60 8 5 
6 6 3 43 80 84 3 8 
5 3 6 47 73 38 3 6 
3 8 8 57 13 15 7 3 
4 8 7 54 31 57 4 1 
6 7 2 49 41 73 9 4 
7 9 6 35 74 70 9 3 
2 6 2 25 34 24 9 2 
7 3 8 16 76 51 6 7 
6 9 7 75 10 79 8 1 
5 2 8 48 46 97 5 3 
4 4 2 34 15 62 5 6 
2 4 2 84 37 71 8 10 
6 3 7 76 20 73 6 3 
2 9 9 78 79 53 8 9 
1 8 9 21 51 45 1 9 
7 7 8 78 72 68 6 3 
7 8 3 71 44 99 9 6 
9 4 6 90 50 96 7 5 
5 9 9 58 71 84 3 2 
6 4 8 80 51 86 8 6 
8 3 1 61 99 58 7 4 
9 7 1 56 93 26 5 4 
6 6 2 17 93 34 3 1 
3 4 6 89 35 92 1 6 
5 2 8 44 71 89 8 3 
7 8 8 21 52 73 6 3 
1 2 3 90 72 33 4 6 
2 6 9 80 96 78 6 5 
6 7 5 75 76 16 5 2 
5 1 6 25 78 14 6 2 
1 8 2 38 91 73 1 2 
3 9 9 97 14 49 8 8 
2 8 9 93 58 12 8 2 
4 8 9 35 42 50 2 5 
8 2 5 29 26 65 3 3 
8 6 6 58 46 17 5 4 
3 7 2 25 18 71 7 8 
1 7 5 42 84 26 6 3 
7 6 2 24 80 95 5 4 
9 1 8 69 60 91 6 7 
6 4 9 34 97 16 3 3 
4 9 3 70 36 82 8 9 
3 7 1 67 59 72 8 6 
3 7 2 70 63 55 8 6 
9 3 2 65 12 29 2 1 
2 2 5 55 47 95 8 4 
1 8 9 64 11 77 2 4 
9 6 8 90 90 44 1 8 
1 1 1 61 57 11 1 2 
5 5 5 53 31 35 8 1 
1 8 2 17 68 94 6 1 
7 1 8 79 94 77 4 2 
2 4 1 17 86 71 7 6 
1 6 1 17 16 51 8 1 
5 5 1 75 77 66 2 9 
8 2 6 21 64 82 8 5 
3 8 5 31 76 65 3 1 
6 8 2 94 26 35 4 6 
2 1 7 94 97 83 5 1 
8 5 5 99 20 76 3 7 
8 2 1 58 73 30 5 6 
4 6 4 36 52 80 4 2 
7 4 8 58 45 93 5 2 
7 4 3 54 74 30 3 3 
4 2 4 15 83 99 6 6 
6 1 6 28 23 68 7 1 
6 8 2 34 17 16 7 8 
7 7 8 17 12 98 8 4 
9 4 7 47 13 16 2 1 
4 2 2 53 80 43 6 1 
6 7 5 60 18 28 7 8 
6 9 7 44 74 30 7 9 
3 7 6 31 81 85 2 7 
5 6 1 47 18 50 8 6 
2 4 2 88 91 95 6 7 
1 4 5 44 77 65 3 2 
6 8 3 81 14 63 4 9 
7 1 7 70 46 30 5 2 
5 3 7 27 47 89 3 8 
8 5 5 17 33 77 6 2 
4 9 8 79 71 64 9 9 
1 4 9 88 40 57 2 4 
6 6 4 17 93 85 8 4 
4 6 1 17 17 57 4 5 
2 2 2 17 64 70 1 5 
6 1 6 96 97 58 5 4 
3 1 2 39 70 83 4 7 
1 2 8 35 24 70 7 9 
5 5 3 93 81 14 4 2 
8 3 8 50 41 89 2 2 
4 2 7 83 62 61 8 6 
1 2 6 39 72 75 8 3 
8 9 1 88 40 77 8 9 
5 4 8 91 53 83 8 8 
9 1 4 27 77 90 9 6 
7 9 9 51 46 45 3 5 
1 9 4 25 91 41 4 4 
4 6 6 95 15 98 2 7 
9 2 8 25 49 82 3 6 
1 1 4 13 14 71 6 5 
4 4 3 21 93 68 8 1 
3 6 2 62 28 69 7 6 
9 2 1 45 52 46 5 2 
4 8 3 41 23 76 3 1 
6 5 6 63 45 17 6 2 
8 7 2 23 16 98 4 8 
5 8 2 92 39 72 6 1 
1 7 8 98 32 89 5 1 
5 3 2 25 50 52 6 10 
3 7 6 72 16 80 9 4 
9 3 6 12 99 38 5 2 
8 5 4 12 87 31 3 3 
8 1 2 42 54 49 2 5 
8 6 9 67 13 38 6 10 
7 9 1 21 80 93 3 9 
5 9 8 38 84 44 1 5 
7 5 8 73 97 78 2 2 
1 8 2 91 10 54 9 7 
2 9 8 42 20 46 5 1 
6 6 1 81 85 15 5 3 
7 9 3 26 81 40 3 6 
3 8 5 89 48 84 4 2 
4 4 3 20 37 59 8 7 
4 1 1 85 62 70 6 4 
5 5 7 57 30 52 6 2 
9 8 9 87 78 15 1 4 
2 9 6 62 10 66 5 2 
8 7 9 31 45 90 3 6 
7 8 6 31 60 41 6 3 
4 3 6 51 94 90 5 7 
2 6 4 12 90 92 9 2 
8 5 3 63 32 74 7 6 
6 2 5 78 77 42 8 8 
6 7 6 19 32 38 4 6 
1 10 1 49 83 43 9 7 
7 9 4 48 69 40 4 3 
1 6 6 75 98 22 1 1 
1 6 6 87 11 78 8 9 
7 8 5 11 41 94 2 4 
2 7 8 70 82 71 3 2 
4 4 2 53 98 15 7 2 
7 8 1 79 77 97 4 9 
9 3 1 86 19 11 3 2 
8 5 7 76 80 13 7 8 
1 1 2 19 67 29 9 6 
6 2 4 82 78 46 8 4 
2 3 3 82 33 80 9 3 
9 6 7 69 89 65 9 7 
6 1 6 32 14 58 8 9 
3 5 7 57 63 73 1 4 
8 1 1 58 94 17 4 3 
5 8 6 43 62 23 6 9 
1 2 6 89 40 78 9 1 
1 9 1 80 98 38 7 6 
1 2 2 15 73 38 2 4 
4 3 2 87 87 61 2 5 
8 5 3 99 40 76 2 3 
9 1 9 93 99 84 9 5 
7 4 1 21 85 14 3 6 
4 1 4 18 72 27 4 2 
3 3 3 55 62 75 5 4 
1 9 3 53 43 16 6 2 
10 8 6 45 35 65 7 3 
8 10 1 58 56 34 6 5 
1 8 4 24 97 41 7 9 
1 5 1 72 93 39 5 4 
3 4 4 12 99 17 2 9 
2 4 1 12 29 96 5 2 
2 8 8 57 90 25 7 9 
5 6 1 28 57 68 6 5 
6 7 6 33 44 86 1 3 
3 9 9 70 86 78 4 8 
5 1 2 84 15 10 3 3 
1 4 7 23 78 68 3 5 
4 9 2 58 29 43 3 8 
3 1 8 46 40 78 3 5 
2 2 4 11 85 35 5 5 
4 4 9 90 86 93 9 1 
7 9 2 14 88 27 1 9 
1 5 5 93 31 44 8 9 
1 6 8 21 31 79 6 9 
2 9 3 74 97 63 10 1 
3 4 4 32 76 26 1 2 
10 7 2 20 42 36 9 7 
1 7 8 90 32 79 2 5 
2 4 3 78 31 12 3 6 
7 6 2 22 95 93 5 5 
7 1 6 65 29 27 4 3 
5 1 2 92 11 34 1 4 
7 6 2 59 98 52 6 5 
8 6 2 30 36 26 9 3 
9 7 8 61 20 20 3 8 
2 6 7 21 39 62 1 8 
8 6 6 67 45 83 3 5 
7 5 6 45 37 80 4 2 
2 9 2 61 41 65 1 9 
4 9 8 96 92 36 6 1 
6 7 5 53 21 83 2 4 
9 1 3 86 72 75 5 6 
9 5 10 28 51 99 1 5 
5 9 5 26 19 97 1 1 
1 9 2 62 75 12 10 2 
1 4 9 75 79 86 6 6 
3 1 3 38 79 41 3 6 
6 5 1 79 46 37 1 9 
1 7 4 95 32 27 5 9 
5 2 6 69 15 51 8 8 
9 1 2 83 43 38 1 8 
2 2 4 73 72 75 8 4 
6 3 7 56 26 74 6 9 
5 9 9 39 42 98 4 5 
4 9 6 44 94 99 3 8 
7 2 2 91 79 62 6 9 
6 4 4 81 25 13 10 5 
5 4 8 59 17 94 6 1 
9 3 4 40 36 39 5 5 
6 9 9 58 73 33 6 7 
1 3 9 22 12 27 7 2 
9 4 6 34 38 53 6 9 
3 5 1 23 93 95 9 3 
3 1 8 12 17 20 7 1 
5 3 5 23 85 12 5 8 
2 1 1 74 15 87 8 9 
3 8 2 81 94 66 5 8 
4 8 6 75 34 75 8 3 
3 8 4 31 61 79 3 9 
2 2 7 42 68 44 4 8 
10 5 2 27 84 25 2 9 
5 3 9 35 85 55 9 7 
1 7 2 67 14 23 7 5 
6 7 8 94 35 92 1 3 
1 9 1 63 19 39 8 2 
5 1 2 95 22 12 1 3 
4 5 4 30 76 30 9 7 
8 9 5 63 77 18 5 10 
3 9 3 20 61 57 5 3 
7 8 1 39 37 19 8 3 
5 9 3 36 40 13 4 9 
2 6 5 38 67 21 8 7 
8 4 1 42 90 72 1 1 
1 4 6 19 39 68 6 1 
9 3 2 51 79 30 1 4 
8 4 4 23 24 45 9 6 
3 4 8 22 20 35 1 6 
6 4 3 40 75 24 4 8 
2 8 3 38 43 86 5 8 
4 8 7 11 67 51 3 6 
7 3 7 10 29 39 1 6 
3 8 9 24 76 94 2 3 
8 1 5 16 82 14 9 2 
2 2 5 77 86 86 7 3 
6 9 5 94 73 50 9 8 
8 6 6 91 27 60 9 7 
2 8 8 82 21 84 6 8 
1 4 6 82 16 24 2 3 
3 7 9 48 98 99 8 2 
8 4 1 29 34 23 6 7 
1 4 7 84 12 16 5 9 
9 6 2 84 82 14 9 8 
7 6 1 79 65 79 8 6 
9 4 9 88 37 58 8 3 
1 3 4 46 87 88 1 7 
9 8 4 56 98 95 1 2 
4 3 6 74 86 20 5 8 
9 5 1 82 18 42 9 1 
2 6 9 21 92 42 5 1 
6 5 5 73 72 67 9 2 
2 4 2 23 71 39 7 9 
6 6 8 50 56 53 9 1 
1 4 6 81 75 80 4 8 
5 2 1 48 62 18 5 7 
9 2 3 83 91 72 6 6 
8 2 8 43 23 24 2 8 
6 3 3 17 70 67 7 4 
5 6 1 92 41 81 6 1 
8 2 7 73 78 92 7 5 
4 6 9 24 67 62 7 5 
7 5 5 99 55 55 6 7 
7 3 7 11 84 73 9 4 
6 6 3 39 76 24 2 3 
6 8 4 66 90 32 7 4 
1 2 3 52 69 83 7 9 
7 4 9 96 88 27 9 9 
10 1 5 25 22 27 5 2 
7 7 4 80 53 64 1 7 
4 8 7 60 23 77 1 1 
5 4 7 56 99 44 6 7 
7 9 1 45 24 21 9 5 
5 2 1 24 87 93 7 5 
6 7 6 50 33 99 9 9 
9 4 7 21 38 62 6 9 
2 6 3 38 24 85 6 8 
6 6 1 48 24 27 9 2 
7 4 9 48 95 78 8 8 
2 3 6 74 27 63 5 1 
1 8 1 49 46 23 2 4 
3 2 6 60 98 81 9 4 
8 5 2 69 68 13 5 3 
5 3 6 54 86 43 6 4 
4 5 9 92 83 97 8 9 
8 9 5 46 59 14 4 4 
8 10 3 81 21 64 1 2 
4 6 5 64 35 46 3 3 
8 3 1 56 21 19 5 6 
2 8 5 62 75 60 9 6 
6 7 7 66 72 79 3 4 
9 2 8 51 30 98 8 2 
4 3 3 78 28 45 3 7 
2 4 2 34 64 58 7 9 
4 5 1 47 46 73 3 2 
4 4 9 53 54 89 3 2 
3 5 6 86 29 36 3 4 
1 8 4 42 38 36 8 9 
7 9 4 49 74 47 5 9 
6 6 1 15 62 62 6 3 
6 2 3 96 83 12 1 6 
4 5 5 27 34 83 2 6 
4 7 10 40 72 20 4 6 
2 4 3 56 53 11 3 9 
1 7 9 54 99 27 6 1 
3 10 8 32 77 29 6 8 
6 3 7 15 81 10 8 1 
4 3 3 90 13 19 10 8 
8 3 1 63 94 85 9 1 
6 5 8 99 95 96 9 6 
6 1 2 28 70 17 8 7 
8 7 2 55 84 38 2 1 
2 9 6 15 54 67 1 2 
5 5 6 32 84 55 8 6 
6 3 5 38 31 69 4 2 
9 7 5 48 47 30 7 4 
2 2 3 56 37 56 7 3 
1 1 6 22 10 77 2 8 
2 5 7 25 92 36 9 9 
8 4 2 28 70 85 2 5 
3 9 6 33 84 27 3 3 
3 6 8 72 47 98 6 8 
1 2 6 30 97 54 2 6 
1 9 8 37 39 78 1 2 
2 8 4 54 41 97 8 3 
9 9 6 36 18 23 6 7 
4 9 4 72 52 30 6 9 
6 7 9 48 20 28 4 4 
4 7 5 79 24 70 2 6 
9 2 5 87 61 67 1 6 
2 3 5 63 72 54 1 9 
1 6 1 49 87 44 1 4 
2 9 1 39 30 94 2 1 
2 2 4 12 59 12 4 1 
7 3 4 93 33 54 4 6 
6 4 3 54 55 30 5 2 
6 4 4 44 41 64 3 2 
2 6 4 90 99 38 2 6 
7 9 6 47 64 30 4 6 
3 1 8 36 62 12 8 3 
7 5 8 85 51 30 6 10 
4 7 4 99 73 80 5 8 
8 5 6 77 26 85 1 1 
2 4 9 97 50 51 5 1 
8 9 6 62 16 11 1 6 
8 1 8 74 31 61 5 3 
4 1 4 76 82 40 6 2 
3 4 8 46 96 15 5 2 
5 4 3 17 18 13 8 3 
7 3 3 69 56 33 9 6 
4 2 7 99 28 55 2 2 
8 5 2 33 35 60 6 7 
1 9 4 96 47 39 5 7 
4 1 2 11 14 62 5 7 
1 5 3 69 41 28 1 9 
4 5 8 57 16 68 3 6 
8 6 1 42 33 29 3 3 
5 1 1 13 86 12 5 8 
2 8 5 39 43 22 4 10 
5 3 4 53 86 31 6 5 
9 2 1 53 29 45 3 4 
9 5 1 85 84 72 6 3 
9 8 5 63 79 79 6 3 
1 4 3 36 70 48 6 6 
2 8 7 52 50 68 9 9 
2 7 4 20 29 27 2 2 
9 6 4 73 59 90 6 3 
5 4 3 49 89 93 7 9 
6 6 10 29 28 81 9 5 
2 3 10 82 53 89 9 6 
2 6 9 53 59 66 3 8 
1 5 4 93 85 89 9 1 
1 3 4 24 94 35 7 6 
3 2 5 44 25 15 6 7 
8 1 9 26 26 68 7 1 
1 7 4 31 87 18 8 6 
2 8 2 42 80 58 5 4 
5 7 8 85 79 38 4 8 
1 8 3 83 28 74 5 4 
7 5 3 79 95 10 6 5 
2 5 7 69 39 69 2 9 
8 9 1 14 42 99 9 6 
1 2 1 96 65 56 2 2 
2 7 8 15 92 50 4 4 
3 4 1 21 45 23 8 4 
3 4 8 86 19 66 9 8 
8 9 2 38 96 96 5 9 
6 8 8 64 66 21 2 2 
6 9 6 27 81 59 2 4 
7 9 2 54 24 14 7 6 
4 1 1 92 68 85 9 2 
5 6 7 38 36 99 4 7 
5 6 2 72 55 21 6 8 
4 4 2 85 69 59 5 8 
3 2 8 75 61 68 2 2 
9 3 3 42 22 13 6 7 
5 3 7 62 55 86 2 2 
10 9 2 32 50 65 5 4 
6 9 2 82 89 94 1 8 
7 3 3 88 79 82 4 2 
8 5 9 12 89 72 8 9 
2 6 7 66 39 58 8 1 
3 4 8 30 58 78 3 1 
9 2 6 45 52 30 3 9 
3 6 2 80 64 29 2 9 
4 3 6 53 71 71 4 5 
6 3 1 47 43 39 3 9 
9 8 5 11 67 83 2 7 
4 8 2 33 93 37 3 9 
5 3 5 95 88 74 2 5 
2 7 5 93 59 60 5 1 
8 7 6 44 22 54 6 9 
7 4 1 10 98 69 8 7 
8 7 2 95 84 40 1 2 
1 3 1 20 91 12 7 6 
7 5 8 10 63 15 5 1 
6 6 2 67 73 92 5 5 
1 7 4 74 76 52 5 2 
2 1 9 24 53 29 1 6 
1 4 4 56 95 23 5 8 
5 2 9 33 20 52 4 9 
5 2 3 32 35 41 3 8 
8 7 2 66 74 16 7 5 
2 3 7 71 76 27 8 6 
7 6 7 54 85 54 3 3 
7 7 4 28 81 76 2 3 
1 6 6 39 96 18 1 4 
4 2 7 59 47 34 1 3 
9 9 7 43 36 14 5 5 
9 9 7 82 18 87 6 5 
5 4 3 55 87 35 9 8 
1 8 9 31 51 42 6 2 
4 6 1 26 86 38 2 9 
8 8 4 76 46 66 6 4 
6 3 5 56 44 53 4 3 
4 4 4 85 31 34 10 1 
3 6 6 87 99 50 4 7 
5 3 9 78 34 46 8 5 
6 2 2 35 54 41 5 5 
8 5 4 91 45 34 7 3 
7 6 2 75 64 48 5 10 
6 6 2 78 90 12 6 6 
6 3 5 76 55 86 3 6 
9 1 4 50 94 60 2 3 
3 6 6 92 94 88 7 7 
6 3 3 15 16 52 9 4 
9 5 7 30 19 93 5 2 
1 9 2 46 36 18 6 3 
4 5 6 46 32 98 8 9 
4 2 5 76 78 97 5 5 
7 6 2 47 21 40 5 7 
5 3 9 73 72 94 3 7 
2 6 2 91 10 50 9 4 
8 6 7 65 63 40 4 3 
7 2 8 23 98 85 2 8 
9 5 9 28 58 86 9 5 
6 7 2 26 31 81 6 2 
5 6 5 28 21 85 1 8 
7 4 3 84 46 56 1 5 
7 9 2 32 11 89 9 5 
2 5 6 24 31 18 1 1 
6 4 5 14 68 42 7 1 
6 1 2 30 46 12 8 2 
4 1 1 42 37 49 9 7 
1 2 5 31 81 46 1 8 
6 8 8 81 51 41 3 3 
5 2 8 86 85 41 3 4 
4 9 6 24 36 79 9 2 
8 1 3 57 94 50 9 10 
2 1 5 63 94 13 4 5 
6 4 6 80 13 23 8 8 
8 6 9 24 53 10 7 3 
8 5 6 19 87 68 5 4 
7 5 3 45 33 36 8 3 
6 7 8 13 80 82 8 9 
2 2 1 75 34 66 8 6 
3 8 8 54 48 19 5 1 
7 6 4 43 80 53 5 2 
2 7 7 63 32 28 2 6 
3 7 4 46 98 70 9 5 
8 1 8 84 71 66 1 8 
8 1 8 23 67 93 4 1 
9 3 5 66 22 80 8 3 
6 8 7 69 26 90 4 3 
3 5 5 28 34 44 2 4 
3 1 8 48 57 97 5 9 
4 4 3 80 87 93 6 5 
6 7 1 48 38 91 7 5 
3 3 5 31 56 72 2 9 
6 10 8 95 47 94 4 7 
2 4 9 78 19 43 9 4 
5 3 7 16 34 23 2 8 
2 6 9 54 45 98 6 6 
1 1 9 39 57 87 6 6 
9 6 5 10 42 58 1 2 
2 4 6 62 68 82 4 3 
4 5 6 23 82 54 3 7 
6 1 8 21 92 49 4 5 
2 7 2 34 68 59 1 6 
2 2 6 33 94 42 2 1 
3 10 1 25 32 42 3 3 
2 6 4 55 89 48 5 9 
6 8 3 49 78 13 9 8 
9 9 6 37 89 42 4 2 
8 8 8 29 97 84 6 2 
1 4 7 19 66 82 6 8 
4 10 8 19 16 90 7 6 
1 7 7 67 75 25 7 4 
5 3 2 10 18 39 1 5 
2 7 9 49 33 98 10 4 
9 2 1 18 77 62 5 2 
5 6 4 83 84 41 8 9 
9 7 4 78 65 61 6 2 
2 6 5 76 61 38 7 6 
7 6 4 40 70 65 9 1 
7 4 5 97 38 94 2 5 
8 9 4 84 27 79 2 7 
2 9 1 63 75 60 9 1 
4 3 8 13 48 80 2 9 
3 8 5 92 76 77 7 3 
5 2 7 79 55 92 6 9 
9 9 7 79 32 70 1 7 
5 6 6 78 57 68 1 2 
7 7 8 91 81 34 1 3 
6 9 2 41 45 59 7 4 
2 3 9 46 97 92 5 2 
5 6 6 79 92 82 6 2 
7 4 4 26 18 83 4 2 
9 2 8 76 25 39 7 5 
1 6 9 32 36 43 8 4 
1 4 1 27 61 25 9 6 
2 9 3 58 26 35 1 9 
10 7 4 32 88 86 4 3 
8 4 6 25 92 34 5 6 
7 4 9 72 35 80 7 1 
3 4 5 47 20 86 7 5 
1 3 5 97 92 30 5 8 
7 4 4 54 24 15 2 2 
1 7 6 68 91 47 5 5 
7 8 6 34 63 71 5 8 
8 3 4 20 10 71 1 5 
4 3 7 16 37 57 4 5 
1 5 7 52 59 39 1 4 
2 4 1 63 89 41 9 5 
8 9 7 65 90 92 6 2 
4 6 3 98 11 67 9 8 
7 7 9 90 59 73 2 8 
5 2 5 43 17 44 5 9 
4 5 5 74 92 28 2 3 
6 3 6 39 36 39 9 1 
7 5 5 97 93 62 4 2 
5 9 9 80 62 88 1 8 
5 6 1 10 27 48 4 1 
2 5 3 78 85 22 2 7 
7 1 8 99 29 16 4 7 
3 8 6 51 84 52 7 8 
8 7 1 46 86 96 1 6 
7 1 1 60 12 90 6 6 
8 2 9 26 60 46 5 3 
6 5 3 48 14 55 10 9 
5 1 9 91 18 92 8 9 
3 7 8 41 14 85 6 3 
8 2 8 39 14 90 3 8 
6 5 2 23 51 37 4 1 
2 7 5 47 99 94 7 7 
7 2 3 80 20 14 4 8 
1 6 9 84 55 84 2 3 
3 1 7 96 58 24 6 2 
8 5 4 45 91 40 4 3 
4 5 5 35 32 51 4 7 
4 4 6 22 50 82 8 9 
2 8 1 38 58 36 3 1 
2 9 5 85 11 93 3 9 
8 4 3 32 30 90 8 4 
5 6 8 37 18 40 5 4 
4 2 1 50 61 62 2 8 
8 7 3 60 43 76 2 2 
6 8 1 59 30 75 5 2 
5 7 7 59 94 49 10 2 
5 8 7 62 65 31 8 5 
3 2 8 64 82 56 8 7 
5 5 10 78 64 75 4 1 
3 8 7 64 79 78 5 8 
9 2 5 25 25 61 1 5 
8 5 2 24 57 16 4 2 
6 6 3 47 41 32 1 3 
3 6 5 82 29 65 7 9 
3 6 3 41 51 19 7 1 
4 9 1 86 56 56 8 5 
9 6 8 29 54 56 5 2 
7 2 6 87 90 42 4 3 
1 5 4 13 30 25 5 2 
2 8 6 82 65 38 1 5 
4 8 1 59 52 42 9 1 
9 8 9 39 72 59 3 5 
4 4 7 83 30 27 4 9 
1 9 4 58 21 33 6 1 
9 5 3 80 70 87 3 8 
7 7 7 16 55 99 7 5 
7 9 6 74 74 20 5 8 
5 6 2 35 40 59 6 7 
4 7 2 81 93 76 4 3 
3 5 5 39 90 83 8 6 
8 9 10 76 59 98 3 6 
4 4 2 28 98 97 2 7 
1 4 2 40 28 73 9 3 
2 6 5 45 37 48 3 8 
2 8 3 42 30 75 8 9 
2 3 9 52 12 80 5 8 
6 8 3 43 12 66 3 5 
3 2 9 22 56 49 7 8 
2 2 2 92 14 95 4 3 
2 6 5 83 98 47 7 1 
3 2 7 30 99 38 6 7 
3 6 2 65 96 20 6 5 
6 3 5 85 65 29 8 1 
2 5 1 91 47 26 2 7 
1 8 8 44 15 20 3 6 
2 3 1 90 34 19 7 9 
8 4 9 16 13 40 9 3 
8 3 3 37 10 98 8 5 
1 9 3 48 91 37 4 5 
6 4 10 26 44 35 4 2 
1 4 6 29 90 13 6 2 
9 2 8 90 16 86 5 7 
4 6 7 57 98 32 5 6 
3 3 5 58 22 11 2 1 
3 3 5 92 31 94 5 3 
4 6 5 36 46 76 3 7 
4 5 4 11 10 53 4 3 
5 5 8 45 24 62 9 4 
5 4 1 97 82 80 3 4 
5 4 3 33 95 92 7 6 
9 1 2 74 61 39 7 5 
8 1 1 23 36 75 1 2 
6 2 3 39 89 57 6 2 
8 9 3 69 20 23 1 7 
9 2 6 25 34 19 2 2 
9 1 1 78 68 80 2 8 
7 2 1 13 74 91 3 1 
9 3 3 70 36 38 7 9 
3 3 1 16 41 45 4 9 
3 2 9 48 81 50 7 8 
5 4 4 25 64 79 4 5 
2 8 4 16 49 12 2 6 
5 5 3 30 30 91 9 5 
1 5 6 78 63 83 6 7 
2 4 7 47 55 92 6 7 
1 6 7 70 42 57 5 4 
6 3 9 69 14 16 4 2 
6 9 6 52 97 54 3 8 
8 5 4 29 38 79 3 9 
3 6 4 44 89 86 1 7 
3 7 9 69 83 68 2 2 
3 2 3 67 13 37 1 1 
7 1 1 82 44 68 2 9 
4 8 2 39 94 97 7 5 
4 1 5 69 80 52 4 1 
5 3 8 12 54 62 3 3 
9 5 5 14 90 99 7 1 
7 1 3 72 17 88 6 7 
3 5 7 42 50 45 4 7 
2 3 9 67 33 30 7 6 
3 7 5 54 67 45 4 2 
8 8 2 50 94 57 7 3 
7 5 8 11 11 74 4 6 
1 4 9 55 47 49 4 4 
7 9 5 77 70 95 1 1 
3 7 6 70 31 69 3 3 
5 1 2 94 36 76 5 2 
8 2 4 95 84 66 3 9 
6 3 8 61 47 98 9 8 
5 9 9 99 60 65 7 7 
3 6 5 64 51 27 4 5 
8 2 4 66 49 72 1 7 
5 2 2 32 14 33 2 1 
8 5 4 33 99 78 9 7 
9 1 4 16 80 66 4 2 
9 5 9 44 62 38 1 2 
9 9 6 86 29 28 6 8 
5 2 8 48 13 21 2 3 
1 8 4 29 43 19 4 3 
1 8 7 94 21 88 3 5 
7 9 3 26 42 52 8 7 
7 2 1 71 14 18 7 9 
9 1 4 13 80 17 9 3 
3 9 10 45 87 63 1 5 
4 3 7 73 89 48 2 3 
6 6 3 95 63 14 6 2 
6 4 2 72 38 65 5 9 
1 6 2 23 40 59 4 1 
3 5 3 93 76 47 7 4 
5 7 8 31 31 19 7 7 
8 4 2 47 85 68 7 9 
8 2 8 79 37 31 2 3 
1 3 2 13 48 72 9 2 
5 5 6 44 90 77 2 9 
6 6 2 29 92 68 6 5 
8 8 9 79 64 90 3 3 
2 1 1 97 79 58 7 7 
5 4 6 92 16 80 2 4 
1 4 7 16 89 34 8 4 
8 3 8 35 95 95 4 1 
3 5 2 49 83 55 7 5 
1 2 9 80 16 73 6 6 
3 5 5 25 70 20 9 7 
2 3 1 69 14 78 8 7 
1 6 5 45 63 26 9 9 
7 1 9 89 26 64 8 3 
7 4 4 32 23 17 3 6 
4 2 7 85 61 22 9 7 
2 3 2 76 95 48 9 3 
1 4 9 24 56 76 8 1 
8 5 6 73 41 42 6 4 
5 6 8 97 55 62 5 3 
2 6 1 69 40 13 9 3 
8 1 8 83 37 18 8 7 
1 7 2 73 71 77 5 3 
2 4 3 15 97 63 4 4 
7 5 2 49 47 64 5 5 
5 1 4 15 98 44 3 3 
5 7 5 41 52 33 9 6 
2 8 5 93 77 73 5 5 
4 5 3 75 28 69 1 6 
9 4 5 13 59 33 1 6 
5 2 5 79 27 15 4 7 
1 5 9 83 57 66 2 10 
7 8 1 22 74 20 6 3 
10 1 4 64 65 66 4 5 
4 8 5 34 70 16 9 6 
6 9 6 79 12 39 7 8 
8 9 3 80 82 62 7 3 
5 4 5 29 38 26 8 6 
3 7 6 52 93 56 1 1 
8 6 1 68 56 26 5 3 
3 8 4 44 20 63 5 2 
7 3 7 61 66 83 5 9 
6 8 3 33 73 57 5 1 
2 8 6 64 39 34 2 7 
8 2 5 68 84 36 4 7 
1 1 8 25 62 14 1 3 
4 5 1 92 11 25 4 10 
6 9 8 29 25 28 1 2 
6 1 8 35 99 26 9 4 
3 6 7 72 75 26 7 9 
8 8 3 41 65 12 7 5 
4 1 1 38 66 28 9 7 
1 9 6 57 28 70 1 8 
3 8 8 80 20 37 9 7 
7 8 2 16 84 92 1 7 
5 5 7 85 10 35 1 7 
2 9 1 72 40 11 2 2 
6 2 1 82 54 62 9 5 
6 10 4 25 14 38 9 8 
6 4 4 32 89 71 4 7 
4 4 9 16 58 50 2 3 
2 7 1 91 73 80 9 1 
4 1 8 57 40 78 6 3 
9 9 9 67 12 18 2 4 
1 3 8 13 98 72 8 9 
5 1 1 11 39 37 5 9 
2 6 5 22 69 54 8 8 
4 5 6 46 64 46 1 4 
5 5 2 27 43 96 9 5 
9 9 4 91 19 99 9 5 
1 9 1 15 30 20 2 6 
4 5 5 86 19 98 5 10 
8 9 7 27 27 62 3 4 
9 9 3 67 87 31 8 9 
3 2 5 91 52 18 7 7 
1 5 9 19 10 83 4 7 
2 5 2 23 69 12 1 8 
1 1 9 82 59 18 8 7 
1 1 4 86 63 50 5 5 
7 1 5 65 15 47 8 1 
7 4 5 31 46 37 10 1 
2 8 1 39 31 46 6 5 
2 2 5 96 62 72 6 6 
2 2 9 69 23 39 9 9 
3 6 4 37 18 62 5 8 
3 8 6 79 82 42 1 4 
5 3 2 60 93 61 9 9 
3 9 7 96 27 86 5 6 
9 8 8 21 37 59 1 6 
7 8 7 21 53 28 4 9 
7 3 9 40 35 28 7 8 
1 9 1 11 95 17 2 7 
8 6 3 45 77 92 4 1 
2 5 1 51 91 48 6 6 
6 10 1 91 22 95 4 4 
5 3 10 30 79 67 4 9 
2 4 9 57 56 83 8 7 
9 9 4 12 90 33 7 4 
6 6 6 18 89 86 2 9 
3 6 8 72 16 71 3 2 
2 9 8 43 47 76 7 9 
8 6 3 29 79 54 1 3 
1 7 1 56 24 62 6 4 
2 4 2 48 20 74 6 7 
2 8 6 41 48 48 8 4 
7 1 8 46 16 61 3 8 
8 7 6 51 72 34 4 4 
8 1 3 28 12 79 7 2 
2 2 3 89 55 24 2 4 
8 4 1 28 90 43 7 6 
7 5 7 88 82 51 1 1 
7 6 8 92 11 55 1 5 
9 2 4 37 43 80 3 4 
2 9 6 74 79 85 8 5 
4 5 9 27 59 30 8 10 
7 9 7 52 98 48 1 9 
2 8 3 60 34 56 9 6 
5 5 5 56 42 26 2 4 
8 3 1 56 28 79 5 3 
5 9 7 76 44 90 4 6 
6 9 2 60 42 77 6 7 
7 1 5 12 92 26 3 2 
7 2 5 40 17 86 7 4 
7 5 2 10 62 96 6 3 
3 6 2 23 29 26 7 7 
1 5 7 57 80 16 6 3 
4 8 8 54 59 26 3 4 
6 4 10 29 37 94 3 7 
1 9 8 86 97 66 4 5 
3 6 2 93 78 38 1 4 
9 2 7 42 71 63 5 6 
3 8 4 79 35 41 4 5 
4 3 1 37 30 27 2 4 
7 6 7 23 44 10 7 5 
8 7 4 53 29 41 1 5 
4 8 6 59 73 19 7 1 
4 1 5 77 40 56 7 1 
3 5 9 33 24 46 5 8 
8 8 2 51 91 97 8 7 
2 4 4 26 51 89 4 3 
1 1 3 23 48 60 8 1 
7 1 3 56 46 54 9 4 
4 4 9 25 11 95 7 5 
7 5 6 70 83 91 5 7 
4 7 5 76 28 49 8 3 
8 3 3 88 80 65 8 3 
2 2 8 67 63 27 3 3 
4 8 5 78 63 43 7 2 
6 6 6 71 71 55 8 1 
5 6 6 36 44 97 1 8 
1 2 3 33 81 88 1 3 
4 5 6 13 76 75 6 2 
1 7 7 14 80 19 5 7 
4 1 4 78 20 88 2 2 
2 6 2 50 73 47 6 8 
2 1 7 65 89 65 2 2 
6 1 1 13 57 57 5 2 
7 4 4 19 81 88 3 3 
4 4 6 81 25 89 8 3 
6 4 9 92 76 47 1 5 
5 7 8 68 17 58 7 6 
4 9 4 10 67 61 2 4 
2 6 2 22 32 91 9 3 
3 4 8 93 78 43 2 7 
4 9 9 21 37 29 7 1 
1 4 1 42 42 34 10 8 
3 5 4 62 12 69 4 1 
2 7 1 35 44 11 8 2 
4 3 5 94 79 79 6 8 
9 1 7 58 55 16 5 6 
7 5 2 59 81 68 5 4 
3 5 3 40 12 12 7 8 
9 3 2 20 32 14 9 7 
9 7 6 95 24 95 5 1 
2 2 4 63 84 64 7 6 
2 2 5 87 61 11 8 5 
1 3 3 76 57 56 9 9 
5 2 3 80 74 26 6 5 
1 3 1 64 14 30 1 6 
8 8 3 94 22 69 6 5 
8 3 8 94 64 17 5 2 
5 6 8 85 73 12 6 7 
3 1 7 46 65 83 5 5 
2 1 7 63 80 65 8 7 
3 6 7 43 78 58 5 5 
4 9 5 75 22 94 7 10 
9 5 4 81 75 42 5 7 
9 4 7 47 64 92 7 6 
5 7 1 14 39 24 5 4 
5 5 8 20 12 95 6 5 
10 7 4 79 36 17 6 8 
3 7 7 69 58 47 4 7 
1 9 2 52 92 71 4 2 
2 1 3 68 96 43 3 9 
3 6 7 27 37 60 6 9 
2 1 3 33 12 43 2 1 
3 3 2 19 92 72 2 2 
6 6 5 81 39 21 1 8 
8 6 5 62 21 77 3 6 
5 2 8 79 49 68 3 3 
1 3 7 19 81 25 4 8 
8 6 3 79 37 14 5 4 
1 5 3 33 58 90 4 7 
2 4 5 35 69 42 7 3 
9 7 5 51 96 44 3 3 
9 3 7 49 21 27 1 8 
7 2 3 97 22 60 9 6 
2 3 3 45 37 40 2 2 
1 4 8 57 11 53 2 8 
7 5 6 61 64 12 1 5 
5 2 2 66 84 22 9 9 
1 5 9 60 20 44 5 9 
5 6 6 76 24 27 8 5 
8 5 2 67 25 80 6 2 
9 6 9 88 80 63 8 3 
10 5 1 56 22 88 4 9 
8 7 3 38 53 35 1 4 
1 4 7 75 52 59 3 3 
7 6 8 54 15 26 3 5 
5 4 7 94 52 39 4 8 
8 1 1 81 67 44 5 4 
8 7 6 20 66 14 2 1 
5 5 10 78 73 89 8 5 
2 8 4 71 32 68 5 6 
9 4 3 20 36 80 3 1 
7 1 6 65 65 99 7 3 
4 6 7 37 75 83 7 6 
2 7 3 38 17 81 7 8 
5 6 4 58 56 91 8 6 
8 5 4 50 90 99 1 8 
6 3 6 76 90 45 2 2 
8 4 3 20 50 77 8 4 
2 4 2 81 93 51 2 3 
4 8 2 87 15 90 6 4 
6 6 5 67 46 16 1 6 
3 4 9 41 63 26 9 8 
7 3 9 62 72 88 1 4 
6 2 4 82 29 37 6 3 
3 5 7 66 57 62 7 8 
5 6 3 11 34 65 4 5 
9 4 10 70 29 55 7 6 
5 7 5 61 71 48 3 5 
5 2 8 66 41 90 7 4 
10 7 9 19 76 78 3 7 
3 4 7 62 56 98 3 2 
8 7 6 15 51 83 3 5 
8 6 2 58 56 71 8 6 
5 8 8 58 98 40 5 2 
8 8 2 33 19 41 3 7 
9 5 8 15 75 25 9 7 
4 5 2 78 38 34 2 5 
1 2 5 68 35 38 6 7 
5 9 7 11 62 33 3 4 
3 7 7 55 93 64 3 5 
7 8 9 75 63 90 3 4 
1 10 8 72 13 16 2 1 
8 5 2 87 69 34 7 1 
7 7 3 63 84 38 8 5 
1 5 4 84 28 56 7 4 
1 9 4 95 33 12 4 6 
3 1 4 77 71 65 6 7 
1 3 8 89 53 78 3 8 
4 5 3 22 13 51 2 5 
1 5 8 66 22 66 3 8 
4 6 1 62 89 99 4 9 
4 3 6 20 61 96 2 1 
4 7 8 61 69 83 5 3 
3 8 8 93 14 85 2 5 
4 3 3 97 86 77 3 7 
5 7 4 25 24 47 1 3 
7 7 9 86 50 26 8 3 
6 1 3 16 25 50 2 4 
2 4 8 67 75 22 7 2 
5 1 1 82 99 28 5 6 
7 8 1 98 89 60 3 2 
4 1 4 12 81 76 3 4 
5 6 6 26 87 72 6 6 
4 1 3 11 28 17 5 5 
2 1 5 55 96 91 3 3 
2 4 3 85 61 58 7 6 
3 1 7 39 99 46 9 4 
9 2 2 87 61 38 4 7 
8 9 5 27 37 29 4 6 
6 5 6 79 25 48 3 8 
3 5 3 89 71 79 5 2 
4 5 1 65 52 88 4 1 
4 5 1 83 48 46 1 9 
7 3 1 99 21 18 6 7 
9 3 8 85 50 44 1 8 
3 9 3 14 35 14 5 3 
7 3 1 48 10 33 3 5 
5 6 4 93 61 28 5 2 
9 3 3 73 10 83 8 5 
6 7 9 98 22 36 3 7 
3 8 8 54 65 35 6 3 
9 1 1 77 92 73 9 5 
6 7 5 29 84 11 7 8 
3 3 2 68 50 73 1 1 
6 2 9 95 93 42 4 5 
3 4 9 53 35 46 6 5 
7 7 4 20 64 34 1 9 
6 10 4 76 11 22 2 8 
8 2 1 56 92 82 2 6 
7 7 7 93 24 57 3 8 
6 7 7 23 67 66 2 5 
5 7 7 64 68 12 9 2 
8 6 2 44 28 73 9 5 
7 3 6 87 27 68 1 1 
1 8 3 43 42 96 2 9 
7 9 9 68 66 28 5 3 
4 4 5 69 43 75 7 1 
9 3 1 55 51 11 4 1 
6 4 8 32 28 46 9 9 
5 1 3 99 84 87 6 8 
7 5 6 80 33 60 1 9 
7 5 6 16 78 61 9 1 
5 10 7 67 97 31 7 7 
6 4 7 42 78 87 2 4 
8 3 4 48 33 73 9 7 
4 7 8 53 95 31 3 3 
7 6 1 99 42 41 1 2 
7 6 8 45 29 66 1 8 
2 8 8 47 65 28 1 7 
1 4 5 87 23 34 7 5 
3 4 8 73 11 89 2 9 
9 8 4 70 31 82 9 1 
7 9 7 57 93 40 7 4 
3 6 9 45 49 37 9 7 
2 2 1 83 38 34 7 6 
6 8 7 54 76 61 3 7 
8 9 5 94 28 56 3 3 
6 7 9 17 91 54 3 9 
9 9 8 98 84 17 1 4 
1 10 4 97 35 59 5 1 
6 1 8 31 66 46 1 8 
5 8 2 43 86 20 8 4 
7 8 5 68 42 15 1 8 
9 3 1 50 60 81 9 6 
7 9 1 45 10 58 10 3 
4 3 6 43 75 25 8 2 
2 7 4 72 59 66 3 8 
6 4 6 42 50 86 4 9 
4 3 6 74 83 60 6 7 
7 8 6 79 22 97 6 4 
4 4 1 27 28 98 1 6 
5 3 8 95 44 22 5 6 
2 1 5 14 41 23 7 4 
2 8 3 92 90 35 6 5 
4 4 2 40 37 90 6 3 
3 3 1 10 50 83 8 5 
7 5 7 28 14 27 9 8 
8 8 2 64 50 91 7 5 
1 1 7 65 94 41 3 6 
2 3 5 11 78 91 6 5 
8 2 8 90 16 70 3 1 
1 9 6 20 25 34 4 6 
9 5 8 13 76 27 9 1 
7 3 3 43 71 63 1 9 
8 6 3 18 76 79 8 6 
8 9 1 34 95 52 4 1 
6 8 5 72 75 38 4 7 
3 1 5 99 86 36 4 2 
1 7 9 56 19 36 8 1 
9 7 2 78 30 28 4 5 
9 4 3 50 35 13 1 4 
2 7 6 17 32 55 1 7 
9 5 3 46 23 36 5 7 
3 6 1 89 85 29 3 3 
7 1 5 96 22 34 9 7 
7 5 7 88 61 52 9 5 
7 1 7 32 78 69 5 8 
3 8 8 63 96 91 3 5 
5 8 2 58 54 30 2 2 
2 1 3 51 55 25 3 9 
6 5 5 59 43 84 2 1 
1 2 5 26 19 83 2 5 
2 8 5 91 36 66 3 6 
8 1 1 10 62 38 2 4 
9 8 3 87 98 99 9 1 
9 2 3 57 81 45 6 9 
3 5 6 90 13 92 5 1 
3 1 1 73 44 80 9 1 
7 10 9 56 50 60 2 8 
8 5 7 40 62 87 1 1 
3 1 5 97 83 42 7 1 
9 7 5 63 21 73 2 5 
8 3 1 75 32 15 5 2 
4 6 2 54 36 24 2 6 
6 1 7 69 31 17 4 1 
8 8 9 94 92 86 5 7 
8 6 1 61 53 89 4 7 
3 5 6 70 12 88 9 5 
4 4 1 71 95 49 2 1 
8 8 4 45 88 99 5 7 
3 8 5 29 62 86 1 8 
7 1 6 30 10 79 3 6 
7 4 8 45 83 77 4 6 
5 1 3 49 36 29 6 7 
4 6 6 61 37 90 1 7 
4 3 4 70 24 83 8 3 
3 1 1 97 79 53 6 3 
7 6 9 21 98 74 10 6 
3 2 4 38 90 70 7 8 
8 1 5 12 17 11 6 8 
3 3 2 74 79 66 8 6 
7 1 7 19 44 26 1 5 
4 6 3 49 88 33 7 6 
3 1 4 81 96 24 6 7 
3 3 5 97 38 46 1 9 
8 2 4 40 80 22 2 9 
4 9 8 53 90 84 2 1 
1 3 8 75 50 56 3 1 
3 8 3 32 80 32 2 1 
5 1 7 98 86 74 4 3 
9 7 7 58 38 69 1 7 
1 7 3 70 55 96 2 4 
9 4 9 33 67 58 6 3 
7 5 2 15 34 60 1 3 
6 3 9 70 20 71 8 8 
9 2 6 45 53 96 4 6 
4 3 7 50 23 60 7 7 
3 9 5 44 75 63 2 5 
7 4 8 76 23 65 7 9 
9 2 4 48 26 61 2 1 
2 4 3 23 10 13 2 8 
2 4 5 19 83 50 4 2 
6 8 4 44 24 39 8 1 
2 3 9 38 34 11 2 6 
7 8 9 85 64 25 2 2 
2 3 8 30 44 26 3 5 
2 7 2 39 89 82 5 7 
7 1 3 40 11 36 9 1 
6 6 3 13 46 22 8 9 
2 1 6 40 80 60 7 2 
2 2 1 25 25 99 5 5 
5 2 3 68 88 76 1 5 
1 6 2 51 71 76 1 5 
1 8 4 29 76 87 8 2 
3 3 6 72 92 18 4 1 
8 9 4 78 97 99 1 2 
6 5 8 67 98 21 5 1 
2 6 5 66 74 93 7 5 
9 3 8 65 26 86 8 3 
9 5 6 34 18 52 8 8 
3 8 5 58 59 87 9 1 
8 1 7 29 25 50 4 5 
6 7 9 52 53 53 2 6 
4 3 3 15 83 16 6 4 
2 9 9 20 23 67 3 6 
1 4 8 42 47 73 7 1 
5 6 5 10 56 92 4 3 
9 4 5 83 71 88 4 4 
9 7 2 16 62 86 2 3 
9 3 8 85 24 21 3 2 
3 6 8 91 61 27 10 1 
3 5 8 25 89 56 7 6 
7 6 7 83 85 50 2 9 
6 3 5 26 26 15 3 2 
7 7 8 99 99 72 4 4 
2 1 7 66 73 99 2 2 
1 4 5 53 32 76 5 1 
6 5 9 82 80 83 2 5 
9 8 7 47 53 14 8 7 
7 9 4 39 53 11 7 9 
9 8 3 11 85 36 3 1 
1 7 8 27 16 62 9 5 
4 9 8 30 27 76 3 2 
3 8 9 51 93 14 6 7 
8 5 5 76 34 56 7 8 
1 6 4 33 22 68 4 7 
9 6 3 13 77 60 6 2 
1 8 6 99 18 40 2 3 
4 8 8 10 89 63 9 5 
2 1 7 14 88 29 1 7 
2 4 1 50 91 84 7 1 
1 8 7 95 36 13 1 7 
9 8 7 40 73 24 5 2 
3 6 1 70 16 22 6 2 
6 7 7 24 24 40 8 9 
9 8 5 34 33 20 6 5 
1 9 8 14 60 75 3 7 
4 6 9 62 77 36 5 3 
7 7 8 65 54 80 9 2 
2 4 1 83 81 59 7 9 
9 5 3 75 78 35 1 5 
1 7 8 93 90 59 8 2 
7 6 1 30 92 73 8 3 
7 5 9 13 40 16 1 5 
4 8 2 32 94 63 7 1 
7 2 3 49 28 93 5 3 
6 3 6 80 39 50 9 4 
6 8 8 57 27 94 1 9 
7 8 9 71 43 59 4 7 
4 10 3 81 46 54 1 7 
9 1 2 78 66 74 9 8 
1 1 4 32 46 87 7 6 
9 6 2 71 29 90 10 1 
2 8 6 58 66 87 3 2 
7 2 7 22 53 69 7 3 
2 9 1 88 97 41 8 6 
10 6 1 12 38 73 7 2 
5 9 1 20 86 58 8 2 
1 6 8 64 82 31 3 5 
5 1 2 35 40 92 5 8 
8 5 5 80 69 81 8 6 
6 8 9 30 94 77 9 7 
6 2 6 78 11 15 3 5 
7 6 9 47 30 42 2 9 
2 1 6 56 76 23 6 8 
5 3 8 98 24 74 1 4 
6 3 2 38 99 87 1 6 
5 4 5 75 59 31 7 2 
6 8 3 46 60 23 9 4 
7 6 10 97 80 32 6 1 
7 5 8 78 84 28 7 7 
5 7 3 72 74 34 3 2 
6 4 1 63 58 34 2 9 
6 6 6 10 24 55 5 1 
7 7 7 82 72 62 3 5 
8 3 7 60 93 44 4 1 
5 2 6 64 61 30 4 3 
2 7 7 18 77 72 5 3 
1 3 3 41 49 54 3 2 
4 5 8 60 71 56 1 1 
4 5 7 41 67 92 7 8 
6 7 3 48 48 21 6 5 
9 6 5 26 27 41 4 2 
6 8 5 37 68 36 2 5 
2 4 4 87 94 77 2 1 
5 5 5 55 45 26 6 8 
4 8 5 51 89 88 8 8 
1 3 5 81 60 86 6 6 
8 2 6 24 83 67 1 4 
1 9 3 30 72 61 1 5 
8 2 6 30 48 23 6 1 
4 3 4 49 60 20 2 3 
3 5 2 84 29 21 5 7 
4 5 2 25 34 46 2 7 
10 9 6 59 24 69 6 5 
6 1 4 63 57 34 8 9 
6 8 6 92 75 88 6 6 
8 6 3 87 10 75 1 6 
4 5 6 17 33 36 1 5 
3 5 8 82 94 66 5 3 
5 9 6 83 82 61 6 4 
6 10 2 57 76 69 5 2 
6 9 9 76 15 73 2 7 
9 6 2 81 70 16 8 5 
6 4 9 21 86 78 7 9 
5 3 3 50 63 12 4 2 
6 1 1 50 48 98 3 6 
1 7 3 44 89 86 3 7 
8 4 9 45 79 42 7 1 
3 5 2 21 73 50 4 1 
5 1 1 29 28 40 6 5 
8 7 5 84 45 85 7 4 
2 9 3 34 18 45 6 4 
5 5 8 28 22 45 2 1 
5 6 4 27 94 75 8 5 
5 9 1 65 85 88 2 6 
5 8 8 73 42 81 5 3 
2 4 3 83 15 64 6 9 
2 8 2 85 71 91 6 2 
1 7 4 91 61 42 7 6 
1 6 1 76 56 38 1 7 
1 1 7 15 49 44 7 8 
2 7 6 29 12 61 1 9 
2 3 9 75 62 22 7 8 
1 4 3 67 69 88 3 7 
8 3 5 90 86 93 6 6 
3 8 2 64 13 25 9 6 
2 3 5 21 37 30 9 9 
2 5 9 27 16 71 8 5 
2 8 6 66 65 93 3 2 
5 8 3 58 13 72 5 5 
7 9 2 26 33 14 9 5 
5 2 1 64 43 46 7 5 
5 1 4 93 48 91 4 4 
8 4 1 79 82 54 1 3 
5 1 4 44 80 51 4 8 
2 3 5 37 93 11 7 7 
7 6 4 14 93 58 5 4 
4 4 2 37 25 53 4 1 
3 3 1 17 94 79 1 8 
5 5 8 63 16 94 7 1 
10 3 2 31 13 40 8 1 
3 4 6 78 16 54 7 9 
4 9 7 18 22 46 2 8 
8 7 7 93 62 82 7 3 
1 7 2 75 43 78 10 3 
7 9 9 75 58 79 3 9 
2 3 6 38 68 45 7 9 
6 3 7 90 53 81 1 7 
3 8 9 97 23 31 4 1 
2 4 9 65 10 45 9 1 
3 9 2 69 86 24 4 3 
4 10 1 82 82 95 1 2 
8 2 4 27 57 86 8 8 
2 3 1 19 58 87 6 4 
4 3 5 28 12 66 9 7 
2 8 1 29 55 65 4 4 
8 2 3 81 34 98 6 2 
9 2 1 17 95 44 4 6 
5 3 3 22 10 81 6 6 
2 4 4 37 70 37 2 5 
6 2 7 40 29 95 6 9 
6 8 1 48 65 51 7 9 
8 2 1 59 87 39 1 9 
5 4 8 16 98 56 4 4 
3 7 1 61 17 95 8 7 
4 4 9 18 45 48 3 6 
5 4 4 75 76 15 2 5 
1 5 1 87 47 22 7 5 
4 2 6 14 16 62 9 2 
1 6 2 56 32 80 8 5 
4 5 6 68 48 40 2 4 
5 3 4 10 17 13 9 3 
7 6 1 73 24 11 4 9 
8 1 5 39 41 45 8 2 
5 3 7 99 50 84 3 1 
1 6 7 81 48 71 5 2 
5 7 5 29 41 98 8 6 
5 4 2 13 40 36 5 4 
4 2 9 60 23 78 9 2 
6 7 6 43 36 55 2 10 
6 4 8 73 23 68 3 5 
10 3 5 37 71 14 2 8 
5 1 6 94 89 16 6 7 
2 9 5 22 50 43 7 1 
7 3 1 24 81 29 4 5 
6 9 4 32 89 79 1 10 
5 8 1 18 92 42 5 6 
3 7 4 32 79 42 6 2 
2 5 2 56 60 40 5 2 
8 9 5 95 50 65 8 9 
4 4 9 48 26 41 2 6 
6 4 9 18 35 28 7 6 
4 8 7 63 53 45 7 7 
3 4 6 38 45 26 9 5 
2 10 6 14 91 44 6 1 
7 4 8 62 80 93 7 8 
2 1 2 12 43 98 1 3 
7 7 8 15 64 73 9 2 
2 7 4 97 31 71 6 8 
8 1 3 99 61 23 4 5 
6 2 8 14 48 38 2 2 
2 4 1 31 31 94 9 1 
7 7 3 57 52 98 5 4 
5 8 2 66 72 40 2 1 
2 7 4 30 14 18 6 1 
6 8 1 25 64 84 1 2 
4 5 4 28 16 78 8 5 
4 7 3 86 87 56 4 9 
6 2 7 61 43 40 6 9 
3 3 2 47 51 39 1 3 
1 8 2 49 76 30 5 9 
9 9 1 30 22 55 5 6 
4 7 3 41 22 17 6 9 
2 3 1 28 27 88 8 2 
7 8 6 47 11 58 7 2 
1 3 7 35 64 85 3 2 
6 1 9 97 69 96 3 2 
1 4 6 37 66 75 5 6 
5 4 6 73 22 47 4 8 
1 8 4 20 84 95 6 2 
1 1 5 86 26 18 7 7 
5 9 3 25 92 69 1 4 
5 1 7 16 42 12 5 9 
8 5 5 78 89 41 9 8 
4 9 2 72 63 82 2 4 
1 2 2 57 71 46 2 9 
2 8 8 79 64 46 1 7 
1 6 5 37 19 34 3 1 
3 4 6 80 31 59 7 4 
4 2 9 62 58 30 9 6 
2 3 8 25 82 75 6 9 
2 2 5 45 10 93 8 7 
10 3 9 28 60 73 3 9 
5 1 2 60 42 26 9 9 
2 4 8 30 90 98 3 3 
6 1 6 53 66 95 6 6 
1 2 8 89 96 59 8 4 
10 7 8 14 56 46 3 3 
8 3 7 72 71 25 2 3 
3 9 2 95 75 15 3 9 
1 1 4 50 95 21 3 1 
1 7 5 71 67 10 3 4 
6 6 3 35 34 20 6 1 
6 6 8 98 61 50 3 9 
6 8 8 59 62 16 5 9 
7 3 9 17 76 64 2 4 
2 9 9 92 37 52 3 8 
1 6 8 75 41 31 3 8 
2 6 5 16 30 99 3 1 
7 7 6 86 27 42 3 3 
2 3 1 51 99 31 5 5 
1 7 8 21 40 52 6 6 
8 9 6 11 36 91 6 3 
3 3 2 49 17 98 5 2 
5 5 2 30 27 26 9 3 
5 9 7 56 70 93 3 9 
7 7 6 44 45 10 5 2 
4 8 7 57 54 80 1 5 
1 6 4 11 79 98 3 9 
2 8 2 58 14 48 5 4 
7 2 9 52 89 12 6 5 
9 9 2 46 25 95 8 6 
4 3 2 10 68 80 1 5 
6 8 9 96 72 62 5 8 
2 3 1 72 90 28 6 7 
1 2 7 40 31 33 4 8 
4 7 6 86 92 59 6 2 
5 8 6 23 32 43 5 4 
6 5 3 77 86 44 2 1 
5 2 2 83 71 37 9 2 
1 8 2 14 47 64 10 5 
4 1 5 87 25 30 2 9 
9 8 4 81 24 62 6 8 
7 6 5 72 18 51 2 7 
6 5 2 62 22 22 8 2 
9 8 8 75 24 86 9 9 
4 5 3 58 83 46 3 7 
8 6 2 40 97 69 2 6 
7 2 8 67 90 26 5 7 
7 5 6 82 42 33 1 3 
3 8 8 38 21 56 3 6 
1 1 3 62 40 45 5 1 
1 5 1 20 58 27 1 7 
6 5 8 93 19 57 5 8 
8 1 4 99 65 15 1 3 
3 2 4 40 45 76 10 8 
1 4 1 71 37 98 7 2 
9 2 3 30 46 15 1 2 
4 4 1 19 76 68 5 3 
3 8 3 13 62 90 8 3 
8 8 6 62 66 49 9 6 
9 9 1 51 75 40 7 3 
6 4 7 81 81 28 9 2 
7 3 9 93 30 83 1 7 
4 3 7 63 36 67 4 6 
8 6 10 29 62 38 5 7 
4 2 8 99 58 58 7 2 
9 9 9 99 24 27 7 9 
7 4 6 38 22 68 8 1 
2 1 7 51 67 61 7 2 
9 4 5 37 28 23 8 2 
9 7 9 73 28 92 2 4 
7 7 6 23 93 36 6 8 
2 6 8 29 71 98 5 6 
6 2 8 21 72 57 5 7 
6 7 6 82 42 94 1 4 
4 9 7 57 92 75 2 9 
4 2 2 58 50 12 8 1 
6 6 2 90 69 75 6 2 
4 7 5 65 10 49 5 5 
7 7 8 44 82 40 1 3 
2 4 1 52 45 63 1 6 
7 1 4 97 79 21 4 2 
5 9 3 31 93 67 6 6 
5 5 8 45 80 60 7 1 
7 9 9 24 29 68 4 4 
2 9 4 21 75 49 7 7 
1 7 4 94 87 36 10 2 
5 6 1 62 89 90 5 8 
9 4 8 37 91 15 1 7 
2 1 4 86 15 39 5 4 
2 5 4 20 52 40 2 2 
6 5 5 29 69 58 5 8 
2 6 9 79 44 18 1 8 
9 1 9 13 53 46 6 9 
6 3 6 72 59 50 3 4 
4 9 6 71 70 91 8 8 
9 8 2 71 80 33 4 6 
7 2 4 81 45 74 6 4 
1 3 6 72 70 49 1 9 
7 3 10 86 38 33 6 6 
1 4 6 71 92 25 2 2 
3 5 5 89 84 19 4 4 
3 1 5 42 71 26 4 2 
3 7 6 97 84 11 6 4 
6 1 8 67 36 68 8 3 
4 4 5 78 39 62 8 4 
9 1 2 66 47 26 4 2 
3 2 1 67 71 46 1 1 
7 6 5 50 95 75 3 7 
1 7 7 27 87 98 5 2 
6 6 8 43 41 93 2 8 
2 2 3 55 37 27 8 1 
2 2 8 50 78 44 4 8 
4 6 4 11 31 49 6 9 
5 5 3 44 61 86 5 4 
4 8 6 58 98 86 6 9 
4 4 2 19 17 69 9 5 
4 7 3 63 17 78 9 4 
1 2 4 52 57 23 1 7 
5 4 9 81 63 69 2 3 
2 3 5 95 30 76 6 1 
1 8 4 17 79 68 1 9 
2 2 8 25 93 61 7 9 
7 6 1 84 95 66 5 7 
6 10 8 77 26 53 3 3 
7 9 8 84 52 49 2 3 
8 1 8 94 60 55 7 3 
3 7 3 86 98 40 6 4 
3 7 3 60 98 59 1 5 
6 4 9 34 49 56 8 5 
5 8 4 82 32 78 9 9 
1 8 6 93 45 30 1 5 
2 4 1 41 20 49 8 3 
8 9 4 74 24 62 10 9 
7 1 9 88 37 68 5 2 
4 3 3 49 38 94 4 4 
5 4 5 95 16 52 7 3 
1 2 9 67 57 34 6 5 
1 9 6 68 15 62 8 9 
9 3 6 31 14 84 4 3 
1 7 5 44 67 48 6 2 
1 7 3 29 27 20 3 6 
5 4 7 37 79 41 4 9 
2 8 2 66 25 82 3 5 
1 4 9 64 98 38 1 7 
4 4 9 47 64 91 5 5 
5 4 9 99 73 53 6 7 
6 7 1 61 92 51 8 4 
9 5 9 41 42 80 4 4 
9 4 3 82 50 68 5 4 
8 5 7 44 29 28 1 5 
3 3 4 37 24 43 8 2 
4 7 3 91 59 50 5 4 
5 5 3 18 75 44 3 9 
9 4 5 82 78 82 6 1 
4 2 5 77 87 53 9 4 
7 3 6 90 11 18 1 8 
7 8 1 95 62 49 3 6 
1 3 7 88 87 71 4 9 
9 7 8 56 57 16 5 5 
1 7 6 71 57 61 2 9 
3 9 6 36 75 16 9 4 
8 3 8 80 21 20 7 2 
4 6 3 98 98 49 6 2 
2 4 9 16 57 41 7 3 
1 2 5 13 56 32 5 5 
5 1 4 70 24 19 1 3 
9 4 3 83 56 37 3 3 
7 6 4 91 26 35 9 5 
9 7 3 82 54 34 2 8 
10 5 8 86 40 96 8 1 
9 2 5 15 64 92 10 1 
4 5 3 49 57 77 6 8 
3 8 5 36 81 65 2 7 
7 4 2 25 98 17 9 6 
1 3 7 80 89 17 4 5 
2 5 7 39 29 47 3 8 
2 3 7 38 21 23 7 3 
7 1 3 35 31 10 6 4 
5 5 2 79 82 97 1 7 
4 5 1 15 53 56 2 6 
6 9 5 59 69 21 9 6 
3 5 8 93 64 98 8 7 
10 5 6 57 99 77 5 6 
7 2 1 43 39 35 4 2 
6 9 1 28 42 54 5 3 
7 2 4 98 43 58 2 6 
2 8 9 46 48 91 7 1 
7 6 9 50 77 63 1 6 
7 2 2 13 56 55 7 1 
7 3 2 61 69 53 5 3 
3 7 7 67 83 59 7 7 
2 2 8 41 27 77 6 4 
8 2 4 98 99 35 9 5 
4 3 4 91 48 29 8 3 
5 7 8 57 17 31 2 1 
1 7 8 29 83 98 3 7 
1 1 5 21 70 37 5 5 
1 9 5 32 15 49 1 7 
7 6 5 47 62 64 2 7 
3 7 1 84 83 24 8 7 
1 3 4 47 68 37 7 8 
1 2 3 88 97 21 6 3 
4 2 7 53 41 23 5 2 
2 7 5 39 99 70 4 8 
1 1 6 86 21 85 6 5 
6 8 9 89 13 42 5 5 
4 3 9 71 20 84 9 6 
4 2 7 49 81 41 9 5 
4 6 9 77 63 59 8 9 
9 2 7 73 65 25 6 2 
9 5 4 64 18 31 4 1 
8 6 8 57 73 89 8 3 
4 9 7 22 53 46 4 2 
4 5 6 34 49 39 8 9 
7 5 3 28 91 88 7 3 
4 1 1 44 47 67 6 7 
8 4 1 63 58 41 2 7 
2 6 8 79 44 29 2 5 
10 4 4 24 41 82 7 7 
7 3 2 50 47 81 1 1 
7 4 1 30 95 30 9 1 
4 6 8 87 30 71 2 5 
1 3 2 20 90 61 5 2 
4 3 2 11 78 68 8 2 
6 3 9 49 74 89 3 1 
2 2 9 13 83 82 2 9 
9 3 6 14 95 47 1 5 
1 2 6 11 79 91 8 7 
3 4 3 77 73 41 6 3 
7 3 7 91 87 48 8 6 
5 8 7 55 97 40 2 7 
1 9 5 34 19 32 6 9 
7 4 5 47 11 28 3 4 
6 3 2 59 36 39 8 2 
4 10 2 90 73 61 4 8 
3 3 2 83 73 81 9 4 
3 5 5 41 58 42 6 5 
9 6 7 56 19 95 8 8 
8 7 3 95 96 76 4 2 
3 4 9 21 80 57 3 4 
8 9 7 92 26 30 7 9 
1 4 6 43 92 71 5 8 
8 6 1 98 38 72 5 5 
4 7 9 77 82 82 7 3 
7 1 3 95 73 36 10 5 
3 6 4 17 83 66 1 3 
4 10 7 34 50 85 2 2 
7 7 2 77 50 81 9 7 
7 3 5 13 86 19 2 1 
2 9 1 73 39 80 2 7 
9 6 8 91 71 75 7 4 
3 1 9 53 44 50 5 3 
5 6 9 40 47 33 9 3 
9 8 2 17 10 98 7 8 
1 8 3 23 84 48 7 1 
2 4 5 39 56 99 2 1 
6 3 8 98 61 68 2 6 
7 9 6 79 41 20 6 4 
2 4 4 85 38 65 7 1 
9 4 3 94 35 14 7 9 
3 8 1 73 47 61 2 2 
8 9 6 32 15 48 3 6 
5 2 3 20 30 39 6 6 
6 5 4 33 67 22 3 6 
5 7 10 49 20 34 1 1 
8 9 6 89 12 51 3 2 
1 5 8 49 93 94 9 5 
9 7 7 95 95 64 7 3 
1 1 2 13 77 53 10 9 
7 5 2 25 70 49 7 3 
5 9 4 19 38 20 7 8 
4 6 4 89 66 45 9 1 
6 7 1 74 28 34 5 7 
3 9 6 46 55 60 7 5 
6 2 4 94 58 46 9 4 
9 7 2 88 92 29 5 2 
3 4 1 84 14 17 7 4 
8 9 2 46 43 74 7 9 
4 7 1 38 61 14 8 7 
5 4 2 10 30 94 1 2 
8 3 6 75 47 33 9 1 
7 5 1 32 85 65 4 7 
2 7 2 42 83 72 8 9 
5 5 9 87 80 40 9 1 
6 8 1 37 44 24 4 2 
5 6 4 85 53 49 8 1 
4 8 8 31 44 70 7 8 
2 1 5 72 54 89 6 1 
1 2 5 50 56 48 4 5 
6 1 5 49 94 24 7 1 
7 4 7 15 36 28 7 3 
1 1 4 41 73 89 1 9 
5 2 7 53 51 67 5 5 
3 2 8 37 84 68 4 2 
7 8 6 81 11 46 2 4 
5 8 7 72 94 29 6 7 
1 6 5 12 22 75 5 8 
5 8 4 87 58 72 3 1 
6 9 7 55 45 50 4 3 
9 7 9 64 73 31 2 7 
6 5 5 18 56 84 10 3 
7 9 6 51 91 18 5 5 
1 1 6 23 54 40 5 1 
4 3 7 73 94 96 1 4 
2 5 5 89 62 14 3 6 
3 1 1 86 98 80 1 4 
1 5 1 42 10 48 10 6 
2 1 8 73 48 70 2 7 
8 2 1 42 72 51 7 5 
6 9 4 58 90 73 2 9 
1 3 3 20 52 40 3 7 
4 5 1 61 68 47 6 2 
7 3 9 84 73 14 2 7 
9 5 1 46 21 53 4 5 
3 1 9 53 44 59 7 2 
4 3 9 98 11 57 5 8 
9 10 2 29 76 62 5 6 
7 8 1 82 88 41 4 4 
5 3 3 90 81 95 1 5 
1 1 9 96 23 70 5 7 
5 6 1 74 40 38 1 1 
4 1 6 42 27 96 9 3 
2 2 4 62 13 74 1 3 
8 6 5 14 43 12 9 7 
6 9 3 18 37 12 5 1 
4 4 9 67 75 76 5 8 
5 1 5 66 84 44 4 5 
9 5 3 39 17 91 8 2 
9 8 10 68 49 55 2 2 
1 6 3 21 57 98 3 7 
3 7 3 20 35 71 8 4 
6 2 5 28 57 30 3 6 
9 9 4 46 73 30 5 2 
9 3 7 48 34 13 2 2 
1 9 8 90 43 42 8 7 
6 9 3 46 55 83 6 5 
4 8 1 86 11 71 2 1 
3 3 4 82 27 76 8 4 
7 4 6 72 84 45 2 2 
7 7 4 50 44 81 1 4 
7 3 7 16 33 90 10 8 
8 8 4 88 67 87 1 5 
7 9 9 75 79 55 6 1 
6 9 6 54 60 16 5 1 
9 5 9 43 70 48 6 3 
10 9 7 65 36 90 6 2 
9 2 5 59 52 90 6 3 
9 6 7 28 22 73 9 1 
1 4 8 77 52 27 3 6 
2 2 7 33 89 29 7 6 
3 3 6 87 49 96 6 9 
4 9 7 25 66 48 6 1 
8 2 2 52 65 88 2 1 
7 7 8 70 94 50 3 1 
2 8 4 88 62 35 3 2 
3 2 3 73 33 87 1 3 
1 4 9 80 14 51 4 5 
5 3 6 81 95 96 2 4 
5 9 4 80 83 28 2 5 
6 9 9 87 34 85 5 9 
7 5 5 60 14 46 9 3 
9 7 5 63 79 95 8 5 
8 4 6 62 79 30 3 3 
3 2 5 87 38 93 4 6 
4 1 5 23 70 80 8 1 
9 6 4 16 81 95 6 1 
7 6 1 21 97 86 6 3 
9 4 9 88 62 11 9 3 
7 2 3 79 97 77 3 4 
8 1 4 21 20 40 5 4 
7 1 7 20 49 44 5 7 
7 7 7 17 74 46 4 4 
3 5 7 84 76 64 7 6 
2 5 7 65 39 92 2 6 
4 6 3 55 73 25 3 4 
3 6 2 75 12 43 7 10 
7 6 2 98 62 98 1 4 
8 5 7 55 58 94 1 7 
6 5 2 85 99 68 1 8 
8 4 2 37 70 24 7 6 
6 8 5 49 47 21 6 8 
3 6 3 70 96 28 7 2 
6 1 7 78 94 94 8 3 
8 5 5 18 60 36 5 9 
9 5 1 55 24 98 9 7 
3 9 4 93 36 54 3 1 
5 8 8 57 25 84 5 3 
4 1 3 35 44 34 2 1 
6 9 3 32 97 12 2 6 
7 9 9 41 24 32 5 7 
4 4 7 38 36 13 1 9 
2 7 5 14 66 15 1 6 
7 8 2 26 15 80 5 4 
2 3 4 26 31 63 7 3 
7 6 10 64 19 24 1 2 
1 7 6 33 54 78 8 2 
6 4 1 30 81 52 2 6 
5 3 4 70 59 17 7 6 
6 1 3 75 78 19 5 1 
4 6 7 70 59 69 6 2 
1 1 6 94 30 81 1 6 
9 1 7 31 21 74 9 2 
8 7 3 48 82 94 9 1 
9 3 5 98 76 96 3 9 
7 8 8 43 27 65 5 2 
8 6 4 12 42 78 9 9 
4 5 4 59 71 77 8 10 
4 8 5 14 75 41 2 9 
4 5 7 59 13 94 7 7 
7 2 2 79 60 48 9 1 
3 4 8 36 37 33 4 8 
2 5 4 92 28 72 3 5 
3 9 2 23 92 37 3 3 
7 6 7 47 90 36 1 9 
6 9 6 18 94 95 2 2 
2 5 8 96 29 16 7 6 
4 4 2 18 26 16 1 7 
7 6 8 86 47 54 5 6 
9 4 5 45 97 24 4 4 
3 7 5 34 26 60 1 3 
4 2 4 59 12 20 9 3 
3 8 2 34 67 73 8 7 
2 3 9 93 17 50 1 8 
5 4 6 78 92 83 1 2 
3 7 3 91 36 54 8 1 
5 2 5 44 65 46 6 6 
8 5 9 71 77 88 1 2 
5 7 7 97 74 53 9 1 
6 2 5 16 49 80 4 6 
4 7 6 46 12 66 6 4 
3 5 4 87 53 67 6 5 
2 1 2 79 25 90 8 1 
8 2 1 45 53 28 6 2 
1 5 7 44 32 90 9 5 
1 4 3 60 83 35 9 9 
2 1 6 12 42 32 2 8 
2 6 9 29 83 78 4 5 
7 2 2 96 42 37 4 6 
9 9 4 87 56 43 4 8 
7 8 6 94 90 91 3 5 
3 7 5 67 84 71 3 8 
1 7 1 48 32 98 8 5 
5 4 7 20 63 72 4 3 
7 7 8 29 81 38 5 8 
2 8 9 89 86 69 4 2 
6 9 4 30 91 21 8 8 
7 1 8 68 61 56 5 1 
6 5 5 97 39 59 3 1 
2 5 6 67 59 86 2 6 
8 5 2 25 45 92 2 4 
9 4 9 90 66 79 9 4 
1 1 9 78 88 52 4 4 
4 2 4 65 34 22 9 7 
3 6 6 50 77 89 4 4 
1 2 9 67 27 45 2 4 
6 9 5 59 15 24 4 9 
3 5 4 79 55 41 8 9 
5 5 8 83 47 62 3 6 
6 2 4 53 48 80 3 7 
4 9 9 67 26 30 5 4 
8 2 4 53 18 72 7 4 
4 7 5 64 45 17 7 9 
9 7 6 85 50 72 9 5 
6 5 9 37 87 52 3 9 
5 9 8 19 52 24 5 6 
5 1 6 69 14 54 6 1 
7 3 10 59 88 90 4 4 
7 3 2 53 12 47 6 8 
3 8 2 62 11 95 9 4 
6 9 2 61 55 65 7 7 
7 5 6 97 91 56 8 3 
5 3 5 59 39 91 5 3 
5 8 3 48 12 26 2 5 
3 2 3 90 63 93 8 4 
5 4 6 71 35 67 8 9 
6 2 2 54 55 11 9 1 
9 7 6 60 69 68 9 8 
2 1 8 47 77 26 7 8 
6 5 4 70 67 77 1 5 
9 6 1 69 45 97 2 3 
1 4 3 79 28 43 9 2 
9 8 9 48 87 23 4 2 
5 8 7 45 28 45 9 6 
4 4 3 64 89 18 9 2 
8 9 8 79 57 67 2 2 
8 2 5 87 97 90 6 2 
4 1 9 58 19 44 9 6 
6 5 7 39 30 64 3 1 
7 1 5 73 31 94 2 7 
5 1 5 45 52 57 4 9 
2 7 6 52 28 67 1 4 
5 1 6 65 60 64 8 2 
4 7 8 71 39 96 5 3 
4 3 8 74 81 73 4 7 
7 7 4 68 27 20 4 6 
5 1 5 24 53 44 3 7 
2 8 4 26 43 24 6 5 
7 1 9 33 59 26 4 8 
7 9 6 78 47 61 6 2 
7 7 5 97 19 10 1 5 
3 3 7 65 37 73 9 4 
4 4 3 63 83 26 4 9 
4 9 8 58 86 64 5 5 
6 2 3 80 64 19 9 4 
5 2 8 29 38 56 7 4 
5 7 4 19 22 29 4 3 
9 2 5 92 37 50 4 4 
4 5 1 40 63 28 8 8 
4 8 6 23 62 38 7 2 
8 7 9 35 91 57 1 4 
3 7 5 13 11 73 8 8 
5 4 6 17 25 34 3 4 
7 6 9 74 71 86 5 10 
7 2 9 73 18 53 2 7 
7 4 4 31 47 64 1 5 
8 8 3 18 37 98 8 2 
2 6 7 31 14 22 1 9 
4 7 7 15 31 79 8 6 
4 6 4 70 67 24 3 6 
7 1 8 91 15 57 2 7 
1 8 7 17 68 19 6 1 
1 6 8 36 71 15 9 4 
8 3 1 95 76 54 6 4 
4 9 5 97 94 46 5 4 
8 1 2 94 94 24 5 3 
5 6 6 15 34 62 3 4 
2 2 9 51 91 22 3 5 
2 4 6 22 53 45 9 3 
2 8 1 23 20 67 2 4 
1 1 8 36 41 53 4 2 
4 7 6 62 73 75 9 6 
6 6 8 82 81 70 8 5 
2 7 7 66 81 92 4 7 
9 1 4 62 32 35 1 9 
3 4 9 60 63 78 4 4 
7 3 9 39 99 91 9 7 
1 9 4 44 70 72 3 8 
7 6 2 51 13 61 9 4 
7 7 9 16 63 12 3 9 
9 8 2 28 87 24 1 5 
7 4 4 64 34 36 5 1 
5 6 8 78 62 16 4 5 
4 8 2 14 82 35 3 6 
5 9 9 60 75 54 8 9 
3 3 1 82 23 12 4 9 
2 5 5 98 86 40 2 2 
3 1 4 47 62 36 8 7 
2 3 1 79 95 77 3 9 
9 2 3 78 89 65 3 6 
2 2 5 72 17 18 4 9 
9 1 5 88 30 99 8 3 
9 4 8 48 57 15 1 7 
4 9 3 78 26 82 6 5 
4 9 5 35 60 41 1 5 
2 4 1 31 94 57 5 4 
1 8 4 75 67 98 6 9 
2 5 8 10 56 67 5 3 
9 5 1 39 56 68 7 2 
1 4 6 71 31 48 9 4 
7 9 2 19 54 54 3 1 
8 4 2 10 12 26 8 5 
7 2 7 98 73 57 3 9 
6 3 7 87 37 74 9 5 
3 3 3 34 42 97 4 6 
6 1 6 81 89 98 7 8 
4 3 2 89 88 87 3 7 
4 7 8 45 16 84 9 6 
2 2 4 58 15 81 1 1 
2 3 3 40 62 32 3 7 
8 6 4 86 39 14 4 6 
7 9 6 30 18 82 4 3 
3 1 7 20 43 46 9 4 
3 5 4 85 54 19 2 6 
5 4 8 46 17 57 1 6 
1 8 4 83 28 96 4 8 
5 4 3 37 66 57 6 10 
2 3 5 14 62 35 1 8 
3 7 1 37 63 38 5 8 
5 5 5 36 10 31 1 9 
3 5 3 78 43 37 7 1 
8 3 6 77 15 32 9 1 
2 1 9 64 10 27 8 9 
7 8 7 39 51 51 9 8 
6 7 5 49 56 26 7 7 
2 5 1 58 17 76 2 1 
8 7 5 57 52 64 3 7 
7 4 6 25 17 86 1 2 
3 9 7 89 43 89 5 2 
7 8 4 21 86 80 7 6 
3 5 4 70 54 59 9 9 
4 4 3 77 53 56 4 3 
4 6 7 90 66 89 3 9 
3 1 7 33 28 54 6 3 
3 10 6 29 33 24 5 8 
6 7 1 28 82 69 1 6 
5 3 4 68 68 25 9 3 
8 5 6 51 64 52 9 1 
5 9 4 60 18 26 9 4 
6 1 6 80 68 35 8 3 
2 1 3 48 28 24 3 4 
5 8 4 81 17 48 9 2 
1 1 2 48 16 60 1 9 
1 9 5 29 46 13 8 6 
4 1 3 35 45 18 6 9 
7 6 2 62 47 60 9 4 
4 1 8 45 83 42 7 4 
9 7 9 68 69 75 2 1 
2 2 4 51 67 98 5 6 
4 8 2 89 70 64 3 1 
9 7 9 68 97 67 6 7 
2 3 3 50 40 58 2 3 
3 4 6 82 97 52 5 5 
2 7 7 60 95 41 5 2 
9 9 5 97 21 46 6 2 
5 8 8 64 59 10 7 4 
7 4 4 30 37 37 7 7 
5 1 1 81 10 80 3 7 
3 9 3 46 85 26 2 5 
3 8 6 91 84 29 9 7 
4 2 8 42 84 12 4 8 
8 6 1 49 52 98 4 1 
4 4 2 90 30 45 1 6 
4 1 6 11 55 71 3 9 
1 3 8 70 64 46 5 4 
9 2 4 83 51 33 8 2 
6 4 2 85 11 18 6 4 
5 9 8 48 60 58 9 9 
1 6 2 23 32 76 7 1 
2 2 6 50 80 41 3 1 
1 7 9 29 15 82 1 4 
5 2 6 40 15 43 7 7 
5 9 2 51 84 71 3 3 
1 8 5 45 52 13 7 3 
5 8 1 89 55 77 6 5 
7 2 8 89 48 31 8 6 
1 1 2 34 73 23 7 2 
5 9 8 43 90 10 3 8 
9 4 3 44 41 80 7 1 
6 2 4 75 50 99 1 7 
4 3 3 83 29 43 1 1 
9 8 6 22 42 33 8 9 
7 3 1 57 53 79 3 9 
4 9 1 47 74 53 8 8 
7 6 9 73 31 57 5 9 
6 5 6 13 36 85 9 10 
6 8 2 92 86 21 1 6 
1 6 8 37 10 16 2 4 
9 2 1 98 59 64 5 4 
2 9 2 53 81 88 3 9 
5 9 6 60 76 82 4 9 
8 5 7 52 31 87 3 1 
6 9 5 83 79 92 7 9 
1 3 6 91 53 65 9 7 
1 6 7 72 35 32 8 7 
5 6 7 35 60 83 7 2 
6 1 9 88 82 92 2 5 
1 5 2 46 51 72 1 8 
2 7 7 32 75 24 4 9 
7 8 2 44 87 54 5 5 
9 5 9 49 94 83 6 3 
5 9 7 26 36 83 2 1 
2 5 1 73 27 92 3 3 
4 9 2 61 80 17 2 2 
8 1 5 48 92 98 3 8 
3 1 7 92 27 39 9 8 
8 5 6 25 35 25 7 2 
4 2 7 77 47 95 5 7 
3 7 6 91 76 30 8 4 
9 2 4 90 66 66 9 5 
4 6 3 31 24 21 4 1 
4 8 2 19 28 53 6 1 
1 4 2 60 79 31 3 7 
2 3 5 93 73 85 5 9 
8 3 1 68 90 66 6 8 
2 7 3 83 82 18 9 6 
6 7 10 15 64 99 1 2 
6 2 1 64 55 35 6 7 
6 8 2 31 43 18 6 2 
8 8 7 18 35 60 1 5 
1 5 5 95 62 61 8 3 
3 2 7 98 25 94 7 9 
3 6 3 84 50 51 7 9 
1 5 5 62 10 70 9 7 
2 6 6 96 65 20 7 1 
1 2 5 18 70 86 3 9 
5 6 9 57 73 82 10 1 
7 1 5 29 21 32 3 8 
9 4 7 71 84 75 4 2 
7 6 5 42 12 91 9 1 
6 4 7 90 88 19 5 5 
3 3 6 59 74 25 6 8 
4 9 3 58 96 34 2 3 
4 8 1 48 48 95 2 1 
5 7 8 21 44 39 3 7 
9 7 4 15 72 38 2 4 
7 7 1 23 15 43 5 4 
3 6 5 99 83 84 5 4 
6 4 8 12 56 86 9 2 
7 2 3 61 98 47 2 3 
4 4 4 60 55 32 2 2 
9 5 4 15 94 83 6 6 
4 3 6 21 50 12 4 7 
4 4 5 66 26 45 4 7 
1 1 8 64 43 37 7 4 
7 5 1 82 10 22 4 7 
6 7 9 23 28 13 6 9 
2 6 2 80 71 89 7 2 
8 4 4 16 13 38 1 6 
10 7 8 68 34 27 7 5 
8 5 4 97 15 57 6 9 
4 8 3 19 26 93 8 2 
8 4 1 87 30 49 7 8 
8 2 3 40 35 11 5 1 
6 5 5 21 59 85 2 8 
6 5 5 11 35 81 4 8 
6 5 6 97 30 87 6 1 
3 5 7 80 89 65 6 2 
3 9 5 93 19 49 5 1 
7 2 9 93 53 68 3 3 
5 6 3 37 81 49 2 5 
7 2 6 56 70 61 4 4 
6 4 2 55 40 58 6 3 
6 6 4 90 66 87 7 3 
9 1 2 28 32 52 2 3 
3 4 1 14 81 34 3 4 
3 6 8 25 73 42 8 1 
5 7 10 72 54 63 7 7 
5 8 8 58 74 82 8 7 
7 4 8 92 99 69 2 8 
4 4 9 63 21 34 4 3 
3 4 7 17 64 87 5 4 
9 6 1 42 43 79 4 2 
6 4 2 42 27 12 4 8 
1 3 2 30 75 20 7 8 
6 8 1 50 93 70 5 3 
4 9 1 64 55 59 3 3 
7 5 7 19 12 80 4 1 
9 2 4 86 92 35 5 3 
2 5 7 84 95 63 7 3 
9 2 3 49 43 49 1 5 
5 7 5 25 59 72 6 7 
7 8 9 19 45 62 7 7 
3 9 7 65 55 77 4 5 
3 8 9 60 21 69 5 7 
1 7 2 57 21 61 5 1 
2 4 5 27 67 56 1 7 
2 7 4 99 95 10 6 4 
1 6 6 34 94 47 4 7 
7 5 1 79 49 40 5 2 
2 9 4 79 94 41 1 8 
5 9 6 40 94 98 5 9 
5 1 4 41 95 25 7 6 
8 9 1 80 49 59 8 2 
3 3 9 41 57 83 4 4 
5 2 5 58 80 85 1 3 
4 2 8 42 35 14 1 7 
6 8 9 68 19 65 7 5 
6 8 4 48 36 79 5 3 
6 2 7 19 21 53 8 4 
6 7 9 38 48 34 4 7 
3 3 8 76 22 58 6 3 
6 8 3 52 35 36 7 6 
3 3 5 47 84 65 4 5 
8 2 3 41 25 74 6 6 
3 7 4 81 79 16 2 5 
5 2 4 46 40 79 1 2 
9 3 5 96 62 62 9 9 
5 3 8 67 42 98 6 6 
3 3 3 40 37 67 6 9 
3 2 6 35 62 84 4 10 
4 7 1 59 18 77 7 7 
7 9 9 38 49 48 8 3 
2 8 2 61 11 83 4 7 
9 8 7 61 71 28 10 7 
9 8 2 23 35 68 9 6 
9 2 1 58 86 82 8 5 
7 3 5 81 60 83 9 2 
9 6 3 72 95 89 1 9 
1 1 3 80 18 57 9 4 
3 4 2 47 48 33 9 2 
3 3 7 83 19 10 9 5 
9 1 3 36 17 83 5 7 
6 2 1 41 21 98 1 3 
8 5 4 42 15 70 4 3 
9 1 5 22 91 11 8 3 
2 3 8 55 63 36 7 8 
4 10 9 24 67 54 7 4 
4 2 1 99 43 57 9 3 
4 3 6 24 67 32 6 2 
9 6 6 34 95 21 8 3 
3 8 1 44 92 78 6 1 
2 1 9 72 42 71 1 9 
6 3 4 30 33 43 3 2 
7 3 5 87 16 46 8 8 
5 9 3 81 67 16 1 5 
8 8 3 10 43 33 1 3 
8 6 7 15 88 64 5 8 
4 5 7 47 56 38 6 1 
8 8 1 80 68 43 3 5 
4 4 9 67 29 11 9 9 
8 4 2 51 49 31 2 6 
5 7 9 17 58 95 4 2 
4 6 2 41 60 69 5 9 
5 8 3 57 45 57 6 6 
8 4 2 93 58 42 7 5 
1 9 2 36 47 46 5 2 
3 7 3 67 80 39 4 3 
9 4 4 66 38 97 1 2 
2 6 1 55 44 49 9 1 
2 7 9 88 38 41 6 4 
3 3 8 34 99 62 1 8 
9 6 3 18 25 48 9 9 
8 5 4 58 90 90 4 2 
2 4 8 63 11 57 5 9 
4 5 6 96 64 58 8 8 
8 4 3 53 69 86 7 9 
8 6 5 61 28 81 10 1 
8 2 9 51 55 91 4 2 
1 4 6 77 41 20 9 8 
1 7 3 24 65 76 8 3 
6 2 1 49 55 34 1 4 
1 9 3 73 70 23 8 6 
6 7 7 73 22 12 6 8 
1 5 6 63 45 59 7 7 
5 6 4 41 90 38 6 2 
9 2 9 40 12 46 8 7 
8 1 6 68 86 94 3 1 
4 9 7 67 67 97 9 9 
6 8 1 93 61 17 9 2 
6 1 8 11 41 69 7 5 
5 8 3 36 26 13 8 2 
4 3 2 85 11 29 4 1 
3 3 5 52 64 29 5 7 
6 6 9 75 90 76 4 1 
7 8 6 27 13 76 5 5 
7 2 3 88 17 31 1 3 
3 6 8 41 43 34 7 6 
7 5 3 95 66 98 6 9 
6 6 6 27 81 13 2 3 
3 1 2 33 16 14 7 3 
8 2 2 99 20 93 7 3 
3 4 5 39 69 39 5 5 
2 5 6 16 12 46 2 1 
2 5 3 73 37 20 5 8 
5 3 3 65 23 81 5 4 
9 4 8 92 36 21 7 3 
5 9 4 79 54 44 8 7 
1 9 3 11 19 16 1 7 
7 2 4 62 79 43 2 2 
7 4 4 27 77 44 9 1 
4 1 5 88 63 63 8 6 
5 1 3 83 98 34 7 2 
3 7 7 38 30 67 7 6 
6 3 8 10 43 57 1 3 
3 5 7 86 72 70 3 3 
6 5 4 20 79 53 3 3 
6 3 5 95 63 69 9 9 
3 7 8 11 16 19 6 5 
2 6 7 58 49 58 8 2 
2 5 4 48 78 59 9 7 
1 7 2 87 56 61 8 1 
8 1 4 88 67 78 4 3 
6 1 9 78 17 59 4 7 
6 6 3 47 35 46 1 5 
2 2 4 75 63 84 7 7 
2 2 6 39 41 18 5 8 
10 6 7 92 64 84 7 9 
5 8 9 94 57 77 6 3 
9 9 2 53 32 58 6 7 
4 4 2 31 27 21 4 3 
4 7 6 72 45 22 6 5 
2 7 2 54 73 86 5 3 
2 5 9 65 29 14 4 4 
1 5 6 41 37 20 8 8 
4 4 2 89 34 33 3 4 
6 4 1 66 58 57 9 2 
3 8 1 49 51 22 3 2 
8 7 9 76 25 58 5 5 
8 1 6 17 80 65 6 3 
6 8 2 47 67 66 4 8 
7 8 7 67 40 76 4 2 
9 9 5 70 52 82 4 2 
4 7 6 58 31 38 4 8 
3 7 10 41 96 75 6 3 
9 4 5 49 20 67 9 2 
8 2 9 98 58 43 5 5 
2 7 4 80 52 78 1 5 
10 1 9 94 96 10 6 3 
5 9 8 24 97 46 3 2 
6 8 7 54 71 75 2 7 
6 2 9 56 57 49 7 3 
8 4 1 79 89 44 7 4 
4 9 9 25 85 52 2 4 
1 3 4 29 95 49 6 5 
7 7 2 33 22 79 3 5 
8 8 1 17 81 33 1 5 
6 6 3 99 23 33 9 6 
7 7 8 25 14 76 4 7 
3 8 1 89 35 67 3 3 
4 8 8 83 75 71 2 6 
7 3 4 47 77 87 7 2 
1 1 3 56 62 45 7 6 
7 1 7 48 44 28 2 7 
1 7 3 22 91 95 8 7 
3 9 9 73 89 47 4 3 
9 7 1 87 11 82 9 8 
7 3 1 90 24 84 2 8 
6 10 4 44 50 12 9 5 
8 4 2 75 63 60 8 1 
4 5 1 88 61 89 1 7 
6 3 2 57 53 98 8 3 
1 9 7 51 31 58 4 5 
7 2 2 66 31 30 2 2 
5 5 1 36 40 80 9 2 
2 9 7 35 72 85 1 4 
7 5 7 68 86 30 6 4 
2 4 6 52 64 37 4 4 
6 10 2 32 16 10 1 6 
2 4 5 88 93 54 4 5 
3 6 6 99 43 66 3 6 
1 8 9 19 65 99 1 8 
5 9 1 20 50 51 7 2 
1 2 3 44 99 77 9 2 
9 3 7 52 83 10 1 5 
3 6 8 35 29 22 5 5 
8 1 2 54 36 81 6 3 
3 4 8 71 68 43 8 3 
6 2 8 41 53 44 4 3 
3 3 5 94 23 70 6 4 
6 3 4 13 21 93 6 1 
2 4 3 31 91 73 7 5 
6 9 8 52 92 49 1 9 
6 8 8 97 37 84 5 1 
8 5 2 46 50 73 2 1 
2 4 3 44 61 22 5 2 
3 3 5 17 76 36 4 2 
9 7 9 58 18 80 5 5 
2 2 10 78 91 48 3 5 
9 4 4 63 16 49 3 3 
9 3 8 35 97 96 3 8 
6 6 7 50 67 55 6 6 
4 4 1 39 88 76 8 6 
1 3 8 66 70 86 5 1 
5 4 4 21 99 87 4 2 
3 8 4 45 90 31 3 2 
8 8 7 85 74 18 9 2 
6 3 1 62 71 25 5 4 
8 4 2 45 63 99 5 10 
4 5 1 40 51 69 7 7 
6 4 8 59 61 45 9 3 
5 10 1 80 60 35 3 1 
7 1 2 50 92 59 5 6 
4 3 8 81 38 85 8 2 
6 5 1 54 38 98 3 7 
4 2 2 61 69 35 2 10 
1 2 2 68 29 96 3 1 
9 7 2 34 57 65 6 7 
7 9 5 73 38 98 2 7 
9 2 2 17 62 76 5 6 
9 1 5 86 12 20 1 6 
9 2 9 47 84 19 6 9 
8 4 5 55 26 99 4 8 
1 9 6 74 14 66 5 4 
6 5 8 94 65 83 10 7 
1 9 1 14 23 68 9 2 
6 3 9 64 59 64 2 4 
4 8 9 28 65 61 4 7 
4 1 4 41 92 13 3 9 
7 3 8 79 84 93 5 3 
8 8 7 31 12 82 3 2 
1 5 3 76 54 69 5 6 
2 1 7 48 41 76 4 8 
6 2 4 93 53 45 6 5 
3 6 5 76 93 23 9 6 
2 4 9 92 15 47 4 7 
1 3 4 57 17 79 7 7 
5 4 9 71 67 94 3 5 
8 1 5 30 22 75 2 9 
1 7 8 90 65 96 4 2 
3 2 9 91 72 91 1 5 
5 1 5 99 32 10 9 4 
2 3 2 89 46 76 6 5 
6 8 9 51 15 23 3 9 
9 6 2 85 74 91 3 7 
5 6 4 65 79 23 8 8 
5 2 1 95 16 89 3 5 
6 6 1 93 46 68 1 3 
10 4 5 75 75 71 5 4 
1 4 7 68 31 28 1 4 
4 7 4 99 31 11 2 8 
9 6 2 93 29 46 4 9 
7 5 5 56 36 58 5 6 
9 3 7 70 83 45 2 8 
2 3 5 21 71 70 1 5 
5 7 8 24 96 72 9 5 
7 4 3 27 52 48 8 5 
5 7 4 72 37 41 5 8 
1 8 2 84 95 72 8 2 
5 3 7 18 30 52 3 1 
9 9 4 91 92 20 9 4 
9 1 10 27 90 28 1 9 
1 1 8 80 53 89 7 4 
6 7 2 41 95 11 6 6 
9 3 3 93 20 88 2 1 
3 1 6 86 93 28 5 6 
1 4 6 87 44 52 8 9 
9 2 2 37 48 65 8 9 
9 5 6 16 11 26 7 8 
8 2 1 43 92 78 7 6 
3 9 1 29 63 36 9 8 
3 3 1 26 24 47 4 5 
7 5 7 31 80 50 9 7 
5 6 7 94 78 84 8 10 
9 5 6 42 25 52 7 3 
4 2 2 86 48 71 5 5 
4 2 2 59 46 32 4 7 
7 2 4 25 29 77 1 7 
1 2 5 50 51 24 2 3 
4 1 2 95 93 63 8 3 
9 9 1 23 76 86 2 2 
4 2 3 68 81 67 2 4 
10 8 7 65 52 31 1 6 
9 6 1 10 95 66 3 8 
9 8 7 52 68 36 6 4 
5 1 5 35 22 84 4 4 
5 4 8 62 65 22 6 7 
7 7 4 19 28 95 9 6 
1 9 1 57 55 27 7 9 
8 8 1 61 83 88 9 7 
1 6 3 81 24 13 7 3 
4 1 4 97 48 92 8 8 
4 2 5 99 11 66 7 5 
2 9 2 51 95 58 3 3 
7 2 6 76 90 69 1 3 
6 7 8 59 33 52 1 9 
3 2 3 65 50 87 8 7 
1 3 6 69 17 40 2 5 
3 1 4 45 12 90 4 6 
5 1 1 72 13 87 2 6 
2 5 5 22 37 62 3 9 
3 6 5 93 40 11 1 5 
2 2 4 11 68 84 9 1 
6 4 8 43 66 79 5 5 
6 3 8 24 66 34 3 1 
7 6 5 55 41 82 9 9 
1 2 3 12 23 88 8 7 
6 1 6 82 76 26 9 5 
8 6 7 92 11 40 2 8 
8 4 1 41 57 86 1 4 
6 3 5 33 65 72 3 5 
4 10 6 71 39 24 1 1 
5 2 9 33 53 29 7 6 
7 9 3 85 37 10 3 9 
9 9 8 32 74 96 1 9 
6 6 1 85 38 59 3 8 
2 3 5 86 34 91 6 8 
3 1 6 24 57 97 3 3 
9 8 2 46 52 26 2 4 
4 6 4 75 78 41 8 9 
9 8 1 45 69 88 1 8 
6 5 4 14 34 61 2 2 
5 5 7 83 46 94 3 1 
6 1 4 60 17 68 3 7 
7 1 6 63 81 72 6 1 
6 5 4 56 59 42 7 8 
6 9 2 25 74 69 8 8 
3 10 4 58 86 78 2 7 
5 4 2 15 23 69 6 7 
10 1 5 33 69 32 3 4 
8 6 7 67 20 45 3 3 
8 2 3 86 90 26 3 2 
4 3 4 29 48 82 1 5 
1 2 2 21 58 93 8 8 
4 9 1 27 53 65 4 5 
3 8 7 61 61 49 1 9 
8 7 2 74 94 78 4 7 
3 8 3 87 13 67 3 3 
1 9 1 33 70 43 3 6 
5 1 4 54 57 41 6 9 
5 7 3 64 85 31 3 6 
4 9 7 65 46 36 7 4 
3 1 9 10 42 31 9 1 
8 6 3 79 10 51 7 4 
8 1 6 42 91 85 2 1 
3 1 2 63 90 87 4 3 
3 9 1 64 70 61 2 1 
2 1 1 85 44 67 5 3 
8 4 6 53 75 25 9 9 
4 3 7 88 48 68 7 5 
4 7 4 19 31 73 7 1 
3 6 2 18 21 32 5 1 
8 4 9 99 20 59 9 2 
6 3 4 53 66 23 6 9 
2 7 3 87 98 94 6 8 
8 3 2 57 10 92 9 6 
3 7 4 92 35 38 9 4 
6 2 6 76 66 90 9 7 
7 6 3 40 11 74 3 5 
5 2 9 31 65 42 7 3 
6 6 7 70 35 39 3 9 
7 9 6 67 67 19 2 9 
8 9 3 96 26 63 6 7 
4 1 7 61 75 28 5 1 
3 7 1 70 96 51 4 2 
2 9 2 13 45 76 4 8 
9 2 5 81 84 88 5 9 
1 6 1 30 86 98 3 7 
5 5 5 13 36 72 2 7 
4 6 6 83 15 53 1 2 
8 4 1 84 75 14 6 2 
4 7 7 70 53 31 5 3 
9 4 9 33 37 22 3 1 
6 7 6 48 61 97 6 7 
3 9 1 29 84 80 3 8 
7 4 5 54 41 73 2 5 
2 3 4 27 96 18 8 8 
3 9 6 85 26 23 1 5 
9 4 1 61 55 87 9 6 
1 4 4 62 63 35 1 5 
6 7 1 29 75 16 9 3 
2 6 6 36 19 13 8 5 
7 4 6 32 38 85 8 1 
1 2 8 12 90 97 4 8 
6 4 7 40 60 76 9 5 
9 5 9 57 10 84 8 8 
5 2 7 11 24 71 1 8 
4 3 5 49 84 77 6 5 
4 3 1 24 84 53 6 8 
5 9 6 63 23 13 7 7 
2 7 6 64 73 59 4 4 
4 6 7 15 46 52 9 4 
5 4 7 99 30 18 10 8 
5 3 7 38 10 99 8 5 
3 6 6 68 64 66 8 9 
1 6 7 88 48 67 6 3 
3 9 5 96 78 30 2 5 
7 6 3 78 50 46 5 6 
6 2 7 93 26 32 8 10 
6 4 9 56 42 34 8 3 
5 5 2 85 77 97 4 2 
3 6 5 69 57 99 7 2 
9 2 4 40 44 20 2 9 
2 3 3 88 88 61 1 9 
8 7 6 81 55 32 9 4 
2 7 4 55 98 57 3 7 
6 9 1 98 84 94 8 7 
5 3 2 48 97 22 10 6 
7 9 9 24 83 62 8 2 
6 5 8 16 96 69 1 3 
9 3 3 98 92 76 3 9 
1 1 8 85 99 10 1 8 
6 5 10 19 34 73 5 9 
1 5 7 66 69 81 8 1 
9 2 6 88 52 88 10 6 
2 1 1 78 48 81 4 5 
1 2 2 17 30 26 2 2 
7 7 1 76 36 49 3 8 
8 9 10 39 54 88 6 9 
5 4 1 39 41 55 2 3 
4 7 9 78 84 77 4 2 
9 6 3 26 11 75 2 9 
8 4 3 65 93 93 1 1 
7 4 1 68 21 30 2 3 
1 5 5 75 74 44 5 8 
3 7 6 21 58 60 5 6 
5 9 8 59 52 75 2 2 
1 1 5 46 31 62 7 3 
3 5 9 87 48 77 7 2 
3 3 2 91 29 77 8 2 
9 9 7 91 34 37 3 5 
3 7 6 70 49 85 3 6 
6 4 1 48 23 87 1 6 
7 7 6 51 99 77 4 7 
4 4 4 62 65 63 3 8 
8 9 3 56 98 65 8 6 
3 1 3 58 83 31 1 1 
6 2 7 26 87 22 6 2 
3 1 6 10 55 30 6 1 
8 5 8 11 48 83 4 6 
5 7 1 14 59 93 4 4 
6 8 6 25 60 64 2 5 
3 9 3 23 50 13 8 7 
1 4 2 81 82 85 6 4 
6 6 8 18 14 94 3 2 
1 2 1 49 99 64 2 5 
3 4 1 66 68 62 3 7 
6 4 4 50 77 87 7 3 
4 9 2 84 42 68 5 8 
2 4 4 52 13 59 3 5 
2 2 8 33 81 75 5 1 
6 1 7 67 37 41 4 1 
1 2 3 16 41 95 1 5 
6 4 1 28 60 38 4 3 
9 8 5 47 29 65 7 2 
3 3 7 94 12 61 5 5 
2 4 3 72 77 16 6 2 
1 2 9 31 23 33 8 3 
8 6 9 12 83 51 9 5 
8 1 2 27 26 40 5 4 
6 7 9 67 83 95 1 7 
1 8 2 53 86 35 1 6 
2 1 7 21 69 86 1 3 
4 8 1 71 45 35 7 8 
3 5 6 72 46 38 8 4 
2 6 1 81 79 47 5 9 
8 2 2 25 62 81 2 6 
8 6 6 91 18 46 4 3 
7 3 7 82 14 27 3 8 
6 3 7 99 65 88 9 3 
9 7 7 21 51 41 4 6 
9 2 8 77 20 35 1 5 
8 8 8 56 25 92 9 2 
9 8 3 40 11 25 8 9 
3 7 9 39 96 69 5 10 
5 5 7 54 63 15 3 1 
1 7 2 76 51 27 1 3 
7 3 4 44 78 41 8 2 
7 3 6 37 24 37 8 5 
9 2 6 71 84 14 3 2 
4 5 5 60 54 45 3 1 
3 1 9 62 33 37 2 7 
9 9 4 21 27 65 9 2 
9 1 7 34 12 83 6 7 
4 9 8 59 41 68 5 3 
7 7 7 13 69 17 6 4 
3 6 2 79 93 37 1 1 
9 3 5 85 59 30 1 3 
2 4 3 30 95 23 6 4 
9 4 5 77 53 54 6 5 
3 4 10 64 79 20 2 9 
7 2 7 54 93 92 6 4 
1 4 4 59 32 13 4 1 
8 1 5 88 18 27 2 2 
2 1 6 81 75 43 6 3 
2 4 8 74 84 24 2 1 
5 2 4 71 35 85 2 2 
5 10 1 90 29 58 3 3 
4 5 1 65 28 33 3 6 
9 8 7 20 56 60 7 8 
6 8 5 72 17 15 4 5 
7 3 5 13 43 37 10 9 
6 9 7 70 62 19 5 3 
1 1 1 40 80 22 9 4 
6 9 8 83 98 59 7 3 
9 2 9 17 47 54 2 2 
2 5 2 70 75 71 6 1 
5 2 1 91 92 60 9 7 
8 6 9 59 21 71 2 7 
1 6 2 97 81 31 4 3 
4 6 8 44 60 15 8 4 
9 7 2 82 95 78 6 2 
3 1 7 42 32 96 1 8 
5 2 4 63 85 15 3 4 
3 1 7 90 42 69 5 10 
2 2 6 39 67 88 4 7 
2 2 5 72 78 51 5 4 
5 1 7 58 28 21 7 9 
7 7 7 37 70 82 9 3 
7 1 7 19 30 92 2 4 
8 6 1 98 71 19 3 4 
9 7 3 66 33 75 2 4 
5 3 3 67 50 40 6 4 
10 2 7 17 35 21 6 8 
5 3 3 57 48 44 3 2 
5 1 4 38 51 83 9 3 
3 7 9 16 19 64 6 4 
1 7 1 20 63 34 6 3 
9 5 2 69 74 52 3 4 
1 2 8 62 56 56 5 3 
2 6 1 38 90 93 6 5 
8 1 3 29 57 55 2 8 
3 5 10 35 15 83 9 8 
3 7 4 43 44 22 9 9 
8 6 5 23 78 36 7 3 
1 6 5 75 69 47 9 10 
4 6 2 40 94 57 2 7 
4 1 9 81 77 36 2 8 
8 6 3 13 68 25 2 5 
1 7 9 24 40 71 5 3 
1 4 2 56 55 46 1 5 
9 5 2 34 90 24 1 1 
7 1 6 68 71 45 5 3 
5 3 7 16 93 87 2 2 
6 3 10 11 28 78 9 1 
7 4 9 70 18 14 9 1 
1 7 3 31 66 57 6 9 
2 4 1 13 51 64 1 8 
8 6 4 89 40 27 4 3 
2 4 3 96 84 99 5 5 
4 4 8 85 18 19 7 6 
6 3 1 60 53 79 8 6 
1 6 5 57 79 36 1 8 
7 1 8 77 47 89 1 9 
6 5 4 47 26 57 6 1 
7 6 5 68 10 61 3 6 
5 2 7 50 29 84 6 8 
9 3 9 78 97 94 7 2 
8 7 9 48 59 29 6 5 
5 8 3 49 24 59 1 6 
4 2 3 15 79 88 5 9 
9 4 7 83 88 21 5 7 
6 6 9 35 60 45 6 1 
9 6 2 36 86 70 8 3 
2 2 3 48 87 37 7 6 
1 3 4 87 46 84 6 6 
2 3 2 72 17 24 3 5 
6 4 3 43 94 15 7 5 
3 5 9 45 26 55 6 6 
2 6 9 42 25 75 9 2 
9 6 4 45 57 41 8 8 
6 8 4 52 23 31 9 4 
2 8 9 88 76 57 8 9 
1 5 2 71 71 75 8 5 
3 5 3 23 24 80 6 7 
7 6 4 40 65 85 2 2 
8 1 4 34 56 19 7 5 
6 5 4 77 47 80 5 2 
8 4 5 25 56 93 6 9 
4 3 4 97 93 52 3 2 
6 8 7 30 55 77 9 8 
7 8 6 84 67 65 2 8 
8 3 1 24 98 86 9 8 
8 1 7 22 85 87 9 9 
5 2 6 52 13 96 3 2 
8 3 7 49 15 18 8 6 
2 7 8 66 58 82 2 7 
9 4 4 21 25 40 9 3 
2 1 1 43 30 66 1 2 
9 3 7 53 55 90 8 6 
8 7 2 95 59 60 9 7 
4 2 3 82 79 93 2 6 
3 2 6 86 42 93 5 7 
1 2 5 59 45 65 3 4 
6 6 5 96 55 78 3 4 
9 3 5 55 36 32 2 9 
5 7 8 50 29 64 1 6 
8 6 2 35 91 68 3 8 
9 2 7 64 66 38 8 8 
1 1 4 47 50 71 5 9 
4 9 3 66 96 41 7 6 
4 4 1 75 47 88 8 4 
3 3 9 52 27 78 2 5 
9 7 8 95 83 88 9 8 
2 8 1 59 60 76 7 4 
9 6 6 34 77 40 6 2 
5 2 5 46 73 51 7 4 
4 6 7 88 49 10 8 3 
6 2 2 67 14 59 5 1 
7 9 5 24 23 21 8 6 
5 6 6 92 72 79 3 4 
3 6 2 30 10 33 3 7 
1 8 7 93 61 84 6 9 
1 8 4 40 72 21 9 6 
1 7 7 55 39 26 4 3 
4 7 2 96 60 99 7 2 
4 3 8 50 48 83 6 7 
9 7 4 52 68 45 8 7 
1 4 1 43 84 47 5 4 
2 4 8 72 74 12 1 3 
3 7 1 56 59 15 6 6 
5 5 7 66 95 49 7 2 
8 5 3 32 21 89 6 2 
2 9 5 64 17 57 4 1 
4 8 2 69 24 47 9 3 
7 9 3 35 47 44 8 8 
3 2 9 94 65 94 1 7 
7 5 1 91 71 95 7 1 
3 3 6 54 75 37 7 5 
6 4 3 71 23 78 4 5 
7 3 2 72 32 67 9 1 
5 4 4 31 59 96 8 8 
9 6 9 37 57 75 7 2 
3 1 1 41 90 49 3 1 
2 1 6 55 21 98 2 1 
9 7 4 88 56 71 6 2 
5 2 6 67 95 38 9 4 
6 6 3 58 47 63 4 7 
3 8 4 15 95 52 2 5 
2 4 8 33 90 89 4 10 
6 4 1 10 98 46 5 2 
5 2 2 37 35 24 1 4 
5 5 2 35 92 67 5 5 
1 6 6 51 60 57 9 6 
7 8 7 72 85 65 5 7 
2 1 8 37 26 48 6 2 
8 7 1 15 91 40 8 5 
8 7 9 37 83 27 6 4 
1 6 4 58 10 96 2 1 
10 9 1 68 35 12 9 3 
2 3 8 47 76 31 8 9 
7 1 9 60 61 69 3 5 
9 6 7 20 70 83 8 3 
6 7 4 37 65 66 4 4 
9 7 6 80 91 29 5 4 
1 6 3 15 25 17 9 2 
5 5 5 60 64 95 2 7 
9 8 3 30 75 78 5 1 
9 9 9 54 88 46 6 4 
2 6 6 54 89 89 1 8 
5 6 1 70 93 57 6 1 
7 9 1 24 75 19 2 4 
5 3 9 39 85 52 5 4 
2 10 1 79 96 11 4 1 
4 1 2 89 58 69 5 8 
5 8 3 30 80 23 10 5 
1 3 5 95 82 55 8 8 
3 5 2 76 44 13 1 4 
1 9 7 92 76 96 2 8 
9 1 8 61 13 46 7 2 
2 9 6 11 45 55 1 8 
9 5 6 29 91 18 4 6 
7 5 6 69 70 71 5 4 
3 3 8 69 61 56 2 1 
1 6 5 92 65 28 5 3 
3 1 1 31 82 10 4 8 
4 8 2 55 68 65 3 8 
9 3 5 37 47 52 3 7 
7 1 8 33 89 94 4 2 
2 2 3 30 77 73 8 8 
4 4 3 23 44 77 4 3 
7 5 1 53 52 26 2 9 
9 4 6 57 76 15 8 1 
8 1 2 57 58 16 5 5 
3 1 6 79 99 77 4 4 
9 8 3 32 94 66 1 2 
5 7 5 74 19 88 5 4 
7 1 6 56 35 75 5 1 
8 2 3 82 14 86 8 4 
2 2 8 15 79 23 6 2 
2 5 2 33 36 95 3 5 
3 2 2 54 50 99 2 6 
4 5 2 39 68 88 1 7 
4 1 6 10 40 55 4 2 
8 9 7 90 79 90 3 4 
1 1 5 35 88 53 6 6 
6 7 8 99 80 80 9 3 
8 5 1 50 41 49 5 4 
1 1 7 30 27 18 9 4 
9 2 6 77 27 35 7 1 
8 3 9 36 41 78 7 1 
2 1 3 13 35 39 8 3 
3 4 6 36 17 57 1 5 
7 8 1 30 23 84 3 6 
7 2 5 73 62 55 2 1 
6 4 5 80 21 47 7 5 
2 9 2 22 26 53 4 1 
9 7 1 62 90 88 3 4 
4 3 1 97 34 95 3 5 
3 9 9 11 84 65 1 7 
5 8 9 13 81 23 3 1 
4 6 9 44 40 19 7 8 
7 2 6 29 23 53 5 4 
2 5 7 56 95 25 6 7 
6 7 9 53 26 17 2 4 
2 6 5 34 33 28 2 4 
2 3 5 43 93 71 6 9 
7 5 6 47 17 40 3 5 
8 3 7 84 70 69 5 3 
5 10 6 36 54 76 9 2 
4 5 1 60 81 17 7 5 
8 7 1 96 30 38 2 2 
3 4 8 18 81 51 1 8 
9 9 9 75 50 29 5 5 
5 3 8 51 66 23 8 1 
6 3 8 29 60 55 8 4 
3 7 9 34 64 10 4 4 
5 1 4 15 57 45 3 6 
2 6 9 94 58 65 4 1 
8 3 8 58 64 76 5 3 
8 2 1 26 94 22 10 8 
4 2 7 62 51 22 1 9 
4 3 3 41 76 51 5 4 
8 3 8 45 14 58 6 3 
7 5 2 32 11 71 3 1 
7 3 6 29 52 56 7 4 
1 6 6 10 64 55 8 3 
3 3 9 36 17 19 3 6 
5 7 8 59 88 78 4 6 
1 9 7 90 11 16 8 7 
2 9 2 69 84 22 6 4 
6 8 1 42 43 93 3 1 
3 8 1 54 43 51 8 8 
5 7 4 58 96 54 6 8 
4 8 7 37 65 93 1 1 
5 9 4 41 53 58 2 6 
8 10 1 41 85 96 6 9 
5 9 3 16 13 35 3 7 
4 2 3 36 98 13 8 3 
10 5 7 44 52 35 2 1 
4 5 2 91 58 49 4 7 
6 5 7 20 91 75 2 1 
2 7 4 10 47 68 5 4 
9 1 5 45 36 26 7 8 
8 5 5 72 41 88 8 3 
9 1 2 66 16 15 6 4 
7 2 1 10 15 18 1 5 
5 2 7 23 45 98 3 3 
5 4 9 79 76 33 7 1 
2 1 2 68 89 95 5 6 
8 4 8 63 93 59 3 3 
6 6 7 53 17 25 5 5 
9 5 1 26 24 67 7 6 
5 9 6 90 59 45 2 5 
8 7 2 24 94 86 1 7 
9 9 5 56 93 52 5 2 
7 7 4 11 45 61 8 7 
9 7 9 78 28 33 3 4 
8 6 8 78 27 49 1 5 
6 1 7 83 14 73 2 5 
2 9 7 84 63 24 7 6 
4 2 4 30 46 12 3 9 
8 6 1 12 47 46 7 9 
8 7 2 52 18 34 2 2 
3 1 6 91 22 70 7 8 
5 9 1 93 21 27 1 6 
3 5 3 60 43 56 2 2 
1 2 8 54 66 96 9 2 
4 7 8 46 31 67 4 3 
5 6 2 24 21 37 2 8 
5 6 6 70 88 42 4 1 
5 7 3 51 77 55 5 9 
3 5 1 57 36 79 1 7 
4 2 9 74 47 19 1 9 
4 5 8 47 61 66 5 7 
1 4 4 76 66 20 1 5 
6 4 5 76 66 63 6 8 
7 4 2 35 22 67 3 5 
1 5 6 94 18 67 8 6 
7 5 5 81 88 53 9 6 
1 5 5 89 45 10 9 2 
1 4 6 23 58 57 9 6 
3 7 8 18 75 69 9 5 
7 6 4 26 68 19 3 6 
1 6 6 87 65 42 5 3 
4 7 7 58 12 40 8 7 
5 1 6 30 48 37 4 2 
4 4 2 26 79 36 6 4 
4 7 8 60 95 60 6 1 
5 3 3 64 28 22 8 4 
1 4 7 54 91 92 5 9 
9 7 1 13 26 46 2 7 
3 4 8 70 81 88 6 4 
2 6 2 85 14 96 5 9 
7 5 4 11 57 11 4 7 
1 6 2 60 40 41 7 9 
5 5 7 37 87 32 8 6 
9 6 1 47 26 88 2 3 
3 3 8 79 75 30 6 2 
2 5 5 31 86 39 8 7 
1 9 8 22 48 64 9 3 
3 1 2 92 89 82 8 8 
10 8 7 89 18 57 7 5 
7 1 5 74 37 13 1 1 
3 8 5 45 50 73 7 9 
7 7 7 67 49 54 1 3 
6 5 7 12 91 11 9 3 
9 6 6 15 14 86 9 1 
8 3 8 90 23 84 8 2 
4 3 8 52 68 38 8 6 
3 7 7 57 15 83 9 3 
7 10 9 94 61 25 1 3 
2 1 1 74 57 37 7 7 
5 7 3 98 19 21 8 9 
8 1 9 10 16 67 3 4 
6 9 1 47 32 25 3 3 
9 8 5 92 62 51 6 5 
8 6 6 81 67 32 6 8 
1 3 9 72 86 99 7 1 
8 5 7 78 38 44 7 1 
2 4 1 37 77 19 1 4 
8 4 8 13 59 84 9 6 
2 1 8 28 10 37 3 3 
2 7 5 90 47 79 7 3 
4 4 5 11 54 43 9 8 
6 5 7 42 46 14 9 8 
8 7 4 69 90 69 8 8 
8 2 7 93 75 85 3 5 
9 3 1 54 73 76 1 9 
8 6 1 80 22 50 5 5 
4 6 8 52 29 24 8 7 
6 5 9 28 78 39 2 7 
5 6 8 64 57 69 2 1 
8 1 7 65 64 57 1 1 
5 6 6 66 98 92 5 3 
6 8 8 85 22 14 5 5 
5 2 8 75 45 14 6 8 
5 9 3 72 79 33 1 7 
2 2 4 58 42 95 3 8 
6 9 5 86 59 30 4 5 
1 3 9 19 31 32 9 5 
9 1 6 45 60 28 9 3 
9 8 3 68 46 97 5 9 
3 3 7 78 38 62 9 8 
1 5 5 33 40 79 1 5 
7 2 5 17 58 71 8 6 
3 7 3 28 71 49 9 4 
9 3 4 24 64 90 2 5 
3 6 7 90 24 60 3 1 
7 3 6 97 46 62 7 2 
2 1 5 35 63 48 2 6 
5 2 1 83 57 14 7 5 
8 7 7 12 81 58 5 5 
6 7 7 21 58 65 1 2 
7 6 2 25 90 42 2 6 
5 2 3 30 26 45 7 1 
5 3 3 94 24 61 8 5 
1 2 7 78 84 66 3 9 
5 9 4 37 20 88 6 4 
4 9 6 73 36 47 8 5 
7 6 5 18 69 51 6 1 
5 1 9 37 41 68 9 6 
5 7 7 88 27 76 6 7 
1 8 6 52 67 90 8 2 
9 8 7 64 78 70 2 2 
8 1 9 78 32 64 7 10 
1 1 8 42 57 79 1 2 
6 6 7 92 96 22 2 9 
9 2 3 60 85 72 4 7 
8 7 8 53 79 68 3 5 
2 5 1 90 27 19 6 3 
2 8 5 10 17 26 3 6 
7 5 9 96 80 24 9 8 
2 6 3 11 28 63 3 8 
1 6 9 38 28 21 7 3 
9 8 5 59 88 49 2 2 
7 3 1 56 21 34 4 5 
9 5 7 20 21 83 3 7 
1 6 3 19 25 47 1 8 
5 7 8 56 37 18 1 4 
9 8 5 39 60 79 1 2 
4 9 6 81 38 68 10 9 
8 5 6 39 42 82 1 8 
6 1 7 20 87 11 4 4 
5 1 6 59 58 17 3 3 
4 1 9 81 64 24 5 5 
8 6 1 84 40 10 2 8 
8 5 4 94 55 99 5 8 
8 9 3 67 41 70 2 1 
2 7 6 64 58 13 5 4 
6 5 3 41 20 83 2 8 
9 8 1 61 10 88 6 1 
2 6 8 18 36 20 1 5 
5 4 6 70 97 40 9 2 
5 1 1 20 72 46 2 3 
3 3 6 41 17 43 6 3 
6 2 9 61 92 60 6 5 
8 1 2 22 78 90 9 3 
8 2 1 55 10 44 7 2 
7 4 9 39 48 32 2 2 
2 5 8 33 34 46 8 1 
5 6 9 21 60 51 3 3 
8 5 10 51 12 57 8 2 
6 8 8 71 45 31 5 8 
7 6 1 19 55 21 6 8 
6 7 1 51 68 44 4 3 
1 8 8 38 16 93 9 7 
5 8 9 10 27 37 9 1 
7 9 1 41 23 31 2 6 
1 8 2 28 37 49 1 7 
4 7 7 49 29 77 2 8 
8 5 2 86 73 11 9 7 
1 6 8 61 22 22 2 1 
9 5 1 91 26 27 8 6 
9 1 7 72 86 77 6 8 
3 4 4 27 87 87 4 4 
7 6 8 80 62 27 4 5 
6 3 6 35 27 49 7 3 
9 3 7 59 42 15 9 6 
3 3 4 97 52 52 1 6 
3 6 8 54 58 40 7 4 
2 3 6 32 29 20 7 1 
4 7 3 12 69 52 3 7 
7 8 7 64 96 59 9 3 
6 6 7 97 57 51 8 1 
3 9 4 76 27 37 6 5 
6 3 2 75 88 99 3 5 
7 6 7 47 56 54 2 5 
3 1 1 33 46 11 1 4 
1 9 2 66 58 74 1 5 
9 2 4 21 46 38 3 9 
6 8 5 86 11 90 3 1 
9 4 2 66 42 42 6 5 
1 5 8 34 49 42 9 9 
1 4 8 42 81 28 7 3 
7 8 3 55 96 64 3 7 
2 5 5 59 13 54 5 5 
5 4 1 58 70 43 8 6 
1 8 4 93 39 35 7 9 
1 7 3 66 63 15 1 5 
7 9 1 33 33 67 5 9 
1 3 7 36 44 46 3 5 
6 6 5 11 51 93 7 6 
2 8 8 13 97 88 1 9 
3 2 5 62 78 98 4 7 
3 7 1 74 32 24 8 3 
7 9 6 97 73 23 1 7 
4 1 2 28 18 53 3 10 
7 6 9 99 53 21 4 6 
7 7 8 20 67 69 7 4 
1 8 3 79 67 70 1 1 
4 9 5 47 45 69 6 5 
1 1 8 62 87 92 8 3 
6 5 8 38 58 24 1 2 
7 2 9 44 96 81 5 2 
4 4 9 36 82 48 2 7 
5 2 5 37 42 69 2 6 
9 4 7 40 85 53 5 6 
2 4 5 27 52 14 8 8 
9 4 1 23 88 59 3 1 
4 7 2 86 46 98 2 2 
1 4 9 99 96 61 9 6 
4 6 1 64 14 53 6 2 
6 7 6 89 56 23 2 9 
7 6 1 84 35 57 4 5 
9 1 3 90 96 71 6 7 
9 6 6 43 71 78 4 8 
5 6 5 96 14 24 3 2 
7 4 3 25 67 15 2 4 
3 3 5 56 16 77 4 2 
9 5 5 63 60 40 8 8 
5 7 4 12 66 98 8 3 
2 9 10 67 15 84 5 3 
5 6 8 11 18 32 2 4 
2 4 3 25 27 34 7 5 
1 3 4 93 66 36 9 9 
3 4 6 24 50 88 10 4 
7 7 9 40 77 31 8 1 
5 7 7 58 35 15 8 7 
2 5 7 67 92 63 4 2 
5 5 8 72 62 62 3 6 
2 7 6 23 90 28 3 2 
7 7 7 70 35 74 8 7 
7 4 3 26 57 23 9 9 
6 9 8 42 32 44 2 6 
8 4 1 70 57 73 3 8 
3 7 6 10 24 87 9 1 
4 2 9 23 95 58 6 7 
5 5 2 90 38 54 9 7 
1 9 3 39 64 28 9 6 
3 8 6 37 40 17 2 3 
6 5 9 18 88 44 5 9 
4 1 6 59 67 48 8 8 
9 4 2 66 45 53 3 2 
3 7 7 51 29 39 6 8 
7 9 9 40 28 43 10 7 
8 4 9 22 55 20 1 5 
9 4 4 62 44 61 3 8 
9 1 9 52 37 91 9 3 
2 2 6 57 15 49 9 3 
1 1 7 15 60 11 7 1 
3 4 1 74 15 72 1 1 
6 3 4 74 41 66 1 5 
1 8 5 27 11 54 1 3 
2 3 4 86 48 35 10 8 
7 7 7 45 72 21 1 7 
9 8 4 56 55 85 2 6 
2 5 3 88 20 26 1 3 
9 4 5 29 92 64 4 4 
2 9 3 90 72 90 6 4 
6 1 2 37 70 34 6 4 
8 7 7 60 41 23 5 7 
4 9 7 54 78 94 5 8 
1 3 1 56 91 22 7 6 
8 8 2 34 33 76 5 7 
8 3 6 64 20 53 5 5 
9 5 5 39 88 22 9 8 
1 4 5 22 60 29 5 7 
1 9 3 67 53 57 3 8 
5 6 6 33 80 88 6 9 
6 4 7 74 29 91 8 5 
6 8 8 14 45 90 4 8 
1 9 8 13 95 93 2 7 
1 3 6 70 26 63 8 8 
10 8 7 82 12 24 1 1 
4 2 2 70 45 65 7 6 
4 2 8 13 26 84 1 9 
5 2 1 70 86 12 9 8 
3 4 2 43 19 90 1 9 
8 3 6 44 12 69 2 6 
7 2 9 33 39 55 7 4 
7 6 1 74 34 33 8 8 
1 2 8 38 11 55 3 2 
6 4 7 12 65 88 8 4 
8 8 8 92 21 66 8 6 
5 8 7 29 74 16 3 7 
3 2 2 73 28 11 5 7 
7 7 7 53 29 33 4 4 
6 5 5 70 77 77 9 7 
3 8 2 64 50 24 6 4 
2 1 8 60 96 22 4 3 
8 1 4 82 41 16 7 6 
7 2 5 66 34 89 6 3 
4 3 8 23 30 12 4 4 
1 1 4 79 27 88 6 9 
7 8 4 75 45 23 3 4 
3 5 2 92 15 32 2 7 
9 5 2 18 71 54 5 2 
1 1 3 52 29 74 3 1 
3 9 3 58 92 12 9 7 
3 1 1 29 94 79 9 2 
2 7 4 38 59 41 3 6 
8 6 3 44 68 66 1 6 
10 3 3 10 85 32 4 4 
8 4 5 96 23 66 2 3 
3 9 7 91 49 55 9 2 
2 6 6 90 63 34 2 5 
7 3 6 81 60 97 1 1 
3 2 1 61 45 71 9 2 
8 1 9 69 86 50 9 2 
7 8 8 35 63 11 8 6 
2 2 9 31 84 18 8 4 
6 3 7 30 67 36 9 8 
4 9 5 61 40 45 5 1 
4 7 4 93 93 69 3 7 
1 4 6 23 28 22 6 10 
3 6 3 17 89 38 7 10 
3 7 3 35 80 28 4 2 
5 3 3 93 71 19 2 8 
9 9 7 57 17 25 9 5 
4 6 3 23 36 65 1 1 
10 6 10 65 65 42 4 6 
9 7 5 52 43 35 1 5 
1 8 7 21 63 52 6 1 
3 7 5 62 62 85 4 3 
1 3 7 69 24 50 8 7 
6 8 5 16 77 56 5 7 
9 7 7 18 90 38 3 10 
3 7 6 11 33 50 8 6 
7 5 8 61 58 78 8 3 
7 3 6 87 68 23 6 4 
1 2 6 85 52 28 9 4 
8 5 1 74 77 22 2 5 
10 6 6 33 86 37 3 6 
3 3 9 83 31 30 5 1 
4 7 2 95 76 83 6 8 
3 2 8 80 38 47 3 6 
2 5 9 32 11 59 6 5 
1 7 2 12 22 63 6 4 
8 7 8 34 43 83 3 2 
4 8 1 47 25 61 3 8 
5 7 6 79 12 61 9 5 
4 9 2 50 22 21 8 9 
7 6 2 15 42 68 3 1 
7 8 1 68 91 37 3 3 
7 1 9 96 96 42 7 9 
3 10 7 25 37 75 2 8 
6 5 9 72 13 62 2 3 
1 9 2 33 57 55 4 1 
7 1 7 22 75 90 3 9 
5 5 5 37 75 70 1 4 
3 4 3 95 43 23 9 10 
2 2 1 16 81 57 6 5 
9 2 4 89 70 15 1 8 
4 4 4 87 40 51 2 7 
2 1 9 71 31 25 6 7 
5 2 5 47 85 93 6 1 
6 2 1 45 59 36 2 5 
7 1 1 36 45 42 5 2 
9 4 4 97 29 73 7 4 
2 1 4 14 63 53 6 8 
3 5 5 33 56 67 2 1 
9 6 3 26 13 47 4 9 
1 1 9 85 40 27 7 3 
9 7 4 90 95 95 5 1 
2 5 5 80 48 23 3 5 
2 8 7 72 85 46 5 2 
7 3 8 21 82 84 9 3 
6 1 8 35 39 73 4 9 
7 9 4 75 67 88 3 4 
8 3 9 60 99 90 7 5 
7 9 5 25 52 19 6 7 
9 4 5 30 14 31 8 6 
2 7 1 72 81 60 7 10 
4 2 9 89 55 13 5 9 
2 6 2 23 47 48 7 8 
9 1 4 85 51 62 4 5 
8 4 9 21 32 95 1 9 
6 4 4 19 22 27 9 6 
2 8 3 24 79 47 7 7 
5 5 6 37 35 65 6 3 
5 5 9 80 31 39 5 8 
6 3 5 50 58 84 8 4 
5 5 2 64 18 18 5 4 
3 3 9 35 29 40 5 9 
2 1 2 23 61 88 2 9 
4 6 2 36 41 22 3 4 
8 4 5 64 22 65 2 2 
2 9 5 35 86 52 7 2 
3 4 5 52 64 66 5 7 
4 5 7 77 30 42 7 1 
6 1 4 45 90 51 2 2 
1 5 3 82 53 24 8 7 
2 2 8 98 60 57 1 9 
8 9 3 50 98 78 4 7 
8 10 1 94 43 82 5 1 
5 7 6 90 79 64 4 2 
8 9 8 10 46 89 5 5 
6 2 4 55 24 66 9 1 
2 8 6 94 71 76 4 5 
9 9 5 98 68 47 5 3 
5 5 6 47 80 88 7 4 
4 4 8 77 19 24 4 9 
5 6 8 31 81 32 3 9 
6 9 3 23 33 56 4 3 
1 1 1 39 27 12 8 9 
8 9 7 19 27 61 4 1 
5 1 4 66 95 63 3 6 
4 6 3 44 53 53 8 8 
3 2 9 38 70 18 5 7 
7 5 5 46 99 72 9 7 
3 1 4 22 98 97 3 3 
8 5 3 21 32 67 6 6 
5 6 1 92 43 72 10 6 
2 8 9 68 92 18 5 3 
2 9 1 41 94 58 4 4 
3 5 4 84 36 21 3 3 
8 8 9 97 57 16 4 5 
1 2 9 64 97 72 1 5 
1 2 8 83 73 40 8 2 
1 3 2 69 49 69 4 9 
4 6 2 85 30 22 4 2 
1 4 3 76 27 30 7 2 
5 9 6 99 63 12 2 7 
7 3 3 12 79 90 2 3 
4 2 1 10 72 64 4 3 
7 2 1 70 88 33 1 5 
7 3 6 48 17 45 2 4 
3 8 1 29 63 53 1 2 
8 3 4 75 44 82 3 4 
9 2 4 89 48 77 5 6 
2 2 5 51 52 17 6 9 
8 8 6 92 70 59 1 5 
3 5 4 72 18 15 6 5 
2 3 6 48 43 40 1 4 
5 2 7 76 54 64 9 5 
5 4 5 57 11 87 1 1 
8 3 8 58 48 15 9 1 
4 7 4 35 42 52 4 9 
6 8 7 72 95 91 8 3 
8 8 4 40 99 27 7 6 
9 4 6 96 37 87 2 7 
6 6 3 21 66 36 6 4 
5 5 2 29 20 50 3 2 
4 4 4 50 17 17 3 8 
9 1 3 16 54 27 4 4 
8 9 8 90 83 76 9 4 
8 3 5 59 83 27 8 7 
8 1 1 76 34 89 4 9 
7 6 6 54 75 92 9 1 
4 9 8 10 18 89 1 9 
6 7 2 47 63 57 2 2 
1 4 4 15 47 24 6 2 
5 4 3 87 87 35 5 7 
3 7 3 89 58 29 5 2 
3 9 9 17 17 59 7 1 
7 8 8 35 59 16 2 3 
2 4 4 99 79 58 7 8 
3 6 5 71 90 52 5 6 
3 4 1 79 13 36 3 9 
3 8 1 27 16 89 7 1 
2 7 9 49 90 16 9 8 
4 5 7 54 48 68 5 2 
7 2 8 35 47 43 6 5 
5 8 5 54 84 81 2 6 
6 5 8 63 99 42 1 8 
6 5 4 75 78 39 2 3 
6 9 9 27 43 23 3 9 
7 3 3 29 76 27 6 5 
4 5 2 70 89 30 3 8 
3 6 9 86 12 84 7 5 
3 9 9 50 86 83 6 9 
8 3 2 95 85 70 2 8 
2 7 5 20 61 92 7 5 
7 5 7 21 76 30 5 9 
5 6 7 65 58 23 2 3 
8 3 9 25 28 78 9 7 
6 6 3 38 13 83 8 8 
5 5 7 87 67 70 7 7 
5 8 2 28 47 27 2 1 
9 8 3 41 24 86 2 1 
3 8 7 40 67 94 1 9 
2 6 8 11 38 60 1 2 
3 5 3 97 98 77 7 9 
7 4 2 64 94 24 1 2 
8 9 6 73 63 98 7 7 
10 4 7 32 83 52 9 5 
10 5 1 96 19 13 6 7 
3 9 5 10 87 14 2 9 
6 8 4 94 27 10 9 4 
7 1 9 60 57 72 7 9 
6 8 3 29 30 96 4 3 
3 1 2 86 64 95 7 7 
4 1 6 21 79 53 4 6 
7 3 6 74 18 83 6 8 
1 1 2 27 65 49 9 7 
7 2 6 42 47 66 3 2 
2 6 3 89 11 50 6 2 
7 2 8 93 13 22 1 1 
5 6 4 82 78 56 7 6 
5 4 8 71 78 92 5 1 
1 1 3 75 19 85 1 8 
1 5 3 84 45 65 1 5 
1 7 7 51 92 42 4 2 
4 9 3 16 25 60 7 8 
9 9 6 57 11 32 1 5 
1 3 5 47 10 62 4 6 
9 6 5 93 80 33 2 7 
3 6 5 50 38 75 8 6 
3 1 1 91 63 61 8 6 
9 7 1 10 36 50 4 7 
2 1 2 90 70 24 3 1 
7 8 3 73 68 84 4 3 
6 6 2 42 75 88 6 3 
9 9 1 19 10 55 7 2 
4 4 7 38 24 42 3 4 
8 2 6 58 54 18 4 6 
2 8 5 38 36 66 9 2 
9 2 1 63 65 67 1 7 
5 9 1 50 52 92 3 10 
9 10 2 15 69 21 1 7 
4 6 10 44 91 83 1 3 
3 7 5 72 37 96 8 4 
3 3 7 38 13 33 7 4 
6 6 8 27 31 94 5 5 
7 6 2 43 84 58 6 5 
2 9 7 33 14 53 4 7 
6 1 2 36 95 93 6 9 
4 7 9 52 85 63 4 2 
3 5 6 77 72 73 7 6 
3 2 1 95 48 55 1 2 
8 8 8 58 51 86 8 1 
1 2 6 52 48 52 5 5 
2 7 9 26 61 78 10 3 
4 1 7 63 19 32 4 4 
9 1 5 43 18 46 2 2 
6 10 9 10 83 89 4 6 
9 4 9 46 49 56 3 9 
4 9 1 66 99 77 8 1 
7 2 4 60 80 10 9 4 
2 9 5 15 84 46 2 6 
5 6 7 60 27 99 9 5 
6 3 2 30 88 19 5 2 
4 8 9 10 95 21 7 3 
2 3 5 40 23 35 4 7 
9 7 6 39 61 69 4 9 
3 3 3 57 93 28 8 3 
4 4 2 94 64 27 3 4 
3 4 8 39 18 68 3 1 
7 2 5 21 50 34 3 1 
3 6 1 39 32 17 4 7 
7 9 9 57 55 47 1 2 
2 9 1 76 83 67 4 7 
8 2 2 46 74 70 2 8 
5 8 4 92 72 45 1 5 
6 4 4 75 98 11 6 3 
7 1 3 60 60 37 3 4 
1 7 9 60 24 21 1 1 
7 1 2 38 23 39 8 4 
6 5 1 75 16 79 5 3 
6 6 4 56 21 51 9 1 
7 3 10 72 32 59 8 1 
5 7 3 68 71 51 7 1 
6 5 8 20 93 85 3 7 
3 6 6 21 18 91 5 4 
3 3 2 35 24 90 5 4 
1 6 5 55 18 18 3 8 
9 7 9 68 38 60 2 3 
7 8 7 82 31 53 9 2 
4 5 2 28 34 36 7 3 
5 8 7 21 23 95 2 2 
4 8 6 11 62 20 5 6 
7 8 4 88 26 15 7 5 
4 3 2 52 36 54 9 6 
1 10 5 54 36 98 5 8 
8 7 5 44 80 26 7 6 
5 5 5 91 63 49 7 3 
9 7 8 53 51 79 9 1 
4 3 1 64 69 15 7 9 
8 7 8 31 89 77 5 5 
1 7 4 76 52 81 4 6 
8 8 8 81 23 59 8 5 
3 3 3 96 97 84 9 4 
8 2 9 24 80 25 6 8 
9 4 5 88 96 21 6 4 
6 2 9 88 57 16 9 1 
1 4 1 16 41 58 10 7 
5 8 7 44 61 41 3 2 
2 2 8 53 30 80 6 6 
7 5 10 58 67 69 6 8 
2 4 3 28 24 64 7 4 
3 8 3 81 31 71 8 1 
1 8 5 51 51 87 8 7 
3 9 9 92 23 99 9 1 
7 1 9 30 75 24 2 3 
3 6 8 20 89 99 2 7 
9 6 5 72 11 74 3 8 
8 2 1 75 63 36 8 2 
1 6 2 43 77 67 7 5 
5 4 4 24 28 14 3 7 
2 7 6 81 55 10 3 7 
1 4 6 92 64 42 3 8 
8 1 6 57 53 40 8 8 
3 5 7 37 74 62 8 1 
7 2 2 65 64 93 2 7 
2 4 1 15 76 80 5 9 
2 2 1 99 97 62 7 4 
5 1 4 16 40 25 6 1 
3 1 7 89 84 94 3 4 
8 1 1 67 80 86 2 6 
1 9 8 59 56 39 9 2 
6 4 7 90 28 94 6 9 
4 8 8 99 18 95 6 9 
10 6 7 39 25 14 4 1 
3 3 9 61 95 52 6 1 
8 8 3 15 17 16 4 6 
6 8 2 76 81 81 9 3 
6 2 10 76 11 99 4 4 
7 3 4 84 27 27 9 5 
8 7 9 95 55 46 8 7 
5 6 7 17 51 30 3 5 
1 7 1 10 25 15 5 4 
4 8 1 73 79 15 7 3 
4 7 6 41 76 92 5 1 
1 4 6 55 99 97 6 6 
3 9 2 89 18 58 3 7 
4 8 7 98 97 21 5 8 
9 6 2 50 49 67 9 9 
6 5 4 16 95 61 5 8 
9 6 6 63 62 53 6 1 
2 7 1 37 46 96 1 8 
8 5 7 55 14 13 4 6 
4 7 9 66 46 70 8 8 
3 7 6 95 13 88 4 3 
7 8 6 34 18 54 9 1 
7 9 4 33 78 97 8 2 
10 7 3 31 65 47 9 3 
8 9 8 53 36 10 5 2 
8 5 6 52 99 60 3 9 
3 3 7 75 19 26 9 4 
2 8 5 82 61 56 10 5 
4 4 1 73 89 66 9 4 
7 6 7 34 85 71 6 4 
6 6 8 59 34 92 8 1 
2 2 8 52 86 80 8 4 
1 6 3 57 73 10 1 3 
9 1 6 67 78 79 2 3 
7 1 6 58 53 12 3 7 
1 2 2 56 55 17 4 8 
2 5 8 39 39 83 6 9 
6 6 5 46 62 92 2 7 
1 4 9 80 71 16 6 9 
8 2 6 29 61 35 4 3 
7 2 6 35 41 40 5 5 
3 9 4 41 72 71 7 2 
2 7 4 19 18 60 3 1 
9 7 5 24 88 28 8 7 
4 6 5 98 23 37 8 9 
5 4 5 39 75 72 5 9 
6 5 8 61 91 53 1 2 
4 7 5 27 52 14 7 4 
7 4 9 66 92 12 2 1 
2 4 2 56 49 75 8 4 
1 8 9 40 71 92 1 5 
2 1 5 74 23 35 4 7 
9 8 8 80 15 98 8 1 
3 3 3 71 94 52 7 9 
2 7 2 61 81 36 6 7 
7 2 1 66 86 14 2 9 
8 4 2 72 34 79 1 7 
9 8 2 79 14 88 6 1 
1 6 3 40 72 74 1 5 
7 7 1 67 35 15 6 2 
8 4 4 63 34 29 6 3 
4 6 9 25 81 10 4 7 
8 8 2 23 90 33 8 6 
8 9 9 78 56 35 6 2 
3 8 7 91 42 47 6 4 
7 2 2 81 93 22 7 2 
5 8 2 53 10 38 1 1 
5 9 5 83 36 55 1 5 
7 2 8 58 85 96 1 2 
4 8 1 17 78 53 9 4 
5 8 2 45 68 99 3 3 
6 6 6 92 84 14 6 5 
9 6 5 48 79 49 4 9 
7 8 8 97 25 20 9 7 
7 2 7 97 97 10 5 5 
9 4 9 69 74 96 1 3 
4 1 3 62 77 27 8 3 
4 9 6 39 51 91 4 8 
4 4 2 75 25 70 1 4 
2 1 1 36 24 58 2 1 
3 5 4 44 70 53 2 7 
7 8 8 33 35 38 6 7 
2 1 1 92 30 89 7 8 
6 1 6 80 87 58 5 3 
4 3 3 17 38 17 8 6 
6 6 1 56 58 33 8 9 
7 2 2 58 21 48 2 7 
2 6 2 84 57 17 5 3 
5 6 5 84 11 54 1 2 
2 4 7 89 78 35 7 6 
8 9 1 12 14 40 5 10 
5 3 4 90 61 55 2 3 
8 9 6 16 20 71 6 8 
5 6 6 87 57 13 9 3 
1 2 8 74 61 17 7 10 
6 6 1 19 99 95 8 1 
1 8 9 38 77 13 4 4 
5 8 3 53 37 62 2 3 
6 4 5 31 97 26 2 3 
5 2 5 57 85 61 1 7 
4 6 8 48 92 71 8 8 
3 9 4 60 13 40 8 7 
7 10 7 91 86 48 9 2 
7 1 8 68 41 96 6 1 
6 8 3 31 13 40 2 2 
1 2 1 56 54 69 3 2 
4 8 3 78 72 31 1 1 
8 6 7 38 52 96 7 3 
9 8 3 83 88 54 7 5 
2 4 8 61 99 81 5 9 
6 3 7 31 36 18 9 2 
8 3 7 18 24 11 6 7 
8 2 4 31 39 45 6 9 
2 2 5 87 97 26 7 9 
1 2 8 87 29 74 4 3 
5 8 5 84 62 14 1 3 
6 4 3 80 24 40 6 4 
5 9 3 49 27 91 6 9 
5 1 5 84 27 98 7 1 
5 9 2 20 11 17 4 8 
2 4 7 26 95 91 5 6 
8 8 9 32 39 23 6 7 
9 1 4 13 54 56 7 2 
5 8 2 36 86 82 4 8 
1 3 7 25 85 95 7 1 
5 3 9 62 56 16 8 4 
1 8 1 52 96 99 4 2 
9 9 3 21 64 84 1 3 
1 1 5 47 15 82 2 8 
3 5 6 96 17 35 5 6 
6 8 8 25 52 15 6 9 
5 5 4 59 54 52 1 6 
8 7 9 77 26 40 5 3 
4 3 1 38 35 39 7 1 
8 7 2 96 80 38 6 6 
2 6 7 12 71 14 4 1 
7 8 3 62 16 39 6 5 
7 3 8 80 55 18 5 5 
8 1 7 34 83 39 6 9 
8 5 9 45 49 70 8 1 
2 6 3 87 32 84 5 5 
6 5 7 20 74 93 3 7 
1 9 4 29 15 43 1 2 
6 7 6 72 69 11 1 3 
4 3 4 15 31 82 8 9 
5 3 1 49 12 63 2 4 
8 2 6 41 50 31 2 4 
3 7 5 82 28 36 8 4 
7 4 5 78 14 61 1 2 
8 7 9 45 22 92 2 9 
1 8 8 71 95 87 4 2 
8 7 3 79 14 28 9 2 
4 9 1 49 24 11 2 2 
7 6 3 45 69 62 8 7 
6 7 3 36 80 33 2 6 
6 7 9 84 60 98 6 8 
6 3 6 89 77 82 8 3 
3 4 2 55 88 41 3 6 
2 9 9 87 87 79 9 4 
3 4 9 61 54 74 4 9 
9 6 1 75 47 39 5 4 
1 6 3 65 14 86 8 2 
8 3 8 57 16 48 2 4 
8 2 4 70 96 56 4 9 
5 7 9 64 23 90 9 5 
4 2 7 33 85 54 8 4 
4 8 1 43 22 86 5 8 
7 7 8 73 91 40 2 3 
2 1 1 63 62 63 2 3 
5 6 2 86 84 26 3 5 
8 1 3 54 49 95 8 6 
3 1 6 53 97 59 7 8 
4 1 6 68 67 31 7 7 
4 6 6 13 40 66 1 4 
7 6 1 55 49 80 5 6 
5 3 5 21 62 74 5 9 
2 3 4 48 31 89 2 4 
6 1 8 32 83 31 8 7 
6 7 8 25 78 31 7 2 
7 1 6 95 79 96 1 5 
4 5 4 67 54 21 7 6 
5 5 1 20 53 41 6 3 
6 5 6 73 94 61 6 8 
6 4 1 88 51 95 6 8 
9 1 4 51 26 47 4 6 
6 8 1 25 21 75 9 4 
6 2 5 42 55 59 8 2 
3 2 7 70 33 26 3 2 
3 1 3 14 89 15 10 2 
8 6 5 25 56 99 5 9 
5 4 1 38 58 73 9 5 
3 5 8 56 51 26 8 9 
1 4 8 90 61 48 5 7 
3 1 7 77 51 46 4 9 
8 7 7 58 43 75 2 5 
2 5 7 95 31 66 5 5 
1 6 4 78 81 51 7 8 
7 1 1 40 86 72 4 2 
6 2 2 44 42 61 3 9 
7 1 4 92 47 36 5 1 
4 4 2 98 88 12 6 4 
5 1 8 86 62 68 4 5 
9 6 2 90 10 94 2 7 
8 3 4 44 65 70 7 2 
8 7 8 10 45 44 1 3 
4 2 8 82 71 65 8 3 
9 5 9 51 58 63 6 6 
6 2 4 53 50 84 1 3 
8 6 9 20 51 94 8 3 
7 2 6 48 15 37 7 5 
4 7 9 91 66 67 4 4 
2 2 8 22 63 32 5 8 
3 6 8 10 64 73 6 8 
4 1 5 73 60 35 5 5 
2 6 4 20 90 62 4 5 
2 5 5 70 42 43 9 9 
1 1 7 57 94 45 1 1 
1 5 4 53 77 95 5 1 
8 6 1 15 27 58 8 7 
2 5 8 65 65 74 3 2 
1 6 5 11 63 59 3 8 
5 9 9 66 27 10 1 8 
1 3 2 83 24 33 7 2 
9 7 4 48 57 56 7 8 
9 4 6 34 23 12 7 8 
8 2 2 24 42 68 3 6 
10 8 3 42 76 14 1 7 
6 8 2 24 65 79 9 6 
3 7 6 60 62 76 8 6 
4 6 6 24 23 26 3 4 
1 4 4 29 62 28 8 4 
4 4 2 37 81 14 6 2 
9 1 10 39 54 61 7 6 
9 3 9 56 60 28 5 3 
7 2 6 97 68 57 7 8 
8 8 2 81 63 69 5 5 
6 5 9 17 49 52 4 2 
2 7 2 34 30 63 6 8 
6 5 7 30 38 93 5 1 
7 5 2 45 91 39 2 6 
8 2 3 37 72 17 3 9 
7 7 5 28 64 79 2 2 
8 10 4 80 63 63 7 4 
8 10 3 89 83 67 2 8 
1 7 9 34 10 26 8 1 
7 8 6 93 47 29 1 4 
9 6 4 57 58 84 5 5 
6 4 8 65 16 40 8 7 
2 1 5 14 55 36 3 8 
9 6 5 40 76 58 6 1 
7 2 3 25 43 89 3 5 
7 7 4 16 66 33 3 1 
2 2 4 43 56 71 10 9 
4 5 2 70 84 90 7 3 
2 5 9 65 11 79 2 5 
8 5 2 90 50 61 4 4 
8 8 6 13 31 75 7 2 
1 5 4 20 90 26 1 3 
3 3 4 21 57 34 2 8 
1 2 3 87 23 22 9 4 
8 1 3 80 93 33 3 2 
8 5 4 43 88 80 5 7 
7 4 1 16 35 14 1 6 
7 3 1 96 41 98 2 6 
9 4 5 33 84 73 4 5 
9 1 5 64 58 61 6 9 
5 7 4 22 16 94 6 5 
3 1 1 12 90 70 1 6 
6 6 9 93 23 45 1 1 
2 4 5 53 82 11 1 5 
6 2 8 92 48 60 4 7 
6 1 9 98 45 71 9 6 
7 1 8 10 23 25 2 2 
6 5 8 87 11 47 5 6 
5 6 8 29 18 18 8 7 
9 5 9 62 67 35 8 3 
3 4 6 63 58 85 2 4 
6 9 3 72 34 36 6 3 
7 5 7 54 31 98 5 4 
5 4 2 94 85 60 7 3 
9 5 6 70 15 24 10 7 
5 9 1 98 71 70 4 5 
3 6 6 24 41 97 1 5 
3 2 8 78 55 85 4 6 
2 4 1 27 56 70 5 4 
9 1 2 12 41 61 2 6 
8 6 8 26 61 15 6 1 
4 8 9 28 15 84 8 4 
3 2 4 68 90 23 4 8 
9 2 8 37 29 20 5 3 
4 3 1 90 27 59 4 6 
10 7 7 87 21 72 4 8 
4 9 8 82 59 60 3 4 
6 3 5 10 62 56 1 3 
5 8 4 11 29 61 7 3 
3 8 9 13 14 56 3 5 
7 9 2 44 15 14 1 3 
1 2 6 78 62 80 8 5 
7 9 3 72 88 51 8 6 
2 1 4 11 62 14 6 4 
5 3 7 84 46 60 2 8 
1 6 8 82 44 97 3 3 
6 1 8 73 18 42 7 5 
6 8 2 63 64 86 7 1 
2 3 9 62 94 96 2 7 
4 1 9 33 46 78 7 2 
2 4 3 43 16 69 2 9 
7 5 1 32 68 65 3 9 
5 7 5 72 26 74 8 9 
4 6 3 31 63 78 2 3 
4 3 6 34 53 93 9 4 
6 4 2 65 62 58 9 1 
6 5 1 23 34 66 8 8 
3 5 9 98 37 35 8 5 
2 1 5 39 59 33 3 7 
10 2 8 88 90 88 4 6 
8 9 1 78 61 67 6 4 
2 8 8 47 97 89 1 5 
1 9 5 17 41 98 1 4 
5 6 8 43 70 77 1 7 
4 6 9 37 20 18 5 9 
7 1 9 71 90 35 1 9 
6 8 5 69 78 74 10 7 
2 7 4 12 69 66 1 8 
8 8 1 25 21 36 6 3 
2 2 8 56 53 66 4 2 
6 5 9 15 42 10 8 6 
4 8 7 77 81 20 8 2 
8 2 8 46 51 95 2 4 
1 7 5 21 27 94 8 2 
4 9 9 39 83 27 8 4 
8 1 7 62 83 18 4 1 
4 2 3 31 41 24 1 6 
8 2 4 64 70 88 1 8 
3 2 2 87 44 35 5 9 
5 6 4 71 60 75 3 9 
8 9 9 86 66 64 3 1 
10 4 2 46 44 54 6 4 
6 8 2 24 56 39 2 7 
2 1 6 97 54 97 1 1 
6 8 2 33 99 75 2 2 
2 2 1 68 76 23 8 7 
6 1 5 45 93 76 4 9 
4 3 5 40 18 92 6 3 
3 1 4 45 40 88 9 3 
5 6 6 52 32 97 6 8 
8 5 2 16 36 26 6 6 
9 8 4 93 68 14 6 3 
1 2 7 12 18 27 5 3 
6 7 7 17 83 92 7 1 
7 7 5 93 44 80 6 1 
1 1 9 23 28 46 8 4 
4 1 3 10 47 63 7 3 
7 1 5 58 97 85 10 1 
3 6 8 13 66 92 8 5 
7 6 9 94 78 24 5 2 
5 3 8 65 80 97 5 2 
6 1 5 99 61 57 6 9 
8 8 2 44 42 15 6 5 
9 4 5 96 86 46 6 6 
7 2 2 13 92 60 9 9 
1 3 3 95 94 21 4 5 
1 6 4 16 95 26 2 7 
8 2 2 64 28 29 7 9 
5 6 6 38 40 17 8 3 
3 7 9 88 76 19 3 5 
9 5 9 63 91 42 7 7 
1 5 8 83 69 53 3 1 
4 5 8 40 85 25 4 6 
3 3 2 55 88 66 9 4 
8 7 10 10 99 67 8 4 
6 2 5 61 49 42 9 8 
6 9 6 36 81 71 7 7 
2 8 7 30 80 70 5 5 
6 1 6 70 91 54 1 7 
7 5 2 61 51 93 3 1 
1 7 9 12 59 99 9 8 
9 1 9 66 32 86 6 4 
6 5 2 94 78 54 3 9 
5 3 6 70 32 43 8 7 
6 4 9 92 86 66 6 3 
1 2 8 72 47 67 8 9 
9 3 5 95 79 42 4 1 
8 7 1 62 30 57 8 5 
1 3 8 48 91 26 4 9 
8 4 7 56 10 36 6 1 
3 1 6 85 38 49 3 10 
7 3 2 66 63 66 9 7 
1 3 8 77 62 91 6 3 
9 6 8 99 19 86 4 3 
4 9 5 78 57 15 3 1 
9 5 6 38 87 84 9 9 
8 7 4 99 29 99 2 7 
10 3 9 82 25 24 3 7 
8 4 7 89 38 12 7 3 
10 7 3 66 14 56 1 6 
5 6 3 87 77 36 1 4 
3 6 3 56 43 11 7 4 
5 1 5 98 36 66 1 5 
1 9 8 40 14 89 7 9 
4 8 8 88 25 46 1 3 
7 1 1 29 62 12 9 5 
7 8 3 88 28 44 8 9 
3 3 6 89 27 65 7 2 
4 3 9 52 56 25 7 1 
9 2 9 76 92 65 8 4 
2 2 5 95 64 10 6 2 
2 8 4 74 90 40 2 8 
7 4 9 76 97 68 9 9 
8 9 1 82 58 14 6 4 
2 9 1 79 40 31 1 3 
8 8 6 69 89 12 8 4 
4 3 8 57 19 54 6 4 
7 4 1 60 11 86 6 1 
7 7 1 64 80 60 6 1 
8 9 2 88 89 93 2 7 
5 5 5 66 42 53 4 1 
5 7 5 41 92 33 7 2 
1 3 8 35 85 41 3 2 
9 2 9 78 65 23 9 3 
6 8 3 40 68 70 2 4 
8 9 3 49 19 80 9 9 
9 4 3 27 77 53 6 6 
7 1 8 57 11 48 3 3 
6 7 6 79 16 71 4 10 
7 3 5 11 91 58 8 1 
3 5 1 88 83 19 9 6 
6 3 4 81 44 60 5 3 
3 4 1 81 80 60 2 5 
2 1 3 10 13 93 4 4 
2 2 6 66 74 24 8 6 
6 6 3 83 88 51 6 4 
6 9 8 93 21 37 3 5 
8 6 1 38 95 86 6 3 
2 5 7 58 54 68 6 3 
5 7 5 62 59 70 4 5 
3 4 1 55 41 96 6 7 
2 3 7 51 82 15 6 9 
6 7 2 96 65 85 4 10 
1 7 8 46 88 56 1 4 
3 3 9 21 62 78 8 3 
4 7 1 90 50 90 3 1 
1 8 1 82 73 80 9 4 
7 8 8 20 45 76 8 1 
4 8 9 59 75 71 4 2 
2 2 9 41 76 48 9 8 
3 7 3 85 36 28 6 6 
2 2 3 99 78 60 1 2 
5 8 1 35 17 19 4 1 
2 1 3 68 92 39 7 7 
4 7 3 92 64 74 2 9 
3 9 7 55 40 97 8 3 
9 5 7 85 63 50 4 5 
9 5 6 15 62 66 5 4 
5 9 4 81 12 50 2 1 
1 2 7 53 74 96 5 6 
8 4 1 54 15 98 1 4 
9 6 5 20 50 99 7 4 
7 1 7 69 85 14 4 7 
1 4 1 75 56 10 3 1 
3 3 1 56 61 67 5 1 
1 7 9 12 35 82 3 1 
2 1 6 10 96 64 9 5 
8 8 3 21 29 49 9 2 
3 7 4 75 36 10 3 6 
4 9 9 96 39 21 4 5 
1 5 4 56 96 13 9 10 
1 6 5 28 56 57 4 7 
4 7 9 48 94 80 5 3 
7 5 7 13 89 98 2 1 
5 7 9 88 87 43 3 1 
8 8 9 22 50 46 8 9 
8 9 1 68 36 19 1 8 
6 7 8 12 93 96 9 7 
9 4 2 42 95 28 6 2 
4 5 8 60 15 79 8 7 
1 2 6 47 93 37 5 5 
6 3 2 16 86 64 4 8 
3 3 5 63 23 42 8 3 
7 1 3 53 34 37 2 7 
7 3 2 17 39 59 1 1 
2 6 2 77 17 41 4 1 
8 5 7 92 95 85 7 7 
6 5 2 92 44 56 2 1 
10 5 4 69 56 87 6 9 
8 2 4 74 48 11 7 2 
8 1 2 97 79 21 3 8 
6 6 9 95 63 60 3 8 
8 6 5 41 74 95 7 6 
7 4 6 91 38 51 4 7 
6 4 2 25 57 29 8 9 
1 2 6 15 65 65 8 4 
8 6 5 13 50 66 7 4 
3 8 2 86 43 51 3 5 
3 7 1 36 86 43 4 2 
8 7 9 29 82 64 2 1 
3 6 2 17 17 92 4 3 
10 9 6 21 42 15 6 2 
6 6 7 15 20 81 6 3 
9 5 10 36 95 44 10 4 
7 6 3 82 34 34 8 1 
1 1 8 42 62 20 5 8 
2 8 2 63 63 29 6 2 
5 6 4 35 62 35 5 2 
8 1 6 54 95 31 2 4 
1 3 6 39 41 49 5 9 
1 6 5 90 11 24 4 4 
2 3 8 27 15 73 1 2 
7 2 1 16 88 20 9 4 
4 6 3 58 42 13 3 5 
6 7 8 69 92 86 1 4 
2 5 9 82 83 40 5 9 
3 7 6 49 95 79 8 4 
8 5 7 91 35 54 9 1 
5 4 8 95 33 32 3 7 
6 1 1 52 44 13 3 1 
7 6 6 16 51 33 8 5 
4 6 2 72 61 42 8 5 
4 4 1 40 25 15 3 3 
5 4 3 24 32 24 1 1 
6 9 9 92 60 46 2 2 
6 8 4 13 75 96 8 6 
3 9 6 20 37 10 3 7 
3 3 6 40 37 98 9 2 
1 7 1 41 59 61 6 6 
4 2 4 54 13 81 3 6 
5 1 2 23 93 43 5 4 
9 1 4 58 18 48 5 1 
