50		2908	3115	1801.57		3132	0.00267869		3477	0.000174081		3485	0.000194162		3668	2.6803e-05		 3867	4.2648e-05		3708	0.000589821		3445	0.0001347
100		5237.37	5765	1803.86		5831	0.00550255		6401	0.000719389		6300	0.000878566		6688	5.2486e-05		    7373	8.2821e-05		6833	0.00222965		6306	0.0004927
150		8306	9408	1800.83		8886	0.00764606		9806	0.00171099		9806	0.00194989		10435	9.6239e-05		    11181	0.000133558		10688	0.00460043		9758	0.001
200		11246	12816	1801.57		12093	0.0113106		13215	0.002967		13077	0.00356783		14148	0.000155852		    15502	0.000184834		14445	0.00883517		13273	0.002
250		13910	16176	1802.28		14930	0.0133017		16041	0.00473608		16340	0.00508908		17566	0.000200791		    19025	0.000199679		17922	0.0124605		15983	0.003
300		16807	22945	1804.19		18021	0.0116066		19705	0.00676046		19705	0.00796643		21093	0.000286688		    23102	0.000242987		21472	0.0184623		19649	0.004
350		19562	22478	1804.17		20677	0.0175942		22177	0.00924886		22177	0.0108264		23910	0.000352513		    26833	0.000282201		24746	0.0251067		22043	0.006
400		21976.1	26038	1805.57		23679	0.0186872		25617	0.0121236		25619	0.0141339		28233	0.000417005		    30131	0.000334043		28140	0.0322114		25683	0.008
450		24767.4	34726	1807.13		26803	0.0262293		28769	0.0152903		28826	0.0178123		31339	0.000539666		    34648	0.000355283		32240	0.0422643		28608	0.010
500		27602	38070	1809.35		29644	0.0291637		32546	0.0186882		32546	0.0219247		35031	0.000535669		    38297	0.000428166		35242	0.0483166		32308	0.012
550		30301	42098	1811.3		32976	0.0263278		35515	0.0226613		35524	0.0265376		37971	0.000697129		    41850	0.000442086		39193	0.0613182		35279	0.015
600		33137	46386	1813.73		35970	0.0359507		38765	0.0268691		38765	0.0316128		41924	0.000861763		    46082	0.000478959		42445	0.074303		38664	0.018
650		35950	49921	1816.5		38863	0.0382008		41338	0.0316589		41400	0.0371804		45566	0.000991483		    49627	0.00051356		46037	0.0874683		41153	0.021
700		38906	53763	1819.29		42200	0.034182		45873	0.0370539		45876	0.0431071		49237	0.00116327		    53904	0.00055642		50342	0.0954914		45696	0.024
750		41894	57880	1822.08		45350	0.0345232		48214	0.0422448		48302	0.0495094		52374	0.00138372		    57867	0.000642986		53763	0.115343		48001	0.028
800		44646	61788	1825.46		47773	0.0461401		51874	0.0476762		51864	0.0564386		56239	0.00158202		    61658	0.00065474		56523	0.137574		51742	0.032
850		47595	66037	1829.64		51813	0.0307414		54421	0.0539967		54382	0.0635635		59241	0.00153144		    65482	0.000728232		60972	0.150002		54055	0.036
900		50400.3	69595	1832.96		54331	0.0467946		58633	0.0603491		58593	0.0712333		63438	0.00155765		    69622	0.000726434		64362	0.162802		58517	0.041
950		53290	73464	1837.25		57818	0.0402899		60731	0.0676549		60701	0.0796392		66651	0.00198902		    73266	0.000744326		67577	0.186634		60620	0.045
1000		55128	77323	1843.96		59713	0.054821		64458	0.0749663		64420	0.0890459		69774	0.0024759	 77290	0.00376342		70972	0.219795		64318	0.0507179	
1050		0	81706	1847.5		63731	0.0489612		66952	0.0826774		66926	0.0975118		73363	0.00255204		 81376	0.000907048		75031	0.233018		66496	0.0557987
1100		0	85023	1850.52		66519	0.0559531		71561	0.0911676		71549	0.107219		77522	0.00250976		 84865	0.000894415		78711	0.259146		71355	0.0612208
1150		0	88921	1861.36		68774	0.0787969		73289	0.0989755		73278	0.116626		80693	0.00291714		 89013	0.000961198		81908	0.27833		72824	0.0669689	 
1200		0	92576	1861.82		71415	0.0766837		76904	0.10777		75718	0.1169		84253	0.00289748		         92281	0.000973347		84809	0.304381		76685	0.0727074
1250		0	96881	1865.81		75279	0.0591242		79663	0.116973		79604	0.137581		87172	0.00315007		 96229	0.00101925		88997	0.330691		78883	0.0788414
1300		0	100140	2113.55		78240	0.0687722		83268	0.129764		82748	0.140354		91526	0.00417468		 100745	0.00104684		92500	0.360144		82845	0.0852119
1350		0	104290	2206.17		80768	0.0825234		85920	0.136326		85826	0.160771		94361	0.00402761		 103929	0.00107009		95571	0.387282		85182	0.091729 
1400		0	108089	1885.22		85432	0.0475695		89359	0.146943		88440	0.158696		97672	0.00458889		 107682	0.00112384		99033	0.422546		89047	0.0986058
1450		0	112584	1892.43		87586	0.0738886		92848	0.159		92773	0.187303		101875	0.00482838		     112491	0.00116632		103746	0.446745		91800	0.105711 
1500		0	115706	1914.55		91311	0.0660808		95860	0.169387		95928	0.181983		104942	0.0042048		 116432	0.00124469		106401	0.480522		95439	0.112895 
1550		0	0	7.7e-08		93290	0.0835476		98794	0.180236		98889	0.211746		108264	0.0054028		     120049	0.00128059		109695	0.521372		98400	0.120025 
1600		0	0	9e-08		95893	0.0925857		101782	0.192396		101620	0.225724		111636	0.00580681		     123219	0.00128759		112865	0.5476		101304	0.128204	 
1650		0	0	8e-08		99087	0.104832		105407	0.204916		105471	0.240768		114701	0.00638537		     127954	0.00134011		116948	0.579108		104599	0.137298 
1700		0	0	7.7e-08		102789	0.0891774		108691	0.216567		107656	0.238503		119497	0.00586313		     131037	0.00140054		120579	0.629799		107923	0.145427 
1750		0	0	8.3e-08		105596	0.0959579		111166	0.229855		111125	0.270568		121810	0.00603785		     134879	0.00143535		124065	0.660634		110730	0.153775 
1800		0	0	8.1e-08		108113	0.100708		113885	0.242923		113262	0.262363		124504	0.00705365		     138708	0.00149508		127012	0.685662		113372	0.162682 
1850		0	0	7e-08		111796	0.105122		118149	0.256644		118159	0.302312		129230	0.00790605		     143393	0.00150269		131071	0.746378		117328	0.172196 
1900		0	0	8.6e-08		115212	0.10035		121287	0.271535		120504	0.291963		133209	0.0076429		         146837	0.00158773		134751	0.775931		120502	0.18137	 
1950		0	0	8.5e-08		117605	0.108695		123337	0.289365		123343	0.335606		136088	0.00806556		     150697	0.00163842		137465	0.827275		123029	0.190644 
2000		0	0	7.6e-08		118867	0.14714		126586	0.299377		125962	0.324284		139770	0.00946766		         153396	0.00162373		141081	0.865485		125592	0.200781 
2050		0	0	8.7e-08		123163	0.134896		130339	0.340915		130192	0.38406		143399	0.0102788		         158776	0.00169353		144630	0.921538		129793	0.210955 
2100		0	0	8e-08		126569	0.132139		133653	0.338897		132749	0.360774		147311	0.0101673		     161838	0.00181673		148843	0.965193		132906	0.221102 
2150		0	0	8.3e-08		128442	0.153202		135432	0.359503		135378	0.422214		150183	0.00988599		     164834	0.00177961		151337	1.00551		134862	0.232092	 
2200		0	0	7.9e-08		132564	0.125919		139359	0.365591		138301	0.405765		153965	0.0107093		     168555	0.00191621		154434	1.04821		138245	0.243011	 
2250		0	0	9.1e-08		135254	0.159111		143100	0.386865		142875	0.458458		157292	0.011465		     174347	0.00196409		159740	1.09683		142246	0.253656	 
2300		0	0	7.9e-08		138899	0.136291		145873	0.404733		145087	0.444073		160460	0.0125484		     176307	0.00194666		163127	1.15904		144889	0.2653		
2350		0	0	8e-08		142295	0.137616		148835	0.428726		148717	0.50398		164360	0.011573		         180793	0.00201479		165352	1.21012		147873	0.276864	 
2400		0	0	8e-08		145912	0.122639		151701	0.44973		151342	0.491241		167720	0.0126311		         184308	0.00203923		169465	1.26764		150317	0.288522	 
2450		0	0	9.1e-08		147833	0.159311		155694	0.470915		155629	0.552888		170342	0.0122707		     189328	0.00204556		173923	1.32885		154788	0.301776	 
2500		0	0	8.7e-08		150032	0.181688		157677	0.479992		157671	0.515012		173486	0.0126222		     192717	0.00235739		176363	1.40747		157016	0.313615	 
2550		0	0	8.5e-08		153810	0.161989		160429	0.494695		160287	0.58248		177349	0.0129511		         195797	0.00226526		179526	1.43455		159790	0.326234	 
2600		0	0	8.3e-08		155230	0.206538		164027	0.514395		163654	0.557046		181356	0.0130865		     199366	0.00227927		183126	1.52592		162632	0.338752	 
2650		0	0	7.8e-08		159596	0.192403		167815	0.534078		167966	0.628539		184443	0.0164976		     204560	0.00232864		187268	1.54934		167228	0.352046	 
2700		0	0	7.7e-08		161560	0.217862		170036	0.554745		169751	0.601046		188711	0.0179198		     208039	0.00226641		189952	1.61761		169681	0.365246	 
2750		0	0	7.4e-08		164310	0.213624		173079	0.573302		173058	0.678322		191895	0.0157062		     210570	0.00240049		194459	1.65518		171919	0.378947	 
2800		0	0	8.2e-08		168654	0.187861		176782	0.597913		175626	0.646577		194351	0.0177152		     215232	0.00300011		196904	1.78718		175406	0.393128	 
2850		0	0	8.8e-08		173796	0.171834		180300	0.616884		180346	0.724874		199458	0.0170655		     220828	0.00261643		202193	1.79246		179805	0.407014	 
2900		0	0	7.9e-08		175904	0.169943		182064	0.641126		182599	0.693397		201566	0.0159223		     222661	0.00265227		203369	1.90205		181234	0.421396	 
2950		0	0	8e-08		175258	0.267482		185889	0.664825		185781	0.779471		204620	0.0175368		     226369	0.00248846		207919	1.96944		185052	0.435995	 
3000		0	0	8e-08		181649	0.206237		189867	0.70331		189150	0.739441		209651	0.019413		         231321	0.00275404		212387	2.02689		188133	0.45119		
3050		0	0	8e-08		183743	0.23989		192566	0.698333		192892	0.821461		213371	0.0177933		         235484	0.00266805		215829	2.07254		191545	0.466079	 
3100		0	0	8.9e-08		186770	0.223907		194754	0.723137		195406	0.777857		215859	0.020343		     238203	0.00269957		218356	2.18853		194169	0.482459	 
3150		0	0	9.3e-08		188676	0.237963		198093	0.745158		198328	0.804506		218418	0.0204386		     241158	0.00273857		221749	2.28365		197410	0.497505	 
3200		0	0	8.7e-08		192112	0.265501		202273	0.768637		201764	0.828846		223457	0.0192316		     246715	0.00283742		226094	2.34739		200719	0.513153	 
3250		0	0	9.8e-08		195448	0.2736		204841	0.793303		204559	0.933506		227496	0.0229965		         250869	0.00294298		230967	2.459		204095	0.529397	 
3300		0	0	7.8e-08		197713	0.277133		207342	0.81791		208188	0.881921		229329	0.0202435		         253067	0.0028415		231454	2.51328		206386	0.545231	 
3350		0	0	8.7e-08		201248	0.251279		211430	0.842997		210229	0.908553		232666	0.0210004		     256423	0.00290832		234990	2.60001		209830	0.561609	 
3400		0	0	7.1e-08		206491	0.239642		214861	0.868574		213897	0.935876		237536	0.0215708		     261771	0.00291618		240667	2.66418		213121	0.580197	 
3450		0	0	7.7e-08		207888	0.290632		217636	0.893365		217739	1.05182		241967	0.0258706		         265344	0.00296963		244729	2.72788		216575	0.595892	 
3500		0	0	7.8e-08		210909	0.262351		219970	0.920418		220494	0.992885		244305	0.0230485		     269193	0.00306096		246458	2.81539		218997	0.613364	 
3550		0	0	8e-08		212707	0.297452		222993	0.949598		223206	1.02083		247927	0.023708		         272377	0.00311959		249126	2.94215		222502	0.63146		
3600		0	0	7.8e-08		216438	0.309238		226845	0.973369		225901	1.04953		251454	0.0274885		         276936	0.00313584		253181	3.03274		225413	0.652368	 
3650		0	0	7.9e-08		221551	0.27612		230228	1.00088		230035	1.17655		255945	0.0295334		                 281589	0.00318346		259264	3.04457		229037	0.667277	 
3700		0	0	8.5e-08		224526	0.264185		232240	1.02842		233485	1.10985		257259	0.0263819		             284338	0.00320391		260598	3.18434		230925	0.685785	 
3750		0	0	9.9e-08		223953	0.341237		235182	1.05588		235250	1.138		259853	0.0254916		             286988	0.00391544		262570	3.30304		233876	0.705121	 
3800		0	0	8.8e-08		228664	0.316917		238901	1.08445		237592	1.17059		263704	0.0261541		             291734	0.00360856		267242	3.42838		237232	0.724425	 
3850		0	0	7.9e-08		232684	0.335891		242910	1.11338		243622	1.19966		268998	0.0284293		             296918	0.00326539		272163	3.52791		241821	0.74364		
3900		0	0	8.5e-08		234892	0.324219		244086	1.14181		244177	1.3451		272068	0.0299812		             299422	0.00399259		275125	3.62349		242933	0.763552	 
3950		0	0	9.3e-08		236932	0.331075		247451	1.17132		247449	1.26451		273647	0.0313086		             302519	0.0047673		276164	3.65324		246271	0.781056	 
4000		0	0	7.8e-08		241320	0.336311		250966	1.20218		250092	1.29731		277917	0.0335703		             306199	0.00444533		280913	3.79094		249854	0.799714	 
4050		0	0	8e-08		244372	0.363349		254901	1.23437		255960	1.32958		282379	0.0372835		             312290	0.00362907		285824	3.82926		253709	0.821445	 
4100		0	0	8.9e-08		246669	0.366893		256320	1.26507		256284	1.4845		283353	0.0319258		             315266	0.00365416		287728	4.01526		254695	0.842035	 
4150		0	0	9.4e-08		248268	0.399947		259819	1.29586		259834	1.39673		287302	0.032168		             317903	0.00424043		290277	4.07375		258620	0.862851	 
4200		0	0	8.8e-08		252209	0.382163		263644	1.32714		263018	1.43065		292512	0.0326577		             323390	0.00362142		294851	4.21987		262165	0.883398	 
4250		0	0	9.9e-08		256754	0.375233		266796	1.36073		267957	1.4652		295680	0.03542		                 327227	0.00414857		300612	4.26681		265310	0.90471		
4300		0	0	7.7e-08		261513	0.328041		268383	1.39552		268557	1.63226		299688	0.0365105		             330934	0.00385281		301480	4.42023		267695	0.925342	 
4350		0	0	9.6e-08		259993	0.431712		272181	1.42236		272491	1.53893		302040	0.0426495		             332723	0.00573684		304372	4.48		271021	0.948111	 
4400		0	0	1.03e-07		263788	0.443002		276112	1.45442		275536	1.57668		306828	0.0361		             337312	0.00468543		309430	4.65759		274150	0.96845		
4450		0	0	7.8e-08		266415	0.48546		279921	1.48842		280586	1.60974		310048	0.0379857		                 342824	0.0046078		314519	4.70085		278337	0.991896	 
4500		0	0	9.7e-08		269893	0.447311		280891	1.52494		280758	1.79006		311584	0.0401181		             346804	0.00400436		316629	4.92679		279891	1.01342		
4550		0	0	1e-07		274592	0.395872		284842	1.56044		285015	1.67752		316558	0.0394878		             350321	0.00417161		318963	4.99917		283793	1.03805		
4600		0	0	8.7e-08		276160	0.470519		287872	1.59005		287316	1.7206		319749	0.0457005		             353989	0.00407167		322782	5.14418		286164	1.05927		
4650		0	0	9.2e-08		280950	0.432835		291810	1.62516		292593	1.75657		323691	0.0395968		             357617	0.00516362		327418	5.2435		290417	1.0827		
4700		0	0	1.03e-07		283530	0.443065		293066	1.66455		293177	1.9517		326267	0.0399529		         361750	0.00490247		330653	5.43941		291965	1.10712		
4750		0	0	8e-08		285123	0.458822		296987	1.69963		296971	1.83247		330637	0.0431214		             363755	0.00443186		332633	5.46697		295196	1.12892		
4800		0	0	8.7e-08		286887	0.534512		300830	1.73309		299900	1.87135		333149	0.0524182		             369105	0.00490988		338051	5.60081		299145	1.15645		
4850		0	0	8.4e-08		294433	0.434649		304359	1.77137		305554	1.90933		337929	0.0491497		             375220	0.00474032		342949	5.67083		302929	1.17758		
4900		0	0	8.6e-08		295955	0.455336		305107	1.80648		305370	2.12418		339046	0.0439859		             376887	0.00467153		343658	5.83675		303960	1.20151		
4950		0	0	8.7e-08		297664	0.479059		309278	1.84538		309130	2.16338		343469	0.0453925		             381109	0.00466062		347453	5.97294		307723	1.22753		
5000		0	0	9e-08		300418	0.517109		313334	1.88114		312278	2.03116		347502	0.044558		             383948	0.00454211		350807	6.10956		311551	1.25206		
