n50_m8_d3_4_5.dat   3867	4.2648e-05		3708	0.000589821		3445	0.000134745		
n100_m8_d3_4_5.dat     7373	8.2821e-05		6833	0.00222965		6306	0.000492765		
n150_m8_d3_4_5.dat     11181	0.000133558		10688	0.00460043		9758	0.00115924		
n200_m8_d3_4_5.dat     15502	0.000184834		14445	0.00883517		13273	0.00267395		
n250_m8_d3_4_5.dat     19025	0.000199679		17922	0.0124605		15983	0.00315593		
n300_m8_d3_4_5.dat     23102	0.000242987		21472	0.0184623		19649	0.00452811		
n350_m8_d3_4_5.dat     26833	0.000282201		24746	0.0251067		22043	0.00626995		
n400_m8_d3_4_5.dat     30131	0.000334043		28140	0.0322114		25683	0.00810504		
n450_m8_d3_4_5.dat     34648	0.000355283		32240	0.0422643		28608	0.0101355		
n500_m8_d3_4_5.dat     38297	0.000428166		35242	0.0483166		32308	0.0128983		
n550_m8_d3_4_5.dat     41850	0.000442086		39193	0.0613182		35279	0.0155165		
n600_m8_d3_4_5.dat     46082	0.000478959		42445	0.074303		38664	0.0183596		
n650_m8_d3_4_5.dat     49627	0.00051356		46037	0.0874683		41153	0.0215054		
n700_m8_d3_4_5.dat     53904	0.00055642		50342	0.0954914		45696	0.0247762		
n750_m8_d3_4_5.dat     57867	0.000642986		53763	0.115343		48001	0.028848		
n800_m8_d3_4_5.dat     61658	0.00065474		56523	0.137574		51742	0.032647		
n850_m8_d3_4_5.dat     65482	0.000728232		60972	0.150002		54055	0.036825		
n900_m8_d3_4_5.dat     69622	0.000726434		64362	0.162802		58517	0.0412586		
n950_m8_d3_4_5.dat     73266	0.000744326		67577	0.186634		60620	0.0457803		
n1000_m8_d3_4_5.dat 77290	0.00376342		70972	0.219795		64318	0.0507179		
n1050_m8_d3_4_5.dat 81376	0.000907048		75031	0.233018		66496	0.0557987		
n1100_m8_d3_4_5.dat 84865	0.000894415		78711	0.259146		71355	0.0612208		
n1150_m8_d3_4_5.dat 89013	0.000961198		81908	0.27833		72824	0.0669689		
n1200_m8_d3_4_5.dat 92281	0.000973347		84809	0.304381		76685	0.0727074		
n1250_m8_d3_4_5.dat 96229	0.00101925		88997	0.330691		78883	0.0788414		
n1300_m8_d3_4_5.dat 100745	0.00104684		92500	0.360144		82845	0.0852119		
n1350_m8_d3_4_5.dat 103929	0.00107009		95571	0.387282		85182	0.091729		
n1400_m8_d3_4_5.dat 107682	0.00112384		99033	0.422546		89047	0.0986058		
n1450_m8_d3_4_5.dat 112491	0.00116632		103746	0.446745		91800	0.105711		
n1500_m8_d3_4_5.dat 116432	0.00124469		106401	0.480522		95439	0.112895		
n1550_m8_d3_4_5.dat 120049	0.00128059		109695	0.521372		98400	0.120025		
n1600_m8_d3_4_5.dat 123219	0.00128759		112865	0.5476		101304	0.128204		
n1650_m8_d3_4_5.dat 127954	0.00134011		116948	0.579108		104599	0.137298		
n1700_m8_d3_4_5.dat 131037	0.00140054		120579	0.629799		107923	0.145427		
n1750_m8_d3_4_5.dat 134879	0.00143535		124065	0.660634		110730	0.153775		
n1800_m8_d3_4_5.dat 138708	0.00149508		127012	0.685662		113372	0.162682		
n1850_m8_d3_4_5.dat 143393	0.00150269		131071	0.746378		117328	0.172196		
n1900_m8_d3_4_5.dat 146837	0.00158773		134751	0.775931		120502	0.18137		
n1950_m8_d3_4_5.dat 150697	0.00163842		137465	0.827275		123029	0.190644		
n2000_m8_d3_4_5.dat 153396	0.00162373		141081	0.865485		125592	0.200781		
n2050_m8_d3_4_5.dat 158776	0.00169353		144630	0.921538		129793	0.210955		
n2100_m8_d3_4_5.dat 161838	0.00181673		148843	0.965193		132906	0.221102		
n2150_m8_d3_4_5.dat 164834	0.00177961		151337	1.00551		134862	0.232092		
n2200_m8_d3_4_5.dat 168555	0.00191621		154434	1.04821		138245	0.243011		
n2250_m8_d3_4_5.dat 174347	0.00196409		159740	1.09683		142246	0.253656		
n2300_m8_d3_4_5.dat 176307	0.00194666		163127	1.15904		144889	0.2653		
n2350_m8_d3_4_5.dat 180793	0.00201479		165352	1.21012		147873	0.276864		
n2400_m8_d3_4_5.dat 184308	0.00203923		169465	1.26764		150317	0.288522		
n2450_m8_d3_4_5.dat 189328	0.00204556		173923	1.32885		154788	0.301776		
n2500_m8_d3_4_5.dat 192717	0.00235739		176363	1.40747		157016	0.313615		
n2550_m8_d3_4_5.dat 195797	0.00226526		179526	1.43455		159790	0.326234		
n2600_m8_d3_4_5.dat 199366	0.00227927		183126	1.52592		162632	0.338752		
n2650_m8_d3_4_5.dat 204560	0.00232864		187268	1.54934		167228	0.352046		
n2700_m8_d3_4_5.dat 208039	0.00226641		189952	1.61761		169681	0.365246		
n2750_m8_d3_4_5.dat 210570	0.00240049		194459	1.65518		171919	0.378947		
n2800_m8_d3_4_5.dat 215232	0.00300011		196904	1.78718		175406	0.393128		
n2850_m8_d3_4_5.dat 220828	0.00261643		202193	1.79246		179805	0.407014		
n2900_m8_d3_4_5.dat 222661	0.00265227		203369	1.90205		181234	0.421396		
n2950_m8_d3_4_5.dat 226369	0.00248846		207919	1.96944		185052	0.435995		
n3000_m8_d3_4_5.dat 231321	0.00275404		212387	2.02689		188133	0.45119		
n3050_m8_d3_4_5.dat 235484	0.00266805		215829	2.07254		191545	0.466079		
n3100_m8_d3_4_5.dat 238203	0.00269957		218356	2.18853		194169	0.482459		
n3150_m8_d3_4_5.dat 241158	0.00273857		221749	2.28365		197410	0.497505		
n3200_m8_d3_4_5.dat 246715	0.00283742		226094	2.34739		200719	0.513153		
n3250_m8_d3_4_5.dat 250869	0.00294298		230967	2.459		204095	0.529397		
n3300_m8_d3_4_5.dat 253067	0.0028415		231454	2.51328		206386	0.545231		
n3350_m8_d3_4_5.dat 256423	0.00290832		234990	2.60001		209830	0.561609		
n3400_m8_d3_4_5.dat 261771	0.00291618		240667	2.66418		213121	0.580197		
n3450_m8_d3_4_5.dat 265344	0.00296963		244729	2.72788		216575	0.595892		
n3500_m8_d3_4_5.dat 269193	0.00306096		246458	2.81539		218997	0.613364		
n3550_m8_d3_4_5.dat 272377	0.00311959		249126	2.94215		222502	0.63146		
n3600_m8_d3_4_5.dat 276936	0.00313584		253181	3.03274		225413	0.652368		
n3650_m8_d3_4_5.dat 281589	0.00318346		259264	3.04457		229037	0.667277		
n3700_m8_d3_4_5.dat 284338	0.00320391		260598	3.18434		230925	0.685785		
n3750_m8_d3_4_5.dat 286988	0.00391544		262570	3.30304		233876	0.705121		
n3800_m8_d3_4_5.dat 291734	0.00360856		267242	3.42838		237232	0.724425		
n3850_m8_d3_4_5.dat 296918	0.00326539		272163	3.52791		241821	0.74364		
n3900_m8_d3_4_5.dat 299422	0.00399259		275125	3.62349		242933	0.763552		
n3950_m8_d3_4_5.dat 302519	0.0047673		276164	3.65324		246271	0.781056		
n4000_m8_d3_4_5.dat 306199	0.00444533		280913	3.79094		249854	0.799714		
n4050_m8_d3_4_5.dat 312290	0.00362907		285824	3.82926		253709	0.821445		
n4100_m8_d3_4_5.dat 315266	0.00365416		287728	4.01526		254695	0.842035		
n4150_m8_d3_4_5.dat 317903	0.00424043		290277	4.07375		258620	0.862851		
n4200_m8_d3_4_5.dat 323390	0.00362142		294851	4.21987		262165	0.883398		
n4250_m8_d3_4_5.dat 327227	0.00414857		300612	4.26681		265310	0.90471		
n4300_m8_d3_4_5.dat 330934	0.00385281		301480	4.42023		267695	0.925342		
n4350_m8_d3_4_5.dat 332723	0.00573684		304372	4.48		271021	0.948111		
n4400_m8_d3_4_5.dat 337312	0.00468543		309430	4.65759		274150	0.96845		
n4450_m8_d3_4_5.dat 342824	0.0046078		314519	4.70085		278337	0.991896		
n4500_m8_d3_4_5.dat 346804	0.00400436		316629	4.92679		279891	1.01342		
n4550_m8_d3_4_5.dat 350321	0.00417161		318963	4.99917		283793	1.03805		
n4600_m8_d3_4_5.dat 353989	0.00407167		322782	5.14418		286164	1.05927		
n4650_m8_d3_4_5.dat 357617	0.00516362		327418	5.2435		290417	1.0827		
n4700_m8_d3_4_5.dat 361750	0.00490247		330653	5.43941		291965	1.10712		
n4750_m8_d3_4_5.dat 363755	0.00443186		332633	5.46697		295196	1.12892		
n4800_m8_d3_4_5.dat 369105	0.00490988		338051	5.60081		299145	1.15645		
n4850_m8_d3_4_5.dat 375220	0.00474032		342949	5.67083		302929	1.17758		
n4900_m8_d3_4_5.dat 376887	0.00467153		343658	5.83675		303960	1.20151		
n4950_m8_d3_4_5.dat 381109	0.00466062		347453	5.97294		307723	1.22753		
n5000_m8_d3_4_5.dat 383948	0.00454211		350807	6.10956		311551	1.25206		
