#name \tilde{n}  cyclet_dca2 splits cyclet_dca1
order_n10.txt 10 6.8571000000e+02 16   68921	1	305		
order_n11.txt 11 8.7239000000e+02 16   88374	0	504		
order_n12.txt  0 0                0    116524	0	539		
order_n13.txt 13 9.0611000000e+02 16   89880	0	390		
order_n14.txt 14 1.5868600000e+03 18   160614	1	617		
order_n15.txt 15 1.6081100000e+03 19   161396	1	1092	
order_n16.txt 16 2.7917100000e+03 19   290815	0	1206	
order_n17.txt 17 2.0338600000e+03 21   200245	0	1155	
order_n18.txt 18 2.3581900000e+03 21   237082	1	440		
order_n19.txt 0  0                0    242215	0	1104	
order_n20.txt 20 2.8451100000e+03 23   284831	1	1229	
order_n21.txt 0  0                0    352325	0	2154	
order_n22.txt 22 3.1846500000e+03 25   336651	1	2263	
order_n23.txt 23 3.7967100000e+03 25   377717	1	2200	
order_n24.txt 24 4.4427500000e+03 26   437831	1	2442	
order_n25.txt 25 4.8687700000e+03 26   480567	1	2879	
order_n26.txt 26 4.4233100000e+03 28   429731	0	2540	
order_n27.txt 27 5.1164200000e+03 28   554636	1	2604	
order_n28.txt 28 5.6912900000e+03 28   593510	1	2566	
order_n29.txt 29 6.7613500000e+03 30   688976	1	2573	
order_n30.txt 30 4.2803500000e+03 30   479163	0	2125	
order_n31.txt 31 6.2202600000e+03 31   652389	0	3222	
order_n32.txt 32 7.9800500000e+03 32   792837	1	5053	
order_n33.txt 33 5.9971100000e+03 33   587939	1	3334	
order_n34.txt 34 7.7527400000e+03 34   837770	1	4874	
order_n35.txt 35 8.6119600000e+03 35   917551	1	4259	
order_n36.txt 36 8.3954900000e+03 36   861055	1	4953	
order_n37.txt 37 8.9780400000e+03 37   910202	1	3669	
order_n38.txt 38 1.0963370000e+04 38   1081507	1	6491	
order_n39.txt 39 8.7228700000e+03 39   898696	1	4954	
order_n40.txt 40 9.9988300000e+03 40   1046003	1	6971	 
